T P M C
61 37 4 12

base obj
11.970771929220206

exp obj
10.649647574366135

Objective struct
11.970771929220206 0.0 6.686274509803921

num campaigns
387

x
0 0 0 0 1 0 0 0 1 0 0 0 1 0 0 1 0 1 0 1 0 1 0 1 0 1 0 1 0 1 0 0 0 1 0 1 0 0 0 0 0 0 0 0 0 0 0 0 0 0 0 0 0 0 0 0 0 0 0 0 0
0 0 0 0 0 0 0 0 0 0 0 0 0 0 0 0 0 0 0 0 0 0 0 0 0 0 0 0 0 0 0 0 0 1 0 0 0 0 0 0 0 0 0 0 0 0 0 0 0 0 0 1 0 0 0 0 0 0 0 0 0
0 0 0 0 0 0 0 0 1 0 0 0 0 1 0 0 0 0 1 0 0 0 1 0 0 0 0 0 1 0 0 0 0 1 0 0 0 1 0 0 0 1 0 0 0 1 0 0 0 0 1 0 0 0 0 0 0 0 0 0 0
0 0 0 0 0 0 0 0 1 0 0 1 0 0 1 0 0 0 0 1 0 0 1 0 0 1 0 0 1 0 0 0 1 0 0 0 0 0 0 0 0 1 0 0 1 0 0 0 1 0 0 0 0 0 0 0 0 0 0 0 0
0 0 0 0 0 0 1 0 0 1 0 0 1 0 0 1 0 0 1 0 0 0 1 0 0 1 0 0 1 0 0 1 0 0 1 0 0 1 0 0 1 0 0 1 0 0 1 0 0 1 0 0 1 0 0 1 0 0 0 0 0
0 0 0 0 0 0 0 0 0 0 0 0 0 0 0 0 0 0 0 0 0 0 0 0 0 0 0 0 0 0 0 0 0 0 0 0 0 0 0 1 0 0 0 0 0 0 0 1 0 0 0 0 0 0 0 0 0 0 0 0 0
0 0 0 0 0 0 1 0 1 0 1 0 1 0 1 0 1 0 1 0 0 0 1 0 1 0 1 0 0 0 1 0 0 0 0 0 0 0 0 0 0 0 0 0 0 0 1 0 0 0 0 0 0 0 0 0 0 0 0 0 0
0 0 0 0 1 0 0 0 0 0 0 0 0 0 0 0 0 0 0 0 1 0 0 0 0 0 0 0 0 0 0 0 0 0 0 0 1 0 0 0 0 0 0 0 0 0 0 0 0 0 0 0 1 0 0 0 0 0 0 0 0
0 0 0 0 0 0 0 0 0 0 0 0 0 0 0 0 0 0 0 0 0 0 0 0 0 0 0 0 0 0 0 0 0 0 0 0 0 1 0 0 0 0 0 0 0 0 0 0 0 0 0 0 0 0 0 1 0 0 0 0 0
0 0 0 0 0 0 0 0 0 0 0 0 0 0 0 0 1 0 0 0 0 0 0 0 0 0 0 0 0 0 0 0 1 0 0 0 0 0 0 0 0 0 0 0 1 0 1 0 0 0 0 0 0 0 0 0 0 0 0 0 0
0 0 0 0 0 0 1 0 0 0 0 0 0 0 0 0 1 0 0 0 0 0 0 0 0 0 1 0 0 0 0 0 0 0 0 0 0 0 0 1 0 0 0 0 0 0 0 0 0 1 0 0 0 0 0 0 0 0 0 0 0
0 0 0 0 0 0 1 0 0 0 0 0 0 0 0 0 0 0 0 0 0 0 0 0 0 0 0 0 0 1 0 0 0 0 0 0 0 0 0 0 0 0 0 0 0 0 0 1 0 0 0 0 0 0 0 0 0 0 0 0 0
0 0 0 0 0 0 0 0 0 0 0 0 0 0 0 0 0 0 0 0 0 0 0 0 0 0 0 0 0 0 0 0 0 0 0 0 0 0 0 0 0 0 0 1 0 0 0 0 0 0 0 0 0 1 0 0 0 0 0 0 0
0 0 0 0 1 0 0 0 0 1 0 0 0 0 1 0 0 0 0 0 0 1 0 0 0 0 0 0 0 0 1 0 0 0 0 0 0 0 0 0 0 0 0 1 0 0 0 0 0 0 0 0 0 0 0 0 0 0 0 0 0
0 0 0 0 0 0 0 0 0 0 0 0 0 0 0 0 0 0 0 0 0 0 0 0 0 0 0 0 0 0 0 1 0 0 0 0 0 0 0 0 0 0 0 0 0 1 0 0 0 0 0 0 0 0 0 0 0 0 0 0 0
0 0 0 0 1 0 0 0 0 0 0 0 0 0 0 0 0 0 0 0 0 0 0 0 0 0 0 0 0 0 0 0 0 0 0 0 0 0 0 0 0 0 0 0 0 0 0 0 0 0 0 0 0 0 0 0 0 0 0 0 0
0 0 0 0 0 0 0 0 0 0 0 0 0 1 0 0 0 0 0 0 0 0 0 1 0 0 0 0 0 0 0 0 0 0 0 0 0 0 0 0 0 1 0 0 0 0 0 0 0 0 0 0 0 0 0 1 0 0 0 0 0
0 0 0 0 0 0 1 0 0 0 0 0 0 0 0 0 0 0 0 0 0 0 0 0 0 0 0 0 1 0 0 0 0 0 0 0 0 0 0 0 0 0 0 0 0 0 0 0 0 0 1 0 0 0 0 0 0 0 0 0 0
0 0 0 0 0 0 0 0 1 0 1 0 1 0 1 0 1 0 1 0 0 0 1 0 1 0 1 0 0 0 1 0 1 0 1 0 1 0 0 1 0 1 0 1 0 1 0 1 0 1 0 1 0 1 0 1 0 0 0 0 0
0 0 0 0 0 0 1 0 0 0 0 0 0 0 0 0 0 0 0 0 0 0 0 0 0 0 0 0 0 0 0 0 0 0 0 0 0 0 0 0 0 0 0 0 0 0 0 0 0 0 0 0 0 0 0 1 0 0 0 0 0
0 0 0 0 0 0 0 0 1 0 0 0 0 1 0 0 1 0 0 0 0 1 0 0 0 1 0 0 0 0 1 0 0 0 0 0 0 1 0 0 1 0 0 0 1 0 0 1 0 0 1 0 0 0 1 0 0 0 0 0 0
0 0 0 0 0 0 0 0 0 0 0 0 0 0 0 0 0 0 0 0 0 0 0 0 0 0 0 0 0 0 0 0 0 0 0 0 0 0 0 0 0 0 0 0 0 0 0 0 0 0 0 0 0 0 0 0 0 0 0 0 0
0 0 0 0 0 0 0 0 0 0 1 0 0 0 0 0 0 0 0 0 0 0 0 0 1 0 0 0 0 0 0 0 0 0 0 0 0 0 1 0 0 0 0 0 0 0 0 0 0 0 0 0 0 1 0 0 0 0 0 0 0
0 0 0 0 0 0 0 0 0 0 0 1 0 0 0 0 0 0 0 1 0 0 0 0 0 0 0 1 0 0 0 0 0 0 0 0 1 0 0 0 0 0 1 0 0 0 0 0 0 0 0 0 0 0 0 1 0 0 0 0 0
0 0 0 0 0 0 1 0 0 0 0 0 0 0 0 0 0 1 0 0 0 0 0 0 0 0 0 0 0 0 0 0 0 0 1 0 0 0 0 0 0 0 0 0 0 0 0 0 0 1 0 0 0 0 0 0 0 0 0 0 0
0 0 0 0 0 0 0 1 0 0 0 0 0 1 0 0 0 0 0 1 0 0 0 0 0 0 1 0 0 0 0 0 1 0 0 0 0 0 0 0 1 0 0 0 0 0 1 0 0 0 0 0 1 0 0 0 0 0 0 0 0
0 0 0 0 0 1 0 0 0 0 1 0 0 0 0 1 0 0 0 0 1 0 0 0 0 0 1 0 0 0 0 1 0 0 0 0 0 0 1 0 0 0 0 1 0 0 0 0 1 0 0 0 0 1 0 0 0 0 0 0 0
0 0 0 0 0 0 1 0 0 0 0 0 0 0 0 0 0 0 0 0 0 0 0 0 0 0 0 0 0 0 0 0 0 0 0 0 0 0 0 0 0 0 0 0 0 0 0 0 0 0 0 0 0 0 0 1 0 0 0 0 0
0 0 0 0 0 0 0 0 0 0 0 0 0 0 0 0 0 0 0 0 0 0 0 0 0 0 0 0 0 0 0 0 0 0 0 0 0 0 0 0 0 0 0 0 0 0 0 0 0 0 0 0 0 0 0 0 0 0 0 0 0
0 0 0 0 0 0 0 1 1 1 1 1 1 1 1 1 1 1 0 1 1 1 1 1 1 1 1 1 1 1 1 1 1 1 1 1 1 1 1 1 1 1 1 1 1 1 1 1 1 1 1 1 1 1 1 1 0 0 0 0 0
0 0 0 0 0 0 0 1 1 1 1 1 1 1 1 1 1 0 0 1 0 1 1 1 0 1 1 1 1 1 1 1 1 0 1 1 1 1 1 1 1 0 1 1 1 1 1 1 1 1 1 1 1 1 1 1 0 0 0 0 0
0 0 0 0 0 0 0 1 1 1 1 1 1 1 1 1 1 0 1 0 0 1 1 1 0 1 1 1 1 1 1 1 1 0 0 1 1 1 1 1 1 1 1 1 1 1 1 1 1 1 1 1 1 1 1 1 0 0 0 0 0
0 0 0 0 0 0 0 0 0 0 0 0 1 0 1 1 1 0 1 0 0 0 1 0 0 0 1 0 0 1 0 0 1 0 0 1 1 1 0 0 0 0 0 0 1 0 0 1 1 1 0 1 0 0 1 1 0 0 0 0 0
0 0 0 0 0 0 0 1 1 1 1 1 1 1 1 1 1 1 1 0 0 1 1 0 0 1 1 1 1 1 0 0 1 0 0 1 1 1 1 1 1 0 1 1 1 1 1 1 1 1 1 1 0 0 1 1 0 0 0 0 0
0 0 0 0 0 0 0 1 1 0 0 0 1 0 0 0 0 0 0 1 0 0 1 0 0 1 1 0 1 1 1 0 0 0 0 0 1 1 0 1 0 0 0 0 1 0 1 1 1 0 1 1 0 0 0 0 0 0 0 0 0
0 0 0 0 0 0 0 0 0 0 0 0 0 0 0 0 0 0 0 0 0 0 0 0 0 0 0 0 0 0 0 0 0 0 0 0 0 0 0 0 0 0 0 0 0 0 1 0 1 0 0 0 0 0 0 0 0 0 0 0 0
0 0 0 0 0 0 0 0 0 0 0 0 0 0 0 0 0 0 0 0 0 0 0 0 0 0 0 0 0 0 0 0 0 0 0 0 0 0 0 0 1 0 0 0 0 0 0 0 0 0 0 1 0 0 0 0 0 0 0 0 0

y
0.0 13.363636363636363 0.0 0.0 0.0 3.3636363636363633 0.0 0.0 0.0 0.1785714285714286 0.0 1.0 5.363636363636363 0.0 5.5 0.0 0.0 0.0 0.0 0.0 0.0 0.0 0.0 0.33333333333333304 0.8000000000000007 0.0 0.0 0.0 0.0 0.0 0.0 0.0 0.5048543689320388 0.0 0.0 1.0 0.8000000000000007

k
0 10 3 0 0 10 0 0 0 25 0 1 10 5 5 0 2 0 3 0 0 6 0 4 2 0 0 0 21 4 9 9 85 14 33 50 4

f
8.75 26.25 19.25 1.75 0.0 0.0 0.0 0.0 0.0 0.0 0.0 0.0 1.75 0.0 0.0 0.0 12.25 1.75 0.0 0.0 0.0 8.75 1.75 0.0 0.0 0.0 0.0 0.0 0.0 0.0 0.0 0.0 0.0 8.75 0.0 0.0 0.0 0.0 0.0 0.0 0.0 0.0 0.0 0.0 0.0 0.0 0.0 0.0 0.0 0.0 0.0 1.75 0.0 0.0 0.0 0.0 0.0 0.0 0.0 0.0 0.0
0.0 0.0 0.0 0.0 0.0 0.0 0.0 0.0 0.0 0.0 0.0 0.0 0.0 0.0 0.0 0.0 0.0 0.0 0.0 0.0 0.0 0.0 0.0 0.0 0.0 0.0 0.0 0.0 0.0 0.0 0.0 0.0 0.0 0.0 0.0 0.0 0.0 0.0 0.0 0.0 0.0 0.0 0.0 0.0 0.0 0.0 0.0 0.0 0.0 0.0 0.0 0.0 0.0 0.0 0.0 0.0 0.0 0.0 0.0 0.0 0.0
0.0 0.0 0.0 0.0 0.0 0.0 0.0 0.0 0.0 0.0 0.0 0.0 0.0 0.0 0.0 0.0 0.0 0.0 0.0 0.0 0.0 0.0 0.0 0.0 0.0 0.0 0.0 0.0 0.0 0.0 0.0 0.0 0.0 0.0 0.0 0.0 0.0 0.0 0.0 0.0 0.0 0.0 0.0 0.0 0.0 0.0 0.0 0.0 0.0 0.0 0.0 0.0 0.0 0.0 0.0 0.0 0.0 0.0 0.0 0.0 0.0
0.0 6.25 0.0 2.75 0.0 2.25 0.0 5.75 0.0 1.75 0.25 0.0 0.0 11.75 7.25 2.75 2.75 0.0 3.75 0.0 3.75 0.0 0.0 1.25 3.75 0.0 0.0 3.25 0.0 0.0 13.25 0.0 0.0 0.0 0.0 1.75 2.75 8.75 0.0 2.75 0.0 1.25 1.25 0.0 0.0 0.0 1.25 0.25 0.0 4.25 0.0 2.25 0.0 0.0 0.0 0.0 0.0 0.0 0.0 0.0 0.0

L
2 18 4 3 3 8 2 16 18 2 10 18 10 5 14 0 10 22 2 49 3 0 14 6 11 6 5 49 0 1 1 1 1 1 1 2 11

g
0 0 0 0 0 0 0 0 0 0 0 0 0 0 0 0 0 0 0 0 0 0 0 0 0 0 0 0 0 0 0 0 0 0 0 0 0 0 0 0 0 0 0 0 0 0 0 0 0 0 0 0 0 0 0 0 0 0 0 0 0
0 0 0 0 0 0 0 0 0 0 0 0 0 0 0 0 0 0 0 0 0 0 0 0 0 0 0 0 0 0 0 0 0 0 0 0 0 0 0 0 0 0 0 0 0 0 0 0 0 0 0 0 0 0 0 0 0 0 0 0 0
0 0 0 0 0 0 0 0 0 0 0 0 0 0 0 0 0 0 0 0 0 0 0 0 0 0 0 0 0 0 0 0 0 0 0 0 0 0 0 0 0 0 0 0 0 0 0 0 0 0 0 0 0 0 0 0 0 0 0 0 0
0 0 0 0 0 0 0 0 0 0 0 0 0 0 0 0 0 0 0 0 0 0 0 0 0 0 0 0 0 0 0 0 0 0 0 0 0 0 0 0 0 0 0 0 0 0 0 0 0 0 0 0 0 0 0 0 0 0 0 0 0
0 0 0 0 0 0 0 0 0 0 0 0 0 0 0 0 0 0 0 0 0 0 0 0 0 0 0 0 0 0 0 0 0 0 0 0 0 0 0 0 0 0 0 0 0 0 0 0 0 0 0 0 0 0 0 0 0 0 0 0 0
0 0 0 0 0 0 0 0 0 0 0 0 0 0 0 0 0 0 0 0 0 0 0 0 0 0 0 0 0 0 0 0 0 0 0 0 0 0 0 0 0 0 0 0 0 0 0 0 0 0 0 0 0 0 0 0 0 0 0 0 0
0 0 0 0 0 0 0 0 0 0 0 0 0 0 0 0 0 0 0 0 0 0 0 0 0 0 0 0 0 0 0 0 0 0 0 0 0 0 0 0 0 0 0 0 0 0 0 0 0 0 0 0 0 0 0 0 0 0 0 0 0
0 0 0 0 0 0 0 0 0 0 0 0 0 0 0 0 0 0 0 0 0 0 0 0 0 0 0 0 0 0 0 0 0 0 0 0 0 0 0 0 0 0 0 0 0 0 0 0 0 0 0 0 0 0 0 0 0 0 0 0 0
0 0 0 0 0 0 0 0 0 0 0 0 0 0 0 0 0 0 0 0 0 0 0 0 0 0 0 0 0 0 0 0 0 0 0 0 0 0 0 0 0 0 0 0 0 0 0 0 0 0 0 0 0 0 0 0 0 0 0 0 0
0 0 0 0 0 0 0 0 0 0 0 0 0 0 0 0 0 0 0 0 0 0 0 0 0 0 0 0 0 0 0 0 0 0 0 0 0 0 0 0 0 0 0 0 0 0 0 0 0 0 0 0 0 0 0 0 0 0 0 0 0
0 0 0 0 0 0 0 0 0 0 0 0 0 0 0 0 0 0 0 0 0 0 0 0 0 0 0 0 0 0 0 0 0 0 0 0 0 0 0 0 0 0 0 0 0 0 0 0 0 0 0 0 0 0 0 0 0 0 0 0 0
0 0 0 0 0 0 0 0 0 0 0 0 0 0 0 0 0 0 0 0 0 0 0 0 0 0 0 0 0 0 0 0 0 0 0 0 0 0 0 0 0 0 0 0 0 0 0 0 0 0 0 0 0 0 0 0 0 0 0 0 0
0 0 0 0 0 0 0 0 0 0 0 0 0 0 0 0 0 0 0 0 0 0 0 0 0 0 0 0 0 0 0 0 0 0 0 0 0 0 0 0 0 0 0 0 0 0 0 0 0 0 0 0 0 0 0 0 0 0 0 0 0
0 0 0 0 0 0 0 0 0 0 0 0 0 0 0 0 0 0 0 0 0 0 0 0 0 0 0 0 0 0 0 0 0 0 0 0 0 0 0 0 0 0 0 0 0 0 0 0 0 0 0 0 0 0 0 0 0 0 0 0 0
0 0 0 0 0 0 0 0 0 0 0 0 0 0 0 0 0 0 0 0 0 0 0 0 0 0 0 0 0 0 0 0 0 0 0 0 0 0 0 0 0 0 0 0 0 0 0 0 0 0 0 0 0 0 0 0 0 0 0 0 0
0 0 0 0 0 0 0 0 0 0 0 0 0 0 0 0 0 0 0 0 0 0 0 0 0 0 0 0 0 0 0 0 0 0 0 0 0 0 0 0 0 0 0 0 0 0 0 0 0 0 0 0 0 0 0 0 0 0 0 0 0
0 0 0 0 0 0 0 0 0 0 0 0 0 0 0 0 0 0 0 0 0 0 0 0 0 0 0 0 0 0 0 0 0 0 0 0 0 0 0 0 0 0 0 0 0 0 0 0 0 0 0 0 0 0 0 0 0 0 0 0 0
0 0 0 0 0 0 0 0 0 0 0 0 0 0 0 0 0 0 0 0 0 0 0 0 0 0 0 0 0 0 0 0 0 0 0 0 0 0 0 0 0 0 0 0 0 0 0 0 0 0 0 0 0 0 0 0 0 0 0 0 0
0 0 0 0 0 0 0 0 0 0 0 0 0 0 0 0 0 0 0 0 0 0 0 0 0 0 0 0 0 0 0 0 0 0 0 0 0 0 0 0 0 0 0 0 0 0 0 0 0 0 0 0 0 0 0 0 0 0 0 0 0
0 0 0 0 0 0 0 0 0 0 0 0 0 0 0 0 0 0 0 0 0 0 0 0 0 0 0 0 0 0 0 0 0 0 0 0 0 0 0 0 0 0 0 0 0 0 0 0 0 0 0 0 0 0 0 0 0 0 0 0 0
0 0 0 0 0 0 0 0 0 0 0 0 0 0 0 0 0 0 0 0 0 0 0 0 0 0 0 0 0 0 0 0 0 0 0 0 0 0 0 0 0 0 0 0 0 0 0 0 0 0 0 0 0 0 0 0 0 0 0 0 0
0 0 0 0 0 0 0 0 0 0 0 0 0 0 0 0 0 0 0 0 0 0 0 0 0 0 0 0 0 0 0 0 0 0 0 0 0 0 0 0 0 0 0 0 0 0 0 0 0 0 0 0 0 0 0 0 0 0 0 0 0
0 0 0 0 0 0 0 0 0 0 0 0 0 0 0 0 0 0 0 0 0 0 0 0 0 0 0 0 0 0 0 0 0 0 0 0 0 0 0 0 0 0 0 0 0 0 0 0 0 0 0 0 0 0 0 0 0 0 0 0 0
0 0 0 0 0 0 0 0 0 0 0 0 0 0 0 0 0 0 0 0 0 0 0 0 0 0 0 0 0 0 0 0 0 0 0 0 0 0 0 0 0 0 0 0 0 0 0 0 0 0 0 0 0 0 0 0 0 0 0 0 0
0 0 0 0 0 0 0 0 0 0 0 0 0 0 0 0 0 0 0 0 0 0 0 0 0 0 0 0 0 0 0 0 0 0 0 0 0 0 0 0 0 0 0 0 0 0 0 0 0 0 0 0 0 0 0 0 0 0 0 0 0
0 0 0 0 0 0 0 0 0 0 0 0 0 0 0 0 0 0 0 0 0 0 0 0 0 0 0 0 0 0 0 0 0 0 0 0 0 0 0 0 0 0 0 0 0 0 0 0 0 0 0 0 0 0 0 0 0 0 0 0 0
0 0 0 0 0 0 0 0 0 0 0 0 0 0 0 0 0 0 0 0 0 0 0 0 0 0 0 0 0 0 0 0 0 0 0 0 0 0 0 0 0 0 0 0 0 0 0 0 0 0 0 0 0 0 0 0 0 0 0 0 0
0 0 0 0 0 0 0 0 0 0 0 0 0 0 0 0 0 0 0 0 0 0 0 0 0 0 0 0 0 0 0 0 0 0 0 0 0 0 0 0 0 0 0 0 0 0 0 0 0 0 0 0 0 0 0 0 0 0 0 0 0
0 0 0 0 0 0 0 0 0 0 0 0 0 0 0 0 0 0 0 0 0 0 0 0 0 0 0 0 0 0 0 0 0 0 0 0 0 0 0 0 0 0 0 0 0 0 0 0 0 0 0 0 0 0 0 0 0 0 0 0 0
0 0 0 0 0 0 0 0 0 0 0 0 0 0 0 0 0 0 0 0 0 0 0 0 0 0 0 0 0 0 0 0 0 0 0 0 0 0 0 0 0 0 0 0 0 0 0 0 0 0 0 0 0 0 0 0 0 0 0 0 0
0 0 0 0 0 0 0 0 0 0 0 0 0 0 0 0 0 0 0 0 0 0 0 0 0 0 0 0 0 0 0 0 0 0 0 0 0 0 0 0 0 0 0 0 0 0 0 0 0 0 0 0 0 0 0 0 0 0 0 0 0
0 0 0 0 0 0 0 0 0 0 0 0 0 0 0 0 0 0 0 0 0 0 0 0 0 0 0 0 0 0 0 0 0 0 0 0 0 0 0 0 0 0 0 0 0 0 0 0 0 0 0 0 0 0 0 0 0 0 0 0 0
0 0 0 0 0 0 0 0 0 0 0 0 0 0 0 0 0 0 0 0 0 0 0 0 0 0 0 0 0 0 0 0 0 0 0 0 0 0 0 0 0 0 0 0 0 0 0 0 0 0 0 0 0 0 0 0 0 0 0 0 0
0 0 0 0 0 0 0 0 0 0 0 0 0 0 0 0 0 0 0 0 0 0 0 0 0 0 0 0 0 0 0 0 0 0 0 0 0 0 0 0 0 0 0 0 0 0 0 0 0 0 0 0 0 0 0 0 0 0 0 0 0
0 0 0 0 0 0 0 0 0 0 0 0 0 0 0 0 0 0 0 0 0 0 0 0 0 0 0 0 0 0 0 0 0 0 0 0 0 0 0 0 0 0 0 0 0 0 0 0 0 0 0 0 0 0 0 0 0 0 0 0 0
0 0 0 0 0 0 0 0 0 0 0 0 0 0 0 0 0 0 0 0 0 0 0 0 0 0 0 0 0 0 0 0 0 0 0 0 0 0 0 0 0 0 0 0 0 0 0 0 0 0 0 0 0 0 0 0 0 0 0 0 0
0 0 0 0 0 0 0 0 0 0 0 0 0 0 0 0 0 0 0 0 0 0 0 0 0 0 0 0 0 0 0 0 0 0 0 0 0 0 0 0 0 0 0 0 0 0 0 0 0 0 0 0 0 0 0 0 0 0 0 0 0

I cap
1058.909090909091 1058.909090909091 939.3490909090983 895.2490909090991 1058.7600000000018 918.7800000000002 752.7400000000171 833.3800000000056 379.1999999999937 759.0599999999924 583.0200000000141 622.3800000000133 779.0999999999931 628.6000000000026 451.92000000001485 427.44909090909573 628.6490909090928 591.0490909090943 509.48909090909524 304.34909090909815 381.9490909090968 573.8490909090965 326.9890909090955 598.8490909090938 568.4890909090948 556.3490909090963 393.88909090909294 541.3490909090954 335.94909090909727 633.1090909090966 559.349090909098 632.5090909091009 328.2890909090989 361.50909090909425 69.71999999999935 300.0999999999994 486.6000000000011 591.5400000000075 583.54000000001 573.4800000000045 457.13999999999936 346.9400000000004 545.9600000000023 614.0000000000025 550.8000000000035 590.1200000000038 573.5400000000008 583.3800000000008 509.8600000000015 848.1400000000007 678.3600000000016 604.1999999999973 637.3000000000001 681.4000000000033 940.5000000000014 1080.4000000000055 910.0090909090909 933.9090909090914 1045.709090909091 1058.909090909091 1058.909090909091
107.96969696969697 107.96969696969697 67.52969696969697 66.62969696969697 77.83999999999997 78.81999999999994 0.060000000000172804 11.620000000000118 20.80000000000001 112.94 97.9799999999997 91.61999999999975 97.89999999999974 75.39999999999962 71.07999999999957 76.42969696969703 37.22969696969693 36.829696969696954 17.389696969697084 24.52969696969697 26.929696969697137 51.029696969696886 24.889696969697013 52.02969696969694 80.38969696969694 78.52969696969669 48.98969696969672 59.52969696969693 34.92969696969663 41.7696969696971 58.52969696969694 70.3696969696968 46.58969696969683 53.36969696969675 22.279999999999863 36.90000000000009 22.399999999999977 11.459999999999894 17.459999999999887 0.5199999999998717 43.75999999999976 16.959999999999994 61.93999999999987 74.99999999999994 36.199999999999946 35.880000000000194 47.45999999999972 12.619999999999834 55.13999999999976 54.859999999999815 35.6399999999997 18.70000000000003 13.600000000000033 9.09999999999988 12.09999999999979 17.400000000000098 92.8696969696968 94.96969696969703 99.16969696969697 107.96969696969697 107.96969696969697
38.96666666666666 38.96666666666666 38.96666666666666 38.96666666666666 19.16666666666666 4.391666666666666 12.491666666666664 25.825 5.5583333333333425 17.53333333333334 2.133333333333331 22.400000000000002 10.5 14.733333333333341 2.833333333333334 17.299999999999997 10.300000000000004 17.300000000000004 10.300000000000004 31.96666666666667 31.96666666666667 24.300000000000004 17.300000000000004 17.300000000000004 24.96666666666667 17.300000000000004 10.300000000000004 4.6250000000000036 19.291666666666668 26.291666666666668 4.625000000000005 17.300000000000004 10.300000000000004 31.96666666666667 9.8 11.899999999999999 4.199999999999999 1.4333333333333353 5.633333333333331 9.133333333333331 16.133333333333333 11.23333333333334 25.233333333333405 32.200000000000045 21.73333333333335 12.633333333333333 23.83333333333335 22.433333333333408 23.133333333333404 4.8583333333333965 14.65833333333343 7.658333333333401 18.15833333333346 10.066666666666666 4.500000000000025 7.700000000000003 17.300000000000004 31.96666666666667 38.96666666666666 38.96666666666666 38.96666666666666
45.24545454545453 45.24545454545453 43.14545454545453 43.14545454545453 32.97000000000026 40.59000000000011 31.37000000000038 28.110000000001 21.71000000000042 27.860000000000564 26.3900000000005 18.540000000000227 20.5600000000003 18.28000000000027 11.840000000000412 26.695454545454947 26.505454545455056 30.925454545455075 32.37545454545492 22.5754545454552 24.80545454545509 27.375454545455266 21.025454545455116 25.715454545455543 27.89545454545507 28.24545454545493 30.04545454545497 28.84545454545508 22.495454545455146 26.025454545455162 27.32545454545505 29.68545454545522 22.87545454545502 21.755454545455187 22.620000000000438 19.27000000000016 20.440000000000182 17.09000000000021 21.340000000000405 32.78000000000002 20.12000000000032 21.770000000000724 29.52000000000027 31.480000000000558 27.53000000000092 26.41000000000105 25.030000000000637 20.77000000000053 25.520000000000344 35.020000000000564 34.760000000000176 30.930000000000405 33.62000000000009 33.720000000000205 30.63000000000032 35.59000000000027 43.28545454545453 43.56545454545453 45.24545454545453 45.24545454545453 45.24545454545453
20.999999999999993 20.999999999999993 20.159999999999993 20.159999999999993 13.610000000000003 22.889999999999997 19.639999999999894 17.929999999999882 7.759999999999882 6.960000000000006 11.000000000000048 11.279999999999994 13.11999999999999 12.329999999999922 4.419999999999961 7.920000000000043 9.820000000000023 12.659999999999995 13.63999999999999 10.209999999999969 13.10999999999994 12.969999999999951 7.889999999999975 6.67 10.919999999999996 11.199999999999964 13.599999999999977 10.599999999999959 5.519999999999959 6.789999999999958 7.649999999999947 10.400000000000002 7.490000000000018 9.840000000000042 9.820000000000054 13.299999999999976 8.999999999999952 6.59999999999998 6.119999999999976 4.430000000000001 2.360000000000003 6.579999999999991 7.60000000000001 14.420000000000016 7.910000000000048 6.630000000000013 6.249999999999988 6.090000000000007 10.579999999999991 9.48 6.650000000000011 5.310000000000098 5.110000000000037 6.569999999999949 9.670000000000032 9.900000000000011 14.719999999999978 17.759999999999998 20.999999999999993 20.999999999999993 20.999999999999993
345.75757575757575 345.75757575757575 341.76757575757574 301.76757575757574 203.68 240.6800000000003 237.57882352941198 215.54941176470604 222.7100000000012 227.44000000000096 195.15000000000057 185.41999999999985 229.68000000000137 213.47000000000153 153.2800000000004 195.53757575757191 242.31875222816382 221.01698752228168 301.5581639928702 293.08816399287014 281.6463992869876 254.98698752228148 217.4875757575765 250.30875222816368 203.71698752228244 230.336987522282 241.95757575757597 231.45757575757472 217.48757575757514 234.0075757575773 235.8775757575774 230.07757575757606 216.70875222816514 233.12816399287155 178.21882352941194 217.95941176470598 218.69000000000034 230.64000000000084 225.26999999999947 220.63000000000014 187.00000000000117 245.18000000000097 196.85999999999953 200.92999999999768 213.6300000000026 177.5100000000009 235.49000000000245 243.4600000000041 310.5000000000015 319.0000000000015 283.4900000000025 264.51000000000295 274.74000000000245 286.66000000000633 308.50000000000193 278.14117647058936 257.3281639928698 306.70757575757574 345.75757575757575 345.75757575757575 345.75757575757575
779.7575757575758 779.7575757575758 747.8375757575758 713.4375757575758 587.2500000000001 698.9600000000002 764.2900000000002 750.5500000000009 793.8899999999999 825.4400000000012 756.6900000000007 688.4299999999996 776.0699999999997 706.9500000000003 551.8200000000006 497.00757575757507 649.9375757575764 616.9275757575763 600.2075757575768 602.1675757575763 640.6975757575749 602.4975757575768 522.2075757575769 633.0675757575762 635.9875757575785 579.5475757575757 652.9075757575745 698.2575757575756 521.7175757575759 576.1375757575761 657.7675757575765 614.7775757575766 561.0375757575756 624.0775757575752 406.83000000000044 492.8600000000007 598.0399999999995 670.3600000000002 648.8199999999997 531.8199999999981 594.7199999999996 574.81 603.3600000000008 510.459999999998 519.0999999999974 570.3899999999985 545.4199999999983 426.97 469.78999999999974 573.0300000000024 530.8699999999982 535.3100000000004 603.789999999998 578.0199999999999 540.3899999999999 492.1899999999998 714.5975757575759 734.7575757575758 779.7575757575758 779.7575757575758 779.7575757575758
80.73333333333335 80.73333333333335 79.26333333333335 79.26333333333335 67.37999999999997 88.62 78.23 80.28666666666666 72.98999999999998 81.33999999999999 72.33 79.54 90.16 86.81999999999998 76.32000000000001 68.22333333333326 69.87333333333333 69.64333333333332 68.08333333333333 68.80666666666664 74.14333333333333 72.66000000000001 65.58333333333334 70.68666666666665 75.22333333333331 71.70000000000003 70.23333333333326 70.23333333333333 66.4233333333333 65.37333333333332 70.42666666666665 75.9133333333333 71.54999999999997 71.29666666666667 42.07000000000001 60.54666666666586 65.05000000000004 60.57999999999957 61.66999999999976 63.50999999999996 61.09999999999971 63.82333333333339 66.04666666666667 77.78999999999998 79.11000000000001 81.39999999999998 74.89000000000001 64.02999999999999 63.73999999999997 64.13999999999992 63.449999999999775 52.33999999999986 53.54333333333323 57.65999999999991 59.526666666666834 52.7999999999989 75.22666666666669 78.81333333333335 80.73333333333335 80.73333333333335 80.73333333333335
10.775757575757575 10.775757575757575 9.725757575757575 4.125757575757573 0.05000000000000249 1.1 0.09999999999998455 0.14999999999999503 3.7999999999999883 6.2999999999999945 7.399999999999999 5.7 2.5 2.769999999999997 0.5800000000000001 1.9857575757575767 5.975757575757574 5.9757575757575845 9.725757575757562 6.525757575757573 4.225757575757573 4.925757575757577 1.725757575757573 2.7957575757575652 0.15575757575756732 1.1857575757575773 2.375757575757565 3.175757575757581 2.7757575757575754 1.1457575757575702 1.1457575757575844 0.8457575757575846 1.0857575757575828 1.595757575757574 3.4300000000000095 5.439999999999998 1.7500000000000009 1.35000000000002 1.4500000000000033 0.850000000000005 0.9000000000000075 3.569999999999993 0.6799999999999979 1.5800000000000045 3.0700000000000003 0.9700000000000113 6.470000000000005 4.370000000000018 1.4899999999999833 4.300000000000005 1.5900000000000138 3.5000000000000044 6.64000000000005 5.940000000000005 5.349999999999981 1.2199999999999998 0.15575757575757443 4.385757575757574 10.775757575757575 10.775757575757575 10.775757575757575
2.545454545454545 2.545454545454545 1.915454545454545 1.915454545454545 1.96 0.5599999999999999 0.5500000000000002 0.12000000000000022 1.2400000000000055 1.2600000000000007 1.54 0.1399999999999999 0.5599999999999999 0.6300000000000002 0.8400000000000002 0.4454545454545452 1.0754545454545452 0.4454545454545452 0.4454545454545452 0.4454545454545452 0.4454545454545452 0.4454545454545452 0.44545454545454566 0.4454545454545452 0.4454545454545452 0.4454545454545452 0.4454545454545452 0.4454545454545452 0.4454545454545452 0.085454545454547 0.35545454545454613 0.5654545454545452 0.025454545454545174 0.3254545454545451 0.8200000000000011 0.8200000000000011 0.4300000000000018 0.030000000000000693 1.33 0.6799999999999999 0.8000000000000016 0.10000000000000053 0.8000000000000007 0.2899999999999998 0.6000000000000005 1.6900000000000015 0.10000000000000053 1.2100000000000029 0.08000000000000096 0.08000000000000007 2.9400000000000013 0.04999999999999982 0.29000000000000004 0.5800000000000001 0.400000000000006 0.2499999999999989 1.7054545454545451 1.825454545454545 2.545454545454545 2.545454545454545 2.545454545454545
8.515433299825174 8.515433299825174 8.515433299825174 8.51543329982517 6.400398505747125 7.0241529310343775 6.045961093466416 7.326043045976831 7.541261896551549 6.687891982758308 8.692189310344421 8.165893103447871 7.036038620689378 5.538292068965515 5.357435258620676 5.443162068965506 5.900589482758602 5.666820084694492 5.089338018753764 4.681262212643649 5.0461359874608025 5.758930977011483 5.6241553448275505 4.788337068965506 5.831243793103441 4.056750804597689 3.749696206896534 6.585651551724046 5.631480689654976 5.122500689655119 7.622986034482383 6.839890344827367 5.145568793103383 4.625340948275821 9.022271609195247 9.47609977011494 4.058509310344799 4.54727448275861 5.666203793103438 5.4562910344827475 5.057201551724114 4.724016551724124 4.646665344827564 5.271897068965487 4.565529482758596 4.743819999999928 3.0621044827584827 3.634378103448179 3.610581206896452 3.9348784482758017 5.8604782758620395 4.179301724137925 6.216822413793085 5.792934310344816 7.830361724137708 6.1430689927404645 7.366007840055058 7.48095036879068 8.170605713618277 8.515433299825174 8.170605713618277
700.0 700.0 700.0 697.0 690.0 686.0 677.0 686.0 679.0 682.0 683.0 681.0 685.0 684.0 677.0 685.0 684.0 685.0 681.0 676.0 685.0 682.0 684.0 684.0 685.0 684.0 679.0 685.0 680.0 687.0 688.0 687.0 681.0 683.0 681.0 683.0 683.0 685.0 682.0 688.0 686.0 684.0 684.0 684.0 678.0 684.0 684.0 687.0 681.0 683.0 681.0 681.0 686.0 681.0 684.0 676.0 688.0 691.0 697.0 700.0 698.0

H cap
-8.75 -26.25 -19.25 -1.75 26.25 15.75 47.25 36.75 26.25 15.75 68.25 19.25 -1.75 15.75 26.25 15.75 -12.25 -1.75 15.75 15.75 12.25 -8.75 -1.75 19.25 1.75 1.75 36.75 19.25 19.25 1.75 1.75 47.25 5.25 -8.75 12.25 22.75 54.25 68.25 78.75 82.25 61.25 26.25 26.25 33.25 36.75 61.25 33.25 29.75 22.75 5.25 57.75 -1.75 8.75 131.25 131.25 131.25 131.25 131.25 131.25 131.25 131.25
34.5 31.5 41.5 29.5 10.5 6.5 16.5 21.0 11.0 6.0 8.5 3.0 3.5 17.5 26.0 20.5 25.0 19.5 3.5 6.5 28.5 23.0 3.0 10.5 13.5 5.5 8.5 14.5 11.0 16.5 31.0 24.5 9.5 4.0 12.0 18.5 14.5 17.5 24.5 13.5 0.0 7.5 6.0 3.5 4.0 7.0 16.0 9.0 10.5 19.5 20.5 12.5 27.5 52.5 52.5 52.5 52.5 52.5 52.5 52.5 52.5
52.5 49.0 45.5 45.5 45.5 45.5 49.0 45.5 45.5 42.0 45.5 45.5 42.0 49.0 49.0 38.5 42.0 52.5 45.5 42.0 49.0 45.5 38.5 42.0 42.0 45.5 56.0 49.0 38.5 38.5 45.5 52.5 49.0 42.0 45.5 49.0 45.5 38.5 45.5 45.5 42.0 45.5 42.0 49.0 52.5 45.5 45.5 45.5 42.0 38.5 49.0 42.0 42.0 63.0 63.0 63.0 63.0 63.0 63.0 63.0 63.0
2.25 -6.25 0.75 -2.75 14.25 -2.25 0.25 -5.75 6.75 -1.75 -0.25 1.75 11.75 -11.75 -7.25 -2.75 -2.75 5.75 -3.75 2.25 -3.75 1.25 10.25 -1.25 -3.75 6.75 4.75 -3.25 0.25 4.75 -13.25 1.75 2.25 0.75 0.75 -1.75 -2.75 -8.75 9.25 -2.75 0.25 -1.25 -1.25 6.25 8.75 0.75 -1.25 -0.25 2.75 -4.25 8.25 -2.25 8.25 78.75 78.75 78.75 78.75 78.75 78.75 78.75 78.75

Gap
NaN

Time
NaN

