T P M C
61 37 4 12

base obj
12.002820509443229

exp obj
10.482507538945168

Objective struct
12.002820509443229 0.0 5.921568627450978

num campaigns
383

x
0 0 0 0 0 0 1 0 0 0 0 0 1 0 0 1 0 0 0 0 0 1 0 0 0 0 0 1 0 0 1 0 0 1 0 0 1 0 0 1 0 0 1 0 0 0 0 1 0 0 1 0 0 1 0 0 0 0 0 0 0
0 0 0 0 0 0 0 0 0 0 0 0 0 0 0 0 0 0 0 0 0 0 0 0 0 0 0 1 0 0 0 0 0 0 0 1 0 0 0 0 0 1 0 0 0 0 0 0 1 0 0 0 0 0 0 0 0 0 0 0 0
0 0 0 0 0 0 0 0 0 0 1 0 0 0 1 0 0 0 1 0 0 0 0 0 1 0 0 0 0 1 0 0 0 0 0 1 0 0 0 1 0 0 0 1 0 0 0 0 1 0 0 0 0 0 0 1 0 0 0 0 0
0 0 0 0 0 0 0 0 1 1 1 1 1 1 1 1 0 0 1 1 1 0 0 0 0 0 0 0 0 0 0 0 0 0 0 0 0 0 0 0 0 0 0 0 0 0 0 0 0 0 0 0 0 0 0 0 0 0 0 0 0
0 0 0 0 0 0 1 0 0 0 1 0 0 1 0 0 1 0 0 1 0 0 0 1 0 0 1 0 0 1 0 0 1 0 0 1 0 0 1 0 0 1 0 0 1 0 0 1 0 0 0 0 1 0 0 1 0 0 0 0 0
0 0 0 0 0 0 0 0 1 0 0 0 0 0 0 0 0 0 0 0 0 0 0 0 0 1 0 0 0 0 0 0 0 0 0 0 0 0 0 0 0 0 0 0 0 0 0 0 0 0 0 0 0 0 0 0 0 0 0 0 0
0 0 0 0 1 1 0 0 1 1 1 1 0 1 1 1 0 1 1 0 0 0 0 0 1 0 0 0 0 0 0 0 0 0 0 0 0 0 0 0 0 0 0 0 0 0 0 0 0 0 0 0 0 0 0 0 0 0 0 0 0
0 0 0 0 1 0 0 0 0 0 0 0 0 0 0 0 0 0 0 0 0 1 0 0 0 0 0 0 0 0 0 0 0 0 0 0 0 0 1 0 0 0 0 0 0 0 0 0 0 0 0 0 0 0 0 1 0 0 0 0 0
0 0 0 0 0 0 0 0 1 0 0 0 0 0 0 0 0 0 0 0 0 0 0 0 0 0 0 0 0 0 0 0 0 0 0 0 0 0 0 0 0 0 0 0 0 0 0 0 0 0 0 1 0 0 0 0 0 0 0 0 0
0 0 0 0 0 0 0 0 0 0 0 0 0 1 0 0 0 0 0 0 0 0 0 0 1 0 0 0 0 0 1 0 0 0 0 0 1 0 1 0 0 1 0 1 0 0 0 0 0 0 0 0 0 0 0 0 0 0 0 0 0
0 0 0 0 1 0 0 0 0 0 0 0 0 0 0 0 1 0 0 0 0 0 0 0 0 0 0 0 1 0 0 0 0 0 0 0 0 0 0 0 1 0 0 0 0 0 0 0 0 0 0 0 1 0 0 0 0 0 0 0 0
0 0 0 0 1 0 0 0 0 0 0 0 0 0 1 0 0 0 0 0 0 0 0 0 0 1 0 0 0 0 0 0 0 0 0 0 0 0 0 0 0 0 0 0 0 0 0 1 0 0 0 0 0 0 0 0 0 0 0 0 0
0 0 0 0 0 0 0 0 0 0 0 0 0 0 0 0 0 0 0 0 1 0 0 0 0 0 0 0 0 0 0 1 0 0 0 0 0 0 0 0 0 0 0 0 0 1 0 0 0 0 0 0 0 0 0 0 0 0 0 0 0
0 0 0 0 1 0 0 0 0 0 1 0 0 0 0 0 0 0 0 0 0 0 1 0 0 0 0 0 1 0 0 0 0 0 0 0 0 1 0 0 0 0 0 1 0 0 0 0 0 0 0 1 0 0 0 0 0 0 0 0 0
0 0 0 0 0 0 0 0 0 0 0 0 0 0 0 0 0 0 0 0 0 0 0 1 0 0 0 0 0 0 0 0 0 0 0 0 0 0 0 0 0 0 0 0 0 0 0 0 0 1 0 0 0 0 0 0 0 0 0 0 0
0 0 0 0 0 0 0 0 0 0 0 0 0 0 0 0 0 1 0 0 0 0 0 0 0 0 0 0 0 0 0 0 0 0 0 0 0 0 0 0 0 0 0 0 0 0 0 0 0 0 0 0 0 0 0 0 0 0 0 0 0
0 0 0 0 0 0 0 0 0 1 0 0 0 0 0 0 0 0 0 1 0 0 0 0 0 0 0 0 0 1 0 0 0 0 0 0 0 0 0 0 0 0 0 0 0 0 1 0 0 0 0 0 0 0 0 0 0 0 0 0 0
0 0 0 0 0 0 1 0 0 0 0 0 0 0 0 0 0 0 0 0 0 0 0 0 0 1 0 0 0 0 0 0 0 0 0 0 0 0 0 0 0 0 0 0 1 0 0 0 0 0 0 0 0 0 0 0 0 0 0 0 0
0 0 0 0 0 0 0 0 0 1 0 1 0 1 0 1 0 0 1 0 1 0 0 1 0 1 0 1 0 1 0 1 0 1 0 1 0 1 0 1 0 1 0 0 1 0 1 0 1 0 1 0 1 0 1 0 0 0 0 0 0
0 0 0 0 1 0 0 0 0 0 0 0 0 0 0 0 0 0 0 0 0 0 0 0 0 0 0 0 0 0 0 0 0 0 0 0 0 0 0 0 0 0 0 0 0 0 0 0 0 0 0 0 0 0 0 1 0 0 0 0 0
0 0 0 0 0 0 0 0 1 0 0 0 0 0 1 0 0 1 0 0 1 0 0 0 1 0 0 1 0 0 1 0 0 0 0 0 0 0 0 0 1 0 0 1 0 0 1 0 0 1 0 0 1 0 0 0 0 0 0 0 0
0 0 0 0 0 0 0 0 0 0 0 0 0 0 0 0 0 0 0 0 0 0 0 0 0 0 0 0 0 0 0 0 0 0 0 0 0 0 0 0 0 0 0 0 0 0 0 0 0 0 0 0 0 0 0 0 0 0 0 0 0
0 0 0 0 0 0 0 1 0 0 0 0 0 0 0 0 0 0 0 1 0 0 0 0 0 0 0 0 0 0 0 0 1 0 0 0 0 0 0 0 0 0 0 0 0 1 0 0 0 0 0 0 0 0 0 0 0 0 0 0 0
0 0 0 0 0 1 0 0 0 0 0 1 0 0 0 0 0 0 0 0 0 0 0 0 0 0 1 0 0 0 0 0 0 0 0 0 0 0 0 0 1 0 0 0 0 0 0 0 0 0 0 1 0 0 0 0 0 0 0 0 0
0 0 0 0 0 0 0 0 0 0 0 0 0 0 0 0 1 0 0 0 0 0 0 0 0 0 0 0 0 0 0 0 0 0 1 0 0 0 0 0 0 0 0 0 0 0 0 0 0 0 0 0 0 1 0 0 0 0 0 0 0
0 0 0 0 1 0 0 0 0 1 0 0 0 0 1 0 0 0 0 0 0 1 0 0 0 0 0 0 1 0 0 0 0 0 0 0 0 0 1 0 0 0 0 0 0 0 0 1 0 0 0 0 1 0 0 0 0 0 0 0 0
0 0 0 0 0 0 1 0 0 0 0 0 1 0 0 0 0 0 0 0 0 0 1 0 0 0 0 0 0 0 0 1 0 0 0 0 0 1 0 0 0 0 0 0 0 0 0 0 0 0 0 1 0 0 0 0 0 0 0 0 0
0 0 0 0 1 0 0 0 0 0 0 0 0 0 0 0 0 0 0 0 0 0 0 0 0 0 0 0 0 0 0 0 0 0 0 0 0 0 0 0 0 0 0 0 0 0 0 0 0 0 0 0 0 0 0 1 0 0 0 0 0
0 0 0 0 0 0 0 0 0 0 0 0 0 0 0 0 0 0 0 0 0 0 0 0 0 0 0 0 0 0 0 0 0 0 0 0 0 0 0 0 0 1 0 0 1 0 0 0 0 0 0 0 0 0 0 0 0 0 0 0 0
0 0 0 0 1 1 1 1 1 1 1 1 1 1 1 1 0 0 1 0 1 1 1 1 1 1 1 1 1 1 1 1 1 1 1 1 1 1 1 0 1 1 1 1 1 1 1 1 1 1 1 0 1 1 1 1 0 0 0 0 0
0 0 0 0 1 1 1 1 1 1 1 1 1 1 1 0 0 0 1 0 1 1 1 1 1 1 1 1 1 1 1 1 1 1 1 1 1 1 1 1 1 1 1 1 1 1 1 1 1 1 0 0 0 1 1 1 0 0 0 0 0
0 0 0 0 1 1 1 0 1 1 1 1 1 1 1 0 0 0 0 1 1 1 1 1 1 1 1 1 1 1 1 1 1 1 1 1 1 1 1 1 1 1 1 1 0 1 1 1 1 1 1 0 1 1 1 1 0 0 0 0 0
0 0 0 0 0 0 0 0 1 0 0 0 0 1 1 1 0 0 0 0 0 1 0 0 1 0 0 0 0 0 0 1 1 1 0 0 1 1 0 1 0 0 1 0 0 0 0 0 1 1 0 0 0 0 0 0 0 0 0 0 0
0 0 0 0 1 0 1 0 0 0 0 0 1 1 1 1 0 0 0 0 1 1 1 1 1 1 1 1 1 1 1 1 1 1 1 1 1 1 1 1 1 0 1 0 0 0 1 1 1 1 0 0 0 0 1 1 0 0 0 0 0
0 0 0 0 0 0 0 0 1 0 0 0 1 1 1 1 0 0 0 0 0 0 0 0 0 1 1 1 1 0 0 0 1 1 1 1 0 0 0 1 0 0 0 1 0 0 0 0 1 1 0 0 0 0 0 0 0 0 0 0 0
0 0 0 0 0 0 0 0 0 0 0 0 0 0 0 0 0 0 0 0 0 0 0 1 0 0 0 0 0 0 0 0 0 0 0 0 0 0 0 0 0 0 0 0 0 0 0 0 0 0 0 0 0 1 0 0 0 0 0 0 0
0 0 0 0 0 0 0 0 0 0 0 0 0 0 0 0 0 1 0 0 0 0 0 0 0 0 0 0 0 0 0 0 0 0 0 0 0 0 0 0 0 0 0 0 0 0 0 0 0 0 0 0 0 0 0 1 0 0 0 0 0

y
0.0 1.3636363636363633 0.0 0.0 0.0 12.363636363636363 0.0 0.0 0.0 0.1785714285714286 0.0 0.0 6.363636363636363 0.9000000000000004 17.5 0.0 0.0 0.0 0.0 0.0 0.0 0.0 0.0 0.33333333333333304 7.800000000000001 0.0 0.33333333333333304 0.0 0.4500000000000002 0.0 0.0 0.0 0.5048543689320388 0.0 0.0 29.0 27.8

k
0 8 3 0 1 10 0 0 0 22 0 0 9 4 5 0 2 0 3 0 0 6 0 5 3 0 4 0 19 5 7 7 89 18 35 50 4

f
0.0 19.25 5.25 19.25 5.25 12.25 0.0 0.0 0.0 1.75 0.0 5.25 0.0 0.0 0.0 0.0 0.0 5.25 0.0 0.0 0.0 1.75 0.0 0.0 0.0 0.0 0.0 0.0 0.0 0.0 0.0 0.0 0.0 0.0 0.0 15.75 0.0 0.0 0.0 0.0 0.0 0.0 0.0 0.0 0.0 0.0 0.0 0.0 0.0 0.0 0.0 0.0 0.0 0.0 0.0 0.0 0.0 0.0 0.0 0.0 0.0
0.0 0.0 0.0 0.0 0.0 0.0 0.0 0.0 0.0 2.5 4.0 0.0 0.0 0.0 0.0 0.0 0.0 0.0 0.0 0.0 0.0 0.0 0.0 0.0 0.0 0.0 0.0 0.0 0.0 0.0 0.0 0.0 0.0 0.0 0.0 0.0 0.0 0.0 0.0 0.0 0.0 0.0 0.0 0.0 0.0 0.0 0.0 0.0 0.0 0.0 0.0 0.0 0.0 0.0 0.0 0.0 0.0 0.0 0.0 0.0 0.0
0.0 0.0 0.0 0.0 0.0 0.0 0.0 0.0 0.0 0.0 0.0 0.0 0.0 0.0 0.0 0.0 0.0 0.0 0.0 0.0 0.0 0.0 0.0 0.0 0.0 0.0 0.0 0.0 0.0 0.0 0.0 0.0 0.0 0.0 0.0 0.0 0.0 0.0 0.0 0.0 0.0 0.0 0.0 0.0 0.0 0.0 0.0 0.0 0.0 0.0 0.0 0.0 0.0 0.0 0.0 0.0 0.0 0.0 0.0 0.0 0.0
0.0 15.75 0.0 0.25 0.25 1.25 1.25 1.75 1.25 0.0 0.0 1.75 2.25 23.25 1.75 3.25 9.75 0.0 1.75 2.25 0.0 0.0 0.75 0.25 1.25 0.0 2.75 0.0 0.0 0.0 1.75 1.25 0.0 0.0 0.0 0.0 0.0 3.75 0.0 0.75 1.75 1.25 0.25 0.0 0.0 0.0 0.0 7.25 0.0 6.75 0.0 2.25 0.0 0.0 0.0 0.0 0.0 0.0 0.0 0.0 0.0

L
3 6 4 1 3 17 1 17 43 2 12 10 11 6 26 0 10 19 2 51 3 0 12 6 18 5 6 51 3 1 1 1 1 1 1 30 38

g
0 0 0 0 0 0 0 0 0 0 0 0 0 0 0 0 0 0 0 0 0 0 0 0 0 0 0 0 0 0 0 0 0 0 0 0 0 0 0 0 0 0 0 0 0 0 0 0 0 0 0 0 0 0 0 0 0 0 0 0 0
0 0 0 0 0 0 0 0 0 0 0 0 0 0 0 0 0 0 0 0 0 0 0 0 0 0 0 0 0 0 0 0 0 0 0 0 0 0 0 0 0 0 0 0 0 0 0 0 0 0 0 0 0 0 0 0 0 0 0 0 0
0 0 0 0 0 0 0 0 0 0 0 0 0 0 0 0 0 0 0 0 0 0 0 0 0 0 0 0 0 0 0 0 0 0 0 0 0 0 0 0 0 0 0 0 0 0 0 0 0 0 0 0 0 0 0 0 0 0 0 0 0
0 0 0 0 0 0 0 0 0 0 0 0 0 0 0 0 0 0 0 0 0 0 0 0 0 0 0 0 0 0 0 0 0 0 0 0 0 0 0 0 0 0 0 0 0 0 0 0 0 0 0 0 0 0 0 0 0 0 0 0 0
0 0 0 0 0 0 0 0 0 0 0 0 0 0 0 0 0 0 0 0 0 0 0 0 0 0 0 0 0 0 0 0 0 0 0 0 0 0 0 0 0 0 0 0 0 0 0 0 0 0 0 0 0 0 0 0 0 0 0 0 0
0 0 0 0 0 0 0 0 0 0 0 0 0 0 0 0 0 0 0 0 0 0 0 0 0 0 0 0 0 0 0 0 0 0 0 0 0 0 0 0 0 0 0 0 0 0 0 0 0 0 0 0 0 0 0 0 0 0 0 0 0
0 0 0 0 0 0 0 0 0 0 0 0 0 0 0 0 0 0 0 0 0 0 0 0 0 0 0 0 0 0 0 0 0 0 0 0 0 0 0 0 0 0 0 0 0 0 0 0 0 0 0 0 0 0 0 0 0 0 0 0 0
0 0 0 0 0 0 0 0 0 0 0 0 0 0 0 0 0 0 0 0 0 0 0 0 0 0 0 0 0 0 0 0 0 0 0 0 0 0 0 0 0 0 0 0 0 0 0 0 0 0 0 0 0 0 0 0 0 0 0 0 0
0 0 0 0 0 0 0 0 0 0 0 0 0 0 0 0 0 0 0 0 0 0 0 0 0 0 0 0 0 0 0 0 0 0 0 0 0 0 0 0 0 0 0 0 0 0 0 0 0 0 0 0 0 0 0 0 0 0 0 0 0
0 0 0 0 0 0 0 0 0 0 0 0 0 0 0 0 0 0 0 0 0 0 0 0 0 0 0 0 0 0 0 0 0 0 0 0 0 0 0 0 0 0 0 0 0 0 0 0 0 0 0 0 0 0 0 0 0 0 0 0 0
0 0 0 0 0 0 0 0 0 0 0 0 0 0 0 0 0 0 0 0 0 0 0 0 0 0 0 0 0 0 0 0 0 0 0 0 0 0 0 0 0 0 0 0 0 0 0 0 0 0 0 0 0 0 0 0 0 0 0 0 0
0 0 0 0 0 0 0 0 0 0 0 0 0 0 0 0 0 0 0 0 0 0 0 0 0 0 0 0 0 0 0 0 0 0 0 0 0 0 0 0 0 0 0 0 0 0 0 0 0 0 0 0 0 0 0 0 0 0 0 0 0
0 0 0 0 0 0 0 0 0 0 0 0 0 0 0 0 0 0 0 0 0 0 0 0 0 0 0 0 0 0 0 0 0 0 0 0 0 0 0 0 0 0 0 0 0 0 0 0 0 0 0 0 0 0 0 0 0 0 0 0 0
0 0 0 0 0 0 0 0 0 0 0 0 0 0 0 0 0 0 0 0 0 0 0 0 0 0 0 0 0 0 0 0 0 0 0 0 0 0 0 0 0 0 0 0 0 0 0 0 0 0 0 0 0 0 0 0 0 0 0 0 0
0 0 0 0 0 0 0 0 0 0 0 0 0 0 0 0 0 0 0 0 0 0 0 0 0 0 0 0 0 0 0 0 0 0 0 0 0 0 0 0 0 0 0 0 0 0 0 0 0 0 0 0 0 0 0 0 0 0 0 0 0
0 0 0 0 0 0 0 0 0 0 0 0 0 0 0 0 0 0 0 0 0 0 0 0 0 0 0 0 0 0 0 0 0 0 0 0 0 0 0 0 0 0 0 0 0 0 0 0 0 0 0 0 0 0 0 0 0 0 0 0 0
0 0 0 0 0 0 0 0 0 0 0 0 0 0 0 0 0 0 0 0 0 0 0 0 0 0 0 0 0 0 0 0 0 0 0 0 0 0 0 0 0 0 0 0 0 0 0 0 0 0 0 0 0 0 0 0 0 0 0 0 0
0 0 0 0 0 0 0 0 0 0 0 0 0 0 0 0 0 0 0 0 0 0 0 0 0 0 0 0 0 0 0 0 0 0 0 0 0 0 0 0 0 0 0 0 0 0 0 0 0 0 0 0 0 0 0 0 0 0 0 0 0
0 0 0 0 0 0 0 0 0 0 0 0 0 0 0 0 0 0 0 0 0 0 0 0 0 0 0 0 0 0 0 0 0 0 0 0 0 0 0 0 0 0 0 0 0 0 0 0 0 0 0 0 0 0 0 0 0 0 0 0 0
0 0 0 0 0 0 0 0 0 0 0 0 0 0 0 0 0 0 0 0 0 0 0 0 0 0 0 0 0 0 0 0 0 0 0 0 0 0 0 0 0 0 0 0 0 0 0 0 0 0 0 0 0 0 0 0 0 0 0 0 0
0 0 0 0 0 0 0 0 0 0 0 0 0 0 0 0 0 0 0 0 0 0 0 0 0 0 0 0 0 0 0 0 0 0 0 0 0 0 0 0 0 0 0 0 0 0 0 0 0 0 0 0 0 0 0 0 0 0 0 0 0
0 0 0 0 0 0 0 0 0 0 0 0 0 0 0 0 0 0 0 0 0 0 0 0 0 0 0 0 0 0 0 0 0 0 0 0 0 0 0 0 0 0 0 0 0 0 0 0 0 0 0 0 0 0 0 0 0 0 0 0 0
0 0 0 0 0 0 0 0 0 0 0 0 0 0 0 0 0 0 0 0 0 0 0 0 0 0 0 0 0 0 0 0 0 0 0 0 0 0 0 0 0 0 0 0 0 0 0 0 0 0 0 0 0 0 0 0 0 0 0 0 0
0 0 0 0 0 0 0 0 0 0 0 0 0 0 0 0 0 0 0 0 0 0 0 0 0 0 0 0 0 0 0 0 0 0 0 0 0 0 0 0 0 0 0 0 0 0 0 0 0 0 0 0 0 0 0 0 0 0 0 0 0
0 0 0 0 0 0 0 0 0 0 0 0 0 0 0 0 0 0 0 0 0 0 0 0 0 0 0 0 0 0 0 0 0 0 0 0 0 0 0 0 0 0 0 0 0 0 0 0 0 0 0 0 0 0 0 0 0 0 0 0 0
0 0 0 0 0 0 0 0 0 0 0 0 0 0 0 0 0 0 0 0 0 0 0 0 0 0 0 0 0 0 0 0 0 0 0 0 0 0 0 0 0 0 0 0 0 0 0 0 0 0 0 0 0 0 0 0 0 0 0 0 0
0 0 0 0 0 0 0 0 0 0 0 0 0 0 0 0 0 0 0 0 0 0 0 0 0 0 0 0 0 0 0 0 0 0 0 0 0 0 0 0 0 0 0 0 0 0 0 0 0 0 0 0 0 0 0 0 0 0 0 0 0
0 0 0 0 0 0 0 0 0 0 0 0 0 0 0 0 0 0 0 0 0 0 0 0 0 0 0 0 0 0 0 0 0 0 0 0 0 0 0 0 0 0 0 0 0 0 0 0 0 0 0 0 0 0 0 0 0 0 0 0 0
0 0 0 0 0 0 0 0 0 0 0 0 0 0 0 0 0 0 0 0 0 0 0 0 0 0 0 0 0 0 0 0 0 0 0 0 0 0 0 0 0 0 0 0 0 0 0 0 0 0 0 0 0 0 0 0 0 0 0 0 0
0 0 0 0 0 0 0 0 0 0 0 0 0 0 0 0 0 0 0 0 0 0 0 0 0 0 0 0 0 0 0 0 0 0 0 0 0 0 0 0 0 0 0 0 0 0 0 0 0 0 0 0 0 0 0 0 0 0 0 0 0
0 0 0 0 0 0 0 0 0 0 0 0 0 0 0 0 0 0 0 0 0 0 0 0 0 0 0 0 0 0 0 0 0 0 0 0 0 0 0 0 0 0 0 0 0 0 0 0 0 0 0 0 0 0 0 0 0 0 0 0 0
0 0 0 0 0 0 0 0 0 0 0 0 0 0 0 0 0 0 0 0 0 0 0 0 0 0 0 0 0 0 0 0 0 0 0 0 0 0 0 0 0 0 0 0 0 0 0 0 0 0 0 0 0 0 0 0 0 0 0 0 0
0 0 0 0 0 0 0 0 0 0 0 0 0 0 0 0 0 0 0 0 0 0 0 0 0 0 0 0 0 0 0 0 0 0 0 0 0 0 0 0 0 0 0 0 0 0 0 0 0 0 0 0 0 0 0 0 0 0 0 0 0
0 0 0 0 0 0 0 0 0 0 0 0 0 0 0 0 0 0 0 0 0 0 0 0 0 0 0 0 0 0 0 0 0 0 0 0 0 0 0 0 0 0 0 0 0 0 0 0 0 0 0 0 0 0 0 0 0 0 0 0 0
0 0 0 0 0 0 0 0 0 0 0 0 0 0 0 0 0 0 0 0 0 0 0 0 0 0 0 0 0 0 0 0 0 0 0 0 0 0 0 0 0 0 0 0 0 0 0 0 0 0 0 0 0 0 0 0 0 0 0 0 0
0 0 0 0 0 0 0 0 0 0 0 0 0 0 0 0 0 0 0 0 0 0 0 0 0 0 0 0 0 0 0 0 0 0 0 0 0 0 0 0 0 0 0 0 0 0 0 0 0 0 0 0 0 0 0 0 0 0 0 0 0
0 0 0 0 0 0 0 0 0 0 0 0 0 0 0 0 0 0 0 0 0 0 0 0 0 0 0 0 0 0 0 0 0 0 0 0 0 0 0 0 0 0 0 0 0 0 0 0 0 0 0 0 0 0 0 0 0 0 0 0 0

I cap
1058.909090909091 1058.909090909091 1007.2490909090934 1007.2490909090934 890.0120000000007 838.832000000082 875.5040000000157 1149.894000000015 499.5740000000106 629.2980000000068 479.4480000000227 479.8860000000189 619.7940000000194 575.1660000000143 411.85800000001365 406.4450909091037 637.3130909091112 662.7110909091043 520.6190909091049 546.1430909090973 627.9350909090992 611.7530909090956 616.9730909090974 681.5030909090991 630.1310909090977 596.9570909090991 683.9690909090966 731.4890909090959 628.0430909090963 648.9410909090968 607.7390909090954 583.6190909090998 747.6710909090973 750.299090909096 382.2000000000219 342.2820000000223 406.2300000000249 409.5700000000161 519.672000000007 461.3700000000077 410.25000000001484 485.4620000000081 654.9800000000054 683.474000000004 743.926000000001 618.8220000000051 856.7160000000006 674.4240000000001 514.3100000000018 574.0900000000013 650.700000000002 645.3700000000001 658.2300000000023 713.3400000000025 961.564000000022 1015.0860000000104 671.135090909091 757.2290909090929 1027.4090909090985 1058.909090909091 1058.909090909091
107.96969696969697 107.96969696969697 74.66969696969696 74.66969696969696 1.708000000001526 27.467999999997794 36.19599999999827 70.705999999999 57.025999999999726 87.80199999999974 76.75199999999948 69.91399999999949 79.00599999999959 43.333999999999264 5.941999999999709 42.23369696969597 42.665696969696306 54.97769696969621 33.26969696969637 29.345696969695602 27.74369696969581 25.92569696969644 39.60569696969649 62.37569696969613 34.54769696969646 20.921696969696384 71.60969696969633 79.88969696969667 67.23569696969615 64.33769696969593 38.939696969696215 42.3596969696961 73.60769696969614 79.07969696969639 76.79999999999961 78.41799999999913 19.269999999999506 11.529999999999184 2.0279999999995866 9.729999999999144 32.349999999999355 4.2379999999992926 39.31999999999918 78.8259999999996 74.07399999999953 64.17799999999951 68.98399999999948 37.87599999999955 69.78999999999965 68.70999999999978 84.99999999999926 70.32999999999971 46.06999999999941 15.199999999999527 22.07599999999973 38.34399999999979 42.95369696969616 46.85969696969676 76.46969696969697 107.96969696969697 107.96969696969697
38.96666666666666 38.96666666666666 16.52666666666666 16.526666666666667 29.579999999999995 30.592500000000094 29.892500000000148 27.09250000000005 15.2925000000001 19.69999999999999 11.3 16.799999999999994 18.2 23.799999999999997 11.999999999999996 13.166666666666671 19.466666666666644 19.466666666666658 19.466666666666637 19.46666666666663 13.1666666666666 19.46666666666663 19.466666666666658 32.66666666666665 8.05916666666668 1.7591666666666734 8.059166666666687 1.7591666666666796 19.4666666666667 13.166666666666714 19.46666666666673 13.166666666666671 19.46666666666663 26.36666666666667 17.499999999999996 6.299999999999998 11.899999999999999 10.5 21.0 18.2 18.29999999999999 14.100000000000037 27.399999999999924 15.292499999999881 12.492500000000055 10.392499999999961 8.292499999999881 31.59999999999984 18.99999999999999 26.699999999999886 23.19999999999992 29.499999999999826 26.700000000000028 7.059999999999974 2.859999999999954 31.680000000000003 32.6666666666667 38.966666666666654 38.96666666666666 38.96666666666666 38.96666666666666
45.24545454545453 45.24545454545453 43.92245454545453 38.56745454545458 21.237000000000002 30.420000000000066 29.151000000000014 29.486999999999913 20.535000000000103 27.906999999999723 24.44399999999975 18.190999999999875 17.439 15.433999999999973 7.513 31.00745454545425 40.39445454545434 33.023454545454264 27.308454545454463 25.220454545454214 26.597454545454386 31.62845454545441 31.043454545454395 30.485454545454356 24.92345454545439 22.916454545454393 27.965454545454424 31.097454545454355 31.754454545454212 30.08045454545442 26.759454545453995 25.301454545454426 30.79145454545439 30.719454545454205 29.210999999999945 22.49100000000002 17.684999999999974 16.55999999999997 29.67699999999995 39.34099999999992 24.807999999999854 29.12099999999954 38.077999999999946 30.839999999999666 29.759999999999724 33.10799999999976 32.37299999999989 30.059999999999803 27.521999999999785 34.79000000000005 44.11099999999999 45.217999999999876 42.331999999999795 38.97200000000008 36.21099999999987 32.06199999999981 33.27545454545442 34.6074545454545 44.048454545454526 45.24545454545453 45.24545454545453
20.999999999999993 20.999999999999993 20.432999999999993 20.11799999999999 9.858000000000242 16.581999999999994 11.718999999999976 13.334999999999951 7.637000000000099 8.393000000000061 9.517000000000031 9.121000000000013 9.546000000000113 12.977999999999984 4.865000000000082 9.228000000000074 15.204000000000121 18.696000000000097 11.424000000000039 10.245000000000054 9.642000000000014 13.989000000000154 11.451000000000121 11.514000000000138 8.265000000000096 6.150000000000136 8.661000000000154 11.01000000000015 11.253000000000139 9.480000000000118 7.914000000000168 8.256000000000057 11.892000000000074 11.829000000000029 11.829000000000082 12.280000000000083 6.646999999999953 6.9890000000000745 9.88700000000015 5.904000000000059 1.9379999999999766 8.076000000000093 9.968000000000064 11.5150000000001 7.896000000000019 8.780000000000122 11.381000000000068 12.124000000000148 11.785000000000082 7.736000000000095 11.462000000000026 17.112000000000187 19.0400000000001 14.346000000000053 13.451000000000082 6.755000000000066 10.020000000000042 13.520999999999994 20.48699999999999 20.999999999999993 20.999999999999993
345.75757575757575 345.75757575757575 345.75757575757575 316.11051693404636 204.58547058823527 218.40899999999854 265.4090588235285 226.4884705882334 242.74547058823336 217.20399999999862 154.42599999999948 176.0080000000002 237.1889999999964 207.31799999999657 210.41905882352765 301.94610516933795 298.33657575757223 272.8665757575726 241.89651693404403 209.27204634580883 187.52857575757352 206.19457575757312 235.98457575757294 235.78657575757316 209.29057575757284 219.39757575757275 245.94757575757276 265.14457575757314 262.77757575757255 234.0765757575735 175.189575757573 171.92257575757412 231.92557575757147 234.82357575757229 158.19500000000002 204.35999999999845 193.240999999997 192.3639999999961 207.45499999999694 192.51499999999623 219.87899999999823 249.1969999999986 195.14699999999561 284.162058823526 254.99647058823265 204.4064705882312 249.3939999999975 212.8409999999968 282.1379999999994 314.4209999999998 327.15405882352894 304.4674705882342 303.9344705882349 320.721 350.212 308.1230588235294 288.37410516934045 314.82457575757576 345.75757575757575 345.75757575757575 345.75757575757575
779.7575757575758 779.7575757575758 764.4485757575758 764.4485757575758 614.8410000000007 737.7760000000001 823.993 693.8919999999999 706.0 793.729 671.21 713.153 697.9119999999999 659.7069999999999 579.1519999999999 576.0335757575778 666.9785757575766 680.8385757575762 602.502575757576 571.7945757575761 533.5985757575762 622.0505757575762 697.3805757575761 632.5715757575762 605.9765757575765 615.9305757575763 634.7585757575762 701.8625757575759 711.3395757575764 679.7855757575765 579.3455757575776 516.0665757575767 570.8495757575765 644.388575757576 570.3390000000044 587.9810000000014 574.911 677.717 636.2020000000002 527.8820000000027 573.8180000000016 573.908 645.4070000000003 643.4200000000021 613.6070000000005 561.0580000000023 650.9030000000025 506.72800000000325 459.33000000000084 525.8910000000002 644.3600000000006 653.8340000000004 652.4590000000002 684.2640000000004 750.799 552.6670000000013 646.0175757575759 671.2175757575758 765.9065757575758 779.7575757575758 779.7575757575758
80.73333333333335 80.73333333333335 79.97733333333335 79.34733333333335 60.46799999999981 82.83300000000003 75.924 81.80000000000001 78.41700000000002 86.19700000000003 75.57600000000005 83.84500000000001 90.59500000000001 87.306 74.34300000000002 66.64833333333335 73.28433333333335 72.33633333333331 68.90733333333336 67.69233333333335 71.36133333333336 71.44533333333337 71.66133333333337 71.85033333333337 69.22233333333337 63.62433333333325 67.41333333333337 69.03333333333336 70.41033333333337 70.23033333333339 68.69133333333338 68.88033333333337 72.03933333333337 71.85033333333337 39.417 59.49699999999998 65.60199999999996 63.690999999998965 66.37300000000002 67.82100000000003 67.19300000000003 73.18200000000003 76.19600000000003 80.544 85.04400000000003 88.89700000000002 81.61300000000003 70.911 65.06400000000001 63.39399999999981 67.43799999999996 66.69100000000002 64.88999999999939 62.83299999999958 61.768000000000086 47.621999999999716 67.00233333333335 70.96833333333335 80.04933333333335 80.73333333333335 80.73333333333335
10.775757575757575 10.775757575757575 9.830757575757575 9.830757575757575 7.1850000000000005 8.854999999999999 5.994999999999994 3.924999999999994 2.5999999999999965 2.773000000000005 0.24200000000000088 4.749000000000006 5.459999999999999 0.0799999999999983 1.4799999999999955 5.37575757575758 3.2157575757575825 2.675757575757582 4.250757575757567 1.3887575757575605 0.27275757575756465 0.542757575757582 4.403757575757574 1.2537575757575745 2.333757575757568 4.62875757575757 1.1727575757575706 4.70075757575758 4.916757575757574 3.989757575757576 1.217757575757581 2.8647575757575794 3.5757575757575766 1.0557575757575748 1.8660000000000143 0.9249999999999989 2.3759999999999897 4.835999999999995 2.164999999999999 1.654999999999996 5.900999999999982 3.4100000000000006 1.500999999999996 10.660999999999992 7.3200000000000065 1.9599999999999973 9.493000000000007 0.04100000000000392 0.7270000000000163 1.7840000000000038 5.654000000000016 7.873000000000021 5.911000000000003 6.6349999999999865 10.254999999999997 8.185000000000013 8.030757575757583 8.030757575757576 9.920757575757575 10.775757575757575 10.775757575757575
2.545454545454545 2.545454545454545 2.545454545454545 2.545454545454545 1.3419999999999996 0.18499999999999983 1.3959999999999921 0.5339999999999996 0.9369999999999835 0.7769999999999994 1.5849999999999764 0.8329999999999999 0.6439999999999999 0.7769999999999996 0.07499999999999951 0.5744545454545428 1.1414545454545424 0.17845454545454298 0.17845454545454298 0.17845454545454742 0.9794545454545435 0.439454545454544 0.7904545454545502 0.17845454545454031 0.17845454545454476 1.0874545454545421 0.196454545454541 0.466454545454537 0.763454545454543 0.9524545454545376 1.222454545454519 0.22345454545454657 0.061454545454541876 0.22345454545453947 0.34299999999998787 0.9909999999999904 1.0179999999999627 0.3179999999999995 1.6659999999999853 0.07699999999999985 0.34299999999999764 0.29099999999999926 1.017999999999961 0.18499999999999983 1.5329999999999995 0.6669999999999853 0.1829999999999985 0.41999999999997795 0.15399999999998737 0.558999999999998 1.607999999999975 0.18099999999998706 0.9099999999999931 0.4289999999999805 0.2439999999999738 0.4329999999999943 0.1784545454545412 0.7454545454545449 2.545454545454545 2.545454545454545 2.545454545454545
8.515433299825174 8.515433299825174 8.515433299825174 8.188754533944957 5.886605091954023 6.750015017241367 6.022213568965508 7.29730760344818 8.160399844827577 7.774098879310235 7.787017068965455 7.743479482758516 7.001038637930908 4.650360879310348 4.624676482758588 5.7520823865698585 7.116106896551695 6.793831751361146 5.377154110707823 5.493319078947381 4.830618918495316 5.479678275862013 6.787948465517177 5.504888637931037 4.823082718390843 4.922497931034486 5.482455000000037 7.095479310344692 6.383204999999926 5.877673103448229 6.774192931034349 6.410580017241202 5.017982603448287 5.624249011494293 9.220547471264368 9.383571034482763 3.771785172413803 6.0765846724137615 5.673917058983699 4.892888147912917 4.815822413793148 3.8957406896551805 4.133389482758643 4.48051793103452 4.838977931034519 5.993130517241414 4.58106999999998 4.920067758620708 3.4054089655172572 3.554878620689653 6.630777903811259 6.204174527223246 6.6737188103448055 6.2717274310344555 7.597603275861968 5.582633627949182 7.17060555844584 7.894743489480347 8.515433299825174 8.515433299825174 8.515433299825174
700.0 700.0 699.1 697.3000000000001 687.4000000000001 685.6000000000001 682.9000000000002 688.3000000000001 685.6000000000003 680.2000000000002 682.9000000000002 679.3000000000003 685.6000000000001 682.9000000000002 682.0000000000005 682.9000000000003 685.6000000000003 685.6000000000003 683.8000000000003 682.9000000000002 682.9000000000002 683.8000000000003 683.8000000000003 688.3000000000002 682.9000000000002 684.7000000000003 688.3000000000002 683.8000000000002 683.8000000000002 681.1000000000003 676.6000000000003 688.3000000000003 686.5000000000002 686.5000000000001 685.6000000000001 685.6000000000003 684.7000000000002 688.3000000000002 685.6000000000003 685.6000000000003 684.7000000000003 683.8000000000003 686.5000000000001 684.7000000000003 686.5000000000002 684.7000000000002 684.7000000000002 683.8000000000002 681.1000000000004 683.8000000000004 689.2 684.7000000000002 680.2000000000003 679.3000000000002 682.9000000000003 683.8000000000002 690.1000000000001 696.4000000000001 700.0 700.0 700.0

H cap
1.75 -19.25 -5.25 -19.25 -5.25 -12.25 47.25 47.25 8.75 -1.75 26.25 -5.25 15.75 43.75 33.25 22.75 33.25 -5.25 8.75 40.25 15.75 -1.75 19.25 1.75 12.25 78.75 15.75 29.75 57.75 22.75 57.75 54.25 1.75 40.25 29.75 -15.75 26.25 22.75 1.75 47.25 33.25 29.75 64.75 26.25 1.75 12.25 5.25 5.25 26.25 26.25 57.75 1.75 12.25 131.25 131.25 131.25 131.25 131.25 131.25 131.25 131.25
24.5 13.5 19.5 24.5 22.0 9.5 11.0 16.0 13.5 -2.5 -4.0 4.0 27.0 38.5 29.5 27.0 20.5 8.0 7.5 10.5 6.0 9.0 16.5 12.5 7.5 9.0 9.0 7.5 9.5 9.5 14.5 15.0 5.0 4.5 5.5 6.0 16.0 14.5 8.5 8.0 15.0 25.5 21.5 14.5 8.0 6.0 18.5 30.5 31.5 25.5 23.5 14.0 26.0 52.5 52.5 52.5 52.5 52.5 52.5 52.5 52.5
49.0 45.5 45.5 45.5 52.5 42.0 38.5 42.0 42.0 38.5 38.5 42.0 45.5 49.0 45.5 38.5 38.5 42.0 49.0 49.0 45.5 49.0 49.0 45.5 45.5 42.0 42.0 45.5 45.5 49.0 56.0 49.0 42.0 49.0 42.0 38.5 45.5 38.5 42.0 52.5 42.0 42.0 49.0 45.5 42.0 49.0 52.5 45.5 38.5 45.5 56.0 42.0 45.5 63.0 63.0 63.0 63.0 63.0 63.0 63.0 63.0
13.25 -15.75 5.75 -0.25 -0.25 -1.25 -1.25 -1.75 -1.25 5.75 5.75 -1.75 -2.25 -23.25 -1.75 -3.25 -9.75 3.75 -1.75 -2.25 0.25 0.75 -0.75 -0.25 -1.25 3.75 -2.75 6.75 4.25 1.25 -1.75 -1.25 5.75 0.75 6.25 1.25 0.25 -3.75 1.25 -0.75 -1.75 -1.25 -0.25 3.25 0.75 0.25 4.75 -7.25 2.75 -6.75 2.75 -2.25 6.25 78.75 78.75 78.75 78.75 78.75 78.75 78.75 78.75

Gap
NaN

Time
NaN

