prob destroy
0.032485762412769716 0.18970081013876633 0.11831234458971686 0.14077163712200208 0.27913692147268787 0.23959252426405714

prob repair
0.034644995722840036 0.2917023096663815 0.09238665526090675 0.31693755346449953 0.1372968349016253 0.034644995722840036 0.09238665526090675

destroys
5 4 5 6 3 4 2 4 6 6 6 2 6 6 4 3 4 5 6 6 3 2 2 6 6 2 3 3 5 5 5

repairs
2 7 2 7 2 3 2 4 3 7 4 2 7 4 4 4 7 3 6 3 4 2 5 1 5 4 2 2 4 3 7

current objective
22.964652014652014 23.264743589743592 1521.6347527472526 22.190613553113554 22.24830586080586 22.97330586080586 772.4918956043955 19.939148351648353 19.60421245421246 19.861263736263737 20.336904761904762 19.408859890109888 19.691552197802196 19.20533424908425 19.18129578754579 19.28610347985348 20.00721153846154 2269.984661172161 19.442742673992672 19.95613553113553 19.18129578754579 19.52664835164835 19.18129578754579 19.367994505494504 18.735782967032964 18.775045787545785 18.651648351648348 19.67969322344322 18.643635531135526 3021.1442765567763 19.366185897435898

curent best objective
22.964652014652014 22.964652014652014 22.964652014652014 22.190613553113554 22.190613553113554 22.190613553113554 22.190613553113554 19.939148351648353 19.60421245421246 19.60421245421246 19.60421245421246 19.408859890109888 19.408859890109888 19.20533424908425 19.18129578754579 19.18129578754579 19.18129578754579 19.18129578754579 19.18129578754579 19.18129578754579 19.18129578754579 19.18129578754579 19.18129578754579 19.18129578754579 18.735782967032964 18.735782967032964 18.651648351648348 18.651648351648348 18.643635531135526 18.643635531135526 18.643635531135526

status
10 0 0 10 2 0 0 10 10 0 2 10 0 10 10 0 0 0 0 0 0 0 0 0 10 2 10 0 10 0 0

num destroy
0 5 5 5 6 10

num repair
1 8 5 8 2 1 6

prob destroy iter
0.16666666666666666 0.16666666666666666 0.16666666666666666 0.16666666666666666 0.16666666666666666 0.16666666666666666 0.16666666666666666 0.16666666666666666 0.16666666666666666 0.07826086956521738 0.07826086956521738 0.07826086956521738 0.07826086956521738 0.07826086956521738 0.07826086956521738 0.07826086956521738 0.07826086956521738 0.07826086956521738 0.07826086956521738 0.04875406283856988 0.04875406283856988 0.04875406283856988 0.04875406283856988 0.04875406283856988 0.04875406283856988 0.04875406283856988 0.04875406283856988 0.04875406283856988 0.04875406283856988 0.032485762412769716 0.032485762412769716
0.16666666666666666 0.16666666666666666 0.16666666666666666 0.16666666666666666 0.16666666666666666 0.16666666666666666 0.16666666666666666 0.16666666666666666 0.16666666666666666 0.07826086956521738 0.07826086956521738 0.07826086956521738 0.07826086956521738 0.07826086956521738 0.07826086956521738 0.07826086956521738 0.07826086956521738 0.07826086956521738 0.07826086956521738 0.26543878656554715 0.26543878656554715 0.26543878656554715 0.26543878656554715 0.26543878656554715 0.26543878656554715 0.26543878656554715 0.26543878656554715 0.26543878656554715 0.26543878656554715 0.18970081013876633 0.18970081013876633
0.16666666666666666 0.16666666666666666 0.16666666666666666 0.16666666666666666 0.16666666666666666 0.16666666666666666 0.16666666666666666 0.16666666666666666 0.16666666666666666 0.13043478260869565 0.13043478260869565 0.13043478260869565 0.13043478260869565 0.13043478260869565 0.13043478260869565 0.13043478260869565 0.13043478260869565 0.13043478260869565 0.13043478260869565 0.08125677139761647 0.08125677139761647 0.08125677139761647 0.08125677139761647 0.08125677139761647 0.08125677139761647 0.08125677139761647 0.08125677139761647 0.08125677139761647 0.08125677139761647 0.11831234458971686 0.11831234458971686
0.16666666666666666 0.16666666666666666 0.16666666666666666 0.16666666666666666 0.16666666666666666 0.16666666666666666 0.16666666666666666 0.16666666666666666 0.16666666666666666 0.16521739130434784 0.16521739130434784 0.16521739130434784 0.16521739130434784 0.16521739130434784 0.16521739130434784 0.16521739130434784 0.16521739130434784 0.16521739130434784 0.16521739130434784 0.2112676056338028 0.2112676056338028 0.2112676056338028 0.2112676056338028 0.2112676056338028 0.2112676056338028 0.2112676056338028 0.2112676056338028 0.2112676056338028 0.2112676056338028 0.14077163712200208 0.14077163712200208
0.16666666666666666 0.16666666666666666 0.16666666666666666 0.16666666666666666 0.16666666666666666 0.16666666666666666 0.16666666666666666 0.16666666666666666 0.16666666666666666 0.20869565217391303 0.20869565217391303 0.20869565217391303 0.20869565217391303 0.20869565217391303 0.20869565217391303 0.20869565217391303 0.20869565217391303 0.20869565217391303 0.20869565217391303 0.13001083423618634 0.13001083423618634 0.13001083423618634 0.13001083423618634 0.13001083423618634 0.13001083423618634 0.13001083423618634 0.13001083423618634 0.13001083423618634 0.13001083423618634 0.27913692147268787 0.27913692147268787
0.16666666666666666 0.16666666666666666 0.16666666666666666 0.16666666666666666 0.16666666666666666 0.16666666666666666 0.16666666666666666 0.16666666666666666 0.16666666666666666 0.3391304347826087 0.3391304347826087 0.3391304347826087 0.3391304347826087 0.3391304347826087 0.3391304347826087 0.3391304347826087 0.3391304347826087 0.3391304347826087 0.3391304347826087 0.26327193932827736 0.26327193932827736 0.26327193932827736 0.26327193932827736 0.26327193932827736 0.26327193932827736 0.26327193932827736 0.26327193932827736 0.26327193932827736 0.26327193932827736 0.23959252426405714 0.23959252426405714

prob repair iter
0.14285714285714285 0.14285714285714285 0.14285714285714285 0.14285714285714285 0.14285714285714285 0.14285714285714285 0.14285714285714285 0.14285714285714285 0.14285714285714285 0.06818181818181818 0.06818181818181818 0.06818181818181818 0.06818181818181818 0.06818181818181818 0.06818181818181818 0.06818181818181818 0.06818181818181818 0.06818181818181818 0.06818181818181818 0.04639175257731959 0.04639175257731959 0.04639175257731959 0.04639175257731959 0.04639175257731959 0.04639175257731959 0.04639175257731959 0.04639175257731959 0.04639175257731959 0.04639175257731959 0.034644995722840036 0.034644995722840036
0.14285714285714285 0.14285714285714285 0.14285714285714285 0.14285714285714285 0.14285714285714285 0.14285714285714285 0.14285714285714285 0.14285714285714285 0.14285714285714285 0.13636363636363635 0.13636363636363635 0.13636363636363635 0.13636363636363635 0.13636363636363635 0.13636363636363635 0.13636363636363635 0.13636363636363635 0.13636363636363635 0.13636363636363635 0.29896907216494845 0.29896907216494845 0.29896907216494845 0.29896907216494845 0.29896907216494845 0.29896907216494845 0.29896907216494845 0.29896907216494845 0.29896907216494845 0.29896907216494845 0.2917023096663815 0.2917023096663815
0.14285714285714285 0.14285714285714285 0.14285714285714285 0.14285714285714285 0.14285714285714285 0.14285714285714285 0.14285714285714285 0.14285714285714285 0.14285714285714285 0.18181818181818182 0.18181818181818182 0.18181818181818182 0.18181818181818182 0.18181818181818182 0.18181818181818182 0.18181818181818182 0.18181818181818182 0.18181818181818182 0.18181818181818182 0.12371134020618557 0.12371134020618557 0.12371134020618557 0.12371134020618557 0.12371134020618557 0.12371134020618557 0.12371134020618557 0.12371134020618557 0.12371134020618557 0.12371134020618557 0.09238665526090675 0.09238665526090675
0.14285714285714285 0.14285714285714285 0.14285714285714285 0.14285714285714285 0.14285714285714285 0.14285714285714285 0.14285714285714285 0.14285714285714285 0.14285714285714285 0.29545454545454547 0.29545454545454547 0.29545454545454547 0.29545454545454547 0.29545454545454547 0.29545454545454547 0.29545454545454547 0.29545454545454547 0.29545454545454547 0.29545454545454547 0.31443298969072164 0.31443298969072164 0.31443298969072164 0.31443298969072164 0.31443298969072164 0.31443298969072164 0.31443298969072164 0.31443298969072164 0.31443298969072164 0.31443298969072164 0.31693755346449953 0.31693755346449953
0.14285714285714285 0.14285714285714285 0.14285714285714285 0.14285714285714285 0.14285714285714285 0.14285714285714285 0.14285714285714285 0.14285714285714285 0.14285714285714285 0.06818181818181818 0.06818181818181818 0.06818181818181818 0.06818181818181818 0.06818181818181818 0.06818181818181818 0.06818181818181818 0.06818181818181818 0.06818181818181818 0.06818181818181818 0.04639175257731959 0.04639175257731959 0.04639175257731959 0.04639175257731959 0.04639175257731959 0.04639175257731959 0.04639175257731959 0.04639175257731959 0.04639175257731959 0.04639175257731959 0.1372968349016253 0.1372968349016253
0.14285714285714285 0.14285714285714285 0.14285714285714285 0.14285714285714285 0.14285714285714285 0.14285714285714285 0.14285714285714285 0.14285714285714285 0.14285714285714285 0.06818181818181818 0.06818181818181818 0.06818181818181818 0.06818181818181818 0.06818181818181818 0.06818181818181818 0.06818181818181818 0.06818181818181818 0.06818181818181818 0.06818181818181818 0.04639175257731959 0.04639175257731959 0.04639175257731959 0.04639175257731959 0.04639175257731959 0.04639175257731959 0.04639175257731959 0.04639175257731959 0.04639175257731959 0.04639175257731959 0.034644995722840036 0.034644995722840036
0.14285714285714285 0.14285714285714285 0.14285714285714285 0.14285714285714285 0.14285714285714285 0.14285714285714285 0.14285714285714285 0.14285714285714285 0.14285714285714285 0.18181818181818182 0.18181818181818182 0.18181818181818182 0.18181818181818182 0.18181818181818182 0.18181818181818182 0.18181818181818182 0.18181818181818182 0.18181818181818182 0.18181818181818182 0.12371134020618557 0.12371134020618557 0.12371134020618557 0.12371134020618557 0.12371134020618557 0.12371134020618557 0.12371134020618557 0.12371134020618557 0.12371134020618557 0.12371134020618557 0.09238665526090675 0.09238665526090675

time destroy
0.0 0.023 0.023 0.159 0.188 0.028

time repair
0.04 0.074 0.044000000000000004 0.033 1.344 0.325 8.896

destroy names
horizontalDestroy! verticalDestroy! randomDestroy! similarityDestroy! worstIdleDestroy! concurrentDestroy!

repair names
greedyRepair! firstRepair! flexibilityRepair! bestRepair! horizontalModelRepair! regretRepair! modelRepair!

iterations
32

Temperature
0.34746755177102645 0.3473806848830837 0.34729383971186295 0.347207016251935 0.34712021449787206 0.3470334344442476 0.34694667608563656 0.34685993941661514 0.346773224431761 0.34668653112565306 0.34659985949287164 0.3465132095279984 0.3464265812256164 0.34633997458031 0.34625338958666496 0.3461668262392683 0.3460802845327085 0.3459937644615753 0.34590726602045996 0.34582078920395487 0.3457343340066539 0.34564790042315224 0.34556148844804646 0.34547509807593446 0.3453887293014155 0.34530238211909015 0.34521605652356036 0.34512975250942945 0.3450434700713021 0.34495720920378425 0.3448709699014833

W
10 5 2

Segment size
10

Time for new best
8.218

