T P M C
22 37 4 12

base obj
12.52930402930403

exp obj
14.25114468864469

Objective struct
12.52930402930403 0.0 19.416666666666668

num campaigns
110

x
0 0 0 0 1 0 0 0 1 0 0 0 1 0 0 0 1 0 0 0 0 0
0 0 0 0 0 0 0 0 0 0 0 0 0 0 0 0 0 0 0 0 0 0
0 0 0 0 0 0 1 0 0 0 0 0 0 1 0 0 1 0 0 0 0 0
0 0 0 0 0 0 1 0 0 0 0 1 0 0 0 0 1 0 0 0 0 0
0 0 0 0 0 0 1 0 1 0 1 0 1 0 1 0 0 0 0 0 0 0
0 0 0 0 0 0 0 0 0 0 1 0 0 0 1 0 0 0 0 0 0 0
0 0 0 0 0 0 1 0 0 0 1 0 0 0 1 0 0 0 0 0 0 0
0 0 0 0 0 0 0 0 0 0 1 0 0 0 0 0 0 0 0 0 0 0
0 0 0 0 0 0 0 0 0 0 0 0 0 0 0 0 1 0 0 0 0 0
0 0 0 0 0 0 0 0 1 0 0 0 0 0 1 0 0 0 0 0 0 0
0 0 0 0 1 0 0 0 0 0 0 0 0 0 0 0 1 0 0 0 0 0
0 0 0 0 0 0 1 0 0 0 0 0 0 0 0 0 0 0 0 0 0 0
0 0 0 0 0 0 0 0 0 0 0 0 0 0 0 0 0 0 0 0 0 0
0 0 0 0 1 0 0 0 0 0 1 0 0 0 0 0 0 0 0 0 0 0
0 0 0 0 0 0 0 0 0 0 0 0 0 0 0 0 0 0 0 0 0 0
0 0 0 0 0 0 0 0 1 0 0 0 0 0 0 0 0 0 0 0 0 0
0 0 0 0 0 0 0 0 0 0 0 0 0 0 1 0 1 0 0 0 0 0
0 0 0 0 1 0 0 0 0 0 0 0 0 0 0 0 0 0 0 0 0 0
0 0 0 0 0 0 1 0 1 0 1 0 0 1 0 1 0 0 0 0 0 0
0 0 0 0 1 0 0 0 0 0 0 0 0 0 0 0 0 0 0 0 0 0
0 0 0 0 1 0 0 0 0 1 0 0 0 0 1 0 0 0 0 0 0 0
0 0 0 0 0 0 0 0 0 0 0 0 0 0 0 0 0 0 0 0 0 0
0 0 0 0 0 0 1 0 0 0 0 0 0 0 0 0 0 0 0 0 0 0
0 0 0 0 0 0 0 0 0 0 0 0 1 0 0 0 0 0 0 0 0 0
0 0 0 0 0 0 0 0 0 0 0 0 0 0 0 0 0 0 0 0 0 0
0 0 0 0 1 0 0 0 0 0 0 0 0 0 0 0 1 0 0 0 0 0
0 0 0 0 1 0 0 0 0 0 0 0 1 0 0 0 0 0 0 0 0 0
0 0 0 0 0 0 1 0 0 0 0 0 0 0 0 0 0 0 0 0 0 0
0 0 0 0 0 0 0 0 0 0 0 0 0 0 0 0 0 0 0 0 0 0
0 0 0 0 1 1 1 1 1 1 1 1 1 1 1 1 1 0 0 0 0 0
0 0 0 0 1 1 1 1 1 1 1 1 1 1 1 1 1 0 0 0 0 0
0 0 0 0 1 1 1 1 1 1 1 1 1 0 1 1 1 0 0 0 0 0
0 0 0 0 0 0 0 1 1 1 1 1 0 0 0 1 1 0 0 0 0 0
0 0 0 0 1 1 1 1 1 1 1 1 1 1 1 1 1 0 0 0 0 0
0 0 0 0 0 0 0 0 0 0 1 1 1 0 0 0 0 0 0 0 0 0
0 0 0 0 0 0 0 0 0 0 0 0 0 0 0 0 0 0 0 0 0 0
0 0 0 0 0 0 0 0 0 0 0 0 0 0 0 0 0 0 0 0 0 0

y
0.0 0.0 0.0 0.0 0.0 0.0 0.0 0.0 0.0 4.285714285714286 0.0 0.0 0.0 0.0 0.0 0.0 0.0 0.0 0.0 0.0 0.0 0.0 0.0 0.0 0.0 0.0 2.0 0.0 0.0 0.0 0.0 0.0 0.52 0.0 0.0 0.0 0.0

k
0 3 1 0 0 1 0 0 0 6 0 0 3 1 2 0 0 0 2 0 0 2 0 2 2 0 1 0 6 0 0 1 19 0 10 13 2

f
5.25 5.25 1.75 1.75 0.0 0.0 0.0 0.0 0.0 0.0 0.0 0.0 8.75 0.0 0.0 0.0 0.0 0.0 0.0 0.0 0.0 0.0
0.0 0.0 0.0 0.0 0.0 0.0 0.0 2.0 0.0 0.0 0.0 0.0 0.0 0.0 0.0 0.0 0.0 0.0 0.0 0.0 0.0 0.0
0.0 0.0 0.0 0.0 0.0 0.0 0.0 0.0 0.0 0.0 0.0 0.0 0.0 0.0 0.0 0.0 0.0 0.0 0.0 0.0 0.0 0.0
0.25 6.25 0.0 1.25 0.0 0.0 0.0 3.25 0.0 3.75 1.25 0.0 8.75 0.0 0.0 0.0 0.0 0.0 0.0 0.0 0.0 0.0

L
4 0 3 5 2 4 4 0 0 6 12 0 0 6 0 0 2 0 2 0 5 0 0 0 0 12 8 0 0 1 1 1 1 1 1 0 0

g
0 0 0 0 0 0 0 0 0 0 0 0 0 0 0 0 0 0 0 0 0 0
0 0 0 0 0 0 0 0 0 0 0 0 0 0 0 0 0 0 0 0 0 0
0 0 0 0 0 0 0 0 0 0 0 0 0 0 0 0 0 0 0 0 0 0
0 0 0 0 0 0 0 0 0 0 0 0 0 0 0 0 0 0 0 0 0 0
0 0 0 0 0 0 0 0 0 0 0 0 0 0 0 0 0 0 0 0 0 0
0 0 0 0 0 0 0 0 0 0 0 0 0 0 0 0 0 0 0 0 0 0
0 0 0 0 0 0 0 0 0 0 0 0 0 0 0 0 0 0 0 0 0 0
0 0 0 0 0 0 0 0 0 0 0 0 0 0 0 0 0 0 0 0 0 0
0 0 0 0 0 0 0 0 0 0 0 0 0 0 0 0 0 0 0 0 0 0
0 0 0 0 0 0 0 0 0 0 0 0 0 0 0 0 0 0 0 0 0 0
0 0 0 0 0 0 0 0 0 0 0 0 0 0 0 0 0 0 0 0 0 0
0 0 0 0 0 0 0 0 0 0 0 0 0 0 0 0 0 0 0 0 0 0
0 0 0 0 0 0 0 0 0 0 0 0 0 0 0 0 0 0 0 0 0 0
0 0 0 0 0 0 0 0 0 0 0 0 0 0 0 0 0 0 0 0 0 0
0 0 0 0 0 0 0 0 0 0 0 0 0 0 0 0 0 0 0 0 0 0
0 0 0 0 0 0 0 0 0 0 0 0 0 0 0 0 0 0 0 0 0 0
0 0 0 0 0 0 0 0 0 0 0 0 0 0 0 0 0 0 0 0 0 0
0 0 0 0 0 0 0 0 0 0 0 0 0 0 0 0 0 0 0 0 0 0
0 0 0 0 0 0 0 0 0 0 0 0 0 0 0 0 0 0 0 0 0 0
0 0 0 0 0 0 0 0 0 0 0 0 0 0 0 0 0 0 0 0 0 0
0 0 0 0 0 0 0 0 0 0 0 0 0 0 0 0 0 0 0 0 0 0
0 0 0 0 0 0 0 0 0 0 0 0 0 0 0 0 0 0 0 0 0 0
0 0 0 0 0 0 0 0 0 0 0 0 0 0 0 0 0 0 0 0 0 0
0 0 0 0 0 0 0 0 0 0 0 0 0 0 0 0 0 0 0 0 0 0
0 0 0 0 0 0 0 0 0 0 0 0 0 0 0 0 0 0 0 0 0 0
0 0 0 0 0 0 0 0 0 0 0 0 0 0 0 0 0 0 0 0 0 0
0 0 0 0 0 0 0 0 0 0 0 0 0 0 0 0 0 0 0 0 0 0
0 0 0 0 0 0 0 0 0 0 0 0 0 0 0 0 0 0 0 0 0 0
0 0 0 0 0 0 0 0 0 0 0 0 0 0 0 0 0 0 0 0 0 0
0 0 0 0 0 0 0 0 0 0 0 0 0 0 0 0 0 0 0 0 0 0
0 0 0 0 0 0 0 0 0 0 0 0 0 0 0 0 0 0 0 0 0 0
0 0 0 0 0 0 0 0 0 0 0 0 0 0 0 0 0 0 0 0 0 0
0 0 0 0 0 0 0 0 0 0 0 0 0 0 0 0 0 0 0 0 0 0
0 0 0 0 0 0 0 0 0 0 0 0 0 0 0 0 0 0 0 0 0 0
0 0 0 0 0 0 0 0 0 0 0 0 0 0 0 0 0 0 0 0 0 0
0 0 0 0 0 0 0 0 0 0 0 0 0 0 0 0 0 0 0 0 0 0
0 0 0 0 0 0 0 0 0 0 0 0 0 0 0 0 0 0 0 0 0 0

I cap
1058.909090909091 1058.909090909091 955.9490909091103 955.9490909091123 936.8599999999951 911.5599999999883 511.42000000004487 955.7800000000152 539.459999999983 848.3799999999771 485.4200000000319 557.5200000000243 659.1999999999757 740.9199999999822 457.0000000000327 622.329090909129 397.709090909072 673.8290909090733 758.4490909091006 963.149090909091 1058.909090909091 1058.909090909091
107.96969696969697 107.96969696969697 104.52969696969697 104.52969696969697 87.93999999999993 84.44000000000001 6.580000000000091 74.22000000000008 14.540000000000136 61.619999999999564 56.57999999999987 54.479999999999976 62.79999999999917 47.0799999999999 61.999999999999744 48.54969696969645 8.169696969696917 46.04969696969652 51.42969696969697 95.72969696969697 107.96969696969697 107.96969696969697
38.96666666666666 38.96666666666666 14.033333333333328 1.3583333333333272 0.6249999999999929 14.658333333333335 6.958333333333332 31.5 25.900000000000006 17.53333333333334 2.133333333333331 7.733333333333336 17.5 29.4 9.833333333333334 10.300000000000002 17.300000000000004 31.96666666666666 38.96666666666666 38.96666666666666 38.96666666666666 38.96666666666666
45.24545454545453 45.24545454545453 44.615454545454526 38.66545454545452 21.76000000000014 28.960000000000118 20.540000000000443 27.6400000000005 20.27000000000033 26.720000000000542 26.490000000000226 18.19000000000028 19.010000000000417 13.900000000000274 6.910000000000187 21.485454545454648 27.465454545454865 36.96545454545452 39.585454545454525 44.615454545454526 45.24545454545453 45.24545454545453
20.999999999999993 20.999999999999993 20.789999999999992 20.43999999999999 10.720000000000008 16.82 5.839999999999909 9.139999999999974 5.539999999999951 8.399999999999995 11.589999999999925 10.009999999999973 11.85000000000003 11.329999999999906 4.549999999999958 5.969999999999999 5.169999999999989 10.439999999999976 14.870000000000008 20.789999999999992 20.999999999999993 20.999999999999993
345.75757575757575 345.75757575757575 341.76757575757574 308.8263992869875 186.7094117647059 187.68000000000032 199.04999999999964 163.77999999999966 153.2400000000001 165.21000000000177 190.51999999999967 206.42000000000044 273.1211764705895 245.83941176470702 175.389411764706 151.5375757575746 214.5087522281642 242.768163992871 295.3475757575757 341.76757575757574 345.75757575757575 345.75757575757575
779.7575757575758 779.7575757575758 764.8475757575758 764.8475757575758 636.2200000000009 732.3200000000008 624.1100000000007 558.6599999999996 638.0999999999998 698.2799999999994 585.9999999999992 692.2399999999993 807.7299999999994 741.8599999999984 594.0899999999999 460.50757575757336 490.99757575757667 601.5575757575755 668.2575757575758 764.8475757575758 779.7575757575758 779.7575757575758
80.73333333333335 80.73333333333335 80.10333333333335 79.40333333333335 63.32666666666657 81.06 67.56 75.26 72.95999999999998 81.72999999999998 70.06 77.10000000000001 87.72 85.08999999999997 73.93 63.77333333333308 62.94333333333348 70.2666666666667 76.17333333333335 80.10333333333335 80.73333333333335 80.73333333333335
10.775757575757575 10.775757575757575 10.775757575757575 10.775757575757574 5.999999999999998 4.999999999999997 4.2999999999999945 3.4999999999999982 1.75 2.8000000000000007 2.1000000000000125 3.4499999999999886 1.0499999999999914 1.2499999999999982 2.169999999999991 0.15575757575757798 0.15575757575758153 0.1557575757575762 4.385757575757576 10.775757575757575 10.775757575757575 10.775757575757575
2.545454545454545 2.545454545454545 1.915454545454545 1.915454545454545 1.96 0.5599999999999999 0.5500000000000002 0.12000000000000077 1.2400000000000344 1.2600000000000007 1.54 0.1399999999999999 0.5599999999999999 1.2600000000000002 0.8400000000000002 0.38545454545454516 0.26545454545454505 0.8654545454545451 1.19545454545458 1.915454545454545 2.545454545454545 2.545454545454545
8.515433299825174 8.515433299825174 8.515433299825174 8.15245689329157 5.567064827586206 6.413808103448211 4.767558362068958 6.435238620689499 7.713675689654776 6.608581637930778 6.712879137930615 7.303824310344477 6.777417931034253 5.337142471264359 5.817205201149408 5.955231206896533 5.180807441016331 6.160740402298849 6.285647758620689 7.118618534482758 7.546136159874608 8.31123
700.0 700.0 699.0 696.0 683.0 689.0 676.0 687.0 684.0 685.0 683.0 687.0 684.0 686.0 678.0 683.0 680.0 685.0 691.0 693.0 700.0 698.0

H cap
-5.25 -5.25 -1.75 -1.75 12.25 1.75 1.75 1.75 29.75 19.25 22.75 33.25 -8.75 1.75 131.25 131.25 131.25 131.25 131.25 131.25 131.25 131.25
25.5 13.5 17.5 14.5 7.5 7.5 3.5 -2.0 7.0 16.0 13.0 9.5 2.5 17.5 52.5 52.5 52.5 52.5 52.5 52.5 52.5 52.5
42.0 42.0 45.5 45.5 45.5 45.5 52.5 49.0 45.5 42.0 45.5 49.0 35.0 38.5 63.0 63.0 63.0 63.0 63.0 63.0 63.0 63.0
-0.25 -6.25 0.25 -1.25 4.25 1.25 0.25 -3.25 0.25 -3.75 -1.25 6.75 -8.75 1.25 78.75 78.75 78.75 78.75 78.75 78.75 78.75 78.75

Gap
NaN

Time
NaN

