T P M C
35 37 4 12

base obj
11.99065934065934

exp obj
11.952994505494505

Objective struct
11.99065934065934 0.0 11.84

num campaigns
208

x
0 0 0 0 1 0 1 0 0 0 0 0 1 0 1 0 1 0 1 0 0 0 0 0 0 0 1 0 0 0 0 0 0 0 0
0 0 0 0 0 0 0 0 0 0 0 0 0 0 0 0 0 0 0 0 0 1 0 0 0 0 0 1 0 0 0 0 0 0 0
0 0 0 0 0 0 0 0 0 0 0 1 0 0 0 0 0 1 0 0 0 0 0 1 0 0 0 0 0 0 0 0 0 0 0
0 0 0 0 0 0 0 1 0 0 0 1 0 0 1 0 0 1 0 0 1 0 0 1 0 0 0 0 0 0 0 0 0 0 0
0 0 0 0 0 0 0 0 1 0 1 0 1 0 1 0 0 1 0 1 0 1 0 1 0 0 0 0 1 0 0 0 0 0 0
0 0 0 0 0 0 0 0 0 0 0 0 0 0 0 0 1 0 0 0 0 0 0 0 1 0 0 0 0 0 0 0 0 0 0
0 0 0 0 0 0 1 0 0 0 1 0 0 0 1 0 0 0 1 0 0 0 0 1 0 0 0 1 0 0 0 0 0 0 0
0 0 0 0 1 0 0 0 0 0 0 0 0 0 0 0 0 0 0 0 0 0 0 0 0 0 0 0 0 1 0 0 0 0 0
0 0 0 0 0 0 0 0 0 1 0 0 0 0 0 0 0 0 0 0 0 0 0 0 0 0 0 0 0 0 0 0 0 0 0
0 0 0 0 0 0 0 0 0 0 0 0 0 0 0 1 0 0 0 0 0 0 0 0 0 1 0 1 0 0 0 0 0 0 0
0 0 0 0 0 0 1 0 0 0 0 0 0 0 0 1 0 0 0 0 0 0 0 0 0 1 0 0 0 0 0 0 0 0 0
0 0 0 0 0 0 1 0 0 0 0 0 0 0 0 0 0 0 0 0 0 0 0 0 0 0 0 0 0 1 0 0 0 0 0
0 0 0 0 0 0 0 0 0 0 0 0 0 0 0 0 0 0 0 0 0 0 0 0 0 0 0 0 0 0 0 0 0 0 0
0 0 0 0 0 0 1 0 0 0 0 0 0 0 1 0 0 0 0 0 0 0 0 0 0 1 0 0 0 0 0 0 0 0 0
0 0 0 0 0 0 0 0 0 0 0 0 0 0 0 0 0 0 0 0 1 0 0 0 0 0 0 0 0 0 0 0 0 0 0
0 0 0 0 1 0 0 0 0 0 0 0 0 0 0 0 0 0 0 0 0 0 0 0 0 0 0 0 0 0 0 0 0 0 0
0 0 0 0 0 0 0 0 0 0 1 0 0 0 0 0 0 0 0 0 0 0 0 1 0 0 0 0 0 0 0 0 0 0 0
0 0 0 0 0 0 1 0 0 0 0 0 0 0 0 0 0 0 0 0 0 0 0 0 0 0 0 0 0 1 0 0 0 0 0
0 0 0 0 0 0 0 0 1 0 1 0 0 1 0 1 0 1 0 1 0 1 0 1 0 1 0 1 0 0 0 0 0 0 0
0 0 0 0 0 1 0 0 0 0 0 0 0 0 0 0 0 0 0 0 0 0 0 0 0 0 0 0 0 0 0 0 0 0 0
0 0 0 0 0 0 0 0 1 0 0 1 0 0 0 1 0 0 1 0 0 1 0 0 1 0 0 0 0 0 0 0 0 0 0
0 0 0 0 0 0 0 0 0 0 0 0 0 0 0 0 0 0 0 0 0 0 0 0 0 0 0 0 0 0 0 0 0 0 0
0 0 0 0 0 0 0 0 0 0 1 0 0 0 0 0 0 0 0 0 0 0 0 0 0 0 0 0 0 1 0 0 0 0 0
0 0 0 0 0 0 0 0 0 0 0 0 1 0 0 0 0 0 0 1 0 0 0 0 0 0 0 1 0 0 0 0 0 0 0
0 0 0 0 0 0 0 0 1 0 0 0 0 0 0 0 0 0 0 0 0 0 1 0 0 0 0 0 0 0 0 0 0 0 0
0 0 0 0 1 0 0 0 0 0 0 0 0 1 0 0 0 0 0 0 0 1 0 0 0 0 0 0 0 1 0 0 0 0 0
0 0 0 0 0 0 0 0 1 0 0 0 0 1 0 0 0 0 1 0 0 0 0 0 0 1 0 0 0 0 0 0 0 0 0
0 0 0 0 0 0 0 0 1 0 0 0 0 0 0 0 0 0 0 0 0 0 0 0 0 0 0 0 0 0 0 0 0 0 0
0 0 0 0 0 0 0 0 0 0 0 0 0 0 0 0 0 0 0 0 0 0 0 0 0 0 0 0 0 0 0 0 0 0 0
0 0 0 0 0 1 1 1 1 1 1 1 1 1 1 1 1 1 1 1 1 1 1 1 1 1 1 1 1 1 0 0 0 0 0
0 0 0 0 0 1 1 1 1 1 1 1 1 1 1 1 1 1 1 1 1 1 1 1 1 1 1 1 1 1 0 0 0 0 0
0 0 0 0 0 1 1 1 1 1 1 1 1 1 0 1 1 1 1 1 1 1 0 1 1 1 1 1 1 1 0 0 0 0 0
0 0 0 0 0 0 0 0 1 1 1 0 0 0 0 0 1 0 1 1 0 1 0 0 0 0 0 0 0 1 0 0 0 0 0
0 0 0 0 0 1 1 1 1 1 1 1 1 1 1 1 1 1 1 1 1 1 0 1 1 1 1 1 1 1 0 0 0 0 0
0 0 0 0 0 0 1 1 1 0 0 0 1 1 1 1 1 1 0 0 0 1 0 0 0 0 1 0 1 1 0 0 0 0 0
0 0 0 0 0 0 0 0 0 0 0 0 0 0 0 0 0 0 0 0 0 0 1 0 1 0 0 0 0 0 0 0 0 0 0
0 0 0 0 0 0 0 0 0 0 0 0 0 0 0 0 0 0 0 0 0 0 0 0 0 0 0 0 0 0 0 0 0 0 0

y
0.0 1.0 1.833333333333333 0.0 0.0 3.0 0.0 0.0 0.0 0.2142857142857142 0.0 0.0 0.0 3.0 0.0 0.0 0.5 0.0 0.0 0.0 0.0 0.0 0.0 0.75 1.5 0.0 0.0 0.0 0.0 0.0 0.0 0.0 0.5098039215686274 0.0 0.0 1.0 0.0

k
0 4 4 0 0 4 0 0 0 12 0 0 6 3 3 0 1 0 3 0 0 3 0 2 1 0 1 0 11 1 1 3 44 2 13 24 3

f
8.75 19.25 0.0 0.0 0.0 0.0 0.0 0.0 0.0 0.0 0.0 0.0 0.0 0.0 1.75 0.0 0.0 0.0 0.0 0.0 0.0 0.0 0.0 0.0 0.0 12.25 1.75 0.0 0.0 0.0 0.0 0.0 0.0 0.0 0.0
0.0 0.0 0.0 0.0 0.0 0.0 0.0 0.0 0.0 0.0 0.0 0.0 0.0 0.0 0.0 0.0 0.0 0.0 0.0 0.0 0.0 0.0 0.0 0.0 0.0 0.0 0.0 0.0 0.0 0.0 0.0 0.0 0.0 0.0 0.0
0.0 0.0 0.0 0.0 0.0 0.0 0.0 0.0 0.0 0.0 0.0 0.0 0.0 0.0 0.0 0.0 0.0 0.0 0.0 0.0 0.0 0.0 0.0 0.0 0.0 0.0 0.0 0.0 0.0 0.0 0.0 0.0 0.0 0.0 0.0
0.0 0.0 2.75 1.75 0.75 1.75 0.0 10.25 2.25 0.25 1.25 3.25 0.0 2.75 0.0 0.0 2.25 0.0 0.0 11.25 0.0 2.25 0.25 3.75 0.0 2.75 0.0 0.0 0.0 0.0 0.0 0.0 0.0 0.0 0.0

L
2 6 6 3 2 8 4 25 0 2 9 23 0 8 0 0 13 23 2 0 3 0 19 7 14 8 5 0 0 1 1 1 1 1 1 2 0

g
0 0 0 0 0 0 0 0 0 0 0 0 0 0 0 0 0 0 0 0 0 0 0 0 0 0 0 0 0 0 0 0 0 0 0
0 0 0 0 0 0 0 0 0 0 0 0 0 0 0 0 0 0 0 0 0 0 0 0 0 0 0 0 0 0 0 0 0 0 0
0 0 0 0 0 0 0 0 0 0 0 0 0 0 0 0 0 0 0 0 0 0 0 0 0 0 0 0 0 0 0 0 0 0 0
0 0 0 0 0 0 0 0 0 0 0 0 0 0 0 0 0 0 0 0 0 0 0 0 0 0 0 0 0 0 0 0 0 0 0
0 0 0 0 0 0 0 0 0 0 0 0 0 0 0 0 0 0 0 0 0 0 0 0 0 0 0 0 0 0 0 0 0 0 0
0 0 0 0 0 0 0 0 0 0 0 0 0 0 0 0 0 0 0 0 0 0 0 0 0 0 0 0 0 0 0 0 0 0 0
0 0 0 0 0 0 0 0 0 0 0 0 0 0 0 0 0 0 0 0 0 0 0 0 0 0 0 0 0 0 0 0 0 0 0
0 0 0 0 0 0 0 0 0 0 0 0 0 0 0 0 0 0 0 0 0 0 0 0 0 0 0 0 0 0 0 0 0 0 0
0 0 0 0 0 0 0 0 0 0 0 0 0 0 0 0 0 0 0 0 0 0 0 0 0 0 0 0 0 0 0 0 0 0 0
0 0 0 0 0 0 0 0 0 0 0 0 0 0 0 0 0 0 0 0 0 0 0 0 0 0 0 0 0 0 0 0 0 0 0
0 0 0 0 0 0 0 0 0 0 0 0 0 0 0 0 0 0 0 0 0 0 0 0 0 0 0 0 0 0 0 0 0 0 0
0 0 0 0 0 0 0 0 0 0 0 0 0 0 0 0 0 0 0 0 0 0 0 0 0 0 0 0 0 0 0 0 0 0 0
0 0 0 0 0 0 0 0 0 0 0 0 0 0 0 0 0 0 0 0 0 0 0 0 0 0 0 0 0 0 0 0 0 0 0
0 0 0 0 0 0 0 0 0 0 0 0 0 0 0 0 0 0 0 0 0 0 0 0 0 0 0 0 0 0 0 0 0 0 0
0 0 0 0 0 0 0 0 0 0 0 0 0 0 0 0 0 0 0 0 0 0 0 0 0 0 0 0 0 0 0 0 0 0 0
0 0 0 0 0 0 0 0 0 0 0 0 0 0 0 0 0 0 0 0 0 0 0 0 0 0 0 0 0 0 0 0 0 0 0
0 0 0 0 0 0 0 0 0 0 0 0 0 0 0 0 0 0 0 0 0 0 0 0 0 0 0 0 0 0 0 0 0 0 0
0 0 0 0 0 0 0 0 0 0 0 0 0 0 0 0 0 0 0 0 0 0 0 0 0 0 0 0 0 0 0 0 0 0 0
0 0 0 0 0 0 0 0 0 0 0 0 0 0 0 0 0 0 0 0 0 0 0 0 0 0 0 0 0 0 0 0 0 0 0
0 0 0 0 0 0 0 0 0 0 0 0 0 0 0 0 0 0 0 0 0 0 0 0 0 0 0 0 0 0 0 0 0 0 0
0 0 0 0 0 0 0 0 0 0 0 0 0 0 0 0 0 0 0 0 0 0 0 0 0 0 0 0 0 0 0 0 0 0 0
0 0 0 0 0 0 0 0 0 0 0 0 0 0 0 0 0 0 0 0 0 0 0 0 0 0 0 0 0 0 0 0 0 0 0
0 0 0 0 0 0 0 0 0 0 0 0 0 0 0 0 0 0 0 0 0 0 0 0 0 0 0 0 0 0 0 0 0 0 0
0 0 0 0 0 0 0 0 0 0 0 0 0 0 0 0 0 0 0 0 0 0 0 0 0 0 0 0 0 0 0 0 0 0 0
0 0 0 0 0 0 0 0 0 0 0 0 0 0 0 0 0 0 0 0 0 0 0 0 0 0 0 0 0 0 0 0 0 0 0
0 0 0 0 0 0 0 0 0 0 0 0 0 0 0 0 0 0 0 0 0 0 0 0 0 0 0 0 0 0 0 0 0 0 0
0 0 0 0 0 0 0 0 0 0 0 0 0 0 0 0 0 0 0 0 0 0 0 0 0 0 0 0 0 0 0 0 0 0 0
0 0 0 0 0 0 0 0 0 0 0 0 0 0 0 0 0 0 0 0 0 0 0 0 0 0 0 0 0 0 0 0 0 0 0
0 0 0 0 0 0 0 0 0 0 0 0 0 0 0 0 0 0 0 0 0 0 0 0 0 0 0 0 0 0 0 0 0 0 0
0 0 0 0 0 0 0 0 0 0 0 0 0 0 0 0 0 0 0 0 0 0 0 0 0 0 0 0 0 0 0 0 0 0 0
0 0 0 0 0 0 0 0 0 0 0 0 0 0 0 0 0 0 0 0 0 0 0 0 0 0 0 0 0 0 0 0 0 0 0
0 0 0 0 0 0 0 0 0 0 0 0 0 0 0 0 0 0 0 0 0 0 0 0 0 0 0 0 0 0 0 0 0 0 0
0 0 0 0 0 0 0 0 0 0 0 0 0 0 0 0 0 0 0 0 0 0 0 0 0 0 0 0 0 0 0 0 0 0 0
0 0 0 0 0 0 0 0 0 0 0 0 0 0 0 0 0 0 0 0 0 0 0 0 0 0 0 0 0 0 0 0 0 0 0
0 0 0 0 0 0 0 0 0 0 0 0 0 0 0 0 0 0 0 0 0 0 0 0 0 0 0 0 0 0 0 0 0 0 0
0 0 0 0 0 0 0 0 0 0 0 0 0 0 0 0 0 0 0 0 0 0 0 0 0 0 0 0 0 0 0 0 0 0 0
0 0 0 0 0 0 0 0 0 0 0 0 0 0 0 0 0 0 0 0 0 0 0 0 0 0 0 0 0 0 0 0 0 0 0

I cap
1058.909090909091 1058.909090909091 945.3270909090926 884.0520909090944 857.8150000000078 834.7240000000046 847.7070000000022 994.6000000000108 702.5630000000011 820.9179999999988 686.8009999999949 680.9629999999961 681.7850000000049 544.4200000000033 378.2559999999956 540.3420909090892 554.0030909090895 453.93009090909175 445.66509090909517 539.8860909090904 594.9860909090878 567.0370909090867 762.3190909090906 441.75109090909484 703.4380909090879 647.9200909090872 745.314090909087 610.5660909090893 823.9170909090911 689.6820909090901 840.8840909090965 900.2590909090969 1025.659090909091 1058.909090909091 672.0
107.96969696969697 107.96969696969697 69.55169696969696 68.69669696969669 70.20500000000057 76.48599999999945 5.643000000000178 11.650000000000063 47.23700000000068 93.63199999999966 99.79900000000049 82.3870000000002 87.01500000000026 69.88000000000032 75.79400000000003 38.486696969696766 37.17569696969744 44.14869696969751 76.16369696969737 86.44269696969721 83.59269696969733 96.34169696969748 100.55969696969726 70.57769696969729 90.0906969696976 38.25869696969744 44.41469696969763 7.212696969697046 41.811696969696925 5.996696969696984 43.844696969697296 44.31969696969729 74.71969696969697 107.96969696969697 84.0
38.96666666666666 38.96666666666666 38.96666666666666 15.279999999999994 20.413333333333327 14.632083333333329 29.25875 26.458750000000002 7.275416666666691 18.616666666666674 3.566666666666669 8.816666666666675 3.9166666666666696 15.816666666666668 24.85 11.733333333333334 18.383333333333333 11.733333333333334 18.38333333333334 11.733333333333341 18.383333333333333 11.733333333333334 18.383333333333333 11.733333333333334 18.38333333333334 11.733333333333334 18.383333333333333 25.666666666666664 20.275416666666665 20.275416666666665 26.925416666666663 26.925416666666663 38.96666666666666 38.96666666666666 23.8
45.24545454545453 45.24545454545453 43.250454545454524 43.25045454545453 26.855499999999996 30.001999999999956 28.434499999999762 28.244999999999564 25.82149999999981 27.424499999999586 28.05449999999962 17.567999999999838 19.00849999999996 17.975999999999924 13.769999999999847 26.843954545454142 25.836954545454113 24.69695454545409 26.197954545454078 25.86545454545419 27.413954545454132 32.86695454545412 33.617454545454294 27.5849545454542 26.91995454545412 24.981954545454222 25.171954545454277 24.95345454545431 27.945954545454235 35.30845454545437 42.708954545454525 42.708954545454525 43.98195454545453 45.24545454545453 42.0
20.999999999999993 20.999999999999993 20.20199999999999 20.20199999999999 13.132500000000004 19.221000000000696 13.644000000000313 10.142000000000625 10.144500000000178 10.4295 14.119500000000317 9.331499999999918 10.227500000000227 12.97350000000031 8.140000000000112 10.179500000000143 8.67850000000009 5.686000000000055 7.519500000000104 8.165500000000048 9.305500000000034 11.585499999999985 11.785000000000007 6.9590000000000725 7.177500000000011 7.491000000000069 9.685500000000047 9.372000000000181 9.761500000000048 10.521500000000064 14.245499999999987 17.095499999999987 20.458499999999994 20.999999999999993 21.0
345.75757575757575 345.75757575757575 341.96707575757574 303.96707575757574 171.36138235294118 195.8834411764708 215.78050000000079 209.88550000000154 232.23450000000304 222.25950000000412 176.7020000000007 146.2829999999994 205.28000000000304 265.4731176470624 229.49794117647235 234.75901693404828 224.85107575757783 243.8510757575776 229.62007575757886 221.4215757575788 216.62407575757794 280.683693404638 276.82501693404964 239.7560169340495 195.5340757575784 187.12657575757873 205.6990757575789 215.94957575757812 230.95007575757742 294.51569340463476 323.4046345811051 345.75757575757586 345.75757575757575 345.75757575757575 245.0
779.7575757575758 779.7575757575758 749.4335757575758 716.7535757575758 577.3230000000069 704.1525 796.014 662.1585000000001 727.1775 695.6895 713.8180000000007 709.1110000000001 770.2215000000002 791.8340000000001 753.6850000000001 625.6390757575762 617.7920757575763 537.7735757575767 494.73857575757506 566.881575757576 566.739075757577 674.2315757575767 752.2835757575775 644.2400757575763 609.6790757575758 648.2585757575762 671.2295757575773 667.752575757576 660.0575757575756 649.1230757575886 745.1300757575758 745.1300757575758 765.1370757575758 779.7575757575758 630.0
80.73333333333335 80.73333333333335 79.33683333333335 79.33683333333335 66.21249999999979 83.22883333333333 71.00399999999992 75.73950000000002 75.28949999999996 80.87349999999998 73.29349999999998 76.978 87.62949999999998 87.41399999999997 78.61499999999997 69.81783333333333 66.49283333333332 65.61883333333334 67.44283333333331 67.92733333333332 70.44483333333329 72.15483333333331 76.30000000000007 72.23716666666667 66.72083333333332 67.78483333333331 69.20983333333334 68.69683333333333 70.13133333333333 68.97233333333337 74.78 77.88333333333334 80.01133333333335 80.73333333333335 48.300000000000004
10.775757575757575 10.775757575757575 9.778257575757575 4.458257575757574 0.4675000000000047 3.8149999999999786 2.0700000000000047 2.4974999999999974 1.820000000000019 1.8799999999999977 1.2215000000000042 0.41100000000000314 1.3895000000000026 1.82000000000001 0.9400000000000026 0.5157575757575872 5.075757575757569 5.075757575757577 2.387257575757572 2.767257575757584 0.5252575757575819 3.5747575757575882 4.182757575757588 3.0332575757575446 0.6867575757575644 2.4252575757575716 1.9787575757575642 1.8457575757575877 6.253757575757578 3.308757575757606 7.118257575757566 9.778257575757573 9.873257575757576 10.775757575757575 8.4
2.545454545454545 2.545454545454545 1.946954545454545 1.946954545454545 1.4034999999999997 0.0035000000000000586 0.4629999999999993 0.01949999999999974 0.6624999999999879 0.13349999999999929 1.403499999999998 0.11750000000000005 0.0035000000000000586 0.7034999999999992 0.10499999999999976 0.5504545454545436 0.5504545454545432 0.5504545454545445 1.1489545454545436 1.1489545454545445 0.7499545454545432 1.2344545454545437 0.16095454545454047 0.16095454545454224 0.046954545454539254 0.04695454545454192 0.5504545454545423 1.0349545454545424 1.4624545454545386 0.5219545454545435 1.8614545454545415 1.8614545454545433 2.545454545454545 2.545454545454545 2.8000000000000003
8.515433299825174 8.515433299825174 8.515433299825174 8.515433299825174 6.098415747126438 6.292486272988507 5.180920775862114 6.241273275862157 7.376606568965617 6.956081310344944 8.29132708620699 7.609858793103554 6.518538793103526 6.085705698275963 5.675567278735689 4.887702307471337 5.064986206896632 4.995510517241469 4.0750441465518445 5.433273543103564 4.52251530642646 5.534161034482845 6.394098045977096 5.285463505747231 5.303944942528805 4.690946043103548 4.823575525862175 6.8744446637932 6.132342931034549 6.622500689655232 8.612928563218391 9.591614655172414 7.4835 8.024766408045977 11.625719885057473
700.0 700.0 700.0 696.1999999999998 690.5000000000001 687.65 684.7999999999998 690.4999999999999 680.9999999999998 687.6499999999997 678.1499999999996 678.1499999999999 682.8999999999999 687.6499999999999 681.9499999999998 680.9999999999998 686.6999999999998 686.6999999999997 685.7499999999999 684.7999999999996 684.7999999999997 680.0499999999998 687.6499999999999 679.0999999999997 682.8999999999999 682.8999999999997 688.5999999999997 681.9499999999997 686.6999999999997 678.1499999999999 685.7499999999999 692.4 699.05 700.0 697.15

H cap
-8.75 -19.25 1.75 1.75 26.25 1.75 19.25 22.75 26.25 29.75 19.25 5.25 1.75 1.75 -1.75 8.75 36.75 1.75 54.25 57.75 22.75 36.75 29.75 1.75 43.75 -12.25 -1.75 131.25 131.25 131.25 131.25 131.25 131.25 131.25 131.25
39.5 27.5 9.5 4.0 12.0 11.5 10.5 11.5 13.5 12.5 6.0 2.0 5.5 5.5 5.5 10.5 16.0 10.0 20.5 17.5 9.5 8.5 5.5 10.5 13.5 10.5 27.5 52.5 52.5 52.5 52.5 52.5 52.5 52.5 52.5
49.0 45.5 49.0 49.0 49.0 49.0 45.5 42.0 45.5 42.0 42.0 42.0 49.0 45.5 42.0 45.5 45.5 42.0 49.0 45.5 45.5 49.0 45.5 45.5 45.5 45.5 49.0 63.0 63.0 63.0 63.0 63.0 63.0 63.0 63.0
17.75 4.25 -2.75 -1.75 -0.75 -1.75 1.25 -10.25 -2.25 -0.25 -1.25 -3.25 0.75 -2.75 7.75 0.25 -2.25 2.25 3.75 -11.25 0.25 -2.25 -0.25 -3.75 16.25 -2.75 7.25 78.75 78.75 78.75 78.75 78.75 78.75 78.75 78.75

Gap
NaN

Time
NaN

