T P M C
35 37 4 12

base obj
10.991025641025642

exp obj
14.103269230769232

Objective struct
10.991025641025642 0.28 23.16

num campaigns
231

x
0 0 0 0 0 0 0 0 1 0 0 0 0 0 0 0 0 1 0 0 0 1 0 1 1 0 0 1 0 1 0 0 0 0 0
0 0 0 0 0 0 0 0 0 0 0 0 0 0 1 0 0 0 0 1 0 0 0 0 0 0 0 0 0 0 0 0 0 0 0
0 0 0 0 0 0 0 0 0 0 1 0 0 0 1 1 1 0 0 1 1 0 0 0 0 1 0 0 0 0 0 0 0 0 0
0 0 0 0 1 0 0 0 0 0 1 0 0 1 0 0 0 0 1 0 1 0 0 0 1 0 0 0 0 0 0 0 0 0 0
0 0 0 0 0 0 1 0 1 1 0 0 0 0 1 1 1 0 1 0 0 0 1 0 0 1 0 0 0 0 0 0 0 0 0
0 0 0 0 0 0 1 0 0 0 1 0 0 0 0 0 0 0 1 0 0 0 0 0 0 0 0 1 0 0 0 0 0 0 0
0 0 0 0 1 0 0 0 0 0 0 0 0 0 0 0 1 0 1 1 0 0 1 0 0 0 1 0 0 0 0 0 0 0 0
0 0 0 0 1 0 0 0 0 0 0 0 0 0 0 0 0 0 0 0 0 1 0 0 0 0 0 0 0 0 0 0 0 0 0
0 0 0 0 0 0 1 0 0 0 0 0 0 0 0 0 0 0 0 0 0 0 0 0 0 0 0 0 0 0 0 0 0 0 0
0 0 0 0 1 0 0 1 0 1 0 0 1 0 0 0 0 0 0 0 0 0 0 0 0 0 0 0 0 0 0 0 0 0 0
0 0 0 0 0 0 0 1 0 0 0 0 0 0 0 1 0 0 0 0 0 0 0 0 0 0 0 0 0 1 0 0 0 0 0
0 0 0 0 0 0 0 0 0 0 0 0 0 0 1 0 0 0 0 0 0 0 0 0 0 0 0 0 1 0 0 0 0 0 0
0 0 0 0 0 0 0 0 0 0 0 0 0 0 0 0 0 0 0 0 0 0 0 0 0 0 0 0 0 0 0 0 0 0 0
0 0 0 0 0 0 0 0 0 0 0 0 0 0 0 0 1 0 0 0 1 0 0 0 0 0 0 1 0 0 0 0 0 0 0
0 0 0 0 0 0 0 0 0 0 0 0 0 0 0 0 0 0 0 0 0 0 0 0 0 0 0 0 0 0 0 0 0 0 0
0 0 0 0 1 0 0 0 0 0 0 0 0 0 0 0 0 0 0 0 0 0 0 0 0 0 0 0 0 0 0 0 0 0 0
0 0 0 0 0 0 0 0 0 0 0 0 0 0 0 0 0 0 0 0 0 0 0 0 0 0 1 0 0 0 0 0 0 0 0
0 0 0 0 0 0 0 0 0 0 0 0 0 0 1 0 0 0 0 0 0 0 0 0 0 0 0 0 0 1 0 0 0 0 0
0 0 0 0 1 0 1 1 0 1 1 1 0 0 0 1 0 0 1 1 1 0 0 0 0 1 0 1 0 1 0 0 0 0 0
0 0 0 0 1 0 0 0 0 0 0 0 0 0 0 0 0 0 0 0 0 0 0 0 0 0 0 0 0 0 0 0 0 0 0
0 0 0 0 1 0 0 0 0 0 0 0 0 0 0 1 0 0 0 1 0 0 1 1 0 1 0 0 0 0 0 0 0 0 0
0 0 0 0 0 0 0 0 0 0 0 0 0 0 0 0 0 0 0 0 0 0 0 0 0 0 0 0 0 0 0 0 0 0 0
0 0 0 0 0 0 0 0 1 0 0 0 0 1 0 0 0 0 0 0 0 0 0 0 0 0 0 0 0 0 0 0 0 0 0
0 0 0 0 0 0 1 0 0 0 1 0 0 0 0 0 0 0 0 0 0 0 0 0 0 1 0 0 0 1 0 0 0 0 0
0 0 0 0 0 0 0 0 0 0 0 0 1 0 0 0 0 0 0 0 0 0 1 0 0 0 0 0 0 0 0 0 0 0 0
0 0 0 0 0 0 0 0 0 0 1 0 0 0 0 0 0 0 1 0 0 0 0 1 0 1 0 0 0 0 0 0 0 0 0
0 0 0 0 0 1 0 0 0 0 0 1 0 0 0 0 0 1 0 0 0 0 0 0 1 0 0 0 0 1 0 0 0 0 0
0 0 0 0 0 0 0 0 0 0 0 0 0 0 0 0 1 0 0 0 0 0 0 0 0 0 0 0 0 0 0 0 0 0 0
0 0 0 0 0 0 0 0 0 0 0 0 0 0 0 0 0 0 0 0 0 0 0 0 0 0 0 0 0 0 0 0 0 0 0
0 0 0 0 0 1 1 1 0 1 1 1 1 0 1 1 1 1 1 1 1 1 0 0 1 1 0 1 1 1 0 0 0 0 0
0 0 0 0 1 1 3 1 0 0 1 0 1 0 1 1 1 2 1 1 1 1 0 0 1 1 1 1 0 1 0 0 0 0 0
0 0 0 0 0 1 0 0 1 1 0 1 1 0 0 1 1 1 1 1 1 0 1 1 1 1 0 1 1 1 0 0 0 0 0
0 0 0 0 2 2 2 2 2 0 0 2 1 1 2 2 2 0 2 1 1 0 0 2 0 1 2 2 2 2 0 0 0 0 0
0 0 0 0 0 0 1 0 1 1 1 1 1 1 1 1 1 1 1 1 1 0 0 1 1 1 0 1 1 1 0 0 0 0 0
0 0 0 0 0 0 0 1 2 1 1 0 1 0 1 1 2 0 1 0 2 1 1 2 0 0 0 0 0 1 0 0 0 0 0
0 0 0 0 0 0 0 0 0 0 0 0 0 0 0 0 0 0 0 0 0 0 0 0 0 0 0 0 0 0 0 0 0 0 0
0 0 0 0 0 0 0 0 0 0 0 0 0 0 0 0 0 0 0 0 0 0 0 0 0 0 0 0 0 0 0 0 0 0 0

y
0.0 0.0 0.0 0.0 0.0 0.0 0.0 0.0 0.0 0.2142857142857142 0.0 0.0 0.0 0.0 0.0 0.0 0.0 0.0 0.0 0.0 0.0 0.0 0.0 0.0 0.0 0.0 0.0 0.0 0.0 0.0 0.0 0.0 0.0 0.0 0.0 0.0 0.0

k
0 4 0 0 0 2 0 0 0 11 0 0 6 3 4 0 2 0 0 0 0 3 0 1 1 0 0 0 11 6 4 8 17 6 8 26 3

f
4.200000000000015 19.950000000000003 0.0 0.0 0.0 0.0 0.0 0.0 0.0 0.0 1.0500000000000078 7.35000000000003 0.0 0.0 1.0500000000000078 7.350000000000032 0.0 0.0 1.0500000000000256 0.0 0.0 0.0 0.0 0.0 0.0 1.0500000000000078 0.0 0.0 0.0 0.0 0.0 0.0 0.0 0.0 0.0
0.0 0.0 0.0 0.0 0.0 0.0 0.0 0.0 0.0 0.0 0.0 0.0 4.1999999999999975 0.15000000000000924 0.0 0.0 0.0 0.0 0.0 0.0 0.0 0.0 0.0 0.0 0.0 0.0 0.0 0.0 0.0 0.0 0.0 0.0 0.0 0.0 0.0
0.0 0.0 0.0 0.0 0.0 0.0 0.0 0.0 0.0 0.0 0.0 0.0 0.0 0.0 0.0 0.0 0.0 0.0 0.0 0.0 0.0 0.0 0.0 0.0 0.0 0.0 0.0 0.0 0.0 0.0 0.0 0.0 0.0 0.0 0.0
0.0 0.0 0.0 0.8999999999997823 0.44999999999991935 0.0 6.29999999999999 4.499999999999961 0.0 8.999999999999899 0.0 0.0 0.0 0.0 0.0 0.0 0.0 0.0 0.0 0.0 0.0 8.099999999999993 0.0 10.80000000000003 4.950000000000012 4.049999999999942 0.0 0.0 0.0 0.0 0.0 0.0 0.0 0.0 0.0

L
1 5 1 2 1 4 1 17 0 2 8 14 0 4 0 0 0 15 1 0 1 0 5 4 10 2 5 0 0 1 0 1 0 1 0 0 0

g
0 0 0 0 0 0 0 0 0 0 0 0 0 0 0 0 0 0 0 0 0 0 0 0 0 0 0 0 0 0 0 0 0 0 0
0 0 0 0 0 0 0 0 0 0 0 0 0 0 0 0 0 0 0 0 0 0 0 0 0 0 0 0 0 0 0 0 0 0 0
0 0 0 0 0 0 0 0 0 0 0 0 0 0 0 0 0 0 0 0 0 0 0 0 0 0 0 0 0 0 0 0 0 0 0
0 0 0 0 0 0 0 0 0 0 0 0 0 0 0 0 0 0 0 0 0 0 0 0 0 0 0 0 0 0 0 0 0 0 0
0 0 0 0 0 0 0 0 0 0 0 0 0 0 0 0 0 0 0 0 0 0 0 0 0 0 0 0 0 0 0 0 0 0 0
0 0 0 0 0 0 0 0 0 0 0 0 0 0 0 0 0 0 0 0 0 0 0 0 0 0 0 0 0 0 0 0 0 0 0
0 0 0 0 0 0 0 0 0 0 0 0 0 0 0 0 0 0 0 0 0 0 0 0 0 0 0 0 0 0 0 0 0 0 0
0 0 0 0 0 0 0 0 0 0 0 0 0 0 0 0 0 0 0 0 0 0 0 0 0 0 0 0 0 0 0 0 0 0 0
0 0 0 0 0 0 0 0 0 0 0 0 0 0 0 0 0 0 0 0 0 0 0 0 0 0 0 0 0 0 0 0 0 0 0
0 0 0 0 0 0 0 0 0 0 0 0 0 0 0 0 0 0 0 0 0 0 0 0 0 0 0 0 0 0 0 0 0 0 0
0 0 0 0 0 0 0 0 0 0 0 0 0 0 0 0 0 0 0 0 0 0 0 0 0 0 0 0 0 0 0 0 0 0 0
0 0 0 0 0 0 0 0 0 0 0 0 0 0 0 0 0 0 0 0 0 0 0 0 0 0 0 0 0 0 0 0 0 0 0
0 0 0 0 0 0 0 0 0 0 0 0 0 0 0 0 0 0 0 0 0 0 0 0 0 0 0 0 0 0 0 0 0 0 0
0 0 0 0 0 0 0 0 0 0 0 0 0 0 0 0 0 0 0 0 0 0 0 0 0 0 0 0 0 0 0 0 0 0 0
0 0 0 0 0 0 0 0 0 0 0 0 0 0 0 0 0 0 0 0 0 0 0 0 0 0 0 0 0 0 0 0 0 0 0
0 0 0 0 0 0 0 0 0 0 0 0 0 0 0 0 0 0 0 0 0 0 0 0 0 0 0 0 0 0 0 0 0 0 0
0 0 0 0 0 0 0 0 0 0 0 0 0 0 0 0 0 0 0 0 0 0 0 0 0 0 0 0 0 0 0 0 0 0 0
0 0 0 0 0 0 0 0 0 0 0 0 0 0 0 0 0 0 0 0 0 0 0 0 0 0 0 0 0 0 0 0 0 0 0
0 0 0 0 0 0 0 0 0 0 0 0 0 0 0 0 0 0 0 0 0 0 0 0 0 0 0 0 0 0 0 0 0 0 0
0 0 0 0 0 0 0 0 0 0 0 0 0 0 0 0 0 0 0 0 0 0 0 0 0 0 0 0 0 0 0 0 0 0 0
0 0 0 0 0 0 0 0 0 0 0 0 0 0 0 0 0 0 0 0 0 0 0 0 0 0 0 0 0 0 0 0 0 0 0
0 0 0 0 0 0 0 0 0 0 0 0 0 0 0 0 0 0 0 0 0 0 0 0 0 0 0 0 0 0 0 0 0 0 0
0 0 0 0 0 0 0 0 0 0 0 0 0 0 0 0 0 0 0 0 0 0 0 0 0 0 0 0 0 0 0 0 0 0 0
0 0 0 0 0 0 0 0 0 0 0 0 0 0 0 0 0 0 0 0 0 0 0 0 0 0 0 0 0 0 0 0 0 0 0
0 0 0 0 0 0 0 0 0 0 0 0 0 0 0 0 0 0 0 0 0 0 0 0 0 0 0 0 0 0 0 0 0 0 0
0 0 0 0 0 0 0 0 0 0 0 0 0 0 0 0 0 0 0 0 0 0 0 0 0 0 0 0 0 0 0 0 0 0 0
0 0 0 0 0 0 0 0 0 0 0 0 0 0 0 0 0 0 0 0 0 0 0 0 0 0 0 0 0 0 0 0 0 0 0
0 0 0 0 0 0 0 0 0 0 0 0 0 0 0 0 0 0 0 0 0 0 0 0 0 0 0 0 0 0 0 0 0 0 0
0 0 0 0 0 0 0 0 0 0 0 0 0 0 0 0 0 0 0 0 0 0 0 0 0 0 0 0 0 0 0 0 0 0 0
0 0 0 0 0 0 0 0 0 0 0 0 0 0 0 0 0 0 0 0 0 0 0 0 0 0 0 0 0 0 0 0 0 0 0
0 0 0 0 0 0 2 0 0 0 0 0 0 0 0 0 0 1 0 0 0 0 0 0 0 0 0 0 0 0 0 0 0 0 0
0 0 0 0 0 0 0 0 0 0 0 0 0 0 0 0 0 0 0 0 0 0 0 0 0 0 0 0 0 0 0 0 0 0 0
0 0 0 0 0 0 0 0 0 0 0 0 0 0 0 0 0 0 0 0 0 0 0 0 0 0 0 0 0 0 0 0 0 0 0
0 0 0 0 0 0 0 0 0 0 0 0 0 0 0 0 0 0 0 0 0 0 0 0 0 0 0 0 0 0 0 0 0 0 0
0 0 0 0 0 0 0 0 1 0 0 0 0 0 0 0 1 0 0 0 1 0 0 1 0 0 0 0 0 0 0 0 0 0 0
0 0 0 0 0 0 0 0 0 0 0 0 0 0 0 0 0 0 0 0 0 0 0 0 0 0 0 0 0 0 0 0 0 0 0
0 0 0 0 0 0 0 0 0 0 0 0 0 0 0 0 0 0 0 0 0 0 0 0 0 0 0 0 0 0 0 0 0 0 0

I cap
1058.909090909091 1058.909090909091 1001.509090909091 957.409090909091 882.6400000000003 975.4200000000002 863.4399999999993 1042.3799999999999 718.4000000000008 817.3200000000004 329.1200000000001 547.0800000000006 696.4400000000005 729.4599999999998 874.4999999999999 654.9490909090915 372.5890909090916 495.56909090909096 82.48909090909063 302.56909090909147 273.0290909090919 566.2690909090906 488.4890909090914 507.84909090909093 264.9690909090907 338.4490909090912 408.7690909090915 382.3290909090912 771.9490909090915 685.5490909090904 754.1690909090903 921.8490909090917 976.349090909091 1058.909090909091 672.0
107.96969696969697 107.96969696969697 70.96969696969697 70.06969696969696 32.16000000000002 42.58000000000002 51.55999999999999 10.619999999999987 44.59999999999994 64.67999999999996 54.87999999999998 91.91999999999996 66.56 46.54000000000001 64.50000000000003 35.92969696969693 16.289696969696955 48.309696969696965 50.38969696969698 38.30969696969697 20.84969696969698 30.609696969697012 43.389696969696985 52.029696969697 30.909696969696938 73.42969696969699 72.10969696969698 75.54969696969701 49.929696969696955 40.32969696969697 43.70969696969696 74.02969696969697 104.52969696969697 107.96969696969697 84.0
38.96666666666666 38.96666666666666 14.033333333333328 14.033333333333328 6.299999999999997 20.333333333333336 12.633333333333333 24.5 25.900000000000006 25.200000000000003 16.799999999999997 8.400000000000002 10.5 16.725 18.825000000000003 4.624999999999995 4.624999999999998 17.299999999999997 31.96666666666666 10.299999999999997 3.299999999999997 10.299999999999997 17.299999999999997 9.633333333333331 9.633333333333338 2.633333333333331 17.300000000000004 10.299999999999997 19.29166666666667 12.291666666666664 19.29166666666666 19.29166666666666 38.96666666666666 38.96666666666666 23.8
45.24545454545453 45.24545454545453 43.77545454545453 43.77545454545453 21.89 23.559999999999945 21.779999999999944 29.680000000000028 28.37999999999995 27.809999999999935 18.79000000000001 17.890000000000008 19.750000000000036 17.660000000000007 14.800000000000011 23.625454545454524 20.275454545454533 23.75545454545454 20.355454545454535 23.085454545454535 18.445454545454535 26.765454545454514 38.32545454545454 35.72545454545452 25.505454545454477 31.445454545454496 30.805454545454513 25.335454545454546 28.94545454545452 34.145454545454534 38.89545454545452 42.21545454545453 44.615454545454526 45.24545454545453 42.0
20.999999999999993 20.999999999999993 20.369999999999994 20.369999999999994 7.149999999999999 14.879999999999908 3.399999999999981 5.059999999999958 5.499999999999975 14.689999999999994 12.239999999999979 15.88999999999999 12.43999999999999 17.51999999999996 10.260000000000002 7.569999999999999 1.8899999999999855 1.9800000000000075 1.6600000000000037 3.9299999999999944 1.1699999999999857 3.6699999999999773 10.989999999999952 16.319999999999936 13.559999999999992 11.269999999999982 7.659999999999949 6.639999999999981 12.50999999999998 13.039999999999964 16.389999999999983 17.789999999999992 20.789999999999992 20.999999999999993 21.0
345.75757575757575 345.75757575757575 345.75757575757575 305.75757575757575 143.38882352941178 188.50058823529403 250.98058823529422 216.99882352941165 226.23941176470595 243.5511764705881 192.5994117647059 220.79941176470578 234.5011764705883 243.76058823529436 277.4388235294118 265.79698752228194 234.89757575757602 233.32757575757586 218.32757575757608 225.1575757575759 264.6187522281641 260.47698752228143 268.6169875222816 252.45757575757597 234.02757575757602 257.02875222816374 221.2269875222818 203.71698752228158 217.397575757576 278.8887522281643 291.91816399286995 320.76757575757574 341.76757575757574 345.75757575757575 245.0
779.7575757575758 779.7575757575758 762.7475757575758 570.8475757575758 278.9499999999998 411.96000000000004 430.0900000000002 451.76000000000033 738.12 859.6599999999997 524.2599999999999 549.7800000000004 635.1500000000002 529.6899999999997 497.92999999999984 336.38757575757575 442.29757575757594 470.2075757575755 340.57757575757546 462.30757575757536 467.9775757575759 565.5975757575761 503.95757575757557 590.5475757575763 568.8475757575761 427.9175757575764 341.62757575757604 299.0275757575756 384.1975757575761 558.647575757576 665.2475757575758 733.0475757575758 764.8475757575758 779.7575757575758 630.0
80.73333333333335 80.73333333333335 79.89333333333335 79.89333333333335 64.72999999999996 84.36999999999999 70.35666666666665 79.41333333333334 78.11666666666666 81.27 66.66999999999997 77.85000000000001 87.10000000000001 86.30999999999999 76.91999999999999 65.01333333333335 63.00333333333331 66.96333333333331 64.4833333333333 66.62333333333335 62.30333333333334 68.08666666666673 75.78333333333335 73.36000000000001 67.46333333333334 68.92333333333335 72.3566666666667 68.28999999999996 66.29333333333334 67.80333333333331 72.23666666666671 80.10333333333335 80.10333333333335 80.73333333333335 48.300000000000004
10.775757575757575 10.775757575757575 9.725757575757575 4.125757575757573 0.05000000000000071 1.0999999999999996 0.09999999999999742 0.15000000000000213 0.6000000000000005 0.29999999999999805 3.8000000000000007 5.299999999999998 2.5 0.9400000000000004 7.249999999999999 4.265757575757576 1.0657575757575755 2.7757575757575754 1.5157575757575774 1.3757575757575768 2.8157575757575746 0.11575757575757795 3.7257575757575765 0.5257575757575763 1.8257575757575752 5.97575757575757 1.7457575757575752 0.15575757575757443 4.385757575757574 5.175757575757575 3.175757575757576 5.975757575757576 10.775757575757575 10.775757575757575 8.4
2.545454545454545 2.545454545454545 2.545454545454545 2.545454545454545 2.8 0.4999999999999999 0.73 0.6300000000000002 1.2399999999999998 1.2600000000000002 2.17 0.7699999999999999 1.4 0.8400000000000005 0.3600000000000001 0.6854545454545453 0.6854545454545453 1.7054545454545451 0.445454545454546 0.5354545454545452 0.7754545454545452 0.5654545454545452 0.4454545454545452 0.4454545454545452 0.23545454545454525 0.4454545454545452 0.6554545454545452 0.4454545454545452 0.08545454545454567 0.35545454545454525 0.3554545454545466 1.9154545454545473 1.915454545454545 2.545454545454545 2.8000000000000003
8.515433299825174 8.515433299825174 8.515433299825174 7.825778127411372 4.480525375075598 4.639095459770103 4.688822902298847 5.763732268602533 6.689779915305486 5.48099543103448 6.2496607471264225 6.987732183908039 7.56625640653357 5.8362350302480275 4.822952499999995 3.811553045977002 3.9005894827586127 4.12568258620689 4.04426810344828 3.9979287068965474 3.9944120219435675 5.529953532970356 6.170132528735626 4.597774455535388 4.313427528735624 3.8685776134301166 4.047639340592852 6.097145977011488 6.234929137931029 6.088925199637019 8.71493988505747 8.384717931034482 7.811086206896552 8.024766408045977 11.625719885057473
700.0 700.0 699.0 696.0 685.0 690.0 686.0 686.0 682.0 682.0 677.0 680.0 683.0 682.0 679.0 679.0 682.0 684.0 682.0 680.0 680.0 682.0 681.0 679.0 682.0 677.0 682.0 681.0 688.0 681.0 689.0 689.0 693.0 699.0 698.0

H cap
-4.200000000000015 -19.950000000000003 24.14999999999999 11.549999999999985 14.700000000000005 14.699999999999973 33.59999999999998 36.749999999999986 87.14999999999998 71.39999999999999 -1.0500000000000078 -7.35000000000003 24.149999999999977 8.400000000000006 -1.0500000000000078 -7.350000000000032 33.59999999999998 8.399999999999993 -1.0500000000000256 36.749999999999986 2.0999999999999925 11.549999999999981 65.09999999999997 24.150000000000006 33.599999999999994 -1.0500000000000078 8.399999999999993 131.25 131.25 131.25 131.25 131.25 131.25 131.25 131.25
28.65000000000002 12.450000000000006 11.09999999999997 7.499999999999953 10.200000000000031 12.900000000000027 18.3 19.200000000000006 15.599999999999998 24.150000000000006 20.099999999999977 2.999999999999983 -4.1999999999999975 -0.15000000000000924 5.249999999999995 5.699999999999991 4.350000000000032 7.500000000000042 26.40000000000006 22.800000000000036 11.550000000000068 14.700000000000006 20.55 11.099999999999998 10.200000000000001 9.299999999999994 24.6 52.5 52.5 52.5 52.5 52.5 52.5 52.5 52.5
44.10000000000001 40.95000000000001 47.25000000000001 40.95000000000001 44.10000000000001 44.10000000000001 37.80000000000001 40.95000000000001 53.550000000000004 53.550000000000004 44.10000000000001 37.80000000000001 44.10000000000001 50.400000000000006 44.10000000000001 40.95000000000001 44.10000000000001 47.25000000000001 53.550000000000004 53.550000000000004 47.25000000000001 37.80000000000001 44.10000000000001 53.550000000000004 56.7 44.10000000000001 44.10000000000001 63.0 63.0 63.0 63.0 63.0 63.0 63.0 63.0
18.44999999999999 4.050000000000008 4.500000000000197 -0.8999999999997823 -0.44999999999991935 0.9000000000000612 -6.29999999999999 -4.499999999999961 10.350000000000056 -8.999999999999899 0.45000000000008766 7.650000000000011 5.850000000000044 5.639932965095795e-14 1.3500000000000236 4.5000000000000355 3.1500000000001154 6.838973831690964e-14 0.45000000000004237 8.482103908136196e-14 5.850000000000108 -8.099999999999993 8.099999999999987 -10.80000000000003 -4.950000000000012 -4.049999999999942 11.700000000000037 78.75 78.75 78.75 78.75 78.75 78.75 78.75 78.75

Gap
NaN

Time
NaN

