T P M C
35 37 4 12

base obj
11.147802197802196

exp obj
11.430851648351648

Objective struct
11.147802197802196 0.0 12.280000000000001

num campaigns
220

x
0 0 0 0 1 0 0 0 1 0 0 0 1 0 0 0 1 0 0 0 1 0 0 0 0 1 0 0 0 1 0 0 0 0 0
0 0 0 0 0 0 0 0 0 0 0 0 0 0 1 0 0 0 0 0 0 1 0 0 0 0 0 0 0 0 0 0 0 0 0
0 0 0 0 0 0 0 0 0 0 1 0 0 0 1 0 0 0 1 0 0 0 0 0 0 0 0 1 0 0 0 0 0 0 0
0 0 0 0 0 0 0 0 1 0 0 0 1 0 0 1 0 0 0 1 0 0 1 0 0 0 1 0 0 0 0 0 0 0 0
0 0 0 0 0 0 1 0 1 0 1 1 1 1 1 0 0 1 1 0 0 0 0 0 0 0 0 0 0 0 0 0 0 0 0
0 0 0 0 0 0 0 0 0 0 1 0 0 0 0 0 0 0 1 0 0 0 0 1 0 0 0 0 0 0 0 0 0 0 0
0 0 0 0 0 1 0 0 0 1 0 0 0 1 0 0 0 0 0 1 0 0 0 1 0 0 0 0 0 1 0 0 0 0 0
0 0 0 0 1 0 0 0 0 0 0 0 0 0 0 0 0 0 0 0 0 0 0 0 0 0 0 0 0 1 0 0 0 0 0
0 0 0 0 0 0 0 0 0 0 0 0 0 0 0 0 0 1 0 0 0 0 0 0 0 0 0 0 0 0 0 0 0 0 0
0 0 0 0 0 0 0 0 0 0 0 0 0 0 1 0 0 0 0 1 0 0 0 0 0 1 0 0 0 0 0 0 0 0 0
0 0 0 0 1 0 0 0 0 0 0 0 0 0 0 1 0 0 0 0 0 0 0 0 0 0 1 0 0 0 0 0 0 0 0
0 0 0 0 0 0 1 0 0 0 0 0 0 0 0 0 0 0 0 0 0 0 1 0 0 0 0 0 0 0 0 0 0 0 0
0 0 0 0 0 0 0 0 0 0 0 0 0 0 0 0 0 0 0 0 0 0 0 0 1 0 0 0 0 1 0 0 0 0 0
0 0 0 0 1 0 0 0 0 0 0 0 1 0 0 0 0 1 0 0 0 0 0 0 0 0 0 0 0 0 0 0 0 0 0
0 0 0 0 0 0 0 0 0 0 0 0 0 0 0 0 0 0 0 0 0 0 0 0 0 0 0 0 0 0 0 0 0 0 0
0 0 0 0 1 0 0 0 0 0 0 0 0 0 0 0 0 0 0 0 0 0 0 0 0 0 0 0 0 0 0 0 0 0 0
0 0 0 0 0 0 0 0 0 0 0 0 0 0 0 0 1 0 0 0 0 0 0 0 0 1 0 0 0 0 0 0 0 0 0
0 0 0 0 0 0 1 0 0 0 0 0 0 0 0 0 0 0 0 0 0 0 0 0 0 0 0 1 0 0 0 0 0 0 0
0 0 0 0 0 0 1 0 0 1 0 1 0 1 0 1 0 1 0 1 0 1 0 1 0 1 0 1 0 1 0 0 0 0 0
0 0 0 0 0 0 1 0 0 0 0 0 0 0 0 0 0 0 0 0 0 0 0 0 0 0 0 0 0 0 0 0 0 0 0
0 0 0 0 0 0 0 1 0 0 1 0 0 1 0 0 1 0 0 1 0 0 1 0 0 0 0 0 0 0 0 0 0 0 0
0 0 0 0 0 0 0 0 0 0 0 0 0 0 0 0 0 0 0 0 0 0 0 0 0 0 0 0 0 0 0 0 0 0 0
0 0 0 0 0 0 1 0 0 0 0 0 0 0 0 0 0 0 0 0 0 0 0 0 0 0 0 1 0 0 0 0 0 0 0
0 0 0 0 0 0 0 0 0 0 1 0 0 0 0 1 0 0 0 0 0 0 0 1 0 0 0 0 0 1 0 0 0 0 0
0 0 0 0 0 0 0 0 1 0 0 0 0 0 0 0 0 0 0 0 0 1 0 0 0 0 0 0 0 0 0 0 0 0 0
0 0 0 0 0 1 0 0 0 0 0 0 1 0 0 0 0 0 0 1 0 0 0 0 0 0 0 1 0 0 0 0 0 0 0
0 0 0 0 0 0 1 0 0 0 0 0 0 0 1 0 0 0 0 0 1 0 0 0 0 0 0 1 0 0 0 0 0 0 0
0 0 0 0 0 0 0 0 0 0 0 0 0 0 0 0 0 0 0 0 0 0 0 0 1 0 0 0 0 0 0 0 0 0 0
0 0 0 0 0 0 0 0 0 0 0 0 0 0 0 0 0 0 0 0 0 0 0 0 0 0 0 0 0 0 0 0 0 0 0
0 0 0 0 1 0 1 1 1 1 1 1 1 1 1 1 1 1 1 1 1 1 1 1 1 1 1 1 1 1 0 0 0 0 0
0 0 0 0 1 1 1 1 1 1 1 1 1 1 1 1 1 1 1 1 1 1 1 1 1 1 1 1 1 1 0 0 0 0 0
0 0 0 0 1 1 1 1 1 1 1 1 1 1 1 1 1 1 1 1 1 1 1 1 1 1 1 1 1 1 0 0 0 0 0
0 0 0 0 0 0 1 0 0 0 1 1 1 1 1 0 0 1 1 1 1 0 0 1 1 1 1 1 0 0 0 0 0 0 0
0 0 0 0 0 0 1 1 1 1 1 1 1 1 1 0 0 1 1 1 1 1 1 1 1 1 1 1 1 1 0 0 0 0 0
0 0 0 0 0 0 0 0 0 1 1 1 1 1 1 0 0 0 1 1 0 0 1 1 1 0 0 0 1 0 0 0 0 0 0
0 0 0 0 0 0 0 0 0 0 0 0 0 0 0 0 0 0 0 0 0 0 0 0 0 0 0 0 0 0 0 0 0 0 0
0 0 0 0 0 0 0 0 0 0 0 0 0 0 0 0 0 0 0 0 0 0 0 0 0 0 0 0 0 0 0 0 0 0 0

y
0.0 2.0 0.0 0.0 0.0 0.0 0.0 0.0 0.0 3.2142857142857144 0.0 0.0 0.0 0.0 0.0 0.0 0.0 0.0 0.0 0.0 0.0 0.0 0.0 0.0 0.5 0.0 0.0 0.0 0.0 0.0 0.0 0.0 0.5098039215686274 0.0 0.0 0.0 0.0

k
0 4 3 0 0 3 0 0 0 12 0 0 4 3 4 0 1 0 1 0 0 3 0 1 1 0 1 0 11 1 0 0 37 4 14 26 3

f
11.725000000000001 21.699999999999996 1.750000000000103 1.7500000000000675 0.0 0.0 0.0 0.0 0.0 0.0 0.0 0.0 0.0 0.0 0.0 0.0 0.0 0.0 0.0 0.0 0.0 0.0 0.0 0.0 0.0 0.0 0.0 0.0 0.0 0.0 0.0 0.0 0.0 0.0 0.0
0.0 0.0 0.0 0.0 0.0 0.0 0.0 0.0 0.0 0.0 0.2250000000001129 0.0 0.0 0.0 0.0 0.0 0.0 0.0 0.0 0.0 0.0 0.0 0.0 0.0 0.0 0.0 0.0 0.0 0.0 0.0 0.0 0.0 0.0 0.0 0.0
0.0 0.0 0.0 0.0 0.0 0.0 0.0 0.0 0.0 0.0 0.0 0.0 0.0 0.0 0.0 0.0 0.0 0.0 0.0 0.0 0.0 0.0 0.0 0.0 0.0 0.0 0.0 0.0 0.0 0.0 0.0 0.0 0.0 0.0 0.0
0.5750000000000028 8.64999999999987 0.5750000000000526 1.04999999999995 1.0499999999999199 2.9499999999999025 0.0 1.5249999999999382 0.0 0.0 0.0 5.325000000000021 3.4249999999999607 3.899999999999972 0.0 0.0 0.0 12.450000000000035 0.10000000000008047 0.1000000000000083 0.0 1.5249999999998307 0.0 2.4749999999999837 0.0 3.899999999999828 0.0 0.0 0.0 0.0 0.0 0.0 0.0 0.0 0.0

L
4 7 4 3 1 5 4 25 0 5 11 16 5 5 0 0 9 21 2 0 3 0 21 5 13 7 6 0 0 1 1 1 1 1 1 0 0

g
0 0 0 0 0 0 0 0 0 0 0 0 0 0 0 0 0 0 0 0 0 0 0 0 0 0 0 0 0 0 0 0 0 0 0
0 0 0 0 0 0 0 0 0 0 0 0 0 0 0 0 0 0 0 0 0 0 0 0 0 0 0 0 0 0 0 0 0 0 0
0 0 0 0 0 0 0 0 0 0 0 0 0 0 0 0 0 0 0 0 0 0 0 0 0 0 0 0 0 0 0 0 0 0 0
0 0 0 0 0 0 0 0 0 0 0 0 0 0 0 0 0 0 0 0 0 0 0 0 0 0 0 0 0 0 0 0 0 0 0
0 0 0 0 0 0 0 0 0 0 0 0 0 0 0 0 0 0 0 0 0 0 0 0 0 0 0 0 0 0 0 0 0 0 0
0 0 0 0 0 0 0 0 0 0 0 0 0 0 0 0 0 0 0 0 0 0 0 0 0 0 0 0 0 0 0 0 0 0 0
0 0 0 0 0 0 0 0 0 0 0 0 0 0 0 0 0 0 0 0 0 0 0 0 0 0 0 0 0 0 0 0 0 0 0
0 0 0 0 0 0 0 0 0 0 0 0 0 0 0 0 0 0 0 0 0 0 0 0 0 0 0 0 0 0 0 0 0 0 0
0 0 0 0 0 0 0 0 0 0 0 0 0 0 0 0 0 0 0 0 0 0 0 0 0 0 0 0 0 0 0 0 0 0 0
0 0 0 0 0 0 0 0 0 0 0 0 0 0 0 0 0 0 0 0 0 0 0 0 0 0 0 0 0 0 0 0 0 0 0
0 0 0 0 0 0 0 0 0 0 0 0 0 0 0 0 0 0 0 0 0 0 0 0 0 0 0 0 0 0 0 0 0 0 0
0 0 0 0 0 0 0 0 0 0 0 0 0 0 0 0 0 0 0 0 0 0 0 0 0 0 0 0 0 0 0 0 0 0 0
0 0 0 0 0 0 0 0 0 0 0 0 0 0 0 0 0 0 0 0 0 0 0 0 0 0 0 0 0 0 0 0 0 0 0
0 0 0 0 0 0 0 0 0 0 0 0 0 0 0 0 0 0 0 0 0 0 0 0 0 0 0 0 0 0 0 0 0 0 0
0 0 0 0 0 0 0 0 0 0 0 0 0 0 0 0 0 0 0 0 0 0 0 0 0 0 0 0 0 0 0 0 0 0 0
0 0 0 0 0 0 0 0 0 0 0 0 0 0 0 0 0 0 0 0 0 0 0 0 0 0 0 0 0 0 0 0 0 0 0
0 0 0 0 0 0 0 0 0 0 0 0 0 0 0 0 0 0 0 0 0 0 0 0 0 0 0 0 0 0 0 0 0 0 0
0 0 0 0 0 0 0 0 0 0 0 0 0 0 0 0 0 0 0 0 0 0 0 0 0 0 0 0 0 0 0 0 0 0 0
0 0 0 0 0 0 0 0 0 0 0 0 0 0 0 0 0 0 0 0 0 0 0 0 0 0 0 0 0 0 0 0 0 0 0
0 0 0 0 0 0 0 0 0 0 0 0 0 0 0 0 0 0 0 0 0 0 0 0 0 0 0 0 0 0 0 0 0 0 0
0 0 0 0 0 0 0 0 0 0 0 0 0 0 0 0 0 0 0 0 0 0 0 0 0 0 0 0 0 0 0 0 0 0 0
0 0 0 0 0 0 0 0 0 0 0 0 0 0 0 0 0 0 0 0 0 0 0 0 0 0 0 0 0 0 0 0 0 0 0
0 0 0 0 0 0 0 0 0 0 0 0 0 0 0 0 0 0 0 0 0 0 0 0 0 0 0 0 0 0 0 0 0 0 0
0 0 0 0 0 0 0 0 0 0 0 0 0 0 0 0 0 0 0 0 0 0 0 0 0 0 0 0 0 0 0 0 0 0 0
0 0 0 0 0 0 0 0 0 0 0 0 0 0 0 0 0 0 0 0 0 0 0 0 0 0 0 0 0 0 0 0 0 0 0
0 0 0 0 0 0 0 0 0 0 0 0 0 0 0 0 0 0 0 0 0 0 0 0 0 0 0 0 0 0 0 0 0 0 0
0 0 0 0 0 0 0 0 0 0 0 0 0 0 0 0 0 0 0 0 0 0 0 0 0 0 0 0 0 0 0 0 0 0 0
0 0 0 0 0 0 0 0 0 0 0 0 0 0 0 0 0 0 0 0 0 0 0 0 0 0 0 0 0 0 0 0 0 0 0
0 0 0 0 0 0 0 0 0 0 0 0 0 0 0 0 0 0 0 0 0 0 0 0 0 0 0 0 0 0 0 0 0 0 0
0 0 0 0 0 0 0 0 0 0 0 0 0 0 0 0 0 0 0 0 0 0 0 0 0 0 0 0 0 0 0 0 0 0 0
0 0 0 0 0 0 0 0 0 0 0 0 0 0 0 0 0 0 0 0 0 0 0 0 0 0 0 0 0 0 0 0 0 0 0
0 0 0 0 0 0 0 0 0 0 0 0 0 0 0 0 0 0 0 0 0 0 0 0 0 0 0 0 0 0 0 0 0 0 0
0 0 0 0 0 0 0 0 0 0 0 0 0 0 0 0 0 0 0 0 0 0 0 0 0 0 0 0 0 0 0 0 0 0 0
0 0 0 0 0 0 0 0 0 0 0 0 0 0 0 0 0 0 0 0 0 0 0 0 0 0 0 0 0 0 0 0 0 0 0
0 0 0 0 0 0 0 0 0 0 0 0 0 0 0 0 0 0 0 0 0 0 0 0 0 0 0 0 0 0 0 0 0 0 0
0 0 0 0 0 0 0 0 0 0 0 0 0 0 0 0 0 0 0 0 0 0 0 0 0 0 0 0 0 0 0 0 0 0 0
0 0 0 0 0 0 0 0 0 0 0 0 0 0 0 0 0 0 0 0 0 0 0 0 0 0 0 0 0 0 0 0 0 0 0

I cap
1058.909090909091 1058.909090909091 939.3490909091045 895.2490909091271 1051.7599999999898 783.3199999999802 759.2000000000503 943.3800000000108 580.0599999999786 858.5999999999842 581.8600000000226 617.0200000000252 339.7999999999862 516.8599999999772 376.1800000000189 399.98909090911843 700.6690909090867 828.4690909090702 552.3690909090983 188.66909090911207 416.709090909103 593.7290909090675 673.2490909090807 613.7090909091207 768.089090909127 714.6090909090613 587.0290909090593 548.3890909091208 593.2890909091116 525.7090909090628 845.2690909090879 888.9490909091026 941.349090909091 1058.909090909091 672.0
107.96969696969697 107.96969696969697 67.52969696969697 66.62969696969697 49.839999999999975 41.27999999999996 1.5999999999998806 44.61999999999999 69.94000000000011 121.39999999999985 106.14000000000006 99.97999999999985 70.19999999999948 78.13999999999949 68.81999999999994 13.889696969696754 52.20969696969678 43.40969696969705 76.50969696969682 21.209696969696914 42.16969696969704 93.1496969696967 36.629696969696774 64.16969696969679 52.789696969696955 43.269696969696696 1.8496969696970202 16.489696969696837 17.589696969696917 8.169696969697242 37.609696969696984 45.929696969697 69.52969696969697 107.96969696969697 84.0
38.96666666666666 38.96666666666666 38.96666666666666 38.96666666666666 19.16666666666666 4.391666666666666 5.491666666666664 4.158333333333337 5.5583333333333425 17.53333333333334 9.133333333333333 0.7333333333333361 2.833333333333334 7.7333333333333325 9.833333333333334 10.299999999999995 17.300000000000004 10.300000000000004 17.300000000000004 10.300000000000004 17.300000000000004 10.300000000000004 17.300000000000004 10.299999999999997 17.299999999999997 24.96666666666666 19.29166666666667 12.291666666666668 19.291666666666668 12.291666666666668 31.96666666666667 31.96666666666667 38.96666666666666 38.96666666666666 23.8
45.24545454545453 45.24545454545453 43.14545454545453 37.195454545454524 27.019999999999985 35.840000000000025 26.620000000000378 28.11000000000094 22.660000000000217 32.06000000000035 25.03000000000018 18.46000000000005 15.33000000000025 20.140000000000157 11.020000000000167 18.275454545454703 24.315454545454752 29.14545454545497 24.21545454545468 18.95545454545474 21.965454545454843 28.325454545454743 25.32545454545483 27.985454545454843 29.865454545454792 27.75545454545481 23.98545454545478 26.06545454545503 24.01545454545481 30.44545454545466 42.435454545454526 42.77545454545453 43.28545454545453 45.24545454545453 42.0
20.999999999999993 20.999999999999993 20.159999999999993 19.80999999999999 10.259999999999998 16.539999999999978 10.289999999999925 11.9299999999999 7.4399999999999995 10.320000000000022 9.720000000000013 9.680000000000003 7.400000000000019 14.579999999999998 6.509999999999991 3.8299999999999925 8.039999999999985 10.540000000000006 6.639999999999963 3.2500000000000013 6.410000000000023 10.380000000000049 8.029999999999985 9.119999999999953 9.970000000000018 9.390000000000025 6.690000000000005 7.5699999999999905 6.889999999999922 7.879999999999888 14.089999999999996 17.159999999999993 20.21999999999999 20.999999999999993 21.0
345.75757575757575 345.75757575757575 341.76757575757574 268.8263992869875 147.2094117647059 171.1800000000003 201.02 192.01999999999953 209.08000000000098 236.6800000000016 205.65 203.77999999999946 236.71000000000092 243.54000000000167 185.82999999999964 184.07757575757466 203.32757575757685 195.5375757575765 211.35757575757538 215.86757575757525 201.45757575757554 235.18757575757735 231.27757575757624 254.88757575757546 248.81757575757555 191.01757575757708 142.01757575757736 200.85757575757373 227.53757575757646 252.05875222816417 299.40816399286985 328.81757575757575 341.76757575757574 345.75757575757575 245.0
779.7575757575758 779.7575757575758 747.8375757575758 713.4375757575758 587.2500000000001 636.1100000000001 718.9400000000002 750.5500000000002 813.6799999999995 811.3699999999997 575.6300000000005 612.0199999999986 602.8499999999993 669.1399999999986 695.7099999999986 591.9275757575742 543.767575757576 538.5175757575772 453.14757575757403 449.15757575757294 568.5775757575735 680.847575757577 568.617575757576 520.7875757575754 554.3575757575743 541.9975757575767 477.5675757575778 578.6275757575752 636.447575757576 632.047575757576 712.3675757575759 725.2675757575757 749.4575757575758 779.7575757575758 630.0
80.73333333333335 80.73333333333335 79.26333333333335 78.56333333333335 66.67999999999996 87.92 73.79666666666667 77.02 74.99999999999999 83.85999999999999 69.12999999999997 77.22000000000001 84.75 87.85999999999999 77.64 69.19666666666645 74.08333333333319 70.91999999999993 63.62333333333291 62.24333333333311 66.59333333333332 69.89333333333335 66.93333333333334 65.7133333333333 67.94333333333334 68.90333333333335 66.80333333333334 68.22333333333331 67.71333333333331 69.10333333333334 75.78666666666668 79.26333333333335 79.34333333333335 80.73333333333335 48.300000000000004
10.775757575757575 10.775757575757575 9.725757575757575 4.125757575757573 0.05000000000000071 3.5 2.500000000000022 3.3499999999999988 5.000000000000001 5.899999999999998 3.799999999999997 4.499999999999998 4.499999999999998 2.54 2.05 2.665757575757576 1.235757575757579 0.15575757575757798 1.1857575757575765 4.775757575757575 4.315757575757582 5.22575757575757 2.265757575757572 4.265757575757574 4.775757575757579 3.745757575757575 0.15575757575757798 0.9357575757575844 1.7257575757575727 1.8257575757575983 9.725757575757576 9.725757575757575 9.825757575757576 10.775757575757575 8.4
2.545454545454545 2.545454545454545 1.915454545454545 1.915454545454545 1.96 0.5599999999999999 0.5500000000000027 0.12000000000000077 1.2400000000000388 1.2600000000000007 1.540000000000001 0.1399999999999999 0.5599999999999999 2.220446049250313e-16 0.09000000000000019 0.7754545454545501 0.29545454545456706 0.26545454545454594 0.445454545454551 0.5654545454545511 0.44545454545454966 0.9554545454545486 0.41545454545455873 0.05545454545455075 0.08545454545455056 0.20545454545455655 0.5954545454545469 1.2854545454545523 1.2854545454545545 0.5954545454545478 0.20545454545454767 0.8054545454545651 1.915454545454545 2.545454545454545 2.8000000000000003
8.515433299825174 8.515433299825174 8.515433299825174 8.1524568932916 5.585213992740469 5.712900834845666 5.115834224137926 7.814548965517134 8.403330862068719 6.68789198275841 6.795637758620409 6.958996724137765 5.742935344827472 4.245188620689657 4.47812474137929 4.989713793103436 5.543692931034478 4.929131206896551 3.699440862069017 3.2393081896551417 4.4478601253918155 6.483643620689641 5.95174155172412 5.1969577586206865 4.997910287356319 4.459049482758608 3.5772824137931245 6.321858448275629 7.528032413793014 6.60616657894716 7.939077988505746 9.074373275862069 7.811086206896552 8.024766408045977 11.280892298850576
700.0 700.0 700.0 697.0 689.0 684.0 675.0 686.0 681.0 683.0 681.0 685.0 682.0 682.0 679.0 679.0 683.0 680.0 683.0 678.0 687.0 681.0 681.0 679.0 688.0 684.0 685.0 676.0 682.0 678.0 687.0 691.0 698.0 700.0 697.0

H cap
-11.725000000000001 -21.699999999999996 -1.750000000000103 -1.7500000000000675 41.47499999999987 31.49999999999976 38.14999999999969 38.149999999999636 41.474999999999596 21.524999999999807 11.54999999999989 11.549999999999828 21.524999999999828 8.224999999999762 24.85 28.174999999999628 14.874999999999659 11.549999999999926 48.124999999999716 38.14999999999982 34.82499999999975 18.199999999999676 31.499999999999773 8.224999999999895 28.174999999999898 1.5750000000000028 1.5749999999999744 131.25 131.25 131.25 131.25 131.25 131.25 131.25 131.25
24.949999999999996 17.349999999999966 23.999999999999993 20.199999999999918 20.674999999999898 15.924999999999928 13.074999999999878 10.224999999999946 2.6249999999999822 0.7249999999999153 -0.2250000000001129 7.8499999999998575 21.62499999999993 10.699999999999907 5.474999999999875 3.0999999999999517 4.524999999999839 16.399999999999885 19.724999999999923 13.07499999999991 9.749999999999927 2.149999999999899 5.474999999999957 14.499999999999966 18.774999999999963 10.699999999999951 24.949999999999996 52.5 52.5 52.5 52.5 52.5 52.5 52.5 52.5
49.69999999999999 46.374999999999986 39.72499999999998 43.04999999999998 53.02499999999999 49.69999999999999 49.69999999999999 46.374999999999986 43.04999999999998 43.04999999999998 39.72499999999998 33.074999999999974 43.04999999999998 46.374999999999986 46.374999999999986 43.04999999999998 43.04999999999998 49.69999999999999 53.02499999999999 53.02499999999999 53.02499999999999 46.374999999999986 43.04999999999998 36.39999999999998 43.04999999999998 46.374999999999986 46.374999999999986 63.0 63.0 63.0 63.0 63.0 63.0 63.0 63.0
-0.5750000000000028 -8.64999999999987 -0.5750000000000526 -1.04999999999995 -1.0499999999999199 -2.9499999999999025 1.3249999999997932 -1.5249999999999382 5.124999999999936 1.3250000000000917 13.674999999999983 -5.325000000000021 -3.4249999999999607 -3.899999999999972 0.37499999999992006 4.1750000000000025 9.399999999999935 -12.450000000000035 -0.10000000000008047 -0.1000000000000083 1.3249999999997906 -1.5249999999998307 7.024999999999881 -2.4749999999999837 4.64999999999992 -3.899999999999828 3.2250000000000583 78.75 78.75 78.75 78.75 78.75 78.75 78.75 78.75

Gap
NaN

Time
NaN

