T P M C
35 37 4 12

base obj
11.13131868131868

exp obj
11.40848901098901

Objective struct
11.13131868131868 0.0 12.24

num campaigns
215

x
0 0 0 0 1 0 0 0 1 0 0 0 1 0 0 0 0 1 0 0 0 1 0 0 0 1 0 0 0 1 0 0 0 0 0
0 0 0 0 0 0 0 0 0 0 0 0 0 0 0 0 0 0 0 0 1 0 0 0 0 0 0 1 0 0 0 0 0 0 0
0 0 0 0 0 0 0 0 0 1 0 0 0 1 0 0 1 0 0 1 0 0 0 1 0 0 1 0 0 0 0 0 0 0 0
0 0 0 0 0 0 0 0 1 0 0 1 0 0 1 0 0 0 0 1 0 0 0 1 0 0 0 1 0 0 0 0 0 0 0
0 0 0 0 0 0 1 0 1 0 1 0 1 0 1 0 1 0 1 0 1 0 0 0 1 0 0 0 0 0 0 0 0 0 0
0 0 0 0 0 0 0 0 0 0 1 0 0 0 0 1 0 0 0 0 0 0 0 0 0 0 0 0 0 0 0 0 0 0 0
0 0 0 0 1 0 0 0 1 0 0 0 1 0 0 0 0 1 0 0 0 0 0 1 0 0 0 0 1 0 0 0 0 0 0
0 0 0 0 1 0 0 0 0 0 0 0 0 0 0 0 0 0 0 0 0 0 0 0 0 0 0 0 0 1 0 0 0 0 0
0 0 0 0 0 0 0 0 0 0 0 0 0 0 1 0 0 0 0 0 0 0 0 0 0 0 0 0 0 0 0 0 0 0 0
0 0 0 0 0 0 0 0 0 0 1 0 1 0 0 0 0 0 1 0 0 0 0 0 0 0 0 0 0 0 0 0 0 0 0
0 0 0 0 0 0 1 0 0 0 0 0 0 0 0 0 0 1 0 0 0 0 0 0 0 0 0 1 0 0 0 0 0 0 0
0 0 0 0 0 0 1 0 0 0 0 0 0 0 0 0 0 0 0 0 0 0 0 1 0 0 0 0 0 0 0 0 0 0 0
0 0 0 0 0 0 0 0 0 0 0 0 0 0 0 0 1 0 0 0 0 0 0 0 0 0 0 0 0 1 0 0 0 0 0
0 0 0 0 1 0 0 0 0 0 1 0 0 0 0 0 0 0 1 0 0 0 0 0 0 1 0 0 0 0 0 0 0 0 0
0 0 0 0 0 0 0 0 0 0 0 0 0 0 0 0 0 0 0 0 0 0 0 0 0 0 0 0 0 0 0 0 0 0 0
0 0 0 0 1 0 0 0 0 0 0 0 0 0 0 0 0 0 0 0 0 0 0 0 0 0 0 0 0 0 0 0 0 0 0
0 0 0 0 0 0 0 0 0 0 0 0 0 1 0 0 0 0 0 0 0 0 0 0 1 0 0 0 0 0 0 0 0 0 0
0 0 0 0 0 0 1 0 0 0 0 0 0 0 0 0 0 0 0 0 0 0 0 0 0 0 0 1 0 0 0 0 0 0 0
0 0 0 0 0 0 1 0 0 1 0 1 0 1 0 1 0 1 0 1 0 1 0 1 0 1 0 1 0 0 0 0 0 0 0
0 0 0 0 0 0 0 0 0 0 0 0 0 0 0 0 0 0 0 0 0 0 0 0 1 0 0 0 0 0 0 0 0 0 0
0 0 0 0 0 0 1 0 0 1 0 0 1 0 0 1 0 0 0 1 0 0 0 0 1 0 0 0 0 0 0 0 0 0 0
0 0 0 0 0 0 0 0 0 0 0 0 0 0 0 0 0 0 0 0 0 0 0 0 0 0 0 0 0 0 0 0 0 0 0
0 0 0 0 0 0 1 0 0 0 0 0 0 0 0 0 0 0 0 0 0 0 0 0 0 0 0 0 0 1 0 0 0 0 0
0 0 0 0 0 0 0 0 0 0 0 0 0 0 1 0 0 0 0 0 1 0 0 0 0 0 0 1 0 0 0 0 0 0 0
0 0 0 0 0 0 0 0 1 0 0 0 0 0 0 0 0 0 0 0 0 0 1 0 0 0 0 0 0 0 0 0 0 0 0
0 0 0 0 0 0 1 0 0 0 0 1 0 0 0 0 1 0 0 0 0 0 0 0 0 1 0 0 0 0 0 0 0 0 0
0 0 0 0 0 0 1 0 0 0 0 1 0 0 0 0 1 0 0 0 0 1 0 0 0 0 1 0 0 0 0 0 0 0 0
0 0 0 0 0 0 0 0 0 0 0 0 0 0 0 0 0 0 0 1 0 0 0 0 0 0 0 0 0 0 0 0 0 0 0
0 0 0 0 0 0 0 0 0 0 0 0 0 0 0 0 0 0 0 0 0 0 0 0 0 0 0 0 0 0 0 0 0 0 0
0 0 0 0 1 1 1 1 1 1 1 1 1 1 1 1 1 1 1 1 1 1 1 1 1 1 1 1 1 1 0 0 0 0 0
0 0 0 0 1 1 1 1 1 0 1 1 1 1 1 1 1 1 1 1 1 1 1 1 1 1 1 1 1 1 0 0 0 0 0
0 0 0 0 1 1 1 1 0 1 1 1 1 1 1 1 1 1 1 1 1 1 1 1 0 1 1 1 0 0 0 0 0 0 0
0 0 0 0 0 0 1 1 0 0 0 0 1 1 1 1 1 1 1 1 0 0 0 1 0 0 1 1 0 0 0 0 0 0 0
0 0 0 0 1 0 1 1 1 0 1 1 1 1 1 1 1 1 1 1 1 1 1 1 1 1 1 1 0 0 0 0 0 0 0
0 0 0 0 0 0 0 1 0 1 1 1 0 0 0 1 1 0 1 1 1 1 0 1 0 0 0 1 0 0 0 0 0 0 0
0 0 0 0 0 0 0 0 0 0 0 0 0 0 0 0 0 0 0 0 0 0 0 0 0 0 0 0 0 0 0 0 0 0 0
0 0 0 0 0 0 0 0 0 0 0 0 0 0 0 0 0 0 0 0 0 0 0 0 0 0 0 0 0 0 0 0 0 0 0

y
0.0 2.0 0.0 0.0 0.0 0.0 0.0 0.0 0.0 0.2142857142857142 0.0 0.0 8.0 1.0 0.0 0.0 0.0 0.0 0.0 0.0 0.0 0.0 0.0 0.0 1.5 0.0 0.0 0.0 0.0 0.0 0.0 0.0 0.5098039215686274 0.0 0.0 0.0 0.0

k
0 4 1 0 0 4 0 0 0 12 0 0 4 2 4 0 1 0 2 0 0 3 0 2 1 0 0 0 11 0 1 4 39 4 14 26 3

f
11.72500000000003 11.724999999999994 1.750000000000247 1.750000000000048 0.0 0.0 0.0 0.0 0.0 0.0 0.0 0.0 0.0 0.0 0.0 0.0 0.0 0.0 0.0 0.0 0.0 0.0 0.0 1.7500000000002416 0.0 11.724999999999966 1.75 0.0 0.0 0.0 0.0 0.0 0.0 0.0 0.0
0.0 0.0 0.0 0.0 0.0 0.0 0.0 0.0 0.0 0.0 0.0 0.0 0.0 0.0 0.0 0.0 0.0 0.0 0.0 0.0 0.0 0.0 0.0 0.0 0.0 0.0 0.0 0.0 0.0 0.0 0.0 0.0 0.0 0.0 0.0
0.0 0.0 0.0 0.0 0.0 0.0 0.0 0.0 0.0 0.0 0.0 0.0 0.0 0.0 0.0 0.0 0.0 0.0 0.0 0.0 0.0 0.0 0.0 0.0 0.0 0.0 0.0 0.0 0.0 0.0 0.0 0.0 0.0 0.0 0.0
0.5749999999999851 4.849999999999682 0.0 3.4250000000000167 0.5749999999999815 11.975000000000009 0.0 5.7999999999999545 0.0 2.474999999999885 1.0500000000000487 0.0 1.0500000000001126 1.0500000000000815 0.0 0.0 0.0 1.5250000000001505 2.9500000000001307 0.5749999999999815 0.0 8.174999999999795 0.0 1.049999999999975 0.0 2.4749999999996994 0.0 0.0 0.0 0.0 0.0 0.0 0.0 0.0 0.0

L
4 7 3 3 2 5 4 25 0 2 10 17 13 6 0 0 11 21 2 0 3 0 23 6 14 5 5 0 0 1 1 1 1 1 1 0 0

g
0 0 0 0 0 0 0 0 0 0 0 0 0 0 0 0 0 0 0 0 0 0 0 0 0 0 0 0 0 0 0 0 0 0 0
0 0 0 0 0 0 0 0 0 0 0 0 0 0 0 0 0 0 0 0 0 0 0 0 0 0 0 0 0 0 0 0 0 0 0
0 0 0 0 0 0 0 0 0 0 0 0 0 0 0 0 0 0 0 0 0 0 0 0 0 0 0 0 0 0 0 0 0 0 0
0 0 0 0 0 0 0 0 0 0 0 0 0 0 0 0 0 0 0 0 0 0 0 0 0 0 0 0 0 0 0 0 0 0 0
0 0 0 0 0 0 0 0 0 0 0 0 0 0 0 0 0 0 0 0 0 0 0 0 0 0 0 0 0 0 0 0 0 0 0
0 0 0 0 0 0 0 0 0 0 0 0 0 0 0 0 0 0 0 0 0 0 0 0 0 0 0 0 0 0 0 0 0 0 0
0 0 0 0 0 0 0 0 0 0 0 0 0 0 0 0 0 0 0 0 0 0 0 0 0 0 0 0 0 0 0 0 0 0 0
0 0 0 0 0 0 0 0 0 0 0 0 0 0 0 0 0 0 0 0 0 0 0 0 0 0 0 0 0 0 0 0 0 0 0
0 0 0 0 0 0 0 0 0 0 0 0 0 0 0 0 0 0 0 0 0 0 0 0 0 0 0 0 0 0 0 0 0 0 0
0 0 0 0 0 0 0 0 0 0 0 0 0 0 0 0 0 0 0 0 0 0 0 0 0 0 0 0 0 0 0 0 0 0 0
0 0 0 0 0 0 0 0 0 0 0 0 0 0 0 0 0 0 0 0 0 0 0 0 0 0 0 0 0 0 0 0 0 0 0
0 0 0 0 0 0 0 0 0 0 0 0 0 0 0 0 0 0 0 0 0 0 0 0 0 0 0 0 0 0 0 0 0 0 0
0 0 0 0 0 0 0 0 0 0 0 0 0 0 0 0 0 0 0 0 0 0 0 0 0 0 0 0 0 0 0 0 0 0 0
0 0 0 0 0 0 0 0 0 0 0 0 0 0 0 0 0 0 0 0 0 0 0 0 0 0 0 0 0 0 0 0 0 0 0
0 0 0 0 0 0 0 0 0 0 0 0 0 0 0 0 0 0 0 0 0 0 0 0 0 0 0 0 0 0 0 0 0 0 0
0 0 0 0 0 0 0 0 0 0 0 0 0 0 0 0 0 0 0 0 0 0 0 0 0 0 0 0 0 0 0 0 0 0 0
0 0 0 0 0 0 0 0 0 0 0 0 0 0 0 0 0 0 0 0 0 0 0 0 0 0 0 0 0 0 0 0 0 0 0
0 0 0 0 0 0 0 0 0 0 0 0 0 0 0 0 0 0 0 0 0 0 0 0 0 0 0 0 0 0 0 0 0 0 0
0 0 0 0 0 0 0 0 0 0 0 0 0 0 0 0 0 0 0 0 0 0 0 0 0 0 0 0 0 0 0 0 0 0 0
0 0 0 0 0 0 0 0 0 0 0 0 0 0 0 0 0 0 0 0 0 0 0 0 0 0 0 0 0 0 0 0 0 0 0
0 0 0 0 0 0 0 0 0 0 0 0 0 0 0 0 0 0 0 0 0 0 0 0 0 0 0 0 0 0 0 0 0 0 0
0 0 0 0 0 0 0 0 0 0 0 0 0 0 0 0 0 0 0 0 0 0 0 0 0 0 0 0 0 0 0 0 0 0 0
0 0 0 0 0 0 0 0 0 0 0 0 0 0 0 0 0 0 0 0 0 0 0 0 0 0 0 0 0 0 0 0 0 0 0
0 0 0 0 0 0 0 0 0 0 0 0 0 0 0 0 0 0 0 0 0 0 0 0 0 0 0 0 0 0 0 0 0 0 0
0 0 0 0 0 0 0 0 0 0 0 0 0 0 0 0 0 0 0 0 0 0 0 0 0 0 0 0 0 0 0 0 0 0 0
0 0 0 0 0 0 0 0 0 0 0 0 0 0 0 0 0 0 0 0 0 0 0 0 0 0 0 0 0 0 0 0 0 0 0
0 0 0 0 0 0 0 0 0 0 0 0 0 0 0 0 0 0 0 0 0 0 0 0 0 0 0 0 0 0 0 0 0 0 0
0 0 0 0 0 0 0 0 0 0 0 0 0 0 0 0 0 0 0 0 0 0 0 0 0 0 0 0 0 0 0 0 0 0 0
0 0 0 0 0 0 0 0 0 0 0 0 0 0 0 0 0 0 0 0 0 0 0 0 0 0 0 0 0 0 0 0 0 0 0
0 0 0 0 0 0 0 0 0 0 0 0 0 0 0 0 0 0 0 0 0 0 0 0 0 0 0 0 0 0 0 0 0 0 0
0 0 0 0 0 0 0 0 0 0 0 0 0 0 0 0 0 0 0 0 0 0 0 0 0 0 0 0 0 0 0 0 0 0 0
0 0 0 0 0 0 0 0 0 0 0 0 0 0 0 0 0 0 0 0 0 0 0 0 0 0 0 0 0 0 0 0 0 0 0
0 0 0 0 0 0 0 0 0 0 0 0 0 0 0 0 0 0 0 0 0 0 0 0 0 0 0 0 0 0 0 0 0 0 0
0 0 0 0 0 0 0 0 0 0 0 0 0 0 0 0 0 0 0 0 0 0 0 0 0 0 0 0 0 0 0 0 0 0 0
0 0 0 0 0 0 0 0 0 0 0 0 0 0 0 0 0 0 0 0 0 0 0 0 0 0 0 0 0 0 0 0 0 0 0
0 0 0 0 0 0 0 0 0 0 0 0 0 0 0 0 0 0 0 0 0 0 0 0 0 0 0 0 0 0 0 0 0 0 0
0 0 0 0 0 0 0 0 0 0 0 0 0 0 0 0 0 0 0 0 0 0 0 0 0 0 0 0 0 0 0 0 0 0 0

I cap
1058.909090909091 1058.909090909091 939.3490909091106 895.2490909091314 998.1999999999935 1034.179999999971 741.4000000000585 926.8800000000274 378.09999999997996 875.6599999999735 522.4600000000146 231.32000000003057 489.43999999999807 588.720000000008 636.9400000000101 588.3690909090913 427.18909090911365 396.24909090911206 461.6290909090747 438.589090909076 512.7890909091275 620.5690909091054 768.5690909090556 467.4290909091225 713.0890909091511 644.0690909090695 555.0690909090363 330.7890909091271 609.4290909091217 813.0690909090392 845.2690909090848 888.9490909091232 941.349090909091 1058.909090909091 672.0
107.96969696969697 107.96969696969697 67.52969696969697 66.62969696969697 70.80000000000005 83.81999999999994 0.6000000000000152 16.12000000000006 28.900000000000443 121.33999999999949 78.53999999999968 40.679999999999936 63.55999999999927 35.27999999999922 56.05999999999946 74.50969696969656 50.689696969696875 9.629696969696983 9.249696969697027 15.289696969696715 88.08969696969703 86.3096969696967 100.90969696969631 19.049696969696996 67.58969696969687 62.80969696969662 84.80969696969677 0.08969696969683838 17.449696969697087 4.809696969697541 37.60969696969708 45.929696969697005 69.52969696969697 107.96969696969697 84.0
38.96666666666666 38.96666666666666 38.96666666666666 38.96666666666666 44.099999999999994 29.325 6.95833333333333 4.158333333333333 5.5583333333333425 17.53333333333334 9.133333333333331 0.7333333333333361 2.833333333333334 7.73333333333334 9.833333333333336 10.300000000000004 17.299999999999997 10.300000000000004 31.96666666666666 10.299999999999995 17.299999999999997 10.299999999999997 7.033333333333328 0.033333333333327886 1.1666666666666696 10.299999999999995 4.625000000000005 12.291666666666671 19.29166666666667 19.291666666666668 38.96666666666667 38.96666666666666 38.96666666666666 38.96666666666666 23.8
45.24545454545453 45.24545454545453 43.14545454545453 37.195454545454524 21.07 29.890000000000075 26.62000000000059 28.11000000000178 22.660000000000387 28.71000000000046 21.21000000000039 11.240000000000194 16.310000000000375 9.26000000000031 9.110000000000387 24.215454545454907 24.835454545454944 24.125454545454986 22.1354545454549 21.025454545454977 27.385454545455044 27.615454545455076 29.765454545455082 21.6854545454551 26.685454545455098 27.955454545455073 27.11545454545497 20.51545454545525 24.525454545455197 35.855454545454585 42.435454545454526 42.77545454545453 43.28545454545453 45.24545454545453 42.0
20.999999999999993 20.999999999999993 20.159999999999993 19.80999999999999 9.909999999999961 16.18999999999999 10.289999999999914 11.929999999999868 7.439999999999966 10.640000000000022 11.04999999999999 9.670000000000002 11.490000000000016 10.310000000000045 4.150000000000013 6.640000000000043 7.530000000000118 7.020000000000012 6.709999999999926 4.5100000000000176 7.520000000000001 8.340000000000092 11.020000000000026 5.139999999999979 7.039999999999965 7.8600000000000785 8.339999999999984 4.48999999999985 7.569999999999894 10.559999999999945 14.089999999999993 17.159999999999993 20.21999999999999 20.999999999999993 21.0
345.75757575757575 345.75757575757575 341.76757575757574 268.8263992869875 147.2094117647059 171.18000000000086 201.01999999999921 224.96117647058722 232.60941176470732 252.83941176470728 177.7099999999996 154.57999999999947 203.61000000000263 162.49000000000146 157.27 211.35757575757157 230.94757575757697 212.69757575757504 193.04757575757665 202.6975757575768 244.28757575757513 239.67757575757614 236.54757575757841 255.7487522281645 246.21698752228042 211.6969875222826 196.3775757575765 249.6287522281619 282.9881639928716 324.5975757575766 322.9375757575755 328.81757575757575 341.76757575757574 345.75757575757575 245.0
779.7575757575758 779.7575757575758 747.8375757575758 713.4375757575758 587.2500000000005 636.1100000000001 640.19 689.3000000000005 813.6800000000011 838.5299999999997 700.5600000000004 621.6799999999986 666.8600000000002 573.4499999999982 527.8499999999985 453.1475757575744 486.86757575757395 464.41757575757316 483.4575757575768 556.8175757575713 666.5075757575696 679.6375757575768 636.5775757575791 532.3675757575721 648.8975757575743 567.6175757575776 495.3275757575759 510.24757575757707 636.7875757575765 702.6875757575758 712.3675757575761 725.2675757575757 749.4575757575758 779.7575757575758 630.0
80.73333333333335 80.73333333333335 79.26333333333335 78.56333333333335 62.246666666666655 83.95333333333333 73.79666666666667 77.02 74.99999999999999 85.58333333333331 70.89666666666668 74.64 87.57000000000001 82.15999999999997 73.11 63.62333333333263 66.17333333333156 67.37333333333312 66.89333333333329 65.97333333333273 68.55333333333327 69.48333333333335 71.49333333333334 64.29333333333315 66.39333333333313 67.32333333333335 69.48333333333338 65.91333333333331 71.95666666666668 78.11333333333334 79.05333333333334 79.26333333333335 79.34333333333335 80.73333333333335 48.300000000000004
10.775757575757575 10.775757575757575 9.725757575757575 4.125757575757573 0.049999999999998934 3.5 2.5000000000000075 0.14999999999999858 2.1999999999999975 5.900000000000001 3.7999999999999865 2.100000000000004 2.9000000000000004 0.7700000000000005 0.5800000000000001 1.1857575757575738 2.3757575757575644 3.175757575757567 2.7757575757575754 3.5157575757575756 4.025757575757577 1.8657575757575708 2.6657575757575724 2.775757575757588 3.74575757575757 0.15575757575757088 0.7257575757575685 0.9757575757575798 1.615757575757575 8.91575757575762 9.725757575757573 9.725757575757571 9.825757575757576 10.775757575757575 8.4
2.545454545454545 2.545454545454545 1.915454545454545 1.915454545454545 1.96 0.5599999999999999 0.5500000000000028 0.12000000000000077 1.2400000000000624 1.2600000000000007 1.5400000000000107 0.1399999999999999 0.5599999999999999 0.3600000000000002 0.03000000000000025 0.4454545454545461 0.08545454545455766 0.20545454545455122 0.5954545454545469 0.02545454545454917 0.5354545454545504 1.195454545454572 1.1954545454545835 0.29545454545454786 0.565454545454552 0.9854545454545559 0.44545454545454877 0.5354545454545553 0.7754545454545586 0.08545454545454778 0.2054545454545459 0.8054545454545531 1.915454545454545 2.545454545454545 2.8000000000000003
8.515433299825174 8.515433299825174 8.515433299825174 8.152456893291584 5.567065172413791 5.731049655172354 4.771006810344821 6.866273103448093 7.943560747125848 6.802834511494063 7.140465344827169 7.3038241379307856 6.00155586206884 5.107257413793098 4.61433181034482 5.00695534482758 4.8661067241379286 4.384303448275844 3.6994406896551193 3.756549396551722 4.339239435736684 5.6267468965516985 5.951741551724105 4.955578275862066 5.745036724137925 5.177440459770101 3.9221100000000004 6.045996379309984 7.309641609195191 6.416511578947176 8.743675689655172 9.074373275862069 7.811086206896552 8.024766408045977 11.280892298850576
700.0 700.0 700.0 697.0 690.0 690.0 676.0 686.0 677.0 681.0 680.0 681.0 681.0 684.0 681.0 677.0 682.0 683.0 681.0 681.0 678.0 684.0 685.0 678.0 680.0 685.0 682.0 678.0 687.0 681.0 687.0 691.0 698.0 700.0 697.0

H cap
-11.72500000000003 -11.724999999999994 -1.750000000000247 -1.750000000000048 41.47499999999961 11.549999999999777 48.12499999999949 41.47499999999952 4.899999999999361 11.549999999999608 38.14999999999955 14.874999999999796 41.47499999999954 14.874999999999332 31.49999999999966 38.149999999999636 4.899999999999238 1.5749999999999602 44.799999999999756 71.39999999999935 41.474999999999625 31.49999999999993 44.79999999999964 -1.7500000000002416 14.874999999999703 -11.724999999999966 -1.75 131.25 131.25 131.25 131.25 131.25 131.25 131.25 131.25
22.099999999999994 13.549999999999926 21.14999999999999 12.599999999999884 15.924999999999926 22.099999999999866 14.024999999999745 5.47499999999984 5.474999999999916 3.5749999999999287 9.749999999999854 12.124999999999876 4.524999999999855 0.7249999999998895 1.1999999999998447 2.149999999999869 11.6499999999998 11.64999999999993 19.249999999999794 15.449999999999841 11.649999999999881 16.399999999999913 12.124999999999972 8.799999999999882 20.674999999999955 24.94999999999996 32.55 52.5 52.5 52.5 52.5 52.5 52.5 52.5 52.5
53.02499999999999 53.02499999999999 39.72499999999998 39.72499999999998 53.02499999999999 46.374999999999986 49.69999999999999 43.04999999999998 39.72499999999998 43.04999999999998 39.72499999999998 46.374999999999986 43.04999999999998 36.39999999999998 46.374999999999986 46.374999999999986 43.04999999999998 43.04999999999998 53.02499999999999 53.02499999999999 43.04999999999998 43.04999999999998 46.374999999999986 36.39999999999998 43.04999999999998 49.69999999999999 49.69999999999999 63.0 63.0 63.0 63.0 63.0 63.0 63.0 63.0
-0.5749999999999851 -4.849999999999682 0.8499999999999348 -3.4250000000000167 -0.5749999999999815 -11.975000000000009 0.8499999999998264 -5.7999999999999545 8.449999999999875 -2.474999999999885 -1.0500000000000487 2.275000000000058 -1.0500000000001126 -1.0500000000000815 5.600000000000158 8.449999999999967 6.074999999999912 -1.5250000000001505 -2.9500000000001307 -0.5749999999999815 7.974999999999887 -8.174999999999795 0.37499999999998224 -1.049999999999975 20.79999999999951 -2.4749999999996994 1.3250000000001059 78.75 78.75 78.75 78.75 78.75 78.75 78.75 78.75

Gap
NaN

Time
NaN

