T P M C
35 37 4 12

base obj
11.497252747252748

exp obj
11.482939560439561

Objective struct
11.497252747252748 0.0 11.440000000000001

num campaigns
201

x
0 0 0 0 1 0 0 0 1 0 0 0 1 0 0 0 0 1 0 0 0 1 0 0 0 1 0 0 0 1 0 0 0 0 0
0 0 0 0 0 0 0 0 0 0 0 0 0 0 0 0 0 0 0 0 1 0 0 0 0 1 0 0 0 0 0 0 0 0 0
0 0 0 0 0 0 0 0 0 1 0 0 0 0 0 1 0 0 0 1 0 0 0 1 0 0 0 1 0 0 0 0 0 0 0
0 0 0 0 1 0 0 1 0 0 1 0 0 1 0 0 1 0 0 1 0 0 0 0 0 0 0 0 0 0 0 0 0 0 0
0 0 0 0 0 0 1 0 1 0 1 0 1 0 1 0 1 0 1 0 1 0 1 0 0 0 0 0 0 0 0 0 0 0 0
0 0 0 0 0 0 0 0 0 0 0 0 0 0 0 0 0 0 1 0 0 0 0 0 0 1 0 0 0 0 0 0 0 0 0
0 0 0 0 1 0 0 1 0 0 1 0 0 1 0 0 0 1 0 0 1 0 0 0 0 0 0 0 0 0 0 0 0 0 0
0 0 0 0 1 0 0 0 0 0 0 0 0 0 0 0 0 0 0 0 0 0 0 0 0 0 0 0 0 1 0 0 0 0 0
0 0 0 0 0 0 0 0 0 0 0 0 0 0 1 0 0 0 0 0 0 0 0 0 0 0 0 0 0 0 0 0 0 0 0
0 0 0 0 0 0 0 0 0 0 0 0 1 0 1 0 0 0 0 0 0 0 0 0 0 0 0 0 0 0 0 0 0 0 0
0 0 0 0 1 0 0 0 0 0 0 0 0 0 1 0 0 0 0 0 0 0 0 0 1 0 0 0 0 0 0 0 0 0 0
0 0 0 0 0 0 1 0 0 0 0 0 0 0 0 0 0 0 0 0 0 0 0 0 0 0 1 0 0 0 0 0 0 0 0
0 0 0 0 0 0 0 0 0 0 0 0 0 0 0 0 1 0 0 0 0 0 0 0 0 0 0 0 0 1 0 0 0 0 0
0 0 0 0 1 0 0 0 0 0 0 0 0 0 1 0 0 0 0 0 0 0 0 1 0 0 0 0 0 0 0 0 0 0 0
0 0 0 0 0 0 0 0 0 0 1 0 0 0 0 0 0 0 0 0 0 0 0 1 0 0 0 0 0 0 0 0 0 0 0
0 0 0 0 0 0 0 0 0 0 0 0 0 0 0 0 0 0 0 0 0 0 0 0 0 0 0 1 0 0 0 0 0 0 0
0 0 0 0 0 0 0 0 0 0 0 0 0 1 0 1 0 1 0 0 0 0 0 0 0 0 0 0 0 0 0 0 0 0 0
0 0 0 0 0 0 1 0 0 0 0 0 0 0 0 0 0 0 0 0 0 0 0 0 0 0 0 1 0 0 0 0 0 0 0
0 0 0 0 0 0 1 0 0 1 0 1 0 1 0 1 0 1 0 1 0 0 1 0 1 0 0 1 0 0 0 0 0 0 0
0 0 0 0 0 0 1 0 0 0 0 0 0 0 0 0 0 0 0 0 0 0 0 0 0 0 0 0 0 0 0 0 0 0 0
0 0 0 0 0 0 0 1 0 0 1 0 0 1 0 0 1 0 0 1 0 0 1 0 0 0 0 0 0 0 0 0 0 0 0
0 0 0 0 0 0 0 0 0 0 0 0 0 0 0 0 0 0 0 0 0 0 0 0 0 0 0 0 0 0 0 0 0 0 0
0 0 0 0 0 0 1 0 0 0 0 0 0 0 0 0 0 0 0 0 0 0 0 0 0 0 0 0 0 1 0 0 0 0 0
0 0 0 0 0 0 0 0 0 0 0 1 0 0 0 0 0 0 0 1 0 0 0 0 0 0 0 1 0 0 0 0 0 0 0
0 0 0 0 0 0 0 0 1 0 0 0 0 0 0 0 0 0 0 0 0 1 0 0 0 0 0 0 0 0 0 0 0 0 0
0 0 0 0 1 0 0 0 0 0 1 0 0 0 0 0 1 0 0 0 0 0 0 0 0 1 0 0 0 0 0 0 0 0 0
0 0 0 0 0 0 0 0 0 1 0 0 0 0 0 0 0 0 0 1 0 0 0 0 0 0 0 0 1 0 0 0 0 0 0
0 0 0 0 0 0 0 0 0 0 0 1 0 0 0 0 0 0 0 0 0 0 0 0 0 0 0 0 0 0 0 0 0 0 0
0 0 0 0 0 0 0 0 0 0 0 0 0 0 0 0 0 0 0 0 0 0 0 0 0 0 0 0 0 0 0 0 0 0 0
0 0 0 0 1 1 1 1 1 1 1 1 1 1 1 1 1 1 1 1 1 1 1 1 1 1 1 1 1 0 0 0 0 0 0
0 0 0 0 1 1 1 1 1 1 1 1 1 1 1 1 1 1 1 1 1 1 1 1 1 1 1 1 1 1 0 0 0 0 0
0 0 0 0 1 1 1 1 1 1 1 1 1 1 1 1 1 1 1 1 1 1 1 1 1 1 1 1 0 0 0 0 0 0 0
0 0 0 0 1 1 1 0 0 0 0 0 1 1 0 1 1 0 0 0 0 0 0 0 1 1 0 0 0 0 0 0 0 0 0
0 0 0 0 1 1 1 0 0 1 0 1 1 1 0 1 1 1 1 1 1 1 1 0 1 1 1 1 0 0 0 0 0 0 0
0 0 0 0 1 1 1 1 0 0 0 0 0 0 0 0 0 0 0 0 0 0 1 0 1 0 0 0 0 0 0 0 0 0 0
0 0 0 0 0 0 0 0 0 0 0 0 0 0 0 0 0 0 0 0 0 0 0 0 0 0 0 0 0 0 0 0 0 0 0
0 0 0 0 0 0 0 0 0 0 0 0 0 0 0 0 0 0 0 0 0 0 0 0 0 0 0 0 0 0 0 0 0 0 0

y
0.0 0.0 0.0 0.0 0.0 2.0 0.0 0.0 0.0 0.2142857142857142 0.0 0.0 8.0 4.0 4.666666666666666 0.0 0.0 0.0 0.0 0.0 0.0 0.0 0.0 1.75 0.5 0.0 2.75 0.0 0.0 0.0 0.0 0.0 0.5098039215686274 0.0 0.0 0.0 0.0

k
0 4 2 0 0 4 0 0 0 13 0 0 4 3 2 0 0 0 3 0 0 3 0 2 1 0 2 0 11 1 0 2 43 7 20 26 3

f
0.0 0.0 0.0 5.075000000000109 0.0 0.0 0.0 11.725000000000648 0.0 0.0 0.0 0.0 0.0 0.0 0.0 0.0 0.0 0.0 0.0 0.0 0.0 5.075000000000159 0.0 0.0 0.0 18.37499999999997 1.7500000000000284 0.0 0.0 0.0 0.0 0.0 0.0 0.0 0.0
0.0 2.1250000000000835 0.0 0.0 0.0 0.0 0.0 0.0 0.0 0.0 0.0 0.0 0.0 0.0 0.0 0.0 0.0 0.0 0.0 0.0 0.0 0.0 0.0 0.0 0.0 0.0 0.0 0.0 0.0 0.0 0.0 0.0 0.0 0.0 0.0
0.0 0.0 0.0 0.0 0.0 0.0 0.0 0.0 0.0 0.0 0.0 0.0 0.0 0.0 0.0 0.0 0.0 0.0 0.0 0.0 0.0 0.0 0.0 0.0 0.0 0.0 0.0 0.0 0.0 0.0 0.0 0.0 0.0 0.0 0.0
0.0 1.9999999999998295 0.0 0.10000000000007425 0.5750000000000632 12.924999999999937 0.0 5.799999999999985 0.0 0.0 0.0 1.5250000000001105 0.0 2.474999999999902 0.0 6.274999999999977 0.0 3.9000000000001442 0.10000000000011511 1.999999999999992 0.5750000000001307 0.0 0.0 2.95000000000008 0.0 8.17499999999968 0.0 0.0 0.0 0.0 0.0 0.0 0.0 0.0 0.0

L
4 5 4 3 2 7 3 25 0 2 10 20 13 9 13 0 2 21 2 0 3 0 23 8 13 6 9 0 0 1 1 1 1 1 1 0 0

g
0 0 0 0 0 0 0 0 0 0 0 0 0 0 0 0 0 0 0 0 0 0 0 0 0 0 0 0 0 0 0 0 0 0 0
0 0 0 0 0 0 0 0 0 0 0 0 0 0 0 0 0 0 0 0 0 0 0 0 0 0 0 0 0 0 0 0 0 0 0
0 0 0 0 0 0 0 0 0 0 0 0 0 0 0 0 0 0 0 0 0 0 0 0 0 0 0 0 0 0 0 0 0 0 0
0 0 0 0 0 0 0 0 0 0 0 0 0 0 0 0 0 0 0 0 0 0 0 0 0 0 0 0 0 0 0 0 0 0 0
0 0 0 0 0 0 0 0 0 0 0 0 0 0 0 0 0 0 0 0 0 0 0 0 0 0 0 0 0 0 0 0 0 0 0
0 0 0 0 0 0 0 0 0 0 0 0 0 0 0 0 0 0 0 0 0 0 0 0 0 0 0 0 0 0 0 0 0 0 0
0 0 0 0 0 0 0 0 0 0 0 0 0 0 0 0 0 0 0 0 0 0 0 0 0 0 0 0 0 0 0 0 0 0 0
0 0 0 0 0 0 0 0 0 0 0 0 0 0 0 0 0 0 0 0 0 0 0 0 0 0 0 0 0 0 0 0 0 0 0
0 0 0 0 0 0 0 0 0 0 0 0 0 0 0 0 0 0 0 0 0 0 0 0 0 0 0 0 0 0 0 0 0 0 0
0 0 0 0 0 0 0 0 0 0 0 0 0 0 0 0 0 0 0 0 0 0 0 0 0 0 0 0 0 0 0 0 0 0 0
0 0 0 0 0 0 0 0 0 0 0 0 0 0 0 0 0 0 0 0 0 0 0 0 0 0 0 0 0 0 0 0 0 0 0
0 0 0 0 0 0 0 0 0 0 0 0 0 0 0 0 0 0 0 0 0 0 0 0 0 0 0 0 0 0 0 0 0 0 0
0 0 0 0 0 0 0 0 0 0 0 0 0 0 0 0 0 0 0 0 0 0 0 0 0 0 0 0 0 0 0 0 0 0 0
0 0 0 0 0 0 0 0 0 0 0 0 0 0 0 0 0 0 0 0 0 0 0 0 0 0 0 0 0 0 0 0 0 0 0
0 0 0 0 0 0 0 0 0 0 0 0 0 0 0 0 0 0 0 0 0 0 0 0 0 0 0 0 0 0 0 0 0 0 0
0 0 0 0 0 0 0 0 0 0 0 0 0 0 0 0 0 0 0 0 0 0 0 0 0 0 0 0 0 0 0 0 0 0 0
0 0 0 0 0 0 0 0 0 0 0 0 0 0 0 0 0 0 0 0 0 0 0 0 0 0 0 0 0 0 0 0 0 0 0
0 0 0 0 0 0 0 0 0 0 0 0 0 0 0 0 0 0 0 0 0 0 0 0 0 0 0 0 0 0 0 0 0 0 0
0 0 0 0 0 0 0 0 0 0 0 0 0 0 0 0 0 0 0 0 0 0 0 0 0 0 0 0 0 0 0 0 0 0 0
0 0 0 0 0 0 0 0 0 0 0 0 0 0 0 0 0 0 0 0 0 0 0 0 0 0 0 0 0 0 0 0 0 0 0
0 0 0 0 0 0 0 0 0 0 0 0 0 0 0 0 0 0 0 0 0 0 0 0 0 0 0 0 0 0 0 0 0 0 0
0 0 0 0 0 0 0 0 0 0 0 0 0 0 0 0 0 0 0 0 0 0 0 0 0 0 0 0 0 0 0 0 0 0 0
0 0 0 0 0 0 0 0 0 0 0 0 0 0 0 0 0 0 0 0 0 0 0 0 0 0 0 0 0 0 0 0 0 0 0
0 0 0 0 0 0 0 0 0 0 0 0 0 0 0 0 0 0 0 0 0 0 0 0 0 0 0 0 0 0 0 0 0 0 0
0 0 0 0 0 0 0 0 0 0 0 0 0 0 0 0 0 0 0 0 0 0 0 0 0 0 0 0 0 0 0 0 0 0 0
0 0 0 0 0 0 0 0 0 0 0 0 0 0 0 0 0 0 0 0 0 0 0 0 0 0 0 0 0 0 0 0 0 0 0
0 0 0 0 0 0 0 0 0 0 0 0 0 0 0 0 0 0 0 0 0 0 0 0 0 0 0 0 0 0 0 0 0 0 0
0 0 0 0 0 0 0 0 0 0 0 0 0 0 0 0 0 0 0 0 0 0 0 0 0 0 0 0 0 0 0 0 0 0 0
0 0 0 0 0 0 0 0 0 0 0 0 0 0 0 0 0 0 0 0 0 0 0 0 0 0 0 0 0 0 0 0 0 0 0
0 0 0 0 0 0 0 0 0 0 0 0 0 0 0 0 0 0 0 0 0 0 0 0 0 0 0 0 0 0 0 0 0 0 0
0 0 0 0 0 0 0 0 0 0 0 0 0 0 0 0 0 0 0 0 0 0 0 0 0 0 0 0 0 0 0 0 0 0 0
0 0 0 0 0 0 0 0 0 0 0 0 0 0 0 0 0 0 0 0 0 0 0 0 0 0 0 0 0 0 0 0 0 0 0
0 0 0 0 0 0 0 0 0 0 0 0 0 0 0 0 0 0 0 0 0 0 0 0 0 0 0 0 0 0 0 0 0 0 0
0 0 0 0 0 0 0 0 0 0 0 0 0 0 0 0 0 0 0 0 0 0 0 0 0 0 0 0 0 0 0 0 0 0 0
0 0 0 0 0 0 0 0 0 0 0 0 0 0 0 0 0 0 0 0 0 0 0 0 0 0 0 0 0 0 0 0 0 0 0
0 0 0 0 0 0 0 0 0 0 0 0 0 0 0 0 0 0 0 0 0 0 0 0 0 0 0 0 0 0 0 0 0 0 0
0 0 0 0 0 0 0 0 0 0 0 0 0 0 0 0 0 0 0 0 0 0 0 0 0 0 0 0 0 0 0 0 0 0 0

I cap
1058.909090909091 1058.909090909091 939.3490909091161 939.3490909091379 744.69999999999 913.6599999999728 894.0800000000561 861.920000000024 725.8599999999799 716.95999999997 184.14000000002704 436.78000000004243 560.5599999999808 496.61999999995476 839.6400000000328 696.6890909091447 394.94909090910437 517.7090909090557 524.9490909090864 397.52909090913306 387.46909090911134 589.1290909090503 716.769090909082 680.6090909091531 625.5890909091449 403.2490909090421 590.1290909090533 491.12909090913644 587.6690909091349 690.2890909090461 797.7690909090843 888.9490909091107 941.349090909091 1058.909090909091 672.0
107.96969696969697 107.96969696969697 67.52969696969697 67.52969696969697 18.89999999999995 49.940000000000026 7.719999999999835 28.079999999999977 89.13999999999992 115.03999999999928 72.85999999999993 89.22000000000001 71.43999999999939 23.379999999999093 30.359999999999815 25.189696969696968 9.929696969696721 43.16969696969713 69.92969696969661 68.34969696969667 79.4096969696971 88.74969696969646 102.10969696969684 92.26969696969694 62.28969696969688 51.62969696969668 16.749696969696906 22.749696969696785 23.20969696969678 20.589696969697286 35.10969696969721 45.929696969697005 69.52969696969697 107.96969696969697 84.0
38.96666666666666 38.96666666666666 38.96666666666666 38.96666666666666 19.16666666666666 4.391666666666666 5.491666666666667 4.158333333333337 5.5583333333333425 17.53333333333334 9.133333333333331 0.7333333333333361 2.833333333333334 7.73333333333334 9.833333333333334 10.300000000000002 17.300000000000004 10.299999999999997 17.300000000000004 10.300000000000004 17.299999999999997 17.300000000000004 17.300000000000004 17.299999999999997 10.300000000000002 31.96666666666667 19.29166666666667 19.291666666666668 19.291666666666668 19.291666666666668 38.96666666666667 38.96666666666667 38.96666666666666 38.96666666666666 23.8
45.24545454545453 45.24545454545453 43.14545454545453 37.195454545454524 18.070000000000043 29.890000000000082 27.820000000000594 27.510000000001348 28.060000000000546 27.510000000000613 21.340000000000718 18.19000000000014 19.990000000000347 13.290000000000317 13.340000000000344 22.905454545455076 23.46545454545499 28.65545454545519 29.575454545454942 22.41545454545497 23.705454545454938 25.1354545454551 32.16545454545503 28.73545454545514 27.045454545455048 26.095454545455013 29.235454545455145 24.445454545455163 28.68545454545519 36.395454545454584 40.03545454545453 42.77545454545453 43.28545454545453 45.24545454545453 42.0
20.999999999999993 20.999999999999993 20.159999999999993 19.80999999999999 7.509999999999952 16.18999999999999 10.289999999999836 9.529999999999834 9.840000000000002 7.639999999999983 7.9199999999998925 10.99999999999995 12.130000000000015 11.22999999999999 8.919999999999968 6.630000000000049 5.090000000000096 8.340000000000003 9.740000000000055 5.159999999999998 6.880000000000029 7.699999999999985 11.020000000000024 8.20000000000003 7.520000000000001 7.06000000000001 9.720000000000018 6.44999999999996 6.119999999999882 8.229999999999876 14.09 17.159999999999993 20.21999999999999 20.999999999999993 21.0
345.75757575757575 345.75757575757575 341.76757575757574 308.8263992869875 190.6094117647059 208.68000000000077 234.01999999999913 206.41999999999942 223.4800000000021 205.61000000000234 158.98000000000036 171.44999999999905 211.41000000000216 171.86000000000396 147.03999999999985 151.53757575757282 168.07757575757483 170.66757575757646 182.5875757575757 187.1175757575756 223.28757575757533 215.97757575757763 244.34757575757803 233.20757575757565 228.19757575757575 235.617575757577 205.14757575757784 230.45875222816244 257.0081639928711 276.61757575757576 301.9375757575756 328.81757575757575 341.76757575757574 345.75757575757575 245.0
779.7575757575758 779.7575757575758 747.8375757575758 669.0875757575758 444.0500000000018 607.1100000000008 754.1900000000004 736.1499999999991 875.5099999999998 806.46 660.430000000001 666.8699999999995 710.97 702.68 697.9999999999989 490.6075757575737 508.227575757573 635.3075757575784 637.8675757575785 550.7075757575724 606.2275757575742 619.087575757577 730.9575757575759 598.5275757575723 497.58757575757204 555.1575757575785 642.3275757575769 577.6675757575739 572.1775757575763 612.697575757576 680.5675757575759 725.2675757575757 749.4575757575758 779.7575757575758 630.0
80.73333333333335 80.73333333333335 79.26333333333335 78.56333333333335 60.4466666666666 80.22 70.53 78.95333333333333 83.79999999999998 85.11666666666665 73.75333333333337 82.59666666666666 89.17 83.96999999999997 80.17333333333333 68.79999999999949 65.46333333333305 69.48333333333326 68.29333333333327 65.66333333333294 66.95333333333313 67.88333333333321 71.49333333333333 72.79666666666643 71.82000000000001 66.28333333333332 66.92333333333335 64.46333333333305 68.38666666666666 76.80333333333334 79.05333333333334 79.26333333333335 79.34333333333335 80.73333333333335 48.300000000000004
10.775757575757575 10.775757575757575 9.725757575757575 9.725757575757573 3.8500000000000028 2.75 2.050000000000008 2.1499999999999897 3.369999999999994 3.069999999999994 0.26999999999999336 2.069999999999993 6.87 2.1599999999999966 0.5800000000000036 0.15575757575757354 0.15575757575757798 0.15575757575757532 0.15575757575757798 0.7257575757575756 5.22575757575757 1.8357575757575724 3.4357575757575827 3.245757575757575 2.6857575757575756 3.595757575757581 1.255757575757574 2.2157575757575927 2.07575757575757 1.4757575757576218 4.925757575757573 9.725757575757573 9.825757575757578 10.775757575757575 8.4
2.545454545454545 2.545454545454545 1.915454545454545 1.915454545454545 1.96 0.5599999999999999 0.5500000000000064 0.12000000000000077 1.2400000000000553 1.2600000000000007 1.5400000000000018 0.1399999999999999 0.5599999999999999 0.36000000000000065 0.030000000000000693 0.44545454545454966 0.08545454545455711 0.20545454545454767 0.5954545454545522 0.025454545454552724 0.5354545454545477 1.1954545454545626 1.1954545454545662 1.2854545454545487 0.02545454545456205 0.9554545454545557 0.20545454545455077 0.055454545454552084 0.5654545454545595 0.5954545454545478 0.2054545454545521 0.8054545454545575 1.915454545454545 2.545454545454545 2.8000000000000003
8.515433299825174 8.515433299825174 8.515433299825174 7.807629307084673 3.9291341379310305 4.517256551724077 4.939972327586195 6.952480172413605 8.144710344827214 7.636167672413423 7.319775517240792 7.8279618965513755 6.263624827586029 5.452085000000024 4.614331810344815 4.575920862068957 4.693693103448264 5.332579482758621 4.992544310344877 4.618618362068938 4.5116532288400855 6.143988448275847 5.606914137930994 4.962474999999975 4.573772528735606 4.445256551724125 4.939351551724197 7.339099999999578 7.955376636418448 7.453534999999636 8.743675517241378 9.074373275862069 7.466258620689655 8.024766408045977 11.280892298850576
700.0 700.0 700.0 698.0 686.0 686.0 678.0 686.0 683.0 682.0 678.0 681.0 684.0 681.0 681.0 680.0 677.0 682.0 683.0 676.0 682.0 681.0 683.0 679.0 685.0 685.0 688.0 682.0 680.0 682.0 685.0 690.0 696.0 700.0 697.0

H cap
1.5749999999999886 1.5749999999999673 24.849999999999817 -5.075000000000109 31.499999999999446 24.849999999999568 4.899999999999531 -11.725000000000648 8.224999999999511 11.549999999999493 18.199999999999378 38.14999999999941 71.39999999999992 21.524999999999743 8.224999999999648 21.524999999999572 11.549999999999615 18.199999999999953 41.47499999999968 41.47499999999956 51.44999999999948 -5.075000000000159 4.899999999999871 24.849999999999717 18.199999999999754 -18.37499999999997 -1.7500000000000284 131.25 131.25 131.25 131.25 131.25 131.25 131.25 131.25
14.974999999999987 -2.1250000000000835 14.499999999999995 15.924999999999935 21.624999999999957 20.674999999999827 16.399999999999835 21.624999999999766 15.44999999999996 3.574999999999866 4.524999999999839 6.424999999999894 7.849999999999813 6.424999999999823 14.499999999999751 18.299999999999912 15.44999999999976 18.299999999999855 20.199999999999854 15.924999999999928 13.074999999999807 9.749999999999826 15.449999999999884 22.574999999999925 27.324999999999967 26.84999999999996 35.4 52.5 52.5 52.5 52.5 52.5 52.5 52.5 52.5
46.374999999999986 46.374999999999986 46.374999999999986 43.04999999999998 53.02499999999999 46.374999999999986 39.72499999999998 43.04999999999998 46.374999999999986 43.04999999999998 39.72499999999998 39.72499999999998 39.72499999999998 39.72499999999998 49.69999999999999 43.04999999999998 39.72499999999998 53.02499999999999 53.02499999999999 49.69999999999999 49.69999999999999 46.374999999999986 53.02499999999999 46.374999999999986 43.04999999999998 46.374999999999986 49.69999999999999 63.0 63.0 63.0 63.0 63.0 63.0 63.0 63.0
6.550000000000189 -1.9999999999998295 5.599999999999882 -0.10000000000007425 -0.5750000000000632 -12.924999999999937 0.3749999999998588 -5.799999999999985 6.074999999999797 3.225000000000236 0.37499999999998135 -1.5250000000001105 7.974999999999761 -2.474999999999902 2.2749999999998742 -6.274999999999977 3.699999999999953 -3.9000000000001442 -0.10000000000011511 -1.999999999999992 -0.5750000000001307 2.7500000000000657 0.84999999999979 -2.95000000000008 1.3249999999996165 -8.17499999999968 2.7500000000002878 78.75 78.75 78.75 78.75 78.75 78.75 78.75 78.75

Gap
NaN

Time
NaN

