T P M C
35 37 4 12

base obj
10.876739926739926

exp obj
11.107554945054943

Objective struct
10.876739926739926 0.0 11.8

num campaigns
223

x
0 0 0 0 1 0 0 0 1 0 0 0 1 0 0 0 0 1 0 0 0 1 0 0 0 1 0 0 0 1 0 0 0 0 0
0 0 0 0 0 0 0 1 0 0 0 0 0 0 0 0 0 0 0 0 1 0 0 0 0 0 0 1 0 0 0 0 0 0 0
0 0 0 0 0 0 1 0 0 0 1 0 0 0 1 0 0 0 0 0 0 1 0 0 0 0 1 0 0 0 0 0 0 0 0
0 0 0 0 0 1 0 0 0 1 0 0 1 0 0 0 0 0 1 0 0 1 0 0 0 0 0 1 0 0 0 0 0 0 0
0 0 0 0 0 0 1 0 1 0 1 0 1 0 1 0 1 0 1 0 1 0 1 0 0 0 0 0 0 0 0 0 0 0 0
0 0 0 0 0 0 0 0 0 0 0 0 0 0 1 0 0 0 0 1 0 0 0 0 0 0 0 0 0 0 0 0 0 0 0
0 0 0 0 0 0 1 0 0 1 0 0 1 0 0 1 0 0 1 0 0 0 0 0 1 0 0 0 0 0 0 0 0 0 0
0 0 0 0 1 0 0 0 0 0 0 0 0 0 0 0 0 0 0 0 0 0 0 0 0 0 0 0 0 1 0 0 0 0 0
0 0 0 0 0 0 0 0 0 0 0 0 0 0 1 0 0 0 0 0 0 0 0 0 0 0 0 0 0 0 0 0 0 0 0
0 0 0 0 0 0 0 0 0 0 0 0 0 1 0 0 0 0 1 0 0 0 1 0 0 0 0 0 0 0 0 0 0 0 0
0 0 0 0 0 1 0 0 0 0 0 0 0 0 0 1 0 0 0 0 0 0 0 0 0 0 1 0 0 0 0 0 0 0 0
0 0 0 0 0 0 0 0 1 0 0 0 0 0 0 0 0 0 0 0 0 0 0 1 0 0 0 0 0 0 0 0 0 0 0
0 0 0 0 0 0 0 0 0 0 0 0 0 0 0 0 1 0 0 0 0 0 0 0 0 0 0 0 0 1 0 0 0 0 0
0 0 0 0 0 0 1 0 0 0 0 1 0 0 0 0 0 1 0 0 0 0 0 0 0 0 0 0 1 0 0 0 0 0 0
0 0 0 0 0 0 0 0 0 0 0 0 0 0 0 0 0 0 0 0 0 0 0 0 0 0 0 0 0 0 0 0 0 0 0
0 0 0 0 0 0 0 0 0 0 0 0 0 0 0 0 0 0 0 1 0 0 0 0 0 0 0 0 0 0 0 0 0 0 0
0 0 0 0 0 0 0 0 0 0 0 0 0 1 0 0 0 0 0 0 0 0 0 0 1 0 0 0 0 0 0 0 0 0 0
0 0 0 0 0 0 1 0 0 0 0 0 0 0 0 0 0 0 0 0 0 0 0 0 0 0 0 0 0 1 0 0 0 0 0
0 0 0 0 0 0 1 0 0 1 0 0 1 0 1 0 1 0 1 0 1 0 1 0 1 0 0 1 0 0 0 0 0 0 0
0 0 0 0 0 0 1 0 0 0 0 0 0 0 0 0 0 0 0 0 0 0 0 0 0 0 0 0 0 0 0 0 0 0 0
0 0 0 0 0 0 0 0 0 1 0 0 1 0 0 1 0 0 1 0 0 0 1 0 0 1 0 0 0 0 0 0 0 0 0
0 0 0 0 0 0 0 0 0 0 0 0 0 0 0 0 0 0 0 0 0 0 0 0 0 0 0 0 0 0 0 0 0 0 0
0 0 0 0 1 0 0 0 0 0 0 0 0 0 0 0 0 0 0 0 0 0 0 0 0 0 0 1 0 0 0 0 0 0 0
0 0 0 0 0 0 0 0 1 0 0 0 0 0 0 1 0 0 0 0 0 0 0 0 0 1 0 0 0 0 0 0 0 0 0
0 0 0 0 0 0 0 0 0 0 1 0 0 0 0 0 0 0 0 0 0 0 0 1 0 0 0 0 0 0 0 0 0 0 0
0 0 0 0 1 0 0 0 0 0 0 0 1 0 0 0 0 0 0 0 1 0 0 0 0 0 0 0 0 1 0 0 0 0 0
0 0 0 0 0 0 1 0 0 0 0 1 0 0 0 0 1 0 0 0 0 1 0 0 0 0 1 0 0 0 0 0 0 0 0
0 0 0 0 0 0 0 0 0 0 1 0 0 0 0 0 0 0 0 0 0 0 0 0 0 0 0 0 0 0 0 0 0 0 0
0 0 0 0 0 0 0 0 0 0 0 0 0 0 0 0 0 0 0 0 0 0 0 0 0 0 0 0 0 0 0 0 0 0 0
0 0 0 0 1 1 1 1 1 1 1 1 1 1 1 1 1 1 1 1 1 1 1 1 1 1 1 1 1 1 0 0 0 0 0
0 0 0 0 1 1 1 1 1 1 1 1 1 1 1 1 1 1 1 1 1 1 1 1 1 1 1 1 1 1 0 0 0 0 0
0 0 0 0 1 1 1 1 1 1 1 1 1 1 1 1 1 1 1 1 1 1 1 1 1 1 1 1 1 1 0 0 0 0 0
0 0 0 0 1 0 1 1 0 1 0 0 1 1 0 1 1 0 1 1 1 1 1 1 0 0 1 0 0 0 0 0 0 0 0
0 0 0 0 1 1 1 1 1 1 1 0 1 1 1 1 1 1 1 1 1 1 1 1 1 1 1 1 1 1 0 0 0 0 0
0 0 0 0 1 1 0 0 1 1 0 1 0 0 0 1 1 0 0 0 1 0 1 0 0 0 0 1 0 1 0 0 0 0 0
0 0 0 0 0 0 0 0 0 0 0 0 0 0 0 0 0 0 0 0 0 0 0 0 0 0 0 0 0 0 0 0 0 0 0
0 0 0 0 0 0 0 0 0 0 0 0 0 0 0 0 0 0 0 0 0 0 0 0 0 0 0 0 0 0 0 0 0 0 0

y
0.0 2.0 0.0 0.0 0.0 0.0 0.0 0.0 0.0 2.2142857142857144 0.0 0.0 8.0 0.0 0.0 0.0 0.0 0.0 0.0 0.0 0.0 0.0 0.0 0.75 0.5 0.0 0.0 0.0 0.0 0.0 0.0 0.0 0.5098039215686274 0.0 0.0 0.0 0.0

k
0 3 2 0 0 4 0 0 0 12 0 0 4 2 4 0 1 0 3 0 0 3 0 2 1 0 0 0 11 0 0 0 37 1 15 26 3

f
1.7500000000000284 21.700000000000053 0.0 1.7500000000002771 0.0 0.0 0.0 0.0 0.0 0.0 0.0 5.07500000000026 0.0 0.0 0.0 0.0 0.0 8.40000000000038 0.0 0.0 0.0 0.0 0.0 0.0 0.0 1.7500000000001705 1.7500000000000568 0.0 0.0 0.0 0.0 0.0 0.0 0.0 0.0
0.0 0.0 0.0 0.0 0.0 0.0 0.0 0.0 0.0 0.0 0.0 0.0 0.0 0.0 0.0 0.0 0.0 0.0 0.0 0.0 0.0 0.0 0.0 0.0 0.0 0.0 0.0 0.0 0.0 0.0 0.0 0.0 0.0 0.0 0.0
0.0 0.0 0.0 0.0 0.0 0.0 0.0 0.0 0.0 0.0 0.0 0.0 0.0 0.0 0.0 0.0 0.0 0.0 0.0 0.0 0.0 0.0 0.0 0.0 0.0 0.0 0.0 0.0 0.0 0.0 0.0 0.0 0.0 0.0 0.0
0.0 11.02499999999974 0.0 0.0 0.575000000000137 3.424999999999943 0.0 11.975000000000055 0.10000000000018261 1.049999999999926 2.000000000000057 5.324999999999937 0.0 0.5749999999999602 0.0 0.0 0.0 0.09999999999998455 0.0 0.10000000000003428 1.5250000000002597 0.09999999999991616 1.5250000000003245 3.4249999999998657 0.10000000000018616 5.799999999999566 0.0 0.0 0.0 0.0 0.0 0.0 0.0 0.0 0.0

L
4 7 4 3 2 5 3 25 0 4 10 15 13 5 0 0 11 23 2 0 3 0 23 7 13 8 5 0 0 1 1 1 1 1 1 0 0

g
0 0 0 0 0 0 0 0 0 0 0 0 0 0 0 0 0 0 0 0 0 0 0 0 0 0 0 0 0 0 0 0 0 0 0
0 0 0 0 0 0 0 0 0 0 0 0 0 0 0 0 0 0 0 0 0 0 0 0 0 0 0 0 0 0 0 0 0 0 0
0 0 0 0 0 0 0 0 0 0 0 0 0 0 0 0 0 0 0 0 0 0 0 0 0 0 0 0 0 0 0 0 0 0 0
0 0 0 0 0 0 0 0 0 0 0 0 0 0 0 0 0 0 0 0 0 0 0 0 0 0 0 0 0 0 0 0 0 0 0
0 0 0 0 0 0 0 0 0 0 0 0 0 0 0 0 0 0 0 0 0 0 0 0 0 0 0 0 0 0 0 0 0 0 0
0 0 0 0 0 0 0 0 0 0 0 0 0 0 0 0 0 0 0 0 0 0 0 0 0 0 0 0 0 0 0 0 0 0 0
0 0 0 0 0 0 0 0 0 0 0 0 0 0 0 0 0 0 0 0 0 0 0 0 0 0 0 0 0 0 0 0 0 0 0
0 0 0 0 0 0 0 0 0 0 0 0 0 0 0 0 0 0 0 0 0 0 0 0 0 0 0 0 0 0 0 0 0 0 0
0 0 0 0 0 0 0 0 0 0 0 0 0 0 0 0 0 0 0 0 0 0 0 0 0 0 0 0 0 0 0 0 0 0 0
0 0 0 0 0 0 0 0 0 0 0 0 0 0 0 0 0 0 0 0 0 0 0 0 0 0 0 0 0 0 0 0 0 0 0
0 0 0 0 0 0 0 0 0 0 0 0 0 0 0 0 0 0 0 0 0 0 0 0 0 0 0 0 0 0 0 0 0 0 0
0 0 0 0 0 0 0 0 0 0 0 0 0 0 0 0 0 0 0 0 0 0 0 0 0 0 0 0 0 0 0 0 0 0 0
0 0 0 0 0 0 0 0 0 0 0 0 0 0 0 0 0 0 0 0 0 0 0 0 0 0 0 0 0 0 0 0 0 0 0
0 0 0 0 0 0 0 0 0 0 0 0 0 0 0 0 0 0 0 0 0 0 0 0 0 0 0 0 0 0 0 0 0 0 0
0 0 0 0 0 0 0 0 0 0 0 0 0 0 0 0 0 0 0 0 0 0 0 0 0 0 0 0 0 0 0 0 0 0 0
0 0 0 0 0 0 0 0 0 0 0 0 0 0 0 0 0 0 0 0 0 0 0 0 0 0 0 0 0 0 0 0 0 0 0
0 0 0 0 0 0 0 0 0 0 0 0 0 0 0 0 0 0 0 0 0 0 0 0 0 0 0 0 0 0 0 0 0 0 0
0 0 0 0 0 0 0 0 0 0 0 0 0 0 0 0 0 0 0 0 0 0 0 0 0 0 0 0 0 0 0 0 0 0 0
0 0 0 0 0 0 0 0 0 0 0 0 0 0 0 0 0 0 0 0 0 0 0 0 0 0 0 0 0 0 0 0 0 0 0
0 0 0 0 0 0 0 0 0 0 0 0 0 0 0 0 0 0 0 0 0 0 0 0 0 0 0 0 0 0 0 0 0 0 0
0 0 0 0 0 0 0 0 0 0 0 0 0 0 0 0 0 0 0 0 0 0 0 0 0 0 0 0 0 0 0 0 0 0 0
0 0 0 0 0 0 0 0 0 0 0 0 0 0 0 0 0 0 0 0 0 0 0 0 0 0 0 0 0 0 0 0 0 0 0
0 0 0 0 0 0 0 0 0 0 0 0 0 0 0 0 0 0 0 0 0 0 0 0 0 0 0 0 0 0 0 0 0 0 0
0 0 0 0 0 0 0 0 0 0 0 0 0 0 0 0 0 0 0 0 0 0 0 0 0 0 0 0 0 0 0 0 0 0 0
0 0 0 0 0 0 0 0 0 0 0 0 0 0 0 0 0 0 0 0 0 0 0 0 0 0 0 0 0 0 0 0 0 0 0
0 0 0 0 0 0 0 0 0 0 0 0 0 0 0 0 0 0 0 0 0 0 0 0 0 0 0 0 0 0 0 0 0 0 0
0 0 0 0 0 0 0 0 0 0 0 0 0 0 0 0 0 0 0 0 0 0 0 0 0 0 0 0 0 0 0 0 0 0 0
0 0 0 0 0 0 0 0 0 0 0 0 0 0 0 0 0 0 0 0 0 0 0 0 0 0 0 0 0 0 0 0 0 0 0
0 0 0 0 0 0 0 0 0 0 0 0 0 0 0 0 0 0 0 0 0 0 0 0 0 0 0 0 0 0 0 0 0 0 0
0 0 0 0 0 0 0 0 0 0 0 0 0 0 0 0 0 0 0 0 0 0 0 0 0 0 0 0 0 0 0 0 0 0 0
0 0 0 0 0 0 0 0 0 0 0 0 0 0 0 0 0 0 0 0 0 0 0 0 0 0 0 0 0 0 0 0 0 0 0
0 0 0 0 0 0 0 0 0 0 0 0 0 0 0 0 0 0 0 0 0 0 0 0 0 0 0 0 0 0 0 0 0 0 0
0 0 0 0 0 0 0 0 0 0 0 0 0 0 0 0 0 0 0 0 0 0 0 0 0 0 0 0 0 0 0 0 0 0 0
0 0 0 0 0 0 0 0 0 0 0 0 0 0 0 0 0 0 0 0 0 0 0 0 0 0 0 0 0 0 0 0 0 0 0
0 0 0 0 0 0 0 0 0 0 0 0 0 0 0 0 0 0 0 0 0 0 0 0 0 0 0 0 0 0 0 0 0 0 0
0 0 0 0 0 0 0 0 0 0 0 0 0 0 0 0 0 0 0 0 0 0 0 0 0 0 0 0 0 0 0 0 0 0 0
0 0 0 0 0 0 0 0 0 0 0 0 0 0 0 0 0 0 0 0 0 0 0 0 0 0 0 0 0 0 0 0 0 0 0

I cap
1058.909090909091 1058.909090909091 939.349090909112 939.3490909091399 994.659999999986 751.6599999999689 638.8200000000722 882.8800000000167 656.5599999999815 670.5999999999808 610.4800000000287 552.880000000029 270.6999999999767 691.3599999999665 521.6200000000324 574.5690909091365 544.6890909091018 707.3290909090656 407.70909090909475 518.4690909091187 428.54909090912156 328.3290909090589 473.42909090907096 593.9890909091346 711.8290909091479 921.4690909090582 724.5690909090474 432.7890909091249 690.3890909091206 677.5690909090545 721.7690909090836 774.9490909091107 941.349090909091 1058.909090909091 672.0
107.96969696969697 107.96969696969697 67.52969696969697 67.52969696969691 71.93999999999988 31.93999999999997 35.980000000000146 37.11999999999999 55.439999999999976 79.3999999999994 84.5199999999998 94.11999999999996 60.299999999999116 47.63999999999924 35.37999999999994 42.309696969696475 28.189696969696712 33.54969696969681 28.16969696969676 64.409696969697 90.32969696969683 63.549696969696626 58.44969696969649 12.889696969697166 70.04969696969701 79.40969696969685 63.30969696969683 6.089696969696888 24.489696969696695 25.309696969697313 31.10969696969704 39.92969696969695 69.52969696969697 107.96969696969697 84.0
38.96666666666666 38.96666666666666 38.96666666666666 38.96666666666666 19.16666666666666 4.391666666666666 5.491666666666664 18.825000000000003 20.225000000000005 17.53333333333334 9.133333333333331 7.733333333333336 2.833333333333334 14.73333333333334 2.833333333333334 17.300000000000004 10.300000000000002 17.299999999999997 10.300000000000002 17.300000000000004 10.300000000000002 31.96666666666666 10.300000000000002 17.300000000000004 10.299999999999997 17.300000000000004 17.300000000000004 17.300000000000004 19.29166666666667 19.29166666666667 26.291666666666668 26.291666666666668 38.96666666666666 38.96666666666666 23.8
45.24545454545453 45.24545454545453 43.14545454545453 37.195454545454524 21.07 26.890000000000125 24.08000000000068 24.61000000000162 21.520000000000294 27.520000000000405 26.390000000000537 18.540000000000152 14.21000000000044 14.79000000000042 6.530000000000355 24.645454545454747 24.835454545455004 28.325454545455 23.765454545454997 24.815454545455022 30.30545454545499 23.335454545455093 21.31545454545503 20.815454545455196 30.885454545455374 31.30545454545494 27.11545454545495 20.51545454545529 24.52545454545504 35.85545454545457 42.435454545454526 42.77545454545453 43.28545454545453 45.24545454545453 42.0
20.999999999999993 20.999999999999993 20.159999999999993 19.80999999999999 9.90999999999999 13.789999999999994 8.269999999999952 9.04999999999984 6.979999999999926 7.440000000000024 10.519999999999971 10.319999999999888 8.039999999999988 13.930000000000021 4.659999999999968 6.600000000000017 7.52999999999998 10.380000000000035 7.629999999999931 8.310000000000002 10.23999999999996 5.299999999999994 6.030000000000028 6.250000000000025 10.399999999999999 10.54000000000001 8.339999999999964 4.489999999999827 7.569999999999864 10.559999999999896 14.090000000000007 17.159999999999993 20.21999999999999 20.999999999999993 21.0
345.75757575757575 345.75757575757575 341.76757575757574 308.8263992869875 197.2094117647059 202.08000000000095 209.0100000000005 178.52999999999963 205.42000000000158 227.19000000000213 205.6499999999992 193.27999999999975 215.7100000000029 177.76000000000224 131.7699999999996 209.48757575757097 230.94757575757674 221.9375757575762 153.81757575757592 166.66757575757495 216.02757575757494 210.57757575757728 201.2375757575787 195.437575757576 231.92757575757486 195.5375757575775 196.37757575757598 216.68757575757553 226.51757575757702 277.53875222816464 299.4081639928695 328.81757575757575 341.76757575757574 345.75757575757575 245.0
779.7575757575758 779.7575757575758 747.8375757575758 669.0875757575758 569.0 622.1600000000002 603.1800000000005 625.3100000000009 709.5000000000001 750.4799999999987 753.1500000000011 685.8499999999992 599.53 732.8699999999988 588.8499999999997 468.53757575756913 565.6175757575752 590.3475757575748 482.9275757575756 475.8975757575702 530.4575757575748 445.60757575757657 480.18757575757695 575.9875757575735 713.5775757575757 619.2075757575761 574.0775757575777 571.4975757575742 636.7875757575758 702.6875757575751 712.3675757575761 725.2675757575757 749.4575757575758 779.7575757575758 630.0
80.73333333333335 80.73333333333335 79.26333333333335 78.56333333333335 62.2466666666666 78.42 71.49 76.66 73.97999999999998 79.89999999999999 70.17 82.55333333333334 89.61666666666666 86.06999999999998 70.92999999999998 64.71333333333261 66.17333333333303 69.89333333333327 68.70333333333309 66.583333333333 69.47333333333337 66.08333333333334 66.38333333333333 64.8033333333333 68.91333333333328 69.33333333333334 69.48333333333333 65.91333333333338 68.22333333333331 71.11333333333334 75.78666666666668 79.26333333333335 79.34333333333335 80.73333333333335 48.300000000000004
10.775757575757575 10.775757575757575 9.725757575757575 9.725757575757573 3.8500000000000045 2.75 1.5900000000000218 2.599999999999998 1.290000000000001 2.589999999999998 6.999999999999987 4.9 2.8999999999999932 0.7700000000000005 0.5800000000000001 1.1857575757575702 2.3757575757575737 3.175757575757574 0.37575757575757596 2.5157575757575845 1.5757575757575788 1.9157575757575716 2.2657575757575774 3.175757575757574 6.545757575757566 0.15575757575759575 0.7257575757575827 0.9757575757575905 1.6157575757575635 5.715757575757646 6.925757575757573 9.725757575757573 9.825757575757576 10.775757575757575 8.4
2.545454545454545 2.545454545454545 1.915454545454545 1.915454545454545 1.96 0.5599999999999999 0.2800000000000018 0.09000000000000052 0.4600000000000545 0.030000000000000804 0.820000000000017 0.1399999999999999 0.5599999999999999 0.36000000000000065 0.030000000000000693 0.4454545454545479 0.08545454545456965 0.2054545454545469 0.5954545454545521 0.025454545454551836 0.5354545454545526 1.19545454545458 1.1954545454545755 0.29545454545454874 0.5654545454545555 0.985454545454555 0.4454545454545523 0.5354545454545526 0.7754545454545533 0.085454545454551 0.20545454545455222 0.8054545454545805 1.915454545454545 2.545454545454545 2.8000000000000003
8.515433299825174 8.515433299825174 8.515433299825174 7.807629307084691 4.963616896551722 4.862084137930917 4.164110086206891 6.417997241379132 7.7826412068961455 6.412029913792848 7.399085862068425 7.90727224137895 6.346383275861917 5.4520849999999985 4.959159396551717 5.006955344827583 5.210934310344819 5.4187862068965496 3.613233793103488 4.618618534482716 4.259929263322826 4.1646781034482405 4.2276036206896 4.955578275862047 6.204807011494238 5.40732551724137 4.2669375862069225 6.045996379309964 7.165963448275707 6.244097785843536 8.370112471264367 9.074373275862069 7.811086206896552 8.024766408045977 11.280892298850576
700.0 700.0 700.0 698.0 688.0 684.0 673.0 687.0 686.0 686.0 681.0 678.0 678.0 682.0 682.0 683.0 681.0 684.0 676.0 681.0 686.0 682.0 679.0 685.0 678.0 683.0 685.0 679.0 684.0 679.0 688.0 693.0 700.0 697.0 695.0

H cap
-1.7500000000000284 -21.700000000000053 11.549999999999793 -1.7500000000002771 18.199999999999648 11.54999999999972 28.1749999999993 51.44999999999936 14.87499999999983 11.549999999999606 14.874999999999261 -5.07500000000026 54.77499999999957 44.799999999999585 21.52499999999965 4.8999999999995225 11.549999999999562 -8.40000000000038 4.899999999999501 71.39999999999975 81.37499999999973 31.4999999999998 24.849999999999653 8.224999999999747 44.799999999999606 -1.7500000000001705 -1.7500000000000568 131.25 131.25 131.25 131.25 131.25 131.25 131.25 131.25
25.89999999999999 7.37499999999992 5.949999999999974 7.374999999999892 12.59999999999987 8.324999999999893 15.449999999999838 17.824999999999804 8.324999999999871 3.5749999999998554 8.324999999999848 11.174999999999802 4.999999999999844 4.999999999999856 6.42499999999983 8.324999999999875 11.649999999999853 4.049999999999894 2.1499999999998938 12.599999999999849 18.299999999999955 18.299999999999834 14.974999999999854 11.64999999999991 16.87499999999993 7.849999999999962 23.999999999999993 52.5 52.5 52.5 52.5 52.5 52.5 52.5 52.5
49.69999999999999 43.04999999999998 36.39999999999998 39.72499999999998 49.69999999999999 46.374999999999986 49.69999999999999 53.02499999999999 43.04999999999998 39.72499999999998 43.04999999999998 43.04999999999998 43.04999999999998 46.374999999999986 46.374999999999986 46.374999999999986 46.374999999999986 36.39999999999998 39.72499999999998 53.02499999999999 56.349999999999994 49.69999999999999 46.374999999999986 39.72499999999998 49.69999999999999 46.374999999999986 46.374999999999986 63.0 63.0 63.0 63.0 63.0 63.0 63.0 63.0
3.2250000000000343 -11.02499999999974 2.749999999999994 0.3749999999999867 -0.575000000000137 -3.424999999999943 1.3249999999997657 -11.975000000000055 -0.10000000000018261 -1.049999999999926 -2.000000000000057 -5.324999999999937 8.44999999999996 -0.5749999999999602 3.2249999999997936 0.37499999999997957 2.7499999999998206 -0.09999999999998455 1.7999999999997556 -0.10000000000003428 -1.5250000000002597 -0.09999999999991616 -1.5250000000003245 -3.4249999999998657 -0.10000000000018616 -5.799999999999566 18.90000000000009 78.75 78.75 78.75 78.75 78.75 78.75 78.75 78.75

Gap
NaN

Time
NaN

