T P M C
35 37 4 12

base obj
11.21135531135531

exp obj
11.208516483516483

Objective struct
11.21135531135531 0.0 11.2

num campaigns
213

x
0 0 0 0 0 0 1 0 0 0 1 0 0 0 1 0 0 0 1 0 0 0 1 0 0 1 0 0 1 0 0 0 0 0 0
0 0 0 0 0 0 0 0 0 0 0 0 0 0 0 0 1 0 0 0 0 0 1 0 0 0 0 0 0 0 0 0 0 0 0
0 0 0 0 0 0 1 0 0 0 0 1 0 0 0 0 1 0 0 0 0 1 0 0 0 0 1 0 0 0 0 0 0 0 0
0 0 0 0 1 0 0 0 1 0 0 0 1 0 0 0 1 0 0 0 1 0 0 0 1 0 0 0 0 0 0 0 0 0 0
0 0 0 0 0 0 1 0 1 0 1 0 1 0 0 0 1 0 0 0 1 0 1 0 1 0 1 0 0 0 0 0 0 0 0
0 0 0 0 0 0 0 0 0 0 0 0 1 0 0 0 0 0 0 1 0 0 0 0 1 0 0 0 0 0 0 0 0 0 0
0 0 0 0 1 0 0 0 1 0 0 0 1 0 0 0 1 0 0 0 1 0 0 0 0 0 1 0 0 0 0 0 0 0 0
0 0 0 0 1 0 0 0 0 0 0 0 0 0 0 0 0 0 0 0 0 0 0 0 0 0 0 0 0 1 0 0 0 0 0
0 0 0 0 0 0 0 0 1 0 0 0 0 0 0 0 0 0 0 0 0 0 0 0 0 0 0 0 0 0 0 0 0 0 0
0 0 0 0 0 0 0 0 0 0 0 0 1 0 0 0 0 0 0 1 0 1 0 0 0 0 0 0 0 0 0 0 0 0 0
0 0 0 0 0 1 0 0 0 0 0 0 0 0 1 0 0 0 0 0 0 0 0 1 0 0 0 0 0 0 0 0 0 0 0
0 0 0 0 1 0 0 0 0 0 0 0 0 0 0 0 0 0 0 0 0 0 0 0 0 0 1 0 0 0 0 0 0 0 0
0 0 0 0 0 0 0 0 0 0 0 0 0 0 0 0 0 0 1 0 0 0 0 0 0 0 0 0 0 1 0 0 0 0 0
0 0 0 0 0 0 0 0 0 0 1 0 0 0 0 1 0 0 0 0 0 0 0 1 0 0 0 0 0 1 0 0 0 0 0
0 0 0 0 0 0 0 0 0 0 0 0 0 0 0 0 0 0 0 0 0 0 0 0 0 0 0 0 0 0 0 0 0 0 0
0 0 0 0 0 0 0 0 1 0 0 0 0 0 0 0 0 0 0 0 0 0 0 0 0 0 0 0 0 0 0 0 0 0 0
0 0 0 0 0 0 0 0 0 0 0 0 0 1 0 0 0 0 0 0 0 0 0 0 0 1 0 0 0 0 0 0 0 0 0
0 0 0 0 1 0 0 0 0 0 0 0 0 0 0 0 0 0 0 0 0 0 0 0 0 0 0 0 0 1 0 0 0 0 0
0 0 0 0 1 0 0 1 0 1 0 1 0 1 0 1 0 1 0 1 0 1 0 1 0 1 0 1 0 1 0 0 0 0 0
0 0 0 0 0 0 0 0 0 0 0 0 0 0 0 0 0 0 0 0 0 0 0 1 0 0 0 0 0 0 0 0 0 0 0
0 0 0 0 0 0 1 0 0 1 0 0 1 0 0 1 0 0 1 0 0 0 0 0 0 0 1 0 0 0 0 0 0 0 0
0 0 0 0 0 0 0 0 0 0 0 0 0 0 0 0 0 0 0 0 0 0 0 0 0 0 0 0 0 0 0 0 0 0 0
0 0 0 0 0 0 1 0 0 0 0 0 0 0 0 0 0 0 0 0 0 0 0 0 0 0 0 1 0 0 0 0 0 0 0
0 0 0 0 0 0 0 0 1 0 0 0 0 0 1 0 0 0 0 0 1 0 0 0 0 0 0 0 0 0 0 0 0 0 0
0 0 0 0 1 0 0 0 0 0 0 0 0 0 0 0 0 1 0 0 0 0 0 0 0 0 0 0 0 0 0 0 0 0 0
0 0 0 0 1 0 0 0 0 0 0 0 1 0 0 0 0 0 0 0 1 0 0 0 0 0 0 0 1 0 0 0 0 0 0
0 0 0 0 0 0 0 0 0 1 0 0 0 0 0 1 0 0 0 0 0 1 0 0 0 0 0 1 0 0 0 0 0 0 0
0 0 0 0 0 0 0 0 0 0 1 0 0 0 0 0 0 0 0 0 0 0 0 0 0 0 0 0 0 0 0 0 0 0 0
0 0 0 0 0 0 0 0 0 0 0 0 0 0 0 0 0 0 0 0 0 0 0 0 0 0 0 0 0 0 0 0 0 0 0
0 0 0 0 1 1 1 1 1 1 1 1 1 1 1 1 1 1 1 1 1 1 1 1 1 1 1 1 1 1 0 0 0 0 0
0 0 0 0 1 1 1 1 1 1 1 1 1 1 1 1 1 1 1 1 1 1 1 1 1 1 1 1 1 1 0 0 0 0 0
0 0 0 0 1 0 1 1 1 1 1 1 1 1 1 1 1 1 1 1 1 1 1 1 1 1 1 1 1 1 0 0 0 0 0
0 0 0 0 0 0 0 1 1 0 1 1 1 1 0 0 1 0 0 0 0 1 0 1 0 0 0 1 0 0 0 0 0 0 0
0 0 0 0 0 0 1 1 1 1 1 1 1 1 1 1 1 0 1 1 1 1 1 1 1 1 1 1 0 1 0 0 0 0 0
0 0 0 0 0 0 0 0 0 0 0 1 1 0 0 0 1 0 0 1 1 1 0 1 1 0 0 0 0 0 0 0 0 0 0
0 0 0 0 0 0 0 0 0 0 0 0 0 0 0 0 0 0 0 0 0 0 0 0 0 0 0 0 0 0 0 0 0 0 0
0 0 0 0 0 0 0 0 0 0 0 0 0 0 0 0 0 0 0 0 0 0 0 0 0 0 0 0 0 0 0 0 0 0 0

y
0.0 1.0 0.833333333333333 0.0 0.0 0.0 0.0 0.0 0.0 0.2142857142857142 0.0 0.0 6.0 0.0 0.0 0.0 0.0 0.0 0.0 0.0 0.0 0.0 0.0 0.0 0.5 0.0 0.0 0.0 0.0 0.0 0.0 0.0 0.5098039215686274 0.0 0.0 0.0 0.0

k
0 4 2 0 0 3 0 0 0 12 0 0 4 2 4 0 1 0 0 0 0 3 0 2 1 0 1 0 11 0 0 1 42 4 18 26 3

f
1.7500000000000693 11.724999999999905 0.0 0.0 0.0 11.724999999999973 0.0 0.0 0.0 0.0 0.0 0.0 0.0 0.0 0.0 0.0 0.0 0.0 8.400000000000155 0.0 0.0 0.0 0.0 0.0 0.0 11.72500000000003 0.0 0.0 0.0 0.0 0.0 0.0 0.0 0.0 0.0
0.0 0.0 0.0 0.0 0.0 0.0 0.0 0.0 0.0 0.0 0.0 0.0 0.0 0.0 0.0 0.0 0.0 0.0 0.0 0.0 0.0 0.0 0.0 0.0 0.0 0.0 0.0 0.0 0.0 0.0 0.0 0.0 0.0 0.0 0.0
0.0 0.0 0.0 0.0 0.0 0.0 0.0 0.0 0.0 0.0 0.0 0.0 0.0 0.0 0.0 0.0 0.0 0.0 0.0 0.0 0.0 0.0 0.0 0.0 0.0 0.0 0.0 0.0 0.0 0.0 0.0 0.0 0.0 0.0 0.0
0.0 4.849999999999809 0.0 3.899999999999916 0.0 4.850000000000027 0.0 0.0 0.0 1.5249999999999568 0.10000000000003872 11.025000000000087 0.0 1.5249999999999773 6.749999999999996 2.0000000000000293 2.0000000000001315 1.5249999999999746 0.0 0.0 0.0 2.9500000000000055 0.10000000000002185 1.0500000000000158 0.0 5.324999999999811 0.0 0.0 0.0 0.0 0.0 0.0 0.0 0.0 0.0

L
3 6 5 4 2 5 4 25 0 2 9 22 11 5 0 0 12 25 2 0 3 0 21 6 13 8 6 0 0 1 1 1 1 1 1 0 0

g
0 0 0 0 0 0 0 0 0 0 0 0 0 0 0 0 0 0 0 0 0 0 0 0 0 0 0 0 0 0 0 0 0 0 0
0 0 0 0 0 0 0 0 0 0 0 0 0 0 0 0 0 0 0 0 0 0 0 0 0 0 0 0 0 0 0 0 0 0 0
0 0 0 0 0 0 0 0 0 0 0 0 0 0 0 0 0 0 0 0 0 0 0 0 0 0 0 0 0 0 0 0 0 0 0
0 0 0 0 0 0 0 0 0 0 0 0 0 0 0 0 0 0 0 0 0 0 0 0 0 0 0 0 0 0 0 0 0 0 0
0 0 0 0 0 0 0 0 0 0 0 0 0 0 0 0 0 0 0 0 0 0 0 0 0 0 0 0 0 0 0 0 0 0 0
0 0 0 0 0 0 0 0 0 0 0 0 0 0 0 0 0 0 0 0 0 0 0 0 0 0 0 0 0 0 0 0 0 0 0
0 0 0 0 0 0 0 0 0 0 0 0 0 0 0 0 0 0 0 0 0 0 0 0 0 0 0 0 0 0 0 0 0 0 0
0 0 0 0 0 0 0 0 0 0 0 0 0 0 0 0 0 0 0 0 0 0 0 0 0 0 0 0 0 0 0 0 0 0 0
0 0 0 0 0 0 0 0 0 0 0 0 0 0 0 0 0 0 0 0 0 0 0 0 0 0 0 0 0 0 0 0 0 0 0
0 0 0 0 0 0 0 0 0 0 0 0 0 0 0 0 0 0 0 0 0 0 0 0 0 0 0 0 0 0 0 0 0 0 0
0 0 0 0 0 0 0 0 0 0 0 0 0 0 0 0 0 0 0 0 0 0 0 0 0 0 0 0 0 0 0 0 0 0 0
0 0 0 0 0 0 0 0 0 0 0 0 0 0 0 0 0 0 0 0 0 0 0 0 0 0 0 0 0 0 0 0 0 0 0
0 0 0 0 0 0 0 0 0 0 0 0 0 0 0 0 0 0 0 0 0 0 0 0 0 0 0 0 0 0 0 0 0 0 0
0 0 0 0 0 0 0 0 0 0 0 0 0 0 0 0 0 0 0 0 0 0 0 0 0 0 0 0 0 0 0 0 0 0 0
0 0 0 0 0 0 0 0 0 0 0 0 0 0 0 0 0 0 0 0 0 0 0 0 0 0 0 0 0 0 0 0 0 0 0
0 0 0 0 0 0 0 0 0 0 0 0 0 0 0 0 0 0 0 0 0 0 0 0 0 0 0 0 0 0 0 0 0 0 0
0 0 0 0 0 0 0 0 0 0 0 0 0 0 0 0 0 0 0 0 0 0 0 0 0 0 0 0 0 0 0 0 0 0 0
0 0 0 0 0 0 0 0 0 0 0 0 0 0 0 0 0 0 0 0 0 0 0 0 0 0 0 0 0 0 0 0 0 0 0
0 0 0 0 0 0 0 0 0 0 0 0 0 0 0 0 0 0 0 0 0 0 0 0 0 0 0 0 0 0 0 0 0 0 0
0 0 0 0 0 0 0 0 0 0 0 0 0 0 0 0 0 0 0 0 0 0 0 0 0 0 0 0 0 0 0 0 0 0 0
0 0 0 0 0 0 0 0 0 0 0 0 0 0 0 0 0 0 0 0 0 0 0 0 0 0 0 0 0 0 0 0 0 0 0
0 0 0 0 0 0 0 0 0 0 0 0 0 0 0 0 0 0 0 0 0 0 0 0 0 0 0 0 0 0 0 0 0 0 0
0 0 0 0 0 0 0 0 0 0 0 0 0 0 0 0 0 0 0 0 0 0 0 0 0 0 0 0 0 0 0 0 0 0 0
0 0 0 0 0 0 0 0 0 0 0 0 0 0 0 0 0 0 0 0 0 0 0 0 0 0 0 0 0 0 0 0 0 0 0
0 0 0 0 0 0 0 0 0 0 0 0 0 0 0 0 0 0 0 0 0 0 0 0 0 0 0 0 0 0 0 0 0 0 0
0 0 0 0 0 0 0 0 0 0 0 0 0 0 0 0 0 0 0 0 0 0 0 0 0 0 0 0 0 0 0 0 0 0 0
0 0 0 0 0 0 0 0 0 0 0 0 0 0 0 0 0 0 0 0 0 0 0 0 0 0 0 0 0 0 0 0 0 0 0
0 0 0 0 0 0 0 0 0 0 0 0 0 0 0 0 0 0 0 0 0 0 0 0 0 0 0 0 0 0 0 0 0 0 0
0 0 0 0 0 0 0 0 0 0 0 0 0 0 0 0 0 0 0 0 0 0 0 0 0 0 0 0 0 0 0 0 0 0 0
0 0 0 0 0 0 0 0 0 0 0 0 0 0 0 0 0 0 0 0 0 0 0 0 0 0 0 0 0 0 0 0 0 0 0
0 0 0 0 0 0 0 0 0 0 0 0 0 0 0 0 0 0 0 0 0 0 0 0 0 0 0 0 0 0 0 0 0 0 0
0 0 0 0 0 0 0 0 0 0 0 0 0 0 0 0 0 0 0 0 0 0 0 0 0 0 0 0 0 0 0 0 0 0 0
0 0 0 0 0 0 0 0 0 0 0 0 0 0 0 0 0 0 0 0 0 0 0 0 0 0 0 0 0 0 0 0 0 0 0
0 0 0 0 0 0 0 0 0 0 0 0 0 0 0 0 0 0 0 0 0 0 0 0 0 0 0 0 0 0 0 0 0 0 0
0 0 0 0 0 0 0 0 0 0 0 0 0 0 0 0 0 0 0 0 0 0 0 0 0 0 0 0 0 0 0 0 0 0 0
0 0 0 0 0 0 0 0 0 0 0 0 0 0 0 0 0 0 0 0 0 0 0 0 0 0 0 0 0 0 0 0 0 0 0
0 0 0 0 0 0 0 0 0 0 0 0 0 0 0 0 0 0 0 0 0 0 0 0 0 0 0 0 0 0 0 0 0 0 0

I cap
1058.909090909091 1058.909090909091 1021.9090909090919 1021.9090909090928 737.3800000000215 924.9400000000167 902.6599999999819 1022.5599999999869 328.6200000000159 761.1000000000253 683.1799999999907 684.4599999999925 80.00000000000813 549.320000000012 775.1999999999889 746.2290909090855 356.42909090909814 635.7890909091113 702.1690909090812 691.3490909090767 284.7690909091094 389.8290909091045 379.02909090908116 634.3090909090852 446.66909090911935 743.5490909090956 508.089090909058 553.0490909091079 477.0090909091057 679.0690909090702 758.149090909089 888.9490909091076 1023.909090909091 1058.909090909091 672.0
107.96969696969697 107.96969696969697 70.96969696969697 70.96969696969697 0.6199999999997554 27.06000000000016 26.340000000000074 29.439999999999998 44.380000000000194 108.8999999999999 104.8199999999998 92.53999999999986 28.999999999999762 43.67999999999988 77.80000000000014 68.64969696969705 38.44969696969699 89.08969696969702 72.7096969696967 43.52969696969687 15.109696969697072 54.64969696969686 54.44969696969683 60.36969696969658 49.20969696969685 69.32969696969691 35.78969696969708 23.829696969696727 19.869696969697372 23.80969696969717 32.72969696969709 45.92969696969698 72.96969696969697 107.96969696969697 84.0
38.96666666666666 38.96666666666666 38.96666666666666 26.29166666666666 24.424999999999994 22.325 6.958333333333334 16.833333333333336 18.23333333333334 10.533333333333337 9.133333333333331 0.7333333333333361 2.833333333333334 7.733333333333334 9.833333333333336 10.299999999999997 17.299999999999997 10.299999999999997 17.300000000000004 10.299999999999995 17.300000000000004 0.03333333333333499 7.033333333333335 8.833333333333336 31.96666666666666 24.96666666666667 17.300000000000004 10.300000000000004 4.6250000000000036 12.291666666666671 19.291666666666668 19.291666666666668 38.96666666666666 38.96666666666666 23.8
45.24545454545453 45.24545454545453 43.77545454545453 37.82545454545453 16.630000000000198 28.900000000000194 25.34000000000034 25.83000000000083 19.130000000000223 28.480000000000143 27.28000000000021 18.610000000000078 9.810000000000148 13.340000000000131 18.18000000000026 29.18545454545475 22.835454545454763 25.14545454545475 28.44545454545472 26.475454545454664 23.565454545454834 22.445454545454837 20.255454545454704 25.78545454545482 26.18545454545473 30.595454545455077 25.595454545454714 22.735454545454928 23.455454545454753 33.795454545454525 42.64545454545453 42.77545454545453 43.91545454545453 45.24545454545453 42.0
20.999999999999993 20.999999999999993 20.369999999999994 20.019999999999992 6.919999999999996 15.779999999999982 7.929999999999901 8.889999999999933 4.61999999999999 9.899999999999993 13.579999999999995 11.140000000000025 4.9499999999999975 10.469999999999999 9.679999999999994 10.379999999999995 5.799999999999963 7.520000000000017 8.34000000000001 8.749999999999982 6.549999999999972 6.569999999999984 5.7300000000000395 8.129999999999985 7.199999999999971 10.169999999999973 6.830000000000036 5.769999999999939 7.019999999999957 10.559999999999956 14.15999999999999 17.159999999999993 20.429999999999993 20.999999999999993 21.0
345.75757575757575 345.75757575757575 345.75757575757575 312.8163992869875 224.8805882352941 233.5394117647056 252.83941176470609 166.43999999999974 170.04999999999924 186.0199999999992 172.18 187.31000000000031 206.10999999999996 180.82999999999976 171.78000000000048 203.74757575757533 218.5575757575759 224.64757575757395 237.22757575757527 216.86757575757653 204.2575757575759 206.69757575757458 191.9775757575764 225.18757575757598 248.28757575757464 230.59757575757672 184.17757575757705 198.98757575757512 228.07757575757688 259.42875222816383 300.73816399287 328.81757575757575 345.75757575757575 345.75757575757575 245.0
779.7575757575758 779.7575757575758 762.7475757575758 762.7475757575758 562.2899999999988 732.6400000000003 702.33 548.3500000000006 660.2600000000003 730.5999999999991 623.5300000000004 631.7300000000001 549.3599999999997 698.3599999999982 784.1600000000001 579.6875757575768 540.3475757575736 640.7075757575756 672.9675757575757 670.437575757576 571.3575757575753 559.2375757575747 534.8375757575761 587.5775757575705 634.0275757575731 699.5675757575764 516.9375757575749 517.6175757575759 625.1275757575767 683.6375757575761 717.3375757575759 725.2675757575757 764.3675757575758 779.7575757575758 630.0
80.73333333333335 80.73333333333335 79.89333333333335 79.19333333333334 61.419999999999916 85.27000000000001 73.01666666666665 74.67999999999998 70.88999999999999 81.2 72.83999999999999 79.74999999999999 81.23000000000002 84.13999999999999 79.46 69.89333333333335 67.26333333333328 72.28666666666658 72.74999999999999 67.30333333333336 66.38333333333335 66.47333333333316 66.08333333333331 68.85333333333332 66.07333333333327 69.26333333333335 64.28333333333333 63.95333333333278 69.58666666666667 74.38000000000001 75.99666666666668 79.26333333333335 79.97333333333334 80.73333333333335 48.300000000000004
10.775757575757575 10.775757575757575 9.725757575757575 9.725757575757573 7.050000000000001 8.75 8.049999999999997 2.549999999999992 2.8000000000000043 1.4499999999999975 1.849999999999997 2.5000000000000036 4.5 2.7700000000000005 0.5800000000000001 0.7257575757575738 2.0257575757575754 2.665757575757576 10.26575757575757 7.575757575757572 4.775757575757575 1.1157575757575753 2.4257575757575776 2.2657575757575774 4.265757575757576 3.7457575757575734 0.15575757575757265 0.9357575757575933 4.925757575757573 4.625757575757615 9.725757575757576 9.725757575757576 9.825757575757576 10.775757575757575 8.4
2.545454545454545 2.545454545454545 2.545454545454545 2.545454545454545 1.1800000000000002 0.04999999999999993 1.2400000000000264 0.36000000000000065 0.10000000000000275 2.220446049250313e-16 1.2400000000000337 0.5599999999999999 0.1399999999999999 0.8400000000000002 1.2600000000000002 0.4454545454545452 0.5354545454545486 0.775454545454548 0.08545454545454789 0.205454545454561 0.17545454545454864 0.025454545454546507 0.9554545454545512 0.565454545454548 0.7754545454545502 1.0754545454545483 0.08545454545454878 0.5654545454545497 0.35545454545455324 0.5954545454545469 0.41545454545454763 0.8054545454545495 2.545454545454545 2.545454545454545 2.8000000000000003
8.515433299825174 8.515433299825174 8.515433299825174 8.152456893291587 5.734306551724136 6.385072643678092 5.232501235632182 5.917997413792982 7.655055172413553 7.12582284482749 6.976671896551462 7.045203275861917 5.392935172413716 5.365878275862052 6.397090431034476 6.127644827586211 4.935072241379301 5.568786206896545 4.980475344827575 5.39448060344827 4.184067194357376 5.466402241379299 4.922431206896534 4.593509137931028 3.7737725287356216 4.803877241379295 3.577282586206893 6.666686034482538 7.619411724137815 7.204442441016208 8.283905574712643 9.591614655172414 7.811086206896552 8.024766408045977 11.280892298850576
700.0 700.0 700.0 698.0 684.0 685.0 677.0 687.0 681.0 681.0 684.0 687.0 678.0 685.0 684.0 678.0 679.0 677.0 684.0 684.0 680.0 680.0 681.0 681.0 680.0 686.0 684.0 680.0 681.0 676.0 685.0 692.0 700.0 700.0 692.0

H cap
-1.7500000000000693 -11.724999999999905 8.224999999999937 8.22499999999988 14.874999999999858 -11.724999999999973 1.5749999999999602 18.200000000000074 28.174999999999685 28.17499999999982 41.47499999999988 24.84999999999968 21.524999999999743 38.14999999999991 51.45 18.199999999999896 38.149999999999665 44.79999999999982 -8.400000000000155 8.224999999999731 48.12499999999977 8.224999999999959 11.549999999999892 21.524999999999764 21.524999999999892 -11.72500000000003 38.14999999999995 131.25 131.25 131.25 131.25 131.25 131.25 131.25 131.25
33.025 25.42499999999994 24.475 17.824999999999903 12.124999999999925 12.124999999999826 12.59999999999987 7.374999999999929 3.100000000000021 3.5749999999999247 15.449999999999955 15.449999999999934 4.999999999999893 15.449999999999969 23.049999999999855 10.699999999999976 11.174999999999937 4.999999999999972 4.5249999999999115 7.849999999999927 8.324999999999875 11.174999999999821 12.124999999999968 15.924999999999907 22.099999999999987 13.549999999999962 26.849999999999994 52.5 52.5 52.5 52.5 52.5 52.5 52.5 52.5
46.374999999999986 43.04999999999998 46.374999999999986 46.374999999999986 43.04999999999998 39.72499999999998 49.69999999999999 49.69999999999999 43.04999999999998 43.04999999999998 46.374999999999986 46.374999999999986 43.04999999999998 46.374999999999986 53.02499999999999 49.69999999999999 43.04999999999998 36.39999999999998 39.72499999999998 43.04999999999998 46.374999999999986 46.374999999999986 46.374999999999986 46.374999999999986 46.374999999999986 43.04999999999998 49.69999999999999 63.0 63.0 63.0 63.0 63.0 63.0 63.0 63.0
0.3750000000000471 -4.849999999999809 0.3749999999999929 -3.899999999999916 4.649999999999978 -4.850000000000027 7.499999999999951 5.125000000000023 4.175000000000038 -1.5249999999999568 -0.10000000000003872 -11.025000000000087 4.174999999999898 -1.5249999999999773 -6.749999999999996 -2.0000000000000293 -2.0000000000001315 -1.5249999999999746 1.3249999999999709 0.3749999999999538 4.649999999999748 -2.9500000000000055 -0.10000000000002185 -1.0500000000000158 0.8499999999999099 -5.324999999999811 24.600000000000243 78.75 78.75 78.75 78.75 78.75 78.75 78.75 78.75

Gap
NaN

Time
NaN

