T P M C
35 37 4 12

base obj
11.016483516483516

exp obj
11.402362637362636

Objective struct
11.016483516483516 0.0 12.559999999999999

num campaigns
216

x
0 0 0 0 1 0 0 0 0 0 1 0 0 0 1 0 0 0 1 0 0 1 0 0 0 1 0 0 0 1 0 0 0 0 0
0 0 0 0 0 0 0 0 0 0 0 0 0 0 0 0 0 0 1 0 0 0 0 1 0 0 0 0 0 0 0 0 0 0 0
0 0 0 0 0 0 0 0 1 0 0 0 1 0 0 0 1 0 0 0 1 0 0 0 0 1 0 0 0 0 0 0 0 0 0
0 0 0 0 0 0 1 0 0 1 0 0 1 0 0 1 0 0 0 0 1 0 0 0 0 1 0 0 0 0 0 0 0 0 0
0 0 0 0 0 0 1 1 1 1 1 1 1 1 0 0 0 0 0 1 0 0 0 0 0 0 0 0 0 0 0 0 0 0 0
0 0 0 0 0 0 0 0 0 0 1 0 0 0 0 0 1 0 0 0 0 0 0 1 0 0 0 0 0 0 0 0 0 0 0
0 0 0 0 0 0 0 0 1 0 0 1 0 0 1 0 0 1 0 0 1 0 0 1 0 0 0 0 0 0 0 0 0 0 0
0 0 0 0 1 0 0 0 0 0 0 0 0 0 0 0 0 0 0 0 0 0 0 0 0 0 0 0 0 1 0 0 0 0 0
0 0 0 0 0 0 0 1 0 0 0 0 0 0 0 0 0 0 0 0 0 0 0 0 0 0 0 0 0 0 0 0 0 0 0
0 0 0 0 0 0 0 0 0 0 0 1 0 1 0 0 0 0 0 0 0 0 0 0 1 0 0 0 0 0 0 0 0 0 0
0 0 0 0 0 1 0 0 0 0 0 0 0 0 0 0 0 1 0 0 0 0 0 0 0 0 0 0 0 1 0 0 0 0 0
0 0 0 0 0 0 0 0 1 0 0 0 0 0 0 0 0 0 0 0 0 0 0 0 0 0 1 0 0 0 0 0 0 0 0
0 0 0 0 0 0 0 0 0 0 0 0 0 0 1 0 0 0 0 0 0 0 0 0 0 0 0 0 0 1 0 0 0 0 0
0 0 0 0 0 0 0 0 0 0 0 0 1 0 0 0 0 1 0 0 0 0 0 0 0 0 0 1 0 0 0 0 0 0 0
0 0 0 0 0 0 0 0 0 0 0 0 0 0 0 0 0 0 0 0 0 0 0 0 0 0 0 0 0 0 0 0 0 0 0
0 0 0 0 0 0 0 0 0 0 0 0 0 0 0 0 0 0 0 0 0 1 0 0 0 0 0 0 0 0 0 0 0 0 0
0 0 0 0 0 0 0 0 0 0 0 0 0 0 1 0 0 0 0 0 0 0 0 0 0 1 0 0 0 0 0 0 0 0 0
0 0 0 0 0 0 1 0 0 0 0 0 0 0 0 0 0 0 0 0 0 0 0 0 0 0 0 1 0 0 0 0 0 0 0
0 0 0 0 0 0 0 0 1 0 1 0 0 1 0 1 0 1 0 1 0 1 0 1 0 1 0 1 0 1 0 0 0 0 0
0 0 0 0 0 1 0 0 0 0 0 0 0 0 0 0 0 0 0 0 0 0 0 0 0 0 0 0 0 0 0 0 0 0 0
0 0 0 0 0 0 1 0 0 0 1 0 0 1 0 0 1 0 0 1 0 0 1 0 0 0 0 0 0 0 0 0 0 0 0
0 0 0 0 0 0 0 0 0 0 0 0 0 0 0 0 0 0 0 0 0 0 0 0 0 0 0 0 0 0 0 0 0 0 0
0 0 0 0 1 0 0 0 0 0 0 0 0 0 0 0 0 0 0 0 0 0 0 0 0 0 0 1 0 0 0 0 0 0 0
0 0 0 0 0 0 0 0 1 0 0 0 0 0 0 1 0 0 0 0 0 0 0 1 0 0 0 0 0 1 0 0 0 0 0
0 0 0 0 0 0 1 0 0 0 0 0 0 0 0 0 0 0 0 1 0 0 0 0 0 0 0 0 0 0 0 0 0 0 0
0 0 0 0 1 0 0 0 0 1 0 0 0 0 0 0 1 0 0 0 0 1 0 0 0 0 0 0 0 0 0 0 0 0 0
0 0 0 0 0 0 1 0 0 0 0 0 1 0 0 0 0 1 0 0 0 0 1 0 0 0 0 1 0 0 0 0 0 0 0
0 0 0 0 0 0 0 0 1 0 0 0 0 0 0 0 0 0 0 0 0 0 0 0 0 0 0 0 0 0 0 0 0 0 0
0 0 0 0 0 0 0 0 0 0 0 0 0 0 0 0 0 0 0 0 0 0 0 0 0 0 0 0 0 0 0 0 0 0 0
0 0 0 0 1 1 1 1 1 1 1 1 1 1 1 1 1 1 1 1 1 1 1 1 1 1 1 1 1 1 0 0 0 0 0
0 0 0 0 1 0 1 1 1 1 1 1 1 1 1 1 1 1 1 1 1 1 1 1 1 1 1 1 1 1 0 0 0 0 0
0 0 0 0 1 0 1 1 1 1 1 1 1 1 0 0 1 1 1 1 1 1 1 1 1 1 1 1 1 1 0 0 0 0 0
0 0 0 0 0 0 1 0 1 1 1 1 1 1 0 0 0 0 0 0 1 1 1 1 0 1 0 0 0 0 0 0 0 0 0
0 0 0 0 1 0 1 1 1 1 1 1 1 1 0 0 1 1 1 1 1 1 1 1 1 1 1 1 1 1 0 0 0 0 0
0 0 0 0 1 0 1 0 1 1 1 1 1 0 0 0 1 1 0 0 1 0 0 0 1 0 0 0 0 1 0 0 0 0 0
0 0 0 0 0 0 0 0 0 0 0 0 0 0 0 0 0 0 0 0 0 0 0 0 0 0 0 0 0 0 0 0 0 0 0
0 0 0 0 0 0 0 0 0 0 0 0 0 0 0 0 0 0 0 0 0 0 0 0 0 0 0 0 0 0 0 0 0 0 0

y
0.0 0.0 0.0 0.0 0.0 1.0 0.0 0.0 0.0 0.2142857142857142 0.0 0.0 10.0 0.0 0.0 0.0 0.0 0.0 0.0 0.0 0.0 0.0 0.0 0.0 0.5 0.0 0.0 0.0 0.0 0.0 0.0 0.0 0.5098039215686274 0.0 0.0 0.0 0.0

k
0 4 2 0 0 3 0 0 0 12 0 0 4 3 4 0 1 0 2 0 0 3 0 1 1 0 0 0 11 0 1 3 40 3 14 26 3

f
1.7500000000000497 21.700000000000102 0.0 1.750000000000128 5.075000000000037 0.0 1.7500000000000995 11.725000000000279 0.0 0.0 0.0 0.0 0.0 0.0 0.0 0.0 0.0 0.0 0.0 0.0 0.0 0.0 0.0 0.0 0.0 0.0 0.0 0.0 0.0 0.0 0.0 0.0 0.0 0.0 0.0
0.0 0.0 0.0 0.0 0.0 0.0 0.0 0.0 4.500000000000014 0.0 0.0 0.0 0.0 0.0 0.0 0.0 0.0 0.0 0.0 0.0 0.0 0.0 0.0 0.0 0.0 0.0 0.0 0.0 0.0 0.0 0.0 0.0 0.0 0.0 0.0
0.0 0.0 0.0 0.0 0.0 0.0 0.0 0.0 0.0 0.0 0.0 0.0 0.0 0.0 0.0 0.0 0.0 0.0 0.0 0.0 0.0 0.0 0.0 0.0 0.0 0.0 0.0 0.0 0.0 0.0 0.0 0.0 0.0 0.0 0.0
0.0 6.275000000000002 0.10000000000007869 2.9500000000000837 0.0 0.10000000000004938 0.0 0.09999999999996945 0.0 0.0 0.0 8.174999999999951 0.0 6.274999999999969 0.0 8.175000000000114 0.0 2.4750000000000574 0.0 1.9999999999999885 0.10000000000011866 1.0499999999999963 0.10000000000018527 6.274999999999974 0.0 5.324999999999758 0.0 0.0 0.0 0.0 0.0 0.0 0.0 0.0 0.0

L
3 5 4 3 1 6 3 25 0 2 12 18 15 5 0 0 11 21 2 0 3 0 23 6 13 5 5 0 0 1 1 1 1 1 1 0 0

g
0 0 0 0 0 0 0 0 0 0 0 0 0 0 0 0 0 0 0 0 0 0 0 0 0 0 0 0 0 0 0 0 0 0 0
0 0 0 0 0 0 0 0 0 0 0 0 0 0 0 0 0 0 0 0 0 0 0 0 0 0 0 0 0 0 0 0 0 0 0
0 0 0 0 0 0 0 0 0 0 0 0 0 0 0 0 0 0 0 0 0 0 0 0 0 0 0 0 0 0 0 0 0 0 0
0 0 0 0 0 0 0 0 0 0 0 0 0 0 0 0 0 0 0 0 0 0 0 0 0 0 0 0 0 0 0 0 0 0 0
0 0 0 0 0 0 0 0 0 0 0 0 0 0 0 0 0 0 0 0 0 0 0 0 0 0 0 0 0 0 0 0 0 0 0
0 0 0 0 0 0 0 0 0 0 0 0 0 0 0 0 0 0 0 0 0 0 0 0 0 0 0 0 0 0 0 0 0 0 0
0 0 0 0 0 0 0 0 0 0 0 0 0 0 0 0 0 0 0 0 0 0 0 0 0 0 0 0 0 0 0 0 0 0 0
0 0 0 0 0 0 0 0 0 0 0 0 0 0 0 0 0 0 0 0 0 0 0 0 0 0 0 0 0 0 0 0 0 0 0
0 0 0 0 0 0 0 0 0 0 0 0 0 0 0 0 0 0 0 0 0 0 0 0 0 0 0 0 0 0 0 0 0 0 0
0 0 0 0 0 0 0 0 0 0 0 0 0 0 0 0 0 0 0 0 0 0 0 0 0 0 0 0 0 0 0 0 0 0 0
0 0 0 0 0 0 0 0 0 0 0 0 0 0 0 0 0 0 0 0 0 0 0 0 0 0 0 0 0 0 0 0 0 0 0
0 0 0 0 0 0 0 0 0 0 0 0 0 0 0 0 0 0 0 0 0 0 0 0 0 0 0 0 0 0 0 0 0 0 0
0 0 0 0 0 0 0 0 0 0 0 0 0 0 0 0 0 0 0 0 0 0 0 0 0 0 0 0 0 0 0 0 0 0 0
0 0 0 0 0 0 0 0 0 0 0 0 0 0 0 0 0 0 0 0 0 0 0 0 0 0 0 0 0 0 0 0 0 0 0
0 0 0 0 0 0 0 0 0 0 0 0 0 0 0 0 0 0 0 0 0 0 0 0 0 0 0 0 0 0 0 0 0 0 0
0 0 0 0 0 0 0 0 0 0 0 0 0 0 0 0 0 0 0 0 0 0 0 0 0 0 0 0 0 0 0 0 0 0 0
0 0 0 0 0 0 0 0 0 0 0 0 0 0 0 0 0 0 0 0 0 0 0 0 0 0 0 0 0 0 0 0 0 0 0
0 0 0 0 0 0 0 0 0 0 0 0 0 0 0 0 0 0 0 0 0 0 0 0 0 0 0 0 0 0 0 0 0 0 0
0 0 0 0 0 0 0 0 0 0 0 0 0 0 0 0 0 0 0 0 0 0 0 0 0 0 0 0 0 0 0 0 0 0 0
0 0 0 0 0 0 0 0 0 0 0 0 0 0 0 0 0 0 0 0 0 0 0 0 0 0 0 0 0 0 0 0 0 0 0
0 0 0 0 0 0 0 0 0 0 0 0 0 0 0 0 0 0 0 0 0 0 0 0 0 0 0 0 0 0 0 0 0 0 0
0 0 0 0 0 0 0 0 0 0 0 0 0 0 0 0 0 0 0 0 0 0 0 0 0 0 0 0 0 0 0 0 0 0 0
0 0 0 0 0 0 0 0 0 0 0 0 0 0 0 0 0 0 0 0 0 0 0 0 0 0 0 0 0 0 0 0 0 0 0
0 0 0 0 0 0 0 0 0 0 0 0 0 0 0 0 0 0 0 0 0 0 0 0 0 0 0 0 0 0 0 0 0 0 0
0 0 0 0 0 0 0 0 0 0 0 0 0 0 0 0 0 0 0 0 0 0 0 0 0 0 0 0 0 0 0 0 0 0 0
0 0 0 0 0 0 0 0 0 0 0 0 0 0 0 0 0 0 0 0 0 0 0 0 0 0 0 0 0 0 0 0 0 0 0
0 0 0 0 0 0 0 0 0 0 0 0 0 0 0 0 0 0 0 0 0 0 0 0 0 0 0 0 0 0 0 0 0 0 0
0 0 0 0 0 0 0 0 0 0 0 0 0 0 0 0 0 0 0 0 0 0 0 0 0 0 0 0 0 0 0 0 0 0 0
0 0 0 0 0 0 0 0 0 0 0 0 0 0 0 0 0 0 0 0 0 0 0 0 0 0 0 0 0 0 0 0 0 0 0
0 0 0 0 0 0 0 0 0 0 0 0 0 0 0 0 0 0 0 0 0 0 0 0 0 0 0 0 0 0 0 0 0 0 0
0 0 0 0 0 0 0 0 0 0 0 0 0 0 0 0 0 0 0 0 0 0 0 0 0 0 0 0 0 0 0 0 0 0 0
0 0 0 0 0 0 0 0 0 0 0 0 0 0 0 0 0 0 0 0 0 0 0 0 0 0 0 0 0 0 0 0 0 0 0
0 0 0 0 0 0 0 0 0 0 0 0 0 0 0 0 0 0 0 0 0 0 0 0 0 0 0 0 0 0 0 0 0 0 0
0 0 0 0 0 0 0 0 0 0 0 0 0 0 0 0 0 0 0 0 0 0 0 0 0 0 0 0 0 0 0 0 0 0 0
0 0 0 0 0 0 0 0 0 0 0 0 0 0 0 0 0 0 0 0 0 0 0 0 0 0 0 0 0 0 0 0 0 0 0
0 0 0 0 0 0 0 0 0 0 0 0 0 0 0 0 0 0 0 0 0 0 0 0 0 0 0 0 0 0 0 0 0 0 0
0 0 0 0 0 0 0 0 0 0 0 0 0 0 0 0 0 0 0 0 0 0 0 0 0 0 0 0 0 0 0 0 0 0 0

I cap
1058.909090909091 1058.909090909091 939.3490909090967 918.9490909091105 994.6600000000017 920.8600000000004 705.0400000000172 1026.9399999999987 501.5800000000224 403.94000000002256 356.83999999998673 472.43999999998624 305.82000000001904 541.8400000000252 601.9999999999781 655.2690909090747 483.869090909115 379.4690909091138 513.7090909090707 644.1690909090814 427.8290909091129 495.50909090909073 559.6890909090669 357.829090909112 703.1290909091219 586.4090909090621 790.1290909090717 663.8890909091162 793.2890909091013 795.5690909090733 838.2690909090907 881.9490909091055 941.349090909091 1058.909090909091 672.0
107.96969696969697 107.96969696969697 67.52969696969697 67.52969696969697 71.93999999999983 49.940000000000126 23.95999999999995 18.05999999999989 36.4199999999998 57.05999999999996 64.15999999999976 73.55999999999986 43.179999999999865 52.159999999999854 44.99999999999982 56.60969696969683 59.00969696969724 42.40969696969708 55.16969696969673 67.70969696969706 68.04969696969721 81.36969696969683 82.18969696969675 79.04969696969684 70.74969696969701 46.4696969696967 44.74969696969695 25.989696969696908 37.5896969696969 2.309696969697086 9.609696969696955 17.929696969696977 69.52969696969697 107.96969696969697 84.0
38.96666666666666 38.96666666666666 38.96666666666666 14.033333333333328 19.16666666666666 13.191666666666666 13.958333333333332 11.158333333333335 5.558333333333341 32.2 2.133333333333331 7.733333333333336 2.833333333333334 14.733333333333333 9.833333333333334 10.299999999999995 17.299999999999997 10.299999999999995 17.300000000000004 10.300000000000004 17.300000000000004 10.300000000000004 17.300000000000004 10.299999999999997 17.299999999999997 24.96666666666666 19.29166666666667 12.291666666666671 19.291666666666668 12.291666666666671 31.96666666666667 31.96666666666667 38.96666666666666 38.96666666666666 23.8
45.24545454545453 45.24545454545453 43.14545454545453 37.195454545454524 21.070000000000142 29.89000000000011 23.800000000000313 26.580000000001085 20.110000000000223 22.19000000000028 24.25000000000021 20.11000000000014 9.840000000000241 10.990000000000148 9.470000000000223 29.005454545454764 25.805454545454758 24.565454545454816 24.975454545454642 27.855454545454837 25.395454545454857 27.67545454545481 27.115454545454735 26.62545454545479 25.095454545454817 20.66545454545486 25.375454545454886 24.865454545454956 27.015454545454805 33.795454545454554 42.435454545454526 42.77545454545453 43.28545454545453 45.24545454545453 42.0
20.999999999999993 20.999999999999993 20.159999999999993 19.80999999999999 9.91 19.189999999999976 11.459999999999948 15.139999999999976 6.769999999999969 3.9099999999999575 9.379999999999995 12.18999999999999 5.969999999999997 10.090000000000044 6.349999999999998 8.619999999999989 6.919999999999984 6.880000000000006 7.699999999999964 10.169999999999936 5.799999999999995 7.450000000000028 8.340000000000002 9.599999999999937 9.249999999999988 4.010000000000035 6.359999999999989 7.089999999999957 9.769999999999984 10.559999999999949 14.09 17.159999999999993 20.21999999999999 20.999999999999993 21.0
345.75757575757575 345.75757575757575 341.76757575757574 308.8263992869875 230.15058823529412 232.20941176470595 244.43941176470625 196.01 209.64000000000058 222.16999999999908 208.3100000000007 189.61000000000067 189.57999999999967 224.651176470588 192.01058823529473 218.496399286987 221.93698752228033 230.8975757575756 227.81757575757715 232.55757575757582 200.91757575757512 197.20757575757585 197.9275757575762 210.02757575757565 207.81757575757564 183.75757575757657 186.29757575757714 200.85757575757532 236.7775757575765 259.42875222816406 299.4081639928696 328.81757575757575 341.76757575757574 345.75757575757575 245.0
779.7575757575758 779.7575757575758 747.8375757575758 747.8375757575758 630.2499999999998 668.3600000000001 709.4300000000003 667.2700000000003 643.2900000000005 605.3300000000002 566.1299999999999 684.6599999999997 574.4299999999994 670.9900000000008 729.659999999999 640.6975757575757 593.257575757575 609.3775757575747 629.257575757577 593.1875757575747 464.9975757575737 497.2875757575755 488.6375757575755 561.8275757575751 596.1775757575754 540.1075757575749 597.5075757575758 620.4375757575756 681.6875757575756 683.6375757575759 712.3675757575759 725.2675757575757 749.4575757575758 779.7575757575758 630.0
80.73333333333335 80.73333333333335 79.26333333333335 78.56333333333335 62.24666666666651 83.95333333333333 73.19666666666666 75.96999999999998 71.94999999999999 75.67 67.38999999999999 79.17 83.04 83.93 81.49333333333331 76.69333333333334 69.12999999999998 66.9533333333333 67.88333333333328 69.26333333333316 67.26333333333321 68.34333333333332 69.48333333333332 67.87333333333332 68.4833333333333 64.79333333333331 64.4033333333333 66.06333333333335 68.07333333333335 71.11333333333334 75.78666666666668 79.26333333333335 79.34333333333335 80.73333333333335 48.300000000000004
10.775757575757575 10.775757575757575 9.725757575757576 9.725757575757576 3.8500000000000028 5.95 2.4499999999999944 0.5499999999999954 1.7999999999999972 3.099999999999998 3.7999999999999936 4.500000000000006 2.100000000000005 2.200000000000001 2.170000000000006 0.15575757575757443 1.1857575757575791 1.1157575757575726 2.425757575757576 5.465757575757569 1.4657575757575811 0.9757575757575756 1.8657575757575786 2.0757575757575695 2.2657575757575756 3.2357575757575736 0.15575757575757798 0.9357575757575924 4.925757575757573 1.425757575757598 6.925757575757573 9.725757575757573 9.825757575757576 10.775757575757575 8.4
2.545454545454545 2.545454545454545 1.915454545454545 1.915454545454545 1.96 0.5599999999999999 1.2700000000000133 0.030000000000000693 0.3400000000000002 0.030000000000000804 1.240000000000041 0.5599999999999999 0.1399999999999999 0.8400000000000002 0.15000000000000058 0.2054545454545469 0.17545454545454775 0.02545454545455006 0.9554545454545494 0.5654545454545471 0.7754545454545515 1.0754545454545492 0.445454545454547 0.5354545454545468 0.7754545454545488 1.1954545454545542 0.7154545454545488 0.5654545454545498 0.5654545454545564 0.595454545454546 0.205454545454553 0.8054545454545486 1.915454545454545 2.545454545454545 2.8000000000000003
8.515433299825174 8.515433299825174 8.515433299825174 8.152456893291596 5.3084444827586195 5.609210402298789 4.968707959770112 5.778342068965438 7.2774686206895245 5.567202155172301 6.455982413792845 6.096927758620487 5.048107586206802 4.676222931034452 6.195940833333331 6.0414381034482725 5.756911494252868 6.361889655172405 5.066682068965502 4.256549396551719 3.7357913322884113 5.212954137931032 6.234500172413773 5.545233448275857 5.584117183908041 4.096980689655148 4.266937758620697 7.701168793103191 8.476308275861944 6.26133899274035 7.680457298850573 8.729545689655172 7.811086206896552 8.024766408045977 11.280892298850576
700.0 700.0 700.0 697.0 687.0 685.0 676.0 687.0 679.0 683.0 681.0 685.0 682.0 681.0 682.0 679.0 680.0 677.0 685.0 676.0 681.0 678.0 685.0 683.0 689.0 683.0 685.0 680.0 683.0 679.0 687.0 689.0 695.0 700.0 697.0

H cap
-1.7500000000000497 -21.700000000000102 21.5249999999997 -1.750000000000128 -5.075000000000037 18.199999999999804 -1.7500000000000995 -11.725000000000279 54.77499999999974 44.799999999999784 21.524999999999665 31.499999999999773 48.12499999999981 31.49999999999966 1.5749999999999034 8.224999999999847 61.42499999999989 8.224999999999902 11.550000000000033 8.224999999999774 24.849999999999774 31.49999999999983 31.499999999999943 28.174999999999883 38.14999999999975 1.5749999999999886 1.5750000000000028 131.25 131.25 131.25 131.25 131.25 131.25 131.25 131.25
28.749999999999993 23.999999999999957 23.525 12.124999999999945 11.17499999999992 5.949999999999816 5.4749999999999215 1.1999999999999575 -4.500000000000014 0.2500000000000071 9.74999999999995 22.574999999999903 25.8999999999999 8.32499999999992 7.849999999999914 20.199999999999903 15.449999999999898 6.8999999999999755 13.549999999999919 14.499999999999874 12.599999999999913 4.9999999999998614 10.699999999999948 20.199999999999953 22.099999999999973 10.700000000000001 22.099999999999994 52.5 52.5 52.5 52.5 52.5 52.5 52.5 52.5
49.69999999999999 43.04999999999998 43.04999999999998 43.04999999999998 43.04999999999998 39.72499999999998 43.04999999999998 46.374999999999986 43.04999999999998 39.72499999999998 43.04999999999998 43.04999999999998 46.374999999999986 46.374999999999986 46.374999999999986 49.69999999999999 49.69999999999999 43.04999999999998 46.374999999999986 49.69999999999999 49.69999999999999 43.04999999999998 46.374999999999986 49.69999999999999 49.69999999999999 43.04999999999998 43.04999999999998 63.0 63.0 63.0 63.0 63.0 63.0 63.0 63.0
4.650000000000048 -6.275000000000002 -0.10000000000007869 -2.9500000000000837 6.074999999999785 -0.10000000000004938 0.84999999999987 -0.09999999999996945 4.649999999999828 1.7999999999999448 0.3749999999999858 -8.174999999999951 1.3249999999999993 -6.274999999999969 2.2750000000000243 -8.175000000000114 3.700000000000009 -2.4750000000000574 4.174999999999937 -1.9999999999999885 -0.10000000000011866 -1.0499999999999963 -0.10000000000018527 -6.274999999999974 3.224999999999852 -5.324999999999758 0.37500000000024514 78.75 78.75 78.75 78.75 78.75 78.75 78.75 78.75

Gap
NaN

Time
NaN

