T P M C
35 37 4 12

base obj
11.08827838827839

exp obj
11.156208791208792

Objective struct
11.08827838827839 0.0 11.36

num campaigns
228

x
0 0 0 0 1 0 0 0 1 0 0 0 1 0 0 0 0 1 0 0 0 1 0 0 0 1 0 0 0 1 0 0 0 0 0
0 0 0 0 0 0 0 0 0 0 0 0 0 0 0 0 0 0 0 0 1 0 0 0 0 0 0 1 0 0 0 0 0 0 0
0 0 0 0 0 0 0 0 0 1 0 0 0 0 1 0 0 0 1 0 0 0 0 1 0 0 0 1 0 0 0 0 0 0 0
0 0 0 0 0 0 0 1 0 0 1 0 0 1 0 0 0 0 1 0 0 1 0 0 1 0 0 0 0 0 0 0 0 0 0
0 0 0 0 0 0 0 1 0 1 0 0 1 0 1 0 1 0 1 0 1 0 1 0 1 0 0 0 0 0 0 0 0 0 0
0 0 0 0 0 0 0 0 0 0 0 1 0 0 0 0 0 0 0 1 0 0 0 0 0 0 0 0 0 0 0 0 0 0 0
0 0 0 0 1 0 0 0 1 0 0 0 0 1 0 0 0 1 0 0 0 1 0 0 0 0 0 1 0 0 0 0 0 0 0
0 0 0 0 1 0 0 0 0 0 0 0 0 0 0 0 0 0 0 0 0 0 0 0 0 0 0 0 0 1 0 0 0 0 0
0 0 0 0 0 0 0 0 0 0 0 0 0 0 1 0 0 0 0 0 0 0 0 0 0 0 0 0 0 0 0 0 0 0 0
0 0 0 0 0 0 0 0 0 0 0 0 1 0 1 0 0 1 0 1 0 0 0 0 0 0 0 0 0 0 0 0 0 0 0
0 0 0 0 1 0 0 0 0 0 0 0 0 0 0 1 0 0 0 0 0 0 0 0 0 0 1 0 0 0 0 0 0 0 0
0 0 0 0 0 0 1 0 0 0 0 0 0 0 0 0 0 0 0 0 0 0 1 0 0 0 0 0 0 0 0 0 0 0 0
0 0 0 0 0 0 0 0 0 0 0 0 0 0 0 0 1 0 0 0 0 0 0 0 0 0 0 0 0 1 0 0 0 0 0
0 0 0 0 1 0 0 0 0 0 0 0 0 0 0 0 1 0 0 0 0 1 0 0 0 0 0 0 0 1 0 0 0 0 0
0 0 0 0 0 0 0 0 0 0 0 0 0 0 0 0 0 0 0 0 0 0 0 0 0 0 0 0 0 0 0 0 0 0 0
0 0 0 0 0 0 1 0 0 0 0 0 0 0 0 0 0 0 0 0 0 0 0 0 0 0 0 0 0 0 0 0 0 0 0
0 0 0 0 0 0 0 0 0 0 0 0 0 1 0 0 0 0 0 0 0 0 0 1 0 0 0 0 0 0 0 0 0 0 0
0 0 0 0 0 0 1 0 0 0 0 0 0 0 0 0 0 0 0 0 0 0 0 0 0 0 0 0 0 1 0 0 0 0 0
0 0 0 0 0 1 0 0 1 0 1 0 1 0 1 0 1 0 1 0 1 0 1 0 1 0 1 0 0 0 0 0 0 0 0
0 0 0 0 1 0 0 0 0 0 0 0 0 0 0 0 0 0 0 0 0 0 0 0 0 0 0 0 0 0 0 0 0 0 0
0 0 0 0 0 1 0 0 0 1 0 0 0 0 1 0 0 0 0 0 1 0 0 0 1 0 0 0 1 0 0 0 0 0 0
0 0 0 0 0 0 0 0 0 0 0 0 0 0 0 0 0 0 0 0 0 0 0 0 0 0 0 0 0 0 0 0 0 0 0
0 0 0 0 0 0 1 0 0 0 0 0 0 0 0 0 0 0 0 0 0 0 0 0 0 0 0 1 0 0 0 0 0 0 0
0 0 0 0 0 0 0 0 1 0 0 0 0 0 0 1 0 0 0 0 0 0 0 1 0 0 0 0 0 0 0 0 0 0 0
0 0 0 0 0 0 0 0 0 0 1 0 0 0 0 0 0 0 0 0 0 0 0 0 0 1 0 0 0 0 0 0 0 0 0
0 0 0 0 1 0 0 0 0 0 0 0 1 0 0 0 0 0 0 1 0 0 0 0 0 0 0 1 0 0 0 0 0 0 0
0 0 0 0 0 0 0 0 1 0 0 0 0 0 0 0 0 0 1 0 0 0 0 0 0 0 0 1 0 0 0 0 0 0 0
0 0 0 0 0 0 0 0 0 0 1 0 0 0 0 0 0 0 0 0 0 0 0 0 0 0 0 0 0 0 0 0 0 0 0
0 0 0 0 0 0 0 0 0 0 0 0 0 0 0 0 0 0 0 0 0 0 0 0 0 0 0 0 0 0 0 0 0 0 0
0 0 0 0 1 1 1 1 1 1 1 1 1 1 1 1 1 1 1 1 1 1 1 1 1 1 1 1 1 1 0 0 0 0 0
0 0 0 0 0 1 1 1 1 1 1 1 1 1 1 1 1 1 1 1 1 1 1 1 1 1 1 1 1 1 0 0 0 0 0
0 0 0 0 1 1 1 1 1 1 1 1 1 1 1 1 1 1 1 1 1 1 1 1 1 1 1 1 1 1 0 0 0 0 0
0 0 0 0 1 0 0 0 1 0 1 0 1 1 1 1 1 0 1 1 1 1 1 1 1 0 0 1 0 0 0 0 0 0 0
0 0 0 0 1 1 1 1 1 1 1 1 1 1 1 1 1 1 1 1 1 1 1 1 1 1 1 1 1 1 0 0 0 0 0
0 0 0 0 1 0 0 0 1 0 1 1 1 0 0 1 1 1 1 0 1 1 1 0 0 1 1 1 0 1 0 0 0 0 0
0 0 0 0 0 0 0 0 0 0 0 0 0 0 0 0 0 0 0 0 0 0 0 0 0 0 0 0 0 0 0 0 0 0 0
0 0 0 0 0 0 0 0 0 0 0 0 0 0 0 0 0 0 0 0 0 0 0 0 0 0 0 0 0 0 0 0 0 0 0

y
0.0 2.0 0.0 0.0 0.0 3.0 0.0 0.0 0.0 0.2142857142857142 0.0 0.0 8.0 0.0 0.0 0.0 0.0 0.0 0.0 0.0 0.0 0.0 0.0 0.75 2.5 0.0 2.75 0.0 0.0 0.0 0.0 0.0 0.5098039215686274 0.0 0.0 0.0 0.0

k
0 4 2 0 0 4 0 0 0 11 0 0 4 2 4 0 1 0 2 0 0 3 0 2 1 0 2 0 11 0 1 0 36 0 10 26 3

f
0.0 18.374999999999936 0.0 0.0 0.0 0.0 0.0 0.0 0.0 0.0 0.0 0.0 0.0 0.0 0.0 0.0 0.0 1.7500000000002895 0.0 0.0 0.0 0.0 0.0 0.0 0.0 11.725000000000051 1.7500000000000568 0.0 0.0 0.0 0.0 0.0 0.0 0.0 0.0
0.0 0.0 0.0 0.0 0.0 0.0 0.0 0.0 0.0 0.0 0.0 0.0 0.0 1.6500000000000608 0.0 0.0 0.0 0.2250000000000738 0.0 0.0 0.0 0.0 0.0 0.0 0.0 0.0 0.0 0.0 0.0 0.0 0.0 0.0 0.0 0.0 0.0
0.0 0.0 0.0 0.0 0.0 0.0 0.0 0.0 0.0 0.0 0.0 0.0 0.0 0.0 0.0 0.0 0.0 0.0 0.0 0.0 0.0 0.0 0.0 0.0 0.0 0.0 0.0 0.0 0.0 0.0 0.0 0.0 0.0 0.0 0.0
0.0 5.324999999999889 3.425000000000014 5.324999999999958 0.0 6.274999999999807 0.0 3.9000000000000083 0.0 0.0 0.0 0.0 0.0 3.8999999999999986 0.0 0.0 0.0 1.5250000000001005 0.0 1.5249999999999224 0.0 6.274999999999646 0.0 5.3250000000000295 2.0000000000002984 4.374999999999641 0.0 0.0 0.0 0.0 0.0 0.0 0.0 0.0 0.0

L
4 7 4 3 2 8 4 25 0 2 11 16 13 5 0 0 10 23 2 0 4 0 21 7 15 7 9 0 0 1 1 1 1 1 1 0 0

g
0 0 0 0 0 0 0 0 0 0 0 0 0 0 0 0 0 0 0 0 0 0 0 0 0 0 0 0 0 0 0 0 0 0 0
0 0 0 0 0 0 0 0 0 0 0 0 0 0 0 0 0 0 0 0 0 0 0 0 0 0 0 0 0 0 0 0 0 0 0
0 0 0 0 0 0 0 0 0 0 0 0 0 0 0 0 0 0 0 0 0 0 0 0 0 0 0 0 0 0 0 0 0 0 0
0 0 0 0 0 0 0 0 0 0 0 0 0 0 0 0 0 0 0 0 0 0 0 0 0 0 0 0 0 0 0 0 0 0 0
0 0 0 0 0 0 0 0 0 0 0 0 0 0 0 0 0 0 0 0 0 0 0 0 0 0 0 0 0 0 0 0 0 0 0
0 0 0 0 0 0 0 0 0 0 0 0 0 0 0 0 0 0 0 0 0 0 0 0 0 0 0 0 0 0 0 0 0 0 0
0 0 0 0 0 0 0 0 0 0 0 0 0 0 0 0 0 0 0 0 0 0 0 0 0 0 0 0 0 0 0 0 0 0 0
0 0 0 0 0 0 0 0 0 0 0 0 0 0 0 0 0 0 0 0 0 0 0 0 0 0 0 0 0 0 0 0 0 0 0
0 0 0 0 0 0 0 0 0 0 0 0 0 0 0 0 0 0 0 0 0 0 0 0 0 0 0 0 0 0 0 0 0 0 0
0 0 0 0 0 0 0 0 0 0 0 0 0 0 0 0 0 0 0 0 0 0 0 0 0 0 0 0 0 0 0 0 0 0 0
0 0 0 0 0 0 0 0 0 0 0 0 0 0 0 0 0 0 0 0 0 0 0 0 0 0 0 0 0 0 0 0 0 0 0
0 0 0 0 0 0 0 0 0 0 0 0 0 0 0 0 0 0 0 0 0 0 0 0 0 0 0 0 0 0 0 0 0 0 0
0 0 0 0 0 0 0 0 0 0 0 0 0 0 0 0 0 0 0 0 0 0 0 0 0 0 0 0 0 0 0 0 0 0 0
0 0 0 0 0 0 0 0 0 0 0 0 0 0 0 0 0 0 0 0 0 0 0 0 0 0 0 0 0 0 0 0 0 0 0
0 0 0 0 0 0 0 0 0 0 0 0 0 0 0 0 0 0 0 0 0 0 0 0 0 0 0 0 0 0 0 0 0 0 0
0 0 0 0 0 0 0 0 0 0 0 0 0 0 0 0 0 0 0 0 0 0 0 0 0 0 0 0 0 0 0 0 0 0 0
0 0 0 0 0 0 0 0 0 0 0 0 0 0 0 0 0 0 0 0 0 0 0 0 0 0 0 0 0 0 0 0 0 0 0
0 0 0 0 0 0 0 0 0 0 0 0 0 0 0 0 0 0 0 0 0 0 0 0 0 0 0 0 0 0 0 0 0 0 0
0 0 0 0 0 0 0 0 0 0 0 0 0 0 0 0 0 0 0 0 0 0 0 0 0 0 0 0 0 0 0 0 0 0 0
0 0 0 0 0 0 0 0 0 0 0 0 0 0 0 0 0 0 0 0 0 0 0 0 0 0 0 0 0 0 0 0 0 0 0
0 0 0 0 0 0 0 0 0 0 0 0 0 0 0 0 0 0 0 0 0 0 0 0 0 0 0 0 0 0 0 0 0 0 0
0 0 0 0 0 0 0 0 0 0 0 0 0 0 0 0 0 0 0 0 0 0 0 0 0 0 0 0 0 0 0 0 0 0 0
0 0 0 0 0 0 0 0 0 0 0 0 0 0 0 0 0 0 0 0 0 0 0 0 0 0 0 0 0 0 0 0 0 0 0
0 0 0 0 0 0 0 0 0 0 0 0 0 0 0 0 0 0 0 0 0 0 0 0 0 0 0 0 0 0 0 0 0 0 0
0 0 0 0 0 0 0 0 0 0 0 0 0 0 0 0 0 0 0 0 0 0 0 0 0 0 0 0 0 0 0 0 0 0 0
0 0 0 0 0 0 0 0 0 0 0 0 0 0 0 0 0 0 0 0 0 0 0 0 0 0 0 0 0 0 0 0 0 0 0
0 0 0 0 0 0 0 0 0 0 0 0 0 0 0 0 0 0 0 0 0 0 0 0 0 0 0 0 0 0 0 0 0 0 0
0 0 0 0 0 0 0 0 0 0 0 0 0 0 0 0 0 0 0 0 0 0 0 0 0 0 0 0 0 0 0 0 0 0 0
0 0 0 0 0 0 0 0 0 0 0 0 0 0 0 0 0 0 0 0 0 0 0 0 0 0 0 0 0 0 0 0 0 0 0
0 0 0 0 0 0 0 0 0 0 0 0 0 0 0 0 0 0 0 0 0 0 0 0 0 0 0 0 0 0 0 0 0 0 0
0 0 0 0 0 0 0 0 0 0 0 0 0 0 0 0 0 0 0 0 0 0 0 0 0 0 0 0 0 0 0 0 0 0 0
0 0 0 0 0 0 0 0 0 0 0 0 0 0 0 0 0 0 0 0 0 0 0 0 0 0 0 0 0 0 0 0 0 0 0
0 0 0 0 0 0 0 0 0 0 0 0 0 0 0 0 0 0 0 0 0 0 0 0 0 0 0 0 0 0 0 0 0 0 0
0 0 0 0 0 0 0 0 0 0 0 0 0 0 0 0 0 0 0 0 0 0 0 0 0 0 0 0 0 0 0 0 0 0 0
0 0 0 0 0 0 0 0 0 0 0 0 0 0 0 0 0 0 0 0 0 0 0 0 0 0 0 0 0 0 0 0 0 0 0
0 0 0 0 0 0 0 0 0 0 0 0 0 0 0 0 0 0 0 0 0 0 0 0 0 0 0 0 0 0 0 0 0 0 0
0 0 0 0 0 0 0 0 0 0 0 0 0 0 0 0 0 0 0 0 0 0 0 0 0 0 0 0 0 0 0 0 0 0 0

I cap
1058.909090909091 1058.909090909091 918.9490909091207 918.9490909091523 913.8999999999855 877.9599999999712 870.8800000000873 911.5000000000259 679.2199999999489 794.1599999999662 449.3800000000471 510.3600000000458 606.8999999999662 438.5399999999434 626.5000000000455 675.0890909091609 703.0490909091332 690.3090909090486 427.369090909061 339.3690909091322 304.7290909091289 434.1490909090408 726.6290909090487 760.8890909091513 511.28909090915516 772.5690909090301 810.4690909090352 357.42909090914844 551.2890909091354 564.6690909090287 833.2690909090811 888.9490909091148 941.349090909091 1058.909090909091 672.0
107.96969696969697 107.96969696969697 67.52969696969697 67.52969696969697 36.9 49.039999999999914 6.1200000000000045 34.49999999999996 77.78000000000017 118.83999999999943 85.62000000000012 93.63999999999999 69.09999999999923 18.459999999999006 43.49999999999977 22.78969696969675 35.82969696969689 5.569696969697276 22.509696969696755 50.509696969697245 51.1496969696968 69.72969696969619 54.249696969696615 69.98969696969684 49.58969696969692 94.3096969696966 75.40969696969667 9.449696969696683 17.589696969696917 15.20969696969735 37.609696969696984 45.92969696969698 69.52969696969697 107.96969696969697 84.0
38.96666666666666 38.96666666666666 14.033333333333328 14.033333333333328 27.96666666666666 7.658333333333335 6.958333333333332 4.158333333333335 20.225000000000005 17.53333333333334 2.133333333333331 7.733333333333336 10.5 29.400000000000006 2.8333333333333357 17.300000000000004 10.299999999999997 31.96666666666667 24.96666666666666 31.96666666666666 10.300000000000004 17.300000000000004 10.300000000000004 31.96666666666666 10.299999999999997 17.299999999999997 10.300000000000002 31.96666666666667 4.625000000000002 11.625000000000002 11.625000000000002 26.29166666666666 38.96666666666666 38.96666666666666 23.8
45.24545454545453 45.24545454545453 43.14545454545453 37.195454545454524 21.069999999999983 29.890000000000125 27.820000000000707 27.510000000001778 26.860000000000525 26.310000000000354 21.340000000000597 18.030000000000186 18.710000000000516 12.010000000000472 8.710000000000246 22.055454545454936 27.315454545455093 29.035454545454986 20.715454545455135 19.115454545455087 20.68545454545497 27.885454545455172 29.23545454545499 27.535454545455142 23.685454545455045 29.15545454545491 31.665454545455074 25.565454545455513 23.67545454545509 30.10545454545462 42.435454545454526 42.77545454545453 43.28545454545453 45.24545454545453 42.0
20.999999999999993 20.999999999999993 20.159999999999993 19.80999999999999 12.909999999999963 19.18999999999999 13.289999999999893 9.529999999999825 9.83999999999998 7.640000000000047 7.9199999999999005 9.719999999999995 11.489999999999995 10.589999999999968 5.600000000000014 5.949999999999992 8.170000000000098 10.029999999999967 4.650000000000016 5.24999999999997 6.270000000000046 7.980000000000032 9.719999999999995 7.71999999999997 4.640000000000004 8.340000000000018 11.019999999999975 7.569999999999908 6.889999999999738 7.8799999999998995 14.09 17.159999999999993 20.21999999999999 20.999999999999993 21.0
345.75757575757575 345.75757575757575 341.76757575757574 308.8263992869875 197.2094117647059 168.68000000000063 184.01999999999995 168.9199999999985 203.6800000000026 208.3100000000024 176.17999999999938 205.64999999999952 224.61000000000303 184.26000000000238 139.66999999999925 175.51757575757193 241.44757575757507 216.86757575757738 189.04757575757927 194.32757575757546 191.187575757575 250.94757575757777 257.54757575757867 224.55757575757573 177.03757575757504 214.01757575757702 253.29757575757762 235.65757575757354 224.64757575757625 249.16875222816418 299.4081639928695 328.81757575757575 341.76757575757574 345.75757575757575 245.0
779.7575757575758 779.7575757575758 747.8375757575758 669.0875757575758 569.0000000000006 712.7100000000008 772.4400000000003 625.1500000000012 795.1800000000007 727.9800000000001 620.2500000000013 657.8799999999978 698.6600000000001 610.6400000000006 556.6799999999997 494.4375757575692 609.9975757575729 648.6475757575784 481.0375757575779 423.0175757575709 476.73757575757304 532.4475757575738 551.9175757575796 521.9875757575741 515.8875757575752 682.7275757575767 649.6275757575758 585.437575757575 623.697575757576 619.2975757575754 712.3675757575759 725.2675757575757 749.4575757575758 779.7575757575758 630.0
80.73333333333335 80.73333333333335 79.26333333333335 78.56333333333335 62.24666666666661 80.22 70.53 75.22 76.79999999999998 81.84999999999998 70.02000000000001 76.13 87.57000000000001 82.36999999999998 72.83 65.0233333333322 67.77333333333291 70.50333333333332 66.39333333333329 64.36333333333326 66.17333333333329 68.09333333333335 66.92333333333319 66.9033333333331 64.59333333333328 69.48333333333332 71.49333333333333 68.22333333333334 67.71333333333334 69.10333333333334 75.78666666666668 79.26333333333335 79.34333333333335 80.73333333333335 48.300000000000004
10.775757575757575 10.775757575757575 9.725757575757575 9.725757575757573 3.8500000000000076 0.35000000000000053 1.0500000000000114 2.8999999999999986 1.0499999999999963 1.4999999999999982 1.7999999999999927 4.500000000000002 4.5 2.7700000000000005 0.5800000000000054 1.1857575757575738 4.775757575757584 4.775757575757574 2.375757575757581 1.9157575757575724 2.025757575757577 4.265757575757576 4.265757575757581 3.745757575757575 0.15575757575757443 1.1857575757575791 3.515757575757581 0.5757575757575886 1.6157575757575715 0.9157575757576506 6.925757575757577 9.725757575757573 9.825757575757576 10.775757575757575 8.4
2.545454545454545 2.545454545454545 1.915454545454545 1.915454545454545 1.96 0.5599999999999999 0.5500000000000054 0.12000000000000066 1.2400000000000684 1.2600000000000007 1.540000000000001 0.1399999999999999 0.5599999999999999 0.3600000000000002 0.03000000000000025 0.44545454545454655 0.0854545454545772 0.2054545454545459 0.5954545454545478 0.02545454545455228 0.5354545454545536 1.1954545454546037 0.20545454545458008 0.5654545454545551 0.5654545454545564 1.7054545454545584 0.4454545454545522 0.5354545454545545 0.7754545454545572 0.08545454545454956 0.20545454545455033 0.8054545454545877 1.915454545454545 2.545454545454545 2.8000000000000003
8.515433299825174 8.515433299825174 8.515433299825174 7.8076293070846905 4.6187891379310315 5.810359999999912 6.1468690517241305 6.786962931034315 7.80333086206861 6.687891810344437 7.399085689654576 7.303824137930679 6.4325903448273785 4.84863689655172 4.26950422413792 4.662127758620679 5.210934482758613 4.47051051724137 3.095992413793132 3.6703424999999603 4.253032539184871 4.592264482758591 4.313810689655119 4.955578448275847 4.480669080459758 4.803877241379301 4.094523965517276 6.132203275861635 6.821135862068756 6.588925199636562 8.370112471264367 9.074373275862069 7.811086206896552 8.024766408045977 11.280892298850576
700.0 700.0 699.0 696.0 686.0 685.0 679.0 686.0 683.0 684.0 680.0 682.0 684.0 686.0 679.0 685.0 679.0 683.0 680.0 683.0 686.0 678.0 685.0 683.0 677.0 684.0 684.0 676.0 681.0 680.0 689.0 692.0 700.0 700.0 692.0

H cap
1.574999999999953 -18.374999999999936 1.5749999999996618 1.5749999999998394 14.87499999999963 4.8999999999993165 38.14999999999934 34.82499999999948 18.199999999999363 21.52499999999955 18.199999999999235 28.174999999999677 91.34999999999937 41.47499999999977 4.899999999999551 31.49999999999939 24.849999999999085 -1.7500000000002895 31.499999999999517 71.39999999999925 61.42499999999939 31.499999999999318 51.44999999999931 8.22499999999967 18.199999999999704 -11.725000000000051 -1.7500000000000568 131.25 131.25 131.25 131.25 131.25 131.25 131.25 131.25
20.19999999999999 8.799999999999903 24.949999999999967 20.674999999999947 10.224999999999877 10.224999999999854 17.349999999999845 16.874999999999766 7.8499999999998575 0.7249999999998877 3.0999999999998913 7.3749999999998135 4.999999999999774 -1.6500000000000608 0.24999999999976197 4.999999999999872 9.749999999999844 -0.2250000000000738 0.7249999999998877 10.224999999999808 12.59999999999984 14.974999999999762 17.34999999999983 9.274999999999876 14.024999999999963 7.849999999999898 19.249999999999993 52.5 52.5 52.5 52.5 52.5 52.5 52.5 52.5
46.374999999999986 43.04999999999998 49.69999999999999 46.374999999999986 43.04999999999998 43.04999999999998 49.69999999999999 56.349999999999994 46.374999999999986 39.72499999999998 39.72499999999998 39.72499999999998 46.374999999999986 46.374999999999986 39.72499999999998 39.72499999999998 46.374999999999986 46.374999999999986 49.69999999999999 46.374999999999986 43.04999999999998 49.69999999999999 53.02499999999999 39.72499999999998 46.374999999999986 49.69999999999999 49.69999999999999 63.0 63.0 63.0 63.0 63.0 63.0 63.0 63.0
5.600000000000136 -5.324999999999889 -3.425000000000014 -5.324999999999958 2.2749999999998565 -6.274999999999807 2.2749999999998582 -3.9000000000000083 3.2249999999998282 0.37500000000018563 8.449999999999864 5.600000000000052 1.3249999999998794 -3.8999999999999986 3.6999999999999424 1.324999999999883 12.249999999999623 -1.5250000000001005 1.324999999999954 -1.5249999999999224 1.7999999999997458 -6.274999999999646 1.324999999999764 -5.3250000000000295 -2.0000000000002984 -4.374999999999641 4.175000000000097 78.75 78.75 78.75 78.75 78.75 78.75 78.75 78.75

Gap
NaN

Time
NaN

