T P M C
35 37 4 12

base obj
11.468315018315016

exp obj
11.501236263736262

Objective struct
11.468315018315016 0.0 11.6

num campaigns
205

x
0 0 0 0 0 0 1 0 0 0 1 0 0 0 1 0 0 1 0 0 1 0 0 0 0 1 0 0 0 1 0 0 0 0 0
0 0 0 0 0 0 0 0 0 0 0 0 0 0 0 1 0 0 0 0 1 0 0 0 0 0 0 0 0 0 0 0 0 0 0
0 0 0 0 0 0 0 0 0 1 0 0 0 1 0 0 0 0 1 0 0 0 0 1 0 0 0 0 0 0 0 0 0 0 0
0 0 0 0 1 0 1 0 1 0 1 0 0 1 0 1 0 0 0 0 0 0 0 0 0 0 0 0 0 0 0 0 0 0 0
0 0 0 0 0 0 0 0 1 0 1 0 1 0 1 0 1 0 1 0 0 1 0 0 1 0 1 0 0 0 0 0 0 0 0
0 0 0 0 0 0 0 0 0 0 0 0 0 0 0 0 1 0 0 0 0 0 1 0 0 0 0 0 0 0 0 0 0 0 0
0 0 0 0 0 0 0 0 1 0 0 1 0 0 1 0 0 1 0 0 0 1 0 0 1 0 0 0 0 0 0 0 0 0 0
0 0 0 0 1 0 0 0 0 0 0 0 0 0 0 0 0 0 0 0 0 0 0 0 0 0 0 0 0 1 0 0 0 0 0
0 0 0 0 0 0 0 0 1 0 0 0 0 0 0 0 0 0 0 0 0 0 0 0 0 0 0 0 0 0 0 0 0 0 0
0 0 0 0 0 0 0 0 0 0 0 0 1 0 0 0 0 0 1 0 0 0 0 1 0 0 0 0 0 0 0 0 0 0 0
0 0 0 0 0 0 1 0 0 0 0 0 0 0 0 0 0 0 1 0 0 0 0 0 0 0 0 0 0 1 0 0 0 0 0
0 0 0 0 1 0 0 0 0 0 0 0 0 0 0 0 0 0 0 0 0 0 0 0 0 0 1 0 0 0 0 0 0 0 0
0 0 0 0 0 0 0 0 0 0 0 0 0 0 0 0 0 0 0 0 0 0 0 1 0 0 0 0 0 1 0 0 0 0 0
0 0 0 0 1 0 0 0 0 0 0 0 0 0 1 0 0 0 0 0 0 0 0 0 0 0 0 0 0 1 0 0 0 0 0
0 0 0 0 0 0 0 0 0 0 0 0 1 0 0 0 0 0 0 0 0 0 0 0 0 0 0 1 0 0 0 0 0 0 0
0 0 0 0 1 0 0 0 0 0 0 0 0 0 0 0 0 0 0 0 0 0 0 0 0 0 0 0 0 0 0 0 0 0 0
0 0 0 0 0 0 0 0 0 0 0 0 0 0 0 0 0 1 0 0 0 0 0 1 0 0 0 0 0 0 0 0 0 0 0
0 0 0 0 1 0 0 0 0 0 0 0 0 0 0 0 0 0 0 0 0 0 0 0 0 0 0 0 0 1 0 0 0 0 0
0 0 0 0 0 0 1 0 1 0 1 0 1 0 0 0 1 0 0 1 0 1 0 1 0 1 0 1 0 0 0 0 0 0 0
0 0 0 0 0 0 0 0 0 0 0 0 0 0 0 0 0 0 0 0 0 0 0 0 1 0 0 0 0 0 0 0 0 0 0
0 0 0 0 0 0 0 0 1 0 0 0 0 1 0 0 1 0 0 1 0 0 0 0 1 0 0 1 0 0 0 0 0 0 0
0 0 0 0 0 0 0 0 0 0 0 0 0 0 0 0 0 0 0 0 0 0 0 0 0 0 0 0 0 0 0 0 0 0 0
0 0 0 0 0 0 1 0 0 0 0 0 0 0 0 0 0 0 0 0 0 0 0 0 0 0 0 1 0 0 0 0 0 0 0
0 0 0 0 0 0 0 0 0 0 1 0 0 0 0 0 0 0 0 1 0 0 0 0 0 1 0 0 0 0 0 0 0 0 0
0 0 0 0 0 0 0 0 1 0 0 0 0 0 0 0 0 0 0 0 0 1 0 0 0 0 0 0 0 0 0 0 0 0 0
0 0 0 0 1 0 0 0 0 0 0 1 0 0 0 0 0 0 1 0 0 0 0 0 0 1 0 0 0 0 0 0 0 0 0
0 0 0 0 0 0 0 1 0 0 0 1 0 0 0 1 0 0 0 1 0 0 0 0 0 0 1 0 0 0 0 0 0 0 0
0 0 0 0 0 0 0 0 0 0 0 0 0 0 0 0 0 0 0 0 0 0 1 0 0 0 0 0 0 0 0 0 0 0 0
0 0 0 0 0 0 0 0 0 0 0 0 0 0 0 0 0 0 0 0 0 0 0 0 0 0 0 0 0 0 0 0 0 0 0
0 0 0 0 1 1 1 1 1 1 1 1 1 1 1 1 1 1 1 1 1 1 1 1 1 1 1 1 1 1 0 0 0 0 0
0 0 0 0 1 1 1 1 1 1 1 1 1 1 1 1 1 1 1 1 1 1 1 1 1 1 0 0 0 1 0 0 0 0 0
0 0 0 0 1 1 1 1 1 1 1 1 1 1 1 1 1 1 1 1 1 1 0 1 1 1 0 0 1 1 0 0 0 0 0
0 0 0 0 0 0 1 0 1 1 0 1 1 1 1 1 1 0 1 1 0 0 0 0 1 1 0 0 0 0 0 0 0 0 0
0 0 0 0 0 1 1 1 1 1 1 1 1 1 1 1 1 1 1 1 1 0 1 0 1 1 0 0 1 1 0 0 0 0 0
0 0 0 0 0 0 1 0 1 0 1 0 0 0 1 0 0 0 0 0 0 0 1 0 0 0 0 0 0 1 0 0 0 0 0
0 0 0 0 0 0 0 0 0 0 0 0 0 0 0 0 0 0 0 0 0 0 0 0 0 0 0 0 0 0 0 0 0 0 0
0 0 0 0 0 0 0 0 0 0 0 0 0 0 0 0 0 0 0 0 0 0 0 0 0 0 0 0 0 0 0 0 0 0 0

y
0.0 0.0 0.0 0.0 0.0 1.0 0.0 0.0 0.0 3.2142857142857144 0.0 0.0 1.0 5.0 6.666666666666666 0.0 0.0 0.0 0.0 0.0 0.0 0.0 0.0 0.0 0.5 0.0 0.0 0.0 0.0 0.0 0.0 0.0 0.5098039215686274 0.0 1.0 0.0 0.0

k
0 4 3 0 0 4 0 0 0 12 0 0 4 3 2 0 1 0 3 0 0 3 0 2 1 0 0 0 11 0 3 3 39 5 20 26 3

f
5.0750000000000455 5.074999999999983 0.0 0.0 0.0 0.0 0.0 0.0 0.0 0.0 0.0 0.0 0.0 1.7500000000001847 0.0 0.0 0.0 0.0 0.0 0.0 0.0 0.0 0.0 8.400000000000068 0.0 11.724999999999994 11.72500000000003 0.0 0.0 0.0 0.0 0.0 0.0 0.0 0.0
0.0 0.0 0.0 0.0 0.0 0.0 0.0 0.0 0.0 0.0 0.0 0.22500000000007603 0.0 0.0 0.0 0.0 0.0 0.0 0.0 0.0 0.0 0.0 0.0 0.0 0.0 0.0 0.0 0.0 0.0 0.0 0.0 0.0 0.0 0.0 0.0
0.0 0.0 0.0 0.0 0.0 0.0 0.0 0.0 0.0 0.0 0.0 0.0 0.0 0.0 0.0 0.0 0.0 0.0 0.0 0.0 0.0 0.0 0.0 0.0 0.0 0.0 0.0 0.0 0.0 0.0 0.0 0.0 0.0 0.0 0.0
0.0 5.324999999999872 0.0 4.849999999999932 0.0 3.4250000000000425 0.0 1.9999999999999982 0.0 0.0 0.0 2.949999999999992 0.0 2.0 2.475000000000019 0.0 0.5750000000000242 4.850000000000037 0.0 5.325000000000005 0.0 0.0 0.10000000000014708 11.975000000000025 0.0 2.474999999999839 0.0 0.0 0.0 0.0 0.0 0.0 0.0 0.0 0.0

L
3 5 4 2 2 6 3 25 0 5 11 22 6 10 15 0 6 25 2 0 3 0 21 6 13 7 4 0 0 1 1 1 1 1 2 0 0

g
0 0 0 0 0 0 0 0 0 0 0 0 0 0 0 0 0 0 0 0 0 0 0 0 0 0 0 0 0 0 0 0 0 0 0
0 0 0 0 0 0 0 0 0 0 0 0 0 0 0 0 0 0 0 0 0 0 0 0 0 0 0 0 0 0 0 0 0 0 0
0 0 0 0 0 0 0 0 0 0 0 0 0 0 0 0 0 0 0 0 0 0 0 0 0 0 0 0 0 0 0 0 0 0 0
0 0 0 0 0 0 0 0 0 0 0 0 0 0 0 0 0 0 0 0 0 0 0 0 0 0 0 0 0 0 0 0 0 0 0
0 0 0 0 0 0 0 0 0 0 0 0 0 0 0 0 0 0 0 0 0 0 0 0 0 0 0 0 0 0 0 0 0 0 0
0 0 0 0 0 0 0 0 0 0 0 0 0 0 0 0 0 0 0 0 0 0 0 0 0 0 0 0 0 0 0 0 0 0 0
0 0 0 0 0 0 0 0 0 0 0 0 0 0 0 0 0 0 0 0 0 0 0 0 0 0 0 0 0 0 0 0 0 0 0
0 0 0 0 0 0 0 0 0 0 0 0 0 0 0 0 0 0 0 0 0 0 0 0 0 0 0 0 0 0 0 0 0 0 0
0 0 0 0 0 0 0 0 0 0 0 0 0 0 0 0 0 0 0 0 0 0 0 0 0 0 0 0 0 0 0 0 0 0 0
0 0 0 0 0 0 0 0 0 0 0 0 0 0 0 0 0 0 0 0 0 0 0 0 0 0 0 0 0 0 0 0 0 0 0
0 0 0 0 0 0 0 0 0 0 0 0 0 0 0 0 0 0 0 0 0 0 0 0 0 0 0 0 0 0 0 0 0 0 0
0 0 0 0 0 0 0 0 0 0 0 0 0 0 0 0 0 0 0 0 0 0 0 0 0 0 0 0 0 0 0 0 0 0 0
0 0 0 0 0 0 0 0 0 0 0 0 0 0 0 0 0 0 0 0 0 0 0 0 0 0 0 0 0 0 0 0 0 0 0
0 0 0 0 0 0 0 0 0 0 0 0 0 0 0 0 0 0 0 0 0 0 0 0 0 0 0 0 0 0 0 0 0 0 0
0 0 0 0 0 0 0 0 0 0 0 0 0 0 0 0 0 0 0 0 0 0 0 0 0 0 0 0 0 0 0 0 0 0 0
0 0 0 0 0 0 0 0 0 0 0 0 0 0 0 0 0 0 0 0 0 0 0 0 0 0 0 0 0 0 0 0 0 0 0
0 0 0 0 0 0 0 0 0 0 0 0 0 0 0 0 0 0 0 0 0 0 0 0 0 0 0 0 0 0 0 0 0 0 0
0 0 0 0 0 0 0 0 0 0 0 0 0 0 0 0 0 0 0 0 0 0 0 0 0 0 0 0 0 0 0 0 0 0 0
0 0 0 0 0 0 0 0 0 0 0 0 0 0 0 0 0 0 0 0 0 0 0 0 0 0 0 0 0 0 0 0 0 0 0
0 0 0 0 0 0 0 0 0 0 0 0 0 0 0 0 0 0 0 0 0 0 0 0 0 0 0 0 0 0 0 0 0 0 0
0 0 0 0 0 0 0 0 0 0 0 0 0 0 0 0 0 0 0 0 0 0 0 0 0 0 0 0 0 0 0 0 0 0 0
0 0 0 0 0 0 0 0 0 0 0 0 0 0 0 0 0 0 0 0 0 0 0 0 0 0 0 0 0 0 0 0 0 0 0
0 0 0 0 0 0 0 0 0 0 0 0 0 0 0 0 0 0 0 0 0 0 0 0 0 0 0 0 0 0 0 0 0 0 0
0 0 0 0 0 0 0 0 0 0 0 0 0 0 0 0 0 0 0 0 0 0 0 0 0 0 0 0 0 0 0 0 0 0 0
0 0 0 0 0 0 0 0 0 0 0 0 0 0 0 0 0 0 0 0 0 0 0 0 0 0 0 0 0 0 0 0 0 0 0
0 0 0 0 0 0 0 0 0 0 0 0 0 0 0 0 0 0 0 0 0 0 0 0 0 0 0 0 0 0 0 0 0 0 0
0 0 0 0 0 0 0 0 0 0 0 0 0 0 0 0 0 0 0 0 0 0 0 0 0 0 0 0 0 0 0 0 0 0 0
0 0 0 0 0 0 0 0 0 0 0 0 0 0 0 0 0 0 0 0 0 0 0 0 0 0 0 0 0 0 0 0 0 0 0
0 0 0 0 0 0 0 0 0 0 0 0 0 0 0 0 0 0 0 0 0 0 0 0 0 0 0 0 0 0 0 0 0 0 0
0 0 0 0 0 0 0 0 0 0 0 0 0 0 0 0 0 0 0 0 0 0 0 0 0 0 0 0 0 0 0 0 0 0 0
0 0 0 0 0 0 0 0 0 0 0 0 0 0 0 0 0 0 0 0 0 0 0 0 0 0 0 0 0 0 0 0 0 0 0
0 0 0 0 0 0 0 0 0 0 0 0 0 0 0 0 0 0 0 0 0 0 0 0 0 0 0 0 0 0 0 0 0 0 0
0 0 0 0 0 0 0 0 0 0 0 0 0 0 0 0 0 0 0 0 0 0 0 0 0 0 0 0 0 0 0 0 0 0 0
0 0 0 0 0 0 0 0 0 0 0 0 0 0 0 0 0 0 0 0 0 0 0 0 0 0 0 0 0 0 0 0 0 0 0
0 0 0 0 0 0 0 0 0 0 0 0 0 0 0 0 0 0 0 0 0 0 0 0 0 0 0 0 0 0 0 0 0 0 0
0 0 0 0 0 0 0 0 0 0 0 0 0 0 0 0 0 0 0 0 0 0 0 0 0 0 0 0 0 0 0 0 0 0 0
0 0 0 0 0 0 0 0 0 0 0 0 0 0 0 0 0 0 0 0 0 0 0 0 0 0 0 0 0 0 0 0 0 0 0

I cap
1058.909090909091 1058.909090909091 1021.909090909091 977.8090909090912 769.9400000000104 921.560000000016 840.1799999999852 1122.1599999999912 457.42000000001644 755.0800000000299 516.3599999999899 410.2999999999898 505.80000000001064 366.98000000001605 628.3999999999878 293.2290909090825 556.1690909091035 580.0890909091079 433.34909090907803 384.7490909090923 441.50909090911097 695.0090909090925 645.3290909090845 538.4290909091137 499.32909090912125 503.7290909090694 516.6690909090712 530.0090909091114 664.5890909091067 767.3690909090731 778.489090909088 881.949090909105 941.349090909091 1058.909090909091 672.0
107.96969696969697 107.96969696969697 70.96969696969697 70.06969696969696 6.059999999999663 54.44000000000015 14.820000000000116 34.83999999999969 24.580000000000176 104.91999999999994 82.63999999999984 75.69999999999982 69.2000000000001 27.019999999999783 96.5999999999998 66.64969696969698 92.70969696969705 87.78969696969723 29.529696969696776 21.129696969696866 54.369696969696804 93.86969696969685 95.14969696969672 41.049696969696996 24.349696969696968 62.149696969696706 43.20969696969701 29.869696969696903 36.28969696969702 3.509696969697102 8.389696969697027 17.929696969696913 69.52969696969697 107.96969696969697 84.0
38.96666666666666 38.96666666666666 38.96666666666666 26.29166666666666 31.424999999999994 29.325000000000003 21.625 31.5 11.233333333333341 17.53333333333334 2.133333333333331 22.400000000000002 10.5 14.733333333333333 9.833333333333334 24.299999999999997 17.300000000000004 17.299999999999997 17.299999999999997 17.299999999999997 17.299999999999997 10.300000000000002 7.033333333333335 0.03333333333333499 1.1666666666666696 10.299999999999995 17.300000000000004 10.300000000000002 4.625000000000005 4.625000000000002 26.291666666666668 26.29166666666666 38.96666666666666 38.96666666666666 23.8
45.24545454545453 45.24545454545453 43.77545454545453 37.82545454545453 16.63000000000032 28.900000000000222 25.6900000000004 28.830000000000847 20.08000000000016 23.930000000000092 22.48000000000021 19.81000000000012 17.17000000000017 9.220000000000049 14.42000000000013 23.825454545454793 26.785454545454858 27.855454545454872 24.27545454545476 20.695454545454854 25.625454545454822 29.765454545454777 29.81545454545481 24.115454545454906 22.865454545454817 27.505454545454672 29.655454545454756 27.015454545454975 27.015454545454762 36.195454545454545 42.435454545454526 42.77545454545453 43.28545454545453 45.24545454545453 42.0
20.999999999999993 20.999999999999993 20.369999999999994 20.019999999999992 6.92 15.779999999999951 8.209999999999908 12.249999999999943 7.299999999999965 7.219999999999992 7.820000000000054 11.139999999999965 11.989999999999931 8.709999999999985 6.960000000000006 5.730000000000022 9.599999999999982 10.169999999999995 6.499999999999993 5.5899999999999945 8.130000000000017 11.02000000000001 9.809999999999969 6.5699999999999665 5.800000000000029 7.700000000000037 13.359999999999978 15.769999999999953 18.76999999999992 16.55999999999993 17.08999999999999 17.159999999999993 20.21999999999999 20.999999999999993 21.0
345.75757575757575 345.75757575757575 345.75757575757575 272.8163992869875 141.93941176470588 172.51000000000005 207.58000000000106 205.17999999999995 206.41999999999987 205.64999999999898 186.64000000000001 184.61000000000044 183.7500000000002 165.87999999999988 207.10000000000016 215.32757575757577 233.8875757575748 206.70757575757565 158.107575757576 157.87757575757502 223.8275757575759 269.4887522281649 282.4069875222824 209.06698752228147 136.15757575757547 220.80875222816476 293.2081639928706 266.6363992869867 247.10698752228217 267.22875222816424 287.00816399286964 328.81757575757575 341.76757575757574 345.75757575757575 245.0
779.7575757575758 779.7575757575758 762.7475757575758 728.3475757575758 519.289999999999 621.6400000000001 705.8700000000003 692.7800000000001 644.3000000000006 712.8599999999998 608.8800000000001 631.46 664.33 570.8400000000007 602.7699999999995 457.3375757575759 587.1775757575746 576.2675757575763 480.4375757575731 519.9875757575746 642.8275757575749 715.3275757575752 695.1375757575762 549.6475757575754 456.1275757575752 554.2575757575755 701.0775757575749 660.6175757575754 665.5175757575762 699.267575757576 697.1775757575765 725.2675757575757 749.4575757575758 779.7575757575758 630.0
80.73333333333335 80.73333333333335 79.89333333333335 79.19333333333334 61.41999999999962 81.53666666666668 69.96 77.19999999999997 72.89999999999999 79.19 68.52 79.74999999999999 88.75000000000001 83.93999999999998 78.53999999999999 67.05333333333334 67.87333333333335 69.26333333333334 66.26333333333329 65.66333333333327 68.85333333333332 75.22666666666667 71.76999999999997 70.2066666666665 69.56000000000002 67.88333333333333 72.25666666666666 75.07333333333325 71.34000000000002 71.11333333333334 75.78666666666668 79.26333333333335 79.34333333333335 80.73333333333335 48.300000000000004
10.775757575757575 10.775757575757575 9.725757575757576 4.125757575757573 0.05000000000000071 3.5000000000000036 1.7000000000000024 2.949999999999992 1.7999999999999972 1.4999999999999982 2.9699999999999935 1.6700000000000061 0.9699999999999998 1.370000000000001 3.1100000000000048 1.4157575757575778 5.465757575757576 1.2357575757575718 0.15575757575757798 0.725757575757572 5.225757575757577 5.465757575757579 7.065757575757572 3.7457575757575787 0.15575757575757443 0.7557575757575705 4.745757575757574 0.19575757575757624 1.2957575757575803 2.5957575757576086 3.5157575757575765 9.725757575757573 9.825757575757576 10.775757575757575 8.4
2.545454545454545 2.545454545454545 2.545454545454545 2.545454545454545 1.1800000000000002 0.04999999999999993 1.2400000000000269 0.36000000000000065 0.10000000000000275 6.661338147750939e-16 1.2400000000000317 0.5599999999999999 0.1399999999999999 0.8400000000000006 2.220446049250313e-16 0.32545454545454633 0.775454545454548 0.5654545454545489 1.0754545454545457 0.02545454545454784 0.3254545454545469 1.1954545454545604 1.405454545454552 0.17545454545454775 0.4154545454545503 0.5954545454545513 0.7154545454545469 0.5654545454545479 0.5654545454545479 0.595454545454546 0.20545454545454722 0.8054545454545531 1.915454545454545 2.545454545454545 2.8000000000000003
8.515433299825174 8.515433299825174 8.515433299825174 8.152456893291593 5.734306551724137 5.903463448275808 4.862386293103447 6.349031724137794 7.051606724137686 6.515478017241281 6.714603275861785 7.04520344827569 6.261900689655084 4.941740172413741 4.762607672413787 5.162127586206893 5.538520517241375 5.3153379310344695 3.6132339655172565 4.273790775862092 5.034067021943573 6.4836436206896435 6.095419712643655 4.898107011494256 4.480668735632181 5.062497931034466 5.100270919540243 7.621858448275625 6.874009425287207 6.2647874410162006 8.02528488505747 8.729545689655172 7.466258620689655 8.024766408045977 11.280892298850576
700.0 700.0 700.0 697.0 686.0 687.0 681.0 689.0 678.0 677.0 680.0 686.0 684.0 684.0 683.0 686.0 683.0 685.0 683.0 675.0 684.0 679.0 684.0 678.0 681.0 683.0 684.0 675.0 679.0 680.0 688.0 689.0 698.0 700.0 692.0

H cap
-5.0750000000000455 -5.074999999999983 18.199999999999847 1.574999999999953 21.524999999999757 28.17500000000002 31.5 14.874999999999886 24.849999999999625 21.524999999999608 31.499999999999652 1.5749999999997613 8.224999999999712 -1.7500000000001847 21.52499999999992 44.79999999999982 1.5749999999997328 8.224999999999818 24.849999999999874 24.849999999999866 51.44999999999973 21.524999999999892 24.849999999999824 -8.400000000000068 28.17499999999987 -11.724999999999994 -11.72500000000003 131.25 131.25 131.25 131.25 131.25 131.25 131.25 131.25
27.324999999999996 15.924999999999956 14.97499999999996 12.124999999999975 12.12499999999989 9.749999999999938 12.600000000000001 10.224999999999941 7.849999999999891 7.849999999999914 3.0999999999999215 -0.22500000000007603 12.12499999999994 11.64999999999992 4.524999999999883 10.224999999999945 16.3999999999999 21.14999999999995 26.849999999999895 14.024999999999915 9.274999999999883 15.449999999999948 23.99999999999998 35.39999999999998 36.349999999999966 8.799999999999955 17.349999999999994 52.5 52.5 52.5 52.5 52.5 52.5 52.5 52.5
46.374999999999986 46.374999999999986 46.374999999999986 43.04999999999998 46.374999999999986 46.374999999999986 43.04999999999998 39.72499999999998 43.04999999999998 43.04999999999998 49.69999999999999 46.374999999999986 46.374999999999986 49.69999999999999 39.72499999999998 36.39999999999998 46.374999999999986 49.69999999999999 56.349999999999994 46.374999999999986 39.72499999999998 43.04999999999998 43.04999999999998 46.374999999999986 53.02499999999999 46.374999999999986 46.374999999999986 63.0 63.0 63.0 63.0 63.0 63.0 63.0 63.0
0.3750000000000284 -5.324999999999872 3.22499999999998 -4.849999999999932 0.3749999999998499 -3.4250000000000425 0.849999999999933 -1.9999999999999982 5.124999999999794 0.37499999999994227 1.324999999999945 -2.949999999999992 14.150000000000084 -2.0 -2.475000000000019 0.37500000000006306 -0.5750000000000242 -4.850000000000037 3.22499999999995 -5.325000000000005 2.7499999999999574 0.8500000000001808 -0.10000000000014708 -11.975000000000025 5.124999999999881 -2.474999999999839 1.800000000000125 78.75 78.75 78.75 78.75 78.75 78.75 78.75 78.75

Gap
NaN

Time
NaN

