T P M C
35 37 4 12

base obj
10.863919413919414

exp obj
11.09793956043956

Objective struct
10.863919413919414 0.0 11.8

num campaigns
232

x
0 0 0 0 1 0 0 0 1 0 0 0 1 0 0 0 1 0 0 0 0 1 0 0 0 1 0 0 0 1 0 0 0 0 0
0 0 0 0 0 0 0 1 0 0 0 0 0 0 0 0 0 0 0 0 0 0 0 1 0 0 0 0 0 0 0 0 0 0 0
0 0 0 0 0 0 0 0 0 1 0 0 0 0 1 0 0 0 1 0 0 0 1 0 0 0 0 1 0 0 0 0 0 0 0
0 0 0 0 0 0 1 0 0 0 1 0 0 0 1 0 0 0 1 0 0 0 1 0 0 0 1 0 0 0 0 0 0 0 0
0 0 0 0 0 0 0 1 1 1 1 0 1 1 1 1 0 1 0 0 0 0 0 0 0 0 0 0 0 0 0 0 0 0 0
0 0 0 0 0 0 0 0 0 0 0 1 0 0 0 0 0 0 1 0 0 0 0 0 0 0 0 0 0 0 0 0 0 0 0
0 0 0 0 0 0 1 0 0 0 1 0 0 0 1 0 0 0 1 0 0 0 1 0 0 0 1 0 0 0 0 0 0 0 0
0 0 0 0 1 0 0 0 0 0 0 0 0 0 0 0 0 0 0 0 0 0 0 0 1 0 0 0 0 0 0 0 0 0 0
0 0 0 0 0 0 0 0 0 0 0 0 0 0 0 0 1 0 0 0 0 0 0 0 0 0 0 0 0 0 0 0 0 0 0
0 0 0 0 0 0 1 0 0 0 0 0 1 0 0 0 1 0 0 0 0 0 0 0 0 0 0 0 0 0 0 0 0 0 0
0 0 0 0 1 0 0 0 0 0 0 0 0 0 0 0 0 1 0 0 0 0 0 0 0 0 0 0 0 1 0 0 0 0 0
0 0 0 0 0 0 0 0 1 0 0 0 0 0 0 0 0 0 0 0 0 0 0 0 0 0 0 0 0 1 0 0 0 0 0
0 0 0 0 0 0 0 0 0 0 0 0 0 0 0 0 0 0 0 1 0 0 0 0 0 1 0 0 0 0 0 0 0 0 0
0 0 0 0 0 0 0 0 1 0 0 0 0 0 0 0 0 1 0 0 0 0 0 0 1 0 0 0 0 0 0 0 0 0 0
0 0 0 0 0 0 0 0 0 0 0 0 0 0 0 0 0 0 0 0 0 0 0 0 0 0 0 0 0 0 0 0 0 0 0
0 0 0 0 1 0 0 0 0 0 0 0 0 0 0 0 0 0 0 0 0 0 0 0 0 0 0 0 0 0 0 0 0 0 0
0 0 0 0 0 0 0 0 0 0 0 0 0 1 0 0 0 0 0 0 0 0 0 0 0 0 0 1 0 0 0 0 0 0 0
0 0 0 0 0 0 1 0 0 0 0 0 0 0 0 0 0 0 0 0 0 0 0 0 0 0 0 0 0 1 0 0 0 0 0
0 0 0 0 0 0 1 0 0 1 0 1 0 1 0 1 0 1 0 1 0 1 0 0 1 0 1 0 1 0 0 0 0 0 0
0 0 0 0 0 0 0 0 0 0 0 0 0 0 0 0 0 0 0 0 0 0 0 1 0 0 0 0 0 0 0 0 0 0 0
0 0 0 0 0 0 1 0 0 1 0 0 1 0 0 1 0 0 1 0 0 0 0 1 0 0 0 0 0 0 0 0 0 0 0
0 0 0 0 0 0 0 0 0 0 0 0 0 0 0 0 0 0 0 0 0 0 0 0 0 0 0 0 0 0 0 0 0 0 0
0 0 0 0 0 0 0 0 0 0 1 0 0 0 0 0 0 0 0 0 0 0 0 0 0 0 0 1 0 0 0 0 0 0 0
0 0 0 0 0 0 0 0 0 0 0 0 0 0 1 0 0 0 0 0 0 0 1 0 0 0 0 0 0 1 0 0 0 0 0
0 0 0 0 0 0 1 0 0 0 0 0 0 0 0 0 0 0 0 0 1 0 0 0 0 0 0 0 0 0 0 0 0 0 0
0 0 0 0 1 0 0 0 0 0 0 0 1 0 0 0 0 0 0 0 1 0 0 0 0 0 0 0 1 0 0 0 0 0 0
0 0 0 0 0 0 0 0 0 0 1 0 0 0 0 1 0 0 0 1 0 0 0 1 0 0 0 0 0 1 0 0 0 0 0
0 0 0 0 0 0 0 0 0 0 0 0 0 0 1 0 0 0 0 0 0 0 0 0 0 0 0 0 0 0 0 0 0 0 0
0 0 0 0 0 0 0 0 0 0 0 0 0 0 0 0 0 0 0 0 0 0 0 0 0 0 0 0 0 0 0 0 0 0 0
0 0 0 0 1 1 1 1 1 1 1 1 1 1 1 1 1 1 1 1 1 1 1 1 1 1 1 1 1 1 0 0 0 0 0
0 0 0 0 1 1 1 1 1 1 1 1 1 1 1 1 1 1 1 1 1 1 1 1 1 1 1 1 1 1 0 0 0 0 0
0 0 0 0 1 1 1 1 1 1 1 1 1 1 1 1 1 1 1 1 1 1 1 1 1 1 1 1 1 1 0 0 0 0 0
0 0 0 0 1 1 1 0 0 1 1 1 1 1 1 1 1 1 1 1 1 1 1 1 1 1 1 0 0 0 0 0 0 0 0
0 0 0 0 1 1 1 1 1 1 1 1 1 1 1 1 1 1 1 1 1 1 1 1 1 1 1 1 1 1 0 0 0 0 0
0 0 0 0 0 1 0 1 1 1 1 0 1 0 0 0 1 0 1 1 0 1 1 1 0 1 1 0 0 0 0 0 0 0 0
0 0 0 0 0 0 0 0 0 0 0 0 0 0 0 0 0 0 0 0 0 0 0 0 0 0 0 0 0 0 0 0 0 0 0
0 0 0 0 0 0 0 0 0 0 0 0 0 0 0 0 0 0 0 0 0 0 0 0 0 0 0 0 0 0 0 0 0 0 0

y
0.0 11.0 0.0 0.0 0.0 2.0 0.0 0.0 0.0 2.2142857142857144 0.0 0.0 1.0 2.0 0.0 0.0 1.5 0.0 0.0 0.0 0.0 0.0 0.0 0.75 1.5 0.0 0.0 0.0 0.0 0.0 0.0 0.0 0.5098039215686274 0.0 0.0 0.0 0.0

k
0 4 2 0 0 4 0 0 0 12 0 0 4 3 4 0 1 0 2 0 0 3 0 2 1 0 0 0 11 0 0 0 31 0 12 26 3

f
11.725000000000028 11.725000000000042 0.0 5.075000000000108 0.0 0.0 0.0 0.0 0.0 0.0 0.0 0.0 8.400000000000063 0.0 0.0 0.0 0.0 0.0 0.0 0.0 0.0 0.0 0.0 0.0 0.0 8.400000000000011 0.0 0.0 0.0 0.0 0.0 0.0 0.0 0.0 0.0
0.0 0.0 0.0 0.0 0.0 0.0 0.0 0.0 0.0 0.0 0.0 0.0 0.0 0.0 0.0 0.0 0.0 0.0 0.0 0.0 0.0 0.0 0.0 0.0 0.0 0.0 0.0 0.0 0.0 0.0 0.0 0.0 0.0 0.0 0.0
0.0 0.0 0.0 0.0 0.0 0.0 0.0 0.0 0.0 0.0 0.0 0.0 0.0 0.0 0.0 0.0 0.0 0.0 0.0 0.0 0.0 0.0 0.0 0.0 0.0 0.0 0.0 0.0 0.0 0.0 0.0 0.0 0.0 0.0 0.0
0.0 0.0 0.0 8.650000000000002 0.0 7.225000000000089 2.950000000000089 6.27500000000004 0.0 0.0 1.0499999999999652 0.0 0.0 0.0 2.475000000000122 0.09999999999989484 0.5750000000000757 1.9999999999999822 0.5750000000000604 4.374999999999949 0.0 2.4749999999998984 0.0 1.9999999999999876 0.0 7.224999999999863 0.0 0.0 0.0 0.0 0.0 0.0 0.0 0.0 0.0

L
4 16 4 4 1 7 4 20 0 4 12 21 6 7 0 0 14 23 2 0 3 0 17 7 14 8 4 0 0 1 1 1 1 1 1 0 0

g
0 0 0 0 0 0 0 0 0 0 0 0 0 0 0 0 0 0 0 0 0 0 0 0 0 0 0 0 0 0 0 0 0 0 0
0 0 0 0 0 0 0 0 0 0 0 0 0 0 0 0 0 0 0 0 0 0 0 0 0 0 0 0 0 0 0 0 0 0 0
0 0 0 0 0 0 0 0 0 0 0 0 0 0 0 0 0 0 0 0 0 0 0 0 0 0 0 0 0 0 0 0 0 0 0
0 0 0 0 0 0 0 0 0 0 0 0 0 0 0 0 0 0 0 0 0 0 0 0 0 0 0 0 0 0 0 0 0 0 0
0 0 0 0 0 0 0 0 0 0 0 0 0 0 0 0 0 0 0 0 0 0 0 0 0 0 0 0 0 0 0 0 0 0 0
0 0 0 0 0 0 0 0 0 0 0 0 0 0 0 0 0 0 0 0 0 0 0 0 0 0 0 0 0 0 0 0 0 0 0
0 0 0 0 0 0 0 0 0 0 0 0 0 0 0 0 0 0 0 0 0 0 0 0 0 0 0 0 0 0 0 0 0 0 0
0 0 0 0 0 0 0 0 0 0 0 0 0 0 0 0 0 0 0 0 0 0 0 0 0 0 0 0 0 0 0 0 0 0 0
0 0 0 0 0 0 0 0 0 0 0 0 0 0 0 0 0 0 0 0 0 0 0 0 0 0 0 0 0 0 0 0 0 0 0
0 0 0 0 0 0 0 0 0 0 0 0 0 0 0 0 0 0 0 0 0 0 0 0 0 0 0 0 0 0 0 0 0 0 0
0 0 0 0 0 0 0 0 0 0 0 0 0 0 0 0 0 0 0 0 0 0 0 0 0 0 0 0 0 0 0 0 0 0 0
0 0 0 0 0 0 0 0 0 0 0 0 0 0 0 0 0 0 0 0 0 0 0 0 0 0 0 0 0 0 0 0 0 0 0
0 0 0 0 0 0 0 0 0 0 0 0 0 0 0 0 0 0 0 0 0 0 0 0 0 0 0 0 0 0 0 0 0 0 0
0 0 0 0 0 0 0 0 0 0 0 0 0 0 0 0 0 0 0 0 0 0 0 0 0 0 0 0 0 0 0 0 0 0 0
0 0 0 0 0 0 0 0 0 0 0 0 0 0 0 0 0 0 0 0 0 0 0 0 0 0 0 0 0 0 0 0 0 0 0
0 0 0 0 0 0 0 0 0 0 0 0 0 0 0 0 0 0 0 0 0 0 0 0 0 0 0 0 0 0 0 0 0 0 0
0 0 0 0 0 0 0 0 0 0 0 0 0 0 0 0 0 0 0 0 0 0 0 0 0 0 0 0 0 0 0 0 0 0 0
0 0 0 0 0 0 0 0 0 0 0 0 0 0 0 0 0 0 0 0 0 0 0 0 0 0 0 0 0 0 0 0 0 0 0
0 0 0 0 0 0 0 0 0 0 0 0 0 0 0 0 0 0 0 0 0 0 0 0 0 0 0 0 0 0 0 0 0 0 0
0 0 0 0 0 0 0 0 0 0 0 0 0 0 0 0 0 0 0 0 0 0 0 0 0 0 0 0 0 0 0 0 0 0 0
0 0 0 0 0 0 0 0 0 0 0 0 0 0 0 0 0 0 0 0 0 0 0 0 0 0 0 0 0 0 0 0 0 0 0
0 0 0 0 0 0 0 0 0 0 0 0 0 0 0 0 0 0 0 0 0 0 0 0 0 0 0 0 0 0 0 0 0 0 0
0 0 0 0 0 0 0 0 0 0 0 0 0 0 0 0 0 0 0 0 0 0 0 0 0 0 0 0 0 0 0 0 0 0 0
0 0 0 0 0 0 0 0 0 0 0 0 0 0 0 0 0 0 0 0 0 0 0 0 0 0 0 0 0 0 0 0 0 0 0
0 0 0 0 0 0 0 0 0 0 0 0 0 0 0 0 0 0 0 0 0 0 0 0 0 0 0 0 0 0 0 0 0 0 0
0 0 0 0 0 0 0 0 0 0 0 0 0 0 0 0 0 0 0 0 0 0 0 0 0 0 0 0 0 0 0 0 0 0 0
0 0 0 0 0 0 0 0 0 0 0 0 0 0 0 0 0 0 0 0 0 0 0 0 0 0 0 0 0 0 0 0 0 0 0
0 0 0 0 0 0 0 0 0 0 0 0 0 0 0 0 0 0 0 0 0 0 0 0 0 0 0 0 0 0 0 0 0 0 0
0 0 0 0 0 0 0 0 0 0 0 0 0 0 0 0 0 0 0 0 0 0 0 0 0 0 0 0 0 0 0 0 0 0 0
0 0 0 0 0 0 0 0 0 0 0 0 0 0 0 0 0 0 0 0 0 0 0 0 0 0 0 0 0 0 0 0 0 0 0
0 0 0 0 0 0 0 0 0 0 0 0 0 0 0 0 0 0 0 0 0 0 0 0 0 0 0 0 0 0 0 0 0 0 0
0 0 0 0 0 0 0 0 0 0 0 0 0 0 0 0 0 0 0 0 0 0 0 0 0 0 0 0 0 0 0 0 0 0 0
0 0 0 0 0 0 0 0 0 0 0 0 0 0 0 0 0 0 0 0 0 0 0 0 0 0 0 0 0 0 0 0 0 0 0
0 0 0 0 0 0 0 0 0 0 0 0 0 0 0 0 0 0 0 0 0 0 0 0 0 0 0 0 0 0 0 0 0 0 0
0 0 0 0 0 0 0 0 0 0 0 0 0 0 0 0 0 0 0 0 0 0 0 0 0 0 0 0 0 0 0 0 0 0 0
0 0 0 0 0 0 0 0 0 0 0 0 0 0 0 0 0 0 0 0 0 0 0 0 0 0 0 0 0 0 0 0 0 0 0
0 0 0 0 0 0 0 0 0 0 0 0 0 0 0 0 0 0 0 0 0 0 0 0 0 0 0 0 0 0 0 0 0 0 0

I cap
1058.909090909091 1058.909090909091 939.3490909091026 895.2490909091141 929.6599999999946 903.6799999999873 592.7400000000353 946.0800000000106 773.9599999999753 742.6599999999835 294.42000000001906 496.3600000000258 551.3999999999892 632.8999999999808 267.2800000000127 457.38909090911505 559.2690909090791 714.7690909090679 441.36909090911234 514.3290909091147 531.8890909090901 645.4290909090744 424.209090909102 541.0890909091065 673.389090909093 772.5690909090745 602.3090909090995 744.48909090912 665.78909090911 610.4690909090623 764.9690909090868 905.8490909090979 976.349090909091 1058.909090909091 672.0
107.96969696969697 107.96969696969697 67.52969696969697 66.62969696969692 42.33999999999995 49.31999999999999 4.260000000000076 47.919999999999945 67.04000000000013 97.33999999999986 55.580000000000155 94.64000000000009 69.59999999999941 55.09999999999968 68.72 71.48969696969681 31.609696969696532 32.1096969696966 28.509696969696748 25.549696969696953 53.9896969696969 71.04969696969701 28.26969696969676 49.5896969696969 40.48969696969692 42.30969696969742 12.569696969697038 37.389696969696885 84.08969696969689 7.409696969697118 42.90969696969688 50.02969696969697 104.52969696969697 107.96969696969697 84.0
38.96666666666666 38.96666666666666 38.96666666666666 38.96666666666666 44.099999999999994 29.325 6.958333333333334 4.158333333333337 5.5583333333333425 17.53333333333334 9.133333333333331 0.7333333333333361 2.833333333333334 7.73333333333334 9.833333333333336 10.299999999999997 17.299999999999997 10.299999999999997 17.299999999999997 10.299999999999995 17.299999999999997 0.03333333333333499 7.033333333333328 1.1666666666666625 17.299999999999997 17.299999999999997 24.96666666666667 31.96666666666667 12.291666666666671 19.291666666666668 19.291666666666668 26.291666666666668 38.96666666666666 38.96666666666666 23.8
45.24545454545453 45.24545454545453 43.14545454545453 37.195454545454524 21.07 29.890000000000125 22.66000000000035 27.340000000001023 27.27000000000022 27.17000000000026 21.34000000000024 15.630000000000086 16.31000000000024 17.110000000000138 11.410000000000101 24.58545454545474 20.425454545454784 24.275454545454693 22.125454545454765 25.03545454545493 25.185454545454757 28.455454545454774 23.84545454545485 24.7154545454549 24.10545454545478 27.92545454545473 27.535454545454932 27.03545454545512 27.885454545455428 32.25545454545461 40.80545454545452 41.015454545454524 44.615454545454526 45.24545454545453 42.0
20.999999999999993 20.999999999999993 20.159999999999993 19.80999999999999 9.909999999999979 16.189999999999984 7.55999999999994 11.119999999999912 9.659999999999997 7.160000000000023 7.439999999999959 9.720000000000017 11.490000000000038 13.289999999999992 4.459999999999978 7.219999999999996 6.869999999999948 9.45000000000001 4.489999999999956 6.879999999999992 7.770000000000003 10.38000000000002 5.310000000000036 6.889999999999953 7.390000000000045 10.389999999999976 7.989999999999998 7.629999999999971 7.520000000000024 8.029999999999978 14.240000000000002 17.309999999999995 20.789999999999992 20.999999999999993 21.0
345.75757575757575 345.75757575757575 341.76757575757574 268.8263992869875 147.2094117647059 171.18000000000052 171.7099999999999 174.79999999999944 233.7900000000006 226.42000000000115 186.67999999999967 184.64999999999984 203.61000000000143 190.86000000000112 155.14999999999972 198.98757575757375 205.99757575757658 205.46757575757758 247.7975757575749 225.08757575757673 215.89757575757613 226.4875757575764 239.32757575757532 233.78757575757578 226.51757575757637 223.59757575757718 236.3375757575763 211.60757575757606 183.63757575757654 236.45875222816446 295.90816399286996 320.76757575757574 341.76757575757574 345.75757575757575 245.0
779.7575757575758 779.7575757575758 747.8375757575758 634.6875757575758 447.25000000000045 574.8600000000004 681.8900000000001 780.4599999999999 792.8899999999999 666.3399999999999 537.96 564.8299999999991 666.8599999999999 681.14 536.4299999999995 479.49757575757405 495.6275757575769 562.8175757575757 450.6575757575748 478.30757575757235 482.4775757575758 537.0275757575761 473.57757575757546 493.59757575757544 491.92757575757435 535.7475757575743 604.9175757575761 643.4675757575758 642.7775757575753 640.0975757575762 708.6375757575759 713.6075757575758 764.8475757575758 779.7575757575758 630.0
80.73333333333335 80.73333333333335 79.26333333333335 78.56333333333335 62.246666666666655 80.22 70.71000000000001 77.88999999999999 75.98999999999998 79.68999999999998 67.86000000000001 76.13 87.57000000000001 86.56999999999998 75.23 66.15333333333326 64.65333333333322 67.96333333333325 62.77333333333293 66.95333333333336 68.09333333333335 69.89333333333339 66.84333333333328 67.71333333333325 67.9833333333333 70.65333333333331 68.8533333333333 68.30333333333331 68.55333333333336 67.21333333333334 74.46666666666668 77.94333333333336 80.10333333333335 80.73333333333335 48.300000000000004
10.775757575757575 10.775757575757575 9.725757575757575 4.125757575757573 0.05000000000000249 0.2999999999999998 0.8400000000000014 4.200000000000001 3.2899999999999965 2.5899999999999928 1.3999999999999906 2.900000000000002 2.5 2.769999999999997 0.5800000000000001 1.9857575757575736 2.7757575757575736 3.175757575757574 7.575757575757577 2.375757575757581 3.1757575757575776 2.7757575757575754 2.465757575757575 0.5757575757575819 1.3157575757575772 1.2157575757575927 3.72575757575758 2.795757575757569 0.15575757575757443 1.9857575757575838 5.975757575757576 5.975757575757574 10.775757575757575 10.775757575757575 8.4
2.545454545454545 2.545454545454545 1.915454545454545 1.915454545454545 1.96 0.5599999999999999 0.2800000000000009 0.09000000000000008 0.46000000000002783 0.030000000000000804 0.820000000000002 0.1399999999999999 0.5599999999999999 1.2600000000000007 0.8400000000000002 0.3854545454545487 0.2654545454545464 0.865454545454546 1.1954545454545649 0.17545454545454509 0.41545454545454497 0.5954545454545478 0.4454545454545479 0.5354545454545451 0.7754545454545626 0.085454545454547 0.20545454545454855 0.17545454545454775 1.2854545454545492 0.7154545454545497 0.9854545454545506 1.195454545454584 1.915454545454545 2.545454545454545 2.8000000000000003
8.515433299825174 8.515433299825174 8.515433299825174 7.807629307084696 4.532582413793101 4.782773793103418 4.512386293103439 6.504204310344748 7.5240206896549795 5.032719568965301 6.105982413792831 6.87278965517229 6.3463834482757555 4.848636896551719 4.667779913793088 4.92074810344827 4.904037586206888 4.034303448275853 3.3546132758621323 3.9289631896551356 5.304756677115978 5.902609137931012 5.36553482758618 4.334888448275845 4.894462011494241 4.096980517241383 4.0945239655172525 7.097720689654981 7.786653275861956 7.209614854809262 8.628732988505746 8.729545517241379 7.466258620689655 8.024766408045977 11.625719885057473
700.0 700.0 700.0 697.0 691.0 690.0 677.0 686.0 683.0 683.0 677.0 683.0 683.0 682.0 677.0 680.0 682.0 684.0 679.0 684.0 686.0 683.0 675.0 677.0 684.0 687.0 687.0 684.0 685.0 677.0 685.0 692.0 698.0 700.0 697.0

H cap
-11.725000000000028 -11.725000000000042 38.14999999999995 -5.075000000000108 18.199999999999847 21.52499999999992 11.54999999999989 8.224999999999802 8.224999999999817 21.524999999999892 18.199999999999818 1.5749999999997684 -8.400000000000063 8.224999999999902 28.174999999999763 31.499999999999716 94.67499999999984 61.42499999999981 31.499999999999794 21.524999999999686 1.5750000000000384 21.524999999999864 51.44999999999978 48.12499999999977 68.0749999999999 -8.400000000000011 1.5749999999999336 131.25 131.25 131.25 131.25 131.25 131.25 131.25 131.25
23.999999999999986 6.899999999999947 12.124999999999986 10.224999999999929 5.9499999999999 3.5749999999999016 4.9999999999999805 10.224999999999916 7.849999999999973 3.099999999999879 8.799999999999903 10.699999999999868 4.049999999999837 0.24999999999993783 4.049999999999917 2.149999999999917 13.549999999999942 16.399999999999913 6.899999999999945 5.9499999999999 5.949999999999935 2.1499999999999275 4.52499999999991 12.59999999999992 22.574999999999974 18.299999999999947 29.699999999999996 52.5 52.5 52.5 52.5 52.5 52.5 52.5 52.5
46.374999999999986 46.374999999999986 49.69999999999999 43.04999999999998 49.69999999999999 46.374999999999986 39.72499999999998 46.374999999999986 46.374999999999986 39.72499999999998 39.72499999999998 39.72499999999998 43.04999999999998 43.04999999999998 46.374999999999986 46.374999999999986 49.69999999999999 53.02499999999999 46.374999999999986 43.04999999999998 46.374999999999986 49.69999999999999 49.69999999999999 46.374999999999986 46.374999999999986 39.72499999999998 46.374999999999986 63.0 63.0 63.0 63.0 63.0 63.0 63.0 63.0
11.299999999999983 2.7499999999999716 1.7999999999999812 -8.650000000000002 0.3749999999999263 -7.225000000000089 -2.950000000000089 -6.27500000000004 0.3749999999998863 0.8500000000000867 -1.0499999999999652 5.5999999999999055 11.29999999999994 0.8499999999999739 -2.475000000000122 -0.09999999999989484 -0.5750000000000757 -1.9999999999999822 -0.5750000000000604 -4.374999999999949 3.224999999999878 -2.4749999999998984 20.32499999999998 -1.9999999999999876 2.27499999999978 -7.224999999999863 5.1249999999999325 78.75 78.75 78.75 78.75 78.75 78.75 78.75 78.75

Gap
NaN

Time
NaN

