T P M C
35 37 4 12

base obj
11.037179487179484

exp obj
11.527884615384613

Objective struct
11.037179487179484 0.0 13.0

num campaigns
211

x
0 0 0 0 1 0 0 0 1 0 0 0 1 0 0 0 1 0 0 0 0 1 0 0 0 1 0 0 0 1 0 0 0 0 0
0 0 0 0 0 0 0 0 0 0 0 0 0 0 1 0 0 0 0 0 0 0 0 0 1 0 0 0 0 0 0 0 0 0 0
0 0 0 0 0 0 0 0 0 1 0 1 0 1 0 1 0 0 1 0 1 0 0 1 0 0 0 0 0 0 0 0 0 0 0
0 0 0 0 1 0 0 0 1 0 0 0 1 0 0 0 0 0 1 0 0 0 0 1 0 0 0 1 0 0 0 0 0 0 0
0 0 0 0 0 0 0 0 1 1 1 1 1 1 1 0 1 0 0 0 1 0 0 0 0 0 0 0 0 0 0 0 0 0 0
0 0 0 0 0 0 0 0 0 0 1 0 0 0 0 0 0 0 1 0 0 0 0 0 0 0 0 0 0 0 0 0 0 0 0
0 0 0 0 1 0 0 0 1 0 0 0 1 0 0 0 1 0 0 0 0 0 1 0 0 0 1 0 0 0 0 0 0 0 0
0 0 0 0 1 0 0 0 0 0 0 0 0 0 0 0 0 0 0 0 0 0 0 0 0 0 0 0 0 1 0 0 0 0 0
0 0 0 0 0 0 0 0 0 0 0 0 0 0 0 0 0 0 0 0 1 0 0 0 0 0 0 0 0 0 0 0 0 0 0
0 0 0 0 0 0 0 0 0 0 0 0 1 0 0 0 0 1 0 0 0 0 0 0 0 0 0 0 0 0 0 0 0 0 0
0 0 0 0 0 0 1 0 0 0 0 0 0 0 1 0 0 0 0 0 0 0 1 0 0 0 0 0 0 0 0 0 0 0 0
0 0 0 0 0 0 1 0 0 0 0 0 0 0 0 0 0 0 0 0 0 0 0 0 0 1 0 0 0 0 0 0 0 0 0
0 0 0 0 0 0 0 0 0 0 0 0 0 0 0 0 1 0 0 0 0 0 0 0 0 0 0 0 1 0 0 0 0 0 0
0 0 0 0 1 0 0 0 0 0 1 0 0 0 0 0 0 0 0 1 0 0 0 0 0 0 0 0 0 1 0 0 0 0 0
0 0 0 0 0 0 0 0 0 0 0 0 0 0 0 0 0 0 0 0 0 0 0 0 0 0 0 0 0 0 0 0 0 0 0
0 0 0 0 0 0 0 0 0 0 0 0 0 0 0 0 0 0 0 0 0 0 0 0 0 0 1 0 0 0 0 0 0 0 0
0 0 0 0 0 0 0 0 0 0 0 0 0 0 0 0 1 0 1 0 1 0 0 0 0 0 0 0 0 0 0 0 0 0 0
0 0 0 0 0 0 1 0 0 0 0 0 0 0 0 0 0 0 0 0 0 0 0 0 0 0 0 0 0 1 0 0 0 0 0
0 0 0 0 0 0 1 0 0 1 0 1 0 1 0 1 0 1 0 1 0 1 0 1 0 1 0 1 0 1 0 0 0 0 0
0 0 0 0 0 0 1 0 0 0 0 0 0 0 0 0 0 0 0 0 0 0 0 0 0 0 0 0 0 0 0 0 0 0 0
0 0 0 0 0 0 0 0 1 0 0 1 0 0 1 0 0 1 0 0 1 0 0 1 0 0 0 0 0 0 0 0 0 0 0
0 0 0 0 0 0 0 0 0 0 0 0 0 0 0 0 0 0 0 0 0 0 0 0 0 0 0 0 0 0 0 0 0 0 0
0 0 0 0 0 0 1 0 0 0 0 0 0 0 0 0 0 0 0 0 0 0 0 0 0 0 0 1 0 0 0 0 0 0 0
0 0 0 0 0 0 0 0 0 0 0 0 0 0 1 0 0 0 0 0 0 0 0 0 1 0 0 0 0 0 0 0 0 0 0
0 0 0 0 0 0 0 1 0 0 0 0 0 0 0 0 0 0 0 0 0 0 1 0 0 0 0 0 0 0 0 0 0 0 0
0 0 0 0 1 0 0 0 0 0 0 0 1 0 0 0 0 0 0 0 1 0 0 0 0 0 0 0 1 0 0 0 0 0 0
0 0 0 0 1 0 0 0 0 1 0 0 0 0 1 0 0 0 0 0 0 0 1 0 0 0 0 1 0 0 0 0 0 0 0
0 0 0 0 0 0 0 0 0 0 1 0 0 0 0 0 0 0 0 0 0 0 0 0 0 0 0 0 0 0 0 0 0 0 0
0 0 0 0 0 0 0 0 0 0 0 0 0 0 0 0 0 0 0 0 0 0 0 0 0 0 0 0 0 0 0 0 0 0 0
0 0 0 0 1 1 0 0 1 1 1 1 1 1 1 1 1 1 1 1 1 1 1 1 1 1 1 1 1 0 0 0 0 0 0
0 0 0 0 1 1 0 0 1 1 1 1 1 1 1 1 1 1 1 1 1 1 1 1 1 1 1 1 1 1 0 0 0 0 0
0 0 0 0 1 1 0 0 1 1 1 1 1 1 1 1 1 1 0 1 1 1 1 1 1 1 1 1 1 1 0 0 0 0 0
0 0 0 0 0 0 0 0 1 1 0 1 1 1 1 1 0 1 0 1 1 0 0 0 1 1 1 0 0 0 0 0 0 0 0
0 0 0 0 1 1 0 0 1 1 1 1 1 1 1 1 1 1 1 1 1 1 0 1 1 1 1 1 1 0 0 0 0 0 0
0 0 0 0 0 1 0 0 1 1 0 1 1 1 1 0 0 0 0 0 0 0 0 1 0 1 0 0 0 1 0 0 0 0 0
0 0 0 0 0 0 0 0 0 0 0 0 0 0 0 0 0 0 0 0 0 0 0 0 0 0 0 0 0 0 0 0 0 0 0
0 0 0 0 0 0 0 0 0 0 0 0 0 0 0 0 0 0 0 0 0 0 0 0 0 0 0 0 0 0 0 0 0 0 0

y
0.0 5.0 0.0 0.0 0.0 3.0 0.0 0.0 0.0 3.2142857142857144 0.0 0.0 7.0 1.0 0.0 0.0 0.0 0.0 0.0 0.0 0.0 0.0 0.0 3.75 2.5 0.0 0.0 0.0 0.0 0.0 0.0 0.0 0.5098039215686274 0.0 0.0 0.0 0.0

k
0 4 0 0 0 4 0 0 0 13 0 0 4 2 4 0 0 0 1 0 0 3 0 3 1 0 0 0 11 3 2 3 39 4 16 26 3

f
5.074999999999996 5.075000000000017 0.0 0.0 0.0 5.075000000000115 0.0 0.0 0.0 0.0 0.0 0.0 0.0 0.0 0.0 0.0 0.0 1.7500000000004121 0.0 0.0 0.0 0.0 0.0 0.0 0.0 11.72500000000003 11.72500000000003 0.0 0.0 0.0 0.0 0.0 0.0 0.0 0.0
0.0 0.0 0.0 0.0 0.0 0.0 0.0 0.0 1.650000000000034 1.650000000000027 0.0 0.0 0.0 0.0 0.0 0.0 0.0 0.0 0.0 0.0 0.0 0.0 0.0 0.0 0.0 0.0 0.0 0.0 0.0 0.0 0.0 0.0 0.0 0.0 0.0
0.0 0.0 0.0 0.0 0.0 0.0 0.0 0.0 0.0 0.0 0.0 0.0 0.0 0.0 0.0 0.0 0.0 0.0 0.0 0.0 0.0 0.0 0.0 0.0 0.0 0.0 0.0 0.0 0.0 0.0 0.0 0.0 0.0 0.0 0.0
0.0 3.424999999999855 0.0 14.349999999999952 0.0 0.0 2.95000000000017 0.0 0.0 0.0 1.0500000000001037 0.0 1.0499999999999465 2.474999999999917 0.10000000000009379 7.224999999999961 0.09999999999997922 1.049999999999823 3.424999999999944 1.5249999999999675 0.0 2.0000000000000213 0.0 2.0000000000000098 0.0 5.324999999999872 0.0 0.0 0.0 0.0 0.0 0.0 0.0 0.0 0.0

L
4 10 2 4 1 8 4 25 0 5 8 19 12 6 0 0 2 23 2 0 3 0 21 10 15 8 5 0 0 1 1 1 1 1 1 0 0

g
0 0 0 0 0 0 0 0 0 0 0 0 0 0 0 0 0 0 0 0 0 0 0 0 0 0 0 0 0 0 0 0 0 0 0
0 0 0 0 0 0 0 0 0 0 0 0 0 0 0 0 0 0 0 0 0 0 0 0 0 0 0 0 0 0 0 0 0 0 0
0 0 0 0 0 0 0 0 0 0 0 0 0 0 0 0 0 0 0 0 0 0 0 0 0 0 0 0 0 0 0 0 0 0 0
0 0 0 0 0 0 0 0 0 0 0 0 0 0 0 0 0 0 0 0 0 0 0 0 0 0 0 0 0 0 0 0 0 0 0
0 0 0 0 0 0 0 0 0 0 0 0 0 0 0 0 0 0 0 0 0 0 0 0 0 0 0 0 0 0 0 0 0 0 0
0 0 0 0 0 0 0 0 0 0 0 0 0 0 0 0 0 0 0 0 0 0 0 0 0 0 0 0 0 0 0 0 0 0 0
0 0 0 0 0 0 0 0 0 0 0 0 0 0 0 0 0 0 0 0 0 0 0 0 0 0 0 0 0 0 0 0 0 0 0
0 0 0 0 0 0 0 0 0 0 0 0 0 0 0 0 0 0 0 0 0 0 0 0 0 0 0 0 0 0 0 0 0 0 0
0 0 0 0 0 0 0 0 0 0 0 0 0 0 0 0 0 0 0 0 0 0 0 0 0 0 0 0 0 0 0 0 0 0 0
0 0 0 0 0 0 0 0 0 0 0 0 0 0 0 0 0 0 0 0 0 0 0 0 0 0 0 0 0 0 0 0 0 0 0
0 0 0 0 0 0 0 0 0 0 0 0 0 0 0 0 0 0 0 0 0 0 0 0 0 0 0 0 0 0 0 0 0 0 0
0 0 0 0 0 0 0 0 0 0 0 0 0 0 0 0 0 0 0 0 0 0 0 0 0 0 0 0 0 0 0 0 0 0 0
0 0 0 0 0 0 0 0 0 0 0 0 0 0 0 0 0 0 0 0 0 0 0 0 0 0 0 0 0 0 0 0 0 0 0
0 0 0 0 0 0 0 0 0 0 0 0 0 0 0 0 0 0 0 0 0 0 0 0 0 0 0 0 0 0 0 0 0 0 0
0 0 0 0 0 0 0 0 0 0 0 0 0 0 0 0 0 0 0 0 0 0 0 0 0 0 0 0 0 0 0 0 0 0 0
0 0 0 0 0 0 0 0 0 0 0 0 0 0 0 0 0 0 0 0 0 0 0 0 0 0 0 0 0 0 0 0 0 0 0
0 0 0 0 0 0 0 0 0 0 0 0 0 0 0 0 0 0 0 0 0 0 0 0 0 0 0 0 0 0 0 0 0 0 0
0 0 0 0 0 0 0 0 0 0 0 0 0 0 0 0 0 0 0 0 0 0 0 0 0 0 0 0 0 0 0 0 0 0 0
0 0 0 0 0 0 0 0 0 0 0 0 0 0 0 0 0 0 0 0 0 0 0 0 0 0 0 0 0 0 0 0 0 0 0
0 0 0 0 0 0 0 0 0 0 0 0 0 0 0 0 0 0 0 0 0 0 0 0 0 0 0 0 0 0 0 0 0 0 0
0 0 0 0 0 0 0 0 0 0 0 0 0 0 0 0 0 0 0 0 0 0 0 0 0 0 0 0 0 0 0 0 0 0 0
0 0 0 0 0 0 0 0 0 0 0 0 0 0 0 0 0 0 0 0 0 0 0 0 0 0 0 0 0 0 0 0 0 0 0
0 0 0 0 0 0 0 0 0 0 0 0 0 0 0 0 0 0 0 0 0 0 0 0 0 0 0 0 0 0 0 0 0 0 0
0 0 0 0 0 0 0 0 0 0 0 0 0 0 0 0 0 0 0 0 0 0 0 0 0 0 0 0 0 0 0 0 0 0 0
0 0 0 0 0 0 0 0 0 0 0 0 0 0 0 0 0 0 0 0 0 0 0 0 0 0 0 0 0 0 0 0 0 0 0
0 0 0 0 0 0 0 0 0 0 0 0 0 0 0 0 0 0 0 0 0 0 0 0 0 0 0 0 0 0 0 0 0 0 0
0 0 0 0 0 0 0 0 0 0 0 0 0 0 0 0 0 0 0 0 0 0 0 0 0 0 0 0 0 0 0 0 0 0 0
0 0 0 0 0 0 0 0 0 0 0 0 0 0 0 0 0 0 0 0 0 0 0 0 0 0 0 0 0 0 0 0 0 0 0
0 0 0 0 0 0 0 0 0 0 0 0 0 0 0 0 0 0 0 0 0 0 0 0 0 0 0 0 0 0 0 0 0 0 0
0 0 0 0 0 0 0 0 0 0 0 0 0 0 0 0 0 0 0 0 0 0 0 0 0 0 0 0 0 0 0 0 0 0 0
0 0 0 0 0 0 0 0 0 0 0 0 0 0 0 0 0 0 0 0 0 0 0 0 0 0 0 0 0 0 0 0 0 0 0
0 0 0 0 0 0 0 0 0 0 0 0 0 0 0 0 0 0 0 0 0 0 0 0 0 0 0 0 0 0 0 0 0 0 0
0 0 0 0 0 0 0 0 0 0 0 0 0 0 0 0 0 0 0 0 0 0 0 0 0 0 0 0 0 0 0 0 0 0 0
0 0 0 0 0 0 0 0 0 0 0 0 0 0 0 0 0 0 0 0 0 0 0 0 0 0 0 0 0 0 0 0 0 0 0
0 0 0 0 0 0 0 0 0 0 0 0 0 0 0 0 0 0 0 0 0 0 0 0 0 0 0 0 0 0 0 0 0 0 0
0 0 0 0 0 0 0 0 0 0 0 0 0 0 0 0 0 0 0 0 0 0 0 0 0 0 0 0 0 0 0 0 0 0 0
0 0 0 0 0 0 0 0 0 0 0 0 0 0 0 0 0 0 0 0 0 0 0 0 0 0 0 0 0 0 0 0 0 0 0

I cap
1058.909090909091 1058.909090909091 939.349090909099 939.3490909091124 656.700000000001 873.1599999999924 900.5800000000277 1132.8800000000035 602.5999999999974 746.659999999999 393.2600000000049 389.7200000000113 160.43999999999875 408.22000000000105 385.37999999999874 545.4890909090959 529.1090909090899 697.5690909090877 450.1290909091002 715.5290909091119 510.6890909091202 615.8290909090761 460.60909090907035 521.189090909108 631.7890909091127 749.8690909090642 744.1090909090683 553.4090909091142 586.0090909091198 662.2690909090704 748.0690909090831 939.3490909091004 941.349090909091 1058.909090909091 672.0
107.96969696969697 107.96969696969697 67.52969696969697 67.52969696969697 41.89999999999992 75.4400000000001 5.220000000000063 25.11999999999992 37.40000000000006 116.33999999999989 97.7400000000001 87.28 34.55999999999956 39.77999999999977 63.620000000000005 54.389696969696786 34.76969696969668 40.30969696969683 22.749696969696636 77.34969696969692 46.18969696969722 74.0496969696969 38.26969696969674 36.68969696969688 61.08969696969689 46.00969696969683 70.76969696969661 16.46969696969677 31.869696969696776 16.609696969697097 38.80969696969697 67.52969696969697 69.52969696969697 107.96969696969697 84.0
38.96666666666666 38.96666666666666 38.96666666666666 38.96666666666666 19.16666666666666 4.391666666666666 5.491666666666664 18.825 5.558333333333341 17.53333333333334 9.133333333333333 0.7333333333333361 2.833333333333334 7.7333333333333325 9.833333333333336 10.300000000000004 17.300000000000004 10.299999999999997 17.299999999999997 10.299999999999997 17.300000000000004 10.300000000000004 17.299999999999997 10.299999999999995 17.300000000000004 10.300000000000002 31.96666666666667 24.96666666666667 19.29166666666667 12.291666666666671 19.291666666666668 19.29166666666666 38.96666666666666 38.96666666666666 23.8
45.24545454545453 45.24545454545453 43.14545454545453 37.195454545454524 16.870000000000083 33.4400000000001 37.32000000000029 36.46000000000085 25.06000000000019 27.510000000000208 21.78000000000028 13.56000000000009 11.510000000000222 9.570000000000174 13.14000000000009 22.645454545454786 25.19545454545471 25.685454545454842 19.56545454545479 24.505454545454754 21.375454545454794 25.065454545454724 26.275454545454746 22.495454545454784 24.985454545454747 27.165454545454917 30.965454545454673 25.21545454545487 33.795454545454774 39.61545454545454 42.56545454545453 43.14545454545453 43.28545454545453 45.24545454545453 42.0
20.999999999999993 20.999999999999993 20.159999999999993 19.80999999999999 7.50999999999999 16.539999999999985 13.989999999999949 18.27999999999996 13.440000000000001 10.64 9.039999999999992 7.679999999999996 5.7299999999999915 7.929999999999982 6.82 5.519999999999987 7.660000000000032 7.349999999999964 3.439999999999955 6.579999999999982 4.610000000000032 6.739999999999998 8.099999999999966 5.799999999999967 7.520000000000007 7.679999999999982 10.539999999999985 7.36999999999999 10.599999999999975 10.90999999999998 14.089999999999982 17.159999999999993 20.21999999999999 20.999999999999993 21.0
345.75757575757575 345.75757575757575 341.76757575757574 308.8263992869875 180.1094117647059 220.62117647058855 269.49058823529447 260.07882352941186 253.60941176470695 218.8100000000008 182.7800000000005 177.28000000000006 208.7700000000004 194.83000000000064 210.03000000000003 219.1475757575756 188.50757575757623 177.53875222816512 159.50698752228064 207.1669875222807 182.12757575757473 186.29757575757534 203.51757575757506 215.6675757575752 223.28757575757623 210.17757575757688 207.54757575757768 203.17757575757483 201.32757575757594 254.87875222816422 303.9581639928698 341.76757575757574 341.76757575757574 345.75757575757575 245.0
779.7575757575758 779.7575757575758 747.8375757575758 747.8375757575758 568.1499999999999 715.3100000000002 783.64 703.5999999999997 705.4800000000002 761.3800000000003 591.9900000000002 541.7199999999991 587.7800000000002 563.3799999999998 605.8499999999999 540.9575757575732 532.4075757575774 572.0775757575768 463.7175757575747 449.9975757575749 490.5775757575759 601.5575757575764 647.3875757575769 510.0975757575756 494.70757575757375 494.4075757575762 623.437575757577 619.1375757575757 659.2075757575753 675.707575757576 720.2975757575759 747.8375757575758 749.4575757575758 779.7575757575758 630.0
80.73333333333335 80.73333333333335 79.26333333333335 78.56333333333335 60.4466666666666 80.92 75.66333333333334 84.72 78.26666666666665 81.84999999999998 68.62000000000002 75.72 83.25000000000001 82.54999999999997 78.12 67.05333333333328 68.97333333333336 68.49333333333327 63.40333333333324 64.5533333333333 62.243333333333325 65.13333333333333 71.29666666666667 70.52999999999999 68.55333333333336 66.51333333333332 69.33333333333331 66.27333333333317 70.93333333333335 75.54666666666668 79.05333333333334 79.26333333333335 79.34333333333335 80.73333333333335 48.300000000000004
10.775757575757575 10.775757575757575 9.725757575757575 9.725757575757573 4.65 0.75 0.4499999999999975 8.149999999999995 6.600000000000004 0.6999999999999935 2.199999999999993 2.5 4.5 2.5400000000000027 2.050000000000001 2.6657575757575724 1.235757575757579 0.15575757575757798 0.15575757575757354 0.15575757575757976 0.15575757575757 0.15575757575757798 1.9857575757575736 1.5157575757575685 2.425757575757574 1.4657575757575794 0.46575757575757226 2.0757575757575872 1.7757575757575657 1.4257575757576229 6.925757575757573 9.725757575757573 9.825757575757576 10.775757575757575 8.4
2.545454545454545 2.545454545454545 1.915454545454545 1.915454545454545 1.96 0.5599999999999999 0.5500000000000135 0.12000000000000033 1.2400000000000286 1.2600000000000002 1.540000000000017 0.1399999999999999 0.5599999999999999 2.220446049250313e-16 0.09000000000000008 0.7754545454545515 0.08545454545455056 0.20545454545454644 0.8054545454545512 0.3854545454545558 0.4754545454545459 0.8654545454545505 0.9854545454545515 0.02545454545454695 0.5354545454545491 0.2054545454545601 0.475454545454553 0.5654545454545506 0.1754545454545482 0.205454545454545 0.5954545454545487 1.9154545454545593 1.915454545454545 2.545454545454545 2.8000000000000003
8.515433299825174 8.515433299825174 8.515433299825174 8.15245689329159 5.222237413793101 6.173336234119725 6.721581350574711 8.055021007259429 7.569997701149202 6.084443534482653 7.0542581034480145 6.872789482758448 5.053279999999924 3.5555334482758667 4.133297155172402 5.334541379310323 4.854037758620678 4.982579482758618 4.446567298850609 5.250802442528739 4.820274090909088 5.1267472413793085 5.537948448275837 4.610750689655157 4.549634425287342 4.44180827586204 4.680730862068955 7.363237758620475 7.808250199636884 7.277672931034264 8.714940057471264 8.729545689655172 7.811086206896552 7.67993882183908 11.625719885057473
700.0 700.0 700.0 698.0 685.0 686.0 678.0 686.0 680.0 681.0 684.0 681.0 679.0 684.0 678.0 679.0 680.0 685.0 681.0 686.0 681.0 676.0 679.0 676.0 679.0 687.0 689.0 684.0 685.0 680.0 686.0 691.0 700.0 697.0 695.0

H cap
-5.074999999999996 -5.075000000000017 24.849999999999895 14.87499999999996 31.4999999999998 -5.075000000000115 8.22499999999989 14.874999999999696 1.5749999999997506 11.549999999999551 11.549999999999836 21.524999999999892 31.499999999999716 21.524999999999743 38.14999999999966 58.09999999999973 48.1249999999999 -1.7500000000004121 24.84999999999971 44.79999999999991 48.1249999999999 18.199999999999875 18.199999999999932 18.19999999999981 61.42499999999984 -11.72500000000003 -11.72500000000003 131.25 131.25 131.25 131.25 131.25 131.25 131.25 131.25
19.724999999999994 5.474999999999985 34.449999999999974 48.699999999999946 24.474999999999945 0.24999999999997558 8.324999999999958 11.174999999999951 -1.650000000000034 -1.650000000000027 4.524999999999929 9.274999999999995 6.4249999999999865 4.0499999999998995 13.549999999999878 13.549999999999963 7.3749999999999005 10.22499999999994 21.149999999999928 18.299999999999926 16.399999999999864 11.64999999999991 9.74999999999987 16.874999999999943 19.724999999999994 13.549999999999976 29.699999999999996 52.5 52.5 52.5 52.5 52.5 52.5 52.5 52.5
46.374999999999986 46.374999999999986 46.374999999999986 46.374999999999986 53.02499999999999 39.72499999999998 46.374999999999986 49.69999999999999 36.39999999999998 36.39999999999998 36.39999999999998 39.72499999999998 43.04999999999998 43.04999999999998 46.374999999999986 49.69999999999999 43.04999999999998 39.72499999999998 49.69999999999999 46.374999999999986 46.374999999999986 49.69999999999999 53.02499999999999 46.374999999999986 43.04999999999998 43.04999999999998 49.69999999999999 63.0 63.0 63.0 63.0 63.0 63.0 63.0 63.0
3.700000000000088 -3.424999999999855 15.57499999999989 -14.349999999999952 0.8499999999999446 6.074999999999943 -2.95000000000017 2.27500000000002 0.849999999999774 3.7000000000001307 -1.0500000000001037 2.749999999999827 -1.0499999999999465 -2.474999999999917 -0.10000000000009379 -7.224999999999961 -0.09999999999997922 -1.049999999999823 -3.424999999999944 -1.5249999999999675 12.249999999999844 -2.0000000000000213 7.5000000000000036 -2.0000000000000098 5.599999999999774 -5.324999999999872 16.525000000000095 78.75 78.75 78.75 78.75 78.75 78.75 78.75 78.75

Gap
NaN

Time
NaN

