T P M C
35 37 4 12

base obj
11.514468864468865

exp obj
11.465851648351649

Objective struct
11.514468864468865 0.0 11.32

num campaigns
213

x
0 0 0 0 1 0 0 0 1 0 0 0 1 0 0 0 1 0 0 0 1 0 0 0 0 1 0 0 0 1 0 0 0 0 0
0 0 0 0 1 0 0 0 0 0 0 0 0 0 0 0 0 0 0 0 0 0 0 1 0 0 0 0 0 0 0 0 0 0 0
0 0 0 0 0 0 0 1 0 0 0 0 0 0 1 0 0 0 0 1 0 0 0 0 0 0 1 0 0 0 0 0 0 0 0
0 0 0 0 0 0 0 0 1 0 0 0 1 0 0 1 0 0 1 0 0 1 0 0 1 0 0 0 0 0 0 0 0 0 0
0 0 0 0 0 0 1 0 1 0 1 0 1 0 1 0 1 0 0 1 0 1 0 1 0 0 0 0 0 0 0 0 0 0 0
0 0 0 0 0 0 0 0 0 0 0 1 0 0 0 0 0 0 1 0 0 0 0 0 0 0 0 0 0 0 0 0 0 0 0
0 0 0 0 0 1 0 0 0 1 0 0 0 1 0 0 0 1 0 0 0 0 0 0 1 0 0 0 1 0 0 0 0 0 0
0 0 0 0 1 0 0 0 0 0 0 0 0 0 0 0 0 0 0 0 0 0 0 0 0 0 0 0 0 1 0 0 0 0 0
0 0 0 0 0 0 0 0 0 0 0 0 0 0 0 0 1 0 0 0 0 0 0 0 0 0 0 0 0 0 0 0 0 0 0
0 0 0 0 0 0 0 0 0 0 1 0 1 0 0 0 0 0 0 1 0 0 0 0 0 0 0 0 0 0 0 0 0 0 0
0 0 0 0 0 0 1 0 0 0 0 0 0 0 0 1 0 0 0 0 0 0 0 0 1 0 0 0 0 0 0 0 0 0 0
0 0 0 0 0 0 1 0 0 0 0 0 0 0 0 0 0 0 0 0 0 0 0 0 0 0 0 0 0 1 0 0 0 0 0
0 0 0 0 0 0 0 0 0 0 0 0 0 0 0 0 0 0 0 1 0 0 0 0 0 1 0 0 0 0 0 0 0 0 0
0 0 0 0 1 0 0 0 0 1 0 0 0 0 0 0 0 0 0 0 0 1 0 0 0 0 0 0 0 1 0 0 0 0 0
0 0 0 0 0 0 0 0 0 0 1 0 0 0 0 0 0 0 0 0 0 0 0 0 0 0 0 0 0 0 0 0 0 0 0
0 0 0 0 0 0 0 0 0 0 0 0 0 0 0 0 0 0 0 0 0 1 0 0 0 0 0 0 0 0 0 0 0 0 0
0 0 0 0 0 0 0 0 0 0 0 0 0 1 0 0 0 0 0 0 0 0 0 0 0 1 0 0 0 0 0 0 0 0 0
0 0 0 0 0 0 1 0 0 0 0 0 0 0 0 0 0 0 0 0 0 0 0 0 0 0 0 1 0 0 0 0 0 0 0
0 0 0 0 0 0 0 0 1 0 1 0 0 1 0 1 0 1 0 1 0 1 0 1 0 1 0 0 1 0 0 0 0 0 0
0 0 0 0 0 0 0 0 0 0 0 0 0 0 0 0 0 0 0 0 0 0 1 0 0 0 0 0 0 0 0 0 0 0 0
0 0 0 0 0 0 1 0 0 0 0 0 1 0 0 0 0 1 0 0 0 0 1 0 0 0 0 1 0 0 0 0 0 0 0
0 0 0 0 0 0 0 0 0 0 0 0 0 0 0 0 0 0 0 0 0 0 0 0 0 0 0 0 0 0 0 0 0 0 0
0 0 0 0 0 0 1 0 0 0 0 0 0 0 0 0 0 0 0 0 0 0 0 0 0 0 0 1 0 0 0 0 0 0 0
0 0 0 0 0 0 0 0 1 0 0 0 0 0 0 0 0 1 0 0 0 0 0 0 0 0 0 1 0 0 0 0 0 0 0
0 0 0 0 0 0 0 0 0 0 0 0 0 0 1 0 0 0 0 0 0 0 0 1 0 0 0 0 0 0 0 0 0 0 0
0 0 0 0 1 0 0 0 0 0 0 0 1 0 0 0 0 0 1 0 0 0 0 0 1 0 0 0 0 0 0 0 0 0 0
0 0 0 0 0 0 1 0 0 0 0 0 0 0 0 1 0 0 0 0 0 0 1 0 0 0 0 0 0 1 0 0 0 0 0
0 0 0 0 0 0 0 0 1 0 0 0 0 0 0 0 0 0 0 0 0 0 0 0 0 0 0 0 0 0 0 0 0 0 0
0 0 0 0 0 0 0 0 0 0 0 0 0 0 0 0 0 0 0 0 0 0 0 0 0 0 0 0 0 0 0 0 0 0 0
0 0 0 0 1 0 1 1 1 1 1 1 1 1 1 1 1 1 1 1 1 1 1 1 1 1 1 1 0 1 0 0 0 0 0
0 0 0 0 1 1 1 1 1 1 1 1 1 1 1 1 1 1 1 1 1 1 1 1 1 1 1 1 1 1 0 0 0 0 0
0 0 0 0 1 1 1 1 1 1 1 1 1 1 1 1 1 1 1 1 1 1 1 1 1 1 1 1 1 1 0 0 0 0 0
0 0 0 0 1 0 0 0 1 1 0 0 1 0 0 1 0 1 1 1 0 0 1 0 1 1 1 0 0 0 0 0 0 0 0
0 0 0 0 1 1 1 1 0 1 1 1 1 1 1 1 1 1 1 1 1 1 1 1 1 1 1 1 0 1 0 0 0 0 0
0 0 0 0 1 0 1 0 0 1 0 1 0 0 0 0 0 1 1 1 0 0 0 0 1 0 0 1 1 0 0 0 0 0 0
0 0 0 0 0 0 0 0 0 0 0 0 0 0 0 0 0 0 0 0 0 0 0 0 0 0 0 0 0 0 0 0 0 0 0
0 0 0 0 0 0 0 0 0 0 0 0 0 0 0 0 0 0 0 0 0 0 0 0 0 0 0 0 0 0 0 0 0 0 0

y
0.0 14.0 0.833333333333333 0.0 0.0 2.0 0.0 0.0 0.0 0.2142857142857142 0.0 0.0 1.0 0.0 0.0 0.0 0.0 0.0 0.0 0.0 0.0 0.0 0.0 2.75 0.0 0.0 0.75 0.0 0.0 0.0 0.0 0.0 0.5098039215686274 0.0 0.0 0.0 0.0

k
0 4 3 0 0 4 0 0 0 12 0 0 4 2 3 0 1 0 3 0 1 3 0 2 1 0 1 0 11 2 0 0 40 2 16 26 3

f
1.7500000000000853 11.724999999999994 1.7500000000003233 1.7500000000000426 1.750000000000533 1.7500000000007336 0.0 0.0 0.0 0.0 0.0 0.0 8.400000000000807 1.750000000000778 0.0 0.0 0.0 0.0 0.0 0.0 0.0 0.0 0.0 0.0 0.0 15.050000000000017 0.0 0.0 0.0 0.0 0.0 0.0 0.0 0.0 0.0
0.0 0.0 0.0 0.0 0.0 0.0 0.0 0.0 0.0 0.0 0.0 0.0 0.0 0.0 0.0 0.0 0.0 0.0 0.0 0.0 0.0 0.0 0.0 0.0 0.0 0.0 0.0 0.0 0.0 0.0 0.0 0.0 0.0 0.0 0.0
0.0 0.0 0.0 0.0 0.0 0.0 0.0 0.0 0.0 0.0 0.0 0.0 0.0 0.0 0.0 0.0 0.0 0.0 0.0 0.0 0.0 0.0 0.0 0.0 0.0 0.0 0.0 0.0 0.0 0.0 0.0 0.0 0.0 0.0 0.0
0.0 0.09999999999986198 0.0 4.3750000000000115 0.0 11.024999999999938 1.5250000000003379 0.5750000000000384 0.5750000000004256 0.0 3.4250000000001606 1.5250000000000057 0.0 0.0 0.0 3.9000000000000252 0.0 3.899999999999828 2.000000000000064 3.4249999999998737 0.0 2.4749999999999153 0.0 5.799999999999949 0.0 3.424999999999298 0.0 0.0 0.0 0.0 0.0 0.0 0.0 0.0 0.0

L
4 19 5 3 2 7 4 25 0 2 9 23 6 5 0 0 12 21 2 0 5 0 21 9 9 6 7 0 0 1 1 1 1 1 1 0 0

g
0 0 0 0 0 0 0 0 0 0 0 0 0 0 0 0 0 0 0 0 0 0 0 0 0 0 0 0 0 0 0 0 0 0 0
0 0 0 0 0 0 0 0 0 0 0 0 0 0 0 0 0 0 0 0 0 0 0 0 0 0 0 0 0 0 0 0 0 0 0
0 0 0 0 0 0 0 0 0 0 0 0 0 0 0 0 0 0 0 0 0 0 0 0 0 0 0 0 0 0 0 0 0 0 0
0 0 0 0 0 0 0 0 0 0 0 0 0 0 0 0 0 0 0 0 0 0 0 0 0 0 0 0 0 0 0 0 0 0 0
0 0 0 0 0 0 0 0 0 0 0 0 0 0 0 0 0 0 0 0 0 0 0 0 0 0 0 0 0 0 0 0 0 0 0
0 0 0 0 0 0 0 0 0 0 0 0 0 0 0 0 0 0 0 0 0 0 0 0 0 0 0 0 0 0 0 0 0 0 0
0 0 0 0 0 0 0 0 0 0 0 0 0 0 0 0 0 0 0 0 0 0 0 0 0 0 0 0 0 0 0 0 0 0 0
0 0 0 0 0 0 0 0 0 0 0 0 0 0 0 0 0 0 0 0 0 0 0 0 0 0 0 0 0 0 0 0 0 0 0
0 0 0 0 0 0 0 0 0 0 0 0 0 0 0 0 0 0 0 0 0 0 0 0 0 0 0 0 0 0 0 0 0 0 0
0 0 0 0 0 0 0 0 0 0 0 0 0 0 0 0 0 0 0 0 0 0 0 0 0 0 0 0 0 0 0 0 0 0 0
0 0 0 0 0 0 0 0 0 0 0 0 0 0 0 0 0 0 0 0 0 0 0 0 0 0 0 0 0 0 0 0 0 0 0
0 0 0 0 0 0 0 0 0 0 0 0 0 0 0 0 0 0 0 0 0 0 0 0 0 0 0 0 0 0 0 0 0 0 0
0 0 0 0 0 0 0 0 0 0 0 0 0 0 0 0 0 0 0 0 0 0 0 0 0 0 0 0 0 0 0 0 0 0 0
0 0 0 0 0 0 0 0 0 0 0 0 0 0 0 0 0 0 0 0 0 0 0 0 0 0 0 0 0 0 0 0 0 0 0
0 0 0 0 0 0 0 0 0 0 0 0 0 0 0 0 0 0 0 0 0 0 0 0 0 0 0 0 0 0 0 0 0 0 0
0 0 0 0 0 0 0 0 0 0 0 0 0 0 0 0 0 0 0 0 0 0 0 0 0 0 0 0 0 0 0 0 0 0 0
0 0 0 0 0 0 0 0 0 0 0 0 0 0 0 0 0 0 0 0 0 0 0 0 0 0 0 0 0 0 0 0 0 0 0
0 0 0 0 0 0 0 0 0 0 0 0 0 0 0 0 0 0 0 0 0 0 0 0 0 0 0 0 0 0 0 0 0 0 0
0 0 0 0 0 0 0 0 0 0 0 0 0 0 0 0 0 0 0 0 0 0 0 0 0 0 0 0 0 0 0 0 0 0 0
0 0 0 0 0 0 0 0 0 0 0 0 0 0 0 0 0 0 0 0 0 0 0 0 0 0 0 0 0 0 0 0 0 0 0
0 0 0 0 0 0 0 0 0 0 0 0 0 0 0 0 0 0 0 0 0 0 0 0 0 0 0 0 0 0 0 0 0 0 0
0 0 0 0 0 0 0 0 0 0 0 0 0 0 0 0 0 0 0 0 0 0 0 0 0 0 0 0 0 0 0 0 0 0 0
0 0 0 0 0 0 0 0 0 0 0 0 0 0 0 0 0 0 0 0 0 0 0 0 0 0 0 0 0 0 0 0 0 0 0
0 0 0 0 0 0 0 0 0 0 0 0 0 0 0 0 0 0 0 0 0 0 0 0 0 0 0 0 0 0 0 0 0 0 0
0 0 0 0 0 0 0 0 0 0 0 0 0 0 0 0 0 0 0 0 0 0 0 0 0 0 0 0 0 0 0 0 0 0 0
0 0 0 0 0 0 0 0 0 0 0 0 0 0 0 0 0 0 0 0 0 0 0 0 0 0 0 0 0 0 0 0 0 0 0
0 0 0 0 0 0 0 0 0 0 0 0 0 0 0 0 0 0 0 0 0 0 0 0 0 0 0 0 0 0 0 0 0 0 0
0 0 0 0 0 0 0 0 0 0 0 0 0 0 0 0 0 0 0 0 0 0 0 0 0 0 0 0 0 0 0 0 0 0 0
0 0 0 0 0 0 0 0 0 0 0 0 0 0 0 0 0 0 0 0 0 0 0 0 0 0 0 0 0 0 0 0 0 0 0
0 0 0 0 0 0 0 0 0 0 0 0 0 0 0 0 0 0 0 0 0 0 0 0 0 0 0 0 0 0 0 0 0 0 0
0 0 0 0 0 0 0 0 0 0 0 0 0 0 0 0 0 0 0 0 0 0 0 0 0 0 0 0 0 0 0 0 0 0 0
0 0 0 0 0 0 0 0 0 0 0 0 0 0 0 0 0 0 0 0 0 0 0 0 0 0 0 0 0 0 0 0 0 0 0
0 0 0 0 0 0 0 0 0 0 0 0 0 0 0 0 0 0 0 0 0 0 0 0 0 0 0 0 0 0 0 0 0 0 0
0 0 0 0 0 0 0 0 0 0 0 0 0 0 0 0 0 0 0 0 0 0 0 0 0 0 0 0 0 0 0 0 0 0 0
0 0 0 0 0 0 0 0 0 0 0 0 0 0 0 0 0 0 0 0 0 0 0 0 0 0 0 0 0 0 0 0 0 0 0
0 0 0 0 0 0 0 0 0 0 0 0 0 0 0 0 0 0 0 0 0 0 0 0 0 0 0 0 0 0 0 0 0 0 0
0 0 0 0 0 0 0 0 0 0 0 0 0 0 0 0 0 0 0 0 0 0 0 0 0 0 0 0 0 0 0 0 0 0 0

I cap
1058.909090909091 1058.909090909091 939.3490909091163 892.3490909091561 905.0599999999945 830.0999999999779 770.2800000000882 986.4800000000193 387.3599999999759 678.4999999999795 619.8000000000338 583.2600000000471 373.1999999999748 546.1599999999814 599.7400000000614 453.889090909133 658.0690909090576 731.6090909090631 368.16909090913407 475.62909090913456 458.10909090909706 407.12909090905146 725.7690909090818 556.9090909091492 421.3890909091467 685.569090909024 697.3690909090449 708.889090909146 681.9290909091415 761.8690909090271 848.9690909090787 875.8490909091222 941.349090909091 1058.909090909091 672.0
107.96969696969697 107.96969696969697 67.52969696969697 67.52969696969697 71.93999999999963 70.90000000000003 2.7199999999999633 15.519999999999953 27.640000000000313 107.49999999999933 89.19999999999992 75.73999999999992 52.799999999998775 46.83999999999922 97.25999999999995 28.989696969696727 31.809696969696493 54.26969696969683 59.70969696969717 29.24969696969656 26.369696969696665 51.34969696969617 98.90969696969621 97.96969696969671 41.489696969696546 47.30969696969631 33.50969696969712 32.989696969696666 47.949696969697285 2.0096969696973943 39.90969696969705 41.02969696969694 69.52969696969697 107.96969696969697 84.0
38.96666666666666 38.96666666666666 38.96666666666666 38.96666666666666 44.099999999999994 29.325 13.958333333333334 11.158333333333337 5.5583333333333425 32.2 16.799999999999997 22.400000000000002 2.833333333333334 14.733333333333333 9.833333333333334 24.96666666666667 31.96666666666667 10.300000000000004 17.300000000000004 10.299999999999997 7.033333333333328 0.033333333333327886 1.1666666666666643 10.299999999999997 17.300000000000004 24.96666666666667 19.29166666666667 4.625000000000005 4.625000000000002 4.625000000000002 31.96666666666667 38.96666666666666 38.96666666666666 38.96666666666666 23.8
45.24545454545453 45.24545454545453 43.14545454545453 36.35545454545452 26.520000000000326 35.50000000000022 26.28000000000085 24.760000000002776 18.460000000000576 28.71000000000063 27.970000000000585 17.510000000000147 15.710000000000672 17.11000000000042 14.410000000000448 21.585454545455057 23.395454545455273 28.14545454545519 24.84545454545525 24.11545454545524 22.655454545455285 24.50545454545529 30.675454545455207 29.185454545455322 26.975454545455158 31.795454545455204 28.65545454545514 31.99545454545572 33.2154545454553 33.715454545454826 39.335454545454525 39.545454545454525 43.28545454545453 45.24545454545453 42.0
20.999999999999993 20.999999999999993 20.159999999999993 19.80999999999999 10.259999999999987 16.53999999999997 10.289999999999793 9.249999999999744 4.079999999999954 7.640000000000006 12.689999999999943 11.109999999999982 9.090000000000003 13.289999999999992 6.859999999999971 4.8200000000001655 7.859999999999999 10.739999999999945 6.960000000000018 6.570000000000025 5.729999999999997 5.3000000000000345 11.089999999999982 10.880000000000003 8.690000000000072 11.02000000000006 8.340000000000025 7.239999999999808 7.919999999999815 9.899999999999885 13.610000000000007 16.679999999999993 20.21999999999999 20.999999999999993 21.0
345.75757575757575 345.75757575757575 341.76757575757574 301.6863992869875 192.9594117647059 205.7900000000008 220.62999999999946 184.6499999999988 186.64000000000178 216.11000000000146 169.7499999999997 165.84999999999928 204.81000000000327 178.46000000000265 161.75000000000006 192.38757575757188 232.0675757575788 239.43757575757633 251.17757575757406 211.387575757575 159.72757575757583 183.5175757575784 206.62757575757544 210.027575757575 231.27757575757605 218.7475757575793 170.66757575757708 196.53757575757325 250.40757575757695 282.878752228164 295.90816399286973 320.76757575757574 341.76757575757574 345.75757575757575 245.0
779.7575757575758 779.7575757575758 747.8375757575758 637.5875757575758 550.2499999999992 734.3600000000002 786.7900000000003 620.2100000000008 592.8300000000015 761.1099999999993 801.1300000000012 690.7199999999976 715.0400000000003 805.9499999999954 643.8799999999989 512.0475757575693 558.8575757575773 565.3975757575765 487.3375757575728 584.0675757575711 599.2375757575737 489.28757575757544 623.947575757572 601.2875757575692 534.0975757575717 567.6375757575793 574.0575757575767 620.1175757575766 681.3375757575752 695.3775757575761 691.6275757575759 696.5975757575758 749.4575757575758 779.7575757575758 630.0
80.73333333333335 80.73333333333335 79.26333333333335 78.56333333333335 62.94666666666649 80.92 70.53 75.00999999999999 76.21333333333332 85.11666666666665 73.34999999999992 76.85 85.77000000000001 86.56999999999998 77.03 64.35333333333278 65.64333333333285 69.25333333333313 64.15333333333302 66.47333333333286 66.08333333333296 66.08333333333314 71.70333333333315 71.07333333333315 69.90333333333311 71.4933333333332 69.48333333333323 68.41333333333309 72.65666666666665 71.41000000000001 73.62666666666668 77.10333333333335 79.34333333333335 80.73333333333335 48.300000000000004
10.775757575757575 10.775757575757575 9.725757575757575 8.465757575757573 3.1000000000000028 5.439999999999997 1.940000000000002 0.5499999999999812 1.3699999999999868 2.2699999999999925 2.2699999999999863 3.6700000000000106 4.070000000000004 2.1599999999999966 0.579999999999993 1.98575757575757 5.975757575757592 2.775757575757572 4.775757575757579 4.775757575757579 2.375757575757574 3.775757575757579 1.865757575757568 2.0757575757575717 2.265757575757581 3.2357575757575754 0.15575757575757976 0.13575757575760505 3.7257575757575765 4.225757575757681 4.925757575757573 4.925757575757573 9.825757575757576 10.775757575757575 8.4
2.545454545454545 2.545454545454545 1.915454545454545 0.6554545454545452 1.21 0.04999999999999993 0.040000000000031344 0.12000000000000077 1.2400000000000757 1.2600000000000007 1.5400000000000107 0.1399999999999999 0.5599999999999999 1.2600000000000007 0.8400000000000006 0.38545454545454916 0.26545454545455927 0.8654545454545571 0.5654545454545613 0.17545454545455708 0.20545454545455477 0.5954545454545549 0.6554545454545682 0.5354545454545487 1.4054545454545644 0.08545454545457365 0.2054545454545602 0.1754545454545544 1.2854545454545652 0.715454545454547 0.9854545454545479 1.1954545454545946 1.915454545454545 2.545454545454545 2.8000000000000003
8.515433299825174 8.515433299825174 8.515433299825174 7.807629307084679 4.964524337568056 6.119797386569694 5.1813516379310265 6.5214455172410775 7.024020344826966 7.0327193965513395 7.405982413792376 7.569341551723746 6.005004310344604 5.796912758620689 5.702262844827563 4.920748275862049 5.162658448275852 4.7239586206896425 3.7856477586207253 4.273790948275879 4.447860297805592 5.811229999999958 5.889672413793056 5.3728196551724015 3.8599792528735444 3.4073255172413504 3.5772825862069464 7.460697096188137 8.285745834845399 7.295821751360649 8.28390540229885 9.074373103448275 7.811086206896552 8.024766408045977 11.625719885057473
700.0 700.0 700.0 697.0 689.0 688.0 677.0 687.0 679.0 683.0 683.0 685.0 683.0 685.0 676.0 678.0 682.0 684.0 683.0 682.0 686.0 681.0 681.0 679.0 679.0 680.0 681.0 679.0 687.0 681.0 685.0 692.0 698.0 700.0 696.0

H cap
-1.7500000000000853 -11.724999999999994 -1.7500000000003233 -1.7500000000000426 -1.750000000000533 -1.7500000000007336 41.474999999999405 18.199999999999648 8.224999999999449 11.549999999999772 71.3999999999996 54.774999999999515 -8.400000000000807 -1.750000000000778 48.124999999999346 48.124999999999176 41.47499999999949 18.199999999999505 31.499999999998877 31.499999999999275 38.14999999999935 31.499999999999353 51.449999999999456 34.824999999999555 24.849999999999866 -15.050000000000017 4.89999999999997 131.25 131.25 131.25 131.25 131.25 131.25 131.25 131.25
18.29999999999999 7.849999999999929 19.24999999999997 15.924999999999828 18.29999999999987 8.324999999999754 5.949999999999692 13.549999999999729 8.324999999999724 6.424999999999736 18.774999999999707 15.449999999999685 10.224999999999792 12.599999999999543 12.124999999999705 0.24999999999954525 5.474999999999749 13.074999999999694 12.124999999999819 19.24999999999973 13.0749999999998 0.7249999999997936 7.374999999999812 21.62499999999988 27.79999999999996 11.649999999999848 22.099999999999994 52.5 52.5 52.5 52.5 52.5 52.5 52.5 52.5
49.69999999999999 49.69999999999999 46.374999999999986 43.04999999999998 43.04999999999998 46.374999999999986 49.69999999999999 49.69999999999999 46.374999999999986 39.72499999999998 49.69999999999999 43.04999999999998 39.72499999999998 46.374999999999986 49.69999999999999 39.72499999999998 43.04999999999998 46.374999999999986 43.04999999999998 46.374999999999986 43.04999999999998 39.72499999999998 46.374999999999986 49.69999999999999 49.69999999999999 49.69999999999999 53.02499999999999 63.0 63.0 63.0 63.0 63.0 63.0 63.0 63.0
5.125000000000091 -0.09999999999986198 6.549999999999805 -4.3750000000000115 1.324999999999637 -11.024999999999938 -1.5250000000003379 -0.5750000000000384 -0.5750000000004256 0.3750000000001634 -3.4250000000001606 -1.5250000000000057 18.899999999999974 6.550000000000084 3.6999999999999664 -3.9000000000000252 7.024999999999793 -3.899999999999828 -2.000000000000064 -3.4249999999998737 0.8499999999998025 -2.4749999999999153 0.8499999999997199 -5.799999999999949 4.1749999999997245 -3.424999999999298 4.175000000000338 78.75 78.75 78.75 78.75 78.75 78.75 78.75 78.75

Gap
NaN

Time
NaN

