T P M C
61 37 4 12

base obj
12.48797575987231

exp obj
11.155197506178741

Objective struct
12.48797575987231 0.0 7.156862745098039

num campaigns
354

x
0 0 0 0 0 0 1 0 0 1 0 0 1 0 0 0 0 0 0 1 0 0 0 1 0 0 0 0 0 0 1 0 0 1 0 0 1 0 0 1 0 0 1 0 0 0 1 0 0 0 0 1 0 0 1 0 0 0 0 0 0
0 0 0 0 0 0 0 0 0 0 0 0 0 0 0 0 0 0 0 0 0 0 0 0 0 0 0 0 1 0 0 0 0 0 0 0 0 0 0 0 0 1 0 0 0 0 0 0 0 0 0 0 0 0 0 0 0 0 0 0 0
0 0 0 0 0 0 0 0 0 0 0 1 0 0 0 0 0 0 1 0 0 0 0 1 0 0 0 0 0 0 1 0 0 0 0 0 0 1 0 0 0 0 1 0 0 0 0 0 0 1 0 0 0 0 1 0 0 0 0 0 0
0 0 0 0 0 0 0 0 1 0 0 1 0 0 1 0 1 0 1 0 1 0 0 1 0 1 0 1 0 1 0 1 0 0 0 0 0 0 0 0 0 0 0 0 0 0 0 0 0 0 0 0 0 0 0 0 0 0 0 0 0
0 0 0 0 0 0 0 0 0 0 1 1 1 1 1 1 0 0 1 0 1 1 1 0 1 1 1 1 1 1 0 0 0 1 0 0 0 0 0 0 0 0 0 0 0 0 0 0 0 0 0 0 0 0 0 0 0 0 0 0 0
0 0 0 0 0 0 1 0 0 0 0 0 0 0 0 0 0 0 0 0 0 0 0 0 0 0 0 0 0 0 0 0 0 0 0 0 0 0 0 0 1 0 0 0 0 0 0 0 0 0 0 0 0 0 0 0 0 0 0 0 0
0 0 0 0 0 0 0 1 0 1 1 1 1 1 0 1 1 1 1 0 0 1 0 0 0 0 1 0 0 0 0 0 0 0 0 0 0 0 0 0 0 0 0 0 0 0 0 0 0 0 0 0 0 0 0 0 0 0 0 0 0
0 0 0 0 1 0 0 0 0 0 0 0 0 0 0 0 0 0 0 0 0 1 0 0 0 0 0 0 0 0 0 0 0 0 0 0 0 0 1 0 0 0 0 0 0 0 0 0 0 0 0 0 0 0 0 1 0 0 0 0 0
0 0 0 0 1 0 0 0 0 0 0 0 0 0 0 0 0 0 0 0 0 0 0 0 0 0 0 0 0 0 0 0 0 0 0 0 0 0 0 0 0 0 0 0 0 0 0 0 0 0 0 0 1 0 0 0 0 0 0 0 0
0 0 0 0 0 0 0 0 0 0 0 0 0 0 0 1 0 0 0 0 0 0 0 0 0 1 0 1 0 0 0 1 0 0 1 0 0 0 0 0 1 0 0 1 0 0 0 1 0 0 0 0 0 0 0 0 0 0 0 0 0
0 0 0 0 0 0 0 0 1 0 0 0 0 0 0 1 0 0 0 0 0 0 0 0 1 0 0 0 0 0 0 1 0 0 0 0 0 0 0 0 0 0 0 0 0 0 0 1 0 0 0 0 0 0 0 0 0 0 0 0 0
0 0 0 0 0 0 0 0 1 0 0 0 0 0 0 0 0 0 0 0 0 0 1 0 0 0 0 0 0 0 0 0 0 0 0 1 0 0 0 0 0 0 0 0 0 0 0 0 0 1 0 0 0 0 0 0 0 0 0 0 0
0 0 0 0 0 0 0 0 0 0 0 0 0 1 0 0 0 0 0 1 0 0 0 0 0 0 0 0 1 0 0 0 0 0 0 0 0 0 0 0 0 0 0 0 0 0 0 0 0 0 0 0 0 0 0 0 0 0 0 0 0
0 0 0 0 1 0 0 0 0 0 0 0 1 0 0 0 0 0 0 0 0 1 0 0 0 0 0 0 1 0 0 0 0 0 0 0 1 0 0 0 0 0 0 0 0 0 0 1 0 0 0 0 0 1 0 0 0 0 0 0 0
0 0 0 0 0 0 0 0 0 0 0 0 0 0 1 0 0 0 0 0 0 0 0 0 0 0 0 0 0 0 0 0 0 0 0 0 0 0 0 0 0 0 0 0 0 1 0 0 0 0 0 0 0 0 0 0 0 0 0 0 0
0 0 0 0 0 0 0 0 0 0 0 0 0 0 0 0 0 0 0 0 1 0 0 0 0 0 0 0 0 0 0 0 0 0 0 0 0 0 0 0 0 0 0 0 0 0 0 0 0 0 0 0 0 0 0 0 0 0 0 0 0
0 0 0 0 0 0 0 0 0 0 1 0 0 0 0 0 0 0 0 0 0 0 0 0 1 0 0 0 0 0 0 0 0 0 0 0 0 0 0 0 0 0 0 1 0 0 0 0 0 0 0 0 0 1 0 0 0 0 0 0 0
0 0 0 0 1 0 0 0 0 0 0 0 0 0 0 0 0 0 0 0 0 0 0 0 1 0 0 0 0 0 0 0 0 0 0 0 0 0 0 0 0 0 0 0 1 0 0 0 0 0 0 0 0 0 0 0 0 0 0 0 0
0 0 0 0 0 0 0 0 0 0 1 0 0 0 1 0 1 0 1 0 1 0 1 0 0 1 0 1 0 1 0 1 0 1 0 1 0 1 0 0 1 0 1 0 1 0 1 0 0 1 0 1 0 1 0 1 0 0 0 0 0
0 0 0 0 1 0 0 0 0 0 0 0 0 0 0 0 0 0 0 0 0 0 0 0 0 0 0 0 0 0 0 0 0 0 0 0 0 0 0 0 0 0 0 0 0 0 0 0 0 0 0 0 0 0 0 1 0 0 0 0 0
0 0 0 0 0 0 0 0 0 0 1 0 0 1 0 1 0 1 0 1 0 0 0 1 0 0 1 0 1 0 1 0 0 0 0 0 0 0 1 0 1 0 1 0 0 0 0 0 0 0 0 0 0 0 0 0 0 0 0 0 0
0 0 0 0 0 0 0 0 0 0 0 0 0 0 0 0 0 0 0 0 0 0 0 0 0 0 0 0 0 0 0 0 0 0 0 0 0 0 0 0 0 0 0 0 0 0 0 0 0 0 0 0 0 0 0 0 0 0 0 0 0
0 0 0 0 0 0 0 0 1 0 0 0 0 0 0 0 0 0 0 0 0 0 0 0 0 0 0 0 0 0 0 0 0 0 1 0 0 0 0 0 0 0 0 0 0 0 0 0 1 0 0 0 0 0 0 0 0 0 0 0 0
0 0 0 0 1 0 0 0 0 0 1 0 0 0 0 0 0 0 0 0 0 0 0 0 0 0 1 0 0 0 0 0 0 0 0 0 0 0 1 0 0 0 0 0 1 0 0 0 0 0 1 0 0 0 0 0 0 0 0 0 0
0 0 0 0 0 0 1 0 0 0 0 0 0 0 0 0 0 1 0 0 0 0 0 0 0 0 0 0 0 0 0 0 1 0 0 0 0 0 0 0 0 0 0 0 0 0 0 0 0 0 0 0 1 0 0 0 0 0 0 0 0
0 0 0 0 1 0 0 0 1 0 0 0 1 0 0 0 0 0 1 0 0 0 1 0 0 0 1 0 0 0 1 0 0 0 1 0 0 0 0 0 0 0 0 0 0 0 0 0 0 0 0 0 0 0 0 0 0 0 0 0 0
0 0 0 0 0 0 0 0 1 0 0 0 0 1 0 0 1 0 0 0 0 0 1 0 0 0 1 0 0 1 0 0 1 0 0 0 1 0 0 0 0 0 0 0 0 1 0 0 1 0 0 0 0 0 0 0 0 0 0 0 0
0 0 0 0 0 0 1 0 0 0 0 0 0 0 0 0 0 0 0 0 0 0 0 0 0 0 0 0 0 0 0 0 0 0 0 0 0 0 0 0 0 0 0 0 0 0 0 0 0 0 0 0 0 1 0 0 0 0 0 0 0
0 0 0 0 0 0 0 0 0 0 0 0 0 0 0 0 0 0 0 0 0 0 0 0 0 0 0 0 0 0 0 0 0 0 0 0 0 0 0 0 0 1 0 0 0 0 0 0 0 0 1 0 0 0 0 0 0 0 0 0 0
0 0 0 0 0 0 0 0 0 0 1 1 1 1 1 1 0 0 1 1 1 1 1 1 0 1 1 1 1 1 1 1 1 1 1 1 1 1 1 1 1 1 1 1 1 1 1 1 1 1 1 1 0 0 0 0 0 0 0 0 0
0 0 0 0 0 0 0 0 0 0 1 1 1 1 1 1 0 0 1 1 0 1 1 1 1 1 1 1 1 1 1 1 1 0 0 1 1 1 1 1 1 1 1 1 1 1 1 1 1 1 1 1 0 0 0 0 0 0 0 0 0
0 0 0 0 0 0 0 0 0 0 1 1 0 0 0 1 0 0 1 1 1 1 1 1 1 1 1 1 1 1 1 1 0 1 1 1 1 1 1 1 1 1 1 1 1 1 1 0 1 1 1 1 0 0 0 0 0 0 0 0 0
0 0 0 0 0 0 0 0 0 0 0 1 0 0 0 1 0 0 1 0 0 1 1 1 0 1 1 0 0 1 1 1 0 0 1 1 1 1 1 1 1 0 0 0 0 0 0 0 0 1 0 0 0 0 0 0 0 0 0 0 0
0 0 0 0 0 0 0 0 0 0 0 0 0 0 1 1 0 0 1 1 1 1 1 0 1 1 1 1 1 1 1 1 0 1 0 1 1 1 1 1 1 1 1 1 0 0 1 1 1 1 1 1 0 0 0 0 0 0 0 0 0
0 0 0 0 0 0 0 0 0 0 0 0 0 0 0 0 0 0 1 0 0 0 0 0 0 0 0 1 0 1 1 1 0 0 1 1 0 0 0 1 1 0 0 0 0 0 1 1 0 0 0 0 0 0 0 0 0 0 0 0 0
0 0 0 0 0 0 0 0 0 0 0 0 0 0 0 0 0 0 0 0 0 0 0 0 0 1 0 0 0 0 0 0 0 0 0 0 0 0 0 0 0 0 0 0 0 0 0 1 0 0 0 0 0 0 0 0 0 0 0 0 0
0 0 0 0 0 0 0 0 0 0 0 0 0 0 0 0 1 0 0 0 0 0 0 0 0 0 0 0 0 0 0 0 0 0 0 0 0 0 0 0 0 0 0 0 0 0 0 0 0 0 0 0 0 0 0 1 0 0 0 0 0

y
0.0 8.363636363636363 0.75 0.0 0.0 29.363636363636363 0.0 0.0 0.0 0.1785714285714286 0.0 0.0 1.3636363636363633 0.9000000000000004 22.5 0.0 0.0 0.0 0.0 0.0 0.0 0.0 0.0 0.33333333333333304 0.8000000000000007 0.0 0.0 0.0 6.45 0.0 0.0 0.0 0.5048543689320388 0.0 0.0 21.0 28.8

k
0 10 5 0 0 10 0 0 0 21 0 0 9 4 5 0 2 0 4 0 0 6 1 4 2 0 0 0 19 13 15 17 85 21 41 50 4

f
12.25 12.25 1.75 12.25 0.0 15.75 0.0 0.0 0.0 0.0 1.75 5.25 0.0 0.0 0.0 0.0 0.0 8.75 0.0 1.75 19.25 0.0 0.0 0.0 0.0 0.0 0.0 0.0 0.0 0.0 0.0 0.0 0.0 0.0 0.0 0.0 0.0 0.0 0.0 0.0 0.0 0.0 1.75 0.0 0.0 0.0 0.0 0.0 0.0 0.0 0.0 5.25 0.0 0.0 0.0 0.0 0.0 0.0 0.0 0.0 0.0
0.0 0.0 0.0 0.0 0.0 0.0 0.0 0.0 0.0 0.0 0.0 0.0 0.0 0.0 0.0 0.0 0.0 0.0 0.0 0.0 0.0 0.0 0.0 0.0 0.0 0.0 0.0 0.5 0.0 0.0 0.0 0.0 0.0 0.0 0.0 0.0 0.0 0.0 0.0 0.0 0.0 0.0 0.0 0.0 0.0 0.0 0.0 0.0 0.0 0.0 0.0 0.0 0.0 0.0 0.0 0.0 0.0 0.0 0.0 0.0 0.0
0.0 0.0 0.0 0.0 0.0 0.0 0.0 0.0 0.0 0.0 0.0 0.0 0.0 0.0 0.0 0.0 0.0 0.0 0.0 0.0 0.0 0.0 0.0 0.0 0.0 0.0 0.0 0.0 0.0 0.0 0.0 0.0 0.0 0.0 0.0 0.0 0.0 0.0 0.0 0.0 0.0 0.0 0.0 0.0 0.0 0.0 0.0 0.0 0.0 0.0 0.0 0.0 0.0 0.0 0.0 0.0 0.0 0.0 0.0 0.0 0.0
0.0 0.0 6.75 7.75 0.0 7.25 0.25 2.25 0.25 5.25 0.25 0.0 0.0 12.75 0.0 0.75 2.25 0.75 0.0 4.25 1.25 0.0 0.25 0.0 2.25 2.75 0.0 0.0 0.25 3.75 5.25 0.0 1.25 0.75 0.0 0.0 0.0 1.25 0.75 0.25 0.0 3.25 0.75 0.0 7.25 0.0 0.25 0.25 0.0 9.75 0.0 7.75 0.0 0.0 0.0 0.0 0.0 0.0 0.0 0.0 0.0

L
3 13 5 2 1 34 1 17 48 2 7 13 6 6 31 0 10 20 2 51 2 0 14 6 11 4 3 47 9 1 1 1 1 1 1 22 39

g
0 0 0 0 0 0 0 0 0 0 0 0 0 0 0 0 0 0 0 0 0 0 0 0 0 0 0 0 0 0 0 0 0 0 0 0 0 0 0 0 0 0 0 0 0 0 0 0 0 0 0 0 0 0 0 0 0 0 0 0 0
0 0 0 0 0 0 0 0 0 0 0 0 0 0 0 0 0 0 0 0 0 0 0 0 0 0 0 0 0 0 0 0 0 0 0 0 0 0 0 0 0 0 0 0 0 0 0 0 0 0 0 0 0 0 0 0 0 0 0 0 0
0 0 0 0 0 0 0 0 0 0 0 0 0 0 0 0 0 0 0 0 0 0 0 0 0 0 0 0 0 0 0 0 0 0 0 0 0 0 0 0 0 0 0 0 0 0 0 0 0 0 0 0 0 0 0 0 0 0 0 0 0
0 0 0 0 0 0 0 0 0 0 0 0 0 0 0 0 0 0 0 0 0 0 0 0 0 0 0 0 0 0 0 0 0 0 0 0 0 0 0 0 0 0 0 0 0 0 0 0 0 0 0 0 0 0 0 0 0 0 0 0 0
0 0 0 0 0 0 0 0 0 0 0 0 0 0 0 0 0 0 0 0 0 0 0 0 0 0 0 0 0 0 0 0 0 0 0 0 0 0 0 0 0 0 0 0 0 0 0 0 0 0 0 0 0 0 0 0 0 0 0 0 0
0 0 0 0 0 0 0 0 0 0 0 0 0 0 0 0 0 0 0 0 0 0 0 0 0 0 0 0 0 0 0 0 0 0 0 0 0 0 0 0 0 0 0 0 0 0 0 0 0 0 0 0 0 0 0 0 0 0 0 0 0
0 0 0 0 0 0 0 0 0 0 0 0 0 0 0 0 0 0 0 0 0 0 0 0 0 0 0 0 0 0 0 0 0 0 0 0 0 0 0 0 0 0 0 0 0 0 0 0 0 0 0 0 0 0 0 0 0 0 0 0 0
0 0 0 0 0 0 0 0 0 0 0 0 0 0 0 0 0 0 0 0 0 0 0 0 0 0 0 0 0 0 0 0 0 0 0 0 0 0 0 0 0 0 0 0 0 0 0 0 0 0 0 0 0 0 0 0 0 0 0 0 0
0 0 0 0 0 0 0 0 0 0 0 0 0 0 0 0 0 0 0 0 0 0 0 0 0 0 0 0 0 0 0 0 0 0 0 0 0 0 0 0 0 0 0 0 0 0 0 0 0 0 0 0 0 0 0 0 0 0 0 0 0
0 0 0 0 0 0 0 0 0 0 0 0 0 0 0 0 0 0 0 0 0 0 0 0 0 0 0 0 0 0 0 0 0 0 0 0 0 0 0 0 0 0 0 0 0 0 0 0 0 0 0 0 0 0 0 0 0 0 0 0 0
0 0 0 0 0 0 0 0 0 0 0 0 0 0 0 0 0 0 0 0 0 0 0 0 0 0 0 0 0 0 0 0 0 0 0 0 0 0 0 0 0 0 0 0 0 0 0 0 0 0 0 0 0 0 0 0 0 0 0 0 0
0 0 0 0 0 0 0 0 0 0 0 0 0 0 0 0 0 0 0 0 0 0 0 0 0 0 0 0 0 0 0 0 0 0 0 0 0 0 0 0 0 0 0 0 0 0 0 0 0 0 0 0 0 0 0 0 0 0 0 0 0
0 0 0 0 0 0 0 0 0 0 0 0 0 0 0 0 0 0 0 0 0 0 0 0 0 0 0 0 0 0 0 0 0 0 0 0 0 0 0 0 0 0 0 0 0 0 0 0 0 0 0 0 0 0 0 0 0 0 0 0 0
0 0 0 0 0 0 0 0 0 0 0 0 0 0 0 0 0 0 0 0 0 0 0 0 0 0 0 0 0 0 0 0 0 0 0 0 0 0 0 0 0 0 0 0 0 0 0 0 0 0 0 0 0 0 0 0 0 0 0 0 0
0 0 0 0 0 0 0 0 0 0 0 0 0 0 0 0 0 0 0 0 0 0 0 0 0 0 0 0 0 0 0 0 0 0 0 0 0 0 0 0 0 0 0 0 0 0 0 0 0 0 0 0 0 0 0 0 0 0 0 0 0
0 0 0 0 0 0 0 0 0 0 0 0 0 0 0 0 0 0 0 0 0 0 0 0 0 0 0 0 0 0 0 0 0 0 0 0 0 0 0 0 0 0 0 0 0 0 0 0 0 0 0 0 0 0 0 0 0 0 0 0 0
0 0 0 0 0 0 0 0 0 0 0 0 0 0 0 0 0 0 0 0 0 0 0 0 0 0 0 0 0 0 0 0 0 0 0 0 0 0 0 0 0 0 0 0 0 0 0 0 0 0 0 0 0 0 0 0 0 0 0 0 0
0 0 0 0 0 0 0 0 0 0 0 0 0 0 0 0 0 0 0 0 0 0 0 0 0 0 0 0 0 0 0 0 0 0 0 0 0 0 0 0 0 0 0 0 0 0 0 0 0 0 0 0 0 0 0 0 0 0 0 0 0
0 0 0 0 0 0 0 0 0 0 0 0 0 0 0 0 0 0 0 0 0 0 0 0 0 0 0 0 0 0 0 0 0 0 0 0 0 0 0 0 0 0 0 0 0 0 0 0 0 0 0 0 0 0 0 0 0 0 0 0 0
0 0 0 0 0 0 0 0 0 0 0 0 0 0 0 0 0 0 0 0 0 0 0 0 0 0 0 0 0 0 0 0 0 0 0 0 0 0 0 0 0 0 0 0 0 0 0 0 0 0 0 0 0 0 0 0 0 0 0 0 0
0 0 0 0 0 0 0 0 0 0 0 0 0 0 0 0 0 0 0 0 0 0 0 0 0 0 0 0 0 0 0 0 0 0 0 0 0 0 0 0 0 0 0 0 0 0 0 0 0 0 0 0 0 0 0 0 0 0 0 0 0
0 0 0 0 0 0 0 0 0 0 0 0 0 0 0 0 0 0 0 0 0 0 0 0 0 0 0 0 0 0 0 0 0 0 0 0 0 0 0 0 0 0 0 0 0 0 0 0 0 0 0 0 0 0 0 0 0 0 0 0 0
0 0 0 0 0 0 0 0 0 0 0 0 0 0 0 0 0 0 0 0 0 0 0 0 0 0 0 0 0 0 0 0 0 0 0 0 0 0 0 0 0 0 0 0 0 0 0 0 0 0 0 0 0 0 0 0 0 0 0 0 0
0 0 0 0 0 0 0 0 0 0 0 0 0 0 0 0 0 0 0 0 0 0 0 0 0 0 0 0 0 0 0 0 0 0 0 0 0 0 0 0 0 0 0 0 0 0 0 0 0 0 0 0 0 0 0 0 0 0 0 0 0
0 0 0 0 0 0 0 0 0 0 0 0 0 0 0 0 0 0 0 0 0 0 0 0 0 0 0 0 0 0 0 0 0 0 0 0 0 0 0 0 0 0 0 0 0 0 0 0 0 0 0 0 0 0 0 0 0 0 0 0 0
0 0 0 0 0 0 0 0 0 0 0 0 0 0 0 0 0 0 0 0 0 0 0 0 0 0 0 0 0 0 0 0 0 0 0 0 0 0 0 0 0 0 0 0 0 0 0 0 0 0 0 0 0 0 0 0 0 0 0 0 0
0 0 0 0 0 0 0 0 0 0 0 0 0 0 0 0 0 0 0 0 0 0 0 0 0 0 0 0 0 0 0 0 0 0 0 0 0 0 0 0 0 0 0 0 0 0 0 0 0 0 0 0 0 0 0 0 0 0 0 0 0
0 0 0 0 0 0 0 0 0 0 0 0 0 0 0 0 0 0 0 0 0 0 0 0 0 0 0 0 0 0 0 0 0 0 0 0 0 0 0 0 0 0 0 0 0 0 0 0 0 0 0 0 0 0 0 0 0 0 0 0 0
0 0 0 0 0 0 0 0 0 0 0 0 0 0 0 0 0 0 0 0 0 0 0 0 0 0 0 0 0 0 0 0 0 0 0 0 0 0 0 0 0 0 0 0 0 0 0 0 0 0 0 0 0 0 0 0 0 0 0 0 0
0 0 0 0 0 0 0 0 0 0 0 0 0 0 0 0 0 0 0 0 0 0 0 0 0 0 0 0 0 0 0 0 0 0 0 0 0 0 0 0 0 0 0 0 0 0 0 0 0 0 0 0 0 0 0 0 0 0 0 0 0
0 0 0 0 0 0 0 0 0 0 0 0 0 0 0 0 0 0 0 0 0 0 0 0 0 0 0 0 0 0 0 0 0 0 0 0 0 0 0 0 0 0 0 0 0 0 0 0 0 0 0 0 0 0 0 0 0 0 0 0 0
0 0 0 0 0 0 0 0 0 0 0 0 0 0 0 0 0 0 0 0 0 0 0 0 0 0 0 0 0 0 0 0 0 0 0 0 0 0 0 0 0 0 0 0 0 0 0 0 0 0 0 0 0 0 0 0 0 0 0 0 0
0 0 0 0 0 0 0 0 0 0 0 0 0 0 0 0 0 0 0 0 0 0 0 0 0 0 0 0 0 0 0 0 0 0 0 0 0 0 0 0 0 0 0 0 0 0 0 0 0 0 0 0 0 0 0 0 0 0 0 0 0
0 0 0 0 0 0 0 0 0 0 0 0 0 0 0 0 0 0 0 0 0 0 0 0 0 0 0 0 0 0 0 0 0 0 0 0 0 0 0 0 0 0 0 0 0 0 0 0 0 0 0 0 0 0 0 0 0 0 0 0 0
0 0 0 0 0 0 0 0 0 0 0 0 0 0 0 0 0 0 0 0 0 0 0 0 0 0 0 0 0 0 0 0 0 0 0 0 0 0 0 0 0 0 0 0 0 0 0 0 0 0 0 0 0 0 0 0 0 0 0 0 0
0 0 0 0 0 0 0 0 0 0 0 0 0 0 0 0 0 0 0 0 0 0 0 0 0 0 0 0 0 0 0 0 0 0 0 0 0 0 0 0 0 0 0 0 0 0 0 0 0 0 0 0 0 0 0 0 0 0 0 0 0
0 0 0 0 0 0 0 0 0 0 0 0 0 0 0 0 0 0 0 0 0 0 0 0 0 0 0 0 0 0 0 0 0 0 0 0 0 0 0 0 0 0 0 0 0 0 0 0 0 0 0 0 0 0 0 0 0 0 0 0 0

I cap
1058.909090909091 1058.909090909091 1004.3790909090843 987.8490909090899 997.5029999999983 963.5629999999942 828.5930000000099 938.5310000000089 376.59899999999413 650.2600000000002 573.7130000000093 488.5690000000001 371.1730000000009 353.94499999999437 440.9369999999923 532.6850909090865 415.9870909090866 592.3640909090817 325.77509090908313 558.3160909090934 328.41609090909776 588.7920909090885 430.38909090908294 415.4360909090923 552.1410909090927 593.1620909090836 466.280090909087 498.59909090908917 458.2620909090856 480.587090909085 513.8560909090888 374.6240909090902 537.5300909090821 754.4340909090861 222.84000000001117 317.83100000000354 366.70000000000607 550.4200000000002 624.8359999999976 659.2449999999991 448.0259999999955 530.1839999999953 604.4029999999979 597.3540000000015 645.8059999999996 617.819999999997 840.3919999999982 881.8320000000062 811.2670000000035 778.6359999999958 788.0179999999996 801.4969999999992 856.4999999999933 886.9009999999789 933.940000000029 995.0420000000469 766.5370909090914 844.3420909090913 1025.659090909091 1058.909090909091 1058.909090909091
107.96969696969697 107.96969696969697 72.81969696969696 61.79969696969699 45.65699999999951 70.38699999999928 69.40699999999933 57.268999999999245 6.500999999999564 59.08999999999884 54.2369999999992 81.93099999999966 80.32699999999942 45.654999999999575 61.56299999999982 23.343696969697003 5.996696969696969 50.019696969696795 46.80869696969697 31.912696969696608 8.162696969696583 27.086696969696856 8.78969696969655 13.292696969696152 3.8876969696965675 28.41669696969694 31.798696969696877 58.37969696969692 48.36669696969652 55.491696969696704 66.87269696969679 15.154696969696897 27.998696969696663 71.39469696969549 42.959999999999766 5.518999999999903 14.99999999999968 16.32999999999977 19.513999999998937 39.60499999999996 39.72399999999929 27.965999999999745 81.14699999999931 71.79599999999903 67.84399999999954 85.07999999999984 90.05799999999974 53.51799999999976 48.482999999999805 24.713999999999714 74.53200000000012 65.20299999999963 59.99999999999958 41.96900000000004 35.67999999999987 23.022999999999783 43.046696969696605 51.69169696969693 74.71969696969697 107.96969696969697 107.96969696969697
38.96666666666666 38.96666666666666 15.279999999999994 3.238749999999996 16.732083333333314 29.958750000000002 29.25875 38.5 39.90000000000001 39.2 10.216666666666669 8.81666666666667 3.9166666666666705 22.46666666666667 10.916666666666671 4.450000000000001 11.733333333333334 4.45 11.733333333333334 4.450000000000001 11.733333333333334 18.383333333333333 25.666666666666664 6.342083333333333 6.342083333333333 6.342083333333333 6.342083333333332 11.733333333333334 4.450000000000002 11.733333333333334 4.450000000000001 11.733333333333334 18.383333333333333 25.666666666666664 17.150000000000006 5.6000000000000005 11.55 9.800000000000004 6.716666666666667 10.216666666666667 3.2833333333333377 19.316666666666677 5.733333333333348 13.575416666666674 4.12541666666668 22.60875 20.158750000000005 44.449999999999996 38.15 39.55000000000001 42.35 35.70000000000002 45.85 12.0133333333334 20.76333333333333 23.873333333333335 32.31666666666666 32.31666666666666 38.96666666666666 38.96666666666666 38.96666666666666
45.24545454545453 45.24545454545453 43.848954545454525 41.85395454545453 30.113999999999738 40.24299999999999 37.877499999999856 42.323999999999685 34.02949999999958 33.114999999999625 27.978499999999716 18.565499999999894 19.008499999999735 18.222999999999967 14.691499999999932 33.54145454545427 30.928954545454197 30.064454545454304 18.37945454545425 27.404454545454318 25.238454545454296 30.596454545454076 28.639454545454132 27.945954545454253 30.121454545454267 24.487954545454222 28.525454545454096 25.190954545454307 26.558954545454174 28.55395454545435 27.005454545454267 20.6024545454543 24.744454545454353 30.263954545454112 24.196999999999786 20.054000000000034 21.421999999999976 17.099499999999804 22.132499999999894 38.71949999999964 22.55049999999985 29.16699999999955 36.47699999999965 27.846499999999654 28.938999999999755 34.65799999999953 29.716999999999747 26.895499999999817 27.379999999999892 32.26799999999946 36.686499999999526 43.231999999999736 53.511499999999685 51.544499999999815 41.4285 35.76650000000008 33.41795454545454 36.600454545454525 43.98195454545453 45.24545454545453 45.24545454545453
20.999999999999993 20.999999999999993 20.40149999999999 20.11649999999999 13.275000000000007 22.736000000000388 19.39150000000067 21.485000000001477 16.38600000000033 18.4380000000005 19.36350000000093 12.210000000000672 10.227500000000306 13.173000000000593 8.605500000000154 10.977500000000287 9.89450000000018 15.718000000000144 10.55950000000011 10.578500000000352 8.944500000000176 13.466500000000208 13.010500000000153 5.971000000000549 7.66200000000047 5.819000000000061 10.360000000000072 8.564500000000102 10.36000000000023 9.305500000000242 8.973000000000223 4.907000000000263 7.614500000000101 14.169500000000193 16.07900000000027 18.033500000000558 12.415000000000138 7.019000000000188 6.724500000000152 6.075000000000104 2.2645000000000435 9.011000000000276 7.465500000000139 9.578500000000313 7.614500000000058 10.686000000000082 10.819000000000024 11.278500000000422 13.160000000000801 7.513000000000085 7.237500000000052 8.56450000000044 13.678500000000385 14.786500000000155 16.46200000000026 14.172500000000323 15.756000000000041 18.30200000000002 20.458499999999994 20.999999999999993 20.999999999999993
345.75757575757575 345.75757575757575 345.75757575757575 345.75757575757575 255.2095 290.20950000000073 316.94599999999986 292.15550000000087 298.1739999999999 261.9113823529412 194.0009411764713 173.78661764705762 246.3870588235301 289.127 227.7303823529414 250.05513458110659 236.69813458110602 253.29295811051773 229.44851693404698 205.62307575757688 187.3070757575763 214.24907575757499 230.82657575757688 231.48207575757684 211.4180757575766 166.27407575757587 186.62307575757745 211.98807575757752 197.40557575757697 230.35157575757572 222.70407575757673 232.44269340463651 235.28151693404527 263.3160169340426 115.43899999999974 178.1474999999996 213.18049999999985 210.20400000000058 216.69100000000083 237.15400000000167 198.60599999999948 240.76000000000042 210.2585000000027 209.55849999999813 180.95099999999968 203.00650000000203 281.75011764705994 262.04244117647147 308.53594117647174 309.4675 259.1315000000004 255.08861764706054 360.80255882353 387.8615000000006 349.49900000000196 308.42050000000063 309.31557575757586 316.3170757575759 345.75757575757575 345.75757575757575 345.75757575757575
779.7575757575758 779.7575757575758 763.5980757575758 740.5130757575757 600.1230000000076 732.1299999999997 781.3745000000075 772.273000000002 791.2265000000049 801.2155000000007 681.3850000000003 655.2270000000002 754.8600000000029 769.1955000000015 662.9315 638.5115757575775 653.5500757575771 596.7400757575764 534.8950757575791 629.144575757577 507.17407575757636 545.5730757575786 543.3880757575789 544.9460757575799 545.2405757575777 497.45557575758085 665.5675757575777 673.8515757575776 618.8655757575765 532.5105757575777 515.097075757576 551.0925757575787 684.8620757575803 641.6845757575778 431.8585000000005 559.8265000000009 603.2170000000002 574.1015000000008 510.2385000000004 475.7795000000036 513.6845000000055 659.2110000000024 621.8905000000012 568.1830000000023 571.4920000000003 612.2675000000041 642.5425000000014 654.6615000000019 614.0365000000003 522.8695000000022 625.1915000000017 591.670500000001 672.0135000000017 694.8915000000023 626.9555000000006 504.2095000000199 651.0230757575758 700.0335757575758 765.1370757575758 779.7575757575758 779.7575757575758
80.73333333333335 80.73333333333335 79.93533333333335 77.65533333333335 64.02749999999982 86.77550000000001 77.53999999999999 85.9615 80.9515 87.46649999999998 79.22149999999998 84.8535 94.27949999999998 94.66249999999998 83.11483333333332 71.87933333333334 67.09449999999997 71.86983333333326 64.0386666666664 68.7633333333333 67.53783333333332 70.53033333333327 67.93683333333333 69.6975 70.55566666666662 67.59483333333331 70.9293333333333 70.10283333333334 70.92933333333335 70.44483333333332 70.04583333333333 66.31233333333333 71.968 74.46016666666665 41.5296666666667 59.8793333333329 66.17349999999962 62.16399999999968 63.70299999999973 67.716 64.94499999999996 69.25549999999998 70.494 74.56749999999997 81.53466666666667 90.57299999999998 81.12533333333333 72.18149999999999 67.89599999999989 62.39199999999976 63.27549999999974 57.74549999999931 61.152166666666346 63.77699999999949 61.971999999999454 53.281999999999414 69.82733333333336 71.73683333333335 80.01133333333335 80.73333333333335 80.73333333333335
10.775757575757575 10.775757575757575 9.778257575757575 9.778257575757573 7.1175000000000095 8.802499999999997 8.102500000000008 8.197500000000003 7.520000000000005 4.540000000000002 1.221499999999999 0.41100000000000847 0.9810000000000083 4.07149999999999 2.146500000000012 2.767257575757589 3.147257575757569 1.0762575757575763 1.2757575757575639 1.7982575757575838 3.128257575757568 4.5057575757575785 4.505757575757589 5.218257575757607 1.294757575757587 0.6867575757575963 2.4252575757575907 1.9787575757575822 2.843257575757577 4.971257575757576 0.031257575757583034 0.5157575757575747 5.835757575757585 6.2157575757575705 0.8000000000000034 1.3000000000000025 0.3625000000000016 2.842500000000017 1.8574999999999944 5.762499999999993 2.605499999999974 0.3949999999999827 0.8455000000000066 6.048500000000054 1.1625000000000116 0.45600000000000485 2.251500000000021 0.2915000000000161 5.120500000000012 7.339999999999991 2.209999999999998 1.3299999999999912 13.3 6.884000000000007 0.11350000000002691 1.9470000000000078 7.878257575757584 7.8782575757575755 9.873257575757576 10.775757575757575 10.775757575757575
2.545454545454545 2.545454545454545 2.545454545454545 1.690454545454545 0.8335 0.0035000000000000586 1.317999999999997 0.7035000000000001 0.6624999999999966 0.019500000000000073 0.719499999999997 0.20300000000000007 0.0035000000000000586 0.24749999999999972 0.07650000000000023 0.8924545454545357 0.6454545454545371 0.04695454545454103 0.046954545454538366 0.6929545454545396 0.3224545454545362 0.2939545454545378 0.407954545454536 1.0634545454545243 1.0634545454545252 0.04695454545454014 0.046954545454542806 1.3484545454545416 0.17995454545453893 0.03745454545453769 0.20845454545453884 1.14895454545454 1.3484545454545396 1.1489545454545418 1.4034999999999997 0.6624999999999913 0.7194999999999868 0.019499999999995632 1.6029999999999966 0.0035000000000000586 0.20649999999999724 0.19049999999999856 0.9189999999999979 0.11750000000000005 0.9029999999999984 1.6029999999999993 1.3019999999999952 1.5019999999999771 0.30149999999999766 0.6624999999999895 2.91749999999998 0.4629999999999965 0.03549999999999365 2.204999999999991 0.7194999999999945 0.10199999999999898 0.04695454545453881 0.046954545454536145 2.545454545454545 2.545454545454545 2.545454545454545
8.515433299825174 8.515433299825174 8.515433299825174 8.515433299825174 6.5513466178160975 7.568980689655181 7.143161991379314 8.616273112069026 9.7516065689656 8.304874577586311 8.236729548850633 6.790893275862196 6.573136494252969 5.840016043103493 5.458814405172444 5.239081617816138 6.346394089080501 6.534303456896594 4.834498169540301 4.537325431034541 4.188377539185019 4.977264482758672 5.536913974137981 5.378595525862127 4.467737882183981 2.889222068965614 3.2626272500001092 6.727030870689733 5.640963456896635 4.885431560344908 5.434796215517323 5.7424765603449295 4.999304433908156 5.436289232758712 8.67744385919547 9.541329655172426 4.891009146551836 6.277446732758698 5.20499690517247 4.754308448275948 4.75978793103456 4.765913103448357 4.939165344827654 5.208104137931102 5.44915034482765 5.790888974138003 4.394259491379436 4.111217020114985 3.6508111005748254 5.3271198362069985 6.914443801724202 6.712318965517275 7.513747701149525 8.008451560344936 8.68872380172414 5.6869893275862164 7.368881575687274 8.187847092928623 8.187847092928623 8.515433299825174 8.515433299825174
700.0 700.0 699.05 696.1999999999999 684.8 686.6999999999999 680.9999999999999 690.4999999999999 678.1499999999999 681.9499999999998 678.1499999999997 679.0999999999998 680.0499999999997 681.9499999999998 681.9499999999998 680.9999999999997 685.7499999999997 680.9999999999995 678.1499999999996 679.0999999999999 683.8499999999998 683.8499999999998 683.8499999999997 680.9999999999998 679.0999999999997 683.8499999999998 679.0999999999997 681.9499999999996 679.0999999999997 679.0999999999997 680.0499999999997 684.7999999999998 682.8999999999997 681.9499999999997 681.9499999999999 686.6999999999998 683.8499999999999 688.5999999999998 683.8499999999999 690.4999999999999 684.7999999999998 686.6999999999998 687.6499999999997 686.6999999999998 684.7999999999997 681.9499999999998 688.5999999999998 688.5999999999999 681.9499999999998 683.8499999999998 683.8499999999999 691.4499999999998 684.7999999999998 680.9999999999998 678.1499999999997 681.9499999999998 694.3 697.1499999999999 695.25 700.0 700.0

H cap
-12.25 -12.25 -1.75 -12.25 36.75 -15.75 5.25 26.25 15.75 8.75 -1.75 -5.25 29.75 50.75 47.25 15.75 1.75 -8.75 8.75 -1.75 -19.25 22.75 29.75 29.75 33.25 26.25 8.75 15.75 61.25 29.75 12.25 64.75 40.25 40.25 36.75 5.25 12.25 19.25 1.75 26.25 54.25 5.25 -1.75 47.25 57.75 47.25 78.75 47.25 22.75 29.75 12.25 -5.25 57.75 131.25 131.25 131.25 131.25 131.25 131.25 131.25 131.25
39.5 39.5 45.5 43.5 41.0 36.0 27.5 13.5 11.5 14.5 16.0 8.0 14.0 38.0 23.5 3.5 14.0 7.0 1.5 8.5 12.5 7.0 3.0 6.0 1.0 0.0 1.5 -0.5 16.0 27.5 19.5 15.5 4.5 7.0 15.0 9.5 4.5 7.5 13.0 11.0 21.5 26.5 15.5 5.5 10.5 18.0 16.0 18.5 32.5 39.5 35.0 35.0 42.5 52.5 52.5 52.5 52.5 52.5 52.5 52.5 52.5
42.0 42.0 59.5 59.5 45.5 42.0 45.5 38.5 42.0 42.0 38.5 38.5 38.5 49.0 45.5 38.5 42.0 42.0 42.0 38.5 38.5 35.0 35.0 35.0 38.5 38.5 38.5 38.5 45.5 49.0 42.0 49.0 52.5 49.0 49.0 52.5 52.5 49.0 45.5 45.5 45.5 45.5 49.0 49.0 49.0 49.0 49.0 49.0 52.5 52.5 49.0 42.0 49.0 63.0 63.0 63.0 63.0 63.0 63.0 63.0 63.0
1.25 1.25 -6.75 -7.75 15.25 -7.25 -0.25 -2.25 -0.25 -5.25 -0.25 4.25 4.25 -12.75 0.25 -0.75 -2.25 -0.75 0.75 -4.25 -1.25 17.75 -0.25 1.25 -2.25 -2.75 1.25 0.25 -0.25 -3.75 -5.25 5.25 -1.25 -0.75 12.25 1.75 1.75 -1.25 -0.75 -0.25 9.75 -3.25 -0.75 6.75 -7.25 1.25 -0.25 -0.25 2.75 -9.75 1.75 -7.75 25.75 78.75 78.75 78.75 78.75 78.75 78.75 78.75 78.75

Gap
NaN

Time
NaN

