T P M C
61 37 4 12

base obj
12.384770631667182

exp obj
10.920930914926856

Objective struct
12.384770631667182 0.0 6.5294117647058805

num campaigns
360

x
0 0 0 0 0 0 0 0 0 0 0 0 1 0 0 0 0 0 1 0 1 0 0 0 1 0 1 0 0 0 0 0 0 1 0 1 0 1 0 1 0 0 0 0 0 1 0 1 0 1 0 1 0 0 0 0 0 0 0 0 0
0 0 0 0 0 0 0 0 0 0 0 0 0 0 0 0 0 0 0 0 0 0 0 1 0 0 0 0 0 0 0 0 0 0 0 0 0 0 0 0 0 0 0 0 0 1 0 0 0 0 0 1 0 0 0 0 0 0 0 0 0
0 0 0 0 0 0 0 0 1 0 0 0 0 1 0 0 0 0 0 0 0 1 0 0 0 0 0 0 0 0 1 0 0 0 0 0 0 1 0 0 0 0 0 0 0 1 0 0 0 1 0 0 0 0 1 0 0 0 0 0 0
0 0 0 0 0 1 1 1 1 1 1 1 0 1 1 1 1 0 0 0 0 0 0 0 0 0 0 0 0 0 0 0 0 0 0 0 0 0 0 0 0 0 0 0 0 0 0 0 0 0 0 0 0 0 0 0 0 0 0 0 0
0 0 0 0 1 0 0 0 1 0 0 1 0 0 1 0 0 0 1 0 0 1 0 0 1 0 0 1 0 0 1 0 0 1 0 0 1 0 0 1 0 0 0 1 0 0 1 0 0 1 0 0 1 0 0 1 0 0 0 0 0
0 0 0 0 0 0 0 0 0 0 0 0 0 0 0 0 0 0 0 0 0 0 0 0 0 1 0 0 0 0 0 0 0 0 1 0 0 0 0 0 0 0 0 0 0 0 0 0 0 0 0 0 0 0 0 0 0 0 0 0 0
0 0 0 0 0 1 0 0 0 1 0 1 0 0 0 1 0 0 1 0 1 0 1 0 1 0 1 0 1 0 1 0 1 0 0 0 0 0 0 0 0 0 0 0 0 0 0 0 0 0 0 0 0 0 0 0 0 0 0 0 0
0 0 0 0 0 0 1 0 0 0 0 0 0 0 0 0 0 0 0 0 0 0 1 0 0 0 0 0 0 0 0 0 0 0 0 0 0 0 0 1 0 0 0 0 0 0 0 0 0 0 0 0 0 0 0 1 0 0 0 0 0
0 0 0 0 1 0 0 0 0 0 0 0 0 0 0 0 0 0 0 0 0 0 0 0 0 0 0 0 0 0 0 0 0 0 0 0 0 0 0 0 0 0 0 0 0 0 0 0 0 0 0 0 0 1 0 0 0 0 0 0 0
0 0 0 0 0 0 0 0 0 1 0 0 0 0 0 0 1 0 0 0 0 1 0 1 0 0 0 0 0 0 0 0 0 1 0 1 0 0 0 0 0 0 0 0 0 0 1 0 1 0 0 0 0 0 0 0 0 0 0 0 0
0 0 0 0 0 0 0 1 0 0 0 0 0 0 0 0 0 1 0 0 0 0 0 0 0 0 0 1 0 0 0 0 0 0 0 0 0 0 0 0 1 0 0 0 0 0 0 0 0 0 1 0 0 0 0 0 0 0 0 0 0
0 0 0 0 0 0 1 0 0 0 0 0 0 0 0 0 0 0 0 1 0 0 0 0 0 0 0 0 0 0 0 0 1 0 0 0 0 0 0 0 0 0 0 0 0 0 0 1 0 0 0 0 0 0 0 0 0 0 0 0 0
0 0 0 0 0 0 0 0 0 0 0 0 0 1 0 0 0 0 0 0 0 0 0 0 0 0 0 0 0 0 0 0 0 0 0 0 0 0 0 0 1 0 0 0 0 0 0 0 0 0 0 0 0 0 0 0 0 0 0 0 0
0 0 0 0 1 0 0 0 0 0 1 0 0 0 0 0 0 0 0 0 0 0 1 0 0 0 0 0 0 0 0 1 0 0 0 0 1 0 0 0 0 0 1 0 0 0 0 0 0 0 0 1 0 0 0 0 0 0 0 0 0
0 0 0 0 0 0 0 0 0 0 0 0 0 0 0 1 0 0 0 0 0 0 0 0 0 0 0 0 0 1 0 0 0 0 0 0 0 0 0 0 0 0 0 0 0 0 0 0 0 0 0 0 0 0 0 0 0 0 0 0 0
0 0 0 0 0 0 0 0 0 0 0 0 0 0 0 0 0 0 0 0 0 0 0 0 0 0 0 0 0 0 0 0 0 0 0 0 0 0 0 0 0 0 0 0 0 0 0 0 0 1 0 0 0 0 0 0 0 0 0 0 0
0 0 0 0 0 0 0 0 0 0 1 0 0 0 0 0 0 0 0 0 0 0 0 0 0 1 0 0 0 0 0 0 0 0 0 0 0 0 0 0 0 0 0 0 0 0 0 0 0 0 0 0 0 1 0 0 0 0 0 0 0
0 0 0 0 1 0 0 0 0 0 0 0 0 0 0 0 0 0 0 0 0 0 0 0 0 0 0 0 1 0 0 0 0 0 0 0 0 0 0 0 0 0 0 0 0 0 0 0 0 0 0 0 1 0 0 0 0 0 0 0 0
0 0 0 0 0 0 1 0 1 0 0 0 1 0 1 0 1 0 1 0 1 0 1 0 0 0 1 0 0 1 0 1 0 1 0 1 0 1 0 1 0 1 0 1 0 1 0 1 0 0 1 0 1 0 0 0 0 0 0 0 0
0 0 0 0 1 0 0 0 0 0 0 0 0 0 0 0 0 0 0 0 0 0 0 0 0 0 0 0 0 0 0 0 0 0 0 0 0 0 0 0 0 0 0 0 0 0 0 0 0 0 0 0 0 0 0 1 0 0 0 0 0
0 0 0 0 0 0 0 0 0 1 0 1 0 1 0 1 0 1 0 1 0 1 0 1 0 1 0 0 0 0 1 0 1 0 0 0 0 0 1 0 0 0 0 0 0 0 0 0 0 0 0 0 0 0 0 0 0 0 0 0 0
0 0 0 0 0 0 0 0 0 0 0 0 0 0 0 0 0 0 0 0 0 0 0 0 0 0 0 0 0 0 0 0 0 0 0 0 0 0 0 0 0 0 0 0 0 0 0 0 0 0 0 0 0 0 0 0 0 0 0 0 0
0 0 0 0 0 0 0 0 1 0 0 0 0 0 0 0 0 0 0 0 0 0 0 0 0 0 0 1 0 0 0 0 0 0 0 0 0 0 0 0 0 1 0 0 0 0 0 0 0 0 0 0 0 1 0 0 0 0 0 0 0
0 0 0 0 1 0 0 0 0 0 0 1 0 0 0 0 0 0 0 1 0 0 0 0 0 0 0 0 0 0 0 1 0 0 0 0 0 0 1 0 0 0 0 0 0 0 0 1 0 0 0 0 0 0 1 0 0 0 0 0 0
0 0 0 0 0 0 1 0 0 0 0 0 0 0 0 0 0 1 0 0 0 0 0 0 0 0 0 0 0 0 0 0 0 0 0 0 0 0 0 0 0 0 0 1 0 0 0 0 0 0 0 0 0 0 0 0 0 0 0 0 0
0 0 0 0 1 0 0 0 0 1 0 0 0 0 1 0 0 0 0 1 0 0 0 0 1 0 0 0 0 1 0 0 0 0 1 0 0 0 0 0 0 0 1 0 0 0 0 0 0 0 0 0 0 0 0 0 0 0 0 0 0
0 0 0 0 0 0 0 1 0 0 0 0 1 0 1 0 1 0 1 0 1 0 0 0 0 0 0 0 0 1 0 0 1 0 0 1 0 1 0 0 0 0 0 0 0 0 0 0 0 0 0 0 0 0 0 0 0 0 0 0 0
0 0 0 0 1 0 0 0 0 0 0 0 0 0 0 0 0 0 0 0 0 0 0 0 0 0 0 0 0 0 0 0 0 0 0 0 0 0 0 0 0 0 0 0 0 0 0 0 0 0 0 0 0 0 0 1 0 0 0 0 0
0 0 0 0 0 0 0 0 0 0 0 0 0 0 0 0 0 0 0 0 0 0 0 0 0 0 0 0 0 0 0 0 0 0 0 0 0 0 0 0 0 1 0 0 1 0 0 0 0 0 0 0 0 0 0 0 0 0 0 0 0
0 0 0 0 0 0 1 0 1 1 1 1 1 1 1 1 1 1 0 0 1 1 1 1 1 1 1 1 0 0 1 1 1 1 1 1 1 1 1 1 1 1 1 1 1 1 1 1 1 1 1 1 1 1 0 0 0 0 0 0 0
0 0 0 0 0 0 0 1 1 1 1 1 1 1 1 1 1 1 0 1 1 1 1 1 1 1 1 1 0 0 1 1 1 1 1 1 1 1 1 1 1 1 0 1 1 1 1 1 1 1 1 1 1 0 0 0 0 0 0 0 0
0 0 0 0 0 0 0 0 0 0 1 0 1 1 1 1 1 0 0 0 1 1 1 1 0 0 1 1 0 0 1 0 1 1 1 0 1 1 0 1 1 0 0 1 1 1 1 0 1 1 1 1 1 1 0 0 0 0 0 0 0
0 0 0 0 0 0 0 0 0 0 0 0 1 1 1 0 0 0 0 0 1 1 1 1 0 1 0 1 0 0 1 1 1 0 1 0 1 0 0 1 1 0 0 1 1 1 0 0 0 0 1 1 0 1 0 0 0 0 0 0 0
0 0 0 0 0 0 0 0 0 0 0 0 1 1 1 1 0 0 0 0 1 1 1 1 0 0 1 1 0 0 1 1 1 1 1 1 1 0 1 1 1 0 0 1 1 1 1 0 1 0 1 1 1 1 0 0 0 0 0 0 0
0 0 0 0 0 0 0 0 0 0 0 0 0 0 0 0 0 0 0 0 0 1 0 1 1 0 0 0 0 0 0 0 1 1 0 0 0 0 0 1 1 0 0 1 0 0 1 1 0 0 1 1 0 0 0 0 0 0 0 0 0
0 0 0 0 0 0 0 0 1 0 0 0 0 0 0 0 1 0 0 0 0 0 0 0 0 0 0 0 0 0 0 0 0 0 0 0 0 0 0 0 0 0 0 0 0 0 0 0 0 0 0 0 0 0 0 0 0 0 0 0 0
0 0 0 0 0 0 0 0 0 0 0 0 0 0 0 0 0 0 0 0 0 0 0 0 0 0 0 0 1 0 0 0 0 0 0 0 0 0 0 0 0 0 0 0 0 0 0 0 0 0 0 0 0 0 0 1 0 0 0 0 0

y
0.0 1.3636363636363633 0.0 0.0 0.0 4.363636363636363 0.0 0.0 0.0 0.1785714285714286 0.0 0.0 22.363636363636363 0.0 5.5 0.0 4.800000000000001 0.0 0.0 0.0 0.0 0.0 0.0 1.333333333333333 0.8000000000000007 0.0 0.0 0.0 0.4500000000000002 0.0 0.0 0.0 0.5048543689320388 0.0 0.0 7.0 16.8

k
0 9 5 0 0 10 0 0 0 21 0 0 10 4 5 0 3 0 4 0 0 6 0 3 3 0 0 0 19 9 10 22 82 23 40 50 4

f
5.25 26.25 0.0 1.75 0.0 0.0 0.0 0.0 1.75 0.0 0.0 1.75 1.75 0.0 1.75 1.75 0.0 1.75 0.0 0.0 0.0 0.0 0.0 0.0 0.0 0.0 0.0 0.0 0.0 1.75 0.0 0.0 0.0 0.0 0.0 15.75 5.25 0.0 0.0 0.0 0.0 0.0 0.0 0.0 0.0 0.0 0.0 0.0 12.25 5.25 0.0 0.0 0.0 0.0 0.0 0.0 0.0 0.0 0.0 0.0 0.0
0.0 0.0 0.0 0.0 0.0 0.0 0.0 0.0 0.0 0.0 0.0 0.0 0.0 0.0 0.0 0.0 0.0 0.0 2.0 0.5 0.0 0.0 0.0 0.0 0.0 0.0 0.0 0.0 0.0 0.0 0.0 0.0 0.0 0.0 0.0 0.0 2.5 0.0 0.0 0.0 0.0 0.0 0.0 0.0 0.0 0.0 0.0 0.0 0.0 0.0 0.0 0.0 0.0 0.0 0.0 0.0 0.0 0.0 0.0 0.0 0.0
0.0 0.0 0.0 0.0 0.0 0.0 0.0 0.0 0.0 0.0 0.0 0.0 0.0 0.0 0.0 0.0 0.0 0.0 0.0 0.0 0.0 0.0 0.0 0.0 0.0 0.0 0.0 0.0 0.0 0.0 0.0 0.0 0.0 0.0 0.0 0.0 0.0 0.0 0.0 0.0 0.0 0.0 0.0 0.0 0.0 0.0 0.0 0.0 0.0 0.0 0.0 0.0 0.0 0.0 0.0 0.0 0.0 0.0 0.0 0.0 0.0
0.0 0.0 0.0 8.25 0.0 4.75 0.0 7.25 0.25 1.25 0.0 0.75 1.75 0.25 5.75 0.75 5.75 0.0 0.0 0.0 0.0 3.75 0.75 0.0 2.75 7.75 0.0 0.0 4.75 0.0 0.0 2.25 0.0 0.25 1.25 0.25 0.0 1.25 3.25 0.25 0.25 0.75 0.0 3.75 0.0 0.0 0.0 0.0 0.0 0.0 18.25 11.25 0.0 0.0 0.0 0.0 0.0 0.0 0.0 0.0 0.0

L
2 6 4 1 3 9 2 16 49 2 10 13 27 5 14 0 15 24 2 51 2 0 12 7 11 5 2 51 3 1 1 1 1 1 1 8 27

g
0 0 0 0 0 0 0 0 0 0 0 0 0 0 0 0 0 0 0 0 0 0 0 0 0 0 0 0 0 0 0 0 0 0 0 0 0 0 0 0 0 0 0 0 0 0 0 0 0 0 0 0 0 0 0 0 0 0 0 0 0
0 0 0 0 0 0 0 0 0 0 0 0 0 0 0 0 0 0 0 0 0 0 0 0 0 0 0 0 0 0 0 0 0 0 0 0 0 0 0 0 0 0 0 0 0 0 0 0 0 0 0 0 0 0 0 0 0 0 0 0 0
0 0 0 0 0 0 0 0 0 0 0 0 0 0 0 0 0 0 0 0 0 0 0 0 0 0 0 0 0 0 0 0 0 0 0 0 0 0 0 0 0 0 0 0 0 0 0 0 0 0 0 0 0 0 0 0 0 0 0 0 0
0 0 0 0 0 0 0 0 0 0 0 0 0 0 0 0 0 0 0 0 0 0 0 0 0 0 0 0 0 0 0 0 0 0 0 0 0 0 0 0 0 0 0 0 0 0 0 0 0 0 0 0 0 0 0 0 0 0 0 0 0
0 0 0 0 0 0 0 0 0 0 0 0 0 0 0 0 0 0 0 0 0 0 0 0 0 0 0 0 0 0 0 0 0 0 0 0 0 0 0 0 0 0 0 0 0 0 0 0 0 0 0 0 0 0 0 0 0 0 0 0 0
0 0 0 0 0 0 0 0 0 0 0 0 0 0 0 0 0 0 0 0 0 0 0 0 0 0 0 0 0 0 0 0 0 0 0 0 0 0 0 0 0 0 0 0 0 0 0 0 0 0 0 0 0 0 0 0 0 0 0 0 0
0 0 0 0 0 0 0 0 0 0 0 0 0 0 0 0 0 0 0 0 0 0 0 0 0 0 0 0 0 0 0 0 0 0 0 0 0 0 0 0 0 0 0 0 0 0 0 0 0 0 0 0 0 0 0 0 0 0 0 0 0
0 0 0 0 0 0 0 0 0 0 0 0 0 0 0 0 0 0 0 0 0 0 0 0 0 0 0 0 0 0 0 0 0 0 0 0 0 0 0 0 0 0 0 0 0 0 0 0 0 0 0 0 0 0 0 0 0 0 0 0 0
0 0 0 0 0 0 0 0 0 0 0 0 0 0 0 0 0 0 0 0 0 0 0 0 0 0 0 0 0 0 0 0 0 0 0 0 0 0 0 0 0 0 0 0 0 0 0 0 0 0 0 0 0 0 0 0 0 0 0 0 0
0 0 0 0 0 0 0 0 0 0 0 0 0 0 0 0 0 0 0 0 0 0 0 0 0 0 0 0 0 0 0 0 0 0 0 0 0 0 0 0 0 0 0 0 0 0 0 0 0 0 0 0 0 0 0 0 0 0 0 0 0
0 0 0 0 0 0 0 0 0 0 0 0 0 0 0 0 0 0 0 0 0 0 0 0 0 0 0 0 0 0 0 0 0 0 0 0 0 0 0 0 0 0 0 0 0 0 0 0 0 0 0 0 0 0 0 0 0 0 0 0 0
0 0 0 0 0 0 0 0 0 0 0 0 0 0 0 0 0 0 0 0 0 0 0 0 0 0 0 0 0 0 0 0 0 0 0 0 0 0 0 0 0 0 0 0 0 0 0 0 0 0 0 0 0 0 0 0 0 0 0 0 0
0 0 0 0 0 0 0 0 0 0 0 0 0 0 0 0 0 0 0 0 0 0 0 0 0 0 0 0 0 0 0 0 0 0 0 0 0 0 0 0 0 0 0 0 0 0 0 0 0 0 0 0 0 0 0 0 0 0 0 0 0
0 0 0 0 0 0 0 0 0 0 0 0 0 0 0 0 0 0 0 0 0 0 0 0 0 0 0 0 0 0 0 0 0 0 0 0 0 0 0 0 0 0 0 0 0 0 0 0 0 0 0 0 0 0 0 0 0 0 0 0 0
0 0 0 0 0 0 0 0 0 0 0 0 0 0 0 0 0 0 0 0 0 0 0 0 0 0 0 0 0 0 0 0 0 0 0 0 0 0 0 0 0 0 0 0 0 0 0 0 0 0 0 0 0 0 0 0 0 0 0 0 0
0 0 0 0 0 0 0 0 0 0 0 0 0 0 0 0 0 0 0 0 0 0 0 0 0 0 0 0 0 0 0 0 0 0 0 0 0 0 0 0 0 0 0 0 0 0 0 0 0 0 0 0 0 0 0 0 0 0 0 0 0
0 0 0 0 0 0 0 0 0 0 0 0 0 0 0 0 0 0 0 0 0 0 0 0 0 0 0 0 0 0 0 0 0 0 0 0 0 0 0 0 0 0 0 0 0 0 0 0 0 0 0 0 0 0 0 0 0 0 0 0 0
0 0 0 0 0 0 0 0 0 0 0 0 0 0 0 0 0 0 0 0 0 0 0 0 0 0 0 0 0 0 0 0 0 0 0 0 0 0 0 0 0 0 0 0 0 0 0 0 0 0 0 0 0 0 0 0 0 0 0 0 0
0 0 0 0 0 0 0 0 0 0 0 0 0 0 0 0 0 0 0 0 0 0 0 0 0 0 0 0 0 0 0 0 0 0 0 0 0 0 0 0 0 0 0 0 0 0 0 0 0 0 0 0 0 0 0 0 0 0 0 0 0
0 0 0 0 0 0 0 0 0 0 0 0 0 0 0 0 0 0 0 0 0 0 0 0 0 0 0 0 0 0 0 0 0 0 0 0 0 0 0 0 0 0 0 0 0 0 0 0 0 0 0 0 0 0 0 0 0 0 0 0 0
0 0 0 0 0 0 0 0 0 0 0 0 0 0 0 0 0 0 0 0 0 0 0 0 0 0 0 0 0 0 0 0 0 0 0 0 0 0 0 0 0 0 0 0 0 0 0 0 0 0 0 0 0 0 0 0 0 0 0 0 0
0 0 0 0 0 0 0 0 0 0 0 0 0 0 0 0 0 0 0 0 0 0 0 0 0 0 0 0 0 0 0 0 0 0 0 0 0 0 0 0 0 0 0 0 0 0 0 0 0 0 0 0 0 0 0 0 0 0 0 0 0
0 0 0 0 0 0 0 0 0 0 0 0 0 0 0 0 0 0 0 0 0 0 0 0 0 0 0 0 0 0 0 0 0 0 0 0 0 0 0 0 0 0 0 0 0 0 0 0 0 0 0 0 0 0 0 0 0 0 0 0 0
0 0 0 0 0 0 0 0 0 0 0 0 0 0 0 0 0 0 0 0 0 0 0 0 0 0 0 0 0 0 0 0 0 0 0 0 0 0 0 0 0 0 0 0 0 0 0 0 0 0 0 0 0 0 0 0 0 0 0 0 0
0 0 0 0 0 0 0 0 0 0 0 0 0 0 0 0 0 0 0 0 0 0 0 0 0 0 0 0 0 0 0 0 0 0 0 0 0 0 0 0 0 0 0 0 0 0 0 0 0 0 0 0 0 0 0 0 0 0 0 0 0
0 0 0 0 0 0 0 0 0 0 0 0 0 0 0 0 0 0 0 0 0 0 0 0 0 0 0 0 0 0 0 0 0 0 0 0 0 0 0 0 0 0 0 0 0 0 0 0 0 0 0 0 0 0 0 0 0 0 0 0 0
0 0 0 0 0 0 0 0 0 0 0 0 0 0 0 0 0 0 0 0 0 0 0 0 0 0 0 0 0 0 0 0 0 0 0 0 0 0 0 0 0 0 0 0 0 0 0 0 0 0 0 0 0 0 0 0 0 0 0 0 0
0 0 0 0 0 0 0 0 0 0 0 0 0 0 0 0 0 0 0 0 0 0 0 0 0 0 0 0 0 0 0 0 0 0 0 0 0 0 0 0 0 0 0 0 0 0 0 0 0 0 0 0 0 0 0 0 0 0 0 0 0
0 0 0 0 0 0 0 0 0 0 0 0 0 0 0 0 0 0 0 0 0 0 0 0 0 0 0 0 0 0 0 0 0 0 0 0 0 0 0 0 0 0 0 0 0 0 0 0 0 0 0 0 0 0 0 0 0 0 0 0 0
0 0 0 0 0 0 0 0 0 0 0 0 0 0 0 0 0 0 0 0 0 0 0 0 0 0 0 0 0 0 0 0 0 0 0 0 0 0 0 0 0 0 0 0 0 0 0 0 0 0 0 0 0 0 0 0 0 0 0 0 0
0 0 0 0 0 0 0 0 0 0 0 0 0 0 0 0 0 0 0 0 0 0 0 0 0 0 0 0 0 0 0 0 0 0 0 0 0 0 0 0 0 0 0 0 0 0 0 0 0 0 0 0 0 0 0 0 0 0 0 0 0
0 0 0 0 0 0 0 0 0 0 0 0 0 0 0 0 0 0 0 0 0 0 0 0 0 0 0 0 0 0 0 0 0 0 0 0 0 0 0 0 0 0 0 0 0 0 0 0 0 0 0 0 0 0 0 0 0 0 0 0 0
0 0 0 0 0 0 0 0 0 0 0 0 0 0 0 0 0 0 0 0 0 0 0 0 0 0 0 0 0 0 0 0 0 0 0 0 0 0 0 0 0 0 0 0 0 0 0 0 0 0 0 0 0 0 0 0 0 0 0 0 0
0 0 0 0 0 0 0 0 0 0 0 0 0 0 0 0 0 0 0 0 0 0 0 0 0 0 0 0 0 0 0 0 0 0 0 0 0 0 0 0 0 0 0 0 0 0 0 0 0 0 0 0 0 0 0 0 0 0 0 0 0
0 0 0 0 0 0 0 0 0 0 0 0 0 0 0 0 0 0 0 0 0 0 0 0 0 0 0 0 0 0 0 0 0 0 0 0 0 0 0 0 0 0 0 0 0 0 0 0 0 0 0 0 0 0 0 0 0 0 0 0 0
0 0 0 0 0 0 0 0 0 0 0 0 0 0 0 0 0 0 0 0 0 0 0 0 0 0 0 0 0 0 0 0 0 0 0 0 0 0 0 0 0 0 0 0 0 0 0 0 0 0 0 0 0 0 0 0 0 0 0 0 0
0 0 0 0 0 0 0 0 0 0 0 0 0 0 0 0 0 0 0 0 0 0 0 0 0 0 0 0 0 0 0 0 0 0 0 0 0 0 0 0 0 0 0 0 0 0 0 0 0 0 0 0 0 0 0 0 0 0 0 0 0

I cap
1058.909090909091 1058.909090909091 1039.5290909090913 1022.9990909091024 972.8600000000054 697.6580000000006 829.980000000006 1053.3100000000024 695.9700000000062 503.902999999998 540.1779999999972 558.3560000000018 815.0320000000069 546.7570000000079 362.63800000000504 308.31409090908693 424.72709090909245 775.2770909090859 519.0810909090878 586.1890909090897 434.7970909090934 502.0190909090949 504.2230909090831 575.5300909090911 496.262090909093 490.2200909090909 569.3550909090851 686.4520909090886 644.9370909090899 516.8010909090902 534.6420909090905 623.5620909090873 575.5490909090895 717.5740909090898 56.47600000001232 99.14100000000768 230.64100000000712 306.46000000000674 481.9180000000015 551.4199999999947 569.1699999999897 703.5779999999921 657.4129999999998 683.4430000000011 693.2679999999992 547.0449999999983 670.6649999999979 644.8829999999906 680.8129999999983 573.8729999999972 535.4319999999997 564.4339999999982 827.619999999998 939.5879999999963 1048.4529999999984 1036.975000000008 718.9040909090907 818.2740909090908 1025.659090909091 1058.909090909091 1058.909090909091
107.96969696969697 107.96969696969697 107.96969696969697 96.9496969696969 56.9999999999991 46.54199999999899 6.269999999999968 4.240000000000002 8.229999999999926 6.896999999999263 63.07199999999996 86.2439999999998 102.91799999999964 45.69299999999912 46.76199999999962 41.56469696969678 49.601696969696945 46.75169696969695 58.79769696969672 19.239696969696716 22.431696969696567 3.6596969696966255 9.055696969696722 33.698696969696364 23.666696969696382 55.35869696969641 85.47369696969535 70.02669696969515 50.64669696969685 46.73269696969692 66.89169696969685 86.36669696969687 38.42969696969665 51.25469696969597 10.773999999999415 42.75899999999955 41.80899999999963 29.439999999999877 26.581999999999617 25.82999999999994 22.129999999999253 5.622000000000136 7.2369999999995835 102.55700000000007 103.03199999999973 83.65499999999928 57.43499999999923 19.71700000000003 53.53699999999973 42.3269999999999 64.9179999999998 68.5659999999997 52.77999999999945 29.181999999999938 41.817000000000014 25.739999999999853 34.629696969696646 52.10969696969674 74.71969696969697 107.96969696969697 107.96969696969697
38.96666666666666 38.96666666666666 15.279999999999994 3.238749999999996 16.732083333333335 29.95875000000001 22.608750000000008 31.85 26.60000000000001 18.616666666666674 10.216666666666669 1.5333333333333368 3.9166666666666696 1.8833333333333364 4.266666666666672 4.45 11.733333333333334 4.450000000000001 11.733333333333334 4.45 11.733333333333334 4.450000000000001 11.733333333333334 4.450000000000002 18.383333333333333 11.1 18.383333333333333 6.342083333333333 20.275416666666665 20.275416666666665 6.342083333333332 11.733333333333334 4.450000000000001 11.733333333333333 3.216666666666674 5.6000000000000005 11.55 9.800000000000004 6.716666666666667 3.566666666666668 17.21666666666667 26.60000000000001 40.25000000000001 32.900000000000006 36.750000000000014 28.0 38.85 37.8 38.15 39.55 42.349999999999994 30.308750000000003 27.158750000000012 6.622083333333362 8.722083333333327 37.173333333333346 38.96666666666666 38.96666666666666 38.96666666666666 38.96666666666666 38.96666666666666
45.24545454545453 45.24545454545453 45.24545454545453 43.250454545454545 31.11149999999994 32.3389999999999 30.638499999999855 34.0209999999998 19.84599999999977 20.28999999999955 22.48749999999972 22.34649999999988 22.456999999999873 14.232999999999809 9.561499999999933 24.677954545454128 24.25045454545419 33.03795454545423 40.42895454545423 34.348954545454276 26.587454545454154 21.723454545454352 20.20345454545418 24.867954545454293 27.147954545454372 28.525454545454227 31.327954545454272 36.98045454545441 36.78095454545429 31.204454545454404 21.827954545454336 27.07195454545429 27.451954545454246 26.302454545454278 19.76999999999995 19.32249999999989 17.327499999999993 15.28499999999995 21.7334999999999 36.04049999999951 28.25049999999992 34.524999999999565 40.381499999999434 36.39649999999952 35.598499999999575 31.940999999999562 24.2639999999998 22.050499999999925 26.83849999999966 30.500999999999646 37.911999999999765 39.64099999999973 43.08049999999963 44.837499999999935 41.96050000000001 34.9685000000001 34.01645454545453 37.19895454545453 43.98195454545453 45.24545454545453 45.24545454545453
20.999999999999993 20.999999999999993 20.999999999999993 20.714999999999993 13.645500000000007 20.323000000000356 17.46300000000016 16.583000000000442 8.05450000000027 4.131000000000197 8.334000000000325 12.105500000000422 13.619000000000463 10.8930000000009 5.413500000000081 6.759500000000109 8.365000000000085 10.692500000000098 14.83450000000022 13.87500000000036 13.115000000000467 6.778500000000374 6.199000000000217 7.301000000000208 9.495500000000256 9.562000000000236 10.711500000000223 11.0440000000001 12.59250000000014 15.718000000000158 13.03900000000021 11.243500000000092 8.412500000000103 9.923000000000194 8.422000000000407 12.371500000000507 8.58650000000009 6.667500000000141 6.629500000000155 5.904000000000099 4.42099999999999 10.987000000000148 13.194000000000146 17.23550000000062 14.435500000000468 8.073500000000402 6.4870000000003305 7.4215000000005436 12.523500000000883 6.192500000000489 7.22800000000028 8.773500000000416 10.334500000000272 11.613500000000027 13.84000000000022 14.210500000000138 15.955500000000095 18.501500000000004 20.458499999999994 20.999999999999993 20.999999999999993
345.75757575757575 345.75757575757575 345.75757575757575 345.75757575757575 259.0 287.73000000000155 315.7300000000003 284.75500000000164 288.77850000000205 230.94138235294244 204.7560588235294 175.63744117647173 230.22644117647096 196.88199999999821 168.07150000000055 204.10307575757685 223.75969340463615 254.85263458110552 295.2080757575772 285.6689581105188 253.34101693404656 209.19507575757703 194.39407575757443 257.6651934046352 279.5431345811052 278.3159581105192 221.61101693404632 242.56969340463527 281.4241345811059 258.70795811051767 258.26313458110707 247.05201693404842 259.5635169340472 216.19657575757583 139.22811764705858 192.97644117646982 189.49644117646974 227.73261764705865 233.98994117647194 239.55694117647116 249.14711764705723 317.8815588235291 257.4628823529454 306.5624411764702 260.0765000000008 180.96650000000372 274.1596176470571 269.69944117647015 290.9514411764723 244.59199999999996 259.17900000000003 267.74150000000077 304.40999999999997 344.2006176470594 332.2000588235305 313.47450000000026 313.10607575757535 320.10757575757583 345.75757575757575 345.75757575757575 345.75757575757575
779.7575757575758 779.7575757575758 779.7575757575758 756.6725757575757 618.9045000000046 702.4045000000001 780.4720000000143 753.3775000000006 773.2620000000065 757.952500000005 728.4100000000004 701.7770000000005 697.727 577.2005 607.6605000000005 601.0245757575757 659.1455757575773 717.5705757575761 686.9615757575765 616.2910757575771 533.7645757575782 497.9780757575775 473.62007575758395 608.3775757575778 641.1715757575795 591.6005757575788 604.4825757575785 621.8200757575803 673.7755757575783 606.2590757575762 502.77557575757567 525.5755757575765 603.4660757575754 621.3355757575767 433.52100000000155 582.9305000000015 653.8805000000004 669.2440000000013 554.1570000000014 440.95250000000243 578.1610000000078 690.1810000000054 618.0810000000004 573.8355000000021 509.39050000000026 494.05900000000156 598.5099999999991 584.8174999999999 634.756 481.19300000000084 467.7765000000023 572.5565000000015 598.9394999999993 623.3660000000004 642.7635000000014 504.62750000002404 665.1875757575758 714.1980757575758 765.1370757575758 779.7575757575758 779.7575757575758
80.73333333333335 80.73333333333335 80.73333333333335 78.45333333333335 64.85399999999986 84.99900000000001 75.9535 84.37499999999999 80.40049999999998 86.00349999999999 77.2265 87.36149999999999 93.72533333333332 86.30249999999998 77.61749999999998 68.53533333333334 73.05099999999997 78.24433333333332 79.33683333333333 75.85033333333337 71.61016666666661 65.65683333333331 66.91083333333333 67.90833333333333 72.87999999999997 74.24483333333308 72.94016666666647 70.50183333333302 67.91149999999996 71.86983333333323 66.34716666666657 69.76083333333334 67.42383333333333 68.36433333333332 32.60600000000001 57.56449999999911 65.67949999999992 65.64416666666642 66.23633333333272 67.488 68.92549999999973 76.07016666666665 80.6495 82.72483333333331 81.72149999999999 81.81399999999998 74.08899999999998 69.51516666666666 67.83583333333316 64.68466666666636 67.03433333333285 60.81399999999949 57.6434999999994 55.54049999999977 59.36266666666617 52.25599999999989 70.42583333333336 72.33533333333335 80.01133333333335 80.73333333333335 80.73333333333335
10.775757575757575 10.775757575757575 10.775757575757577 10.775757575757574 7.402500000000011 8.802499999999986 7.817500000000014 5.822500000000003 4.242500000000008 3.6375000000000233 5.781500000000007 0.41100000000001913 2.1495000000000086 1.7915000000000059 0.9115000000000122 1.7222575757575704 0.4872575757575861 2.7672575757575646 0.696257575757584 6.215757575757579 2.9382575757575826 2.178257575757619 1.0762575757575885 6.025757575757593 3.5937575757576075 2.7102575757575917 0.6867575757575963 1.2567575757575944 5.427257575757594 2.1022575757575614 0.8672575757575802 2.7672575757575806 2.216257575757582 0.5157575757575845 1.1799999999999988 4.720000000000004 1.7400000000000029 0.5625000000000191 2.142500000000001 0.9174999999999951 3.802499999999983 1.0124999999999957 0.42750000000001254 10.960000000000015 5.712999999999999 0.6174999999999979 9.775500000000001 7.815500000000006 5.3199999999999985 5.250000000000003 2.67550000000001 3.8949999999999916 10.155499999999996 6.399500000000043 0.1135000000000127 1.9470000000000005 7.878257575757582 7.878257575757578 9.873257575757576 10.775757575757575 10.775757575757575
2.545454545454545 2.545454545454545 2.545454545454545 1.690454545454545 1.432 0.602 1.1754999999999942 1.4159999999999988 0.21599999999999797 0.19999999999998597 2.201499999999993 0.8015 0.602 0.24749999999999883 0.07649999999999979 0.8924545454545406 0.04695454545453792 0.04695454545454236 1.14895454545454 0.2084545454545329 0.46495454545452986 0.46495454545453074 0.15145454545453974 0.6359545454545383 0.6644545454545374 0.6644545454545392 1.1489545454545387 1.1489545454545405 0.046954545454541474 0.046954545454539254 0.6454545454545325 1.946954545454541 1.0064545454545422 0.4649545454545404 0.7194999999999975 0.8049999999999963 0.804999999999998 0.10499999999999843 0.8049999999999936 0.0035000000000000586 0.34899999999999365 0.0764999999999949 1.1469999999999994 0.8015 0.30449999999999977 0.6909999999999981 0.2189999999999987 0.7799999999999729 0.12099999999999489 0.120999999999994 1.0079999999999751 0.690999999999996 0.06399999999999406 1.7489999999999921 1.4034999999999984 0.21599999999999708 0.6454545454545393 0.6454545454545322 2.545454545454545 2.545454545454545 2.545454545454545
8.515433299825174 8.515433299825174 8.515433299825174 8.515433299825174 6.551346454022992 6.896566732758629 6.008937853448289 7.45248000862072 8.277468801724194 6.84306423275872 8.40052281609205 7.746353045977116 6.873423686781658 4.939153974137996 5.2065728620690175 6.095403456896598 5.885589327586251 6.46286667528741 6.368147431034556 5.989308025862101 4.466279510449385 5.052609146551794 5.124155353448346 5.258164655172469 4.773801264367876 5.165946206896603 4.03190902298861 7.153755172413907 7.513664770115035 7.0204315603448855 6.872353686781706 7.192591502873644 6.118557307471343 5.163300727011572 8.677443859195453 10.010323744252918 5.240980410919617 6.11856725862074 5.341491158046033 4.372124376436867 3.449443103448391 4.5912004597701825 5.687699827586258 5.579368505747203 5.046219310344899 4.305285689655206 3.383656206896685 3.9326827011495116 4.961156091954128 3.694102758620772 5.194616379310406 3.7271465517241955 5.855615517241447 6.074917241379368 8.41082166666673 5.850782431034496 7.532674515342473 7.8602607222389675 8.187847092928623 8.515433299825174 8.515433299825174
700.0 700.0 699.05 697.15 684.7999999999998 683.8499999999998 678.1499999999997 685.7499999999999 679.0999999999997 676.2499999999999 681.9499999999998 679.0999999999997 684.7999999999998 683.8499999999999 680.9999999999998 680.0499999999998 683.8499999999998 684.7999999999997 680.0499999999996 679.0999999999997 680.9999999999998 680.9999999999998 683.8499999999997 684.7999999999998 685.7499999999997 684.7999999999998 685.7499999999998 682.8999999999997 684.7999999999997 684.7999999999998 680.9999999999999 683.8499999999998 683.8499999999997 681.9499999999997 685.7499999999998 685.7499999999999 684.7999999999997 682.8999999999997 681.9499999999997 682.8999999999999 686.6999999999998 681.9499999999998 686.6999999999999 683.8499999999999 684.7999999999998 681.9499999999998 689.5499999999998 684.7999999999997 686.6999999999997 684.7999999999998 688.5999999999998 685.7499999999998 687.6499999999997 680.9999999999997 680.05 680.9999999999999 689.5499999999998 694.2999999999998 698.1 700.0 700.0

H cap
-5.25 -26.25 15.75 -1.75 15.75 12.25 68.25 57.75 -1.75 19.25 50.75 -1.75 -1.75 50.75 -1.75 -1.75 8.75 -1.75 15.75 1.75 1.75 1.75 1.75 1.75 29.75 5.25 8.75 68.25 61.25 -1.75 12.25 5.25 29.75 29.75 19.25 -15.75 -5.25 64.75 75.25 99.75 89.25 12.25 1.75 26.25 36.75 12.25 1.75 22.75 -12.25 -5.25 29.75 1.75 22.75 131.25 131.25 131.25 131.25 131.25 131.25 131.25 131.25
42.5 38.0 35.5 29.5 26.0 21.0 15.5 18.5 17.0 4.5 5.0 8.5 8.5 22.0 32.5 35.5 22.5 0.0 -2.0 -0.5 8.5 18.5 17.5 14.5 26.5 37.5 23.0 14.0 10.5 0.5 8.5 13.5 8.5 11.0 24.0 13.5 -2.5 16.5 33.5 24.5 12.5 7.0 5.0 14.5 19.5 14.0 11.0 1.5 7.5 18.5 30.0 38.0 40.5 52.5 52.5 52.5 52.5 52.5 52.5 52.5 52.5
42.0 38.5 49.0 42.0 35.0 35.0 45.5 45.5 42.0 42.0 35.0 38.5 42.0 45.5 45.5 42.0 45.5 42.0 45.5 49.0 45.5 49.0 52.5 45.5 45.5 42.0 42.0 49.0 52.5 45.5 45.5 45.5 45.5 45.5 45.5 45.5 42.0 45.5 49.0 52.5 52.5 45.5 42.0 45.5 49.0 45.5 42.0 49.0 45.5 42.0 45.5 42.0 49.0 63.0 63.0 63.0 63.0 63.0 63.0 63.0 63.0
7.75 1.75 3.25 -8.25 3.75 -4.75 4.75 -7.25 -0.25 -1.25 9.25 -0.75 -1.75 -0.25 -5.75 -0.75 -5.75 1.75 1.25 4.75 12.25 -3.75 -0.75 2.25 -2.75 -7.75 4.25 1.75 -4.75 2.75 0.75 -2.25 1.25 -0.25 -1.25 -0.25 6.75 -1.25 -3.25 -0.25 -0.25 -0.75 5.75 -3.75 0.25 0.25 1.75 3.25 1.75 0.75 -18.25 -11.25 23.25 78.75 78.75 78.75 78.75 78.75 78.75 78.75 78.75

Gap
NaN

Time
NaN

