T P M C
61 37 4 12

base obj
12.317965310551516

exp obj
10.870826924090107

Objective struct
12.317965310551516 0.0 6.5294117647058805

num campaigns
356

x
0 0 0 0 1 0 0 0 0 0 0 1 0 0 0 0 0 0 0 0 1 0 0 1 0 0 0 0 0 0 1 0 0 1 0 0 1 0 0 1 0 0 1 0 0 1 0 0 0 1 0 0 1 0 0 1 0 0 0 0 0
0 0 0 0 0 0 0 0 0 0 0 0 0 0 1 0 0 0 0 0 0 0 0 0 0 0 0 0 0 0 0 1 0 0 0 0 0 0 0 0 0 0 0 0 0 0 0 0 0 0 0 0 0 0 0 0 0 0 0 0 0
0 0 0 0 0 0 0 0 1 0 0 0 0 1 0 0 0 0 1 0 0 0 1 0 0 0 1 0 0 0 0 1 0 0 0 0 0 1 0 0 0 0 0 0 1 0 0 0 0 0 0 0 0 1 0 0 0 0 0 0 0
0 0 0 0 0 0 0 0 1 0 0 0 1 0 0 1 0 0 1 0 0 1 0 0 1 0 0 1 0 0 1 0 0 1 0 0 1 0 0 1 0 0 0 0 0 0 0 0 0 0 0 0 0 0 0 0 0 0 0 0 0
0 0 0 0 0 0 0 0 1 0 1 1 1 1 1 1 1 0 0 1 1 1 1 0 0 0 1 1 0 0 0 0 0 0 1 0 1 1 0 0 0 0 0 0 0 0 0 0 0 0 0 0 0 0 0 0 0 0 0 0 0
0 0 0 0 0 0 0 0 0 0 0 0 0 0 0 0 0 0 0 0 0 0 0 0 0 0 0 0 0 1 0 0 0 0 1 0 0 0 0 0 0 0 0 0 0 0 0 1 0 0 0 0 0 0 0 0 0 0 0 0 0
0 0 0 0 0 1 1 0 1 0 1 1 1 1 1 1 0 1 0 1 0 1 0 0 0 0 0 0 0 0 0 0 0 0 0 0 0 0 0 0 0 0 0 0 0 0 0 0 0 0 0 0 0 0 0 0 0 0 0 0 0
0 0 0 0 1 0 0 0 0 0 0 0 0 0 0 0 0 0 1 0 0 0 0 0 0 0 0 0 0 0 0 0 1 0 0 0 0 0 0 0 0 0 0 0 0 0 0 0 1 0 0 0 0 0 0 0 0 0 0 0 0
0 0 0 0 0 0 0 1 0 0 0 0 0 0 0 0 0 0 0 0 0 0 0 0 0 0 0 0 0 0 0 0 0 0 0 0 0 0 0 0 0 0 0 0 0 0 0 0 0 0 0 0 0 0 0 1 0 0 0 0 0
0 0 0 0 0 0 0 0 0 0 0 0 0 0 1 0 0 0 0 0 0 1 0 0 0 0 0 0 0 0 1 0 0 0 0 0 0 0 0 0 0 0 0 0 0 0 0 0 0 0 0 0 0 0 0 0 0 0 0 0 0
0 0 0 0 1 0 0 0 0 0 0 0 0 0 0 1 0 0 0 0 0 0 0 0 0 0 1 0 0 0 0 0 0 0 0 0 0 1 0 0 0 0 0 0 0 0 0 0 1 0 0 0 0 0 0 0 0 0 0 0 0
0 0 0 0 0 0 0 0 1 0 0 0 0 0 0 0 0 0 0 0 0 0 1 0 0 0 0 0 0 0 0 0 0 0 0 0 1 0 0 0 0 0 0 0 0 0 0 0 0 0 0 1 0 0 0 0 0 0 0 0 0
0 0 0 0 0 0 0 0 0 0 0 0 0 0 0 0 0 0 1 0 0 0 0 0 0 0 0 0 0 0 0 0 0 0 0 0 0 0 0 0 0 0 0 0 0 0 1 0 0 0 0 0 0 0 0 0 0 0 0 0 0
0 0 0 0 1 0 0 0 0 0 0 1 0 0 0 0 0 1 0 0 0 0 0 0 0 0 0 0 0 0 0 0 1 0 0 0 0 0 0 0 1 0 0 0 0 0 0 1 0 0 0 0 0 0 0 0 0 0 0 0 0
0 0 0 0 0 0 0 0 0 0 0 0 0 0 0 0 1 0 0 0 0 0 0 0 0 0 0 0 0 0 0 0 0 0 0 0 0 0 0 0 0 0 0 0 0 1 0 0 0 0 0 0 0 0 0 0 0 0 0 0 0
0 0 0 0 0 0 1 0 0 0 0 0 0 0 0 0 0 0 0 0 0 0 0 0 0 0 0 0 0 0 0 0 0 0 0 0 0 0 0 0 0 0 0 0 0 0 0 0 0 0 0 0 0 0 0 0 0 0 0 0 0
0 0 0 0 0 0 0 0 0 0 1 0 0 0 0 0 0 0 0 0 0 0 1 0 0 0 0 0 0 0 0 0 0 0 0 0 0 0 0 0 0 0 0 0 0 0 0 0 0 0 0 0 1 0 0 0 0 0 0 0 0
0 0 0 0 0 0 1 0 0 0 0 0 0 0 0 0 0 0 0 0 0 0 0 0 0 0 1 0 0 0 0 0 0 0 0 0 0 0 0 0 0 0 0 0 0 0 1 0 0 0 0 0 0 0 0 0 0 0 0 0 0
0 0 0 0 0 0 0 0 0 0 1 0 0 1 0 1 0 1 0 1 0 1 0 1 0 0 1 0 0 1 0 1 0 1 0 1 0 0 1 0 1 0 1 0 1 0 1 0 1 0 1 0 0 1 0 1 0 0 0 0 0
0 0 0 0 1 0 0 0 0 0 0 0 0 0 0 0 0 0 0 0 0 0 0 0 0 0 0 0 0 0 0 0 0 0 0 0 0 0 0 0 0 0 0 0 0 0 0 0 0 0 0 0 0 0 0 1 0 0 0 0 0
0 0 0 0 0 1 0 0 0 0 1 0 0 1 0 0 0 1 0 0 1 0 0 1 0 0 1 0 0 1 0 0 1 0 0 0 0 1 0 0 1 0 0 0 0 0 0 0 0 0 0 1 0 0 0 0 0 0 0 0 0
0 0 0 0 0 0 0 0 0 0 0 0 0 0 0 0 0 0 0 0 0 0 0 0 0 0 0 0 0 0 0 0 0 0 0 0 0 0 0 0 0 0 0 0 0 0 0 0 0 0 0 0 0 0 0 0 0 0 0 0 0
0 0 0 0 0 0 1 0 0 0 0 0 0 0 0 0 0 0 0 0 0 0 0 0 1 0 0 0 0 0 0 0 0 0 0 0 0 0 1 0 0 0 0 0 0 0 0 0 0 0 0 1 0 0 0 0 0 0 0 0 0
0 0 0 0 0 0 0 0 0 0 0 0 0 1 0 0 0 0 0 1 0 0 0 0 0 0 0 0 1 0 0 0 0 0 0 1 0 0 0 0 0 1 0 0 0 0 0 0 0 1 0 0 0 0 0 1 0 0 0 0 0
0 0 0 0 0 0 0 0 0 1 0 0 0 0 0 0 0 0 0 0 0 0 0 0 0 1 0 0 0 0 0 0 0 0 0 0 0 0 0 0 0 0 0 1 0 0 0 0 0 0 0 0 0 1 0 0 0 0 0 0 0
0 0 0 0 1 0 0 0 1 0 0 0 1 0 0 0 1 0 0 0 1 0 0 0 1 0 0 0 1 0 0 0 0 1 0 0 0 0 0 0 0 0 0 0 0 0 0 0 0 0 0 0 0 0 0 0 0 0 0 0 0
0 0 0 0 0 0 0 0 1 0 0 0 1 0 0 0 0 1 0 0 0 0 0 0 1 0 0 0 1 0 0 0 0 0 1 0 0 0 1 0 0 0 0 1 0 0 0 1 0 0 0 0 0 0 1 0 0 0 0 0 0
0 0 0 0 0 0 0 0 1 0 0 0 0 0 0 0 0 0 0 0 0 0 0 0 0 0 0 0 0 0 0 0 0 0 0 0 0 0 0 0 0 0 0 0 0 0 0 0 0 0 0 0 0 1 0 0 0 0 0 0 0
0 0 0 0 0 0 0 0 0 0 0 0 0 0 0 0 0 0 0 0 0 0 0 0 0 0 0 0 0 0 0 0 0 0 0 0 0 0 0 0 0 1 0 0 0 0 0 0 0 0 1 0 0 0 0 0 0 0 0 0 0
0 0 0 0 1 1 1 1 1 1 1 1 1 1 1 1 0 1 1 1 1 1 1 1 0 0 1 1 1 1 1 1 1 1 1 1 1 1 1 1 1 1 1 1 1 1 1 1 1 1 1 1 0 0 1 1 0 0 0 0 0
0 0 0 0 1 1 1 1 0 0 1 1 1 1 1 0 0 1 0 1 1 1 1 0 0 0 1 1 1 1 1 1 1 1 1 1 1 1 1 1 1 1 0 1 1 0 1 1 1 1 1 0 0 0 1 1 0 0 0 0 0
0 0 0 0 0 0 1 1 0 0 1 0 1 1 1 0 0 1 1 1 1 1 1 1 0 0 1 0 0 1 1 1 1 0 1 1 1 1 1 1 1 1 1 1 1 0 0 1 1 1 1 0 0 0 1 1 0 0 0 0 0
0 0 0 0 0 0 1 0 0 0 0 0 1 0 1 0 0 0 0 0 1 1 0 0 0 0 1 0 0 1 0 1 0 0 1 1 0 1 0 0 1 0 0 0 1 0 0 0 0 0 0 0 0 0 0 0 0 0 0 0 0
0 0 0 0 0 0 1 1 0 0 1 0 1 1 1 0 0 1 0 1 1 1 1 0 0 0 1 0 1 1 1 1 1 0 1 1 1 1 1 1 1 1 1 1 1 0 0 1 1 1 0 0 0 0 0 0 0 0 0 0 0
0 0 0 0 1 0 0 1 0 0 0 0 0 0 0 0 0 0 0 0 1 1 0 0 0 0 1 0 0 0 1 1 1 0 0 0 0 1 0 1 1 0 0 1 0 0 0 0 1 0 0 0 0 0 0 0 0 0 0 0 0
0 0 0 0 0 0 0 0 0 0 0 0 0 0 0 0 0 0 0 0 0 0 0 0 0 1 0 0 0 0 0 0 0 0 0 0 0 0 0 0 0 0 0 0 0 0 0 0 0 1 0 0 0 0 0 0 0 0 0 0 0
0 0 0 0 0 0 0 0 0 0 0 0 0 0 0 1 0 0 0 0 0 0 0 0 0 0 0 1 0 0 0 0 0 0 0 0 0 0 0 0 0 0 0 0 0 0 0 0 0 0 0 0 0 0 0 0 0 0 0 0 0

y
0.0 12.363636363636363 0.0 0.0 0.0 0.3636363636363633 0.0 0.0 0.0 5.178571428571429 0.0 0.0 23.363636363636363 0.9000000000000004 20.5 0.0 1.8000000000000007 0.0 0.0 0.0 0.0 0.0 0.0 0.33333333333333304 0.0 0.0 0.0 0.0 6.45 0.0 0.0 0.0 0.5048543689320388 0.0 0.0 23.0 1.8000000000000007

k
0 10 4 0 0 9 0 0 0 26 0 0 10 5 5 0 3 0 4 0 0 6 0 3 2 0 0 0 19 5 13 17 91 21 39 50 4

f
0.0 15.75 5.25 19.25 8.75 0.0 0.0 0.0 0.0 0.0 0.0 0.0 0.0 0.0 0.0 0.0 0.0 0.0 0.0 0.0 5.25 0.0 0.0 0.0 0.0 0.0 0.0 0.0 0.0 5.25 5.25 0.0 0.0 0.0 0.0 0.0 0.0 0.0 0.0 0.0 0.0 0.0 19.25 0.0 0.0 5.25 0.0 0.0 0.0 0.0 0.0 5.25 0.0 0.0 0.0 0.0 0.0 0.0 0.0 0.0 0.0
0.0 0.0 0.0 0.0 0.0 0.0 0.0 0.0 0.0 0.0 0.0 0.0 0.0 0.0 0.0 0.0 0.0 2.0 0.5 0.0 0.0 0.0 0.0 0.0 0.0 0.0 0.0 0.0 0.0 0.0 0.0 0.0 0.0 0.0 0.0 0.0 0.0 0.0 0.0 0.0 0.0 0.0 0.0 0.0 0.0 0.0 0.0 0.0 0.0 0.0 0.0 0.0 0.0 0.0 0.0 0.0 0.0 0.0 0.0 0.0 0.0
0.0 0.0 0.0 0.0 0.0 0.0 0.0 0.0 0.0 0.0 0.0 0.0 0.0 0.0 0.0 0.0 0.0 0.0 0.0 0.0 0.0 0.0 0.0 0.0 0.0 0.0 0.0 0.0 0.0 0.0 0.0 0.0 0.0 0.0 0.0 0.0 0.0 0.0 0.0 0.0 0.0 0.0 0.0 0.0 0.0 0.0 0.0 0.0 0.0 0.0 0.0 0.0 0.0 0.0 0.0 0.0 0.0 0.0 0.0 0.0 0.0
0.0 1.25 0.0 2.25 0.0 8.25 0.0 3.75 0.0 0.0 1.25 0.0 8.75 3.25 5.25 0.0 0.0 0.0 0.0 0.25 2.25 11.75 0.0 0.0 4.25 0.0 0.25 0.0 0.0 0.75 0.0 0.0 0.75 0.0 0.0 5.25 0.0 3.75 0.0 5.75 0.0 0.25 1.75 0.0 1.25 0.0 0.25 0.0 8.75 17.25 0.0 0.75 0.0 0.0 0.0 0.0 0.0 0.0 0.0 0.0 0.0

L
3 17 4 3 1 5 1 14 48 7 11 14 28 6 29 0 12 20 2 51 3 0 13 6 10 4 4 45 9 1 1 1 1 1 1 24 12

g
0 0 0 0 0 0 0 0 0 0 0 0 0 0 0 0 0 0 0 0 0 0 0 0 0 0 0 0 0 0 0 0 0 0 0 0 0 0 0 0 0 0 0 0 0 0 0 0 0 0 0 0 0 0 0 0 0 0 0 0 0
0 0 0 0 0 0 0 0 0 0 0 0 0 0 0 0 0 0 0 0 0 0 0 0 0 0 0 0 0 0 0 0 0 0 0 0 0 0 0 0 0 0 0 0 0 0 0 0 0 0 0 0 0 0 0 0 0 0 0 0 0
0 0 0 0 0 0 0 0 0 0 0 0 0 0 0 0 0 0 0 0 0 0 0 0 0 0 0 0 0 0 0 0 0 0 0 0 0 0 0 0 0 0 0 0 0 0 0 0 0 0 0 0 0 0 0 0 0 0 0 0 0
0 0 0 0 0 0 0 0 0 0 0 0 0 0 0 0 0 0 0 0 0 0 0 0 0 0 0 0 0 0 0 0 0 0 0 0 0 0 0 0 0 0 0 0 0 0 0 0 0 0 0 0 0 0 0 0 0 0 0 0 0
0 0 0 0 0 0 0 0 0 0 0 0 0 0 0 0 0 0 0 0 0 0 0 0 0 0 0 0 0 0 0 0 0 0 0 0 0 0 0 0 0 0 0 0 0 0 0 0 0 0 0 0 0 0 0 0 0 0 0 0 0
0 0 0 0 0 0 0 0 0 0 0 0 0 0 0 0 0 0 0 0 0 0 0 0 0 0 0 0 0 0 0 0 0 0 0 0 0 0 0 0 0 0 0 0 0 0 0 0 0 0 0 0 0 0 0 0 0 0 0 0 0
0 0 0 0 0 0 0 0 0 0 0 0 0 0 0 0 0 0 0 0 0 0 0 0 0 0 0 0 0 0 0 0 0 0 0 0 0 0 0 0 0 0 0 0 0 0 0 0 0 0 0 0 0 0 0 0 0 0 0 0 0
0 0 0 0 0 0 0 0 0 0 0 0 0 0 0 0 0 0 0 0 0 0 0 0 0 0 0 0 0 0 0 0 0 0 0 0 0 0 0 0 0 0 0 0 0 0 0 0 0 0 0 0 0 0 0 0 0 0 0 0 0
0 0 0 0 0 0 0 0 0 0 0 0 0 0 0 0 0 0 0 0 0 0 0 0 0 0 0 0 0 0 0 0 0 0 0 0 0 0 0 0 0 0 0 0 0 0 0 0 0 0 0 0 0 0 0 0 0 0 0 0 0
0 0 0 0 0 0 0 0 0 0 0 0 0 0 0 0 0 0 0 0 0 0 0 0 0 0 0 0 0 0 0 0 0 0 0 0 0 0 0 0 0 0 0 0 0 0 0 0 0 0 0 0 0 0 0 0 0 0 0 0 0
0 0 0 0 0 0 0 0 0 0 0 0 0 0 0 0 0 0 0 0 0 0 0 0 0 0 0 0 0 0 0 0 0 0 0 0 0 0 0 0 0 0 0 0 0 0 0 0 0 0 0 0 0 0 0 0 0 0 0 0 0
0 0 0 0 0 0 0 0 0 0 0 0 0 0 0 0 0 0 0 0 0 0 0 0 0 0 0 0 0 0 0 0 0 0 0 0 0 0 0 0 0 0 0 0 0 0 0 0 0 0 0 0 0 0 0 0 0 0 0 0 0
0 0 0 0 0 0 0 0 0 0 0 0 0 0 0 0 0 0 0 0 0 0 0 0 0 0 0 0 0 0 0 0 0 0 0 0 0 0 0 0 0 0 0 0 0 0 0 0 0 0 0 0 0 0 0 0 0 0 0 0 0
0 0 0 0 0 0 0 0 0 0 0 0 0 0 0 0 0 0 0 0 0 0 0 0 0 0 0 0 0 0 0 0 0 0 0 0 0 0 0 0 0 0 0 0 0 0 0 0 0 0 0 0 0 0 0 0 0 0 0 0 0
0 0 0 0 0 0 0 0 0 0 0 0 0 0 0 0 0 0 0 0 0 0 0 0 0 0 0 0 0 0 0 0 0 0 0 0 0 0 0 0 0 0 0 0 0 0 0 0 0 0 0 0 0 0 0 0 0 0 0 0 0
0 0 0 0 0 0 0 0 0 0 0 0 0 0 0 0 0 0 0 0 0 0 0 0 0 0 0 0 0 0 0 0 0 0 0 0 0 0 0 0 0 0 0 0 0 0 0 0 0 0 0 0 0 0 0 0 0 0 0 0 0
0 0 0 0 0 0 0 0 0 0 0 0 0 0 0 0 0 0 0 0 0 0 0 0 0 0 0 0 0 0 0 0 0 0 0 0 0 0 0 0 0 0 0 0 0 0 0 0 0 0 0 0 0 0 0 0 0 0 0 0 0
0 0 0 0 0 0 0 0 0 0 0 0 0 0 0 0 0 0 0 0 0 0 0 0 0 0 0 0 0 0 0 0 0 0 0 0 0 0 0 0 0 0 0 0 0 0 0 0 0 0 0 0 0 0 0 0 0 0 0 0 0
0 0 0 0 0 0 0 0 0 0 0 0 0 0 0 0 0 0 0 0 0 0 0 0 0 0 0 0 0 0 0 0 0 0 0 0 0 0 0 0 0 0 0 0 0 0 0 0 0 0 0 0 0 0 0 0 0 0 0 0 0
0 0 0 0 0 0 0 0 0 0 0 0 0 0 0 0 0 0 0 0 0 0 0 0 0 0 0 0 0 0 0 0 0 0 0 0 0 0 0 0 0 0 0 0 0 0 0 0 0 0 0 0 0 0 0 0 0 0 0 0 0
0 0 0 0 0 0 0 0 0 0 0 0 0 0 0 0 0 0 0 0 0 0 0 0 0 0 0 0 0 0 0 0 0 0 0 0 0 0 0 0 0 0 0 0 0 0 0 0 0 0 0 0 0 0 0 0 0 0 0 0 0
0 0 0 0 0 0 0 0 0 0 0 0 0 0 0 0 0 0 0 0 0 0 0 0 0 0 0 0 0 0 0 0 0 0 0 0 0 0 0 0 0 0 0 0 0 0 0 0 0 0 0 0 0 0 0 0 0 0 0 0 0
0 0 0 0 0 0 0 0 0 0 0 0 0 0 0 0 0 0 0 0 0 0 0 0 0 0 0 0 0 0 0 0 0 0 0 0 0 0 0 0 0 0 0 0 0 0 0 0 0 0 0 0 0 0 0 0 0 0 0 0 0
0 0 0 0 0 0 0 0 0 0 0 0 0 0 0 0 0 0 0 0 0 0 0 0 0 0 0 0 0 0 0 0 0 0 0 0 0 0 0 0 0 0 0 0 0 0 0 0 0 0 0 0 0 0 0 0 0 0 0 0 0
0 0 0 0 0 0 0 0 0 0 0 0 0 0 0 0 0 0 0 0 0 0 0 0 0 0 0 0 0 0 0 0 0 0 0 0 0 0 0 0 0 0 0 0 0 0 0 0 0 0 0 0 0 0 0 0 0 0 0 0 0
0 0 0 0 0 0 0 0 0 0 0 0 0 0 0 0 0 0 0 0 0 0 0 0 0 0 0 0 0 0 0 0 0 0 0 0 0 0 0 0 0 0 0 0 0 0 0 0 0 0 0 0 0 0 0 0 0 0 0 0 0
0 0 0 0 0 0 0 0 0 0 0 0 0 0 0 0 0 0 0 0 0 0 0 0 0 0 0 0 0 0 0 0 0 0 0 0 0 0 0 0 0 0 0 0 0 0 0 0 0 0 0 0 0 0 0 0 0 0 0 0 0
0 0 0 0 0 0 0 0 0 0 0 0 0 0 0 0 0 0 0 0 0 0 0 0 0 0 0 0 0 0 0 0 0 0 0 0 0 0 0 0 0 0 0 0 0 0 0 0 0 0 0 0 0 0 0 0 0 0 0 0 0
0 0 0 0 0 0 0 0 0 0 0 0 0 0 0 0 0 0 0 0 0 0 0 0 0 0 0 0 0 0 0 0 0 0 0 0 0 0 0 0 0 0 0 0 0 0 0 0 0 0 0 0 0 0 0 0 0 0 0 0 0
0 0 0 0 0 0 0 0 0 0 0 0 0 0 0 0 0 0 0 0 0 0 0 0 0 0 0 0 0 0 0 0 0 0 0 0 0 0 0 0 0 0 0 0 0 0 0 0 0 0 0 0 0 0 0 0 0 0 0 0 0
0 0 0 0 0 0 0 0 0 0 0 0 0 0 0 0 0 0 0 0 0 0 0 0 0 0 0 0 0 0 0 0 0 0 0 0 0 0 0 0 0 0 0 0 0 0 0 0 0 0 0 0 0 0 0 0 0 0 0 0 0
0 0 0 0 0 0 0 0 0 0 0 0 0 0 0 0 0 0 0 0 0 0 0 0 0 0 0 0 0 0 0 0 0 0 0 0 0 0 0 0 0 0 0 0 0 0 0 0 0 0 0 0 0 0 0 0 0 0 0 0 0
0 0 0 0 0 0 0 0 0 0 0 0 0 0 0 0 0 0 0 0 0 0 0 0 0 0 0 0 0 0 0 0 0 0 0 0 0 0 0 0 0 0 0 0 0 0 0 0 0 0 0 0 0 0 0 0 0 0 0 0 0
0 0 0 0 0 0 0 0 0 0 0 0 0 0 0 0 0 0 0 0 0 0 0 0 0 0 0 0 0 0 0 0 0 0 0 0 0 0 0 0 0 0 0 0 0 0 0 0 0 0 0 0 0 0 0 0 0 0 0 0 0
0 0 0 0 0 0 0 0 0 0 0 0 0 0 0 0 0 0 0 0 0 0 0 0 0 0 0 0 0 0 0 0 0 0 0 0 0 0 0 0 0 0 0 0 0 0 0 0 0 0 0 0 0 0 0 0 0 0 0 0 0
0 0 0 0 0 0 0 0 0 0 0 0 0 0 0 0 0 0 0 0 0 0 0 0 0 0 0 0 0 0 0 0 0 0 0 0 0 0 0 0 0 0 0 0 0 0 0 0 0 0 0 0 0 0 0 0 0 0 0 0 0
0 0 0 0 0 0 0 0 0 0 0 0 0 0 0 0 0 0 0 0 0 0 0 0 0 0 0 0 0 0 0 0 0 0 0 0 0 0 0 0 0 0 0 0 0 0 0 0 0 0 0 0 0 0 0 0 0 0 0 0 0

I cap
1058.909090909091 1058.909090909091 925.9470909090974 925.9470909090927 1010.917000000016 817.7000000000147 908.1459999999925 1188.4569999999842 356.97200000001436 640.4180000000075 470.4859999999917 756.0699999999932 347.19500000001494 505.451000000002 379.6809999999907 348.6320909090874 520.1830909090885 459.02209090909 395.75209090907816 558.7340909090799 545.6810909090925 295.8120909090982 498.0100909090818 667.9840909090788 420.66109090909026 778.1270909090881 677.9970909090869 603.099090909087 457.3120909090819 521.2280909090839 460.3140909090898 562.9520909090975 694.242090909083 434.37909090908795 50.11100000000691 259.91899999999373 224.71300000000835 470.8670000000154 503.71099999998887 438.3699999999973 664.0750000000094 769.7359999999941 765.1999999999958 597.3350000000005 651.7909999999983 556.1839999999961 724.6819999999996 593.3169999999999 664.947999999998 826.9150000000029 743.6719999999992 783.4659999999993 904.0000000000124 816.2399999999949 862.5759999999806 989.380000000017 893.286090909094 966.2270909090903 967.937090909091 1058.909090909091 1058.909090909091
107.96969696969697 107.96969696969697 69.55169696969679 69.5516969696967 48.3929999999996 46.19999999999775 43.05399999999951 51.49299999999951 16.627999999999794 76.53199999999967 65.31399999999954 107.97999999999983 72.00499999999933 72.74899999999985 66.76899999999969 2.101696969697027 19.60069696969719 9.511696969697205 4.476696969696931 22.944696969696665 32.1976969696965 13.216696969696681 16.218696969696744 68.54469696969439 43.21769696969629 96.15169696969691 63.28169696969685 37.384696969696904 39.721696969697064 72.70569696969692 16.86469696969659 28.226696969696384 44.186696969696655 32.34969696969325 24.739000000000004 40.63099999999979 16.38699999999949 25.582999999999736 14.288999999999906 28.679999999999616 102.02499999999982 91.46399999999997 90.39999999999614 98.415 95.10899999999992 77.3659999999991 28.117999999999327 31.382999999999747 5.751999999999868 41.03499999999939 40.97799999999982 27.18399999999997 67.59999999999911 57.52999999999991 63.34399999999994 60.12999999999531 90.24269696969688 95.20169696969694 96.34169696969697 107.96969696969697 107.96969696969697
38.96666666666666 38.96666666666666 15.279999999999994 15.279999999999994 28.773333333333326 16.025416666666672 15.325416666666674 12.52541666666667 27.858750000000015 39.2 10.216666666666669 8.81666666666667 3.9166666666666687 15.81666666666667 10.916666666666671 11.733333333333341 32.31666666666666 11.733333333333334 18.383333333333333 11.733333333333334 18.383333333333333 11.733333333333333 18.383333333333333 11.733333333333334 18.383333333333333 6.342083333333334 6.342083333333333 6.342083333333333 6.342083333333333 18.383333333333333 18.383333333333333 11.733333333333334 18.383333333333333 11.733333333333334 3.216666666666675 5.6000000000000005 11.55 2.516666666666671 6.716666666666667 10.216666666666667 10.56666666666667 19.316666666666677 19.66666666666668 39.550000000000004 30.10000000000001 22.60875 20.158750000000005 32.408750000000005 19.45875000000001 39.550000000000004 35.7 28.41666666666668 31.91666666666668 4.729999999999997 20.76333333333333 23.873333333333356 32.31666666666666 32.31666666666666 38.96666666666666 38.96666666666666 38.96666666666666
45.24545454545453 45.24545454545453 43.250454545454524 37.59795454545454 21.801499999999198 30.60049999999993 28.80499999999987 29.8409999999998 20.092999999999694 23.890499999999484 25.5939999999996 24.996999999999737 19.606999999999772 16.835999999999817 10.729999999999915 22.910954545454143 31.22345454545436 24.75395454545451 22.882454545454312 25.200454545454377 28.2119545454542 25.608954545454193 24.316954545454188 33.06645454545442 36.13495454545432 36.714454545454245 27.879454545454397 20.450454545454377 22.369454545454303 21.97995454545424 21.780454545454255 22.597454545454255 25.418954545454337 24.791954545454303 24.32999999999988 20.538499999999974 17.18499999999989 19.560000000000183 23.92799999999984 34.98599999999965 27.71849999999979 35.79799999999952 41.19849999999959 34.45849999999957 30.335499999999417 29.328499999999597 27.066499999999994 26.15449999999976 25.954999999999668 34.80449999999966 40.68599999999956 46.31949999999974 55.56349999999972 44.62849999999976 29.372999999999923 33.29649999999994 40.30545454545453 43.05095454545453 44.64695454545453 45.24545454545453 45.24545454545453
20.999999999999993 20.999999999999993 20.20199999999999 19.86949999999999 10.149500000000012 16.5705000000007 11.402000000000204 12.688000000000768 8.21600000000071 12.70950000000061 17.083500000000647 17.169000000000793 11.339000000000784 13.239500000000616 6.753000000000123 7.016000000000155 15.319000000000054 14.986500000000026 11.69000000000007 10.645000000000065 11.22450000000023 7.557500000000389 6.987500000000216 10.854000000000195 12.602000000000563 20.468000000000274 14.73950000000013 7.263000000000151 7.139500000000064 8.469500000000075 7.09200000000042 6.341500000000355 6.816500000000119 5.895000000000513 9.50500000000037 13.036500000000242 7.104500000000279 7.009500000000164 7.038000000000038 4.3935000000000475 5.019500000000061 11.386000000000054 13.46950000000036 16.969500000001133 11.690000000000072 10.277500000000085 10.524500000000362 13.121500000000491 12.808500000000068 9.612500000000106 9.413000000000338 13.400000000000157 16.528500000000413 15.100000000000172 12.909000000000006 10.800000000000479 14.768000000000116 17.722499999999997 20.800499999999992 20.999999999999993 20.999999999999993
345.75757575757575 345.75757575757575 341.96707575757574 341.96707575757574 253.946 219.65188235294147 217.06244117647043 216.87861764705764 255.02555882353025 258.18738235294404 223.34755882352914 180.64394117647038 223.9564411764679 222.47500000000008 203.43161764705957 236.92613458110716 269.727958110518 243.9455169340478 207.90307575757691 208.83407575757735 245.3995757575785 229.876575757579 198.3460757575764 221.77419340463118 258.00663458110535 290.7229581105181 292.662634581106 282.70663458110636 268.04645811051796 242.72001693404633 206.93407575757794 217.60257575757805 281.94719340463456 267.24901693404547 172.53344117647092 190.4689999999991 196.93549999999865 230.1540000000022 226.66600000000145 210.93399999999824 210.2055000000032 277.06900000000036 220.0054999999981 256.6405000000014 286.2216176470598 273.73455882353073 295.8078823529422 277.63194117647197 292.3865000000012 318.99600000000044 314.09961764705906 281.91605882353076 358.59799999999944 311.2048823529425 309.9214411764724 304.4981176470598 298.4006345811052 341.9670757575757 341.96707575757574 345.75757575757575 345.75757575757575
779.7575757575758 779.7575757575758 749.4335757575758 749.4335757575758 632.3375000000174 641.462 736.5535000000006 750.6415000000006 757.6725000000014 767.2435 726.0730000000003 740.9455 728.6495 690.8775 675.937 607.532075757577 682.0690757575771 683.7315757575782 584.9030757575915 539.5595757575784 541.2600757575858 628.1280757575769 658.4995757575772 626.4370757575739 610.1160757575757 660.5705757575757 628.1850757575756 625.0215757575759 577.2650757575776 573.6835757575788 536.9375757575774 576.0300757575798 630.0375757575841 550.7220757575745 378.57300000000623 590.597 584.5875000000063 668.2275000000047 660.6520000000012 476.026499999997 585.5520000000039 721.1510000000025 710.0694999999989 582.6705000000005 525.9015000000053 555.277000000003 586.1409999999997 562.9580000000019 592.7565000000061 621.6884999999986 673.2140000000032 632.7770000000024 674.4075000000018 636.1150000000067 631.7530000000028 529.7930000000086 709.1155757575757 747.1250757575758 765.5930757575758 779.7575757575758 779.7575757575758
80.73333333333335 80.73333333333335 79.33683333333335 78.67183333333334 66.1459999999993 87.374 75.44683333333332 76.65149999999998 75.19766666666665 84.90149999999997 74.56333333333332 85.76866666666665 92.01533333333333 88.21199999999997 78.38699999999997 64.52000000000004 71.67033333333332 67.45866666666652 71.0559999999998 72.06616666666632 69.24783333333328 67.98433333333331 65.59983333333315 71.12249999999996 74.26383333333335 79.46983333333333 73.34866666666666 64.59599999999998 65.74866666666655 61.51483333333294 66.98683333333332 65.90383333333334 66.6163333333333 70.48599999999998 38.188833333333335 58.58099999999906 62.971999999999554 61.441999999999204 62.67699999999956 66.804 69.72349999999987 72.72299999999998 73.92349999999999 78.82349999999997 79.2135 84.87616666666663 81.9645 71.98833333333332 65.97699999999989 65.20399999999952 68.1521666666659 66.69449999999902 65.85149999999967 61.87699999999854 60.69899999999943 57.48100000000001 77.80733333333335 78.31083333333335 80.13483333333335 80.73333333333335 80.73333333333335
10.775757575757575 10.775757575757575 9.778257575757575 9.778257575757573 4.077500000000031 0.8224999999999901 1.4525000000000032 0.1700000000000016 1.8675000000000015 4.539999999999995 1.2214999999999971 0.4110000000000049 2.1494999999999993 4.042999999999993 2.479000000000009 4.9427575757575735 2.900257575757609 2.1497575757576013 1.4847575757576095 1.9787575757575988 6.738257575757609 4.173257575757584 4.097257575757586 0.6867575757575928 2.4252575757575734 6.2157575757575705 3.1757575757575776 6.215757575757568 6.595757575757576 4.315757575757585 0.981257575757594 3.3657575757575775 3.308757575757582 6.633757575757597 5.122500000000026 1.5375000000000059 1.7400000000000029 5.360000000000016 2.760000000000004 2.2000000000000046 0.24000000000000776 2.0100000000000007 1.3300000000000054 5.231500000000018 4.031500000000003 4.246499999999987 8.854000000000026 7.2740000000000355 1.1780000000000077 3.68250000000002 5.772499999999993 0.4275000000000143 9.281500000000008 1.811000000000032 2.8495000000000257 6.640000000000016 6.215757575757578 10.775757575757575 10.775757575757575 10.775757575757575 10.775757575757575
2.545454545454545 2.545454545454545 1.946954545454545 1.946954545454545 2.002 0.602 1.3464999999999963 0.13349999999999973 1.0614999999999966 0.13349999999999962 1.5174999999999947 0.602 0.602 0.3045000000000002 0.7890000000000001 0.1609545454545413 0.16095454545454219 0.6454545454545397 0.8924545454545406 0.5219545454545443 0.6929545454545442 1.1489545454545436 0.40795454545453647 0.46495454545452886 1.0634545454545181 0.04695454545453703 0.04695454545453703 0.6454545454545397 0.04695454545454458 0.046954545454540586 0.5504545454545379 0.4364545454545433 0.863954545454532 0.664454545454536 1.4034999999999975 1.6029999999999953 0.4629999999999953 0.01949999999999963 0.9189999999999886 0.0035000000000000586 1.4034999999999993 0.9029999999999997 1.4034999999999935 0.0035000000000000586 0.9030000000000001 1.4034999999999993 0.24749999999999794 1.5779999999999843 0.5484999999999866 0.10199999999999498 0.9034999999999852 0.6624999999999975 0.7194999999999917 2.119499999999996 0.747999999999999 0.03550000000000031 0.9494545454545388 1.2629545454544875 1.946954545454545 2.545454545454545 2.545454545454545
8.515433299825174 8.515433299825174 8.515433299825174 8.170605713618277 5.214794893678163 5.849153103448273 6.018995488505752 7.261704310344834 8.253445649425316 7.825822689655277 9.055694902298933 7.259887528735692 6.540923686781721 4.9391539741380015 5.6815730258621375 5.243449597701197 5.770072413793162 6.094016100574748 4.974268284482824 4.61430802586214 4.602774090909142 4.4793334482759395 5.124155517241451 5.378595689655234 6.259404548850635 5.738359836206996 4.108891617816209 6.208352873563289 6.803894491379395 7.222213169540298 7.334796215517231 6.053683620689779 4.928327586206975 5.20151928160928 9.032328916666719 10.360295008620724 4.809112594827651 5.048998620689737 4.959307250000073 4.754308284482807 4.7597877672414715 5.437464827586272 5.610717068965556 5.633966043103509 5.203460525862153 5.768503916666723 4.553138965517345 5.230469893678228 5.34333983620701 4.594964663793155 6.095478448275926 6.516313218390859 8.333805172413808 7.336037767241422 8.219729385057592 6.06785123275864 7.587272216491927 7.368881575687244 8.515433299825174 8.515433299825174 8.515433299825174
700.0 700.0 699.05 696.1999999999999 687.65 685.7499999999999 680.9999999999999 691.4499999999999 681.9499999999999 682.8999999999997 680.9999999999997 679.0999999999998 681.9499999999998 678.1499999999996 682.8999999999997 681.9499999999995 684.7999999999996 680.9999999999997 681.9499999999999 679.0999999999996 684.7999999999998 680.9999999999998 680.0499999999996 682.8999999999997 681.9499999999999 682.8999999999999 679.0999999999999 681.9499999999997 686.6999999999997 686.6999999999998 684.7999999999998 685.7499999999998 684.7999999999998 684.7999999999998 680.9999999999999 686.6999999999997 687.6499999999997 681.9499999999997 681.9499999999997 683.8499999999999 685.7499999999999 686.6999999999998 688.5999999999998 687.65 686.6999999999998 682.8999999999999 688.5999999999999 684.8 686.6999999999997 685.7499999999998 686.6999999999998 679.0999999999998 681.9499999999999 680.0499999999998 681.9499999999999 681.9499999999997 690.4999999999999 691.4499999999999 700.0 700.0 700.0

H cap
5.25 -15.75 -5.25 -19.25 -8.75 15.75 68.25 5.25 8.75 19.25 1.75 12.25 15.75 19.25 8.75 15.75 15.75 5.25 36.75 15.75 -5.25 57.75 33.25 22.75 82.25 47.25 1.75 1.75 12.25 -5.25 -5.25 47.25 26.25 5.25 26.25 5.25 47.25 89.25 47.25 40.25 82.25 5.25 -19.25 33.25 5.25 -5.25 47.25 54.25 12.25 1.75 47.25 -5.25 12.25 131.25 131.25 131.25 131.25 131.25 131.25 131.25 131.25
26.5 18.5 24.5 14.5 17.5 32.5 28.5 11.5 8.0 9.5 7.0 9.0 29.0 23.5 9.5 15.5 11.5 -2.0 -0.5 18.0 36.0 44.0 25.0 12.5 25.0 23.5 8.0 1.5 4.0 14.0 17.0 15.5 14.0 4.5 13.0 15.0 7.0 12.5 21.5 20.5 17.0 22.0 28.5 19.5 8.5 10.5 18.5 33.5 37.5 40.0 38.0 23.5 35.5 52.5 52.5 52.5 52.5 52.5 52.5 52.5 52.5
45.5 45.5 52.5 49.0 42.0 45.5 52.5 45.5 42.0 35.0 38.5 35.0 35.0 45.5 42.0 38.5 42.0 38.5 38.5 45.5 42.0 49.0 45.5 35.0 42.0 49.0 49.0 42.0 49.0 45.5 42.0 49.0 45.5 42.0 42.0 45.5 52.5 52.5 49.0 52.5 52.5 49.0 45.5 49.0 49.0 45.5 49.0 52.5 52.5 49.0 52.5 42.0 45.5 63.0 63.0 63.0 63.0 63.0 63.0 63.0 63.0
5.75 -1.25 4.25 -2.25 18.75 -8.25 4.75 -3.75 0.75 0.25 -1.25 1.75 -8.75 -3.25 -5.25 0.25 1.75 7.75 1.25 -0.25 -2.25 -11.75 3.25 1.75 -4.25 3.25 -0.25 1.75 4.25 -0.75 1.25 5.25 -0.75 4.75 1.75 -5.25 9.25 -3.75 1.25 -5.75 2.75 -0.25 -1.75 0.25 -1.25 1.25 -0.25 6.75 -8.75 -17.25 10.75 -0.75 12.25 78.75 78.75 78.75 78.75 78.75 78.75 78.75 78.75

Gap
NaN

Time
NaN

