T P M C
61 37 4 12

base obj
12.5204160781747

exp obj
11.194233627258475

Objective struct
12.5204160781747 0.0 7.215686274509802

num campaigns
368

x
0 0 0 0 1 0 0 1 0 0 1 0 0 0 0 1 0 0 0 0 0 1 0 0 1 0 0 0 0 0 1 0 0 1 0 0 1 0 0 1 0 0 1 0 0 0 1 0 0 0 0 1 0 0 0 0 0 0 0 0 0
0 0 0 0 0 0 0 0 0 0 0 0 0 0 0 0 0 0 0 0 0 0 0 0 0 0 0 0 1 0 0 0 0 0 0 1 0 0 0 0 0 1 0 0 0 0 0 0 1 0 0 0 0 0 0 0 0 0 0 0 0
0 0 0 0 0 0 0 0 0 1 0 0 0 1 0 0 0 0 0 1 0 0 0 0 0 1 0 0 0 0 1 0 0 0 1 0 0 0 1 0 0 0 0 0 0 1 0 0 0 1 0 0 0 1 0 0 0 0 0 0 0
0 0 0 0 1 1 0 0 1 1 1 1 1 1 1 1 1 0 0 0 0 0 0 0 0 0 0 0 0 0 0 0 0 0 0 0 0 0 0 0 0 0 0 0 0 0 0 0 0 0 0 0 0 0 0 0 0 0 0 0 0
0 0 0 0 0 0 1 0 1 0 0 1 0 1 0 0 1 0 1 0 0 0 0 1 0 0 1 0 1 0 1 0 0 1 0 1 0 1 0 0 1 0 0 1 0 1 0 0 0 0 0 0 0 1 0 0 0 0 0 0 0
0 0 0 0 0 0 0 0 0 0 0 0 0 0 0 0 0 0 0 0 0 0 0 0 0 0 0 0 0 0 0 0 0 0 0 0 0 1 0 0 0 0 0 0 1 0 0 0 0 1 0 0 0 0 0 0 0 0 0 0 0
0 0 0 0 0 0 0 0 1 0 0 1 0 0 0 0 0 0 0 0 1 0 0 1 0 0 0 1 0 0 1 0 0 1 0 0 0 1 0 0 0 0 1 0 0 1 0 0 1 0 0 1 0 0 0 0 0 0 0 0 0
0 0 0 0 0 0 0 0 1 0 0 0 0 0 0 0 0 0 0 0 0 0 0 1 0 0 0 0 0 0 0 0 0 0 0 0 0 0 1 0 0 0 0 0 0 0 0 0 0 0 0 0 0 0 0 1 0 0 0 0 0
0 0 0 0 0 0 0 0 0 0 0 0 0 0 1 0 0 0 0 0 0 0 0 0 0 0 0 0 0 0 0 0 0 0 0 0 0 0 0 0 0 0 0 0 0 0 0 0 0 0 0 0 0 1 0 0 0 0 0 0 0
0 0 0 0 0 0 0 0 0 0 0 1 0 0 0 0 0 0 0 1 0 0 0 0 0 1 0 1 0 0 1 0 0 0 0 0 1 0 0 0 0 1 0 0 0 1 0 1 0 0 0 0 0 0 0 0 0 0 0 0 0
0 0 0 0 1 0 0 0 0 0 0 0 0 0 0 1 0 0 0 0 0 0 0 0 0 0 0 1 0 0 0 0 0 0 0 0 0 0 0 1 0 0 0 0 0 0 0 0 0 0 1 0 0 0 0 0 0 0 0 0 0
0 0 0 0 0 0 1 0 0 0 0 0 0 0 0 0 0 0 0 0 0 1 0 0 0 0 0 0 0 0 0 1 0 0 0 0 0 0 0 0 0 0 0 0 0 0 0 0 0 1 0 0 0 0 0 0 0 0 0 0 0
0 0 0 0 0 0 0 0 0 0 0 0 0 0 0 0 0 0 0 0 0 0 0 0 1 0 0 0 0 0 0 0 0 0 0 0 0 0 0 0 0 0 0 0 0 0 1 0 0 0 0 0 0 0 0 0 0 0 0 0 0
0 0 0 0 1 0 0 0 0 0 1 0 0 0 0 0 0 1 0 0 0 0 0 1 0 0 0 0 0 0 0 0 0 0 1 0 0 0 0 0 1 0 0 0 0 0 0 0 0 0 0 0 1 0 0 0 0 0 0 0 0
0 0 0 0 0 0 0 0 0 0 0 0 0 0 0 0 0 1 0 0 0 0 0 0 0 0 1 0 0 0 0 0 0 0 0 0 0 0 0 0 0 0 0 0 0 0 0 0 0 0 0 0 0 0 0 0 0 0 0 0 0
0 0 0 0 0 0 0 0 0 0 0 0 0 0 0 0 0 0 0 0 0 0 0 0 0 0 0 0 0 0 0 0 0 0 0 0 0 0 0 0 0 0 0 0 0 0 0 0 0 0 0 0 0 1 0 0 0 0 0 0 0
0 0 0 0 0 0 0 0 0 0 0 0 0 1 0 0 0 0 0 0 0 0 0 0 0 0 0 0 0 1 0 0 0 0 0 0 0 0 0 0 0 0 0 0 1 0 0 0 0 0 0 0 0 0 0 0 0 0 0 0 0
0 0 0 0 1 0 0 0 0 0 0 0 0 0 0 0 0 0 0 0 0 0 1 0 0 0 0 0 0 0 0 0 0 0 0 0 0 0 0 0 1 0 0 0 0 0 0 0 0 0 0 0 0 0 0 0 0 0 0 0 0
0 0 0 0 0 0 0 0 0 1 0 1 0 1 0 0 1 0 1 0 1 0 0 0 0 1 0 1 0 1 0 1 0 1 0 1 0 0 1 0 0 1 0 1 0 1 0 1 0 1 0 1 0 0 1 0 0 0 0 0 0
0 0 0 0 1 0 0 0 0 0 0 0 0 0 0 0 0 0 0 0 0 0 0 0 0 0 0 0 0 0 0 0 0 0 0 0 0 0 0 0 0 0 0 0 0 0 0 0 0 0 0 0 0 0 0 1 0 0 0 0 0
0 0 0 0 0 0 0 0 0 1 0 0 1 0 0 1 0 0 1 0 0 1 0 0 1 0 0 1 0 0 0 1 0 0 0 0 0 0 0 0 1 0 0 1 0 0 1 0 0 0 0 0 1 0 0 0 0 0 0 0 0
0 0 0 0 0 0 0 0 0 0 0 0 0 0 0 0 0 0 0 0 0 0 0 0 0 0 0 0 0 0 0 0 0 0 0 0 0 0 0 0 0 0 0 0 0 0 0 0 0 0 0 0 0 0 0 0 0 0 0 0 0
0 0 0 0 0 0 1 0 0 0 0 0 0 0 0 0 0 0 0 1 0 0 0 0 0 0 0 0 0 0 0 0 1 0 0 0 0 0 0 0 0 0 0 0 0 0 0 1 0 0 0 0 0 0 0 0 0 0 0 0 0
0 0 0 0 0 1 0 0 0 0 0 0 0 0 1 0 0 0 0 0 0 1 0 0 0 0 0 0 0 0 0 0 0 0 0 1 0 0 0 0 0 0 0 1 0 0 0 0 0 0 0 1 0 0 0 0 0 0 0 0 0
0 0 0 0 0 0 0 0 0 0 0 0 1 0 0 0 0 0 0 0 0 0 0 0 0 0 0 0 1 0 0 0 0 0 0 0 0 0 0 0 0 0 0 0 0 0 0 0 0 0 0 0 0 0 0 0 0 0 0 0 0
0 0 0 0 0 0 1 0 0 0 0 0 1 0 0 0 1 0 0 0 1 0 0 0 1 0 0 0 0 1 0 0 0 1 0 0 0 1 0 0 0 0 0 0 0 0 0 0 0 0 0 0 0 0 0 0 0 0 0 0 0
0 0 0 0 1 0 0 0 0 0 1 0 0 0 0 0 1 0 0 0 0 0 1 0 0 0 0 0 0 0 0 0 1 0 0 0 0 0 0 0 1 0 0 0 0 0 0 0 1 0 0 0 0 0 1 0 0 0 0 0 0
0 0 0 0 0 0 1 0 0 0 0 0 0 0 0 0 0 0 0 0 0 0 0 0 0 0 0 0 0 0 0 0 0 0 0 0 0 0 0 0 0 0 0 0 0 0 0 0 0 0 0 0 0 0 0 1 0 0 0 0 0
0 0 0 0 0 0 0 0 0 0 0 0 0 0 0 0 0 0 0 0 0 0 0 0 0 0 0 0 0 0 0 0 0 0 0 0 0 0 0 0 0 0 1 0 0 0 0 0 0 0 1 0 0 0 0 0 0 0 0 0 0
0 0 0 0 0 0 1 1 1 1 1 1 0 0 1 1 1 1 1 1 1 1 1 1 1 1 1 1 1 1 1 1 1 1 1 1 1 1 1 1 1 1 1 1 1 1 1 1 1 1 1 1 1 1 1 1 0 0 0 0 0
0 0 0 0 0 0 1 0 1 1 0 0 0 0 1 1 1 0 1 1 1 1 1 1 1 1 1 1 1 1 1 1 1 1 1 1 1 1 1 1 1 1 1 1 1 1 0 1 1 1 1 1 1 1 1 1 0 0 0 0 0
0 0 0 0 0 0 0 0 1 0 0 1 0 0 1 1 1 1 1 1 1 1 1 0 0 1 1 1 0 0 0 1 1 1 1 0 1 1 1 1 1 1 0 0 1 1 0 0 1 1 1 0 1 1 1 1 0 0 0 0 0
0 0 0 0 0 0 0 0 1 0 0 1 0 0 1 0 0 1 1 1 0 0 0 0 0 1 1 1 0 0 1 1 0 0 1 0 0 1 1 1 0 1 0 0 0 1 0 0 1 0 0 0 0 1 1 1 0 0 0 0 0
0 0 0 0 0 0 0 0 1 0 0 1 0 0 0 1 1 1 1 1 1 0 0 0 0 1 1 0 0 0 1 1 0 0 1 0 1 1 1 1 1 1 1 0 0 1 0 0 1 1 1 0 0 1 1 1 0 0 0 0 0
0 0 0 0 0 0 0 0 1 1 0 1 0 0 0 0 0 0 0 1 1 0 0 0 0 1 0 0 1 0 0 1 0 0 0 0 0 1 1 1 0 1 0 0 0 1 0 0 1 0 0 0 0 1 0 0 0 0 0 0 0
0 0 0 0 0 0 0 0 0 0 0 0 0 0 0 0 0 1 0 1 0 0 0 0 0 0 0 0 0 0 0 0 0 0 0 0 0 0 0 0 0 0 0 0 0 0 0 0 0 0 0 0 0 0 0 0 0 0 0 0 0
0 0 0 0 0 0 0 0 0 0 0 0 0 0 0 0 0 0 0 0 0 0 0 0 0 0 0 0 0 0 0 0 0 0 0 0 0 0 0 0 0 0 0 0 0 0 0 0 0 0 0 0 0 0 0 1 0 0 0 0 0

y
0.0 1.3636363636363633 0.0 0.0 0.0 0.3636363636363633 0.0 0.0 0.0 0.1785714285714286 0.0 0.0 17.363636363636363 0.9000000000000004 0.5 0.0 4.800000000000001 0.0 0.0 0.0 0.0 0.0 0.0 1.333333333333333 5.800000000000001 0.0 0.33333333333333304 0.0 5.45 0.0 0.0 0.0 0.5048543689320388 0.0 0.0 1.0 0.0

k
0 8 3 0 0 9 0 0 0 20 0 0 10 4 5 0 3 0 5 0 0 6 0 4 4 0 2 0 19 4 9 19 83 25 37 50 5

f
5.25 26.25 0.0 12.25 5.25 0.0 0.0 1.75 0.0 0.0 0.0 8.75 1.75 0.0 0.0 0.0 0.0 0.0 5.25 0.0 5.25 0.0 0.0 0.0 0.0 0.0 0.0 0.0 0.0 5.25 0.0 0.0 0.0 0.0 0.0 5.25 5.25 0.0 0.0 0.0 0.0 0.0 0.0 0.0 0.0 0.0 0.0 0.0 0.0 0.0 0.0 0.0 0.0 0.0 0.0 0.0 0.0 0.0 0.0 0.0 0.0
0.0 0.0 0.0 0.0 0.0 0.0 0.0 0.0 0.0 0.0 0.0 0.0 0.0 0.0 0.0 0.0 0.0 0.0 0.0 0.0 0.0 0.0 0.0 0.0 0.0 0.0 0.0 0.0 0.0 0.0 0.0 0.0 0.0 0.0 0.0 0.0 0.0 0.0 0.0 0.0 0.0 0.0 0.0 0.0 0.0 0.0 0.0 0.0 0.0 0.0 0.0 0.0 0.0 0.0 0.0 0.0 0.0 0.0 0.0 0.0 0.0
0.0 0.0 0.0 0.0 0.0 0.0 0.0 0.0 0.0 0.0 0.0 0.0 0.0 0.0 0.0 0.0 0.0 0.0 0.0 0.0 0.0 0.0 0.0 0.0 0.0 0.0 0.0 0.0 0.0 0.0 0.0 0.0 0.0 0.0 0.0 0.0 0.0 0.0 0.0 0.0 0.0 0.0 0.0 0.0 0.0 0.0 0.0 0.0 0.0 0.0 0.0 0.0 0.0 0.0 0.0 0.0 0.0 0.0 0.0 0.0 0.0
0.0 20.25 4.25 0.0 0.0 0.0 4.75 6.75 0.75 12.25 1.25 0.75 0.0 11.75 0.0 0.0 0.0 0.25 2.25 0.0 4.75 0.0 0.0 0.0 1.75 5.75 2.25 0.0 0.0 3.75 0.0 1.25 0.75 0.0 0.0 0.0 0.0 0.0 0.0 2.25 0.25 1.25 0.0 7.75 0.0 0.75 0.0 0.75 1.25 0.0 0.0 0.25 0.0 0.0 0.0 0.0 0.0 0.0 0.0 0.0 0.0

L
3 6 4 1 2 5 3 15 39 2 11 10 22 6 9 0 15 18 2 51 3 0 13 7 16 4 6 49 8 1 1 1 1 1 1 2 0

g
0 0 0 0 0 0 0 0 0 0 0 0 0 0 0 0 0 0 0 0 0 0 0 0 0 0 0 0 0 0 0 0 0 0 0 0 0 0 0 0 0 0 0 0 0 0 0 0 0 0 0 0 0 0 0 0 0 0 0 0 0
0 0 0 0 0 0 0 0 0 0 0 0 0 0 0 0 0 0 0 0 0 0 0 0 0 0 0 0 0 0 0 0 0 0 0 0 0 0 0 0 0 0 0 0 0 0 0 0 0 0 0 0 0 0 0 0 0 0 0 0 0
0 0 0 0 0 0 0 0 0 0 0 0 0 0 0 0 0 0 0 0 0 0 0 0 0 0 0 0 0 0 0 0 0 0 0 0 0 0 0 0 0 0 0 0 0 0 0 0 0 0 0 0 0 0 0 0 0 0 0 0 0
0 0 0 0 0 0 0 0 0 0 0 0 0 0 0 0 0 0 0 0 0 0 0 0 0 0 0 0 0 0 0 0 0 0 0 0 0 0 0 0 0 0 0 0 0 0 0 0 0 0 0 0 0 0 0 0 0 0 0 0 0
0 0 0 0 0 0 0 0 0 0 0 0 0 0 0 0 0 0 0 0 0 0 0 0 0 0 0 0 0 0 0 0 0 0 0 0 0 0 0 0 0 0 0 0 0 0 0 0 0 0 0 0 0 0 0 0 0 0 0 0 0
0 0 0 0 0 0 0 0 0 0 0 0 0 0 0 0 0 0 0 0 0 0 0 0 0 0 0 0 0 0 0 0 0 0 0 0 0 0 0 0 0 0 0 0 0 0 0 0 0 0 0 0 0 0 0 0 0 0 0 0 0
0 0 0 0 0 0 0 0 0 0 0 0 0 0 0 0 0 0 0 0 0 0 0 0 0 0 0 0 0 0 0 0 0 0 0 0 0 0 0 0 0 0 0 0 0 0 0 0 0 0 0 0 0 0 0 0 0 0 0 0 0
0 0 0 0 0 0 0 0 0 0 0 0 0 0 0 0 0 0 0 0 0 0 0 0 0 0 0 0 0 0 0 0 0 0 0 0 0 0 0 0 0 0 0 0 0 0 0 0 0 0 0 0 0 0 0 0 0 0 0 0 0
0 0 0 0 0 0 0 0 0 0 0 0 0 0 0 0 0 0 0 0 0 0 0 0 0 0 0 0 0 0 0 0 0 0 0 0 0 0 0 0 0 0 0 0 0 0 0 0 0 0 0 0 0 0 0 0 0 0 0 0 0
0 0 0 0 0 0 0 0 0 0 0 0 0 0 0 0 0 0 0 0 0 0 0 0 0 0 0 0 0 0 0 0 0 0 0 0 0 0 0 0 0 0 0 0 0 0 0 0 0 0 0 0 0 0 0 0 0 0 0 0 0
0 0 0 0 0 0 0 0 0 0 0 0 0 0 0 0 0 0 0 0 0 0 0 0 0 0 0 0 0 0 0 0 0 0 0 0 0 0 0 0 0 0 0 0 0 0 0 0 0 0 0 0 0 0 0 0 0 0 0 0 0
0 0 0 0 0 0 0 0 0 0 0 0 0 0 0 0 0 0 0 0 0 0 0 0 0 0 0 0 0 0 0 0 0 0 0 0 0 0 0 0 0 0 0 0 0 0 0 0 0 0 0 0 0 0 0 0 0 0 0 0 0
0 0 0 0 0 0 0 0 0 0 0 0 0 0 0 0 0 0 0 0 0 0 0 0 0 0 0 0 0 0 0 0 0 0 0 0 0 0 0 0 0 0 0 0 0 0 0 0 0 0 0 0 0 0 0 0 0 0 0 0 0
0 0 0 0 0 0 0 0 0 0 0 0 0 0 0 0 0 0 0 0 0 0 0 0 0 0 0 0 0 0 0 0 0 0 0 0 0 0 0 0 0 0 0 0 0 0 0 0 0 0 0 0 0 0 0 0 0 0 0 0 0
0 0 0 0 0 0 0 0 0 0 0 0 0 0 0 0 0 0 0 0 0 0 0 0 0 0 0 0 0 0 0 0 0 0 0 0 0 0 0 0 0 0 0 0 0 0 0 0 0 0 0 0 0 0 0 0 0 0 0 0 0
0 0 0 0 0 0 0 0 0 0 0 0 0 0 0 0 0 0 0 0 0 0 0 0 0 0 0 0 0 0 0 0 0 0 0 0 0 0 0 0 0 0 0 0 0 0 0 0 0 0 0 0 0 0 0 0 0 0 0 0 0
0 0 0 0 0 0 0 0 0 0 0 0 0 0 0 0 0 0 0 0 0 0 0 0 0 0 0 0 0 0 0 0 0 0 0 0 0 0 0 0 0 0 0 0 0 0 0 0 0 0 0 0 0 0 0 0 0 0 0 0 0
0 0 0 0 0 0 0 0 0 0 0 0 0 0 0 0 0 0 0 0 0 0 0 0 0 0 0 0 0 0 0 0 0 0 0 0 0 0 0 0 0 0 0 0 0 0 0 0 0 0 0 0 0 0 0 0 0 0 0 0 0
0 0 0 0 0 0 0 0 0 0 0 0 0 0 0 0 0 0 0 0 0 0 0 0 0 0 0 0 0 0 0 0 0 0 0 0 0 0 0 0 0 0 0 0 0 0 0 0 0 0 0 0 0 0 0 0 0 0 0 0 0
0 0 0 0 0 0 0 0 0 0 0 0 0 0 0 0 0 0 0 0 0 0 0 0 0 0 0 0 0 0 0 0 0 0 0 0 0 0 0 0 0 0 0 0 0 0 0 0 0 0 0 0 0 0 0 0 0 0 0 0 0
0 0 0 0 0 0 0 0 0 0 0 0 0 0 0 0 0 0 0 0 0 0 0 0 0 0 0 0 0 0 0 0 0 0 0 0 0 0 0 0 0 0 0 0 0 0 0 0 0 0 0 0 0 0 0 0 0 0 0 0 0
0 0 0 0 0 0 0 0 0 0 0 0 0 0 0 0 0 0 0 0 0 0 0 0 0 0 0 0 0 0 0 0 0 0 0 0 0 0 0 0 0 0 0 0 0 0 0 0 0 0 0 0 0 0 0 0 0 0 0 0 0
0 0 0 0 0 0 0 0 0 0 0 0 0 0 0 0 0 0 0 0 0 0 0 0 0 0 0 0 0 0 0 0 0 0 0 0 0 0 0 0 0 0 0 0 0 0 0 0 0 0 0 0 0 0 0 0 0 0 0 0 0
0 0 0 0 0 0 0 0 0 0 0 0 0 0 0 0 0 0 0 0 0 0 0 0 0 0 0 0 0 0 0 0 0 0 0 0 0 0 0 0 0 0 0 0 0 0 0 0 0 0 0 0 0 0 0 0 0 0 0 0 0
0 0 0 0 0 0 0 0 0 0 0 0 0 0 0 0 0 0 0 0 0 0 0 0 0 0 0 0 0 0 0 0 0 0 0 0 0 0 0 0 0 0 0 0 0 0 0 0 0 0 0 0 0 0 0 0 0 0 0 0 0
0 0 0 0 0 0 0 0 0 0 0 0 0 0 0 0 0 0 0 0 0 0 0 0 0 0 0 0 0 0 0 0 0 0 0 0 0 0 0 0 0 0 0 0 0 0 0 0 0 0 0 0 0 0 0 0 0 0 0 0 0
0 0 0 0 0 0 0 0 0 0 0 0 0 0 0 0 0 0 0 0 0 0 0 0 0 0 0 0 0 0 0 0 0 0 0 0 0 0 0 0 0 0 0 0 0 0 0 0 0 0 0 0 0 0 0 0 0 0 0 0 0
0 0 0 0 0 0 0 0 0 0 0 0 0 0 0 0 0 0 0 0 0 0 0 0 0 0 0 0 0 0 0 0 0 0 0 0 0 0 0 0 0 0 0 0 0 0 0 0 0 0 0 0 0 0 0 0 0 0 0 0 0
0 0 0 0 0 0 0 0 0 0 0 0 0 0 0 0 0 0 0 0 0 0 0 0 0 0 0 0 0 0 0 0 0 0 0 0 0 0 0 0 0 0 0 0 0 0 0 0 0 0 0 0 0 0 0 0 0 0 0 0 0
0 0 0 0 0 0 0 0 0 0 0 0 0 0 0 0 0 0 0 0 0 0 0 0 0 0 0 0 0 0 0 0 0 0 0 0 0 0 0 0 0 0 0 0 0 0 0 0 0 0 0 0 0 0 0 0 0 0 0 0 0
0 0 0 0 0 0 0 0 0 0 0 0 0 0 0 0 0 0 0 0 0 0 0 0 0 0 0 0 0 0 0 0 0 0 0 0 0 0 0 0 0 0 0 0 0 0 0 0 0 0 0 0 0 0 0 0 0 0 0 0 0
0 0 0 0 0 0 0 0 0 0 0 0 0 0 0 0 0 0 0 0 0 0 0 0 0 0 0 0 0 0 0 0 0 0 0 0 0 0 0 0 0 0 0 0 0 0 0 0 0 0 0 0 0 0 0 0 0 0 0 0 0
0 0 0 0 0 0 0 0 0 0 0 0 0 0 0 0 0 0 0 0 0 0 0 0 0 0 0 0 0 0 0 0 0 0 0 0 0 0 0 0 0 0 0 0 0 0 0 0 0 0 0 0 0 0 0 0 0 0 0 0 0
0 0 0 0 0 0 0 0 0 0 0 0 0 0 0 0 0 0 0 0 0 0 0 0 0 0 0 0 0 0 0 0 0 0 0 0 0 0 0 0 0 0 0 0 0 0 0 0 0 0 0 0 0 0 0 0 0 0 0 0 0
0 0 0 0 0 0 0 0 0 0 0 0 0 0 0 0 0 0 0 0 0 0 0 0 0 0 0 0 0 0 0 0 0 0 0 0 0 0 0 0 0 0 0 0 0 0 0 0 0 0 0 0 0 0 0 0 0 0 0 0 0
0 0 0 0 0 0 0 0 0 0 0 0 0 0 0 0 0 0 0 0 0 0 0 0 0 0 0 0 0 0 0 0 0 0 0 0 0 0 0 0 0 0 0 0 0 0 0 0 0 0 0 0 0 0 0 0 0 0 0 0 0
0 0 0 0 0 0 0 0 0 0 0 0 0 0 0 0 0 0 0 0 0 0 0 0 0 0 0 0 0 0 0 0 0 0 0 0 0 0 0 0 0 0 0 0 0 0 0 0 0 0 0 0 0 0 0 0 0 0 0 0 0

I cap
1058.909090909091 1058.909090909091 961.0970909090959 961.0970909090906 948.692000000001 822.9249999999857 792.3410000000109 922.4000000000141 324.93799999999953 665.6309999999972 466.32500000000914 460.4300000000027 526.3080000000026 454.6259999999952 604.7929999999955 577.7910909090936 431.30109090909923 657.0210909090852 653.4870909090891 761.597090909087 526.8140909090894 683.2410909090853 616.2090909090928 655.5580909090872 490.714090909089 519.746090909091 525.4460909090874 616.2850909090895 625.6520909090887 672.4110909090875 533.9390909090899 553.6040909090906 657.0400909090897 541.1970909090915 171.44500000000983 161.46100000000467 387.88500000000374 153.3389999999996 474.01399999999137 441.73299999999585 363.2669999999995 493.95099999999684 522.702999999999 763.8319999999987 641.3219999999999 441.3669999999979 653.374999999998 705.9490000000031 634.0159999999978 622.721999999999 692.675999999999 674.2729999999996 892.4289999999941 820.5529999999965 897.4220000000176 967.3590000000104 801.9340909090919 868.624090909091 1025.659090909091 1058.909090909091 1058.909090909091
107.96969696969697 107.96969696969697 104.70169696969677 104.70169696969651 80.218 72.3249999999976 6.858999999999047 43.94999999999909 9.711999999999893 67.46899999999967 52.374999999998934 22.669999999999813 54.39199999999943 50.42399999999968 53.506999999999756 39.037696969696725 37.3276969696968 59.557696969696735 95.39169696969661 72.78169696969664 52.964696969696405 8.637696969696446 31.969696969696173 23.02069696969632 33.96469696969675 3.032696969696552 6.832696969696831 37.59369696969674 49.12669696969705 69.81769696969698 60.089696969696966 12.874696969696949 65.23869696969653 61.381696969696314 61.104999999999706 69.73899999999965 15.664999999999559 1.1109999999998728 15.485999999999901 4.417000000000042 27.582999999999423 5.29899999999988 53.59699999999923 107.66799999999998 99.87800000000001 51.582999999999416 33.87499999999955 46.0509999999997 49.03399999999995 45.72800000000016 45.42400000000008 40.427000000000234 53.52100000000016 20.916999999999938 34.19799999999988 23.155999999999707 40.89969696969643 52.1096969696968 74.71969696969697 107.96969696969697 107.96969696969697
38.96666666666666 38.96666666666666 15.279999999999994 3.238749999999996 16.73208333333333 29.958750000000002 29.258750000000013 38.50000000000001 39.900000000000006 18.616666666666674 10.216666666666667 2.1666666666666705 3.9166666666666705 9.166666666666671 10.91666666666667 18.38333333333334 18.383333333333333 18.383333333333333 11.733333333333333 18.383333333333333 11.733333333333334 6.342083333333333 6.342083333333333 12.992083333333333 12.992083333333333 18.383333333333333 18.383333333333333 11.733333333333333 18.383333333333333 11.733333333333334 32.31666666666666 11.733333333333334 18.383333333333333 11.733333333333334 17.150000000000006 5.6000000000000005 11.55 16.450000000000003 20.65 12.10875 5.175416666666668 7.275416666666677 14.275416666666677 18.966666666666676 22.816666666666677 14.066666666666668 24.91666666666667 23.866666666666667 24.21666666666667 32.90000000000001 42.35000000000001 35.7 31.91666666666668 4.730000000000047 6.829999999999998 30.523333333333333 32.31666666666666 38.96666666666666 38.96666666666666 38.96666666666666 38.96666666666666
45.24545454545453 45.24545454545453 44.64695454545453 44.64695454545456 30.911999999999487 31.920999999999957 26.353999999999846 30.96199999999978 23.51299999999962 24.868999999999716 22.021999999999604 18.251999999999832 26.29499999999979 20.122999999999934 10.264500000000004 25.24795454545415 27.556454545454297 31.061954545454363 31.061954545454334 27.337954545454327 25.67545454545425 26.99595454545427 28.867454545454247 27.527954545454325 28.515954545454225 25.26695454545433 24.06045454545422 26.53995454545441 29.19045454545419 33.01895454545429 26.81545454545422 23.309954545454396 27.280954545454268 29.1239545454542 23.03799999999972 20.832999999999956 17.374999999999954 17.27049999999998 24.003999999999515 36.695999999999714 22.265499999999943 28.957999999999416 34.91899999999967 35.87399999999961 33.36599999999966 28.577999999999665 22.762999999999707 23.503999999999944 26.55349999999977 29.512999999999654 35.14749999999957 38.35849999999962 42.785999999999746 36.32549999999982 28.708000000000073 27.843500000000024 34.918954545454554 37.19895454545454 43.98195454545453 45.24545454545453 45.24545454545453
20.999999999999993 20.999999999999993 20.800499999999992 20.800499999999992 12.154000000000009 20.722000000000584 16.560500000000843 18.06500000000173 9.964000000000366 8.111500000000355 10.899000000000896 14.04350000000046 19.395000000000373 19.357500000000545 10.657500000000203 9.277000000000342 9.011000000000182 14.435500000000195 14.435500000000218 10.949000000000202 7.168000000000241 7.74750000000031 10.265000000000494 10.16050000000049 10.72100000000039 7.43400000000025 6.626500000000133 8.099000000000228 10.360000000000095 11.585500000000149 8.03250000000021 6.275000000000292 8.384000000000173 10.863500000000318 8.773500000000155 10.994000000000401 6.5345000000001345 7.579500000000171 6.762500000000042 4.821000000000041 1.267000000000034 9.904000000000261 9.394000000000148 14.319000000000452 10.170000000000307 6.591500000000288 8.643500000000133 10.974500000000276 16.010000000000545 6.2970000000001765 6.629500000000352 7.909000000000573 9.926000000000192 5.885000000000096 6.829000000000438 5.974000000000178 12.801500000000019 15.65150000000005 20.458499999999994 20.999999999999993 20.999999999999993
345.75757575757575 345.75757575757575 341.96707575757574 341.96707575757574 237.701 258.9355000000002 294.46900000000056 260.8613823529382 284.5325588235308 278.79455882352784 235.83838235294047 215.60505882353 251.3650588235291 259.2958823529405 187.85944117647148 201.79457575757718 235.9185757575764 229.67707575757598 233.47707575757605 221.65907575757683 213.13757575757643 257.7020757575774 282.2321934046349 295.8736345811051 260.8264581105179 226.12351693404705 196.27507575757602 246.17019340463602 270.765134581107 302.8840757575767 213.24095811051828 205.11901693404846 245.20007575757634 240.96307575757513 157.71511764705838 219.9564411764707 210.9949411764695 202.13850000000193 238.41750000000187 235.3775000000018 206.39599999999373 290.959117647059 260.4855588235323 251.75638235294198 292.2144411764713 204.2901176470625 246.1435588235303 286.4758823529422 303.975941176473 306.7220000000007 287.6801176470583 246.14744117647248 295.29894117647143 285.70800000000014 292.8315000000006 266.3176176470591 277.80463458110523 320.1075757575757 345.75757575757575 345.75757575757575 345.75757575757575
779.7575757575758 779.7575757575758 765.5930757575758 765.5930757575758 594.1190000000172 676.8495000000004 788.9080000000001 704.5095000000001 756.6275000000039 772.6110000000007 609.5365 658.3145000000001 798.2845000000016 653.799 620.0200000000001 606.7815757575759 593.2345757575762 582.3665757575767 587.021575757576 641.152575757576 687.2655757575799 670.3080757575909 696.9745757575769 681.9740757575778 588.7220757575762 516.4840757575763 512.6175757575774 611.227575757578 729.9680757575773 648.1635757575772 524.511575757576 574.9470757575764 668.8450757575764 623.2165757575758 429.61650000000003 641.4125000000013 631.9735000000013 603.1145000000024 525.8280000000133 511.10050000000246 461.8810000000004 618.9595000000045 692.6560000000002 642.1215000000014 533.6724999999979 495.1800000000035 551.4375000000018 490.4539999999982 605.8380000000022 514.8325000000007 586.0229999999998 587.6994999999994 565.4805000000019 486.87950000000194 491.9415000000007 434.56500000002774 683.9880757575758 714.1980757575758 765.1370757575758 779.7575757575758 779.7575757575758
80.73333333333335 80.73333333333335 80.13483333333335 80.13483333333335 66.79199999999975 86.52850000000001 77.85349999999998 84.02349999999997 77.13883333333331 83.05216666666665 76.37149999999998 80.70833333333334 92.76266666666668 90.93849999999999 80.61949999999999 69.31116666666667 68.42133333333325 72.15483333333334 72.15483333333329 69.30483333333332 68.53533333333333 69.97299999999987 75.15683333333327 75.12833333333332 77.20883333333332 71.41066666666666 67.81333333333332 72.85149999999999 77.57933333333338 78.8048333333333 72.20866666666663 64.91583333333332 71.14149999999997 75.95483333333331 40.11733333333335 61.97566666666614 68.47883333333294 61.8599999999994 62.667499999999244 65.7115 65.49599999999992 71.06049999999999 72.698 82.96866666666664 84.73299999999999 82.65633333333332 76.42916666666666 75.40199999999999 70.99933333333306 59.351999999999634 61.75549999999971 61.387166666666296 63.3719999999995 56.06933333333333 54.00149999999955 45.42549999999959 69.23200000000001 72.33533333333335 80.01133333333335 80.73333333333335 80.73333333333335
10.775757575757575 10.775757575757575 10.775757575757575 10.775757575757574 6.120000000000015 5.240000000000001 3.5424999999999938 8.102500000000004 5.477500000000005 2.402500000000003 3.8625000000000127 1.99750000000002 3.2799999999999985 5.781499999999993 1.111000000000006 1.2567575757575713 5.047257575757589 1.7222575757575722 2.7672575757575717 4.287257575757579 1.836257575757608 7.11825757575761 7.498257575757602 4.933257575757589 1.7697575757575907 3.2897575757575863 2.7197575757575705 6.130257575757568 3.574757575757569 0.3732575757575738 0.20225757575757797 1.6652575757575887 5.835757575757581 6.215757575757599 2.642999999999999 6.2875 4.817999999999998 3.8780000000000223 0.7175000000000011 3.1024999999999943 3.365499999999995 0.5849999999999964 0.46550000000000136 1.5455000000000048 10.68149999999999 0.17100000000001003 4.569500000000003 12.802999999999987 7.267499999999997 4.195500000000006 1.725499999999996 1.3299999999999912 7.980000000000005 1.2125000000000279 0.27500000000004654 0.4650000000000398 3.3182575757575927 7.878257575757576 9.873257575757576 10.775757575757575 10.775757575757575
2.545454545454545 2.545454545454545 1.946954545454545 1.946954545454545 2.002 0.0035000000000000586 0.6624999999999971 0.01949999999999963 0.7194999999999944 0.9029999999999997 1.4034999999999935 0.602 0.8015 0.0479999999999976 0.13350000000000017 0.9494545454545348 1.0634545454545203 0.04695454545453881 0.0469545454545397 0.0469545454545397 0.046954545454539254 0.8069545454545409 0.46495454545453596 0.6644545454545422 0.09445454545453869 0.32245454545453767 0.8924545454545393 0.7499545454545246 1.2344545454545375 1.4624545454545386 1.2629545454545368 0.20845454545453834 0.6644545454545386 0.4649545454545395 0.20649999999999813 0.8904999999999951 0.9189999999999877 0.2189999999999961 1.6029999999999958 0.0035000000000000586 0.20649999999999769 0.19049999999999812 0.9189999999999922 0.11750000000000005 0.9029999999999988 1.6029999999999966 0.2474999999999944 0.779999999999971 0.4344999999999942 0.17799999999999172 2.432999999999981 1.3179999999999943 1.1469999999999918 2.2334999999999763 1.4034999999999962 0.21599999999999797 0.6454545454545406 0.6454545454545451 2.545454545454545 2.545454545454545 2.545454545454545
8.515433299825174 8.515433299825174 8.515433299825174 8.515433299825174 6.115656798850575 6.405187422413809 5.827903206896561 7.310842077586264 7.731491790229933 6.406282787356356 7.477275525862108 7.326812652299004 7.632877709770197 5.98656793103453 5.756372040229922 5.274800172413834 5.0600722500000455 4.838268974137966 4.649957939655241 4.699480603448349 4.843549952978106 7.023040344827612 7.007776043103499 6.148107020114984 5.063168916666734 4.063072643678228 3.514868793103529 6.979272413793181 6.43590614942538 6.441466206896637 5.8442791379311165 6.097361781609281 5.517982594827657 5.982266244252958 8.923133514367866 9.825237701149435 4.901928850574782 5.032619310344883 4.38603155172418 4.181032586206974 4.677891215517324 3.776602594827665 4.502383571839145 5.460345517241457 5.558345747126497 4.555889137931087 3.2138573563219537 4.380929827586276 4.617190410919633 5.065050870689722 6.242892077586257 5.848813218390864 6.554466091954099 5.5007793103449 7.052430698275923 4.970437439655203 7.751065156147083 8.18784692913552 8.187847092928623 8.515433299825174 8.515433299825174
700.0 700.0 699.05 696.1999999999999 685.75 686.6999999999998 679.0999999999997 685.7499999999999 683.8499999999999 681.9499999999999 684.7999999999998 683.8499999999997 680.0499999999998 680.0499999999997 678.1499999999997 680.9999999999999 681.9499999999997 685.7499999999998 683.8499999999998 683.8499999999999 684.7999999999997 682.8999999999999 680.9999999999999 683.8499999999997 684.8 682.8999999999999 685.7499999999999 684.7999999999997 682.8999999999997 679.0999999999996 678.1499999999997 683.8499999999999 684.7999999999997 685.7499999999998 681.9499999999999 680.9999999999998 686.6999999999998 684.7999999999997 687.6499999999999 684.7999999999998 683.8499999999998 682.8999999999996 682.8999999999997 687.6499999999997 687.6499999999999 678.1499999999996 684.7999999999998 681.9499999999997 683.8499999999999 680.9999999999999 688.5999999999997 685.7499999999997 685.7499999999998 682.8999999999997 678.1499999999999 687.6499999999996 694.2999999999998 694.2999999999998 698.1 700.0 700.0

H cap
-5.25 -26.25 19.25 -12.25 -5.25 5.25 8.75 -1.75 47.25 47.25 22.75 -8.75 -1.75 29.75 47.25 43.75 54.25 26.25 -5.25 5.25 -5.25 36.75 36.75 15.75 22.75 54.25 15.75 5.25 47.25 -5.25 36.75 54.25 1.75 12.25 1.75 -5.25 -5.25 1.75 1.75 15.75 43.75 33.25 15.75 12.25 12.25 1.75 43.75 26.25 36.75 29.75 12.25 5.25 33.25 131.25 131.25 131.25 131.25 131.25 131.25 131.25 131.25
35.0 32.5 40.0 34.5 15.0 9.0 20.0 7.5 23.5 38.0 23.0 13.5 11.5 8.0 10.5 7.0 7.0 19.5 24.5 20.5 16.5 11.0 5.0 9.5 17.5 27.5 13.0 4.0 20.5 22.5 12.0 19.0 19.5 6.5 3.0 2.0 5.5 4.5 5.5 23.5 28.5 7.0 10.0 28.5 15.5 8.0 15.0 20.5 25.5 10.0 6.0 9.5 27.5 52.5 52.5 52.5 52.5 52.5 52.5 52.5 52.5
42.0 35.0 45.5 49.0 49.0 42.0 42.0 38.5 42.0 38.5 35.0 42.0 35.0 42.0 52.5 45.5 45.5 49.0 49.0 49.0 45.5 42.0 45.5 45.5 45.5 45.5 38.5 45.5 52.5 42.0 45.5 45.5 42.0 49.0 45.5 45.5 45.5 42.0 45.5 45.5 49.0 45.5 42.0 45.5 45.5 49.0 49.0 45.5 52.5 49.0 42.0 45.5 52.5 63.0 63.0 63.0 63.0 63.0 63.0 63.0 63.0
8.25 -20.25 -4.25 0.25 25.75 23.75 -4.75 -6.75 -0.75 -12.25 -1.25 -0.75 10.75 -11.75 1.75 0.25 0.25 -0.25 -2.25 23.25 -4.75 1.25 2.75 10.25 -1.75 -5.75 -2.25 1.75 9.25 -3.75 2.75 -1.25 -0.75 2.25 6.25 10.75 0.25 3.25 1.25 -2.25 -0.25 -1.25 3.75 -7.75 3.25 -0.75 0.75 -0.75 -1.25 0.25 9.25 -0.25 18.25 78.75 78.75 78.75 78.75 78.75 78.75 78.75 78.75

Gap
NaN

Time
NaN

