T P M C
61 37 4 12

base obj
12.43983148359416

exp obj
10.927912828381894

Objective struct
12.43983148359416 0.0 6.392156862745097

num campaigns
368

x
0 0 0 0 0 0 0 1 0 0 1 0 0 1 0 0 0 0 0 0 0 0 0 1 0 0 1 0 0 0 1 0 0 1 0 0 1 0 0 1 0 0 1 0 0 0 0 1 0 0 1 0 0 0 1 0 0 0 0 0 0
0 0 0 0 0 0 0 0 0 0 0 0 0 0 0 0 0 0 0 0 0 0 0 0 0 0 0 0 0 0 0 0 0 0 0 1 0 0 0 0 0 0 0 0 0 1 0 0 0 0 0 1 0 0 0 0 0 0 0 0 0
0 0 0 0 0 0 0 0 0 0 1 0 0 0 0 0 0 1 0 0 0 0 0 0 0 1 0 0 0 1 0 0 0 1 0 0 0 0 0 0 1 0 0 0 0 1 0 0 0 1 0 0 0 1 0 0 0 0 0 0 0
0 0 0 0 0 0 0 1 0 0 0 0 1 0 0 1 0 0 1 0 0 1 0 0 0 0 0 1 0 0 0 0 1 0 0 1 0 0 1 0 0 1 0 0 1 0 0 0 0 0 0 0 0 0 0 0 0 0 0 0 0
0 0 0 0 0 0 0 0 1 0 0 1 0 0 1 0 0 1 0 0 1 0 0 1 0 0 1 0 0 1 0 0 1 0 0 1 0 0 1 0 0 0 0 1 0 0 1 0 0 0 0 1 0 0 0 1 0 0 0 0 0
0 0 0 0 0 0 0 0 0 0 0 0 0 0 0 1 0 0 0 0 0 0 0 0 0 0 0 0 0 0 0 0 1 0 0 0 0 0 0 0 0 0 0 0 0 0 0 0 0 0 0 0 0 0 0 0 0 0 0 0 0
0 0 0 0 0 0 1 1 0 1 1 0 1 1 1 1 1 1 0 0 1 0 0 1 0 0 0 0 0 0 0 0 0 0 0 0 0 0 0 0 0 0 0 0 0 0 0 0 0 0 0 0 0 0 0 0 0 0 0 0 0
0 0 0 0 1 0 0 0 0 0 0 0 0 0 0 0 0 0 0 0 0 1 0 0 0 0 0 0 0 0 0 0 0 0 0 0 0 0 1 0 0 0 0 0 0 0 0 0 0 0 0 0 0 0 0 1 0 0 0 0 0
0 0 0 0 0 0 0 0 1 0 0 0 0 0 0 0 0 0 0 0 0 0 0 0 0 0 0 0 0 0 0 0 0 0 0 0 0 0 0 0 0 0 0 0 0 0 0 0 0 1 0 0 0 0 0 0 0 0 0 0 0
0 0 0 0 0 0 0 0 0 0 0 1 0 0 0 0 0 0 0 0 0 0 0 0 0 0 0 0 0 0 0 0 0 0 0 1 0 0 0 0 0 0 1 0 0 0 0 0 0 0 0 0 0 0 0 0 0 0 0 0 0
0 0 0 0 0 0 0 0 1 0 0 0 0 0 0 0 1 0 0 0 0 0 0 0 1 0 0 0 0 0 0 0 1 0 0 0 0 0 0 0 0 0 1 0 0 0 0 0 0 0 0 0 0 0 0 0 0 0 0 0 0
0 0 0 0 1 0 0 0 0 0 0 0 0 0 0 0 0 0 0 0 0 0 0 0 0 1 0 0 0 0 0 0 0 0 0 0 0 0 0 0 1 0 0 0 0 0 0 0 0 0 0 0 1 0 0 0 0 0 0 0 0
0 0 0 0 0 0 0 0 0 0 0 0 0 0 0 0 0 0 0 0 0 0 1 0 0 0 0 0 0 1 0 0 0 0 0 0 0 0 0 0 0 0 0 0 0 0 0 0 0 0 0 0 0 0 0 0 0 0 0 0 0
0 0 0 0 0 1 0 0 0 0 0 0 1 0 0 0 0 0 0 0 1 0 0 0 0 1 0 0 0 0 0 0 0 0 1 0 0 0 0 1 0 0 0 0 0 0 0 0 0 0 1 0 0 0 0 0 0 0 0 0 0
0 0 0 0 0 0 0 0 0 1 0 0 0 0 0 0 0 0 0 0 0 0 0 0 0 0 0 0 0 0 0 0 0 0 0 0 0 0 0 0 0 0 0 0 0 0 0 0 0 0 0 0 0 1 0 0 0 0 0 0 0
0 0 0 0 1 0 0 0 0 0 0 0 0 0 0 0 0 0 0 0 0 0 0 0 0 0 0 0 0 0 0 0 0 0 0 0 0 0 0 0 0 0 0 0 0 0 0 0 0 0 0 0 0 0 0 0 0 0 0 0 0
0 0 0 0 0 0 0 0 0 0 0 0 0 1 0 0 0 0 0 0 0 0 0 0 0 0 0 0 0 1 0 0 0 0 0 0 0 0 0 0 0 1 0 0 0 0 0 0 0 0 0 0 0 0 0 0 0 0 0 0 0
0 0 0 0 1 0 0 0 0 0 0 0 0 0 0 0 0 0 0 0 0 0 0 0 0 0 0 0 1 0 0 0 0 0 0 0 0 0 0 0 0 0 0 0 0 0 0 0 0 0 0 0 1 0 0 0 0 0 0 0 0
0 0 0 0 0 0 0 0 0 0 0 1 0 1 0 1 0 1 0 1 0 1 0 0 1 0 1 0 0 1 0 1 0 1 0 1 0 0 1 0 1 0 0 1 0 1 0 1 0 1 0 1 0 0 1 0 0 0 0 0 0
0 0 0 0 1 0 0 0 0 0 0 0 0 0 0 0 0 0 0 0 0 0 0 0 0 0 0 0 0 0 0 0 0 0 0 0 0 0 0 0 0 0 0 0 0 0 0 0 0 0 0 0 0 0 0 1 0 0 0 0 0
0 0 0 0 0 0 0 0 0 0 0 1 0 0 1 0 0 1 0 0 1 0 0 1 0 0 0 0 0 0 1 0 0 0 0 0 0 1 0 0 1 0 0 1 0 0 1 0 0 1 0 0 0 0 0 1 0 0 0 0 0
0 0 0 0 0 0 0 0 0 0 0 0 0 0 0 0 0 0 0 0 0 0 0 0 0 0 0 0 0 0 0 0 0 0 0 0 0 0 0 0 0 0 0 0 0 0 0 0 0 0 0 0 0 0 0 0 0 0 0 0 0
0 0 0 0 0 0 1 0 0 0 0 0 0 0 0 0 0 0 1 0 0 0 0 0 0 0 0 0 0 0 0 1 0 0 0 0 0 0 0 0 0 0 0 0 0 0 0 0 1 0 0 0 0 0 0 0 0 0 0 0 0
0 0 0 0 0 0 0 0 1 0 0 0 0 0 1 0 0 0 0 0 0 0 1 0 0 0 0 0 1 0 0 0 0 0 0 0 0 1 0 0 0 0 0 0 0 0 0 0 0 0 0 0 1 0 0 0 0 0 0 0 0
0 0 0 0 0 0 0 0 0 0 0 0 0 0 0 0 1 0 0 0 0 0 0 0 0 0 0 1 0 0 0 0 0 0 0 0 0 0 0 0 0 0 0 0 1 0 0 0 0 0 0 0 0 0 0 0 0 0 0 0 0
0 0 0 0 0 0 1 0 0 0 1 0 0 0 1 0 0 0 0 0 0 1 0 0 0 1 0 0 0 0 0 0 0 0 0 0 0 1 0 0 0 1 0 0 0 1 0 0 0 0 0 0 0 0 0 0 0 0 0 0 0
0 0 0 0 0 0 0 0 0 0 0 1 0 0 0 1 0 0 1 0 0 1 0 0 1 0 0 0 0 0 0 1 0 0 1 0 0 1 0 0 0 0 0 0 0 0 0 0 1 0 0 1 0 0 0 0 0 0 0 0 0
0 0 0 0 0 0 1 0 0 0 0 0 0 0 0 0 0 0 0 0 0 0 0 0 0 0 0 0 0 0 0 0 0 0 0 0 0 0 0 0 0 0 0 0 0 0 1 0 0 0 0 0 0 0 0 0 0 0 0 0 0
0 0 0 0 0 0 0 0 0 0 0 0 0 0 0 0 0 0 0 0 0 0 0 0 0 0 0 0 0 0 0 0 0 0 0 0 0 0 0 0 0 0 0 1 0 0 1 0 0 0 0 0 0 0 0 0 0 0 0 0 0
0 0 0 0 0 1 0 0 1 1 1 1 1 1 1 1 1 1 0 0 1 1 1 1 1 1 1 1 1 1 1 1 1 1 1 1 1 1 1 1 1 1 1 1 0 1 1 1 1 1 1 1 1 1 1 1 0 0 0 0 0
0 0 0 0 0 0 0 1 0 0 1 1 1 1 1 1 0 1 0 1 1 1 1 1 1 1 0 0 1 1 1 1 0 1 1 1 1 1 1 1 1 1 1 1 1 1 1 1 1 1 1 1 1 0 0 0 0 0 0 0 0
0 0 0 0 0 1 0 1 1 1 1 1 1 0 1 0 0 1 0 1 1 1 1 1 1 1 0 1 1 0 1 1 1 1 1 1 1 1 1 1 1 1 1 1 1 1 1 1 1 1 1 1 1 0 0 0 0 0 0 0 0
0 0 0 0 0 0 0 0 0 0 0 1 0 0 0 0 0 1 0 1 1 0 0 1 1 1 0 1 1 0 0 0 0 1 1 1 1 1 1 0 1 1 1 1 0 0 1 1 0 1 0 1 0 0 0 0 0 0 0 0 0
0 0 0 0 0 0 0 0 0 1 1 1 1 0 1 0 0 1 1 1 1 1 0 1 1 0 0 1 1 0 1 0 0 1 1 1 1 1 1 0 1 1 1 1 0 1 1 1 0 1 0 1 0 0 0 0 0 0 0 0 0
0 0 0 0 0 1 0 0 0 0 0 1 0 0 0 0 0 1 0 0 0 1 0 1 1 1 0 1 1 0 0 0 0 1 0 0 0 0 0 0 0 1 0 0 0 1 0 0 1 1 0 1 0 0 0 0 0 0 0 0 0
0 0 0 0 0 0 0 0 0 0 0 0 0 0 0 1 0 1 0 0 0 0 0 0 0 0 0 0 0 0 0 0 0 0 0 0 0 0 0 0 0 0 0 0 0 0 0 0 0 0 0 0 0 0 0 0 0 0 0 0 0
0 0 0 0 0 0 0 0 0 0 0 0 0 0 0 0 0 0 0 1 0 0 0 0 0 0 0 0 0 0 0 0 0 0 0 0 0 0 0 0 0 0 0 0 0 0 0 0 0 0 0 0 0 0 0 1 0 0 0 0 0

y
0.0 1.3636363636363633 0.0 0.0 0.0 12.363636363636363 0.0 0.0 0.0 5.178571428571429 0.0 0.0 2.3636363636363633 0.0 35.5 0.0 1.8000000000000007 0.0 0.0 0.0 0.0 0.0 0.0 0.33333333333333304 0.8000000000000007 0.0 0.0 0.0 0.4500000000000002 0.0 0.0 0.0 0.5048543689320388 0.0 0.0 1.0 25.8

k
0 9 4 0 2 10 0 0 0 26 0 0 10 4 5 0 3 0 5 0 0 6 0 4 3 0 0 0 19 6 13 11 81 22 37 50 4

f
12.25 12.25 0.0 22.75 8.75 0.0 5.25 1.75 0.0 0.0 0.0 0.0 0.0 0.0 0.0 0.0 0.0 0.0 0.0 0.0 0.0 0.0 0.0 0.0 0.0 0.0 0.0 0.0 0.0 8.75 0.0 0.0 0.0 0.0 0.0 5.25 0.0 0.0 0.0 0.0 0.0 0.0 0.0 0.0 0.0 0.0 0.0 0.0 0.0 0.0 0.0 15.75 0.0 0.0 0.0 0.0 0.0 0.0 0.0 0.0 0.0
0.0 0.0 0.0 0.0 0.0 0.0 0.0 0.0 0.0 0.0 0.0 0.0 0.0 0.0 0.0 0.0 0.0 0.0 0.0 0.0 0.0 0.0 0.0 0.0 0.0 0.0 0.0 0.0 0.0 0.0 0.0 0.0 0.0 0.0 0.0 0.0 0.0 0.0 0.0 0.0 0.0 0.0 0.0 0.0 0.0 0.0 0.0 0.0 0.0 0.0 0.0 0.0 0.0 0.0 0.0 0.0 0.0 0.0 0.0 0.0 0.0
0.0 0.0 0.0 0.0 0.0 0.0 0.0 0.0 0.0 0.0 0.0 0.0 0.0 0.0 0.0 0.0 0.0 0.0 0.0 0.0 0.0 0.0 0.0 0.0 0.0 0.0 0.0 0.0 0.0 0.0 0.0 0.0 0.0 0.0 0.0 0.0 0.0 0.0 0.0 0.0 0.0 0.0 0.0 0.0 0.0 0.0 0.0 0.0 0.0 0.0 0.0 0.0 0.0 0.0 0.0 0.0 0.0 0.0 0.0 0.0 0.0
0.0 1.75 0.0 0.0 0.0 0.0 5.75 1.25 0.0 0.75 9.25 4.75 8.25 0.0 0.0 8.25 0.0 0.0 1.25 0.0 0.0 0.0 3.25 1.75 9.75 8.25 2.75 0.25 3.25 0.75 2.25 0.0 0.0 0.0 0.0 0.0 2.25 0.0 0.25 0.0 2.25 3.75 0.0 0.0 0.25 0.0 0.0 0.75 0.0 10.25 0.0 5.25 0.0 0.0 0.0 0.0 0.0 0.0 0.0 0.0 0.0

L
3 6 4 3 3 17 1 17 41 7 8 12 7 5 44 0 12 24 2 51 3 0 12 6 11 4 3 40 3 1 1 1 1 1 1 2 36

g
0 0 0 0 0 0 0 0 0 0 0 0 0 0 0 0 0 0 0 0 0 0 0 0 0 0 0 0 0 0 0 0 0 0 0 0 0 0 0 0 0 0 0 0 0 0 0 0 0 0 0 0 0 0 0 0 0 0 0 0 0
0 0 0 0 0 0 0 0 0 0 0 0 0 0 0 0 0 0 0 0 0 0 0 0 0 0 0 0 0 0 0 0 0 0 0 0 0 0 0 0 0 0 0 0 0 0 0 0 0 0 0 0 0 0 0 0 0 0 0 0 0
0 0 0 0 0 0 0 0 0 0 0 0 0 0 0 0 0 0 0 0 0 0 0 0 0 0 0 0 0 0 0 0 0 0 0 0 0 0 0 0 0 0 0 0 0 0 0 0 0 0 0 0 0 0 0 0 0 0 0 0 0
0 0 0 0 0 0 0 0 0 0 0 0 0 0 0 0 0 0 0 0 0 0 0 0 0 0 0 0 0 0 0 0 0 0 0 0 0 0 0 0 0 0 0 0 0 0 0 0 0 0 0 0 0 0 0 0 0 0 0 0 0
0 0 0 0 0 0 0 0 0 0 0 0 0 0 0 0 0 0 0 0 0 0 0 0 0 0 0 0 0 0 0 0 0 0 0 0 0 0 0 0 0 0 0 0 0 0 0 0 0 0 0 0 0 0 0 0 0 0 0 0 0
0 0 0 0 0 0 0 0 0 0 0 0 0 0 0 0 0 0 0 0 0 0 0 0 0 0 0 0 0 0 0 0 0 0 0 0 0 0 0 0 0 0 0 0 0 0 0 0 0 0 0 0 0 0 0 0 0 0 0 0 0
0 0 0 0 0 0 0 0 0 0 0 0 0 0 0 0 0 0 0 0 0 0 0 0 0 0 0 0 0 0 0 0 0 0 0 0 0 0 0 0 0 0 0 0 0 0 0 0 0 0 0 0 0 0 0 0 0 0 0 0 0
0 0 0 0 0 0 0 0 0 0 0 0 0 0 0 0 0 0 0 0 0 0 0 0 0 0 0 0 0 0 0 0 0 0 0 0 0 0 0 0 0 0 0 0 0 0 0 0 0 0 0 0 0 0 0 0 0 0 0 0 0
0 0 0 0 0 0 0 0 0 0 0 0 0 0 0 0 0 0 0 0 0 0 0 0 0 0 0 0 0 0 0 0 0 0 0 0 0 0 0 0 0 0 0 0 0 0 0 0 0 0 0 0 0 0 0 0 0 0 0 0 0
0 0 0 0 0 0 0 0 0 0 0 0 0 0 0 0 0 0 0 0 0 0 0 0 0 0 0 0 0 0 0 0 0 0 0 0 0 0 0 0 0 0 0 0 0 0 0 0 0 0 0 0 0 0 0 0 0 0 0 0 0
0 0 0 0 0 0 0 0 0 0 0 0 0 0 0 0 0 0 0 0 0 0 0 0 0 0 0 0 0 0 0 0 0 0 0 0 0 0 0 0 0 0 0 0 0 0 0 0 0 0 0 0 0 0 0 0 0 0 0 0 0
0 0 0 0 0 0 0 0 0 0 0 0 0 0 0 0 0 0 0 0 0 0 0 0 0 0 0 0 0 0 0 0 0 0 0 0 0 0 0 0 0 0 0 0 0 0 0 0 0 0 0 0 0 0 0 0 0 0 0 0 0
0 0 0 0 0 0 0 0 0 0 0 0 0 0 0 0 0 0 0 0 0 0 0 0 0 0 0 0 0 0 0 0 0 0 0 0 0 0 0 0 0 0 0 0 0 0 0 0 0 0 0 0 0 0 0 0 0 0 0 0 0
0 0 0 0 0 0 0 0 0 0 0 0 0 0 0 0 0 0 0 0 0 0 0 0 0 0 0 0 0 0 0 0 0 0 0 0 0 0 0 0 0 0 0 0 0 0 0 0 0 0 0 0 0 0 0 0 0 0 0 0 0
0 0 0 0 0 0 0 0 0 0 0 0 0 0 0 0 0 0 0 0 0 0 0 0 0 0 0 0 0 0 0 0 0 0 0 0 0 0 0 0 0 0 0 0 0 0 0 0 0 0 0 0 0 0 0 0 0 0 0 0 0
0 0 0 0 0 0 0 0 0 0 0 0 0 0 0 0 0 0 0 0 0 0 0 0 0 0 0 0 0 0 0 0 0 0 0 0 0 0 0 0 0 0 0 0 0 0 0 0 0 0 0 0 0 0 0 0 0 0 0 0 0
0 0 0 0 0 0 0 0 0 0 0 0 0 0 0 0 0 0 0 0 0 0 0 0 0 0 0 0 0 0 0 0 0 0 0 0 0 0 0 0 0 0 0 0 0 0 0 0 0 0 0 0 0 0 0 0 0 0 0 0 0
0 0 0 0 0 0 0 0 0 0 0 0 0 0 0 0 0 0 0 0 0 0 0 0 0 0 0 0 0 0 0 0 0 0 0 0 0 0 0 0 0 0 0 0 0 0 0 0 0 0 0 0 0 0 0 0 0 0 0 0 0
0 0 0 0 0 0 0 0 0 0 0 0 0 0 0 0 0 0 0 0 0 0 0 0 0 0 0 0 0 0 0 0 0 0 0 0 0 0 0 0 0 0 0 0 0 0 0 0 0 0 0 0 0 0 0 0 0 0 0 0 0
0 0 0 0 0 0 0 0 0 0 0 0 0 0 0 0 0 0 0 0 0 0 0 0 0 0 0 0 0 0 0 0 0 0 0 0 0 0 0 0 0 0 0 0 0 0 0 0 0 0 0 0 0 0 0 0 0 0 0 0 0
0 0 0 0 0 0 0 0 0 0 0 0 0 0 0 0 0 0 0 0 0 0 0 0 0 0 0 0 0 0 0 0 0 0 0 0 0 0 0 0 0 0 0 0 0 0 0 0 0 0 0 0 0 0 0 0 0 0 0 0 0
0 0 0 0 0 0 0 0 0 0 0 0 0 0 0 0 0 0 0 0 0 0 0 0 0 0 0 0 0 0 0 0 0 0 0 0 0 0 0 0 0 0 0 0 0 0 0 0 0 0 0 0 0 0 0 0 0 0 0 0 0
0 0 0 0 0 0 0 0 0 0 0 0 0 0 0 0 0 0 0 0 0 0 0 0 0 0 0 0 0 0 0 0 0 0 0 0 0 0 0 0 0 0 0 0 0 0 0 0 0 0 0 0 0 0 0 0 0 0 0 0 0
0 0 0 0 0 0 0 0 0 0 0 0 0 0 0 0 0 0 0 0 0 0 0 0 0 0 0 0 0 0 0 0 0 0 0 0 0 0 0 0 0 0 0 0 0 0 0 0 0 0 0 0 0 0 0 0 0 0 0 0 0
0 0 0 0 0 0 0 0 0 0 0 0 0 0 0 0 0 0 0 0 0 0 0 0 0 0 0 0 0 0 0 0 0 0 0 0 0 0 0 0 0 0 0 0 0 0 0 0 0 0 0 0 0 0 0 0 0 0 0 0 0
0 0 0 0 0 0 0 0 0 0 0 0 0 0 0 0 0 0 0 0 0 0 0 0 0 0 0 0 0 0 0 0 0 0 0 0 0 0 0 0 0 0 0 0 0 0 0 0 0 0 0 0 0 0 0 0 0 0 0 0 0
0 0 0 0 0 0 0 0 0 0 0 0 0 0 0 0 0 0 0 0 0 0 0 0 0 0 0 0 0 0 0 0 0 0 0 0 0 0 0 0 0 0 0 0 0 0 0 0 0 0 0 0 0 0 0 0 0 0 0 0 0
0 0 0 0 0 0 0 0 0 0 0 0 0 0 0 0 0 0 0 0 0 0 0 0 0 0 0 0 0 0 0 0 0 0 0 0 0 0 0 0 0 0 0 0 0 0 0 0 0 0 0 0 0 0 0 0 0 0 0 0 0
0 0 0 0 0 0 0 0 0 0 0 0 0 0 0 0 0 0 0 0 0 0 0 0 0 0 0 0 0 0 0 0 0 0 0 0 0 0 0 0 0 0 0 0 0 0 0 0 0 0 0 0 0 0 0 0 0 0 0 0 0
0 0 0 0 0 0 0 0 0 0 0 0 0 0 0 0 0 0 0 0 0 0 0 0 0 0 0 0 0 0 0 0 0 0 0 0 0 0 0 0 0 0 0 0 0 0 0 0 0 0 0 0 0 0 0 0 0 0 0 0 0
0 0 0 0 0 0 0 0 0 0 0 0 0 0 0 0 0 0 0 0 0 0 0 0 0 0 0 0 0 0 0 0 0 0 0 0 0 0 0 0 0 0 0 0 0 0 0 0 0 0 0 0 0 0 0 0 0 0 0 0 0
0 0 0 0 0 0 0 0 0 0 0 0 0 0 0 0 0 0 0 0 0 0 0 0 0 0 0 0 0 0 0 0 0 0 0 0 0 0 0 0 0 0 0 0 0 0 0 0 0 0 0 0 0 0 0 0 0 0 0 0 0
0 0 0 0 0 0 0 0 0 0 0 0 0 0 0 0 0 0 0 0 0 0 0 0 0 0 0 0 0 0 0 0 0 0 0 0 0 0 0 0 0 0 0 0 0 0 0 0 0 0 0 0 0 0 0 0 0 0 0 0 0
0 0 0 0 0 0 0 0 0 0 0 0 0 0 0 0 0 0 0 0 0 0 0 0 0 0 0 0 0 0 0 0 0 0 0 0 0 0 0 0 0 0 0 0 0 0 0 0 0 0 0 0 0 0 0 0 0 0 0 0 0
0 0 0 0 0 0 0 0 0 0 0 0 0 0 0 0 0 0 0 0 0 0 0 0 0 0 0 0 0 0 0 0 0 0 0 0 0 0 0 0 0 0 0 0 0 0 0 0 0 0 0 0 0 0 0 0 0 0 0 0 0
0 0 0 0 0 0 0 0 0 0 0 0 0 0 0 0 0 0 0 0 0 0 0 0 0 0 0 0 0 0 0 0 0 0 0 0 0 0 0 0 0 0 0 0 0 0 0 0 0 0 0 0 0 0 0 0 0 0 0 0 0
0 0 0 0 0 0 0 0 0 0 0 0 0 0 0 0 0 0 0 0 0 0 0 0 0 0 0 0 0 0 0 0 0 0 0 0 0 0 0 0 0 0 0 0 0 0 0 0 0 0 0 0 0 0 0 0 0 0 0 0 0

I cap
1058.909090909091 1058.909090909091 1004.3790909091027 962.484090909099 1152.4100000000062 1053.3570000000022 882.8950000000083 760.4250000000268 555.0849999999906 746.6279999999961 483.8430000000086 407.1350000000143 291.94299999999606 725.8129999999971 755.0450000000093 346.27609090909294 593.048090909088 727.6250909090877 625.0060909090935 738.0940909090936 738.0370909090868 391.6670909090793 673.2470909090868 562.914090909092 636.7290909090926 562.4200909090889 559.6840909090928 520.8860909090897 832.695090909089 742.1600909090928 748.126090909088 598.8240909090914 499.6060909090893 653.4870909090909 156.283000000007 48.46800000001328 414.8649999999891 355.5749999999971 383.5359999999996 533.2749999999971 532.9750000000026 350.78600000000074 512.3099999999953 635.7719999999966 620.1179999999979 406.80599999999583 618.6429999999957 690.5020000000022 679.9199999999984 758.3059999999984 626.6699999999998 501.01200000000085 729.0859999999989 705.6599999999869 993.5620000000473 941.9370000000556 725.8010909090908 782.5920909090909 1025.659090909091 1058.909090909091 1058.909090909091
107.96969696969697 107.96969696969697 72.81969696969693 71.96469696969658 39.899999999999906 64.19299999999825 54.05499999999916 35.874999999999105 44.6149999999999 80.52200000000008 60.50699999999975 57.91499999999978 36.056999999999874 81.33699999999874 100.85499999999972 64.40269696969689 60.83069696969716 63.05369696969703 48.82269696969695 43.93969696969692 45.89669696969707 11.316696969697013 40.48169696969696 26.36469696969666 15.249696969696856 13.558696969696705 33.39469696969569 49.39269696969693 101.43369696969648 74.16869696969684 67.25269696969676 66.45469696969634 49.77269696969684 62.14169696969663 33.51699999999986 30.731999999999914 18.134999999999764 36.37499999999984 5.263999999999754 40.17499999999999 17.474999999999525 2.1639999999985804 2.2399999999988545 47.62799999999952 65.03199999999978 77.59399999999978 76.20699999999941 89.99799999999912 85.7799999999998 65.94399999999959 81.97999999999941 83.53799999999963 34.4639999999996 22.760000000000005 25.4579999999997 33.377999999999915 50.53269696969685 51.6916969696969 74.71969696969697 107.96969696969697 107.96969696969697
38.96666666666666 38.96666666666666 15.279999999999994 3.238749999999996 16.73208333333332 29.958750000000002 29.25875 38.50000000000001 39.900000000000006 39.2 30.799999999999997 8.816666666666668 3.9166666666666696 9.16666666666667 10.916666666666671 11.733333333333334 18.38333333333334 11.733333333333334 18.38333333333334 11.733333333333333 18.383333333333333 11.733333333333334 18.383333333333333 18.383333333333333 18.383333333333333 18.383333333333333 25.666666666666664 20.275416666666665 20.275416666666665 20.275416666666665 6.342083333333333 11.733333333333334 18.383333333333333 25.666666666666664 17.150000000000006 5.6000000000000005 11.55 2.516666666666671 6.716666666666668 10.216666666666669 10.56666666666667 19.316666666666677 26.316666666666677 25.616666666666674 22.816666666666677 14.06666666666667 24.91666666666667 23.86666666666666 24.21666666666667 18.966666666666676 28.41666666666668 9.725416666666689 33.80874999999999 6.62208333333335 8.722083333333316 16.590000000000003 18.383333333333333 25.03333333333333 38.96666666666666 38.96666666666666 38.96666666666666
45.24545454545453 45.24545454545453 43.848954545454525 43.848954545454575 26.68449999999824 35.31249999999994 40.964999999999776 33.64099999999958 26.106499999999816 30.435999999999613 26.619999999999923 16.4469999999998 11.208999999999829 20.01849999999963 20.09699999999998 26.919954545454154 29.84595454545431 32.91445454545419 36.04945454545436 26.083954545454397 23.613954545454344 20.90645454545459 29.31395454545434 28.990954545454404 29.788954545454114 25.713454545454255 25.13395454545436 25.96995454545423 32.7434545454543 29.209454545454435 28.677454545454186 27.869954545454252 25.1814545454543 25.865454545454334 22.154499999999906 12.47300000000001 17.422499999999705 22.238999999999976 23.272499999999436 39.621999999999645 23.851999999999947 26.554499999999564 34.05449999999945 38.17299999999966 38.4009999999998 32.14049999999942 27.88349999999978 28.491500000000006 28.263499999999734 30.64349999999954 34.3684999999995 37.50349999999973 41.42749999999984 35.17599999999986 30.37049999999999 30.921500000000012 36.600454545454504 36.60045454545452 43.98195454545453 45.24545454545453 45.24545454545453
20.999999999999993 20.999999999999993 20.40149999999999 20.40149999999999 12.971000000000037 22.213500000000437 20.446000000000918 16.54500000000141 15.86350000000014 16.120000000000168 17.045500000000843 12.837000000000815 7.43450000000005 15.519500000000749 10.819000000000305 8.089500000000127 13.82750000000006 11.813500000000102 12.07000000000011 9.923000000000103 12.136500000000018 6.636000000000159 10.98700000000011 10.920500000000366 10.778000000000258 8.21300000000036 10.521500000000506 11.93700000000056 17.086000000000325 11.69000000000029 8.327000000000195 8.773500000000356 10.740000000000332 11.015500000000191 10.369500000000315 7.811500000000621 8.795500000000102 10.021000000000264 7.636500000000274 8.621000000000036 1.2480000000000113 4.916500000000522 6.677000000000179 13.426000000000544 9.638000000000604 8.140000000000247 7.693500000000064 9.673000000000329 13.834500000000569 7.684000000000065 7.1615000000001405 8.74500000000042 10.05900000000018 8.535500000000058 12.272500000000422 14.486000000000303 18.301999999999992 18.302000000000017 20.458499999999994 20.999999999999993 20.999999999999993
345.75757575757575 345.75757575757575 345.75757575757575 307.75757575757575 180.2058823529412 232.23155882352967 243.1874411764719 223.4889411764721 224.61550000000082 222.0789999999998 196.6139999999996 160.09600000000003 206.44011764705928 229.00094117646555 232.93805882353024 266.2716345811061 290.72295811051737 296.4531345811067 267.08751693404804 239.50901693404737 224.15757575757695 224.07207575757678 233.7145757575769 228.12857575757798 238.63557575757656 266.519193404636 254.53801693404424 273.78501693404826 293.47069340463406 240.66801693404696 199.99851693404773 194.53657575757518 235.95657575757727 233.96157575757485 134.61949999999962 148.39350000000022 168.1885 224.43499999999847 219.19900000000155 224.20550000000077 223.15399999999156 268.8134999999997 199.7325000000038 182.22699999999708 212.0065000000039 255.3800000000035 241.33599999999862 214.04900000000043 325.1805000000008 309.46750000000065 278.6444999999991 270.39200000000034 304.4776176470599 344.0290588235306 400.62800000000107 334.75450000000046 304.53707575757574 316.3170757575757 345.75757575757575 345.75757575757575 345.75757575757575
779.7575757575758 779.7575757575758 763.5980757575758 730.9180757575758 584.9800000000205 704.5704999999998 821.8255000000005 731.157 845.652 840.1085000000004 663.2970000000001 689.9685000000001 720.679 809.6655000000001 815.7580000000002 628.2040757575771 633.514575757577 615.2935757575777 557.4480757575761 501.9775757575793 625.8005757575909 636.4215757575857 622.9695757575762 552.5270757575768 562.5400757575768 588.6270757575757 561.7705757575756 516.5030757575759 693.2410757575756 664.9025757575763 630.0945757575765 636.8680757575762 548.4040757575773 507.43057575757615 330.4175000000002 417.8110000000012 592.0165000000096 644.5725000000047 602.6070000000041 552.7675000000022 450.3859999999971 454.1725000000009 515.2340000000007 596.6734999999998 571.1405000000002 530.035500000002 465.75700000000165 534.9234999999986 588.9470000000027 511.327000000003 519.0100000000011 556.1690000000008 630.5935000000093 602.6940000000059 653.6790000000017 525.5655000000143 685.6030757575758 700.0335757575758 765.1370757575758 779.7575757575758 779.7575757575758
80.73333333333335 80.73333333333335 79.93533333333335 79.93533333333335 64.78749999999951 86.1865 80.55149999999999 83.425 81.82549999999998 84.89833333333331 70.88999999999999 78.28899999999997 85.378 92.87016666666663 84.62533333333332 70.9515 77.28483333333331 73.09216666666666 68.45933333333333 63.110833333333254 64.35533333333318 61.81883333333248 74.90349999999994 74.26066666666632 70.63483333333333 70.37199999999997 73.5608333333333 69.38716666666669 71.55633333333336 73.19350000000003 72.66466666666662 72.99399999999994 73.45633333333329 71.03066666666665 35.00950000000002 54.742999999999086 66.99999999999955 66.12549999999932 64.3869999999994 73.1721666666666 67.29783333333317 65.84499999999998 69.02149999999999 78.86149999999998 84.22316666666667 85.11683333333332 75.82749999999999 71.21249999999999 69.59016666666642 64.66883333333308 65.94816666666642 62.69183333333266 60.84816666666662 60.61349999999926 60.52799999999962 53.1014999999998 71.73683333333335 71.73683333333335 80.01133333333335 80.73333333333335 80.73333333333335
10.775757575757575 10.775757575757575 9.778257575757575 4.458257575757574 0.46750000000002423 0.7749999999999987 2.4499999999999993 4.749000000000002 6.351500000000009 4.6065000000000005 6.3515000000000015 1.7315000000000067 0.040500000000001535 1.2214999999999971 1.1109999999999989 2.425257575757582 6.215757575757585 3.175757575757581 5.835757575757594 3.3182575757575994 3.318257575757594 2.2732575757576248 2.558257575757626 2.178257575757602 1.8932575757575854 0.5157575757575801 3.55575757575757 7.735757575757563 5.0757575757575735 4.097257575757592 0.686757575757591 2.425257575757582 6.215757575757599 3.175757575757588 2.262999999999998 1.7275000000000036 0.25800000000001344 4.638000000000035 1.8575000000000077 4.242499999999995 9.502499999999996 1.839000000000004 0.5510000000000055 2.7995000000000054 1.533000000000005 9.5475 5.02550000000001 1.5455000000000083 7.980000000000015 1.6400000000000103 3.483000000000035 3.819000000000028 2.146999999999999 1.3645000000000245 6.75400000000001 4.56900000000002 4.638757575757587 7.878257575757572 9.873257575757576 10.775757575757575 10.775757575757575
2.545454545454545 2.545454545454545 2.545454545454545 2.545454545454545 1.8594999999999997 0.11750000000000005 1.5174999999999976 0.4469999999999996 0.03549999999999853 0.10499999999999932 0.7194999999999936 0.0035000000000000586 0.20300000000000007 0.7035000000000001 1.3019999999999996 0.046954545454539254 0.04695454545454458 0.6454545454545433 0.6454545454545411 0.6454545454545406 0.6454545454545424 0.04695454545454325 0.8924545454545433 0.322454545454543 0.0944545454545409 0.40795454545453735 0.46495454545453696 1.0634545454545186 1.348454545454536 0.2939545454545418 0.3224545454545288 0.09445454545453069 1.3484545454545414 1.1489545454545405 0.2064999999999959 0.8904999999999941 0.9189999999999643 0.21899999999999603 1.6029999999999953 0.0035000000000000586 0.46299999999999975 0.21899999999999964 0.7194999999999939 0.602 0.30449999999999977 0.8904999999999986 1.0169999999999977 2.9174999999999813 0.548499999999999 0.2349999999999901 0.8084999999999841 0.6054999999999936 0.1779999999999975 1.834499999999994 1.3179999999999943 0.10199999999999987 0.04695454545454192 0.04695454545453126 2.545454545454545 2.545454545454545 2.545454545454545
8.515433299825174 8.515433299825174 8.515433299825174 8.515433299825174 6.584881100574715 6.883003678160926 7.2780183132184035 7.812278859195514 8.14479638793112 6.767719568965639 7.156241206896574 6.876065525862244 7.1687972500001464 6.390906847701201 6.626113419540273 6.061552882183952 6.124727422413845 6.186602307471306 5.189383227011527 5.689020669540271 5.662515306426402 6.1991608706897185 5.9431208706897 5.115664491379386 4.648772364942593 4.363359836206949 4.30489736494259 6.344847126436922 6.558205000000067 7.003822528735702 7.362095229885168 7.544200698275935 5.108499836206964 4.426231761494324 7.6946852385057785 9.36115707758621 4.137560870689736 5.933481215517298 5.20499690517245 4.9999979396552305 4.2684086206897245 4.4481544827586825 3.7205446551724775 4.593104137931114 5.110874482758675 4.867096034482807 3.226414663793207 4.130326215517311 4.52437415517252 4.29358535344836 6.175736905172467 4.7836119051724815 6.51078776724144 6.742876847701201 8.367689482758609 5.707506732758631 7.041295368790722 7.860260886032071 8.187847092928623 8.515433299825174 8.515433299825174
700.0 700.0 699.05 695.2499999999999 690.5 691.4499999999999 684.7999999999997 685.75 683.8499999999998 682.8999999999999 681.9499999999998 684.8000000000001 683.8499999999997 683.8499999999996 680.9999999999999 680.9999999999999 681.9499999999996 681.9499999999997 678.1499999999999 688.5999999999997 681.9499999999998 684.7999999999998 682.8999999999997 684.7999999999998 687.6499999999999 681.9499999999997 685.7499999999998 680.0499999999998 685.7499999999999 681.9499999999998 680.9999999999999 683.8499999999999 684.7999999999998 683.8499999999998 681.9499999999998 683.8499999999998 688.5999999999997 680.9999999999999 684.7999999999998 680.9999999999998 685.7499999999998 682.8999999999999 686.6999999999998 686.6999999999999 681.9499999999997 683.8499999999998 680.9999999999999 687.6499999999996 686.6999999999998 685.7499999999999 682.8999999999999 684.7999999999997 684.7999999999997 685.7499999999997 685.7499999999999 683.8499999999999 691.4499999999998 692.3999999999997 698.1 700.0 700.0

H cap
-12.25 -12.25 50.75 -22.75 -8.75 1.75 -5.25 -1.75 50.75 26.25 5.25 5.25 15.75 47.25 15.75 57.75 89.25 8.75 29.75 36.75 8.75 71.75 36.75 36.75 64.75 43.75 26.25 5.25 1.75 -8.75 40.25 36.75 1.75 40.25 8.75 -5.25 36.75 68.25 36.75 15.75 68.25 54.25 8.75 1.75 15.75 12.25 12.25 5.25 1.75 12.25 5.25 -15.75 47.25 131.25 131.25 131.25 131.25 131.25 131.25 131.25 131.25
42.5 28.5 36.5 35.0 24.0 23.5 15.0 3.0 3.0 13.0 18.5 18.0 27.0 18.0 16.5 27.0 11.5 3.0 13.0 11.5 2.5 5.0 18.0 25.0 17.0 14.0 15.0 23.5 26.0 12.5 4.0 2.0 5.0 14.5 10.0 9.0 14.0 7.5 0.0 3.5 22.0 23.5 10.0 10.5 17.5 14.0 10.0 7.5 15.5 31.0 34.0 29.5 37.5 52.5 52.5 52.5 52.5 52.5 52.5 52.5 52.5
49.0 49.0 56.0 49.0 42.0 45.5 49.0 38.5 45.5 49.0 42.0 42.0 49.0 49.0 42.0 45.5 52.5 42.0 38.5 49.0 45.5 45.5 45.5 49.0 52.5 38.5 42.0 49.0 42.0 42.0 49.0 42.0 42.0 49.0 38.5 45.5 52.5 45.5 42.0 42.0 49.0 45.5 42.0 49.0 49.0 45.5 49.0 45.5 42.0 49.0 49.0 42.0 49.0 63.0 63.0 63.0 63.0 63.0 63.0 63.0 63.0
22.75 -1.75 14.25 7.25 9.75 1.75 -5.75 -1.25 11.75 -0.75 -9.25 -4.75 -8.25 4.25 1.25 -8.25 4.75 5.25 -1.25 0.25 18.25 3.25 -3.25 -1.75 -9.75 -8.25 -2.75 -0.25 -3.25 -0.75 -2.25 5.75 11.75 1.75 2.75 2.75 -2.25 7.75 -0.25 2.75 -2.25 -3.75 9.25 12.25 -0.25 0.75 0.25 -0.75 3.75 -10.25 5.75 -5.25 21.25 78.75 78.75 78.75 78.75 78.75 78.75 78.75 78.75

Gap
NaN

Time
NaN

