T P M C
61 37 4 12

base obj
12.443367609402092

exp obj
11.229584530580981

Objective struct
12.443367609402092 0.0 7.588235294117646

num campaigns
380

x
0 0 0 0 0 0 0 0 0 0 0 0 0 0 1 0 0 0 0 0 1 0 0 0 0 1 0 1 0 1 0 0 1 0 0 1 0 1 0 1 0 0 0 0 0 1 0 0 0 1 0 0 0 1 0 1 0 0 0 0 0
0 0 0 0 0 0 0 0 0 1 0 0 0 0 0 0 0 0 0 0 1 0 0 0 0 0 0 0 0 0 0 0 0 0 0 0 0 0 0 0 0 0 0 0 0 0 0 1 0 0 0 0 0 0 0 0 0 0 0 0 0
0 0 0 0 0 0 1 0 0 0 0 0 0 0 0 0 0 1 0 0 0 1 0 0 0 1 0 0 0 0 0 1 0 0 0 0 0 0 0 0 0 1 0 0 0 0 0 0 0 0 1 0 0 0 0 0 0 0 0 0 0
0 0 0 0 0 1 1 1 1 1 0 1 1 1 1 1 0 0 0 0 0 0 0 0 0 0 0 0 0 0 0 0 0 0 0 0 0 0 0 0 0 0 0 0 0 0 0 0 1 0 0 0 0 0 0 0 0 0 0 0 0
0 0 0 0 0 0 0 0 1 0 1 0 0 1 0 1 0 1 0 0 0 1 0 1 0 1 0 0 1 0 0 1 0 1 0 1 0 0 0 1 0 1 0 1 0 1 0 0 0 0 0 1 0 0 0 0 0 0 0 0 0
0 0 0 0 0 0 0 0 0 0 1 0 0 0 0 0 0 0 0 0 0 0 0 0 0 0 0 0 0 0 1 0 0 0 0 0 0 0 0 0 0 0 0 0 1 0 0 0 0 0 0 0 0 0 0 0 0 0 0 0 0
0 0 0 0 0 0 1 1 0 1 1 1 1 1 1 0 1 1 1 0 0 0 0 0 0 0 0 0 0 0 0 1 0 0 0 0 0 0 0 0 0 0 0 0 0 0 0 0 0 0 0 0 0 0 0 0 0 0 0 0 0
0 0 0 0 1 0 0 0 0 0 0 0 0 0 0 0 0 0 0 1 0 0 0 0 0 0 0 0 0 0 0 0 0 0 1 0 0 0 0 0 0 0 0 0 0 0 0 0 0 0 0 1 0 0 0 0 0 0 0 0 0
0 0 0 0 1 0 0 0 0 0 0 0 0 0 0 0 0 0 0 0 0 0 0 0 0 0 0 0 0 0 0 0 0 0 0 0 0 0 0 0 0 0 0 0 0 0 0 0 0 0 0 0 0 0 0 1 0 0 0 0 0
0 0 0 0 0 0 0 0 0 0 1 0 0 0 0 1 0 0 1 0 0 0 0 0 0 0 0 0 0 1 0 0 0 0 0 0 0 0 0 1 0 0 0 1 0 0 0 1 0 0 0 0 0 0 0 0 0 0 0 0 0
0 0 0 0 0 0 0 0 0 0 0 0 0 0 1 0 0 0 0 0 0 0 0 1 0 0 0 0 0 0 0 0 1 0 0 0 0 0 0 0 0 1 0 0 0 0 0 0 0 0 1 0 0 0 0 0 0 0 0 0 0
0 0 0 0 0 0 0 0 1 0 0 0 0 0 0 0 0 0 0 0 1 0 0 0 0 0 0 0 0 0 0 1 0 0 0 0 0 0 0 0 0 0 1 0 0 0 0 0 0 0 0 0 0 0 0 0 0 0 0 0 0
0 0 0 0 0 0 0 0 0 0 0 0 0 0 1 0 0 0 0 0 0 0 0 1 0 0 0 0 0 0 0 0 0 0 0 0 0 0 0 0 0 0 0 0 0 0 0 0 1 0 0 0 0 0 0 0 0 0 0 0 0
0 0 0 0 0 0 0 0 0 0 1 0 0 0 0 0 1 0 0 0 0 0 0 0 0 0 0 0 0 0 0 0 0 1 0 0 0 0 0 0 0 0 1 0 0 0 0 0 1 0 0 0 0 0 1 0 0 0 0 0 0
0 0 0 0 0 0 0 0 0 0 0 0 1 0 0 0 0 0 0 0 0 0 0 0 0 0 0 1 0 0 0 0 0 0 0 0 0 0 0 0 0 0 0 0 0 0 0 0 0 0 0 0 0 0 0 0 0 0 0 0 0
0 0 0 0 0 0 0 0 0 0 0 0 0 0 0 0 1 0 0 0 0 0 0 0 0 0 0 0 0 0 0 0 0 0 0 0 0 0 0 0 0 0 0 0 0 0 0 0 0 0 0 0 0 0 0 0 0 0 0 0 0
0 0 0 0 0 0 0 0 0 0 0 0 0 0 0 0 0 0 0 0 0 0 1 0 0 0 0 0 0 0 0 0 0 0 0 0 0 0 0 0 0 1 0 0 0 0 0 0 0 0 0 0 1 0 0 0 0 0 0 0 0
0 0 0 0 0 0 1 0 0 0 0 0 0 0 0 0 0 0 0 0 0 0 0 0 0 0 1 0 0 0 0 0 0 0 0 0 0 0 0 0 0 0 0 0 0 0 0 1 0 0 0 0 0 0 0 0 0 0 0 0 0
0 0 0 0 0 0 1 0 1 0 0 1 0 1 0 1 0 1 0 0 0 0 1 0 0 0 0 0 0 1 0 1 0 1 0 1 0 0 1 0 1 0 1 0 1 0 1 0 1 0 0 1 0 1 0 0 0 0 0 0 0
0 0 0 0 1 0 0 0 0 0 0 0 0 0 0 0 0 0 0 0 0 0 0 0 0 0 0 0 0 0 0 0 0 0 0 0 0 0 0 0 0 0 0 0 0 0 0 0 0 0 0 0 0 0 0 1 0 0 0 0 0
0 0 0 0 0 0 0 1 0 0 1 0 0 0 1 0 0 1 0 0 0 0 1 0 0 1 0 0 1 0 0 0 1 0 0 0 0 1 0 0 1 0 0 1 0 0 1 0 0 0 0 0 0 0 0 0 0 0 0 0 0
0 0 0 0 0 0 0 0 0 0 0 0 0 0 0 0 0 0 0 0 0 0 0 0 0 0 0 0 0 0 0 0 0 0 0 0 0 0 0 0 0 0 0 0 0 0 0 0 0 0 0 0 0 0 0 0 0 0 0 0 0
0 0 0 0 0 0 0 0 1 0 0 0 0 0 0 0 0 0 0 0 0 0 1 0 0 0 0 0 0 0 0 0 0 0 0 0 1 0 0 0 0 0 0 0 0 0 0 0 0 0 1 0 0 0 0 0 0 0 0 0 0
0 0 0 0 0 0 1 0 0 0 0 0 0 0 0 0 0 0 1 0 0 0 0 0 0 1 0 0 0 0 0 0 0 0 1 0 0 0 0 0 1 0 0 0 0 0 1 0 0 0 0 0 1 0 0 0 0 0 0 0 0
0 0 0 0 1 0 0 0 0 0 0 0 0 0 0 0 0 0 0 0 0 0 0 0 0 0 0 0 0 0 0 0 0 0 0 0 0 1 0 0 0 0 0 0 0 0 0 0 0 0 0 0 0 0 0 1 0 0 0 0 0
0 0 0 0 0 0 1 0 0 0 0 1 0 0 0 0 0 0 0 1 0 0 0 0 1 0 0 0 0 1 0 0 0 0 0 1 0 0 0 0 1 0 0 0 0 1 0 0 0 0 0 0 0 0 0 0 0 0 0 0 0
0 0 0 0 0 0 1 0 0 0 0 0 1 0 0 0 0 0 1 0 0 0 0 0 1 0 0 0 0 1 0 0 0 0 0 0 0 0 1 0 0 0 0 0 1 0 0 0 0 1 0 0 0 0 1 0 0 0 0 0 0
0 0 0 0 1 0 0 0 0 0 0 0 0 0 0 0 0 0 0 0 0 0 0 0 0 0 0 0 0 0 0 0 0 0 0 0 0 0 0 0 0 0 0 0 0 0 0 0 0 0 0 0 0 1 0 0 0 0 0 0 0
0 0 0 0 0 0 0 0 0 0 0 0 0 0 0 0 0 0 0 0 0 0 0 0 0 0 0 0 0 0 0 0 0 0 0 0 0 0 0 0 0 0 0 1 0 0 1 0 0 0 0 0 0 0 0 0 0 0 0 0 0
0 0 0 0 1 1 0 1 1 1 1 0 1 1 1 1 1 1 1 1 1 1 1 1 1 1 1 1 1 1 1 1 1 1 1 1 0 0 1 1 1 1 1 1 1 1 0 1 1 1 1 1 1 1 0 0 0 0 0 0 0
0 0 0 0 1 1 1 1 1 1 1 1 1 1 1 1 1 1 1 1 1 1 1 0 1 0 1 1 1 1 1 1 1 1 1 1 0 0 1 1 1 1 1 1 1 0 0 1 1 1 0 1 1 1 0 0 0 0 0 0 0
0 0 0 0 1 1 1 1 1 1 1 1 1 1 1 1 1 1 1 1 1 1 0 1 1 1 1 1 1 1 1 1 1 1 1 1 0 0 0 1 1 1 1 1 1 1 0 1 1 1 0 1 0 1 0 0 0 0 0 0 0
0 0 0 0 1 1 1 1 0 0 0 0 1 1 1 1 0 0 1 1 1 0 0 0 0 0 1 1 1 0 0 1 1 1 0 0 0 0 0 0 0 0 0 0 1 0 0 1 1 0 0 1 1 1 0 0 0 0 0 0 0
0 0 0 0 1 0 0 1 1 1 1 0 1 1 1 1 1 1 1 1 1 1 0 0 1 1 1 1 1 1 0 1 1 1 1 1 0 0 1 0 1 0 1 1 1 1 0 1 0 0 0 1 1 0 0 0 0 0 0 0 0
0 0 0 0 1 0 1 0 0 0 1 1 0 0 0 0 1 0 1 0 1 1 0 0 0 0 0 1 0 0 0 1 1 1 0 0 0 0 1 0 0 0 0 0 0 0 0 0 1 0 0 1 0 0 0 0 0 0 0 0 0
0 0 0 0 0 0 1 0 0 0 0 0 0 0 0 0 0 1 0 0 0 0 0 0 0 0 0 0 0 0 0 0 0 0 0 0 0 0 0 0 0 0 0 0 0 0 0 0 0 0 0 0 0 0 0 0 0 0 0 0 0
0 0 0 0 0 0 0 0 0 0 0 0 0 0 0 0 0 0 0 0 0 0 0 0 0 0 0 0 0 0 0 0 0 0 0 0 0 0 0 0 0 0 0 0 0 0 0 0 0 0 0 0 0 0 0 0 0 0 0 0 0

y
0.0 6.363636363636363 0.0 0.0 0.0 9.363636363636363 0.0 0.0 0.0 1.1785714285714286 0.0 0.0 4.363636363636363 0.9000000000000004 6.5 0.0 0.8000000000000007 0.0 0.0 0.0 0.0 0.0 0.0 0.33333333333333304 7.800000000000001 0.0 0.0 0.0 0.4500000000000002 0.0 0.0 0.0 0.5048543689320388 0.0 0.0 10.0 0.0

k
0 9 6 0 0 9 0 0 0 22 0 0 9 5 5 0 3 0 6 0 0 6 0 3 3 0 1 0 19 7 9 9 81 17 37 50 6

f
12.25 22.75 0.0 5.25 0.0 1.75 1.75 0.0 0.0 1.75 5.25 5.25 0.0 0.0 0.0 0.0 19.25 0.0 0.0 0.0 0.0 0.0 0.0 8.75 0.0 0.0 0.0 0.0 0.0 0.0 0.0 5.25 0.0 0.0 0.0 0.0 0.0 0.0 0.0 0.0 0.0 0.0 0.0 0.0 0.0 0.0 0.0 0.0 0.0 0.0 0.0 0.0 0.0 0.0 0.0 0.0 0.0 0.0 0.0 0.0 0.0
0.0 0.0 0.0 0.0 0.0 0.0 0.0 0.0 0.0 0.0 0.5 3.5 0.0 0.0 0.0 0.0 0.0 0.0 0.0 0.0 0.0 0.0 0.0 0.0 0.0 0.0 0.0 0.0 0.0 0.0 0.0 0.0 0.0 0.0 0.0 0.0 0.0 0.0 0.0 0.0 0.0 0.0 0.0 0.0 0.0 0.0 0.0 0.0 0.0 0.0 0.0 0.0 0.0 0.0 0.0 0.0 0.0 0.0 0.0 0.0 0.0
0.0 0.0 0.0 0.0 0.0 0.0 0.0 0.0 0.0 0.0 0.0 0.0 0.0 0.0 0.0 0.0 0.0 0.0 0.0 0.0 0.0 0.0 0.0 0.0 0.0 0.0 0.0 0.0 0.0 0.0 0.0 0.0 0.0 0.0 0.0 0.0 0.0 0.0 0.0 0.0 0.0 0.0 0.0 0.0 0.0 0.0 0.0 0.0 0.0 0.0 0.0 0.0 0.0 0.0 0.0 0.0 0.0 0.0 0.0 0.0 0.0
0.0 7.75 0.25 5.75 0.0 1.25 8.25 3.75 0.0 0.0 0.0 2.25 0.0 0.0 0.25 0.0 0.0 0.0 1.25 0.75 0.0 7.25 0.25 0.0 0.0 0.0 0.75 0.0 0.0 0.0 0.0 0.25 0.0 17.75 2.75 0.0 0.0 0.0 0.0 0.0 0.75 0.0 2.75 0.25 0.25 4.25 3.75 0.0 0.0 2.75 0.0 24.75 0.0 0.0 0.0 0.0 0.0 0.0 0.0 0.0 0.0

L
2 11 4 1 2 14 1 15 51 3 9 11 9 6 15 0 11 20 2 51 3 0 14 6 18 5 5 49 3 1 1 1 1 1 1 11 0

g
0 0 0 0 0 0 0 0 0 0 0 0 0 0 0 0 0 0 0 0 0 0 0 0 0 0 0 0 0 0 0 0 0 0 0 0 0 0 0 0 0 0 0 0 0 0 0 0 0 0 0 0 0 0 0 0 0 0 0 0 0
0 0 0 0 0 0 0 0 0 0 0 0 0 0 0 0 0 0 0 0 0 0 0 0 0 0 0 0 0 0 0 0 0 0 0 0 0 0 0 0 0 0 0 0 0 0 0 0 0 0 0 0 0 0 0 0 0 0 0 0 0
0 0 0 0 0 0 0 0 0 0 0 0 0 0 0 0 0 0 0 0 0 0 0 0 0 0 0 0 0 0 0 0 0 0 0 0 0 0 0 0 0 0 0 0 0 0 0 0 0 0 0 0 0 0 0 0 0 0 0 0 0
0 0 0 0 0 0 0 0 0 0 0 0 0 0 0 0 0 0 0 0 0 0 0 0 0 0 0 0 0 0 0 0 0 0 0 0 0 0 0 0 0 0 0 0 0 0 0 0 0 0 0 0 0 0 0 0 0 0 0 0 0
0 0 0 0 0 0 0 0 0 0 0 0 0 0 0 0 0 0 0 0 0 0 0 0 0 0 0 0 0 0 0 0 0 0 0 0 0 0 0 0 0 0 0 0 0 0 0 0 0 0 0 0 0 0 0 0 0 0 0 0 0
0 0 0 0 0 0 0 0 0 0 0 0 0 0 0 0 0 0 0 0 0 0 0 0 0 0 0 0 0 0 0 0 0 0 0 0 0 0 0 0 0 0 0 0 0 0 0 0 0 0 0 0 0 0 0 0 0 0 0 0 0
0 0 0 0 0 0 0 0 0 0 0 0 0 0 0 0 0 0 0 0 0 0 0 0 0 0 0 0 0 0 0 0 0 0 0 0 0 0 0 0 0 0 0 0 0 0 0 0 0 0 0 0 0 0 0 0 0 0 0 0 0
0 0 0 0 0 0 0 0 0 0 0 0 0 0 0 0 0 0 0 0 0 0 0 0 0 0 0 0 0 0 0 0 0 0 0 0 0 0 0 0 0 0 0 0 0 0 0 0 0 0 0 0 0 0 0 0 0 0 0 0 0
0 0 0 0 0 0 0 0 0 0 0 0 0 0 0 0 0 0 0 0 0 0 0 0 0 0 0 0 0 0 0 0 0 0 0 0 0 0 0 0 0 0 0 0 0 0 0 0 0 0 0 0 0 0 0 0 0 0 0 0 0
0 0 0 0 0 0 0 0 0 0 0 0 0 0 0 0 0 0 0 0 0 0 0 0 0 0 0 0 0 0 0 0 0 0 0 0 0 0 0 0 0 0 0 0 0 0 0 0 0 0 0 0 0 0 0 0 0 0 0 0 0
0 0 0 0 0 0 0 0 0 0 0 0 0 0 0 0 0 0 0 0 0 0 0 0 0 0 0 0 0 0 0 0 0 0 0 0 0 0 0 0 0 0 0 0 0 0 0 0 0 0 0 0 0 0 0 0 0 0 0 0 0
0 0 0 0 0 0 0 0 0 0 0 0 0 0 0 0 0 0 0 0 0 0 0 0 0 0 0 0 0 0 0 0 0 0 0 0 0 0 0 0 0 0 0 0 0 0 0 0 0 0 0 0 0 0 0 0 0 0 0 0 0
0 0 0 0 0 0 0 0 0 0 0 0 0 0 0 0 0 0 0 0 0 0 0 0 0 0 0 0 0 0 0 0 0 0 0 0 0 0 0 0 0 0 0 0 0 0 0 0 0 0 0 0 0 0 0 0 0 0 0 0 0
0 0 0 0 0 0 0 0 0 0 0 0 0 0 0 0 0 0 0 0 0 0 0 0 0 0 0 0 0 0 0 0 0 0 0 0 0 0 0 0 0 0 0 0 0 0 0 0 0 0 0 0 0 0 0 0 0 0 0 0 0
0 0 0 0 0 0 0 0 0 0 0 0 0 0 0 0 0 0 0 0 0 0 0 0 0 0 0 0 0 0 0 0 0 0 0 0 0 0 0 0 0 0 0 0 0 0 0 0 0 0 0 0 0 0 0 0 0 0 0 0 0
0 0 0 0 0 0 0 0 0 0 0 0 0 0 0 0 0 0 0 0 0 0 0 0 0 0 0 0 0 0 0 0 0 0 0 0 0 0 0 0 0 0 0 0 0 0 0 0 0 0 0 0 0 0 0 0 0 0 0 0 0
0 0 0 0 0 0 0 0 0 0 0 0 0 0 0 0 0 0 0 0 0 0 0 0 0 0 0 0 0 0 0 0 0 0 0 0 0 0 0 0 0 0 0 0 0 0 0 0 0 0 0 0 0 0 0 0 0 0 0 0 0
0 0 0 0 0 0 0 0 0 0 0 0 0 0 0 0 0 0 0 0 0 0 0 0 0 0 0 0 0 0 0 0 0 0 0 0 0 0 0 0 0 0 0 0 0 0 0 0 0 0 0 0 0 0 0 0 0 0 0 0 0
0 0 0 0 0 0 0 0 0 0 0 0 0 0 0 0 0 0 0 0 0 0 0 0 0 0 0 0 0 0 0 0 0 0 0 0 0 0 0 0 0 0 0 0 0 0 0 0 0 0 0 0 0 0 0 0 0 0 0 0 0
0 0 0 0 0 0 0 0 0 0 0 0 0 0 0 0 0 0 0 0 0 0 0 0 0 0 0 0 0 0 0 0 0 0 0 0 0 0 0 0 0 0 0 0 0 0 0 0 0 0 0 0 0 0 0 0 0 0 0 0 0
0 0 0 0 0 0 0 0 0 0 0 0 0 0 0 0 0 0 0 0 0 0 0 0 0 0 0 0 0 0 0 0 0 0 0 0 0 0 0 0 0 0 0 0 0 0 0 0 0 0 0 0 0 0 0 0 0 0 0 0 0
0 0 0 0 0 0 0 0 0 0 0 0 0 0 0 0 0 0 0 0 0 0 0 0 0 0 0 0 0 0 0 0 0 0 0 0 0 0 0 0 0 0 0 0 0 0 0 0 0 0 0 0 0 0 0 0 0 0 0 0 0
0 0 0 0 0 0 0 0 0 0 0 0 0 0 0 0 0 0 0 0 0 0 0 0 0 0 0 0 0 0 0 0 0 0 0 0 0 0 0 0 0 0 0 0 0 0 0 0 0 0 0 0 0 0 0 0 0 0 0 0 0
0 0 0 0 0 0 0 0 0 0 0 0 0 0 0 0 0 0 0 0 0 0 0 0 0 0 0 0 0 0 0 0 0 0 0 0 0 0 0 0 0 0 0 0 0 0 0 0 0 0 0 0 0 0 0 0 0 0 0 0 0
0 0 0 0 0 0 0 0 0 0 0 0 0 0 0 0 0 0 0 0 0 0 0 0 0 0 0 0 0 0 0 0 0 0 0 0 0 0 0 0 0 0 0 0 0 0 0 0 0 0 0 0 0 0 0 0 0 0 0 0 0
0 0 0 0 0 0 0 0 0 0 0 0 0 0 0 0 0 0 0 0 0 0 0 0 0 0 0 0 0 0 0 0 0 0 0 0 0 0 0 0 0 0 0 0 0 0 0 0 0 0 0 0 0 0 0 0 0 0 0 0 0
0 0 0 0 0 0 0 0 0 0 0 0 0 0 0 0 0 0 0 0 0 0 0 0 0 0 0 0 0 0 0 0 0 0 0 0 0 0 0 0 0 0 0 0 0 0 0 0 0 0 0 0 0 0 0 0 0 0 0 0 0
0 0 0 0 0 0 0 0 0 0 0 0 0 0 0 0 0 0 0 0 0 0 0 0 0 0 0 0 0 0 0 0 0 0 0 0 0 0 0 0 0 0 0 0 0 0 0 0 0 0 0 0 0 0 0 0 0 0 0 0 0
0 0 0 0 0 0 0 0 0 0 0 0 0 0 0 0 0 0 0 0 0 0 0 0 0 0 0 0 0 0 0 0 0 0 0 0 0 0 0 0 0 0 0 0 0 0 0 0 0 0 0 0 0 0 0 0 0 0 0 0 0
0 0 0 0 0 0 0 0 0 0 0 0 0 0 0 0 0 0 0 0 0 0 0 0 0 0 0 0 0 0 0 0 0 0 0 0 0 0 0 0 0 0 0 0 0 0 0 0 0 0 0 0 0 0 0 0 0 0 0 0 0
0 0 0 0 0 0 0 0 0 0 0 0 0 0 0 0 0 0 0 0 0 0 0 0 0 0 0 0 0 0 0 0 0 0 0 0 0 0 0 0 0 0 0 0 0 0 0 0 0 0 0 0 0 0 0 0 0 0 0 0 0
0 0 0 0 0 0 0 0 0 0 0 0 0 0 0 0 0 0 0 0 0 0 0 0 0 0 0 0 0 0 0 0 0 0 0 0 0 0 0 0 0 0 0 0 0 0 0 0 0 0 0 0 0 0 0 0 0 0 0 0 0
0 0 0 0 0 0 0 0 0 0 0 0 0 0 0 0 0 0 0 0 0 0 0 0 0 0 0 0 0 0 0 0 0 0 0 0 0 0 0 0 0 0 0 0 0 0 0 0 0 0 0 0 0 0 0 0 0 0 0 0 0
0 0 0 0 0 0 0 0 0 0 0 0 0 0 0 0 0 0 0 0 0 0 0 0 0 0 0 0 0 0 0 0 0 0 0 0 0 0 0 0 0 0 0 0 0 0 0 0 0 0 0 0 0 0 0 0 0 0 0 0 0
0 0 0 0 0 0 0 0 0 0 0 0 0 0 0 0 0 0 0 0 0 0 0 0 0 0 0 0 0 0 0 0 0 0 0 0 0 0 0 0 0 0 0 0 0 0 0 0 0 0 0 0 0 0 0 0 0 0 0 0 0
0 0 0 0 0 0 0 0 0 0 0 0 0 0 0 0 0 0 0 0 0 0 0 0 0 0 0 0 0 0 0 0 0 0 0 0 0 0 0 0 0 0 0 0 0 0 0 0 0 0 0 0 0 0 0 0 0 0 0 0 0
0 0 0 0 0 0 0 0 0 0 0 0 0 0 0 0 0 0 0 0 0 0 0 0 0 0 0 0 0 0 0 0 0 0 0 0 0 0 0 0 0 0 0 0 0 0 0 0 0 0 0 0 0 0 0 0 0 0 0 0 0

I cap
1058.909090909091 1058.909090909091 1004.3790909090943 987.8490909090916 1119.6350000000057 923.2450000000002 695.3079999999997 854.3230000000107 541.4999999999961 721.7379999999953 606.8490000000096 431.2460000000074 352.1730000000009 477.38799999999856 577.2999999999994 482.9050909090955 671.1950909090908 665.799090909088 570.4190909090936 527.6120909090861 622.8210909090859 655.7860909090899 760.5520909090909 656.6600909090923 622.6120909090885 425.25909090909056 519.5940909090885 578.4560909090908 674.8620909090885 492.7090909090906 341.41209090908694 469.4910909090885 616.3420909090877 588.5260909090921 400.186000000009 180.9930000000138 412.7750000000102 396.3679999999937 584.517999999995 639.8649999999969 436.73999999999717 561.8379999999977 592.6229999999974 631.9529999999995 572.6939999999988 487.2899999999984 616.9899999999978 626.5479999999995 644.8459999999999 756.2919999999998 708.5219999999979 627.2859999999981 786.1809999999939 846.5449999999892 904.0149999999707 1038.6850000000245 795.854090909092 966.2270909090905 967.937090909091 1058.909090909091 1058.909090909091
107.96969696969697 107.96969696969697 72.81969696969693 61.799696969696654 52.724999999999916 59.404999999998566 43.091999999999494 36.02699999999998 40.14999999999996 86.41200000000003 65.75099999999962 56.604000000000056 69.87699999999955 59.96199999999915 40.14999999999975 6.623696969696421 21.633696969696295 55.52969696969704 24.55969696969686 12.266696969697161 14.907696969696715 33.242696969696254 39.62669696969678 45.66869696969658 38.866696969696825 36.71969696969678 82.03469696969616 86.82269696969686 95.86669696969687 63.31969696969636 54.066696969696544 32.38769696969675 4.286696969696558 5.50269696969668 4.313999999999851 37.856999999999694 42.07500000000001 41.1819999999999 68.38199999999964 57.085 67.1599999999994 55.21199999999931 8.376999999999839 26.746999999999986 47.85599999999994 81.65999999999963 82.60999999999945 74.15199999999956 40.10399999999997 40.40799999999949 16.27799999999993 20.913999999999373 21.069 51.92499999999987 38.05499999999998 68.77499999999895 86.97469696969637 95.20169696969704 96.34169696969697 107.96969696969697 107.96969696969697
38.96666666666666 38.96666666666666 15.279999999999994 15.279999999999994 28.773333333333326 29.958750000000006 22.608750000000015 5.875416666666672 0.6254166666666778 18.616666666666674 10.216666666666667 8.816666666666663 3.9166666666666705 23.1 10.916666666666671 11.733333333333334 18.383333333333333 11.733333333333341 18.383333333333333 18.383333333333333 38.96666666666666 38.96666666666666 18.383333333333333 18.383333333333333 18.383333333333333 12.992083333333333 12.992083333333333 12.992083333333332 12.992083333333332 18.383333333333333 18.383333333333333 25.666666666666664 18.383333333333333 11.733333333333334 3.216666666666674 5.6000000000000005 11.55 2.516666666666672 6.716666666666668 10.216666666666667 10.56666666666667 19.316666666666684 19.66666666666668 25.616666666666674 16.16666666666668 20.71666666666667 6.225416666666679 18.475416666666668 5.525416666666676 27.508750000000006 42.35000000000001 42.35 45.85 12.013333333333343 20.76333333333333 30.523333333333348 38.96666666666666 38.96666666666666 38.96666666666666 38.96666666666666 38.96666666666666
45.24545454545453 45.24545454545453 43.848954545454525 36.20145454545454 19.40749999999956 32.338999999999956 28.282499999999917 24.511499999999756 20.016999999999722 29.029999999999657 31.730999999999508 23.381999999999678 18.590499999999892 16.75049999999988 14.615499999999901 26.99595454545418 29.313954545454212 28.762954545454296 23.993954545454304 21.609454545454298 27.423454545454323 27.100454545454273 26.62545454545423 29.209454545454197 31.72695454545439 26.729954545454255 26.27395454545436 28.7629545454542 31.945454545454197 28.582454545454326 23.55695454545414 24.497454545454257 24.8014545454542 25.608954545454306 27.70249999999975 28.7559999999999 35.00699999999996 28.888999999999992 28.259999999999852 38.19699999999955 24.041999999999938 33.21399999999959 36.43899999999958 29.252499999999547 28.0079999999996 38.353499999999485 33.35549999999987 27.085499999999897 24.396999999999867 36.36249999999969 36.68649999999977 35.432499999999756 41.018999999999885 47.55449999999992 43.20499999999978 42.13149999999997 39.70695454545452 43.05095454545453 44.64695454545453 45.24545454545453 45.24545454545453
20.999999999999993 20.999999999999993 20.40149999999999 19.783999999999992 9.959500000000022 14.623000000000593 7.165000000000241 7.871500000000635 5.632000000000364 8.349000000000101 12.30500000000061 10.80400000000072 10.79750000000042 12.89750000000054 8.539000000000152 8.298500000000287 10.360000000000241 8.44100000000026 6.854500000000156 7.044500000000058 10.293500000000291 7.9185000000002255 7.396000000000226 11.690000000000252 14.435500000000328 14.473500000000175 10.977500000000141 11.424000000000278 11.120000000000367 10.379000000000236 8.678500000000378 7.60500000000032 6.4650000000001935 7.1110000000003195 10.616500000000228 13.654000000000694 13.536000000000202 15.911000000000172 16.12000000000009 11.129000000000076 3.7940000000000333 9.039500000000231 7.066500000000218 10.443000000000357 8.688000000000212 13.393500000000099 16.243500000000125 16.237500000000367 13.530500000000794 10.220500000000083 10.524500000000131 10.274500000000181 10.391500000000228 8.95350000000011 13.308000000000265 16.528500000000633 20.268500000000195 20.572499999999998 20.800499999999992 20.999999999999993 20.999999999999993
345.75757575757575 345.75757575757575 345.75757575757575 314.4634581105169 205.3529411764706 211.7300000000008 222.7535000000006 190.00199999999828 205.99550000000113 235.69250000000116 184.94800000000012 171.1729999999999 223.62449999999868 217.4495 189.88350000000023 167.26207575757348 173.89307575757618 223.3405757575764 201.07257575757671 199.961075757577 240.71607575757642 286.25069340463546 252.23901693404747 203.57051693404762 202.26957575757626 209.11907575757616 219.64507575757645 233.78107575757682 244.5825757575756 213.63157575757543 193.12107575757503 235.22507575757706 252.1350757575773 253.91157575757677 161.41899999999936 236.65911764705746 276.80255882353003 309.36500000000024 275.09588235293967 221.7919411764722 177.9340000000007 280.65050000000036 227.77650000000446 183.9940000000002 182.81300000000132 280.2901176470626 247.2159411764717 214.81794117647215 282.8295000000006 340.89461764705896 301.04494117647073 326.33805882353033 299.2129411764706 327.14755882353126 348.73005882353254 356.20550000000054 316.96307575757345 341.967075757576 341.96707575757574 345.75757575757575 345.75757575757575
779.7575757575758 779.7575757575758 763.5980757575758 665.7005757575757 481.2875000000163 569.4045 613.3670000000038 638.6460000000004 752.571 829.8295 752.0650000000002 699.3165 635.7680000000004 625.318 612.211 580.8275757575764 700.8505757575766 594.9730757575763 519.6190757575758 500.22007575758835 613.1085757575844 665.1210757575834 642.8720757575803 640.6205757575761 697.231075757576 555.871075757577 506.68957575757656 530.5155757575769 658.9935757575763 714.3595757575762 556.5265757575755 486.7585757575757 490.5775757575764 577.8255757575778 580.8945000000056 685.6254999999995 769.7900000000018 792.1645000000024 721.6800000000043 641.8585000000024 641.2885000000025 690.7510000000003 649.6400000000002 517.8615000000018 496.6320000000003 623.8480000000028 505.5905000000009 465.04149999999913 568.5885000000035 622.7620000000013 559.4800000000023 475.2385000000045 499.4270000000048 629.2465000000072 673.8570000000037 578.8035000000071 694.9510757575757 747.1250757575758 765.5930757575758 779.7575757575758 779.7575757575758
80.73333333333335 80.73333333333335 79.93533333333335 76.99033333333334 59.74933333333292 81.89566666666667 77.0935 79.89733333333332 73.77899999999998 81.35799999999998 70.65249999999997 82.77616666666667 90.69483333333334 86.89149999999998 79.81199999999998 69.30483333333333 70.9293333333333 69.44733333333332 68.02233333333335 67.99383333333331 68.33583333333333 67.19583333333333 70.53349999999998 76.29683333333331 75.25816666666664 69.44733333333332 68.96283333333332 68.84883333333332 70.75833333333333 70.41633333333333 70.03949999999999 68.40866666666668 64.59283333333327 65.07733333333333 38.097000000000016 59.89199999999858 73.10216666666655 72.91799999999962 69.42833333333297 73.02966666666664 71.60133333333317 74.95866666666666 72.60933333333332 74.71949999999997 75.40399999999998 83.46699999999998 80.71366666666667 73.36583333333333 69.13416666666637 73.37399999999927 71.46449999999984 62.60633333333245 57.41549999999942 61.937166666665625 63.501499999998956 60.05549999999994 77.20883333333335 78.31083333333335 80.13483333333335 80.73333333333335 80.73333333333335
10.775757575757575 10.775757575757575 9.778257575757575 9.778257575757575 4.077500000000018 6.142499999999991 2.7825000000000104 0.9775000000000049 4.042999999999995 8.387499999999989 2.82700000000001 0.8670000000000073 1.0665000000000013 1.7914999999999832 3.1914999999999845 2.21625757575758 1.0857575757575733 2.1307575757575834 1.4657575757576016 1.0762575757576047 1.4657575757576016 3.5937575757575924 2.7102575757575953 0.6867575757575963 2.425257575757605 2.7672575757575713 2.7672575757575784 3.242257575757586 4.667257575757578 5.04725757575758 2.976257575757594 3.1757575757575784 4.078257575757598 4.0782575757575845 4.4575000000000085 6.002500000000004 5.302500000000011 7.497500000000022 2.3800000000000066 2.5799999999999974 5.939999999999986 5.7815 3.211000000000004 2.799500000000002 0.4499999999999833 8.739999999999998 2.4130000000000127 1.3175000000000043 9.775500000000022 5.478000000000017 6.342500000000002 4.417500000000016 5.624000000000031 0.8135000000000325 1.9470000000000312 6.640000000000014 6.215757575757574 10.775757575757574 10.775757575757575 10.775757575757575 10.775757575757575
2.545454545454545 2.545454545454545 2.545454545454545 1.690454545454545 1.432 0.602 0.21599999999999797 0.19999999999999973 0.6624999999999945 0.7034999999999909 1.6314999999999917 0.9155 0.8015 1.5015 0.24749999999999972 0.322454545454539 0.892454545454538 0.046954545454539254 0.046954545454533925 0.7499545454545392 0.09445454545453924 0.5789545454545354 0.7784545454545376 0.29395454545453914 0.5219545454545399 0.09445454545453424 1.1489545454545391 0.5504545454545281 0.5504545454545374 1.1489545454545396 0.550454545454541 0.4079545454545378 0.4649545454545355 0.46495454545454307 1.6029999999999949 0.804999999999998 1.4034999999999966 0.10499999999999621 0.8049999999999923 0.0035000000000000586 1.4034999999999975 1.5014999999999987 1.26099999999999 0.11750000000000005 0.8174999999999978 2.001999999999998 0.10499999999999488 2.2904999999999744 0.06399999999999495 0.09249999999999126 2.3474999999999815 1.6029999999999953 1.6029999999999953 2.8034999999999886 0.5484999999999972 0.03549999999999809 0.35095454545453386 1.2629545454545137 1.946954545454545 2.545454545454545 2.545454545454545
8.515433299825174 8.515433299825174 8.515433299825174 7.843019506721726 4.858817718390809 5.784497767241397 4.827903206896563 6.3231696637931405 9.014537767241444 7.563754051724238 8.04649982758623 7.412445000000128 6.683969663793171 5.437085008620754 4.887176474137974 4.287127758620718 5.7971413793103945 5.083958793103508 4.400992422413868 4.696204577586249 4.586394616771214 5.445712758620735 6.227029080459809 5.3018428160920115 5.63153098563225 4.5320667327586825 4.409178974138019 5.755737931034558 6.4828601724138935 6.138448801724217 7.57557207758637 6.643338629310464 3.9668620689655842 4.830800890804669 8.67744402298854 10.710036551724151 6.578624252873649 7.0021882758621405 6.515341732758686 5.027296790229958 5.2511670775862775 4.693844137931098 5.107872241379362 4.412069655172498 4.964322594827646 5.970285525862138 4.4267020201150435 3.9070217816092745 3.689029655172525 4.578585353448393 6.55300702011497 4.25401420402302 5.844695977011556 6.583767652298891 9.229786856321875 6.460092612068987 7.696467618790759 7.368881575687244 8.515433299825174 8.515433299825174 8.515433299825174
700.0 700.0 699.05 697.15 688.5999999999999 687.65 677.1999999999998 684.7999999999998 680.9999999999997 686.6999999999998 680.9999999999998 683.8499999999997 682.8999999999997 684.7999999999996 683.8499999999998 676.2499999999997 683.8499999999997 683.8499999999998 682.8999999999997 683.8499999999997 685.7499999999999 685.7499999999999 682.8999999999999 685.7499999999998 683.8499999999999 681.9499999999998 684.7999999999998 686.6999999999999 688.5999999999999 685.75 688.5999999999998 682.8999999999996 687.6499999999999 686.6999999999996 683.8499999999997 680.9999999999999 683.8499999999998 681.95 681.9499999999999 685.7499999999999 686.6999999999998 682.8999999999997 681.9499999999997 684.7999999999998 684.7999999999996 689.5499999999997 680.9999999999998 678.1499999999997 680.9999999999995 683.8499999999999 681.9499999999998 685.7499999999999 681.9499999999998 680.9999999999997 683.8499999999999 681.9499999999998 687.65 690.5 700.0 697.15 700.0

H cap
-12.25 -22.75 15.75 -5.25 22.75 -1.75 -1.75 22.75 8.75 -1.75 -5.25 -5.25 43.75 33.25 29.75 29.75 -19.25 12.25 43.75 43.75 92.75 19.25 1.75 -8.75 5.25 19.25 5.25 43.75 5.25 36.75 47.25 -5.25 22.75 22.75 29.75 29.75 26.25 57.75 68.25 68.25 26.25 5.25 26.25 8.75 29.75 40.25 5.25 1.75 36.75 12.25 15.75 5.25 22.75 131.25 131.25 131.25 131.25 131.25 131.25 131.25 131.25
26.5 12.0 13.0 8.0 14.5 14.5 2.0 8.0 11.5 3.5 -0.5 -3.5 3.0 6.0 3.0 4.5 4.5 5.0 22.0 26.5 22.5 19.0 19.0 9.5 7.5 10.5 16.5 15.0 1.0 2.5 10.5 16.5 33.5 47.5 32.5 16.5 19.5 20.0 13.0 9.5 8.5 16.5 31.5 24.5 2.0 8.0 28.0 20.0 10.5 18.5 27.5 36.5 44.5 52.5 52.5 52.5 52.5 52.5 52.5 52.5 52.5
52.5 49.0 35.0 35.0 45.5 42.0 49.0 45.5 42.0 42.0 38.5 35.0 45.5 49.0 42.0 45.5 49.0 49.0 45.5 42.0 45.5 42.0 45.5 52.5 52.5 42.0 45.5 52.5 45.5 49.0 49.0 42.0 45.5 56.0 52.5 45.5 42.0 38.5 45.5 49.0 45.5 45.5 42.0 42.0 42.0 45.5 45.5 42.0 45.5 49.0 52.5 49.0 52.5 63.0 63.0 63.0 63.0 63.0 63.0 63.0 63.0
3.25 -7.75 -0.25 -5.75 4.25 -1.25 -8.25 -3.75 5.25 4.25 6.25 -2.25 0.75 0.25 -0.25 3.75 3.75 6.25 -1.25 -0.75 39.25 -7.25 -0.25 1.25 0.25 12.25 -0.75 16.75 5.75 7.75 3.75 -0.25 8.75 -17.75 -2.75 22.75 0.25 0.25 1.25 0.75 -0.75 4.75 -2.75 -0.25 -0.25 -4.25 -3.75 6.25 5.25 -2.75 16.75 -24.75 3.75 78.75 78.75 78.75 78.75 78.75 78.75 78.75 78.75

Gap
NaN

Time
NaN

