T P M C
61 37 4 12

base obj
12.64923305903022

exp obj
11.16829734329227

Objective struct
12.64923305903022 0.0 6.725490196078429

num campaigns
361

x
0 0 0 0 0 0 0 0 0 0 1 0 0 1 0 0 0 0 0 0 0 0 1 0 1 0 0 1 0 0 1 0 1 0 0 1 0 1 0 1 0 0 0 0 0 0 1 0 0 0 0 1 0 1 0 0 0 0 0 0 0
0 0 0 0 0 0 0 0 0 0 0 0 0 0 0 0 0 0 0 0 0 0 0 0 0 0 0 0 0 0 0 0 0 0 0 0 0 0 0 0 0 0 0 1 0 0 0 0 1 0 0 0 0 0 0 0 0 0 0 0 0
0 0 0 0 0 0 0 0 1 0 0 0 0 0 1 0 0 0 1 0 0 0 1 0 0 0 1 0 0 0 0 0 0 1 0 0 0 0 0 0 1 0 0 0 1 0 0 0 0 1 0 0 0 1 0 0 0 0 0 0 0
0 0 0 0 1 0 1 1 1 1 1 1 1 0 0 0 1 1 1 0 0 0 0 0 0 0 0 0 0 0 0 0 0 0 0 0 0 0 0 0 0 0 0 0 0 0 0 0 0 0 0 0 0 0 0 0 0 0 0 0 0
0 0 0 0 0 0 1 0 0 1 0 0 1 0 0 0 0 1 0 0 1 0 0 0 0 0 1 0 0 1 0 0 1 0 0 1 0 0 1 0 0 1 0 0 1 0 0 1 0 0 1 0 0 1 0 0 0 0 0 0 0
0 0 0 0 0 0 0 0 0 0 0 0 0 0 0 0 0 0 1 0 0 0 0 0 0 0 0 0 0 0 0 0 0 1 0 0 0 0 0 0 0 0 0 1 0 0 0 0 0 0 0 0 0 0 0 0 0 0 0 0 0
0 0 0 0 0 0 1 0 1 1 0 1 1 1 1 1 1 0 1 1 1 0 0 0 0 0 0 0 0 0 0 0 0 0 0 0 0 0 0 0 0 0 0 0 0 0 0 0 0 0 0 0 0 0 0 0 0 0 0 0 0
0 0 0 0 1 0 0 0 0 0 0 0 0 0 0 0 0 0 0 0 1 0 0 0 0 0 0 0 0 0 0 0 0 0 0 0 1 0 0 0 0 0 0 0 0 0 0 0 0 0 0 0 0 0 1 0 0 0 0 0 0
0 0 0 0 1 0 0 0 0 0 0 0 0 0 0 0 0 0 0 0 0 0 0 0 0 0 0 0 0 0 0 0 0 0 0 0 0 0 0 0 0 0 0 0 0 0 0 0 0 0 0 0 1 0 0 0 0 0 0 0 0
0 0 0 0 0 0 1 0 0 0 0 0 0 0 0 0 0 1 0 1 0 0 0 0 0 0 0 1 0 1 0 0 0 0 1 0 0 0 0 0 0 1 0 1 0 0 0 1 0 1 0 0 0 0 0 0 0 0 0 0 0
0 0 0 0 0 1 0 0 0 0 0 0 0 0 0 1 0 0 0 0 0 0 0 0 0 0 1 0 0 0 0 0 0 0 0 0 0 1 0 0 0 0 0 0 0 0 0 1 0 0 0 0 0 0 0 0 0 0 0 0 0
0 0 0 0 0 0 0 0 0 0 0 0 0 0 0 0 0 0 0 0 0 1 0 0 0 0 1 0 0 0 0 0 0 0 0 0 0 0 0 0 1 0 0 0 0 1 0 0 0 0 0 0 0 0 0 0 0 0 0 0 0
0 0 0 0 0 0 0 0 1 0 0 0 0 0 0 0 0 0 0 0 0 0 0 0 0 0 0 0 0 0 0 0 0 0 0 0 0 0 0 0 0 0 0 0 0 0 0 1 0 0 0 0 0 0 0 0 0 0 0 0 0
0 0 0 0 0 0 1 0 0 0 0 0 0 0 0 0 0 0 0 0 1 0 0 0 0 0 0 0 0 0 1 0 0 0 0 0 0 1 0 0 0 0 0 0 0 1 0 0 0 0 1 0 0 0 0 0 0 0 0 0 0
0 0 0 0 0 0 0 0 0 0 0 0 0 0 0 0 1 0 0 0 0 0 0 0 0 0 0 0 0 0 0 0 0 0 0 0 0 0 0 0 0 0 0 0 0 0 0 0 1 0 0 0 0 0 0 0 0 0 0 0 0
0 0 0 0 0 0 0 0 0 0 1 0 0 0 0 0 0 0 0 0 0 0 0 0 0 0 0 0 0 0 0 0 0 0 0 0 0 0 0 0 0 0 0 0 0 0 0 0 0 0 0 0 0 0 0 0 0 0 0 0 0
0 0 0 0 0 0 0 0 0 0 0 0 0 0 0 0 0 0 0 0 0 0 0 1 0 0 0 0 0 0 0 0 0 0 0 0 0 0 0 0 0 0 0 0 0 0 0 0 0 0 0 1 0 0 0 0 0 0 0 0 0
0 0 0 0 0 0 0 0 1 0 0 0 0 0 0 0 0 0 0 0 0 0 0 0 0 0 0 0 0 0 0 1 0 0 0 0 0 0 0 0 0 0 0 0 0 0 0 0 0 0 0 0 0 0 0 1 0 0 0 0 0
0 0 0 0 0 0 1 0 1 0 0 1 0 1 0 0 1 0 1 0 1 0 0 0 1 0 1 0 1 0 0 1 0 0 0 0 0 0 1 0 1 0 1 0 1 0 1 0 1 0 1 0 1 0 0 0 0 0 0 0 0
0 0 0 0 0 0 1 0 0 0 0 0 0 0 0 0 0 0 0 0 0 0 0 0 0 0 0 0 0 0 0 0 0 0 0 0 0 0 0 0 0 0 0 0 0 0 0 0 0 0 0 0 0 0 0 1 0 0 0 0 0
0 0 0 0 0 1 0 0 0 0 0 0 0 0 1 0 0 1 0 0 1 0 0 1 0 0 1 0 0 1 0 0 1 0 0 1 0 0 1 0 0 1 0 0 1 0 0 0 0 0 0 0 0 0 0 0 0 0 0 0 0
0 0 0 0 0 0 0 0 0 0 0 0 0 0 0 0 0 0 0 0 0 0 0 0 0 0 0 0 0 0 0 0 0 0 0 0 0 0 0 0 0 0 0 0 0 0 0 0 0 0 0 0 0 0 0 0 0 0 0 0 0
0 0 0 0 1 0 0 0 0 0 0 0 0 0 0 0 0 0 0 0 0 0 0 1 0 0 0 0 0 0 0 0 0 0 0 0 0 0 0 1 0 0 0 0 0 0 0 0 0 0 0 0 0 0 0 1 0 0 0 0 0
0 0 0 0 0 0 0 0 1 0 0 0 0 0 1 0 0 0 0 0 0 1 0 0 0 0 0 0 1 0 0 0 0 0 0 1 0 0 0 0 0 0 1 0 0 0 0 0 0 0 0 0 1 0 0 0 0 0 0 0 0
0 0 0 0 0 0 0 0 0 0 0 0 1 0 0 0 0 0 0 0 0 0 0 0 0 1 0 0 0 0 0 0 0 0 0 0 0 0 0 0 0 0 0 0 0 0 0 0 0 0 0 0 0 0 0 0 0 0 0 0 0
0 0 0 0 1 0 0 0 0 1 0 0 0 0 1 0 0 0 0 1 0 0 0 0 0 0 1 0 0 0 0 1 0 0 0 0 1 0 0 0 0 1 0 0 0 0 0 0 0 0 0 0 0 0 0 0 0 0 0 0 0
0 0 0 0 0 0 1 0 0 0 0 0 1 0 0 0 1 0 0 1 0 0 0 0 0 1 0 0 1 0 0 1 0 0 1 0 0 1 0 0 0 0 0 0 0 0 1 0 0 0 0 0 0 0 0 0 0 0 0 0 0
0 0 0 0 0 0 1 0 0 0 0 0 0 0 0 0 0 0 0 0 0 0 0 0 0 0 0 0 0 0 0 0 0 0 0 0 0 0 0 0 0 0 0 0 0 0 0 0 0 0 0 0 0 0 0 1 0 0 0 0 0
0 0 0 0 0 0 0 0 0 0 0 0 0 0 0 0 0 0 0 0 0 0 0 0 0 0 0 0 0 0 0 0 0 0 0 0 0 0 0 0 0 1 0 0 1 0 0 0 0 0 0 0 0 0 0 0 0 0 0 0 0
0 0 0 0 0 1 0 1 1 1 1 1 1 1 1 0 0 1 1 1 1 1 1 1 1 0 1 1 1 1 1 1 1 1 1 1 1 1 1 1 1 1 1 1 1 1 1 1 1 1 1 1 1 1 0 0 0 0 0 0 0
0 0 0 0 0 0 1 1 1 1 1 1 0 0 1 0 0 1 1 1 1 1 1 1 1 0 1 1 1 1 1 1 1 1 1 1 1 1 1 1 1 1 1 1 0 1 1 1 1 1 1 1 0 1 0 0 0 0 0 0 0
0 0 0 0 1 1 1 1 1 1 1 1 0 0 0 0 0 1 1 1 0 1 0 0 0 0 0 1 1 1 1 1 1 1 1 1 0 1 1 0 0 1 1 1 1 1 1 1 0 1 0 1 1 1 0 0 0 0 0 0 0
0 0 0 0 0 0 1 0 0 0 1 1 0 0 0 0 0 0 0 1 0 1 0 0 0 0 0 0 0 1 1 1 0 1 1 0 0 0 1 0 0 1 1 0 0 0 1 0 0 1 1 0 0 0 0 0 0 0 0 0 0
0 0 0 0 1 1 0 1 0 0 1 1 0 0 0 0 0 1 1 1 1 1 0 0 0 0 0 1 1 1 1 1 1 1 0 0 0 1 1 0 0 1 1 1 1 1 1 0 0 1 1 1 0 1 0 0 0 0 0 0 0
0 0 0 0 1 1 0 1 0 0 1 0 0 0 0 0 0 0 0 1 0 1 0 0 0 0 0 1 0 1 1 1 1 1 0 0 0 0 0 0 0 0 0 1 0 0 1 0 0 1 1 0 0 1 0 0 0 0 0 0 0
0 0 0 0 0 0 1 0 0 0 0 0 0 0 0 0 0 0 1 0 0 0 0 0 0 0 0 0 0 0 0 0 0 0 0 0 0 0 0 0 0 0 0 0 0 0 0 0 0 0 0 0 0 0 0 0 0 0 0 0 0
0 0 0 0 0 0 0 0 0 0 0 0 0 0 0 1 0 0 0 0 0 0 0 0 0 0 0 0 0 0 0 0 0 0 0 0 0 0 0 0 0 0 0 0 0 0 0 0 0 0 0 0 0 0 0 1 0 0 0 0 0

y
0.0 0.3636363636363633 0.0 0.0 0.0 5.363636363636363 0.0 0.0 0.0 0.1785714285714286 0.0 0.0 34.36363636363636 0.0 23.5 0.0 17.8 0.0 0.0 0.0 0.0 0.0 0.0 0.33333333333333304 2.8000000000000007 0.0 0.0 0.0 0.4500000000000002 0.0 0.0 0.0 0.5048543689320388 0.0 0.0 11.0 29.8

k
0 10 3 0 2 9 0 0 0 19 0 0 10 5 5 0 4 0 6 0 0 6 0 3 4 0 0 0 19 7 11 18 88 23 35 50 4

f
1.75 22.75 5.25 0.0 0.0 0.0 0.0 0.0 0.0 1.75 0.0 0.0 0.0 12.25 0.0 0.0 1.75 0.0 0.0 0.0 0.0 0.0 0.0 0.0 0.0 0.0 0.0 0.0 5.25 0.0 0.0 0.0 5.25 1.75 0.0 0.0 0.0 0.0 0.0 0.0 1.75 0.0 0.0 0.0 0.0 0.0 0.0 0.0 0.0 0.0 0.0 36.75 0.0 0.0 0.0 0.0 0.0 0.0 0.0 0.0 0.0
0.0 0.0 0.0 0.0 0.0 0.0 0.0 0.0 0.0 0.0 0.0 0.0 0.0 0.0 0.0 0.0 0.0 0.0 0.0 0.0 0.0 0.0 0.0 0.0 0.0 0.0 0.5 0.0 0.0 0.0 0.0 0.0 0.0 0.0 0.0 0.0 0.0 0.0 0.0 0.0 0.0 0.0 0.0 0.0 0.0 0.0 0.0 0.0 0.0 0.0 0.0 0.0 0.0 0.0 0.0 0.0 0.0 0.0 0.0 0.0 0.0
0.0 0.0 0.0 0.0 0.0 0.0 0.0 0.0 0.0 0.0 0.0 0.0 0.0 0.0 0.0 0.0 0.0 0.0 0.0 0.0 0.0 0.0 0.0 0.0 0.0 0.0 0.0 0.0 0.0 0.0 0.0 0.0 0.0 0.0 0.0 0.0 0.0 0.0 0.0 0.0 0.0 0.0 0.0 0.0 0.0 0.0 0.0 0.0 0.0 0.0 0.0 0.0 0.0 0.0 0.0 0.0 0.0 0.0 0.0 0.0 0.0
0.0 0.0 0.0 0.0 0.0 3.25 0.0 0.0 0.0 6.25 0.0 2.25 7.25 0.0 0.0 2.25 0.0 8.75 0.25 14.25 5.75 0.0 7.75 0.0 1.25 0.0 0.0 1.75 0.0 0.0 0.0 1.25 0.0 0.0 0.0 0.0 5.25 0.0 0.25 3.25 11.75 0.0 0.0 0.0 2.25 0.25 0.0 0.75 3.25 0.0 0.0 10.75 0.0 0.0 0.0 0.0 0.0 0.0 0.0 0.0 0.0

L
2 5 4 1 3 10 1 16 48 2 10 5 39 5 32 0 28 23 2 49 3 0 16 6 13 5 3 49 3 1 1 1 1 1 1 12 40

g
0 0 0 0 0 0 0 0 0 0 0 0 0 0 0 0 0 0 0 0 0 0 0 0 0 0 0 0 0 0 0 0 0 0 0 0 0 0 0 0 0 0 0 0 0 0 0 0 0 0 0 0 0 0 0 0 0 0 0 0 0
0 0 0 0 0 0 0 0 0 0 0 0 0 0 0 0 0 0 0 0 0 0 0 0 0 0 0 0 0 0 0 0 0 0 0 0 0 0 0 0 0 0 0 0 0 0 0 0 0 0 0 0 0 0 0 0 0 0 0 0 0
0 0 0 0 0 0 0 0 0 0 0 0 0 0 0 0 0 0 0 0 0 0 0 0 0 0 0 0 0 0 0 0 0 0 0 0 0 0 0 0 0 0 0 0 0 0 0 0 0 0 0 0 0 0 0 0 0 0 0 0 0
0 0 0 0 0 0 0 0 0 0 0 0 0 0 0 0 0 0 0 0 0 0 0 0 0 0 0 0 0 0 0 0 0 0 0 0 0 0 0 0 0 0 0 0 0 0 0 0 0 0 0 0 0 0 0 0 0 0 0 0 0
0 0 0 0 0 0 0 0 0 0 0 0 0 0 0 0 0 0 0 0 0 0 0 0 0 0 0 0 0 0 0 0 0 0 0 0 0 0 0 0 0 0 0 0 0 0 0 0 0 0 0 0 0 0 0 0 0 0 0 0 0
0 0 0 0 0 0 0 0 0 0 0 0 0 0 0 0 0 0 0 0 0 0 0 0 0 0 0 0 0 0 0 0 0 0 0 0 0 0 0 0 0 0 0 0 0 0 0 0 0 0 0 0 0 0 0 0 0 0 0 0 0
0 0 0 0 0 0 0 0 0 0 0 0 0 0 0 0 0 0 0 0 0 0 0 0 0 0 0 0 0 0 0 0 0 0 0 0 0 0 0 0 0 0 0 0 0 0 0 0 0 0 0 0 0 0 0 0 0 0 0 0 0
0 0 0 0 0 0 0 0 0 0 0 0 0 0 0 0 0 0 0 0 0 0 0 0 0 0 0 0 0 0 0 0 0 0 0 0 0 0 0 0 0 0 0 0 0 0 0 0 0 0 0 0 0 0 0 0 0 0 0 0 0
0 0 0 0 0 0 0 0 0 0 0 0 0 0 0 0 0 0 0 0 0 0 0 0 0 0 0 0 0 0 0 0 0 0 0 0 0 0 0 0 0 0 0 0 0 0 0 0 0 0 0 0 0 0 0 0 0 0 0 0 0
0 0 0 0 0 0 0 0 0 0 0 0 0 0 0 0 0 0 0 0 0 0 0 0 0 0 0 0 0 0 0 0 0 0 0 0 0 0 0 0 0 0 0 0 0 0 0 0 0 0 0 0 0 0 0 0 0 0 0 0 0
0 0 0 0 0 0 0 0 0 0 0 0 0 0 0 0 0 0 0 0 0 0 0 0 0 0 0 0 0 0 0 0 0 0 0 0 0 0 0 0 0 0 0 0 0 0 0 0 0 0 0 0 0 0 0 0 0 0 0 0 0
0 0 0 0 0 0 0 0 0 0 0 0 0 0 0 0 0 0 0 0 0 0 0 0 0 0 0 0 0 0 0 0 0 0 0 0 0 0 0 0 0 0 0 0 0 0 0 0 0 0 0 0 0 0 0 0 0 0 0 0 0
0 0 0 0 0 0 0 0 0 0 0 0 0 0 0 0 0 0 0 0 0 0 0 0 0 0 0 0 0 0 0 0 0 0 0 0 0 0 0 0 0 0 0 0 0 0 0 0 0 0 0 0 0 0 0 0 0 0 0 0 0
0 0 0 0 0 0 0 0 0 0 0 0 0 0 0 0 0 0 0 0 0 0 0 0 0 0 0 0 0 0 0 0 0 0 0 0 0 0 0 0 0 0 0 0 0 0 0 0 0 0 0 0 0 0 0 0 0 0 0 0 0
0 0 0 0 0 0 0 0 0 0 0 0 0 0 0 0 0 0 0 0 0 0 0 0 0 0 0 0 0 0 0 0 0 0 0 0 0 0 0 0 0 0 0 0 0 0 0 0 0 0 0 0 0 0 0 0 0 0 0 0 0
0 0 0 0 0 0 0 0 0 0 0 0 0 0 0 0 0 0 0 0 0 0 0 0 0 0 0 0 0 0 0 0 0 0 0 0 0 0 0 0 0 0 0 0 0 0 0 0 0 0 0 0 0 0 0 0 0 0 0 0 0
0 0 0 0 0 0 0 0 0 0 0 0 0 0 0 0 0 0 0 0 0 0 0 0 0 0 0 0 0 0 0 0 0 0 0 0 0 0 0 0 0 0 0 0 0 0 0 0 0 0 0 0 0 0 0 0 0 0 0 0 0
0 0 0 0 0 0 0 0 0 0 0 0 0 0 0 0 0 0 0 0 0 0 0 0 0 0 0 0 0 0 0 0 0 0 0 0 0 0 0 0 0 0 0 0 0 0 0 0 0 0 0 0 0 0 0 0 0 0 0 0 0
0 0 0 0 0 0 0 0 0 0 0 0 0 0 0 0 0 0 0 0 0 0 0 0 0 0 0 0 0 0 0 0 0 0 0 0 0 0 0 0 0 0 0 0 0 0 0 0 0 0 0 0 0 0 0 0 0 0 0 0 0
0 0 0 0 0 0 0 0 0 0 0 0 0 0 0 0 0 0 0 0 0 0 0 0 0 0 0 0 0 0 0 0 0 0 0 0 0 0 0 0 0 0 0 0 0 0 0 0 0 0 0 0 0 0 0 0 0 0 0 0 0
0 0 0 0 0 0 0 0 0 0 0 0 0 0 0 0 0 0 0 0 0 0 0 0 0 0 0 0 0 0 0 0 0 0 0 0 0 0 0 0 0 0 0 0 0 0 0 0 0 0 0 0 0 0 0 0 0 0 0 0 0
0 0 0 0 0 0 0 0 0 0 0 0 0 0 0 0 0 0 0 0 0 0 0 0 0 0 0 0 0 0 0 0 0 0 0 0 0 0 0 0 0 0 0 0 0 0 0 0 0 0 0 0 0 0 0 0 0 0 0 0 0
0 0 0 0 0 0 0 0 0 0 0 0 0 0 0 0 0 0 0 0 0 0 0 0 0 0 0 0 0 0 0 0 0 0 0 0 0 0 0 0 0 0 0 0 0 0 0 0 0 0 0 0 0 0 0 0 0 0 0 0 0
0 0 0 0 0 0 0 0 0 0 0 0 0 0 0 0 0 0 0 0 0 0 0 0 0 0 0 0 0 0 0 0 0 0 0 0 0 0 0 0 0 0 0 0 0 0 0 0 0 0 0 0 0 0 0 0 0 0 0 0 0
0 0 0 0 0 0 0 0 0 0 0 0 0 0 0 0 0 0 0 0 0 0 0 0 0 0 0 0 0 0 0 0 0 0 0 0 0 0 0 0 0 0 0 0 0 0 0 0 0 0 0 0 0 0 0 0 0 0 0 0 0
0 0 0 0 0 0 0 0 0 0 0 0 0 0 0 0 0 0 0 0 0 0 0 0 0 0 0 0 0 0 0 0 0 0 0 0 0 0 0 0 0 0 0 0 0 0 0 0 0 0 0 0 0 0 0 0 0 0 0 0 0
0 0 0 0 0 0 0 0 0 0 0 0 0 0 0 0 0 0 0 0 0 0 0 0 0 0 0 0 0 0 0 0 0 0 0 0 0 0 0 0 0 0 0 0 0 0 0 0 0 0 0 0 0 0 0 0 0 0 0 0 0
0 0 0 0 0 0 0 0 0 0 0 0 0 0 0 0 0 0 0 0 0 0 0 0 0 0 0 0 0 0 0 0 0 0 0 0 0 0 0 0 0 0 0 0 0 0 0 0 0 0 0 0 0 0 0 0 0 0 0 0 0
0 0 0 0 0 0 0 0 0 0 0 0 0 0 0 0 0 0 0 0 0 0 0 0 0 0 0 0 0 0 0 0 0 0 0 0 0 0 0 0 0 0 0 0 0 0 0 0 0 0 0 0 0 0 0 0 0 0 0 0 0
0 0 0 0 0 0 0 0 0 0 0 0 0 0 0 0 0 0 0 0 0 0 0 0 0 0 0 0 0 0 0 0 0 0 0 0 0 0 0 0 0 0 0 0 0 0 0 0 0 0 0 0 0 0 0 0 0 0 0 0 0
0 0 0 0 0 0 0 0 0 0 0 0 0 0 0 0 0 0 0 0 0 0 0 0 0 0 0 0 0 0 0 0 0 0 0 0 0 0 0 0 0 0 0 0 0 0 0 0 0 0 0 0 0 0 0 0 0 0 0 0 0
0 0 0 0 0 0 0 0 0 0 0 0 0 0 0 0 0 0 0 0 0 0 0 0 0 0 0 0 0 0 0 0 0 0 0 0 0 0 0 0 0 0 0 0 0 0 0 0 0 0 0 0 0 0 0 0 0 0 0 0 0
0 0 0 0 0 0 0 0 0 0 0 0 0 0 0 0 0 0 0 0 0 0 0 0 0 0 0 0 0 0 0 0 0 0 0 0 0 0 0 0 0 0 0 0 0 0 0 0 0 0 0 0 0 0 0 0 0 0 0 0 0
0 0 0 0 0 0 0 0 0 0 0 0 0 0 0 0 0 0 0 0 0 0 0 0 0 0 0 0 0 0 0 0 0 0 0 0 0 0 0 0 0 0 0 0 0 0 0 0 0 0 0 0 0 0 0 0 0 0 0 0 0
0 0 0 0 0 0 0 0 0 0 0 0 0 0 0 0 0 0 0 0 0 0 0 0 0 0 0 0 0 0 0 0 0 0 0 0 0 0 0 0 0 0 0 0 0 0 0 0 0 0 0 0 0 0 0 0 0 0 0 0 0
0 0 0 0 0 0 0 0 0 0 0 0 0 0 0 0 0 0 0 0 0 0 0 0 0 0 0 0 0 0 0 0 0 0 0 0 0 0 0 0 0 0 0 0 0 0 0 0 0 0 0 0 0 0 0 0 0 0 0 0 0
0 0 0 0 0 0 0 0 0 0 0 0 0 0 0 0 0 0 0 0 0 0 0 0 0 0 0 0 0 0 0 0 0 0 0 0 0 0 0 0 0 0 0 0 0 0 0 0 0 0 0 0 0 0 0 0 0 0 0 0 0

I cap
1058.909090909091 1058.909090909091 1023.7590909090994 1007.2290909090942 915.195000000031 1004.5649999999983 656.2629999999974 968.0000000000166 496.5460000000047 451.12099999999884 445.29200000001026 449.27700000000686 484.41300000000103 718.2130000000051 589.6500000000045 525.4650909090905 274.2090909090908 593.124090909095 389.17809090909 425.35409090908865 452.25809090908814 660.0040909090918 703.7040909090904 735.4340909090873 787.304090909088 667.927090909088 542.4700909090898 513.324090909092 474.9440909090871 758.3100909090913 649.592090909091 589.1340909090877 651.3590909090879 388.1330909090898 150.6590000000022 130.58599999999888 286.67200000000355 317.0430000000066 447.24299999999766 636.8249999999977 568.1250000000024 529.1579999999939 522.2279999999946 514.4759999999962 661.861 604.8809999999971 600.3839999999991 722.801999999999 614.4269999999983 630.6259999999974 666.4179999999977 631.1240000000013 799.5000000000023 831.5349999999851 914.8449999999851 976.023000000027 781.1670909090927 870.5240909090898 1058.909090909091 1058.909090909091 1058.909090909091
107.96969696969697 107.96969696969697 72.8196969696969 61.799696969696704 31.825000000000113 47.05499999999861 0.24699999999961264 0.2499999999997513 59.45399999999981 61.57900000000001 67.70799999999981 81.32299999999995 76.3369999999991 81.3369999999989 90.49999999999979 37.11869696969627 15.724696969696591 18.859696969697055 5.350696969696652 17.624696969696664 4.020696969696797 14.774696969696404 35.67469696969648 35.29469696969678 91.72469696969685 92.35169696969686 13.558696969695902 9.454696969696919 4.13469696969616 75.11869696969597 66.9866969696969 88.49469696969689 91.81969696969618 76.69569696969623 2.0909999999998448 3.713999999999844 25.677999999999905 7.456999999999831 3.306999999999954 21.174999999999756 52.62499999999935 31.841999999998492 29.37199999999862 76.77400000000007 71.73899999999995 38.168999999999464 54.565999999998894 10.197999999999773 23.022999999999776 26.424000000000092 70.73199999999979 83.5759999999986 24.84999999999995 37.48499999999985 25.324999999999832 35.39199999999946 48.366696969696214 54.00969696969693 107.96969696969697 107.96969696969697 107.96969696969697
38.96666666666666 38.96666666666666 38.96666666666666 38.96666666666666 20.413333333333327 4.380000000000001 5.390000000000013 5.875416666666672 14.55875000000001 20.508750000000006 12.10875 22.75 17.85 23.1 10.916666666666671 18.383333333333333 18.38333333333334 18.383333333333333 11.733333333333333 18.383333333333333 11.733333333333341 18.383333333333333 18.383333333333333 25.03333333333333 18.383333333333333 18.383333333333333 11.733333333333334 18.383333333333333 11.733333333333334 18.383333333333333 6.342083333333334 6.342083333333334 6.342083333333334 6.342083333333334 9.866666666666672 4.966666666666667 4.2666666666666675 9.16666666666667 6.716666666666668 10.216666666666669 10.56666666666667 19.316666666666677 19.66666666666668 25.616666666666674 16.16666666666668 20.71666666666667 18.266666666666673 44.449999999999996 31.500000000000007 39.550000000000004 35.70000000000002 42.35000000000001 39.2 18.66333333333334 8.72208333333333 25.13208333333334 26.925416666666663 26.925416666666663 38.96666666666666 38.96666666666666 38.96666666666666
45.24545454545453 45.24545454545453 43.848954545454525 41.853954545454584 22.209999999999415 35.18899999999995 28.643499999999822 24.82499999999964 21.432499999999706 25.5814999999997 25.612999999999673 21.548499999999915 19.20799999999967 20.018499999999957 20.2869999999999 34.00695454545426 25.1719545454543 19.33895454545428 18.122954545454323 23.37645454545428 21.19145454545442 26.881954545454466 26.824954545454265 26.150454545454398 35.01395454545428 36.45795454545437 25.713454545454344 22.312454545454308 23.404954545454316 27.641954545454343 25.988954545454284 31.40395454545414 30.263954545454226 24.050954545454495 18.93399999999972 12.748500000000028 19.80699999999999 21.96350000000009 25.723499999999852 39.75499999999961 25.248499999999957 28.444999999999414 33.19949999999972 31.266499999999535 27.998499999999545 29.299999999999574 25.318499999999787 24.605999999999828 25.289999999999836 32.61949999999938 36.10699999999967 38.12099999999975 40.80999999999996 42.50999999999981 40.22199999999995 37.17249999999999 36.60045454545453 37.331954545454536 45.24545454545453 45.24545454545453 45.24545454545453
20.999999999999993 20.999999999999993 20.40149999999999 20.11649999999999 10.862000000000027 22.603000000000524 14.470500000000202 12.688000000000793 6.059500000000332 5.4135000000000755 9.49300000000032 11.839500000000328 14.056000000000394 21.219500000000757 14.305500000000103 12.85850000000007 10.89200000000017 12.364500000000085 6.769000000000071 6.446000000000112 6.436500000000313 9.752000000000358 7.719000000000274 7.130000000000313 9.106000000000183 14.302500000000125 11.063000000000327 9.581000000000316 7.092000000000171 10.445500000000164 9.89450000000027 11.31950000000019 11.319500000000108 7.358000000000322 6.047000000000254 8.94200000000031 9.242000000000088 9.821500000000087 9.821500000000123 8.678000000000095 1.8465000000000087 6.997000000000069 6.658000000000163 12.428500000000637 10.056000000000369 9.308500000000155 10.059000000000186 10.822500000000346 13.160000000000553 7.199500000000098 6.4680000000001385 8.488500000000371 12.415000000000322 8.99150000000006 12.795000000000122 12.206000000000637 18.302000000000184 18.558500000000016 20.999999999999993 20.999999999999993 20.999999999999993
345.75757575757575 345.75757575757575 345.75757575757575 314.4634581105169 199.0829411764706 218.00000000000097 204.98850000000127 166.5085000000005 196.68550000000116 172.53650000000033 146.87200000000024 205.55461764705896 268.44605882353 307.2055000000004 277.4545000000018 294.9990757575748 245.43645811051667 202.93401693404735 191.72457575757744 245.75219340463516 229.09701693404682 299.66413458110543 307.55863458110633 303.5775757575754 268.25657575757805 286.0500757575763 279.93095811051717 229.77151693404815 211.6650757575751 217.46007575757395 204.9010757575759 250.93807575757646 240.96307575757476 230.17107575757686 117.8994999999997 177.43611764705963 225.55844117647086 245.7429411764716 251.70911764706003 277.85255882352607 267.8598823529403 269.6679411764715 179.00350000000256 259.19600000000185 224.841000000002 185.53600000000256 253.42950000000033 251.8981176470604 273.3384411764714 330.7100588235294 285.22744117647073 279.169441176471 245.5005000000008 322.35061764706006 387.0245588235308 348.5580000000003 316.3170757575754 320.10757575757566 345.75757575757575 345.75757575757575 345.75757575757575
779.7575757575758 779.7575757575758 763.5980757575758 740.5130757575757 570.3975000000222 671.4820000000002 735.3090000000003 755.8285000000001 772.2835000000002 654.032 546.9220000000001 709.2345 783.2934999999999 825.7395 761.532 639.3855757575761 588.1710757575764 639.0150757575776 493.75057575758035 585.4920757575915 561.2765757575833 608.5865757575776 663.0690757575778 636.0985757575786 657.340575757577 693.1555757575769 646.8145757575751 634.7020757575759 586.8600757575762 586.3375757575756 566.8815757575751 673.4145757575768 641.6845757575765 466.21007575757704 421.83600000000496 576.8980000000038 707.9070000000025 700.7080000000036 632.2280000000011 629.1189999999978 524.7330000000006 520.5205000000009 570.9135000000001 647.1945000000001 581.6854999999997 437.13500000000386 504.9255000000008 584.826999999998 546.5579999999993 452.8640000000062 606.2770000000052 613.3495000000016 615.4980000000053 632.9515000000066 650.2590000000009 550.2655000000033 700.0335757575758 715.7370757575758 779.7575757575758 779.7575757575758 779.7575757575758
80.73333333333335 80.73333333333335 79.93533333333335 77.65533333333335 58.70433333333323 80.059 74.95916666666666 81.06583333333333 79.54866666666665 87.06749999999998 74.70583333333333 79.91349999999998 92.05966666666666 95.97349999999997 86.9275 70.14083333333333 68.25033333333327 65.60616666666667 64.07033333333334 67.10083333333326 66.47383333333332 67.01533333333326 70.14399999999999 72.83883333333331 76.76233333333326 78.07333333333332 73.47533333333334 69.07366666666663 66.16983333333334 70.61583333333333 69.53283333333333 71.35683333333331 71.35683333333331 65.8088333333333 37.01716666666666 61.22199999999901 73.12749999999993 68.63033333333208 65.52699999999949 73.24816666666668 71.64249999999994 71.03833333333331 69.5345 76.23949999999996 77.0665 77.78599999999997 72.5405 73.67616666666662 74.54599999999985 67.37633333333282 64.10199999999956 58.53399999999879 59.02416666666578 57.45633333333209 58.15616666666579 54.19400000000013 71.73683333333335 72.41133333333336 80.73333333333335 80.73333333333335 80.73333333333335
10.775757575757575 10.775757575757575 9.778257575757575 9.778257575757573 4.077500000000024 3.1024999999999947 3.1624999999999983 0.5975000000000019 2.5799999999999996 3.779999999999998 0.11000000000000476 2.8525000000000076 5.2275 5.2399999999999975 3.1915000000000076 5.427257575757563 2.1022575757575823 0.8672575757575904 1.7697575757576045 1.218757575757615 2.2732575757575924 2.1782575757576126 7.118257575757593 5.854757575757566 0.6867575757575786 2.4252575757575716 6.215757575757574 3.175757575757565 5.835757575757572 3.175757575757587 0.5157575757575852 2.795757575757583 0.5157575757575996 0.5157575757575854 2.4625000000000354 1.4425000000000079 0.4575000000000058 5.122500000000024 2.1425000000000027 4.337500000000001 10.499999999999982 4.670000000000001 0.133000000000002 10.247500000000015 6.425499999999989 0.8455000000000144 4.531500000000014 2.1345000000000405 3.534000000000005 4.927000000000014 2.2670000000000288 3.3820000000000237 2.2135000000000318 1.7920000000000043 7.257500000000012 8.302500000000029 7.878257575757579 7.973257575757579 10.775757575757575 10.775757575757575 10.775757575757575
2.545454545454545 2.545454545454545 2.545454545454545 1.690454545454545 1.432 0.602 0.21599999999999886 0.20000000000000018 1.1469999999999936 0.07649999999999979 0.9474999999999932 0.0035000000000000586 0.20300000000000007 0.7035000000000001 1.302 0.04695454545453748 0.046954545454540586 0.6454545454545397 0.6454545454545384 0.6454545454545411 1.946954545454541 1.006454545454543 0.4649545454545426 0.4649545454545404 1.148954545454541 0.5504545454545401 0.4079545454545396 0.46495454545453463 0.4649545454545413 1.3484545454545382 0.5504545454545365 1.1489545454545422 1.14895454545454 0.5504545454545365 1.602999999999997 0.8049999999999963 1.403499999999998 0.10499999999999532 0.8049999999999914 0.0035000000000000586 0.46299999999999664 0.8175 0.3204999999999789 0.6875 1.0169999999999977 0.776499999999997 0.6179999999999973 0.46649999999997427 0.0639999999999975 0.06399999999999184 3.1169999999999876 0.5484999999999981 0.03549999999999898 2.0054999999999885 0.7194999999999939 0.3014999999999981 0.04695454545453215 0.6454545454545042 2.545454545454545 2.545454545454545 2.545454545454545
8.515433299825174 8.515433299825174 8.515433299825174 8.515433299825174 5.496749080459779 5.53880827586208 4.827903043103467 5.995583293103468 8.113675534482837 6.924960948275971 7.23158603448278 6.551755344827652 7.226670813218445 6.172516043103499 7.43502130172422 6.825920862068995 7.096796387931066 5.438843686781672 4.319095870689715 4.696204577586239 5.22573369723098 6.3083562729885765 6.248322183908099 6.584888793103503 5.899375977011548 6.393532250000064 4.982454836206976 6.677346962643816 6.148722077586308 6.048362594827654 6.761520353448363 7.052821387931164 4.458241215517303 4.830800727011574 8.349857652298896 10.692795008620692 5.595865468390874 5.572590410919615 5.532583112069017 4.9726990890805105 5.169270689655249 4.154418850574766 5.114423965517303 5.453793793103522 4.702253793103515 5.119337413793165 3.732535353448397 4.217136560344894 3.2587996063219817 3.215280919540337 5.557145114942576 6.2244454022989 5.739322413793145 5.409917241379392 7.673752701149484 6.342161741379323 7.860260722239037 8.18784692913552 8.515433299825174 8.515433299825174 8.515433299825174
700.0 700.0 700.0 699.05 687.65 684.8000000000001 675.2999999999997 686.6999999999996 679.0999999999997 682.8999999999997 684.8 684.7999999999998 683.8499999999998 682.8999999999997 680.9999999999999 683.8499999999998 684.7999999999998 685.7499999999998 684.7999999999997 683.8499999999997 683.8499999999997 680.9999999999997 683.8499999999997 678.15 686.6999999999999 681.0 680.0499999999997 681.9499999999998 682.8999999999997 686.6999999999998 686.6999999999997 683.8499999999998 684.7999999999998 688.5999999999999 687.6499999999999 685.7499999999998 683.8499999999998 680.9999999999999 681.9499999999998 682.8999999999997 687.6499999999999 681.95 684.7999999999996 685.7499999999999 685.7499999999998 684.7999999999995 685.7499999999997 683.8499999999997 680.9999999999998 685.7499999999998 683.8499999999997 688.5999999999998 680.0499999999996 681.9499999999999 684.7999999999998 680.9999999999999 690.4999999999999 694.3 700.0 700.0 698.1

H cap
-1.75 -22.75 -5.25 5.25 33.25 12.25 1.75 1.75 40.25 -1.75 15.75 68.25 8.75 -12.25 12.25 15.75 -1.75 15.75 47.25 12.25 12.25 40.25 40.25 5.25 29.75 61.25 47.25 15.75 -5.25 12.25 57.75 19.25 -5.25 -1.75 19.25 12.25 12.25 57.75 68.25 29.75 -1.75 68.25 40.25 19.25 1.75 12.25 89.25 47.25 12.25 1.75 5.25 -36.75 15.75 131.25 131.25 131.25 131.25 131.25 131.25 131.25 131.25
33.0 19.0 7.0 3.5 14.0 16.0 8.5 4.5 20.5 30.0 32.0 33.0 31.0 18.5 7.0 0.5 1.5 9.5 19.0 28.0 30.5 38.5 35.0 13.0 12.5 12.5 -0.5 3.5 9.5 8.0 10.0 16.5 25.5 14.5 8.5 24.5 31.0 15.0 10.5 12.5 9.0 15.0 7.5 3.5 15.5 13.0 5.0 8.5 21.5 19.0 23.0 42.5 47.5 52.5 52.5 52.5 52.5 52.5 52.5 52.5 52.5
45.5 42.0 38.5 38.5 38.5 31.5 42.0 45.5 45.5 45.5 45.5 45.5 42.0 38.5 42.0 42.0 42.0 49.0 52.5 49.0 49.0 52.5 42.0 38.5 45.5 45.5 52.5 45.5 42.0 52.5 52.5 45.5 45.5 45.5 45.5 49.0 49.0 42.0 42.0 49.0 42.0 49.0 52.5 38.5 38.5 45.5 49.0 49.0 45.5 42.0 49.0 45.5 49.0 63.0 63.0 63.0 63.0 63.0 63.0 63.0 63.0
15.25 3.75 2.25 1.25 1.75 -3.25 2.25 3.75 5.25 -6.25 5.25 -2.25 -7.25 1.75 4.25 -2.25 1.25 -8.75 -0.25 -14.25 -5.75 3.25 -7.75 0.25 -1.25 14.25 3.25 -1.75 14.25 1.75 13.25 -1.25 3.75 0.25 3.75 5.75 -5.25 6.75 -0.25 -3.25 -11.75 0.75 0.25 4.75 -2.25 -0.25 16.75 -0.75 -3.25 0.25 23.75 -10.75 0.75 78.75 78.75 78.75 78.75 78.75 78.75 78.75 78.75

Gap
NaN

Time
NaN

