T P M C
61 37 4 12

base obj
12.428038219387103

exp obj
11.129852193952091

Objective struct
12.428038219387103 0.0 7.235294117647059

num campaigns
378

x
0 0 0 0 0 0 0 0 0 0 1 0 1 0 0 0 0 0 0 1 0 0 0 1 0 1 0 1 0 0 0 0 0 1 0 0 1 0 0 0 1 0 1 0 0 0 0 1 0 0 0 0 0 1 0 1 0 0 0 0 0
0 0 0 0 0 0 0 0 1 0 0 0 0 0 0 0 0 0 0 0 1 0 0 0 0 0 0 0 0 0 0 0 0 0 0 0 0 0 0 0 0 0 0 0 0 1 0 0 0 0 0 0 0 0 0 0 0 0 0 0 0
0 0 0 0 0 0 0 0 0 0 0 1 0 0 0 0 1 0 0 0 0 0 1 0 0 0 0 0 0 0 1 0 0 0 0 0 0 0 0 0 0 0 0 1 0 0 0 1 0 0 0 0 0 0 0 0 0 0 0 0 0
0 0 0 0 1 1 0 1 1 1 1 1 1 1 0 1 0 0 1 0 0 0 0 0 0 0 0 0 0 0 0 0 0 0 0 0 0 0 0 0 0 0 0 0 0 0 0 0 0 0 0 0 0 0 0 0 0 0 0 0 0
0 0 0 0 0 0 1 0 0 1 0 0 1 0 0 0 1 0 0 1 0 0 1 0 0 1 0 0 0 1 0 0 1 0 0 1 0 0 1 0 0 0 1 0 0 1 0 0 0 0 1 0 0 1 0 0 0 0 0 0 0
0 0 0 0 0 0 0 0 0 0 0 0 0 0 0 0 0 0 0 0 0 0 0 0 0 0 0 0 0 0 0 0 0 0 1 0 0 0 0 0 0 0 0 0 0 0 1 0 0 0 0 0 0 0 0 0 0 0 0 0 0
0 0 0 0 1 0 1 1 1 1 1 1 1 1 0 0 0 0 1 1 0 0 0 1 0 0 0 0 0 0 0 0 0 0 0 0 0 0 0 0 0 0 0 0 0 0 0 0 0 0 0 0 0 0 0 0 0 0 0 0 0
0 0 0 0 1 0 0 0 0 0 0 0 0 0 0 0 0 0 0 0 0 1 0 0 0 0 0 0 0 0 0 0 0 0 0 0 0 0 1 0 0 0 0 0 0 0 0 0 0 0 0 0 0 0 0 1 0 0 0 0 0
0 0 0 0 1 0 0 0 0 0 0 0 0 0 0 0 0 0 0 0 0 0 0 0 0 0 0 0 0 0 0 0 0 0 0 0 0 0 0 0 0 0 0 0 0 0 0 0 0 0 0 0 0 0 0 1 0 0 0 0 0
0 0 0 0 0 0 0 0 0 0 0 0 0 0 0 0 0 0 0 0 0 0 0 0 0 0 0 0 1 0 0 1 0 1 0 0 0 0 1 0 0 0 0 1 0 1 0 0 0 0 0 0 0 0 0 0 0 0 0 0 0
0 0 0 0 0 1 0 0 0 0 0 0 0 0 0 1 0 0 0 0 0 0 0 0 1 0 0 0 0 0 0 0 0 1 0 0 0 0 0 0 0 0 1 0 0 0 0 0 0 0 0 0 0 0 0 0 0 0 0 0 0
0 0 0 0 0 0 1 0 0 0 0 0 0 0 0 0 0 0 0 0 1 0 0 0 0 0 0 0 0 0 0 0 0 0 0 1 0 0 0 0 0 0 0 0 0 0 0 0 0 1 0 0 0 0 0 0 0 0 0 0 0
0 0 0 0 0 0 0 0 0 0 0 0 0 0 1 0 0 0 0 0 0 0 0 0 0 0 0 0 0 0 0 1 0 0 0 0 0 0 0 0 0 0 0 0 0 0 0 0 0 0 1 0 0 0 0 0 0 0 0 0 0
0 0 0 0 1 0 0 0 0 0 0 0 1 0 0 0 0 0 1 0 0 0 0 0 0 1 0 0 0 0 0 1 0 0 0 0 0 1 0 0 0 0 0 0 1 0 0 0 0 0 0 0 0 0 0 1 0 0 0 0 0
0 0 0 0 0 0 0 0 0 0 0 0 0 0 1 0 0 0 0 0 0 0 0 0 0 0 0 0 0 0 0 0 0 0 0 0 0 0 0 0 0 0 0 0 0 0 0 0 1 0 0 0 0 0 0 0 0 0 0 0 0
0 0 0 0 0 0 0 0 0 0 0 0 0 0 0 0 0 0 0 0 0 0 0 0 0 0 0 0 0 0 0 0 0 0 0 0 0 0 0 0 0 0 0 0 0 0 0 0 0 1 0 0 0 0 0 0 0 0 0 0 0
0 0 0 0 0 0 0 0 0 0 1 0 0 0 0 0 0 0 0 0 0 0 0 0 0 0 0 0 0 0 0 0 1 0 0 0 0 0 0 0 0 0 0 0 0 0 0 0 0 0 0 1 0 0 0 0 0 0 0 0 0
0 0 0 0 0 0 1 0 0 0 0 0 0 0 0 0 0 0 0 0 0 0 0 0 0 0 0 0 0 1 0 0 0 0 0 0 0 0 0 0 0 0 0 0 0 0 0 0 0 0 0 0 1 0 0 0 0 0 0 0 0
0 0 0 0 0 0 1 0 1 0 1 0 0 1 0 1 0 0 0 1 0 0 0 1 0 1 0 1 0 0 1 0 1 0 0 0 0 1 0 1 0 0 1 0 1 0 1 0 0 0 1 0 0 1 0 0 0 0 0 0 0
0 0 0 0 1 0 0 0 0 0 0 0 0 0 0 0 0 0 0 0 0 0 0 0 0 0 0 0 0 0 0 0 0 0 0 0 0 0 0 0 0 0 0 0 0 0 0 0 0 0 0 0 0 0 1 0 0 0 0 0 0
0 0 0 0 0 0 0 0 1 0 0 1 0 0 0 1 0 0 1 0 0 0 0 1 0 0 1 0 0 1 0 0 1 0 0 1 0 0 1 0 0 1 0 0 0 1 0 0 0 0 0 0 0 0 0 0 0 0 0 0 0
0 0 0 0 0 0 0 0 0 0 0 0 0 0 0 0 0 0 0 0 0 0 0 0 0 0 0 0 0 0 0 0 0 0 0 0 0 0 0 0 0 0 0 0 0 0 0 0 0 0 0 0 0 0 0 0 0 0 0 0 0
0 0 0 0 0 0 1 0 0 0 0 0 0 0 0 0 0 0 0 0 0 1 0 0 0 0 0 0 0 0 0 0 0 0 0 0 1 0 0 0 0 0 0 0 0 0 0 0 0 0 0 1 0 0 0 0 0 0 0 0 0
0 0 0 0 0 0 0 0 1 0 0 0 0 0 0 0 0 1 0 0 0 0 0 1 0 0 0 0 0 1 0 0 0 0 0 1 0 0 0 0 0 1 0 0 0 0 0 0 0 1 0 0 0 0 0 0 0 0 0 0 0
0 0 0 0 0 0 0 0 0 0 0 0 0 0 0 0 1 0 0 0 0 0 0 0 0 0 0 1 0 0 0 0 0 0 0 0 0 0 0 1 0 0 0 0 0 0 0 0 0 0 0 0 0 1 0 0 0 0 0 0 0
0 0 0 0 1 0 0 0 0 1 0 0 0 0 1 0 0 0 0 1 0 0 0 0 1 0 0 0 0 1 0 0 0 0 1 0 0 0 0 0 0 0 0 0 0 0 0 0 0 0 0 1 0 0 0 0 0 0 0 0 0
0 0 0 0 0 0 0 0 1 0 0 0 0 1 0 0 0 1 0 0 0 1 0 0 0 1 0 0 0 1 0 0 0 0 1 0 0 0 1 0 0 0 0 0 0 0 0 0 0 0 0 0 1 0 0 0 0 0 0 0 0
0 0 0 0 0 0 0 0 0 0 0 0 0 0 1 0 0 0 0 0 0 0 0 0 0 0 0 0 0 0 0 0 0 0 0 0 0 0 0 0 0 0 0 0 0 0 0 0 0 0 0 1 0 0 0 0 0 0 0 0 0
0 0 0 0 0 0 0 0 0 0 0 0 0 0 0 0 0 0 0 0 0 0 0 0 0 0 0 0 0 0 0 0 0 0 0 0 0 0 0 0 0 1 0 0 1 0 0 0 0 0 0 0 0 0 0 0 0 0 0 0 0
0 0 0 0 1 1 1 1 1 1 1 1 1 1 1 1 0 0 1 1 1 1 1 1 1 1 1 1 1 1 1 1 1 1 1 1 0 1 1 0 1 1 1 1 1 1 1 1 0 0 1 1 1 1 1 1 0 0 0 0 0
0 0 0 0 1 1 1 1 1 1 1 1 1 1 1 1 1 0 1 1 1 1 1 1 1 1 1 1 1 1 1 1 1 1 1 0 0 0 1 1 1 0 1 1 1 1 1 1 0 0 1 0 0 0 1 0 0 0 0 0 0
0 0 0 0 1 1 1 1 1 1 0 0 0 1 1 1 1 0 1 1 0 1 1 1 1 1 1 1 1 1 1 1 1 1 0 1 0 1 1 1 1 0 1 1 1 1 1 1 0 0 1 0 0 0 0 1 0 0 0 0 0
0 0 0 0 1 0 1 1 1 0 1 0 1 0 0 1 0 0 1 1 0 0 1 0 1 1 0 0 0 1 1 0 0 0 0 0 0 1 1 0 1 0 0 1 0 1 1 1 0 0 0 0 0 0 1 1 0 0 0 0 0
0 0 0 0 1 1 1 1 1 1 1 1 1 0 0 1 1 1 1 1 1 0 0 1 1 1 1 0 0 1 1 1 1 1 1 0 0 1 1 1 1 0 1 1 1 1 1 1 0 0 1 0 0 0 0 1 0 0 0 0 0
0 0 0 0 1 1 1 1 1 0 0 0 0 0 0 0 0 0 1 0 1 0 1 0 1 1 1 0 0 1 1 1 0 0 0 0 0 0 0 1 0 0 0 1 0 0 1 1 0 0 0 0 0 0 1 0 0 0 0 0 0
0 0 0 0 0 0 0 0 0 0 0 0 0 0 0 0 0 1 0 0 0 0 0 0 0 0 0 0 0 1 0 0 0 0 0 0 0 0 0 0 0 0 0 0 0 0 0 1 0 0 0 0 0 0 0 0 0 0 0 0 0
0 0 0 0 0 0 0 0 0 0 0 0 0 0 0 0 0 0 0 0 0 0 0 0 0 0 0 0 0 0 0 0 0 0 0 0 0 0 0 0 0 0 0 0 0 0 0 0 0 0 0 0 0 0 0 0 0 0 0 0 0

y
0.0 7.363636363636363 0.0 0.0 0.0 7.363636363636363 0.0 0.0 0.0 0.1785714285714286 0.0 0.0 12.363636363636363 0.9000000000000004 25.5 0.0 8.8 0.0 0.0 0.0 0.0 0.0 0.0 0.33333333333333304 0.8000000000000007 0.0 0.0 0.0 0.4500000000000002 0.0 0.0 0.0 0.5048543689320388 0.0 0.0 11.0 0.0

k
0 9 7 0 2 10 0 0 0 23 0 0 9 3 5 0 3 0 7 0 0 6 0 3 2 0 1 0 19 6 11 14 81 15 33 49 6

f
0.0 8.75 1.75 1.75 0.0 5.25 0.0 5.25 0.0 1.75 5.25 0.0 0.0 0.0 0.0 0.0 0.0 19.25 0.0 0.0 0.0 0.0 0.0 0.0 0.0 0.0 0.0 0.0 0.0 0.0 0.0 0.0 0.0 0.0 0.0 0.0 0.0 0.0 0.0 0.0 0.0 0.0 0.0 0.0 0.0 0.0 0.0 0.0 1.75 5.25 0.0 19.25 8.75 0.0 0.0 0.0 0.0 0.0 0.0 0.0 0.0
0.0 2.5 0.0 0.0 0.0 0.0 0.0 0.0 0.0 0.0 0.0 0.0 0.0 0.0 0.0 0.0 0.0 0.0 0.0 0.0 0.0 0.5 0.0 0.0 0.0 0.0 0.0 0.0 0.0 0.0 0.0 0.0 0.0 0.0 0.0 0.0 0.0 0.0 0.0 0.0 0.0 0.0 0.0 0.0 0.0 0.0 0.0 0.0 0.0 0.0 0.0 0.0 0.0 0.0 0.0 0.0 0.0 0.0 0.0 0.0 0.0
0.0 0.0 0.0 0.0 0.0 0.0 0.0 0.0 0.0 0.0 0.0 0.0 0.0 0.0 0.0 0.0 0.0 0.0 0.0 0.0 0.0 0.0 0.0 0.0 0.0 0.0 0.0 0.0 0.0 0.0 0.0 0.0 0.0 0.0 0.0 0.0 0.0 0.0 0.0 0.0 0.0 0.0 0.0 0.0 0.0 0.0 0.0 0.0 0.0 0.0 0.0 0.0 0.0 0.0 0.0 0.0 0.0 0.0 0.0 0.0 0.0
0.0 0.75 0.0 0.0 0.0 2.75 0.0 1.25 2.75 0.0 0.75 0.0 0.0 13.25 0.0 0.0 0.0 3.75 0.0 0.75 0.0 2.25 0.0 0.25 3.75 0.0 0.75 0.0 3.25 0.0 0.75 2.25 17.75 4.25 0.0 11.25 0.0 0.0 3.75 0.0 0.0 0.75 0.0 0.0 0.0 11.25 0.75 3.75 0.0 3.75 2.75 0.75 0.0 0.0 0.0 0.0 0.0 0.0 0.0 0.0 0.0

L
2 12 4 1 3 12 1 17 51 2 9 14 17 6 34 0 19 23 2 50 3 0 15 6 11 5 4 37 3 1 1 1 1 1 1 12 0

g
0 0 0 0 0 0 0 0 0 0 0 0 0 0 0 0 0 0 0 0 0 0 0 0 0 0 0 0 0 0 0 0 0 0 0 0 0 0 0 0 0 0 0 0 0 0 0 0 0 0 0 0 0 0 0 0 0 0 0 0 0
0 0 0 0 0 0 0 0 0 0 0 0 0 0 0 0 0 0 0 0 0 0 0 0 0 0 0 0 0 0 0 0 0 0 0 0 0 0 0 0 0 0 0 0 0 0 0 0 0 0 0 0 0 0 0 0 0 0 0 0 0
0 0 0 0 0 0 0 0 0 0 0 0 0 0 0 0 0 0 0 0 0 0 0 0 0 0 0 0 0 0 0 0 0 0 0 0 0 0 0 0 0 0 0 0 0 0 0 0 0 0 0 0 0 0 0 0 0 0 0 0 0
0 0 0 0 0 0 0 0 0 0 0 0 0 0 0 0 0 0 0 0 0 0 0 0 0 0 0 0 0 0 0 0 0 0 0 0 0 0 0 0 0 0 0 0 0 0 0 0 0 0 0 0 0 0 0 0 0 0 0 0 0
0 0 0 0 0 0 0 0 0 0 0 0 0 0 0 0 0 0 0 0 0 0 0 0 0 0 0 0 0 0 0 0 0 0 0 0 0 0 0 0 0 0 0 0 0 0 0 0 0 0 0 0 0 0 0 0 0 0 0 0 0
0 0 0 0 0 0 0 0 0 0 0 0 0 0 0 0 0 0 0 0 0 0 0 0 0 0 0 0 0 0 0 0 0 0 0 0 0 0 0 0 0 0 0 0 0 0 0 0 0 0 0 0 0 0 0 0 0 0 0 0 0
0 0 0 0 0 0 0 0 0 0 0 0 0 0 0 0 0 0 0 0 0 0 0 0 0 0 0 0 0 0 0 0 0 0 0 0 0 0 0 0 0 0 0 0 0 0 0 0 0 0 0 0 0 0 0 0 0 0 0 0 0
0 0 0 0 0 0 0 0 0 0 0 0 0 0 0 0 0 0 0 0 0 0 0 0 0 0 0 0 0 0 0 0 0 0 0 0 0 0 0 0 0 0 0 0 0 0 0 0 0 0 0 0 0 0 0 0 0 0 0 0 0
0 0 0 0 0 0 0 0 0 0 0 0 0 0 0 0 0 0 0 0 0 0 0 0 0 0 0 0 0 0 0 0 0 0 0 0 0 0 0 0 0 0 0 0 0 0 0 0 0 0 0 0 0 0 0 0 0 0 0 0 0
0 0 0 0 0 0 0 0 0 0 0 0 0 0 0 0 0 0 0 0 0 0 0 0 0 0 0 0 0 0 0 0 0 0 0 0 0 0 0 0 0 0 0 0 0 0 0 0 0 0 0 0 0 0 0 0 0 0 0 0 0
0 0 0 0 0 0 0 0 0 0 0 0 0 0 0 0 0 0 0 0 0 0 0 0 0 0 0 0 0 0 0 0 0 0 0 0 0 0 0 0 0 0 0 0 0 0 0 0 0 0 0 0 0 0 0 0 0 0 0 0 0
0 0 0 0 0 0 0 0 0 0 0 0 0 0 0 0 0 0 0 0 0 0 0 0 0 0 0 0 0 0 0 0 0 0 0 0 0 0 0 0 0 0 0 0 0 0 0 0 0 0 0 0 0 0 0 0 0 0 0 0 0
0 0 0 0 0 0 0 0 0 0 0 0 0 0 0 0 0 0 0 0 0 0 0 0 0 0 0 0 0 0 0 0 0 0 0 0 0 0 0 0 0 0 0 0 0 0 0 0 0 0 0 0 0 0 0 0 0 0 0 0 0
0 0 0 0 0 0 0 0 0 0 0 0 0 0 0 0 0 0 0 0 0 0 0 0 0 0 0 0 0 0 0 0 0 0 0 0 0 0 0 0 0 0 0 0 0 0 0 0 0 0 0 0 0 0 0 0 0 0 0 0 0
0 0 0 0 0 0 0 0 0 0 0 0 0 0 0 0 0 0 0 0 0 0 0 0 0 0 0 0 0 0 0 0 0 0 0 0 0 0 0 0 0 0 0 0 0 0 0 0 0 0 0 0 0 0 0 0 0 0 0 0 0
0 0 0 0 0 0 0 0 0 0 0 0 0 0 0 0 0 0 0 0 0 0 0 0 0 0 0 0 0 0 0 0 0 0 0 0 0 0 0 0 0 0 0 0 0 0 0 0 0 0 0 0 0 0 0 0 0 0 0 0 0
0 0 0 0 0 0 0 0 0 0 0 0 0 0 0 0 0 0 0 0 0 0 0 0 0 0 0 0 0 0 0 0 0 0 0 0 0 0 0 0 0 0 0 0 0 0 0 0 0 0 0 0 0 0 0 0 0 0 0 0 0
0 0 0 0 0 0 0 0 0 0 0 0 0 0 0 0 0 0 0 0 0 0 0 0 0 0 0 0 0 0 0 0 0 0 0 0 0 0 0 0 0 0 0 0 0 0 0 0 0 0 0 0 0 0 0 0 0 0 0 0 0
0 0 0 0 0 0 0 0 0 0 0 0 0 0 0 0 0 0 0 0 0 0 0 0 0 0 0 0 0 0 0 0 0 0 0 0 0 0 0 0 0 0 0 0 0 0 0 0 0 0 0 0 0 0 0 0 0 0 0 0 0
0 0 0 0 0 0 0 0 0 0 0 0 0 0 0 0 0 0 0 0 0 0 0 0 0 0 0 0 0 0 0 0 0 0 0 0 0 0 0 0 0 0 0 0 0 0 0 0 0 0 0 0 0 0 0 0 0 0 0 0 0
0 0 0 0 0 0 0 0 0 0 0 0 0 0 0 0 0 0 0 0 0 0 0 0 0 0 0 0 0 0 0 0 0 0 0 0 0 0 0 0 0 0 0 0 0 0 0 0 0 0 0 0 0 0 0 0 0 0 0 0 0
0 0 0 0 0 0 0 0 0 0 0 0 0 0 0 0 0 0 0 0 0 0 0 0 0 0 0 0 0 0 0 0 0 0 0 0 0 0 0 0 0 0 0 0 0 0 0 0 0 0 0 0 0 0 0 0 0 0 0 0 0
0 0 0 0 0 0 0 0 0 0 0 0 0 0 0 0 0 0 0 0 0 0 0 0 0 0 0 0 0 0 0 0 0 0 0 0 0 0 0 0 0 0 0 0 0 0 0 0 0 0 0 0 0 0 0 0 0 0 0 0 0
0 0 0 0 0 0 0 0 0 0 0 0 0 0 0 0 0 0 0 0 0 0 0 0 0 0 0 0 0 0 0 0 0 0 0 0 0 0 0 0 0 0 0 0 0 0 0 0 0 0 0 0 0 0 0 0 0 0 0 0 0
0 0 0 0 0 0 0 0 0 0 0 0 0 0 0 0 0 0 0 0 0 0 0 0 0 0 0 0 0 0 0 0 0 0 0 0 0 0 0 0 0 0 0 0 0 0 0 0 0 0 0 0 0 0 0 0 0 0 0 0 0
0 0 0 0 0 0 0 0 0 0 0 0 0 0 0 0 0 0 0 0 0 0 0 0 0 0 0 0 0 0 0 0 0 0 0 0 0 0 0 0 0 0 0 0 0 0 0 0 0 0 0 0 0 0 0 0 0 0 0 0 0
0 0 0 0 0 0 0 0 0 0 0 0 0 0 0 0 0 0 0 0 0 0 0 0 0 0 0 0 0 0 0 0 0 0 0 0 0 0 0 0 0 0 0 0 0 0 0 0 0 0 0 0 0 0 0 0 0 0 0 0 0
0 0 0 0 0 0 0 0 0 0 0 0 0 0 0 0 0 0 0 0 0 0 0 0 0 0 0 0 0 0 0 0 0 0 0 0 0 0 0 0 0 0 0 0 0 0 0 0 0 0 0 0 0 0 0 0 0 0 0 0 0
0 0 0 0 0 0 0 0 0 0 0 0 0 0 0 0 0 0 0 0 0 0 0 0 0 0 0 0 0 0 0 0 0 0 0 0 0 0 0 0 0 0 0 0 0 0 0 0 0 0 0 0 0 0 0 0 0 0 0 0 0
0 0 0 0 0 0 0 0 0 0 0 0 0 0 0 0 0 0 0 0 0 0 0 0 0 0 0 0 0 0 0 0 0 0 0 0 0 0 0 0 0 0 0 0 0 0 0 0 0 0 0 0 0 0 0 0 0 0 0 0 0
0 0 0 0 0 0 0 0 0 0 0 0 0 0 0 0 0 0 0 0 0 0 0 0 0 0 0 0 0 0 0 0 0 0 0 0 0 0 0 0 0 0 0 0 0 0 0 0 0 0 0 0 0 0 0 0 0 0 0 0 0
0 0 0 0 0 0 0 0 0 0 0 0 0 0 0 0 0 0 0 0 0 0 0 0 0 0 0 0 0 0 0 0 0 0 0 0 0 0 0 0 0 0 0 0 0 0 0 0 0 0 0 0 0 0 0 0 0 0 0 0 0
0 0 0 0 0 0 0 0 0 0 0 0 0 0 0 0 0 0 0 0 0 0 0 0 0 0 0 0 0 0 0 0 0 0 0 0 0 0 0 0 0 0 0 0 0 0 0 0 0 0 0 0 0 0 0 0 0 0 0 0 0
0 0 0 0 0 0 0 0 0 0 0 0 0 0 0 0 0 0 0 0 0 0 0 0 0 0 0 0 0 0 0 0 0 0 0 0 0 0 0 0 0 0 0 0 0 0 0 0 0 0 0 0 0 0 0 0 0 0 0 0 0
0 0 0 0 0 0 0 0 0 0 0 0 0 0 0 0 0 0 0 0 0 0 0 0 0 0 0 0 0 0 0 0 0 0 0 0 0 0 0 0 0 0 0 0 0 0 0 0 0 0 0 0 0 0 0 0 0 0 0 0 0
0 0 0 0 0 0 0 0 0 0 0 0 0 0 0 0 0 0 0 0 0 0 0 0 0 0 0 0 0 0 0 0 0 0 0 0 0 0 0 0 0 0 0 0 0 0 0 0 0 0 0 0 0 0 0 0 0 0 0 0 0
0 0 0 0 0 0 0 0 0 0 0 0 0 0 0 0 0 0 0 0 0 0 0 0 0 0 0 0 0 0 0 0 0 0 0 0 0 0 0 0 0 0 0 0 0 0 0 0 0 0 0 0 0 0 0 0 0 0 0 0 0

I cap
1058.909090909091 1058.909090909091 1004.3790909090995 987.8490909090916 845.1230000000105 881.4450000000152 993.4180000000046 992.5479999999862 483.0560000000007 553.0560000000025 405.0880000000095 406.0330000000024 453.3480000000054 388.4680000000043 633.5969999999919 458.54709090908733 629.5090909090998 664.8110909090897 564.9850909090871 555.029090909094 606.1960909090969 562.8950909090817 666.065090909084 576.3470909090911 561.6790909090901 521.1520909090868 576.2520909090887 741.1340909090902 810.1990909090883 650.5420909090882 695.5720909090862 600.2870909090909 734.5220909090884 802.7510909090863 19.90100000000062 235.12400000000957 289.8830000000062 632.8039999999891 573.7259999999904 597.0009999999976 559.5750000000007 710.9499999999981 707.2499999999983 611.584999999998 691.0829999999972 507.22100000000023 645.1289999999989 758.370000000001 717.6539999999997 716.6199999999982 725.8119999999961 522.9760000000026 646.2079999999999 672.6949999999889 947.9049999999934 1082.1000000000377 824.8290909090929 931.077090909091 934.687090909091 1058.909090909091 1058.909090909091
107.96969696969697 107.96969696969697 72.8196969696969 61.799696969696654 25.136999999999674 29.954999999998304 4.331999999999518 4.201999999999856 64.39399999999985 96.44399999999995 86.0619999999996 75.16699999999967 70.3519999999995 51.98199999999905 80.75299999999989 20.53169696969644 44.319696969696636 63.16769696969688 69.89369696969688 52.299696969696534 17.282696969696765 21.633696969696715 34.36369696969674 47.131696969696556 24.74969696969631 59.57669696969652 62.42669696969658 97.99469696969611 76.42969696969661 65.08669696969699 89.40669696969681 43.14169696969694 40.956696969696424 32.57769696969666 4.5989999999998314 1.7760000000000762 14.867000000000012 27.045999999999864 2.223999999999805 19.199000000000012 66.87499999999969 57.1499999999996 63.79999999999939 47.11499999999951 45.36699999999979 58.87899999999978 60.17100000000001 97.17999999999985 93.64599999999993 50.62999999999981 63.587999999999084 46.373999999999526 59.96199999999976 44.324999999999854 41.85499999999997 27.449999999999406 54.19969696969657 60.05169696969674 63.09169696969697 107.96969696969697 107.96969696969697
38.96666666666666 38.96666666666666 15.279999999999994 15.279999999999994 28.77333333333332 29.958749999999995 22.608750000000015 19.808750000000003 0.6254166666666787 18.616666666666674 3.5666666666666673 8.816666666666668 3.9166666666666696 15.816666666666668 24.85 11.733333333333334 18.383333333333333 18.383333333333333 25.03333333333333 18.383333333333333 18.383333333333333 32.31666666666666 38.96666666666666 18.383333333333333 18.38333333333334 11.733333333333334 18.383333333333333 11.733333333333333 6.342083333333333 6.342083333333334 6.342083333333334 6.342083333333334 11.733333333333333 18.383333333333333 3.216666666666674 4.966666666666667 4.2666666666666675 2.516666666666672 6.716666666666668 3.5666666666666673 17.21666666666667 19.316666666666677 26.316666666666677 25.616666666666674 30.10000000000001 20.71666666666667 18.266666666666673 30.516666666666673 38.150000000000006 46.20000000000003 42.350000000000016 30.308750000000018 10.122083333333336 6.622083333333386 17.082083333333316 45.85000000000001 38.96666666666666 38.96666666666666 38.96666666666666 38.96666666666666 38.96666666666666
45.24545454545453 45.24545454545453 43.848954545454525 36.20145454545457 16.557499999999457 26.686499999999928 28.23499999999986 28.843499999999665 24.491499999999732 27.44349999999969 25.94549999999949 18.365999999999797 16.15849999999973 15.125999999999802 17.664999999999935 33.38945454545426 41.711454545454394 33.86445454545411 25.029454545454147 28.667954545454297 29.703454545454445 28.344954545453948 24.42145454545439 24.87745454545439 28.09795454545426 30.805454545454328 29.665454545454313 30.2639545454543 29.722454545454386 28.525454545454433 27.879454545454227 23.898954545454416 26.00795454545428 29.969454545454287 22.049999999999894 25.887000000000004 24.71850000000002 21.944499999999934 30.093499999999704 41.79749999999988 26.321999999999903 34.33499999999948 41.19849999999954 29.594499999999623 27.93199999999975 29.31899999999955 25.764999999999855 32.9279999999999 38.09599999999983 39.582999999999615 42.604999999999706 42.48149999999974 44.70499999999976 39.62199999999983 30.626999999999942 36.963499999999954 40.59045454545453 41.65445454545453 43.383454545454526 45.24545454545453 45.24545454545453
20.999999999999993 20.999999999999993 20.40149999999999 19.783999999999992 7.679500000000033 14.290500000000604 11.03150000000042 10.607500000000506 8.14950000000019 8.605500000000422 11.83950000000063 9.293500000000375 7.947500000000675 10.693500000000741 10.885500000000054 9.63800000000028 9.90400000000035 11.576000000000192 9.609500000000127 13.770500000000235 10.293500000000336 10.160500000000113 7.785500000000118 7.52900000000022 8.23200000000041 11.120000000000598 11.120000000000665 11.319500000000243 10.379000000000143 10.360000000000035 9.039500000000194 7.453000000000204 7.8140000000001955 10.578500000000158 8.878000000000146 16.13350000000066 14.989500000000143 17.706500000000194 15.008499999999959 10.644500000000058 4.420999999999987 13.628000000000204 13.46950000000009 13.48300000000068 7.1680000000002675 7.199500000000134 8.444000000000056 9.397500000000353 14.034000000000868 13.137000000000155 16.12950000000025 16.82950000000021 16.58550000000038 17.171000000000106 15.436000000000172 15.426500000000324 16.82000000000027 19.973999999999982 20.258999999999993 20.999999999999993 20.999999999999993
345.75757575757575 345.75757575757575 345.75757575757575 314.4634581105169 199.0829411764706 211.73000000000047 246.0000000000003 211.94700000000103 221.92699999999903 244.5381176470594 216.2795588235299 217.22899999999933 231.17588235294153 237.72194117647052 193.6170000000009 210.5820757575749 269.20769340463573 257.7870169340459 255.0985169340475 269.264693404636 283.01901693404795 271.80901693404695 232.47957575757536 232.18507575757653 253.9115757575771 247.14757575757662 237.1725757575767 240.96307575757655 236.14657575757613 223.7205757575761 239.01557575757667 200.17007575757705 185.51157575757594 197.27369340463517 103.16444117646955 244.11605882352902 225.55844117647115 263.29894117647177 210.67750000000188 193.19750000000127 241.49961764705174 298.1584411764705 242.35844117647218 247.3874999999995 219.0270000000018 157.46350000000223 236.6525000000028 305.95311764706 329.4750588235313 317.87388235294225 312.38905882352947 284.51905882353026 304.27700000000107 354.10800000000114 366.9113823529414 353.8025588235298 314.56013458110493 341.9670757575757 341.96707575757574 345.75757575757575 345.75757575757575
779.7575757575758 779.7575757575758 763.5980757575758 665.7005757575757 512.2100000000179 627.592 695.9790000000016 607.0965000000001 763.3725000000002 734.8105 660.4755000000001 633.8805000000002 652.7825 732.5825000000001 714.355 588.9690757575768 693.9440757575753 599.7990757575764 509.48257575757657 626.3895757575766 701.5060757575795 610.1540757576004 567.2805757575766 564.079075757576 550.0760757575764 659.2500757575755 702.3325757575761 716.4970757575754 670.0135757575762 615.0370757575761 628.1850757575758 650.6145757575762 669.0825757575758 697.1930757575772 500.9995000000007 638.0115000000008 619.2435000000006 640.4305000000082 659.7210000000086 555.0380000000021 569.3925000000006 701.8090000000003 635.2570000000006 578.8704999999997 503.68099999999924 422.0870000000036 475.79850000000147 540.3860000000006 574.9155000000002 542.1640000000039 669.9270000000013 638.5055000000012 650.9329999999998 598.4855000000085 548.4950000000019 530.0495000000162 709.0015757575758 730.9655757575758 750.9725757575758 779.7575757575758 779.7575757575758
80.73333333333335 80.73333333333335 79.93533333333335 76.99033333333334 58.03933333333326 77.684 70.57649999999998 77.13599999999998 75.85949999999997 82.81149999999998 72.91349999999998 78.00399999999999 85.91949999999999 89.25066666666665 88.37149999999998 74.21316666666668 72.17383333333333 70.4258333333333 68.53533333333334 71.15733333333333 68.33583333333333 72.0249999999998 73.44683333333319 71.26816666666654 68.72533333333334 70.75833333333333 70.75833333333333 74.9035 77.06633333333332 74.03266666666664 70.24533333333322 68.82033333333335 69.01983333333324 71.01483333333327 34.65800000000001 60.69316666666578 71.96849999999979 66.25533333333259 65.82149999999923 69.2645 68.9254999999999 75.34816666666666 77.02683333333333 75.97349999999997 78.10199999999999 81.07299999999998 73.95599999999999 70.3575 69.88466666666648 68.78549999999967 68.7728333333329 65.01616666666628 67.37149999999964 64.3754999999989 62.095499999999035 54.81783333333279 73.3075 77.51283333333335 79.41283333333335 80.73333333333335 80.73333333333335
10.775757575757575 10.775757575757575 9.778257575757575 9.778257575757577 4.07750000000004 3.1024999999999943 2.402499999999999 1.3005000000000075 1.107499999999999 1.395500000000001 0.7370000000000037 0.4109999999999978 0.9810000000000048 4.071499999999995 2.146499999999988 2.7672575757575784 7.3272575757575815 5.256257575757596 3.175757575757599 1.3612575757575924 6.025757575757584 4.068757575757641 1.6937575757576009 2.5582575757576076 6.833257575757584 2.7957575757575777 0.5157575757575774 3.5557575757575743 10.77575757575758 5.45575757575758 0.5157575757575739 0.5157575757575916 4.097257575757584 0.6867575757575786 0.049499999999992994 2.4400000000000004 0.7425000000000025 7.402500000000022 4.137499999999999 1.202499999999981 2.2824999999999833 3.7674999999999956 1.3299999999999983 10.96 5.7129999999999885 0.6175000000000139 6.327000000000016 4.367000000000008 0.8264999999999967 1.8014999999999985 3.4639999999999893 3.0494999999999908 0.9309999999999992 0.272000000000019 2.6025000000000365 7.257500000000035 9.778257575757568 9.778257575757573 9.873257575757576 10.775757575757575 10.775757575757575
2.545454545454545 2.545454545454545 2.545454545454545 1.690454545454545 1.432 0.602 1.175499999999996 0.2190000000000003 0.8049999999999976 1.0169999999999972 0.9189999999999975 0.0035000000000000586 0.0035000000000000586 0.7035000000000001 0.4469999999999993 0.5219545454545341 1.4909545454545396 0.046954545454538366 0.04695454545454414 0.5504545454545263 0.09445454545453169 0.17995454545453948 0.17995454545453815 1.1489545454545378 1.1489545454545391 0.550454545454541 0.5504545454545396 1.1489545454545365 1.1489545454545378 0.046954545454543695 0.04695454545453881 0.8924545454545402 0.5219545454545386 0.6929545454545388 1.4034999999999966 0.6624999999999962 0.7194999999999873 0.6179999999999938 1.602999999999993 0.20300000000000007 1.4034999999999984 0.7034999999999975 1.4034999999999913 0.0035000000000000586 0.30449999999999977 0.8904999999999991 1.0169999999999906 1.0174999999999774 0.10199999999999942 1.2609999999999957 1.8629999999999773 0.09249999999999303 1.1469999999999967 2.803499999999985 0.548499999999995 0.03549999999999853 0.35095454545452276 1.262954545454508 1.946954545454545 2.545454545454545 2.545454545454545
8.515433299825174 8.515433299825174 8.515433299825174 7.843019506721726 4.85881788218391 4.866394482758627 4.599455258620721 6.0774801724138765 7.851606732758624 6.990478025862168 7.5973904683908655 7.03658293103457 6.190952586206928 6.031107997126504 5.868297000000075 6.11264467241384 6.865072250000039 6.4251080545977395 5.162084376436841 4.537325267241456 5.373147654127562 5.800597652298894 5.926741560344886 5.443250698275918 4.894462183908107 4.204480525862124 4.572972077586321 7.0595308706897075 7.377170517241483 5.720776387931112 7.247985870689729 6.889028284482829 5.68177586206905 4.9995077873563964 9.059627767241423 11.141904204022994 5.255951675287427 6.059056091954078 5.222238284482823 5.551118629310407 5.010391215517306 5.8196487356322475 4.24577454022997 3.9960351724138494 3.8996675862069656 4.791751206896588 3.5474493103449696 3.977222931034526 4.99500666666678 5.725913103448393 6.371742816092018 6.3320027097701495 7.509925534482813 6.375434155172464 7.455361568965595 4.457219540229903 6.932099966491893 7.696467782583795 8.515433299825174 8.515433299825174 8.515433299825174
700.0 700.0 699.05 697.15 686.6999999999999 686.6999999999999 680.9999999999997 687.6499999999997 680.0499999999998 682.8999999999996 680.9999999999997 680.0499999999998 682.8999999999999 685.7499999999998 684.7999999999998 682.8999999999999 681.9499999999998 680.9999999999998 680.9999999999998 679.0999999999997 686.6999999999998 683.8499999999999 687.6499999999999 680.0499999999998 688.5999999999998 680.9999999999998 686.6999999999998 683.8499999999998 688.5999999999999 680.05 684.7999999999997 682.8999999999999 685.7499999999998 682.8999999999997 683.8499999999999 684.7999999999997 677.1999999999997 680.9999999999998 680.05 680.0499999999997 686.6999999999997 684.8 685.7499999999998 686.6999999999998 685.7499999999998 686.6999999999998 687.6499999999996 689.5499999999997 689.5499999999998 684.7999999999998 686.6999999999998 675.2999999999997 680.0499999999998 677.1999999999999 682.8999999999997 680.9999999999999 689.5500000000001 691.4499999999999 700.0 700.0 697.15

H cap
12.25 -8.75 -1.75 -1.75 5.25 -5.25 5.25 -5.25 5.25 -1.75 -5.25 1.75 57.75 71.75 71.75 15.75 1.75 -19.25 5.25 15.75 26.25 29.75 29.75 47.25 47.25 36.75 26.25 99.75 78.75 15.75 5.25 36.75 1.75 33.25 19.25 8.75 57.75 47.25 15.75 26.25 89.25 43.75 19.25 22.75 15.75 22.75 54.25 29.75 -1.75 -5.25 36.75 -19.25 -8.75 131.25 131.25 131.25 131.25 131.25 131.25 131.25 131.25
17.0 -2.5 9.0 6.0 1.5 5.5 7.5 10.0 8.0 7.5 17.0 14.0 19.5 30.0 16.0 1.0 11.5 18.5 16.0 14.0 13.5 -0.5 4.5 23.5 24.5 12.5 6.0 2.0 3.5 9.5 14.5 28.5 37.5 30.5 5.5 10.5 20.5 24.5 23.5 6.0 5.0 5.5 7.5 4.0 19.0 42.5 28.5 25.5 38.5 36.5 30.5 10.5 22.5 52.5 52.5 52.5 52.5 52.5 52.5 52.5 52.5
45.5 38.5 42.0 45.5 42.0 35.0 38.5 42.0 45.5 42.0 42.0 42.0 45.5 49.0 52.5 45.5 45.5 49.0 45.5 45.5 45.5 42.0 49.0 56.0 52.5 42.0 38.5 49.0 45.5 42.0 45.5 49.0 49.0 52.5 45.5 45.5 56.0 52.5 42.0 42.0 49.0 45.5 49.0 52.5 52.5 52.5 45.5 42.0 45.5 45.5 49.0 49.0 52.5 63.0 63.0 63.0 63.0 63.0 63.0 63.0 63.0
14.25 -0.75 2.25 2.25 1.25 -2.75 4.25 -1.25 -2.75 0.25 -0.75 0.25 1.25 -13.25 5.75 0.25 12.25 -3.75 1.25 -0.75 4.25 -2.25 3.25 -0.25 -3.75 7.75 -0.75 6.75 -3.25 5.75 -0.75 -2.25 -17.75 -4.25 7.75 -11.25 1.25 2.25 -3.75 13.25 2.25 -0.75 13.25 1.75 0.75 -11.25 -0.75 -3.75 5.25 -3.75 -2.75 -0.75 12.75 78.75 78.75 78.75 78.75 78.75 78.75 78.75 78.75

Gap
NaN

Time
NaN

