T P M C
61 37 4 12

base obj
12.66525853456888

exp obj
11.136198802887444

Objective struct
12.66525853456888 0.0 6.549019607843136

num campaigns
370

x
0 0 0 0 0 0 1 0 0 0 0 0 0 0 0 0 0 0 0 1 0 1 0 0 0 0 0 1 0 1 0 1 0 0 0 1 0 0 1 0 1 0 0 0 1 0 1 0 0 0 0 1 0 0 0 1 0 0 0 0 0
0 0 0 0 0 0 0 0 0 0 0 0 0 0 0 0 1 0 0 0 0 0 0 0 0 0 0 0 0 0 0 0 0 0 0 0 1 0 0 0 0 0 0 0 0 0 0 0 0 0 0 0 0 0 0 0 0 0 0 0 0
0 0 0 0 0 0 1 0 0 0 0 1 0 0 0 1 0 0 0 0 0 0 1 0 0 0 0 0 1 0 0 0 1 0 0 0 0 0 0 0 0 1 0 0 0 0 1 0 0 0 0 0 0 0 0 0 0 0 0 0 0
0 0 0 0 0 0 1 1 1 1 1 1 1 1 1 0 1 1 0 0 0 0 0 0 0 0 0 0 0 0 0 0 0 0 0 0 0 0 0 0 0 0 0 0 0 0 0 0 0 0 0 0 0 0 0 0 0 0 0 0 0
0 0 0 0 0 0 1 1 0 0 0 1 1 0 1 1 1 0 1 1 1 0 0 1 0 0 0 1 1 1 1 1 1 0 0 0 0 0 0 0 0 0 0 0 0 0 0 0 0 0 0 0 0 0 0 0 0 0 0 0 0
0 0 0 0 0 0 0 0 0 0 0 0 0 0 0 0 0 0 0 0 0 0 0 0 0 0 0 0 0 0 0 0 0 1 0 0 0 0 0 0 0 0 0 1 0 0 0 0 1 0 0 0 0 1 0 0 0 0 0 0 0
0 0 0 0 0 0 0 1 0 0 1 0 1 0 0 0 1 0 1 0 1 0 1 0 1 0 1 0 1 0 1 0 1 0 0 0 0 0 0 0 0 0 0 0 0 0 0 0 0 0 0 0 0 0 0 0 0 0 0 0 0
0 0 0 0 0 0 0 0 0 1 0 0 0 0 0 0 0 0 0 0 0 0 0 1 0 0 0 0 0 0 0 0 0 0 0 0 0 1 0 0 0 0 0 0 0 0 0 0 0 0 0 1 0 0 0 0 0 0 0 0 0
0 0 0 0 1 0 0 0 0 0 0 0 0 0 0 0 0 0 0 0 0 0 0 0 0 0 0 0 0 0 0 0 0 0 0 0 0 0 0 0 0 0 0 0 0 0 0 0 0 0 0 0 0 0 0 1 0 0 0 0 0
0 0 0 0 0 0 0 0 0 0 0 0 0 0 0 0 0 0 0 1 0 0 0 0 0 0 0 0 0 0 1 0 0 1 0 0 0 0 0 1 0 0 0 0 0 0 0 0 0 0 0 0 1 0 0 0 0 0 0 0 0
0 0 0 0 1 0 0 0 0 0 0 0 0 0 0 0 0 0 1 0 0 0 0 0 0 0 0 1 0 0 0 0 0 0 0 0 1 0 0 0 0 0 0 0 0 1 0 0 0 0 0 0 0 0 0 0 0 0 0 0 0
0 0 0 0 0 0 1 0 0 0 0 0 0 0 0 0 0 0 0 1 0 0 0 0 0 0 0 0 0 0 0 0 1 0 0 0 0 0 0 0 0 0 0 0 0 1 0 0 0 0 0 0 0 0 0 0 0 0 0 0 0
0 0 0 0 0 0 0 0 1 0 0 0 0 0 0 1 0 0 0 0 0 0 0 0 0 0 0 0 0 0 0 0 0 0 0 0 0 0 0 0 0 0 0 0 0 0 0 0 0 0 0 0 0 0 0 0 0 0 0 0 0
0 0 0 0 1 0 0 0 0 0 0 0 1 0 0 0 0 0 0 0 0 0 0 0 1 0 0 0 0 1 0 0 0 0 1 0 0 0 0 0 1 0 0 0 0 0 0 0 0 1 0 0 0 0 0 1 0 0 0 0 0
0 0 0 0 0 0 0 0 0 0 0 0 0 0 0 0 0 1 0 0 0 0 0 0 0 0 0 0 0 0 0 0 0 0 0 0 0 0 0 0 0 0 0 0 0 0 0 0 0 0 0 0 0 1 0 0 0 0 0 0 0
0 0 0 0 0 0 0 0 0 0 0 0 0 1 0 0 0 0 0 0 0 0 0 0 0 0 0 0 0 0 0 0 0 0 0 0 0 0 0 0 0 0 0 0 0 0 0 0 0 0 0 0 0 0 0 0 0 0 0 0 0
0 0 0 0 0 0 0 0 0 0 0 0 0 0 0 0 0 0 0 0 0 0 0 0 0 0 1 0 0 0 0 0 0 0 0 0 0 0 0 0 0 0 0 0 0 0 1 0 0 0 0 0 0 0 0 0 0 0 0 0 0
0 0 0 0 1 0 0 0 0 0 0 0 0 0 0 0 0 0 0 0 0 0 0 0 0 1 0 0 0 0 0 0 0 0 0 0 0 0 0 0 0 0 0 0 0 0 1 0 0 0 0 0 0 0 0 0 0 0 0 0 0
0 0 0 0 0 0 1 0 0 0 0 1 0 1 0 1 0 0 1 0 1 0 1 0 0 1 0 0 1 0 1 0 1 0 0 0 0 1 0 1 0 1 0 0 1 0 0 0 0 0 0 0 0 1 0 0 0 0 0 0 0
0 0 0 0 0 1 0 0 0 0 0 0 0 0 0 0 0 0 0 0 0 0 0 0 0 0 0 0 0 0 0 0 0 0 0 0 0 0 0 0 0 0 0 0 0 0 0 0 0 0 0 0 0 0 0 1 0 0 0 0 0
0 0 0 0 0 0 0 0 0 1 0 0 1 0 0 1 0 0 1 0 0 0 1 0 0 1 0 0 1 0 0 1 0 0 1 0 0 1 0 0 0 0 0 0 0 0 0 1 0 0 0 0 0 0 1 0 0 0 0 0 0
0 0 0 0 0 0 0 0 0 0 0 0 0 0 0 0 0 0 0 0 0 0 0 0 0 0 0 0 0 0 0 0 0 0 0 0 0 0 0 0 0 0 0 0 0 0 0 0 0 0 0 0 0 0 0 0 0 0 0 0 0
0 0 0 0 0 0 0 0 1 0 0 0 0 0 0 0 0 0 0 0 0 0 0 0 0 1 0 0 0 0 0 0 0 0 0 0 0 0 0 0 0 0 1 0 0 0 0 0 0 0 0 0 0 0 0 0 0 0 0 0 0
0 0 0 0 1 0 0 0 0 0 0 0 0 0 1 0 0 0 0 0 0 1 0 0 0 0 0 1 0 0 0 0 0 0 0 0 0 0 1 0 0 0 0 0 1 0 0 0 0 0 1 0 0 0 0 0 0 0 0 0 0
0 0 0 0 0 0 0 0 0 0 1 0 0 0 0 0 0 0 0 0 0 0 0 0 0 0 0 0 0 0 0 0 0 0 0 0 1 0 0 0 0 0 0 0 0 0 0 0 1 0 0 0 0 0 0 0 0 0 0 0 0
0 0 0 0 1 0 0 0 1 0 0 0 1 0 0 0 1 0 0 0 1 0 0 0 1 0 0 0 0 0 0 1 0 0 0 1 0 0 0 0 0 0 0 0 0 0 0 0 0 0 0 0 0 0 0 0 0 0 0 0 0
0 0 0 0 1 0 0 0 0 1 0 0 0 0 0 1 0 0 0 0 1 0 0 0 0 0 0 0 0 1 0 0 0 0 1 0 0 0 0 1 0 0 0 0 0 0 0 1 0 0 0 0 1 0 0 0 0 0 0 0 0
0 0 0 0 1 0 0 0 0 0 0 0 0 0 0 0 0 0 0 0 0 0 0 0 0 0 0 0 0 0 0 0 0 0 0 0 0 0 0 0 0 0 0 0 0 0 0 0 0 0 0 0 0 0 0 1 0 0 0 0 0
0 0 0 0 0 0 0 0 0 0 0 0 0 0 0 0 0 0 0 0 0 0 0 0 0 0 0 0 0 0 0 0 0 0 0 0 0 0 0 0 0 1 0 0 1 0 0 0 0 0 0 0 0 0 0 0 0 0 0 0 0
0 0 0 0 0 1 1 1 0 0 1 1 1 1 1 1 1 1 1 1 1 1 1 1 1 1 1 1 1 1 1 1 1 1 1 1 1 1 1 1 0 1 1 1 1 1 1 1 0 0 0 0 1 0 1 1 0 0 0 0 0
0 0 0 0 1 0 1 1 0 1 1 1 1 1 1 1 1 1 1 1 1 1 1 1 0 0 1 1 1 0 1 1 1 1 1 0 0 1 1 1 1 1 1 1 1 1 1 1 0 1 0 0 0 1 1 1 0 0 0 0 0
0 0 0 0 1 0 1 1 0 0 1 1 0 1 1 1 1 1 1 1 0 1 1 1 1 1 1 1 1 0 1 1 1 1 1 0 0 1 1 1 1 1 1 1 1 1 1 1 0 1 0 0 1 1 1 1 0 0 0 0 0
0 0 0 0 0 0 1 1 0 0 0 0 0 0 1 1 1 1 1 1 1 1 1 0 0 1 0 0 0 0 0 1 1 1 1 0 0 1 0 0 1 1 1 0 0 0 0 0 0 0 0 0 0 0 1 1 0 0 0 0 0
0 0 0 0 1 1 1 1 0 0 0 1 0 1 1 1 1 1 1 1 1 1 1 1 0 1 0 1 0 0 1 1 1 1 1 0 0 1 1 1 1 0 1 1 1 1 0 0 0 1 0 0 0 0 1 1 0 0 0 0 0
0 0 0 0 1 0 1 1 0 0 0 1 0 1 0 0 0 0 1 1 0 0 0 1 0 1 0 0 0 0 1 1 1 1 0 0 0 1 0 1 0 0 0 0 0 0 0 0 0 0 0 0 0 0 0 1 0 0 0 0 0
0 0 0 0 0 0 0 0 0 0 0 0 0 1 0 0 0 0 0 0 0 0 0 0 0 0 0 0 0 0 0 0 0 0 0 0 0 0 0 0 0 0 0 0 0 0 0 1 0 0 0 0 0 0 0 0 0 0 0 0 0
0 0 0 0 0 0 0 0 0 0 0 0 0 0 0 0 0 0 0 0 0 0 0 1 0 0 0 0 0 0 0 0 0 0 0 0 0 0 0 0 0 0 0 0 0 0 0 0 0 0 1 0 0 0 0 0 0 0 0 0 0

y
0.0 15.363636363636363 0.0 0.0 0.0 0.3636363636363633 0.0 0.0 0.0 1.1785714285714286 0.0 0.0 2.3636363636363633 0.0 27.5 0.0 9.8 0.0 0.0 0.0 0.0 0.0 0.0 0.33333333333333304 1.8000000000000007 0.0 0.0 0.0 0.4500000000000002 0.0 0.0 0.0 0.5048543689320388 0.0 0.0 33.0 16.8

k
0 10 5 0 0 8 0 0 0 24 0 0 10 3 5 0 4 0 9 0 0 6 1 3 3 0 1 0 19 9 11 11 82 18 36 50 4

f
12.25 22.75 0.0 5.25 0.0 5.25 0.0 0.0 0.0 0.0 0.0 0.0 0.0 0.0 0.0 5.25 1.75 0.0 0.0 0.0 0.0 0.0 0.0 0.0 5.25 1.75 0.0 0.0 0.0 0.0 0.0 0.0 0.0 0.0 5.25 0.0 0.0 0.0 0.0 0.0 0.0 0.0 0.0 5.25 0.0 0.0 0.0 0.0 1.75 0.0 0.0 12.25 1.75 0.0 0.0 0.0 0.0 0.0 0.0 0.0 0.0
0.0 0.0 0.0 4.0 0.0 0.0 0.0 0.0 0.0 0.0 0.0 0.0 0.0 0.0 0.0 3.5 0.0 0.0 0.0 0.0 0.0 0.0 0.0 0.0 0.0 0.0 0.0 0.0 0.0 0.0 0.0 0.0 0.0 0.0 0.0 0.0 0.0 0.0 0.0 0.0 0.0 0.0 0.0 0.0 0.0 0.0 0.0 0.0 0.0 0.0 0.0 0.0 0.0 0.0 0.0 0.0 0.0 0.0 0.0 0.0 0.0
0.0 0.0 0.0 0.0 0.0 0.0 0.0 0.0 0.0 0.0 0.0 0.0 0.0 0.0 0.0 0.0 0.0 0.0 0.0 0.0 0.0 0.0 0.0 0.0 0.0 0.0 0.0 0.0 0.0 0.0 0.0 0.0 0.0 0.0 0.0 0.0 0.0 0.0 0.0 0.0 0.0 0.0 0.0 0.0 0.0 0.0 0.0 0.0 0.0 0.0 0.0 0.0 0.0 0.0 0.0 0.0 0.0 0.0 0.0 0.0 0.0
0.0 9.75 0.0 1.25 0.0 4.75 0.25 0.0 0.0 0.0 0.0 7.25 0.0 0.0 0.0 0.0 0.0 0.0 0.0 0.0 2.75 0.0 0.0 2.25 2.75 0.75 0.0 0.0 0.0 0.0 0.25 0.0 2.75 0.25 0.0 1.25 0.0 7.75 0.0 0.0 21.75 12.75 0.75 0.0 0.0 6.25 0.75 10.25 0.0 3.25 0.0 0.0 0.0 0.0 0.0 0.0 0.0 0.0 0.0 0.0 0.0

L
2 20 4 1 1 5 2 14 51 3 9 13 7 5 36 0 20 21 2 50 3 0 17 6 12 4 5 51 3 1 1 1 1 1 1 34 27

g
0 0 0 0 0 0 0 0 0 0 0 0 0 0 0 0 0 0 0 0 0 0 0 0 0 0 0 0 0 0 0 0 0 0 0 0 0 0 0 0 0 0 0 0 0 0 0 0 0 0 0 0 0 0 0 0 0 0 0 0 0
0 0 0 0 0 0 0 0 0 0 0 0 0 0 0 0 0 0 0 0 0 0 0 0 0 0 0 0 0 0 0 0 0 0 0 0 0 0 0 0 0 0 0 0 0 0 0 0 0 0 0 0 0 0 0 0 0 0 0 0 0
0 0 0 0 0 0 0 0 0 0 0 0 0 0 0 0 0 0 0 0 0 0 0 0 0 0 0 0 0 0 0 0 0 0 0 0 0 0 0 0 0 0 0 0 0 0 0 0 0 0 0 0 0 0 0 0 0 0 0 0 0
0 0 0 0 0 0 0 0 0 0 0 0 0 0 0 0 0 0 0 0 0 0 0 0 0 0 0 0 0 0 0 0 0 0 0 0 0 0 0 0 0 0 0 0 0 0 0 0 0 0 0 0 0 0 0 0 0 0 0 0 0
0 0 0 0 0 0 0 0 0 0 0 0 0 0 0 0 0 0 0 0 0 0 0 0 0 0 0 0 0 0 0 0 0 0 0 0 0 0 0 0 0 0 0 0 0 0 0 0 0 0 0 0 0 0 0 0 0 0 0 0 0
0 0 0 0 0 0 0 0 0 0 0 0 0 0 0 0 0 0 0 0 0 0 0 0 0 0 0 0 0 0 0 0 0 0 0 0 0 0 0 0 0 0 0 0 0 0 0 0 0 0 0 0 0 0 0 0 0 0 0 0 0
0 0 0 0 0 0 0 0 0 0 0 0 0 0 0 0 0 0 0 0 0 0 0 0 0 0 0 0 0 0 0 0 0 0 0 0 0 0 0 0 0 0 0 0 0 0 0 0 0 0 0 0 0 0 0 0 0 0 0 0 0
0 0 0 0 0 0 0 0 0 0 0 0 0 0 0 0 0 0 0 0 0 0 0 0 0 0 0 0 0 0 0 0 0 0 0 0 0 0 0 0 0 0 0 0 0 0 0 0 0 0 0 0 0 0 0 0 0 0 0 0 0
0 0 0 0 0 0 0 0 0 0 0 0 0 0 0 0 0 0 0 0 0 0 0 0 0 0 0 0 0 0 0 0 0 0 0 0 0 0 0 0 0 0 0 0 0 0 0 0 0 0 0 0 0 0 0 0 0 0 0 0 0
0 0 0 0 0 0 0 0 0 0 0 0 0 0 0 0 0 0 0 0 0 0 0 0 0 0 0 0 0 0 0 0 0 0 0 0 0 0 0 0 0 0 0 0 0 0 0 0 0 0 0 0 0 0 0 0 0 0 0 0 0
0 0 0 0 0 0 0 0 0 0 0 0 0 0 0 0 0 0 0 0 0 0 0 0 0 0 0 0 0 0 0 0 0 0 0 0 0 0 0 0 0 0 0 0 0 0 0 0 0 0 0 0 0 0 0 0 0 0 0 0 0
0 0 0 0 0 0 0 0 0 0 0 0 0 0 0 0 0 0 0 0 0 0 0 0 0 0 0 0 0 0 0 0 0 0 0 0 0 0 0 0 0 0 0 0 0 0 0 0 0 0 0 0 0 0 0 0 0 0 0 0 0
0 0 0 0 0 0 0 0 0 0 0 0 0 0 0 0 0 0 0 0 0 0 0 0 0 0 0 0 0 0 0 0 0 0 0 0 0 0 0 0 0 0 0 0 0 0 0 0 0 0 0 0 0 0 0 0 0 0 0 0 0
0 0 0 0 0 0 0 0 0 0 0 0 0 0 0 0 0 0 0 0 0 0 0 0 0 0 0 0 0 0 0 0 0 0 0 0 0 0 0 0 0 0 0 0 0 0 0 0 0 0 0 0 0 0 0 0 0 0 0 0 0
0 0 0 0 0 0 0 0 0 0 0 0 0 0 0 0 0 0 0 0 0 0 0 0 0 0 0 0 0 0 0 0 0 0 0 0 0 0 0 0 0 0 0 0 0 0 0 0 0 0 0 0 0 0 0 0 0 0 0 0 0
0 0 0 0 0 0 0 0 0 0 0 0 0 0 0 0 0 0 0 0 0 0 0 0 0 0 0 0 0 0 0 0 0 0 0 0 0 0 0 0 0 0 0 0 0 0 0 0 0 0 0 0 0 0 0 0 0 0 0 0 0
0 0 0 0 0 0 0 0 0 0 0 0 0 0 0 0 0 0 0 0 0 0 0 0 0 0 0 0 0 0 0 0 0 0 0 0 0 0 0 0 0 0 0 0 0 0 0 0 0 0 0 0 0 0 0 0 0 0 0 0 0
0 0 0 0 0 0 0 0 0 0 0 0 0 0 0 0 0 0 0 0 0 0 0 0 0 0 0 0 0 0 0 0 0 0 0 0 0 0 0 0 0 0 0 0 0 0 0 0 0 0 0 0 0 0 0 0 0 0 0 0 0
0 0 0 0 0 0 0 0 0 0 0 0 0 0 0 0 0 0 0 0 0 0 0 0 0 0 0 0 0 0 0 0 0 0 0 0 0 0 0 0 0 0 0 0 0 0 0 0 0 0 0 0 0 0 0 0 0 0 0 0 0
0 0 0 0 0 0 0 0 0 0 0 0 0 0 0 0 0 0 0 0 0 0 0 0 0 0 0 0 0 0 0 0 0 0 0 0 0 0 0 0 0 0 0 0 0 0 0 0 0 0 0 0 0 0 0 0 0 0 0 0 0
0 0 0 0 0 0 0 0 0 0 0 0 0 0 0 0 0 0 0 0 0 0 0 0 0 0 0 0 0 0 0 0 0 0 0 0 0 0 0 0 0 0 0 0 0 0 0 0 0 0 0 0 0 0 0 0 0 0 0 0 0
0 0 0 0 0 0 0 0 0 0 0 0 0 0 0 0 0 0 0 0 0 0 0 0 0 0 0 0 0 0 0 0 0 0 0 0 0 0 0 0 0 0 0 0 0 0 0 0 0 0 0 0 0 0 0 0 0 0 0 0 0
0 0 0 0 0 0 0 0 0 0 0 0 0 0 0 0 0 0 0 0 0 0 0 0 0 0 0 0 0 0 0 0 0 0 0 0 0 0 0 0 0 0 0 0 0 0 0 0 0 0 0 0 0 0 0 0 0 0 0 0 0
0 0 0 0 0 0 0 0 0 0 0 0 0 0 0 0 0 0 0 0 0 0 0 0 0 0 0 0 0 0 0 0 0 0 0 0 0 0 0 0 0 0 0 0 0 0 0 0 0 0 0 0 0 0 0 0 0 0 0 0 0
0 0 0 0 0 0 0 0 0 0 0 0 0 0 0 0 0 0 0 0 0 0 0 0 0 0 0 0 0 0 0 0 0 0 0 0 0 0 0 0 0 0 0 0 0 0 0 0 0 0 0 0 0 0 0 0 0 0 0 0 0
0 0 0 0 0 0 0 0 0 0 0 0 0 0 0 0 0 0 0 0 0 0 0 0 0 0 0 0 0 0 0 0 0 0 0 0 0 0 0 0 0 0 0 0 0 0 0 0 0 0 0 0 0 0 0 0 0 0 0 0 0
0 0 0 0 0 0 0 0 0 0 0 0 0 0 0 0 0 0 0 0 0 0 0 0 0 0 0 0 0 0 0 0 0 0 0 0 0 0 0 0 0 0 0 0 0 0 0 0 0 0 0 0 0 0 0 0 0 0 0 0 0
0 0 0 0 0 0 0 0 0 0 0 0 0 0 0 0 0 0 0 0 0 0 0 0 0 0 0 0 0 0 0 0 0 0 0 0 0 0 0 0 0 0 0 0 0 0 0 0 0 0 0 0 0 0 0 0 0 0 0 0 0
0 0 0 0 0 0 0 0 0 0 0 0 0 0 0 0 0 0 0 0 0 0 0 0 0 0 0 0 0 0 0 0 0 0 0 0 0 0 0 0 0 0 0 0 0 0 0 0 0 0 0 0 0 0 0 0 0 0 0 0 0
0 0 0 0 0 0 0 0 0 0 0 0 0 0 0 0 0 0 0 0 0 0 0 0 0 0 0 0 0 0 0 0 0 0 0 0 0 0 0 0 0 0 0 0 0 0 0 0 0 0 0 0 0 0 0 0 0 0 0 0 0
0 0 0 0 0 0 0 0 0 0 0 0 0 0 0 0 0 0 0 0 0 0 0 0 0 0 0 0 0 0 0 0 0 0 0 0 0 0 0 0 0 0 0 0 0 0 0 0 0 0 0 0 0 0 0 0 0 0 0 0 0
0 0 0 0 0 0 0 0 0 0 0 0 0 0 0 0 0 0 0 0 0 0 0 0 0 0 0 0 0 0 0 0 0 0 0 0 0 0 0 0 0 0 0 0 0 0 0 0 0 0 0 0 0 0 0 0 0 0 0 0 0
0 0 0 0 0 0 0 0 0 0 0 0 0 0 0 0 0 0 0 0 0 0 0 0 0 0 0 0 0 0 0 0 0 0 0 0 0 0 0 0 0 0 0 0 0 0 0 0 0 0 0 0 0 0 0 0 0 0 0 0 0
0 0 0 0 0 0 0 0 0 0 0 0 0 0 0 0 0 0 0 0 0 0 0 0 0 0 0 0 0 0 0 0 0 0 0 0 0 0 0 0 0 0 0 0 0 0 0 0 0 0 0 0 0 0 0 0 0 0 0 0 0
0 0 0 0 0 0 0 0 0 0 0 0 0 0 0 0 0 0 0 0 0 0 0 0 0 0 0 0 0 0 0 0 0 0 0 0 0 0 0 0 0 0 0 0 0 0 0 0 0 0 0 0 0 0 0 0 0 0 0 0 0
0 0 0 0 0 0 0 0 0 0 0 0 0 0 0 0 0 0 0 0 0 0 0 0 0 0 0 0 0 0 0 0 0 0 0 0 0 0 0 0 0 0 0 0 0 0 0 0 0 0 0 0 0 0 0 0 0 0 0 0 0
0 0 0 0 0 0 0 0 0 0 0 0 0 0 0 0 0 0 0 0 0 0 0 0 0 0 0 0 0 0 0 0 0 0 0 0 0 0 0 0 0 0 0 0 0 0 0 0 0 0 0 0 0 0 0 0 0 0 0 0 0

I cap
1058.909090909091 1058.909090909091 1058.9090909091053 1022.9990909091022 877.1380000000022 871.2230000000036 687.6320000000065 805.455000000004 419.55800000000943 521.9530000000013 563.8329999999982 673.4199999999945 435.392999999998 556.3899999999957 729.8889999999983 612.9980909090858 174.11709090908786 317.7760909090918 586.5500909090969 630.3640909090892 290.32109090908347 563.0090909090882 488.5670909090938 689.0170909090871 492.5000909090872 665.2670909090848 750.615090909086 807.1590909090878 619.192090909092 456.55209090908863 398.92509090908777 490.99909090908545 428.1470909090856 415.24609090908655 168.32900000000518 278.14000000000135 226.82200000000785 511.7359999999926 623.467999999995 610.8899999999994 600.6150000000027 649.7699999999969 720.910999999999 590.2669999999989 751.4079999999992 665.7379999999933 744.9169999999991 746.8750000000048 709.6739999999963 750.2689999999955 733.2409999999984 662.8539999999983 686.221999999994 684.7409999999868 905.7439999999986 1049.6100000000279 766.9170909090924 912.0770909090896 967.937090909091 1058.909090909091 1058.909090909091
107.96969696969697 107.96969696969697 107.96969696969691 96.9496969696967 57.53199999999987 73.2369999999986 12.76799999999923 15.544999999999913 4.391999999999371 27.797000000000008 38.467 57.6300000000002 37.956999999999994 64.55999999999992 95.611 74.13069696969711 37.06169696969705 48.25269696969664 64.47869696969649 3.5646969696966337 3.5076969696965135 33.86969696969653 43.71169696969622 31.26669696969634 29.23369696969632 45.516696969696675 59.06369696969672 73.76969696969682 60.33669696969657 56.7266969696967 55.453696969696175 63.12969696969552 35.73169696969619 34.38269696969571 11.021000000000104 39.51000000000005 11.427999999999521 5.613999999999888 11.381999999999923 19.559999999999953 41.03499999999926 81.27999999999984 82.43899999999792 91.23299999999958 101.89199999999964 16.26199999999956 32.58299999999899 41.22499999999975 92.12600000000013 65.43099999999903 53.213999999999075 40.35099999999959 10.732999999999777 18.978999999999992 41.07600000000021 70.19999999999959 86.46169696969679 92.351696969697 96.34169696969697 107.96969696969697 107.96969696969697
38.96666666666666 38.96666666666666 38.96666666666666 3.238749999999996 8.372083333333322 14.632083333333336 22.608750000000008 31.85 33.25000000000001 25.26666666666668 16.866666666666667 8.816666666666677 3.9166666666666696 9.16666666666667 10.91666666666667 11.733333333333333 18.383333333333333 18.383333333333333 18.383333333333333 18.383333333333333 11.733333333333334 32.31666666666666 11.733333333333334 18.383333333333333 6.342083333333334 6.342083333333333 6.342083333333333 6.342083333333333 18.383333333333333 18.383333333333333 11.733333333333334 18.383333333333333 11.733333333333334 18.383333333333333 3.216666666666674 4.966666666666667 4.2666666666666675 2.516666666666672 6.716666666666668 3.566666666666669 31.15 26.60000000000001 40.25000000000001 39.550000000000004 36.75000000000001 22.60875 26.808750000000003 25.125416666666666 18.82541666666667 32.26666666666667 49.0 49.000000000000014 52.49999999999999 18.66333333333334 6.829999999999983 16.59000000000001 25.03333333333333 38.96666666666666 38.96666666666666 38.96666666666666 38.96666666666666
45.24545454545453 45.24545454545453 45.24545454545453 43.25045454545459 25.11699999999947 28.054499999999933 20.520999999999887 30.37299999999968 32.480999999999646 32.28849999999976 25.916999999999693 16.085999999999885 16.291499999999747 17.662499999999902 18.044999999999874 28.468454545454115 23.870454545454137 24.354954545454284 33.018954545454335 28.154954545454334 26.58745454545394 27.72745454545421 25.684954545454296 20.906454545454277 22.112954545454468 25.295454545454533 32.078454545454335 32.543954545454255 29.36145454545439 26.81545454545427 23.66145454545441 26.587454545454253 27.793954545454323 22.359954545454315 19.142999999999855 20.006500000000003 19.730999999999796 23.179499999999997 27.680499999999828 43.59299999999966 28.43099999999988 30.13599999999947 37.40799999999962 30.183499999999682 34.382499999999595 32.81499999999957 25.85999999999981 30.780999999999754 35.60699999999986 45.71049999999956 46.13899999999966 39.88799999999966 39.641499999999624 39.36549999999987 29.743499999999916 38.14149999999999 41.36945454545451 43.05095454545454 44.64695454545453 45.24545454545453 45.24545454545453
20.999999999999993 20.999999999999993 20.999999999999993 20.714999999999993 10.862000000000025 19.819500000000318 9.388000000000398 10.275000000000688 8.520000000000325 11.018500000000387 14.556500000000407 9.160500000000235 7.871500000000207 11.15900000000049 8.805000000000355 9.239000000000136 6.313000000000159 6.759500000000356 11.585500000000398 9.752000000000276 9.63800000000036 10.265000000000299 8.175000000000422 5.7240000000001885 9.391000000000119 14.787000000000296 16.744000000000266 14.169500000000253 8.773500000000377 10.778000000000429 10.48350000000045 12.944000000000463 8.146500000000215 5.58150000000024 6.550500000000303 15.962500000000594 15.11300000000018 15.616500000000105 12.67150000000024 8.013000000000108 3.5850000000000066 8.773500000000165 7.494000000000288 10.424000000000632 10.711500000000385 9.384500000000271 7.009500000000165 8.704000000000477 14.138500000000663 12.99450000000016 14.144000000000174 14.274000000000152 16.262500000000053 12.278500000000072 12.101500000000181 10.087500000000336 14.160000000000112 17.722500000000046 20.800499999999992 20.999999999999993 20.999999999999993
345.75757575757575 345.75757575757575 345.75757575757575 314.4634581105169 222.88155882352942 216.61244117647104 230.07744117647223 236.19211764706043 270.2825588235305 254.0453823529434 208.83044117647052 223.0726176470592 229.3049411764715 221.5814411764719 204.10500000000178 199.7805757575771 201.55707575757538 201.35757575757643 250.68157575757726 254.900693404636 229.23951693404717 263.3160169340472 233.9615757575767 231.53907575757702 233.31557575757492 240.3170757575766 241.40957575757636 199.25807575757787 248.1081934046367 260.72251693404723 227.75751693404527 208.69157575757612 253.91157575757578 228.63207575757477 143.46511764705835 239.8600588235277 243.87388235294202 258.0264411764712 237.6195000000009 209.41400000000274 177.93399999999878 248.85400000000044 212.49100000000334 273.41749999999627 261.8055000000009 192.00550000000234 247.59649999999763 244.04161764705904 298.5134411764739 370.11605882352967 347.20655882352963 310.4618823529419 260.3674411764716 267.8575000000006 310.92900000000145 322.70011764705913 306.5706345811053 341.9670757575757 341.96707575757574 345.75757575757575 345.75757575757575
779.7575757575758 779.7575757575758 779.7575757575758 756.6725757575757 605.7945000000196 643.2669999999997 570.1420000000008 629.9630000000002 767.8660000000004 787.0890000000018 742.299 735.7300000000004 736.3635 680.437 667.4725 497.5315757575768 449.0625757575758 455.91207575757596 605.1190757575752 571.0710757575763 563.2525757575902 548.8695757575841 593.1395757575773 633.9705757575812 576.2105757575764 641.8460757575762 734.8985757575769 706.3510757575766 673.4145757575762 655.9915757575759 576.6285757575757 581.0460757575767 539.303075757576 482.521575757577 431.3930000000026 626.7634999999998 619.8990000000084 734.5945000000056 708.5130000000036 565.9915000000057 493.66800000000177 504.2090000000001 595.1574999999995 589.5484999999998 626.3735000000001 566.6200000000027 563.3410000000003 552.5745000000009 563.2210000000014 612.2455000000009 663.2199999999998 617.5200000000009 625.207000000003 550.9095000000102 512.338000000001 522.573000000013 697.8390757575756 747.1250757575758 765.5930757575758 779.7575757575758 779.7575757575758
80.73333333333335 80.73333333333335 80.73333333333335 78.45333333333335 60.8418333333332 79.59349999999999 66.957 74.53299999999997 78.02866666666665 89.1005 80.16199999999999 81.70583333333333 90.14066666666666 90.20383333333332 80.60999999999999 70.84383333333334 68.6493333333333 68.53533333333333 72.15483333333333 67.59483333333333 68.07933333333332 68.50683333333329 68.64933333333327 61.13483333333308 65.39399999999983 66.8601666666666 74.97949999999999 74.46016666666664 72.994 75.01433333333334 71.01166666666664 70.13133333333333 66.62583333333332 63.129833333333295 32.41600000000001 62.45066666666575 73.35549999999995 69.20033333333288 65.52699999999939 69.34999999999998 68.4409999999996 74.16066666666666 74.83233333333332 74.07349999999997 79.4035 79.38199999999998 75.48866666666666 75.39249999999994 72.15199999999997 69.23833333333309 62.68016666666613 60.49099999999938 58.49849999999944 60.974499999998926 57.30433333333287 51.81899999999994 73.18400000000001 78.31083333333335 80.13483333333335 80.73333333333335 80.73333333333335
10.775757575757575 10.775757575757575 10.775757575757577 10.775757575757577 3.0800000000000205 2.580000000000006 1.4999999999999938 2.402500000000006 6.142500000000005 5.5374999999999925 4.242500000000008 1.9025000000000034 1.617499999999994 0.1099999999999941 3.5524999999999958 0.8577575757575762 2.054757575757584 1.2377575757575838 3.8027575757575827 1.627257575757589 2.596257575757623 5.218257575757627 5.21825757575761 4.553257575757595 5.218257575757592 4.8382575757575825 3.1947575757575892 0.6867575757575679 4.7052575757575905 8.495757575757578 3.175757575757574 0.5157575757575628 5.07575757575757 5.075757575757581 3.4599999999999977 0.24549999999999983 0.030000000000006466 3.5930000000000275 3.558000000000002 3.482499999999986 2.3775000000000004 0.1099999999999941 1.3300000000000054 14.000000000000007 9.57 1.3299999999999983 9.281500000000015 1.6309999999999891 2.669500000000009 6.342500000000007 9.002499999999994 6.669000000000008 4.674000000000023 1.8490000000000437 2.2890000000000184 4.711500000000008 4.876257575757583 10.775757575757577 10.775757575757575 10.775757575757575 10.775757575757575
2.545454545454545 2.545454545454545 2.545454545454545 1.690454545454545 0.8335 0.0035000000000000586 0.37749999999999206 0.6179999999999995 0.46299999999999353 0.0764999999999989 1.7454999999999932 1.4 1.4 0.20000000000000018 0.20000000000000018 0.2939545454545407 0.4079545454545399 0.40795454545454224 1.4624545454545372 0.20845454545454145 0.46495454545453685 0.4649545454545333 1.148954545454532 0.04695454545453703 0.04695454545453881 0.046954545454538366 1.9469545454545365 1.148954545454537 1.1489545454545382 0.5504545454545405 0.550454545454541 1.1489545454545418 0.20845454545453956 0.6644545454545391 0.9189999999999939 0.8049999999999963 0.6909999999999897 0.4184999999999973 0.3204999999999887 0.0035000000000000586 1.4034999999999984 0.7034999999999983 1.602999999999994 0.20300000000000007 0.7034999999999997 0.4629999999999975 0.01949999999999741 0.21949999999997882 0.30149999999999366 1.6029999999999927 1.701499999999979 0.10199999999999809 0.10199999999999587 3.0029999999999903 0.747999999999998 0.633999999999999 0.9494545454545348 1.2629545454545241 1.946954545454545 2.545454545454545 2.545454545454545
8.515433299825174 8.515433299825174 8.515433299825174 8.515433299825174 5.82433495977012 6.231336520114947 4.140288264367837 5.603342241379362 8.41396321839085 7.808581474138013 8.728108859195503 7.691755181034615 7.141498563218474 4.96645298850581 5.131228362069019 5.109368974137987 4.879899836206956 4.985682767241412 3.7327167241379904 3.6397392241379913 3.424009559300002 5.576201100574762 6.025017422413865 5.1107508620690165 5.0582552873564115 5.428015172413871 5.965213620689756 7.141427586206972 6.39441189655177 5.61649477873571 6.783905410919603 4.928424836207014 3.9619482758621833 4.1756284770116 9.496409376436853 11.156875468390824 5.361095353448356 5.796987126436857 4.947841896551774 5.7493944913794035 4.501770525862161 4.700395698275942 4.950630862069035 6.698621379310424 5.460615862069068 5.627096034482797 3.8144320689655853 4.807653801724211 5.8893168477012345 6.746660066092064 8.354731321839186 6.261801724137981 6.899293514367916 6.769313629310422 8.280878974137966 5.497851396551743 7.341582561319489 7.36888141189414 8.187847092928623 8.515433299825174 8.515433299825174
700.0 700.0 700.0 698.0999999999999 683.8499999999999 682.8999999999997 680.0499999999997 688.5999999999998 681.9499999999998 678.1500000000001 680.05 684.7999999999997 679.0999999999998 682.8999999999997 683.8499999999998 682.8999999999997 680.0499999999997 682.8999999999997 683.8499999999997 688.5999999999998 680.0499999999995 684.7999999999997 681.9499999999998 687.6499999999999 685.7499999999997 682.8999999999999 683.8499999999998 684.7999999999998 683.8499999999998 678.1499999999997 682.8999999999996 681.9499999999998 685.7499999999997 685.7499999999999 684.7999999999997 687.6499999999997 681.9499999999998 681.9499999999998 680.0499999999998 683.8499999999998 687.6499999999999 687.6499999999999 686.6999999999999 692.4 686.6999999999999 684.7999999999996 681.9499999999998 685.7499999999999 682.9 688.5999999999998 684.7999999999997 684.8 686.6999999999999 685.7499999999999 685.7499999999998 685.7499999999998 689.5499999999998 690.4999999999998 694.3000000000001 700.0 697.15

H cap
-12.25 -22.75 15.75 -5.25 54.25 -5.25 8.75 57.75 47.25 33.25 43.75 40.25 5.25 1.75 15.75 -5.25 -1.75 19.25 26.25 26.25 57.75 29.75 19.25 26.25 -5.25 -1.75 8.75 15.75 5.25 33.25 57.75 50.75 22.75 1.75 -5.25 29.75 40.25 47.25 64.75 61.25 12.25 26.25 1.75 -5.25 57.75 85.75 120.75 15.75 -1.75 5.25 22.75 -12.25 -1.75 131.25 131.25 131.25 131.25 131.25 131.25 131.25 131.25
27.5 21.5 14.5 -4.0 20.5 31.5 25.5 17.0 13.0 11.5 9.5 5.5 0.5 5.5 6.0 -3.5 1.5 13.5 13.0 6.0 12.5 24.5 21.5 15.5 16.0 19.0 10.5 3.5 1.0 1.0 4.5 21.5 36.5 21.5 12.5 12.5 7.5 11.0 18.0 23.5 16.5 14.5 15.0 16.0 35.5 36.5 33.5 37.5 28.5 25.5 24.5 6.5 21.5 52.5 52.5 52.5 52.5 52.5 52.5 52.5 52.5
42.0 38.5 42.0 38.5 42.0 38.5 49.0 45.5 38.5 42.0 42.0 35.0 31.5 42.0 45.5 42.0 38.5 42.0 49.0 45.5 49.0 49.0 49.0 45.5 38.5 42.0 42.0 42.0 42.0 49.0 56.0 52.5 49.0 49.0 49.0 45.5 49.0 49.0 49.0 59.5 49.0 45.5 45.5 45.5 59.5 63.0 56.0 49.0 49.0 49.0 56.0 52.5 52.5 63.0 63.0 63.0 63.0 63.0 63.0 63.0 63.0
0.75 -9.75 5.75 -1.25 7.25 -4.75 -0.25 0.75 11.25 0.75 1.25 -7.25 0.75 1.75 11.75 4.75 0.25 0.25 0.25 0.75 -2.75 0.75 5.25 -2.25 -2.75 -0.75 0.75 14.25 1.25 2.75 -0.25 11.25 -2.75 -0.25 0.75 -1.25 2.25 -7.75 1.25 11.75 -21.75 -12.75 -0.75 0.25 0.75 -6.25 -0.75 -10.25 23.75 -3.25 7.25 0.75 11.25 78.75 78.75 78.75 78.75 78.75 78.75 78.75 78.75

Gap
NaN

Time
NaN

