T P M C
61 37 4 12

base obj
12.367202108236588

exp obj
11.285205502746068

Objective struct
12.367202108236588 0.0 8.03921568627451

num campaigns
380

x
0 0 0 0 0 0 0 1 0 0 0 0 1 0 0 0 0 0 0 1 0 0 0 0 0 0 1 0 0 1 0 0 0 1 0 0 1 0 0 1 0 0 1 0 0 1 0 0 1 0 0 1 0 0 0 1 0 0 0 0 0
0 0 0 0 0 0 0 0 0 0 0 0 0 0 0 0 0 0 0 0 0 0 0 0 0 1 0 0 0 0 0 0 0 0 1 0 0 0 0 0 0 0 0 0 0 0 0 0 0 0 0 0 1 0 0 0 0 0 0 0 0
0 0 0 0 0 0 0 0 1 0 0 0 0 0 1 0 0 0 0 0 0 1 0 0 0 0 0 1 0 0 0 1 0 0 0 0 1 0 0 0 0 0 0 1 0 0 0 0 1 0 0 0 0 1 0 0 0 0 0 0 0
0 0 0 0 1 0 1 0 1 1 1 1 1 1 1 1 1 0 0 0 0 0 0 0 0 0 0 0 0 0 0 0 0 0 0 0 0 0 0 0 0 0 0 0 0 0 0 0 0 0 0 0 0 0 0 0 0 0 0 0 0
0 0 0 0 0 0 0 1 1 1 1 1 0 1 1 1 1 1 1 0 1 1 1 0 1 0 1 0 0 0 1 0 0 0 0 0 0 0 0 0 0 0 0 0 0 0 0 0 0 0 0 0 0 0 0 0 0 0 0 0 0
0 0 0 0 0 0 0 0 0 1 0 0 0 0 0 0 0 0 0 0 0 0 0 0 0 0 0 0 0 0 0 0 0 0 0 0 0 0 0 0 0 0 1 0 0 0 0 1 0 0 0 0 0 0 0 0 0 0 0 0 0
0 0 0 0 0 0 1 1 1 1 1 1 1 1 1 1 1 1 0 0 0 0 0 0 0 0 0 0 0 0 0 0 0 0 0 0 0 0 0 0 0 0 0 0 0 0 0 0 0 0 0 0 0 0 0 0 0 0 0 0 0
0 0 0 0 0 0 0 0 0 0 0 0 0 0 0 0 0 0 0 0 0 0 1 0 0 0 0 0 0 0 0 1 0 0 0 0 0 0 0 0 1 0 0 0 0 0 0 0 0 1 0 0 0 0 0 0 0 0 0 0 0
0 0 0 0 1 0 0 0 0 0 0 0 0 0 0 0 0 0 0 0 0 0 0 0 0 0 0 0 0 0 0 0 0 0 0 0 0 0 0 0 0 0 0 0 0 0 0 0 0 0 0 0 0 0 0 1 0 0 0 0 0
0 0 0 0 0 0 0 0 0 0 0 0 0 0 0 0 0 0 1 0 1 0 0 1 0 0 1 0 0 0 1 0 0 0 1 0 0 0 0 0 0 0 1 0 0 0 0 0 0 0 0 0 0 0 0 0 0 0 0 0 0
0 0 0 0 1 0 0 0 0 0 0 0 0 0 0 1 0 0 0 0 0 0 0 0 0 0 0 1 0 0 0 0 0 0 0 0 0 0 1 0 0 0 0 0 0 0 0 0 0 0 0 1 0 0 0 0 0 0 0 0 0
0 0 0 0 0 0 1 0 0 0 0 0 0 0 0 0 0 0 0 1 0 0 0 0 0 0 0 0 0 0 0 0 0 0 0 1 0 0 0 0 0 0 0 0 0 0 0 1 0 0 0 0 0 0 0 0 0 0 0 0 0
0 0 0 0 0 0 0 0 1 0 0 0 0 1 0 0 0 0 0 0 0 0 0 0 0 0 0 0 0 0 0 0 0 0 0 0 0 0 0 0 0 0 0 0 0 0 0 0 0 0 0 0 0 0 0 0 0 0 0 0 0
0 0 0 0 1 0 0 0 0 0 0 1 0 0 0 0 0 1 0 0 0 0 0 1 0 0 0 0 0 0 0 0 0 0 1 0 0 0 0 0 0 0 0 0 0 0 1 0 0 0 0 0 0 0 1 0 0 0 0 0 0
0 0 0 0 0 0 0 0 0 0 0 0 0 0 0 0 0 0 0 0 0 0 0 0 0 0 0 0 0 0 0 0 1 0 0 0 0 0 0 0 0 0 0 0 0 0 0 0 0 0 1 0 0 0 0 0 0 0 0 0 0
0 0 0 0 0 0 0 0 0 0 0 0 0 0 0 0 0 0 0 0 0 0 0 0 1 0 0 0 0 0 0 0 0 0 0 0 0 0 0 0 0 0 0 0 0 0 0 0 0 0 0 0 0 0 0 0 0 0 0 0 0
0 0 0 0 0 0 0 0 0 0 1 0 0 0 0 0 0 0 0 0 0 0 0 0 0 0 1 0 0 0 0 0 0 0 0 0 0 0 0 0 0 0 0 0 0 0 1 0 0 0 0 0 0 0 0 1 0 0 0 0 0
0 0 0 0 1 0 0 0 0 0 0 0 0 0 0 0 0 0 0 0 0 0 0 0 1 0 0 0 0 0 0 0 0 0 0 0 0 0 0 0 0 0 0 0 1 0 0 0 0 0 0 0 0 0 0 0 0 0 0 0 0
0 0 0 0 0 0 0 0 1 0 1 0 0 0 1 0 1 0 1 0 1 0 1 0 0 1 0 1 0 1 0 1 0 0 1 0 1 0 1 0 0 1 0 1 0 0 1 0 0 0 0 1 0 1 0 0 0 0 0 0 0
0 0 0 0 0 1 0 0 0 0 0 0 0 0 0 0 0 0 0 0 0 0 0 0 0 0 0 0 0 0 0 0 0 0 0 0 0 0 0 0 0 0 0 0 0 0 0 0 0 0 0 0 0 0 0 1 0 0 0 0 0
0 0 0 0 0 0 0 0 0 1 0 0 1 0 0 1 0 0 0 1 0 0 1 0 0 1 0 0 0 0 1 0 0 0 0 0 0 1 0 0 1 0 0 1 0 0 1 0 0 0 1 0 0 0 0 0 0 0 0 0 0
0 0 0 0 0 0 0 0 0 0 0 0 0 0 0 0 0 0 0 0 0 0 0 0 0 0 0 0 0 0 0 0 0 0 0 0 0 0 0 0 0 0 0 0 0 0 0 0 0 0 0 0 0 0 0 0 0 0 0 0 0
0 0 0 0 0 0 0 0 0 0 0 0 0 0 0 0 1 0 0 0 0 0 0 0 0 0 0 0 1 0 0 0 0 0 0 0 0 0 0 0 1 0 0 0 0 0 0 0 0 0 0 0 0 1 0 0 0 0 0 0 0
0 0 0 0 1 0 0 0 0 0 0 0 0 0 1 0 0 0 0 0 0 1 0 0 0 0 0 0 0 0 1 0 0 0 0 0 1 0 0 0 0 0 0 0 1 0 0 0 0 0 0 0 1 0 0 0 0 0 0 0 0
0 0 0 0 0 0 1 0 0 0 0 0 0 0 0 0 0 0 1 0 0 0 0 0 0 0 0 0 0 0 0 0 0 0 0 0 0 0 1 0 0 0 0 0 0 0 0 0 0 0 0 0 0 0 0 0 0 0 0 0 0
0 0 0 0 1 0 0 0 0 0 1 0 0 0 0 0 1 0 0 0 1 0 0 0 1 0 0 0 1 0 0 0 1 0 0 0 1 0 0 0 0 0 0 0 0 0 0 0 0 0 0 0 0 0 0 0 0 0 0 0 0
0 0 0 0 0 0 1 0 0 0 0 0 1 0 0 0 0 0 0 0 1 0 0 0 0 0 0 0 1 0 0 0 0 0 0 1 0 0 0 0 0 0 0 0 0 0 0 0 0 1 0 0 0 0 0 0 0 0 0 0 0
0 0 0 0 1 0 0 0 0 0 0 0 0 0 0 0 0 0 0 0 0 0 0 0 0 0 0 0 0 0 0 0 0 0 0 0 0 0 0 0 0 0 0 0 0 0 0 0 0 0 0 0 0 0 0 1 0 0 0 0 0
0 0 0 0 0 0 0 0 0 0 0 0 0 0 0 0 0 0 0 0 0 0 0 0 0 0 0 0 0 0 0 0 0 0 0 0 0 0 0 0 0 1 0 0 1 0 0 0 0 0 0 0 0 0 0 0 0 0 0 0 0
0 0 0 0 0 1 0 0 1 1 1 1 1 1 1 1 1 1 0 1 1 1 1 1 1 1 1 1 1 1 1 1 1 1 1 1 1 1 1 1 1 1 1 1 1 1 1 1 1 1 1 1 1 1 1 0 0 0 0 0 0
0 0 0 0 1 0 0 1 1 1 1 1 1 1 1 1 1 1 0 0 1 1 1 1 1 1 0 1 1 1 1 1 1 1 1 1 1 1 1 0 1 1 1 1 1 1 1 1 1 1 1 1 1 1 1 0 0 0 0 0 0
0 0 0 0 1 1 0 0 1 1 1 1 1 1 1 1 1 1 0 0 1 1 1 1 1 1 0 1 1 1 1 1 1 1 1 0 0 1 1 1 1 1 0 1 1 1 1 1 1 1 1 1 0 0 0 0 0 0 0 0 0
0 0 0 0 1 1 0 1 0 0 1 0 0 0 0 1 0 0 0 0 0 1 1 1 1 0 0 0 0 0 0 1 1 1 0 0 0 1 1 0 0 0 0 0 0 0 0 0 1 1 0 1 1 0 0 0 0 0 0 0 0
0 0 0 0 1 1 0 1 1 1 1 1 1 1 1 1 1 0 0 0 1 1 1 1 1 1 1 1 1 1 1 1 1 1 1 0 0 1 1 0 1 1 0 1 1 1 1 1 1 1 1 1 0 0 0 0 0 0 0 0 0
0 0 0 0 0 1 0 0 1 0 0 0 0 0 1 1 0 0 0 0 1 0 1 0 0 0 0 0 0 0 0 1 0 1 0 0 0 1 1 0 0 0 0 1 0 0 1 0 0 0 0 1 0 0 1 0 0 0 0 0 0
0 0 0 0 0 0 0 0 0 0 0 0 0 0 0 0 1 0 0 0 0 0 1 0 0 0 0 0 0 0 0 0 0 0 0 0 0 0 0 0 0 0 0 0 0 0 0 0 0 0 0 0 0 0 0 0 0 0 0 0 0
0 0 0 0 0 0 0 0 0 0 0 0 0 0 0 0 0 0 0 0 0 0 0 0 0 0 0 0 0 0 0 0 0 0 0 0 0 0 0 0 0 0 0 0 0 0 0 0 0 0 0 0 0 0 0 0 0 0 0 0 0

y
0.0 4.363636363636363 0.0 0.0 0.0 0.3636363636363633 0.0 0.0 0.0 0.1785714285714286 0.0 0.0 0.3636363636363633 0.9000000000000004 9.5 0.0 0.0 0.0 0.0 0.0 0.0 0.0 0.0 0.33333333333333304 1.8000000000000007 0.0 0.33333333333333304 0.0 0.4500000000000002 0.0 0.0 0.0 0.5048543689320388 0.0 0.0 5.0 0.0

k
0 9 4 0 0 9 0 0 0 22 0 0 10 4 5 0 2 0 6 0 0 6 0 3 3 0 4 0 19 5 7 12 86 12 38 50 6

f
5.25 15.75 0.0 1.75 0.0 0.0 0.0 0.0 1.75 1.75 0.0 0.0 0.0 0.0 0.0 0.0 0.0 0.0 0.0 0.0 0.0 5.25 8.75 0.0 0.0 0.0 0.0 0.0 0.0 0.0 0.0 0.0 0.0 0.0 0.0 0.0 19.25 0.0 0.0 0.0 0.0 0.0 0.0 0.0 0.0 1.75 1.75 5.25 0.0 0.0 0.0 12.25 12.25 0.0 0.0 0.0 0.0 0.0 0.0 0.0 0.0
0.0 0.0 0.0 0.0 0.0 0.0 0.0 0.0 0.0 0.0 0.0 0.0 0.0 0.0 0.0 0.0 0.0 0.0 0.0 0.5 0.0 0.0 0.0 0.0 0.0 0.0 0.0 0.0 0.0 0.0 0.0 0.0 0.0 0.0 0.0 0.0 0.0 0.0 0.0 0.0 0.0 0.0 0.0 0.0 0.0 0.0 0.0 0.0 0.0 0.0 0.0 0.0 0.0 0.0 0.0 0.0 0.0 0.0 0.0 0.0 0.0
0.0 0.0 0.0 0.0 0.0 0.0 0.0 0.0 0.0 0.0 0.0 0.0 0.0 0.0 0.0 0.0 0.0 0.0 0.0 0.0 0.0 0.0 0.0 0.0 0.0 0.0 0.0 0.0 0.0 0.0 0.0 0.0 0.0 0.0 0.0 0.0 0.0 0.0 0.0 0.0 0.0 0.0 0.0 0.0 0.0 0.0 0.0 0.0 0.0 0.0 0.0 0.0 0.0 0.0 0.0 0.0 0.0 0.0 0.0 0.0 0.0
0.0 10.75 0.0 15.25 0.0 2.25 1.75 0.0 1.75 0.0 1.25 0.0 0.0 4.25 2.75 11.75 0.0 0.75 0.0 0.0 0.0 0.0 0.0 0.0 0.0 3.25 0.0 0.0 1.25 0.0 0.75 0.0 9.75 0.25 0.0 0.0 0.0 0.75 4.75 1.75 0.0 2.25 1.25 10.25 0.0 0.0 0.0 0.75 0.0 7.75 0.0 2.75 0.0 0.0 0.0 0.0 0.0 0.0 0.0 0.0 0.0

L
3 9 4 1 1 5 1 9 51 2 11 12 5 6 18 0 9 20 2 50 3 0 12 6 12 4 6 51 3 1 1 1 1 1 1 6 0

g
0 0 0 0 0 0 0 0 0 0 0 0 0 0 0 0 0 0 0 0 0 0 0 0 0 0 0 0 0 0 0 0 0 0 0 0 0 0 0 0 0 0 0 0 0 0 0 0 0 0 0 0 0 0 0 0 0 0 0 0 0
0 0 0 0 0 0 0 0 0 0 0 0 0 0 0 0 0 0 0 0 0 0 0 0 0 0 0 0 0 0 0 0 0 0 0 0 0 0 0 0 0 0 0 0 0 0 0 0 0 0 0 0 0 0 0 0 0 0 0 0 0
0 0 0 0 0 0 0 0 0 0 0 0 0 0 0 0 0 0 0 0 0 0 0 0 0 0 0 0 0 0 0 0 0 0 0 0 0 0 0 0 0 0 0 0 0 0 0 0 0 0 0 0 0 0 0 0 0 0 0 0 0
0 0 0 0 0 0 0 0 0 0 0 0 0 0 0 0 0 0 0 0 0 0 0 0 0 0 0 0 0 0 0 0 0 0 0 0 0 0 0 0 0 0 0 0 0 0 0 0 0 0 0 0 0 0 0 0 0 0 0 0 0
0 0 0 0 0 0 0 0 0 0 0 0 0 0 0 0 0 0 0 0 0 0 0 0 0 0 0 0 0 0 0 0 0 0 0 0 0 0 0 0 0 0 0 0 0 0 0 0 0 0 0 0 0 0 0 0 0 0 0 0 0
0 0 0 0 0 0 0 0 0 0 0 0 0 0 0 0 0 0 0 0 0 0 0 0 0 0 0 0 0 0 0 0 0 0 0 0 0 0 0 0 0 0 0 0 0 0 0 0 0 0 0 0 0 0 0 0 0 0 0 0 0
0 0 0 0 0 0 0 0 0 0 0 0 0 0 0 0 0 0 0 0 0 0 0 0 0 0 0 0 0 0 0 0 0 0 0 0 0 0 0 0 0 0 0 0 0 0 0 0 0 0 0 0 0 0 0 0 0 0 0 0 0
0 0 0 0 0 0 0 0 0 0 0 0 0 0 0 0 0 0 0 0 0 0 0 0 0 0 0 0 0 0 0 0 0 0 0 0 0 0 0 0 0 0 0 0 0 0 0 0 0 0 0 0 0 0 0 0 0 0 0 0 0
0 0 0 0 0 0 0 0 0 0 0 0 0 0 0 0 0 0 0 0 0 0 0 0 0 0 0 0 0 0 0 0 0 0 0 0 0 0 0 0 0 0 0 0 0 0 0 0 0 0 0 0 0 0 0 0 0 0 0 0 0
0 0 0 0 0 0 0 0 0 0 0 0 0 0 0 0 0 0 0 0 0 0 0 0 0 0 0 0 0 0 0 0 0 0 0 0 0 0 0 0 0 0 0 0 0 0 0 0 0 0 0 0 0 0 0 0 0 0 0 0 0
0 0 0 0 0 0 0 0 0 0 0 0 0 0 0 0 0 0 0 0 0 0 0 0 0 0 0 0 0 0 0 0 0 0 0 0 0 0 0 0 0 0 0 0 0 0 0 0 0 0 0 0 0 0 0 0 0 0 0 0 0
0 0 0 0 0 0 0 0 0 0 0 0 0 0 0 0 0 0 0 0 0 0 0 0 0 0 0 0 0 0 0 0 0 0 0 0 0 0 0 0 0 0 0 0 0 0 0 0 0 0 0 0 0 0 0 0 0 0 0 0 0
0 0 0 0 0 0 0 0 0 0 0 0 0 0 0 0 0 0 0 0 0 0 0 0 0 0 0 0 0 0 0 0 0 0 0 0 0 0 0 0 0 0 0 0 0 0 0 0 0 0 0 0 0 0 0 0 0 0 0 0 0
0 0 0 0 0 0 0 0 0 0 0 0 0 0 0 0 0 0 0 0 0 0 0 0 0 0 0 0 0 0 0 0 0 0 0 0 0 0 0 0 0 0 0 0 0 0 0 0 0 0 0 0 0 0 0 0 0 0 0 0 0
0 0 0 0 0 0 0 0 0 0 0 0 0 0 0 0 0 0 0 0 0 0 0 0 0 0 0 0 0 0 0 0 0 0 0 0 0 0 0 0 0 0 0 0 0 0 0 0 0 0 0 0 0 0 0 0 0 0 0 0 0
0 0 0 0 0 0 0 0 0 0 0 0 0 0 0 0 0 0 0 0 0 0 0 0 0 0 0 0 0 0 0 0 0 0 0 0 0 0 0 0 0 0 0 0 0 0 0 0 0 0 0 0 0 0 0 0 0 0 0 0 0
0 0 0 0 0 0 0 0 0 0 0 0 0 0 0 0 0 0 0 0 0 0 0 0 0 0 0 0 0 0 0 0 0 0 0 0 0 0 0 0 0 0 0 0 0 0 0 0 0 0 0 0 0 0 0 0 0 0 0 0 0
0 0 0 0 0 0 0 0 0 0 0 0 0 0 0 0 0 0 0 0 0 0 0 0 0 0 0 0 0 0 0 0 0 0 0 0 0 0 0 0 0 0 0 0 0 0 0 0 0 0 0 0 0 0 0 0 0 0 0 0 0
0 0 0 0 0 0 0 0 0 0 0 0 0 0 0 0 0 0 0 0 0 0 0 0 0 0 0 0 0 0 0 0 0 0 0 0 0 0 0 0 0 0 0 0 0 0 0 0 0 0 0 0 0 0 0 0 0 0 0 0 0
0 0 0 0 0 0 0 0 0 0 0 0 0 0 0 0 0 0 0 0 0 0 0 0 0 0 0 0 0 0 0 0 0 0 0 0 0 0 0 0 0 0 0 0 0 0 0 0 0 0 0 0 0 0 0 0 0 0 0 0 0
0 0 0 0 0 0 0 0 0 0 0 0 0 0 0 0 0 0 0 0 0 0 0 0 0 0 0 0 0 0 0 0 0 0 0 0 0 0 0 0 0 0 0 0 0 0 0 0 0 0 0 0 0 0 0 0 0 0 0 0 0
0 0 0 0 0 0 0 0 0 0 0 0 0 0 0 0 0 0 0 0 0 0 0 0 0 0 0 0 0 0 0 0 0 0 0 0 0 0 0 0 0 0 0 0 0 0 0 0 0 0 0 0 0 0 0 0 0 0 0 0 0
0 0 0 0 0 0 0 0 0 0 0 0 0 0 0 0 0 0 0 0 0 0 0 0 0 0 0 0 0 0 0 0 0 0 0 0 0 0 0 0 0 0 0 0 0 0 0 0 0 0 0 0 0 0 0 0 0 0 0 0 0
0 0 0 0 0 0 0 0 0 0 0 0 0 0 0 0 0 0 0 0 0 0 0 0 0 0 0 0 0 0 0 0 0 0 0 0 0 0 0 0 0 0 0 0 0 0 0 0 0 0 0 0 0 0 0 0 0 0 0 0 0
0 0 0 0 0 0 0 0 0 0 0 0 0 0 0 0 0 0 0 0 0 0 0 0 0 0 0 0 0 0 0 0 0 0 0 0 0 0 0 0 0 0 0 0 0 0 0 0 0 0 0 0 0 0 0 0 0 0 0 0 0
0 0 0 0 0 0 0 0 0 0 0 0 0 0 0 0 0 0 0 0 0 0 0 0 0 0 0 0 0 0 0 0 0 0 0 0 0 0 0 0 0 0 0 0 0 0 0 0 0 0 0 0 0 0 0 0 0 0 0 0 0
0 0 0 0 0 0 0 0 0 0 0 0 0 0 0 0 0 0 0 0 0 0 0 0 0 0 0 0 0 0 0 0 0 0 0 0 0 0 0 0 0 0 0 0 0 0 0 0 0 0 0 0 0 0 0 0 0 0 0 0 0
0 0 0 0 0 0 0 0 0 0 0 0 0 0 0 0 0 0 0 0 0 0 0 0 0 0 0 0 0 0 0 0 0 0 0 0 0 0 0 0 0 0 0 0 0 0 0 0 0 0 0 0 0 0 0 0 0 0 0 0 0
0 0 0 0 0 0 0 0 0 0 0 0 0 0 0 0 0 0 0 0 0 0 0 0 0 0 0 0 0 0 0 0 0 0 0 0 0 0 0 0 0 0 0 0 0 0 0 0 0 0 0 0 0 0 0 0 0 0 0 0 0
0 0 0 0 0 0 0 0 0 0 0 0 0 0 0 0 0 0 0 0 0 0 0 0 0 0 0 0 0 0 0 0 0 0 0 0 0 0 0 0 0 0 0 0 0 0 0 0 0 0 0 0 0 0 0 0 0 0 0 0 0
0 0 0 0 0 0 0 0 0 0 0 0 0 0 0 0 0 0 0 0 0 0 0 0 0 0 0 0 0 0 0 0 0 0 0 0 0 0 0 0 0 0 0 0 0 0 0 0 0 0 0 0 0 0 0 0 0 0 0 0 0
0 0 0 0 0 0 0 0 0 0 0 0 0 0 0 0 0 0 0 0 0 0 0 0 0 0 0 0 0 0 0 0 0 0 0 0 0 0 0 0 0 0 0 0 0 0 0 0 0 0 0 0 0 0 0 0 0 0 0 0 0
0 0 0 0 0 0 0 0 0 0 0 0 0 0 0 0 0 0 0 0 0 0 0 0 0 0 0 0 0 0 0 0 0 0 0 0 0 0 0 0 0 0 0 0 0 0 0 0 0 0 0 0 0 0 0 0 0 0 0 0 0
0 0 0 0 0 0 0 0 0 0 0 0 0 0 0 0 0 0 0 0 0 0 0 0 0 0 0 0 0 0 0 0 0 0 0 0 0 0 0 0 0 0 0 0 0 0 0 0 0 0 0 0 0 0 0 0 0 0 0 0 0
0 0 0 0 0 0 0 0 0 0 0 0 0 0 0 0 0 0 0 0 0 0 0 0 0 0 0 0 0 0 0 0 0 0 0 0 0 0 0 0 0 0 0 0 0 0 0 0 0 0 0 0 0 0 0 0 0 0 0 0 0
0 0 0 0 0 0 0 0 0 0 0 0 0 0 0 0 0 0 0 0 0 0 0 0 0 0 0 0 0 0 0 0 0 0 0 0 0 0 0 0 0 0 0 0 0 0 0 0 0 0 0 0 0 0 0 0 0 0 0 0 0
0 0 0 0 0 0 0 0 0 0 0 0 0 0 0 0 0 0 0 0 0 0 0 0 0 0 0 0 0 0 0 0 0 0 0 0 0 0 0 0 0 0 0 0 0 0 0 0 0 0 0 0 0 0 0 0 0 0 0 0 0

I cap
1058.909090909091 1058.909090909091 1058.9090909091024 1022.9990909090985 891.9200000000071 916.3480000000022 674.6359999999981 1061.9549999999938 458.6600000000102 382.2269999999985 198.67199999999298 399.8389999999895 385.44200000001194 551.1650000000079 542.0359999999924 450.51009090907314 444.8670909090899 616.1900909090972 655.7670909090918 752.2110909090742 530.0060909090913 552.3120909090921 535.8770909090864 756.0490909090856 536.1620909090896 634.7910909090838 640.320090909086 677.2940909090895 538.1950909090863 594.4540909090879 607.2410909090877 630.9150909090853 508.47909090908706 619.496090909091 147.1250000000083 309.9649999999874 330.6950000000072 436.3250000000074 541.3309999999938 711.3999999999965 656.0000000000041 734.585999999994 560.0759999999982 569.443000000001 684.3189999999987 633.2669999999977 856.1999999999977 766.5019999999807 659.4379999999996 541.6679999999998 561.4620000000003 629.1099999999985 792.7170000000054 868.1099999999752 1006.5009999999721 1103.9120000000137 875.2360909090938 912.0770909090894 967.937090909091 1058.909090909091 1058.909090909091
107.96969696969697 107.96969696969697 107.96969696969697 96.949696969697 48.44999999999996 75.61199999999897 11.51399999999979 74.44499999999964 38.439999999999785 63.97300000000003 56.877999999999716 83.26099999999994 71.75799999999975 46.98499999999919 55.4639999999999 24.768696969697057 41.81169696969667 65.23869696969683 75.06169696969688 30.86769696969668 9.872696969696513 3.7166969696966916 41.051696969696906 39.379696969696234 33.166696969696865 64.68769696969699 73.40869696969685 39.2846969696969 53.93369696969696 21.424696969697052 35.23769696969689 19.16369696969707 48.499696969696465 52.43269696969558 12.274999999999878 5.7850000000000605 44.35499999999986 43.024999999999736 1.3689999999998825 21.64999999999977 31.24999999999963 56.31399999999952 25.723999999997005 34.157 93.93099999999986 80.08299999999697 90.39999999999955 19.69800000000007 35.961999999999016 17.5319999999994 55.987999999999666 39.03999999999889 32.58299999999964 56.959999999999795 71.41900000000004 65.29799999999841 89.29269696969675 92.35169696969695 96.34169696969697 107.96969696969697 107.96969696969697
38.96666666666666 38.96666666666666 38.96666666666666 3.238749999999996 8.372083333333334 14.632083333333336 29.25875 38.5 33.250000000000014 18.616666666666674 3.566666666666669 8.81666666666667 3.9166666666666705 22.46666666666667 10.916666666666671 18.383333333333333 11.733333333333333 18.383333333333333 25.666666666666664 18.383333333333333 11.73333333333333 18.383333333333333 11.733333333333334 6.342083333333333 6.342083333333333 6.342083333333333 6.342083333333333 11.733333333333334 32.31666666666666 25.666666666666664 18.383333333333333 11.733333333333334 18.383333333333333 32.31666666666666 17.150000000000006 12.25 4.900000000000001 2.516666666666671 0.0666666666666682 10.216666666666669 17.21666666666667 19.316666666666677 26.316666666666677 6.925416666666675 10.775416666666679 8.675416666666667 12.875416666666672 30.516666666666666 24.21666666666667 46.2 35.06666666666666 28.41666666666668 31.91666666666668 12.013333333333357 20.76333333333333 30.523333333333333 38.96666666666666 38.96666666666666 38.96666666666666 38.96666666666666 38.96666666666666
45.24545454545453 45.24545454545453 45.24545454545453 43.25045454545457 24.005499999999355 35.98699999999994 36.34799999999974 36.32949999999971 20.09299999999984 23.149499999999662 23.997999999999685 21.130499999999863 18.390999999999757 17.415499999999852 11.508999999999943 26.15045454545409 27.907954545454405 38.994454545454346 36.17295454545416 27.898454545454012 26.644454545454312 21.666454545454364 25.27645454545419 26.539954545454297 27.4709545454543 31.603454545454213 29.997954545454295 25.36195454545429 27.6134545454543 25.684954545454296 26.64445454545427 24.088954545454044 27.356954545454403 27.765454545454478 24.738499999999576 18.590999999999973 18.172999999999906 17.688500000000033 25.618999999999865 41.90199999999959 28.20299999999985 34.401499999999515 34.54849999999959 26.259999999999486 30.591999999999576 31.199999999999807 31.39849999999979 26.2019999999998 24.463499999999918 29.81699999999947 35.422999999999504 38.8239999999998 44.25849999999974 39.99249999999972 35.8424999999999 41.82750000000013 42.585454545454525 43.05095454545453 44.64695454545453 45.24545454545453 45.24545454545453
20.999999999999993 20.999999999999993 20.999999999999993 20.714999999999993 8.78150000000001 20.15200000000049 15.515500000000396 19.19550000000077 8.387000000000516 4.197500000000389 8.75200000000055 11.497500000000429 10.731000000000577 13.439000000001132 6.059500000000121 6.113500000000032 6.9590000000001755 11.918000000000557 13.827500000000368 15.366500000000137 15.224000000000219 9.609500000000422 7.624000000000183 7.700000000000102 9.761500000000181 11.044000000000189 13.428500000000218 10.398000000000241 11.044000000000125 8.175000000000123 9.98000000000024 6.845000000000072 7.595500000000115 8.374500000000323 9.837500000000306 12.333500000000058 7.617500000000172 6.97150000000018 7.5415000000000205 11.471000000000037 7.100000000000065 13.637499999999998 7.864500000000378 9.19850000000088 7.586000000000094 7.465500000000256 10.619500000000432 9.64450000000015 9.911000000000527 5.594000000000298 6.933500000000146 10.721000000000167 10.277500000000352 6.7400000000001565 7.54149999999997 11.332000000000857 17.618000000000094 20.572500000000005 20.800499999999992 20.999999999999993 20.999999999999993
345.75757575757575 345.75757575757575 345.75757575757575 314.4634581105169 199.0829411764706 245.5036176470591 279.61155882352966 244.7018823529432 217.7749411764703 210.53650000000096 167.28749999999965 153.2844999999999 201.60350000000116 216.4234999999994 192.36300000000003 238.6165757575761 256.4860757575763 297.2611934046368 294.8476345811062 277.1379581105167 252.315016934047 206.74407575757698 237.23907575757661 199.9895757575758 179.41257575757692 257.59869340463655 213.6120169340479 179.59251693404775 206.3260757575771 233.96157575757613 207.44707575757715 210.36357575757643 237.0585757575776 238.37907575757598 150.1056176470587 207.29405882352958 238.16438235293907 230.78044117647332 238.41750000000198 244.15550000000022 230.15550000000363 308.3631176470596 217.591941176474 262.23544117647407 254.29100000000108 185.00400000000155 254.5980000000033 232.7640000000018 278.5165000000016 303.86250000000035 272.1275000000006 292.17661764705855 348.0155588235301 390.89200000000125 407.8955000000015 348.38700000000085 279.04857575757626 304.8695757575757 341.96707575757574 345.75757575757575 345.75757575757575
779.7575757575758 779.7575757575758 779.7575757575758 681.8600757575757 458.17400000001527 690.1020000000002 697.1665000000005 721.2485000000003 749.0940000000011 632.5999999999999 610.0115000000006 749.5335000000006 759.7809999999998 774.5725 633.937500000004 580.6280757575777 686.8570757575765 765.5930757575762 763.7120757575768 733.0270757575954 634.445575757577 516.2940757575775 520.1605757575783 547.0265757575771 618.020075757576 702.5225757575769 712.421575757576 642.7770757575768 650.5955757575765 651.3270757575752 622.4470757575768 530.8290757575812 520.8065757575758 592.2275757575752 547.2740000000067 651.1785000000021 601.3360000000006 577.8255000000007 632.3135000000007 657.7899999999973 653.1730000000043 704.9915000000024 637.9169999999989 594.8115000000012 569.6490000000026 543.0029999999956 657.8755000000014 481.8375000000043 418.6120000000014 464.54900000000544 524.406000000007 491.29350000000164 617.1320000000013 673.1175000000063 659.0275000000012 558.0935000000022 698.9695757575757 722.8430757575758 765.5930757575758 779.7575757575758 779.7575757575758
80.73333333333335 80.73333333333335 80.73333333333335 78.45333333333335 59.73033333333298 80.2585 73.94266666666667 82.53833333333331 73.75049999999997 77.37749999999997 69.6835 79.19149999999999 87.392 88.21199999999997 78.10199999999999 68.05083333333333 69.13383333333333 76.3665 78.52933333333333 74.55833333333332 71.26816666666666 66.16983333333333 68.73483333333327 69.10533333333333 70.13133333333332 71.43283333333333 71.01483333333333 68.22183333333334 69.16233333333331 68.64933333333332 70.21683333333333 67.39533333333334 68.3643333333333 69.24783333333328 37.260999999999996 60.322666666665725 71.71199999999993 65.58083333333259 64.41549999999968 73.17216666666664 71.8008333333331 71.92499999999998 72.69166666666665 76.54983333333332 77.20899999999999 80.29399999999998 77.42349999999999 66.06349999999998 62.043999999999755 59.93149999999943 62.89549999999939 61.925499999999026 63.34666666666573 63.46349999999853 61.36399999999903 58.74450000000054 77.80733333333335 78.31083333333335 80.13483333333335 80.73333333333335 80.73333333333335
10.775757575757575 10.775757575757575 10.775757575757575 10.775757575757577 8.40000000000001 6.759999999999989 4.1600000000000055 4.540000000000002 2.200000000000001 6.439999999999994 5.781500000000011 0.41100000000000847 2.149499999999994 5.2399999999999975 3.6 5.075757575757595 8.115757575757574 10.775757575757595 10.775757575757659 10.775757575757627 4.458257575757598 2.5582575757575756 1.8932575757575776 1.7982575757575998 1.9312575757575905 4.173257575757589 3.2802575757575707 0.2022575757575833 2.4252575757575823 5.218257575757582 1.7697575757575712 3.0047575757575853 2.624757575757586 2.092757575757587 0.676500000000042 0.9960000000000018 1.255500000000005 0.8000000000000078 1.0025000000000057 6.142499999999995 9.217499999999992 3.6724999999999963 0.3325000000000068 10.057500000000022 6.910000000000006 1.3300000000000018 6.241500000000012 0.2534999999999884 2.783500000000005 4.889000000000067 1.8490000000000242 0.05700000000002625 5.576500000000031 8.176000000000013 7.675500000000002 4.521499999999995 0.6867575757575715 4.7052575757575745 10.775757575757575 10.775757575757575 10.775757575757575
2.545454545454545 2.545454545454545 2.545454545454545 1.690454545454545 1.432 0.0035000000000000586 0.5769999999999916 0.6179999999999995 0.2634999999999931 0.07649999999999979 0.5484999999999874 0.8015 0.602 0.24749999999999972 0.07650000000000023 0.892454545454542 0.6454545454545269 0.0469545454545357 1.9469545454545347 0.8069545454545423 1.063454545454534 1.262954545454532 0.0469545454545397 0.6454545454545424 0.7499545454545428 1.234454545454541 1.2629545454545386 0.6644545454545244 1.3484545454545236 1.1489545454545365 1.747454545454536 1.3484545454545405 1.3484545454545418 0.5504545454545325 0.690999999999996 0.17799999999998595 0.23499999999998666 0.019499999999996964 1.602999999999986 0.0035000000000000586 1.4034999999999989 0.9029999999999975 1.403499999999997 0.0035000000000000586 0.9030000000000006 1.4034999999999993 0.7034999999999997 2.0624999999999796 0.7194999999999797 0.7194999999999975 3.0029999999999806 0.20649999999998958 1.2894999999999959 2.518499999999983 0.26349999999999074 0.6339999999999978 0.9494545454545414 1.2629545454544857 1.946954545454545 2.545454545454545 2.545454545454545
8.515433299825174 8.515433299825174 8.515433299825174 8.187847092928623 5.087266158045976 6.1120838103448385 6.291983666666689 7.293600698275913 7.731491790229921 5.532719568965613 7.6361550000001 7.282272586207032 6.764228284482783 4.939153974137975 4.960883370689694 4.287127758620741 5.305762068965549 5.9955105172414065 5.745417873563283 5.683877155172484 4.707055536311459 5.052609146551794 4.960362250000065 4.29178534482766 5.631531149425358 5.336291034482842 4.209897528735718 6.24657126436787 6.394411732758689 6.954138456896618 7.575572077586312 5.332993965517344 4.705568965517295 5.743128477011556 8.991926781609271 10.480409951149426 5.366009146551791 5.8133662729885724 5.3687901724138705 5.409480862069051 5.251167241379394 5.355568275862148 5.419625114942575 5.415575402298907 5.21001241379318 5.959596034482803 4.710380344827743 4.544722931034567 4.447391724137992 4.5081543189655795 6.423064491379398 4.81145673275868 5.9953856321839 6.681727586206993 8.930361896551755 6.378196224137951 7.368881411894202 7.36888141189414 8.515433299825174 8.515433299825174 8.187847092928623
700.0 700.0 700.0 698.0999999999999 683.8499999999999 683.8499999999998 678.1499999999997 688.5999999999998 681.9499999999998 678.1499999999999 682.8999999999996 680.9999999999995 680.0499999999998 681.9499999999997 679.0999999999998 680.9999999999998 677.1999999999996 683.8499999999997 676.2499999999998 683.8499999999998 680.9999999999998 683.8499999999997 680.0499999999997 683.8499999999997 683.8499999999997 683.8499999999998 685.7499999999998 686.6999999999997 677.1999999999998 684.8 681.9499999999999 682.8999999999997 684.7999999999998 690.4999999999999 686.7 686.6999999999997 681.9499999999997 684.8 683.8499999999998 685.7499999999998 681.9499999999999 687.65 686.6999999999999 689.5499999999998 684.7999999999998 689.5499999999997 684.7999999999998 681.9499999999998 685.7499999999998 686.6999999999999 689.55 683.8499999999997 683.8499999999999 682.8999999999997 682.8999999999999 680.9999999999999 689.55 694.3 700.0 697.15 698.1

H cap
-5.25 -15.75 61.25 -1.75 5.25 1.75 1.75 47.25 -1.75 -1.75 36.75 15.75 1.75 33.25 68.25 15.75 8.75 50.75 15.75 36.75 40.25 -5.25 -8.75 15.75 47.25 15.75 26.25 15.75 5.25 26.25 22.75 47.25 19.25 36.75 89.25 47.25 -19.25 12.25 12.25 1.75 43.75 22.75 47.25 54.25 22.75 -1.75 -1.75 -5.25 12.25 29.75 75.25 -12.25 -12.25 131.25 131.25 131.25 131.25 131.25 131.25 131.25 131.25
28.0 13.0 28.0 25.0 5.5 3.0 5.5 2.5 4.5 4.5 5.0 2.0 4.5 13.0 27.5 35.5 17.5 8.0 5.0 -0.5 7.5 17.5 14.5 13.0 21.0 20.5 16.5 8.0 7.0 9.5 4.5 16.5 28.0 21.0 14.5 21.5 24.5 18.5 17.5 17.0 18.0 18.5 10.5 11.5 14.0 7.0 12.5 10.5 15.5 32.0 30.0 25.5 39.5 52.5 52.5 52.5 52.5 52.5 52.5 52.5 52.5
42.0 38.5 52.5 49.0 38.5 38.5 38.5 38.5 45.5 42.0 35.0 35.0 35.0 42.0 49.0 49.0 42.0 35.0 42.0 49.0 45.5 42.0 42.0 38.5 42.0 45.5 45.5 42.0 45.5 52.5 49.0 49.0 42.0 45.5 56.0 52.5 52.5 49.0 49.0 49.0 45.5 49.0 52.5 56.0 56.0 49.0 52.5 49.0 45.5 45.5 52.5 49.0 49.0 63.0 63.0 63.0 63.0 63.0 63.0 63.0 63.0
4.25 -10.75 0.25 -15.25 6.25 -2.25 -1.75 2.75 -1.75 5.75 -1.25 2.75 0.75 -4.25 -2.75 -11.75 6.75 -0.75 4.25 11.75 0.25 15.75 1.25 0.75 5.75 -3.25 3.25 0.25 -1.25 1.25 -0.75 9.25 -9.75 -0.25 13.75 0.25 0.75 -0.75 -4.75 -1.75 2.25 -2.25 -1.25 -10.25 0.25 10.25 8.25 -0.75 4.25 -7.75 5.75 -2.75 21.75 78.75 78.75 78.75 78.75 78.75 78.75 78.75 78.75

Gap
NaN

Time
NaN

