T P M C
61 37 4 12

base obj
12.330141984452327

exp obj
11.03192021382944

Objective struct
12.330141984452327 0.0 7.137254901960783

num campaigns
359

x
0 0 0 0 0 0 0 0 1 0 0 1 0 0 1 0 0 1 0 0 0 0 0 0 0 1 0 0 1 0 0 0 1 0 0 1 0 0 0 1 0 0 0 0 0 1 0 0 1 0 0 1 0 0 0 1 0 0 0 0 0
0 0 0 0 0 0 0 0 0 0 0 0 0 0 0 0 0 0 0 0 0 0 1 0 0 0 0 0 1 0 0 0 0 0 0 0 0 1 0 0 0 0 0 1 0 0 0 0 0 1 0 0 0 0 0 0 0 0 0 0 0
0 0 0 0 0 0 0 0 1 0 0 0 1 0 0 0 1 0 0 0 1 0 0 0 0 0 0 1 0 0 0 1 0 0 0 1 0 0 0 0 0 1 0 0 0 1 0 0 0 1 0 0 0 1 0 0 0 0 0 0 0
0 0 0 0 0 0 1 0 1 1 1 0 1 1 1 1 1 0 0 0 1 1 0 0 0 0 0 0 0 0 0 0 0 0 0 0 0 0 0 0 0 0 0 0 0 0 0 0 0 0 0 0 0 0 0 0 0 0 0 0 0
0 0 0 0 0 0 0 0 1 0 1 0 0 1 0 1 0 0 1 0 1 0 1 0 0 0 1 0 0 0 1 0 1 0 1 0 0 0 1 0 1 0 0 1 0 0 0 1 0 0 1 0 0 1 0 0 0 0 0 0 0
0 0 0 0 0 0 0 0 0 0 0 0 0 0 0 0 0 0 0 0 0 0 0 0 1 0 0 0 0 0 1 0 0 0 0 0 0 1 0 0 0 0 0 0 0 0 0 1 0 0 0 0 0 0 0 0 0 0 0 0 0
0 0 0 0 0 0 0 1 0 1 0 0 1 0 1 0 1 0 1 0 0 1 0 0 0 0 1 0 1 0 1 0 1 0 1 0 0 0 0 0 0 0 0 0 0 0 0 0 0 0 0 0 0 0 0 0 0 0 0 0 0
0 0 0 0 1 0 0 0 0 0 0 0 0 0 0 0 0 0 0 0 1 0 0 0 0 0 0 0 0 0 0 0 0 0 0 0 1 0 0 0 0 0 0 0 0 0 0 0 0 0 0 0 1 0 0 0 0 0 0 0 0
0 0 0 0 1 0 0 0 0 0 0 0 0 0 0 0 0 0 0 0 0 0 0 0 0 0 0 0 0 0 0 0 0 0 0 0 0 0 0 0 0 0 0 0 0 0 0 0 0 0 0 0 0 0 1 0 0 0 0 0 0
0 0 0 0 0 0 0 0 0 0 0 0 0 0 0 0 1 0 0 0 0 0 1 0 0 0 0 0 0 0 0 0 0 0 0 0 0 0 0 0 0 0 1 0 1 0 0 1 0 0 0 0 0 0 0 0 0 0 0 0 0
0 0 0 0 0 0 0 0 0 0 0 0 0 1 0 0 0 0 0 0 0 1 0 0 0 0 0 0 0 0 1 0 0 0 0 0 0 0 0 1 0 0 0 0 0 0 0 0 0 1 0 0 0 0 0 0 0 0 0 0 0
0 0 0 0 0 0 0 0 1 0 0 0 0 0 0 0 0 0 0 0 0 0 0 0 1 0 0 0 0 0 0 0 0 0 0 0 0 0 0 0 1 0 0 0 0 0 0 0 0 0 0 0 0 0 0 1 0 0 0 0 0
0 0 0 0 0 0 1 0 0 0 0 0 0 0 0 0 0 0 0 0 0 0 0 0 0 0 0 0 0 0 0 1 0 0 0 0 0 0 0 0 0 0 0 0 0 0 0 0 0 0 0 0 0 0 0 0 0 0 0 0 0
0 0 0 0 1 0 0 0 0 0 0 0 0 0 1 0 0 0 0 0 0 1 0 0 0 0 0 0 0 0 0 0 0 0 0 0 1 0 0 0 0 0 1 0 0 0 0 0 0 1 0 0 0 0 0 1 0 0 0 0 0
0 0 0 0 0 0 0 0 0 0 0 0 0 0 0 0 0 0 0 0 0 0 0 0 0 0 0 0 0 0 0 0 0 0 1 0 0 0 0 0 0 0 0 0 0 0 0 0 0 0 1 0 0 0 0 0 0 0 0 0 0
0 0 0 0 0 0 1 0 0 0 0 0 0 0 0 0 0 0 0 0 0 0 0 0 0 0 0 0 0 0 0 0 0 0 0 0 0 0 0 0 0 0 0 0 0 0 0 0 0 0 0 0 0 0 0 0 0 0 0 0 0
0 0 0 0 0 0 0 0 0 0 0 0 0 0 0 0 0 0 0 0 0 0 0 0 1 0 0 0 0 0 0 0 0 0 0 0 0 0 0 0 0 0 0 1 0 0 0 0 0 0 0 0 0 0 1 0 0 0 0 0 0
0 0 0 0 0 0 1 0 0 0 0 0 0 0 0 0 0 0 0 0 0 0 0 0 0 0 1 0 0 0 0 0 0 0 0 0 0 0 0 0 0 0 0 0 0 0 1 0 0 0 0 0 0 0 0 0 0 0 0 0 0
0 0 0 0 0 0 0 0 0 1 0 1 0 1 0 1 0 1 0 1 0 0 1 0 1 0 0 1 0 1 0 1 0 1 0 0 0 0 1 0 1 0 1 0 1 0 1 0 1 0 0 1 0 1 0 0 0 0 0 0 0
0 0 0 0 1 0 0 0 0 0 0 0 0 0 0 0 0 0 0 0 0 0 0 0 0 0 0 0 0 0 0 0 0 0 0 0 0 0 0 0 0 0 0 0 0 0 0 0 0 0 0 0 0 0 0 1 0 0 0 0 0
0 0 0 0 0 0 0 0 0 0 1 0 0 1 0 0 1 0 0 0 1 0 0 1 0 0 1 0 0 1 0 0 1 0 0 0 1 0 0 0 0 0 1 0 0 0 1 0 0 1 0 0 0 0 0 0 0 0 0 0 0
0 0 0 0 0 0 0 0 0 0 0 0 0 0 0 0 0 0 0 0 0 0 0 0 0 0 0 0 0 0 0 0 0 0 0 0 0 0 0 0 0 0 0 0 0 0 0 0 0 0 0 0 0 0 0 0 0 0 0 0 0
0 0 0 0 0 0 0 0 0 0 1 0 0 0 0 0 0 0 0 0 0 0 0 1 0 0 0 0 0 0 0 0 0 0 0 0 0 0 1 0 0 0 0 0 0 0 0 0 0 0 0 0 0 1 0 0 0 0 0 0 0
0 0 0 0 1 0 0 0 0 0 0 0 1 0 0 0 0 0 0 1 0 0 0 0 0 0 1 0 0 0 0 0 0 1 0 0 0 0 0 0 1 0 0 0 0 0 0 0 0 0 0 1 0 0 0 0 0 0 0 0 0
0 0 0 0 0 0 1 0 0 0 0 0 0 0 0 0 0 0 1 0 0 0 0 0 0 0 0 0 0 1 0 0 0 0 0 0 0 0 0 0 0 0 0 0 0 0 0 0 0 0 0 0 0 0 0 0 0 0 0 0 0
0 0 0 0 1 0 0 0 0 1 0 0 0 0 1 0 0 0 0 1 0 0 0 0 0 1 0 0 0 0 0 0 0 1 0 0 0 0 1 0 0 0 0 0 0 1 0 0 0 0 0 0 0 0 0 0 0 0 0 0 0
0 0 0 0 0 0 0 1 0 0 0 0 1 0 0 0 1 0 0 0 0 0 1 0 0 0 0 1 0 0 0 1 0 0 0 0 0 0 0 1 0 0 0 0 0 0 0 1 0 0 0 0 1 0 0 0 0 0 0 0 0
0 0 0 0 1 0 0 0 0 0 0 0 0 0 0 0 0 0 0 0 0 0 0 0 0 0 0 0 0 0 0 0 0 0 0 0 0 0 0 0 0 0 0 0 0 0 0 0 0 0 0 0 0 0 0 1 0 0 0 0 0
0 0 0 0 0 0 0 0 0 0 0 0 0 0 0 0 0 0 0 0 0 0 0 0 0 0 0 0 0 0 0 0 0 0 0 0 0 0 0 0 0 1 0 0 0 1 0 0 0 0 0 0 0 0 0 0 0 0 0 0 0
0 0 0 0 0 0 1 0 1 1 1 1 1 0 1 1 1 1 1 1 1 1 1 0 0 1 1 1 1 1 1 1 1 1 1 1 1 1 1 0 1 1 1 1 1 1 1 1 1 0 0 1 0 1 0 0 0 0 0 0 0
0 0 0 0 1 0 0 0 1 1 1 1 1 1 1 1 1 1 1 1 1 1 1 0 0 1 1 1 0 0 1 1 1 1 1 1 1 1 1 1 1 1 1 1 1 1 1 1 1 0 0 0 1 1 0 0 0 0 0 0 0
0 0 0 0 0 0 0 0 1 1 1 0 1 1 1 1 1 1 1 1 1 1 1 1 0 1 1 1 1 1 1 1 1 1 1 1 1 1 0 1 1 1 1 1 1 1 1 1 0 1 0 0 1 1 0 0 0 0 0 0 0
0 0 0 0 0 0 0 0 1 0 1 0 0 0 0 1 1 0 0 0 1 1 0 0 0 0 1 1 0 0 0 1 0 1 0 0 0 0 0 0 0 0 1 0 1 0 1 0 0 0 0 0 0 0 0 0 0 0 0 0 0
0 0 0 0 0 0 0 0 1 1 1 0 1 1 1 1 1 1 0 0 1 1 1 1 0 0 1 1 0 0 1 1 1 1 0 1 1 1 1 0 0 1 0 1 1 0 1 1 1 0 0 0 1 1 0 0 0 0 0 0 0
0 0 0 0 0 0 0 0 0 1 1 0 0 1 0 1 1 1 0 0 0 1 1 0 0 0 1 1 0 0 0 1 0 0 0 0 0 0 0 0 0 0 0 1 0 0 0 1 0 0 0 0 0 0 0 0 0 0 0 0 0
0 0 0 0 0 0 0 0 0 0 0 0 0 0 0 0 0 0 0 1 0 0 0 0 0 0 0 0 0 0 0 0 0 0 0 0 0 0 0 0 0 0 0 0 0 0 0 0 0 0 0 0 1 0 0 0 0 0 0 0 0
0 0 0 0 0 0 0 0 0 0 0 0 0 0 0 0 0 0 0 0 0 0 0 0 0 0 0 0 0 0 0 0 0 0 0 0 0 0 0 0 0 0 0 0 0 0 0 0 0 0 0 0 0 0 0 0 0 0 0 0 0

y
0.0 1.3636363636363633 0.0 0.0 0.0 1.3636363636363633 0.0 0.0 0.0 0.1785714285714286 0.0 0.0 20.363636363636363 0.9000000000000004 7.5 0.0 0.8000000000000007 0.0 0.0 0.0 0.0 0.0 0.0 1.333333333333333 0.8000000000000007 0.0 0.0 0.0 1.4500000000000002 0.0 0.0 0.0 0.5048543689320388 0.0 0.0 32.0 0.0

k
0 7 2 0 0 8 0 0 0 24 0 0 10 4 5 0 3 0 5 0 0 6 0 3 3 0 1 0 19 12 12 12 91 21 39 50 6

f
12.25 12.25 0.0 0.0 0.0 0.0 0.0 0.0 0.0 0.0 0.0 0.0 0.0 1.75 0.0 0.0 0.0 0.0 0.0 0.0 0.0 0.0 0.0 0.0 5.25 0.0 0.0 0.0 0.0 0.0 0.0 5.25 0.0 1.75 0.0 5.25 0.0 0.0 0.0 0.0 0.0 0.0 0.0 0.0 5.25 0.0 0.0 5.25 12.25 5.25 0.0 22.75 0.0 0.0 0.0 0.0 0.0 0.0 0.0 0.0 0.0
0.0 0.0 0.0 0.0 0.0 0.0 0.0 0.0 0.0 0.0 0.0 0.0 3.0 0.5 0.0 0.0 0.0 4.0 5.0 0.0 0.0 0.0 0.0 0.0 0.0 0.0 0.0 0.0 0.0 0.0 0.0 0.0 0.0 0.0 0.0 0.0 0.0 0.0 0.0 0.0 0.0 0.0 0.0 0.0 0.0 0.0 0.0 0.0 0.0 0.0 0.0 0.0 0.0 0.0 0.0 0.0 0.0 0.0 0.0 0.0 0.0
0.0 0.0 0.0 0.0 0.0 0.0 0.0 0.0 0.0 0.0 0.0 0.0 0.0 0.0 0.0 0.0 0.0 0.0 0.0 0.0 0.0 0.0 0.0 0.0 0.0 0.0 0.0 0.0 0.0 0.0 0.0 0.0 0.0 0.0 0.0 0.0 0.0 0.0 0.0 0.0 0.0 0.0 0.0 0.0 0.0 0.0 0.0 0.0 0.0 0.0 0.0 0.0 0.0 0.0 0.0 0.0 0.0 0.0 0.0 0.0 0.0
0.0 0.0 6.25 15.75 0.0 0.25 0.0 0.75 4.25 0.0 1.75 0.0 0.0 0.75 0.75 4.75 0.0 0.0 0.0 0.0 11.75 5.25 0.0 0.0 0.0 5.25 2.25 0.0 0.0 0.0 1.25 2.75 1.25 0.0 4.75 3.75 0.75 0.0 0.0 0.75 0.0 1.75 0.0 0.0 0.25 0.0 5.75 7.75 0.0 1.25 0.0 8.25 0.0 0.0 0.0 0.0 0.0 0.0 0.0 0.0 0.0

L
3 6 4 1 2 6 2 16 50 2 8 15 25 6 16 0 11 20 2 51 3 0 13 7 11 5 4 51 4 1 1 1 1 1 1 33 0

g
0 0 0 0 0 0 0 0 0 0 0 0 0 0 0 0 0 0 0 0 0 0 0 0 0 0 0 0 0 0 0 0 0 0 0 0 0 0 0 0 0 0 0 0 0 0 0 0 0 0 0 0 0 0 0 0 0 0 0 0 0
0 0 0 0 0 0 0 0 0 0 0 0 0 0 0 0 0 0 0 0 0 0 0 0 0 0 0 0 0 0 0 0 0 0 0 0 0 0 0 0 0 0 0 0 0 0 0 0 0 0 0 0 0 0 0 0 0 0 0 0 0
0 0 0 0 0 0 0 0 0 0 0 0 0 0 0 0 0 0 0 0 0 0 0 0 0 0 0 0 0 0 0 0 0 0 0 0 0 0 0 0 0 0 0 0 0 0 0 0 0 0 0 0 0 0 0 0 0 0 0 0 0
0 0 0 0 0 0 0 0 0 0 0 0 0 0 0 0 0 0 0 0 0 0 0 0 0 0 0 0 0 0 0 0 0 0 0 0 0 0 0 0 0 0 0 0 0 0 0 0 0 0 0 0 0 0 0 0 0 0 0 0 0
0 0 0 0 0 0 0 0 0 0 0 0 0 0 0 0 0 0 0 0 0 0 0 0 0 0 0 0 0 0 0 0 0 0 0 0 0 0 0 0 0 0 0 0 0 0 0 0 0 0 0 0 0 0 0 0 0 0 0 0 0
0 0 0 0 0 0 0 0 0 0 0 0 0 0 0 0 0 0 0 0 0 0 0 0 0 0 0 0 0 0 0 0 0 0 0 0 0 0 0 0 0 0 0 0 0 0 0 0 0 0 0 0 0 0 0 0 0 0 0 0 0
0 0 0 0 0 0 0 0 0 0 0 0 0 0 0 0 0 0 0 0 0 0 0 0 0 0 0 0 0 0 0 0 0 0 0 0 0 0 0 0 0 0 0 0 0 0 0 0 0 0 0 0 0 0 0 0 0 0 0 0 0
0 0 0 0 0 0 0 0 0 0 0 0 0 0 0 0 0 0 0 0 0 0 0 0 0 0 0 0 0 0 0 0 0 0 0 0 0 0 0 0 0 0 0 0 0 0 0 0 0 0 0 0 0 0 0 0 0 0 0 0 0
0 0 0 0 0 0 0 0 0 0 0 0 0 0 0 0 0 0 0 0 0 0 0 0 0 0 0 0 0 0 0 0 0 0 0 0 0 0 0 0 0 0 0 0 0 0 0 0 0 0 0 0 0 0 0 0 0 0 0 0 0
0 0 0 0 0 0 0 0 0 0 0 0 0 0 0 0 0 0 0 0 0 0 0 0 0 0 0 0 0 0 0 0 0 0 0 0 0 0 0 0 0 0 0 0 0 0 0 0 0 0 0 0 0 0 0 0 0 0 0 0 0
0 0 0 0 0 0 0 0 0 0 0 0 0 0 0 0 0 0 0 0 0 0 0 0 0 0 0 0 0 0 0 0 0 0 0 0 0 0 0 0 0 0 0 0 0 0 0 0 0 0 0 0 0 0 0 0 0 0 0 0 0
0 0 0 0 0 0 0 0 0 0 0 0 0 0 0 0 0 0 0 0 0 0 0 0 0 0 0 0 0 0 0 0 0 0 0 0 0 0 0 0 0 0 0 0 0 0 0 0 0 0 0 0 0 0 0 0 0 0 0 0 0
0 0 0 0 0 0 0 0 0 0 0 0 0 0 0 0 0 0 0 0 0 0 0 0 0 0 0 0 0 0 0 0 0 0 0 0 0 0 0 0 0 0 0 0 0 0 0 0 0 0 0 0 0 0 0 0 0 0 0 0 0
0 0 0 0 0 0 0 0 0 0 0 0 0 0 0 0 0 0 0 0 0 0 0 0 0 0 0 0 0 0 0 0 0 0 0 0 0 0 0 0 0 0 0 0 0 0 0 0 0 0 0 0 0 0 0 0 0 0 0 0 0
0 0 0 0 0 0 0 0 0 0 0 0 0 0 0 0 0 0 0 0 0 0 0 0 0 0 0 0 0 0 0 0 0 0 0 0 0 0 0 0 0 0 0 0 0 0 0 0 0 0 0 0 0 0 0 0 0 0 0 0 0
0 0 0 0 0 0 0 0 0 0 0 0 0 0 0 0 0 0 0 0 0 0 0 0 0 0 0 0 0 0 0 0 0 0 0 0 0 0 0 0 0 0 0 0 0 0 0 0 0 0 0 0 0 0 0 0 0 0 0 0 0
0 0 0 0 0 0 0 0 0 0 0 0 0 0 0 0 0 0 0 0 0 0 0 0 0 0 0 0 0 0 0 0 0 0 0 0 0 0 0 0 0 0 0 0 0 0 0 0 0 0 0 0 0 0 0 0 0 0 0 0 0
0 0 0 0 0 0 0 0 0 0 0 0 0 0 0 0 0 0 0 0 0 0 0 0 0 0 0 0 0 0 0 0 0 0 0 0 0 0 0 0 0 0 0 0 0 0 0 0 0 0 0 0 0 0 0 0 0 0 0 0 0
0 0 0 0 0 0 0 0 0 0 0 0 0 0 0 0 0 0 0 0 0 0 0 0 0 0 0 0 0 0 0 0 0 0 0 0 0 0 0 0 0 0 0 0 0 0 0 0 0 0 0 0 0 0 0 0 0 0 0 0 0
0 0 0 0 0 0 0 0 0 0 0 0 0 0 0 0 0 0 0 0 0 0 0 0 0 0 0 0 0 0 0 0 0 0 0 0 0 0 0 0 0 0 0 0 0 0 0 0 0 0 0 0 0 0 0 0 0 0 0 0 0
0 0 0 0 0 0 0 0 0 0 0 0 0 0 0 0 0 0 0 0 0 0 0 0 0 0 0 0 0 0 0 0 0 0 0 0 0 0 0 0 0 0 0 0 0 0 0 0 0 0 0 0 0 0 0 0 0 0 0 0 0
0 0 0 0 0 0 0 0 0 0 0 0 0 0 0 0 0 0 0 0 0 0 0 0 0 0 0 0 0 0 0 0 0 0 0 0 0 0 0 0 0 0 0 0 0 0 0 0 0 0 0 0 0 0 0 0 0 0 0 0 0
0 0 0 0 0 0 0 0 0 0 0 0 0 0 0 0 0 0 0 0 0 0 0 0 0 0 0 0 0 0 0 0 0 0 0 0 0 0 0 0 0 0 0 0 0 0 0 0 0 0 0 0 0 0 0 0 0 0 0 0 0
0 0 0 0 0 0 0 0 0 0 0 0 0 0 0 0 0 0 0 0 0 0 0 0 0 0 0 0 0 0 0 0 0 0 0 0 0 0 0 0 0 0 0 0 0 0 0 0 0 0 0 0 0 0 0 0 0 0 0 0 0
0 0 0 0 0 0 0 0 0 0 0 0 0 0 0 0 0 0 0 0 0 0 0 0 0 0 0 0 0 0 0 0 0 0 0 0 0 0 0 0 0 0 0 0 0 0 0 0 0 0 0 0 0 0 0 0 0 0 0 0 0
0 0 0 0 0 0 0 0 0 0 0 0 0 0 0 0 0 0 0 0 0 0 0 0 0 0 0 0 0 0 0 0 0 0 0 0 0 0 0 0 0 0 0 0 0 0 0 0 0 0 0 0 0 0 0 0 0 0 0 0 0
0 0 0 0 0 0 0 0 0 0 0 0 0 0 0 0 0 0 0 0 0 0 0 0 0 0 0 0 0 0 0 0 0 0 0 0 0 0 0 0 0 0 0 0 0 0 0 0 0 0 0 0 0 0 0 0 0 0 0 0 0
0 0 0 0 0 0 0 0 0 0 0 0 0 0 0 0 0 0 0 0 0 0 0 0 0 0 0 0 0 0 0 0 0 0 0 0 0 0 0 0 0 0 0 0 0 0 0 0 0 0 0 0 0 0 0 0 0 0 0 0 0
0 0 0 0 0 0 0 0 0 0 0 0 0 0 0 0 0 0 0 0 0 0 0 0 0 0 0 0 0 0 0 0 0 0 0 0 0 0 0 0 0 0 0 0 0 0 0 0 0 0 0 0 0 0 0 0 0 0 0 0 0
0 0 0 0 0 0 0 0 0 0 0 0 0 0 0 0 0 0 0 0 0 0 0 0 0 0 0 0 0 0 0 0 0 0 0 0 0 0 0 0 0 0 0 0 0 0 0 0 0 0 0 0 0 0 0 0 0 0 0 0 0
0 0 0 0 0 0 0 0 0 0 0 0 0 0 0 0 0 0 0 0 0 0 0 0 0 0 0 0 0 0 0 0 0 0 0 0 0 0 0 0 0 0 0 0 0 0 0 0 0 0 0 0 0 0 0 0 0 0 0 0 0
0 0 0 0 0 0 0 0 0 0 0 0 0 0 0 0 0 0 0 0 0 0 0 0 0 0 0 0 0 0 0 0 0 0 0 0 0 0 0 0 0 0 0 0 0 0 0 0 0 0 0 0 0 0 0 0 0 0 0 0 0
0 0 0 0 0 0 0 0 0 0 0 0 0 0 0 0 0 0 0 0 0 0 0 0 0 0 0 0 0 0 0 0 0 0 0 0 0 0 0 0 0 0 0 0 0 0 0 0 0 0 0 0 0 0 0 0 0 0 0 0 0
0 0 0 0 0 0 0 0 0 0 0 0 0 0 0 0 0 0 0 0 0 0 0 0 0 0 0 0 0 0 0 0 0 0 0 0 0 0 0 0 0 0 0 0 0 0 0 0 0 0 0 0 0 0 0 0 0 0 0 0 0
0 0 0 0 0 0 0 0 0 0 0 0 0 0 0 0 0 0 0 0 0 0 0 0 0 0 0 0 0 0 0 0 0 0 0 0 0 0 0 0 0 0 0 0 0 0 0 0 0 0 0 0 0 0 0 0 0 0 0 0 0
0 0 0 0 0 0 0 0 0 0 0 0 0 0 0 0 0 0 0 0 0 0 0 0 0 0 0 0 0 0 0 0 0 0 0 0 0 0 0 0 0 0 0 0 0 0 0 0 0 0 0 0 0 0 0 0 0 0 0 0 0
0 0 0 0 0 0 0 0 0 0 0 0 0 0 0 0 0 0 0 0 0 0 0 0 0 0 0 0 0 0 0 0 0 0 0 0 0 0 0 0 0 0 0 0 0 0 0 0 0 0 0 0 0 0 0 0 0 0 0 0 0

I cap
1058.909090909091 1058.909090909091 1004.3790909090993 987.8490909090938 1012.7600000000118 936.9249999999992 720.9580000000063 982.9150000000141 542.2410000000026 393.5129999999973 436.85599999999727 697.5499999999981 445.0830000000067 585.5359999999962 394.0829999999986 485.5840909090938 314.31809090908934 646.7990909090786 628.7490909090964 740.6020909090998 488.94709090908447 490.37209090908453 595.5940909090866 763.5920909090878 681.0180909090916 732.7740909090926 544.1800909090869 496.26209090908515 506.99709090909283 763.6110909090921 574.2190909090862 574.6180909090875 447.4320909090951 407.931090909087 92.63299999998445 216.58000000000914 399.34200000001874 312.4259999999878 487.21899999998595 475.5149999999999 467.1590000000033 681.5379999999923 641.8329999999929 593.9529999999982 789.4079999999954 524.4919999999995 657.6499999999996 468.1070000000011 588.7579999999997 496.16300000000103 516.7169999999993 562.2299999999985 761.367000000001 755.1549999999936 875.3059999999784 1019.3620000000313 862.3160909090924 898.5870909090903 980.477090909091 1058.909090909091 1058.909090909091
107.96969696969697 107.96969696969697 72.81969696969685 61.79969696969662 45.59999999999998 69.47499999999778 37.391999999999385 34.73499999999949 22.308999999999607 60.28699999999967 64.74399999999973 105.69999999999966 69.11699999999986 36.3639999999994 42.86699999999962 50.49469696969669 36.51069696969682 61.22969696969685 50.77969696969676 62.42669696969668 28.131696969696673 7.70669696969653 8.884696969696805 14.73669696969668 51.71069696969657 71.20469696969663 62.198696969696655 82.56669696969642 82.28169696969584 92.61769696969618 62.559696969696816 40.310696969695144 27.84669696969663 58.797696969696844 27.816999999999776 34.56999999999977 29.857999999999834 33.923999999999864 32.68099999999979 13.385000000000339 26.290999999999805 36.211999999999364 38.96699999999902 72.34699999999997 84.79199999999982 52.0579999999998 75.19999999999948 56.84299999999989 70.54199999999943 64.93699999999984 31.382999999999733 32.76999999999929 41.132999999999626 35.01500000000002 14.514000000000184 6.397999999999726 68.01269696969624 70.6916969696969 104.70169696969697 107.96969696969697 107.96969696969697
38.96666666666666 38.96666666666666 15.279999999999994 15.279999999999994 28.773333333333326 29.958749999999988 29.258750000000013 26.458750000000002 27.858750000000008 32.550000000000004 10.216666666666667 2.1666666666666616 3.9166666666666705 9.166666666666671 10.916666666666671 11.733333333333334 18.383333333333333 11.733333333333333 18.383333333333333 25.666666666666664 18.383333333333333 18.383333333333333 18.383333333333333 18.383333333333333 11.733333333333333 6.342083333333333 6.342083333333333 6.342083333333333 6.342083333333333 11.733333333333334 18.383333333333333 11.733333333333334 18.383333333333333 11.733333333333334 3.216666666666675 12.25 4.2666666666666675 9.16666666666667 6.716666666666668 24.15 24.5 33.25000000000001 19.66666666666668 25.616666666666674 16.16666666666668 22.60875 6.225416666666673 18.475416666666668 5.52541666666667 25.616666666666674 28.41666666666667 28.41666666666668 45.849999999999994 12.013333333333378 20.763333333333314 30.523333333333348 38.96666666666666 38.96666666666666 38.96666666666666 38.96666666666666 38.96666666666666
45.24545454545453 45.24545454545453 43.848954545454525 41.85395454545457 30.712499999999505 35.18899999999993 31.65499999999976 37.07049999999971 19.665499999999625 21.83849999999952 24.425499999999573 24.39849999999971 21.478500000000068 19.03049999999999 11.185999999999861 29.693954545454396 22.749454545454142 22.597454545454212 26.28345454545454 31.945454545454353 25.513954545453927 24.905954545454097 30.577454545454398 37.10395454545416 32.391954545454155 30.786454545454337 30.18795454545422 26.4069545454543 25.798954545454357 27.356954545454304 29.988454545454207 26.853454545454387 25.18145454545423 25.513954545454176 28.101499999999977 20.51949999999992 19.11349999999998 17.811999999999948 32.91499999999971 45.6069999999996 25.53349999999983 29.79399999999956 33.24699999999959 29.062499999999677 33.25199999999974 29.014999999999308 27.408499999999695 22.021999999999792 29.08049999999985 43.24999999999953 42.22499999999958 44.048999999999594 48.71399999999983 40.29649999999969 36.944499999999884 40.326499999999996 41.71145454545453 43.506954545454526 44.64695454545453 45.24545454545453 45.24545454545453
20.999999999999993 20.999999999999993 20.40149999999999 20.11649999999999 10.624500000000015 19.753000000000497 15.211500000000703 22.026500000001477 11.066000000000518 7.541500000000239 8.904000000000664 14.119500000000494 8.926000000000514 10.446500000000377 5.793500000000073 9.039500000000217 5.619500000000167 6.902000000000111 8.374500000000449 10.987000000000425 5.99000000000019 5.714500000000141 8.032500000000212 13.333500000000223 15.775000000000412 16.15500000000078 13.1055000000003 8.232000000000154 10.977500000000243 14.673000000000396 15.870000000000076 11.08200000000019 7.719000000000559 8.165500000000247 10.78750000000009 10.975000000000687 6.857500000000137 6.325500000000021 9.812000000000033 8.602000000000128 3.9840000000000195 8.58350000000006 6.2970000000001765 10.614000000000548 10.645000000000346 7.047500000000278 7.427500000000261 7.383500000000442 12.618500000000834 10.980500000000173 12.32000000000029 17.057500000000413 16.082000000000473 9.03900000000007 9.954500000000131 13.20350000000044 20.050000000000203 20.344499999999996 20.800499999999992 20.999999999999993 20.999999999999993
345.75757575757575 345.75757575757575 345.75757575757575 345.75757575757575 259.0 256.00000000000034 252.13700000000037 203.69038235294178 196.39994117647146 202.1574999999998 235.44161764705916 238.50844117647043 250.26194117647228 217.42099999999965 203.93399999999855 254.6430757575777 214.16357575757678 199.91357575757567 237.75207575757614 265.96707575757694 252.695575757577 247.92657575757724 223.9770757575773 242.29419340463605 241.0670169340473 225.40151693404763 223.8155757575766 238.4170757575759 228.14757575757622 235.00657575757813 259.43107575757693 232.89757575757434 206.81057575757688 209.11907575757718 145.0789999999992 189.61399999999833 198.84500000000136 246.8941176470611 265.0264411764728 257.578441176472 213.99600000000282 253.90800000000002 184.73200000000188 216.34150000000145 209.0425000000011 158.48000000000187 197.2275000000034 283.9701176470609 285.96394117647145 345.2735588235294 341.2025588235299 322.57438235294126 310.7839411764713 328.9816176470589 343.7805588235305 311.28950000000134 303.60607575757604 341.9670757575757 341.96707575757574 345.75757575757575 345.75757575757575
779.7575757575758 779.7575757575758 763.5980757575758 740.5130757575757 614.2875000000145 713.6145 734.0265000000011 668.6849999999998 665.5985 648.123 656.1150000000001 841.9495000000001 747.9440000000004 725.1249999999999 644.0265 569.8170757575753 583.3545757575777 652.600075757576 665.4915757575759 674.6210757575756 518.9160757575896 570.1495757575871 679.7890757575776 706.1990757575769 627.6910757575774 600.1790757575758 543.9010757575772 572.1445757575766 637.2385757575746 669.538575757576 610.3915757575762 580.6280757575759 523.0105757575752 545.4400757575767 565.4950000000023 635.4179999999981 672.6050000000073 674.1460000000047 700.3430000000086 619.22 605.4545000000021 562.8145000000004 559.0480000000003 546.6750000000009 580.2985000000002 497.9255000000026 506.43600000000083 572.5624999999984 596.9459999999996 541.4990000000041 604.8805000000004 623.3055000000002 671.8710000000019 615.7755000000102 594.8455000000029 509.1875000000162 699.6535757575758 747.1250757575758 765.5930757575758 779.7575757575758 779.7575757575758
80.73333333333335 80.73333333333335 79.93533333333335 77.65533333333335 64.62599999999964 86.709 78.4045 87.61449999999999 76.08433333333332 77.56749999999997 69.15149999999998 85.17016666666665 90.17233333333334 86.08399999999997 77.30399999999999 69.6468333333333 66.99633333333331 67.73733333333324 72.79449999999996 78.00683333333333 70.61266666666668 67.85133333333333 69.77033333333333 71.53733333333335 70.50499999999995 75.03333333333333 70.88816666666663 68.12683333333335 72.50950000000002 76.69583333333335 71.61966666666667 68.12683333333328 68.04133333333333 67.92733333333331 41.8716666666667 61.019333333332824 66.20199999999977 61.37549999999941 65.4699999999994 72.99166666666667 72.63049999999993 72.46333333333332 72.88166666666665 79.58983333333332 80.78099999999999 84.73366666666665 78.13283333333332 66.83299999999998 66.24299999999997 68.37066666666642 69.72599999999976 67.33099999999924 63.26433333333246 54.40049999999918 56.75966666666608 56.72099999999953 76.05933333333334 78.08283333333334 80.13483333333335 80.73333333333335 80.73333333333335
10.775757575757575 10.775757575757575 9.778257575757577 9.778257575757577 7.117500000000024 3.4825000000000004 1.4524999999999961 0.930000000000005 2.2475000000000156 1.4999999999999982 4.1 7.84 8.219999999999997 2.199999999999994 3.980000000000003 7.7357575757575825 2.795757575757577 0.5157575757575774 2.5582575757575596 9.778257575757578 9.493257575757625 5.541257575757607 1.0857575757576141 2.168757575757609 1.7127575757575695 0.6867575757575679 1.665257575757578 1.5987575757575763 2.8432575757575718 5.731257575757573 10.291257575757584 5.455757575757578 0.10725757575757866 2.767257575757579 2.9090000000000087 2.554 0.3719999999999959 3.4505000000000163 6.218000000000002 6.132999999999992 5.939999999999997 0.10999999999999766 0.13299999999999912 6.229000000000008 1.466499999999995 1.615000000000004 1.3299999999999965 8.680000000000007 1.4345000000000174 3.179 5.924499999999998 8.369500000000016 6.289000000000014 3.1030000000000713 1.6240000000000094 0.2085000000000109 4.7052575757575745 10.775757575757574 10.775757575757575 10.775757575757575 10.775757575757575
2.545454545454545 2.545454545454545 2.545454545454545 1.690454545454545 1.432 0.602 0.4629999999999975 0.07649999999999935 0.006999999999997453 0.019500000000000073 0.9189999999999957 0.0035000000000000586 0.0035000000000000586 0.9029999999999935 0.7034999999999988 1.1489545454545351 1.34845454545454 1.1489545454545427 1.7474545454545307 0.04695454545453481 0.04695454545454192 1.348454545454539 1.832954545454542 1.4624545454545421 0.5219545454545368 1.063454545454523 0.4649545454545382 0.1514545454545384 0.4364545454545362 1.262954545454527 0.8639545454545391 0.2939545454545396 0.3224545454545381 0.09445454545454357 1.602999999999993 1.4034999999999993 0.8049999999999963 0.19049999999999812 1.1184999999999823 0.11750000000000005 1.061499999999998 0.8174999999999997 0.32049999999998957 0.08900000000000008 1.0169999999999915 1.5174999999999983 0.7034999999999988 3.0029999999999673 0.20649999999999624 0.6909999999999946 2.5184999999999875 0.9189999999999962 0.1019999999999941 0.24799999999998867 0.23499999999999766 0.26349999999999973 0.3794545454545363 1.262954545454512 1.946954545454545 2.545454545454545 2.545454545454545
8.515433299825174 8.515433299825174 8.515433299825174 8.515433299825174 6.551346454022993 7.2241529396551725 6.6641102672413925 7.459031732758669 7.98537110057474 6.515478025862155 6.9809825862069665 7.341784080459837 7.868509893678262 5.3313953534483485 5.620969577586271 4.696610517241432 4.896279146551787 5.328010353448344 5.871854491379354 5.43327370689661 4.024584435736764 4.888816206896603 5.698293284482832 6.24092311206901 6.717163169540294 5.624020919540294 4.163489482758771 6.317548112069083 6.792428974137978 6.932845353448345 7.231606724138139 6.807131732758657 4.2125515603448775 5.977352451149491 9.25727160919546 10.371760689655186 4.479888620689762 6.588653793103523 6.816491321839136 5.40315885919548 4.923580870689747 4.372809491379367 4.786837758620764 5.126207586206965 4.695702068965574 3.97769948275868 3.9798631034484155 4.544722767241435 5.010609951149527 4.928556617816193 5.870765804597771 5.958870689655223 6.21291420402307 6.46965845689665 9.015218054597707 6.019489327586216 7.368881411894204 8.024053825687243 8.515433299825174 8.187847092928623 8.515433299825174
700.0 700.0 699.05 697.15 685.7499999999999 685.7499999999999 677.1999999999999 685.7499999999999 683.8499999999999 683.8499999999998 681.9499999999998 680.9999999999999 681.9499999999999 681.9499999999997 681.9499999999997 684.7999999999997 679.0999999999999 689.5499999999997 687.6499999999997 681.9499999999998 680.05 679.0999999999997 684.7999999999997 684.7999999999997 682.8999999999996 684.7999999999998 680.0499999999998 681.9499999999997 685.7499999999998 680.9999999999999 685.7499999999998 680.9999999999998 685.7499999999998 684.7999999999997 684.7999999999997 681.9499999999999 682.9 687.65 682.8999999999996 683.8499999999999 681.9499999999997 682.8999999999997 679.0999999999998 688.5999999999998 685.7499999999997 683.8499999999998 685.7499999999999 681.9499999999998 688.5999999999997 680.9999999999997 683.8499999999997 680.9999999999997 682.9 680.9999999999998 680.0499999999997 678.1499999999999 690.4999999999999 693.3499999999999 700.0 698.1 696.1999999999999

H cap
-12.25 -12.25 40.25 12.25 8.75 5.25 33.25 1.75 8.75 19.25 5.25 26.25 29.75 -1.75 36.75 78.75 15.75 5.25 15.75 1.75 19.25 12.25 1.75 15.75 -5.25 1.75 33.25 26.25 8.75 26.25 36.75 -5.25 5.25 -1.75 5.25 -5.25 8.75 68.25 78.75 43.75 54.25 36.75 1.75 1.75 -5.25 1.75 1.75 -5.25 -12.25 -5.25 19.25 -22.75 22.75 131.25 131.25 131.25 131.25 131.25 131.25 131.25 131.25
36.5 36.5 39.0 34.0 18.5 4.0 10.5 19.0 19.5 12.0 7.5 3.5 -3.0 -0.5 19.5 27.5 13.5 -4.0 -5.0 18.5 37.5 29.5 16.5 7.0 13.0 30.5 26.5 4.0 3.0 16.5 19.5 15.0 11.0 13.5 24.5 25.5 23.5 20.0 11.0 5.5 7.5 11.0 16.0 10.5 11.5 23.0 30.0 37.5 24.5 16.0 28.0 32.5 40.5 52.5 52.5 52.5 52.5 52.5 52.5 52.5 52.5
45.5 45.5 49.0 45.5 45.5 38.5 42.0 45.5 42.0 35.0 38.5 42.0 38.5 42.0 52.5 49.0 38.5 42.0 38.5 42.0 52.5 49.0 45.5 42.0 45.5 52.5 52.5 42.0 42.0 45.5 45.5 49.0 52.5 56.0 45.5 38.5 42.0 45.5 49.0 45.5 45.5 42.0 42.0 45.5 45.5 45.5 45.5 45.5 45.5 42.0 42.0 49.0 56.0 63.0 63.0 63.0 63.0 63.0 63.0 63.0 63.0
1.75 1.75 -6.25 -15.75 10.75 -0.25 6.75 -0.75 -4.25 2.25 -1.75 0.75 12.75 -0.75 -0.75 -4.75 1.75 0.75 0.75 0.25 -11.75 -5.25 3.75 4.25 11.25 -5.25 -2.25 1.75 0.25 5.75 -1.25 -2.75 -1.25 0.75 -4.75 -3.75 -0.75 0.25 2.25 -0.75 20.75 -1.75 0.25 11.75 -0.25 1.25 -5.75 -7.75 2.75 -1.25 0.25 -8.25 16.25 78.75 78.75 78.75 78.75 78.75 78.75 78.75 78.75

Gap
NaN

Time
NaN

