T P M C
61 37 4 12

base obj
12.053720073030417

exp obj
11.138329270459087

Objective struct
12.053720073030417 0.0 8.392156862745097

num campaigns
378

x
0 0 0 0 0 0 0 0 0 0 1 0 0 0 0 0 0 0 0 0 0 1 0 0 0 1 0 1 0 1 0 1 0 1 0 1 0 1 0 1 0 0 0 1 0 0 0 0 1 0 1 0 0 0 0 0 0 0 0 0 0
0 0 0 0 0 0 0 0 1 0 0 0 0 0 0 0 1 0 0 0 0 0 1 0 0 0 0 0 0 0 0 0 0 0 0 0 0 0 0 0 0 0 0 0 0 1 0 0 0 0 0 0 0 0 1 0 0 0 0 0 0
0 0 0 0 0 0 0 0 0 0 0 0 1 0 0 0 0 1 0 0 0 1 0 0 0 0 0 1 0 0 0 1 0 0 0 1 0 0 0 0 0 1 0 0 0 1 0 0 0 0 1 0 0 0 0 1 0 0 0 0 0
0 0 0 0 0 0 1 0 1 1 1 1 1 1 1 0 1 1 0 1 0 0 0 0 0 0 0 0 0 0 0 0 0 0 0 0 0 0 0 0 0 0 0 0 0 0 0 0 0 0 0 0 0 0 0 0 0 0 0 0 0
0 0 0 0 0 0 0 1 1 1 1 1 1 1 1 1 0 0 1 1 0 0 1 0 1 0 0 0 0 0 0 0 0 0 0 0 0 0 0 0 0 1 1 1 1 0 0 0 0 0 0 0 0 0 0 0 0 0 0 0 0
0 0 0 0 0 0 0 0 0 0 0 0 0 0 0 0 0 1 0 0 0 0 0 0 0 0 0 0 0 0 0 0 0 0 0 0 0 0 0 0 0 0 0 0 0 0 1 0 0 0 0 0 0 0 0 0 0 0 0 0 0
0 0 0 0 0 0 0 1 1 1 1 1 1 1 1 1 1 1 0 0 1 0 0 0 0 0 0 0 0 0 0 0 0 0 0 0 0 0 0 0 0 0 0 0 0 0 0 0 0 0 0 0 0 0 0 0 0 0 0 0 0
0 0 0 0 1 0 0 0 0 0 0 0 0 0 0 0 0 0 0 1 0 0 0 0 0 0 0 0 0 0 0 0 0 0 0 0 1 0 0 0 0 0 0 0 0 0 0 0 0 0 0 0 1 0 0 0 0 0 0 0 0
0 0 0 0 1 0 0 0 0 0 0 0 0 0 0 0 0 0 0 0 0 0 0 0 0 0 0 0 0 0 0 0 0 0 0 0 0 0 0 0 0 0 0 0 0 0 0 0 0 0 0 0 0 0 0 1 0 0 0 0 0
0 0 0 0 0 0 0 0 0 0 0 0 0 0 0 0 0 0 0 0 0 0 0 0 0 1 0 0 0 0 0 0 0 0 0 0 0 1 0 0 0 0 1 0 1 0 0 0 0 1 0 0 0 0 0 0 0 0 0 0 0
0 0 0 0 0 0 0 0 1 0 0 0 0 0 0 0 1 0 0 0 0 0 0 0 1 0 0 0 0 0 0 0 1 0 0 0 0 0 0 0 1 0 0 0 0 0 0 0 0 0 0 0 0 0 0 0 0 0 0 0 0
0 0 0 0 0 0 1 0 0 0 0 0 0 0 0 0 0 0 0 0 0 0 1 0 0 0 0 0 0 0 0 0 0 0 0 0 0 0 0 0 1 0 0 0 0 0 0 0 0 0 0 0 0 0 1 0 0 0 0 0 0
0 0 0 0 0 0 0 0 0 0 0 0 0 1 0 0 0 0 0 0 0 0 0 0 0 0 0 0 0 0 0 0 0 0 0 0 0 0 0 0 0 0 0 0 0 0 0 0 0 1 0 0 0 0 0 0 0 0 0 0 0
0 0 0 0 0 0 0 0 0 0 0 0 1 0 0 0 0 0 0 1 0 0 0 0 0 1 0 0 0 0 0 1 0 0 0 0 1 0 0 0 0 0 1 0 0 0 0 1 0 0 0 0 1 0 0 0 0 0 0 0 0
0 0 0 0 0 0 0 0 0 0 0 0 0 0 0 0 0 0 0 0 0 0 0 0 0 0 0 0 0 1 0 0 0 0 0 0 0 0 0 0 0 0 0 0 0 0 0 0 0 0 0 1 0 0 0 0 0 0 0 0 0
0 0 0 0 1 0 0 0 0 0 0 0 0 0 0 0 0 0 0 0 0 0 0 0 0 0 0 0 0 0 0 0 0 0 0 0 0 0 0 0 0 0 0 0 0 0 0 0 0 0 0 0 0 0 0 0 0 0 0 0 0
0 0 0 0 0 0 0 0 0 0 1 0 0 0 0 0 0 0 0 0 0 0 0 1 0 0 0 0 0 0 0 0 1 0 0 0 0 0 0 0 0 0 0 0 0 0 1 0 0 0 0 0 0 0 0 1 0 0 0 0 0
0 0 0 0 0 0 1 0 0 0 0 0 0 0 0 0 0 0 0 0 0 0 0 1 0 0 0 0 0 0 0 0 0 0 0 0 0 0 0 0 1 0 0 0 0 0 0 0 0 0 0 0 0 0 0 0 0 0 0 0 0
0 0 0 0 0 0 0 1 0 0 1 0 0 1 0 1 0 0 1 0 0 1 0 0 1 0 0 1 0 1 0 1 0 1 0 1 0 1 0 1 0 1 0 1 0 1 0 1 0 1 0 1 0 1 0 0 0 0 0 0 0
0 0 0 0 0 0 1 0 0 0 0 0 0 0 0 0 0 0 0 0 0 0 0 0 0 0 0 0 0 0 0 0 0 0 0 0 0 0 0 0 0 0 0 0 0 0 0 0 0 0 0 0 0 0 0 1 0 0 0 0 0
0 0 0 0 0 0 0 0 1 0 0 0 1 0 0 0 1 0 1 0 1 0 0 0 1 0 1 0 1 0 1 0 1 0 0 0 0 0 0 0 0 0 0 1 0 1 0 0 0 0 0 0 0 0 0 0 0 0 0 0 0
0 0 0 0 0 0 0 0 0 0 0 0 0 0 0 0 0 0 0 0 0 0 0 0 0 0 0 0 0 0 0 0 0 0 0 0 0 0 0 0 0 0 0 0 0 0 0 0 0 0 0 0 0 0 0 0 0 0 0 0 0
0 0 0 0 0 0 1 0 0 0 0 0 0 0 0 0 0 0 0 0 0 0 0 1 0 0 0 0 0 0 0 0 0 0 0 0 0 0 1 0 0 0 0 0 0 0 0 0 0 0 0 0 0 1 0 0 0 0 0 0 0
0 0 0 0 0 0 0 0 1 0 0 0 0 0 1 0 0 0 0 0 1 0 0 0 0 0 0 1 0 0 0 0 0 1 0 0 0 0 0 0 1 0 0 0 0 0 0 0 1 0 0 0 0 0 0 0 0 0 0 0 0
0 0 0 0 1 0 0 0 0 0 0 0 0 0 0 1 0 0 0 0 0 0 0 0 0 0 0 0 0 0 0 0 0 0 1 0 0 0 0 0 0 0 0 0 0 0 0 0 0 0 0 0 0 0 0 0 0 0 0 0 0
0 0 0 0 0 0 0 0 1 0 0 1 0 0 1 0 0 0 1 0 0 1 0 0 1 0 0 1 0 0 1 0 0 0 0 0 0 0 0 0 0 0 0 0 0 0 0 0 0 0 0 0 0 0 0 0 0 0 0 0 0
0 0 0 0 0 0 0 0 0 0 0 0 1 0 0 0 0 0 1 0 0 0 0 0 0 0 1 0 0 0 0 0 0 0 0 0 0 0 1 0 0 0 0 0 0 0 0 1 0 0 0 0 0 1 0 0 0 0 0 0 0
0 0 0 0 0 1 0 0 0 0 0 0 0 0 0 0 0 0 0 0 0 0 0 0 0 0 0 0 0 0 0 0 0 0 0 0 0 0 0 0 0 0 0 0 0 0 0 0 0 0 0 0 0 0 0 1 0 0 0 0 0
0 0 0 0 0 0 0 0 0 0 0 0 0 0 0 0 0 0 0 0 0 0 0 0 0 0 0 0 0 0 0 0 0 0 0 0 0 0 0 0 0 1 0 0 1 0 0 0 0 0 0 0 0 0 0 0 0 0 0 0 0
0 0 0 0 0 0 1 1 1 1 1 1 1 1 1 1 1 1 1 1 1 1 1 1 1 1 1 1 1 1 1 1 1 1 0 1 1 1 1 1 1 1 1 1 1 1 1 1 0 1 1 1 1 1 1 1 0 0 0 0 0
0 0 0 0 0 0 1 1 1 1 1 1 1 1 1 1 1 1 1 1 0 1 1 1 1 1 1 1 1 1 1 1 1 0 1 1 1 1 1 1 1 0 1 1 1 1 1 1 1 1 1 1 1 1 1 1 0 0 0 0 0
0 0 0 0 0 0 1 1 1 1 1 1 1 0 0 0 1 1 1 1 1 0 0 0 1 1 1 0 1 1 1 0 0 0 0 1 1 1 0 1 1 1 1 1 1 1 0 0 1 1 1 1 0 0 1 1 0 0 0 0 0
0 0 0 0 0 0 0 1 1 1 1 0 0 0 0 0 1 1 1 0 0 1 0 0 0 1 0 0 1 0 0 0 0 0 0 0 0 0 1 0 0 0 1 1 1 1 1 1 0 0 0 0 0 0 1 0 0 0 0 0 0
0 0 0 0 0 0 1 1 1 1 1 1 1 0 0 1 1 1 1 1 1 1 0 0 1 1 0 0 1 1 1 0 0 0 0 0 1 1 0 1 1 1 1 1 1 1 1 1 0 1 1 1 0 1 1 1 0 0 0 0 0
0 0 0 0 0 0 1 1 1 1 0 0 0 1 0 0 1 1 1 0 1 1 0 0 0 0 0 0 0 0 1 0 0 0 0 0 0 0 0 1 0 0 0 1 0 0 0 0 0 1 0 0 0 0 0 0 0 0 0 0 0
0 0 0 0 0 0 0 0 0 0 0 0 0 0 0 0 0 1 0 1 0 0 0 0 0 0 0 0 0 0 0 0 0 0 0 0 0 0 0 0 0 0 0 0 0 0 0 0 0 0 0 0 1 0 0 0 0 0 0 0 0
0 0 0 0 0 0 0 0 0 0 0 0 0 0 0 0 0 0 0 0 0 0 0 0 0 0 0 0 0 0 0 0 0 0 0 0 0 0 0 0 0 0 0 0 0 0 0 0 0 0 0 0 0 0 0 0 0 0 0 0 0

y
0.0 1.3636363636363633 0.0 0.0 0.0 24.363636363636363 0.0 0.0 0.0 0.1785714285714286 0.0 0.0 31.363636363636363 0.0 13.5 0.0 0.0 0.0 0.0 0.0 0.0 0.0 0.0 0.33333333333333304 0.8000000000000007 0.0 0.33333333333333304 0.0 0.4500000000000002 0.0 0.0 0.0 0.5048543689320388 0.0 0.0 1.0 0.0

k
0 7 3 0 0 10 0 0 0 24 0 0 10 3 5 0 1 0 4 0 0 6 0 3 3 0 4 0 19 4 5 18 86 16 38 49 6

f
1.75 36.75 5.25 1.75 0.0 0.0 5.25 5.25 0.0 0.0 0.0 0.0 0.0 12.25 0.0 0.0 0.0 0.0 0.0 5.25 0.0 0.0 0.0 0.0 0.0 0.0 0.0 0.0 0.0 0.0 0.0 0.0 0.0 0.0 0.0 0.0 0.0 0.0 0.0 0.0 0.0 0.0 0.0 0.0 0.0 0.0 0.0 0.0 0.0 0.0 0.0 15.75 0.0 0.0 0.0 0.0 0.0 0.0 0.0 0.0 0.0
0.0 0.0 0.0 0.0 0.0 1.5 3.5 0.0 0.0 0.0 0.0 0.0 0.0 5.0 0.5 0.0 0.0 0.0 0.0 0.0 0.0 0.0 0.0 0.0 0.0 0.0 0.0 0.0 0.0 0.0 0.0 0.0 0.0 0.0 0.0 0.0 0.0 0.0 0.0 0.0 0.0 0.0 0.0 0.0 0.0 0.0 0.0 0.0 0.0 0.0 0.0 0.0 0.0 0.0 0.0 0.0 0.0 0.0 0.0 0.0 0.0
0.0 0.0 0.0 0.0 0.0 0.0 0.0 0.0 0.0 0.0 0.0 0.0 0.0 0.0 0.0 0.0 0.0 0.0 0.0 0.0 0.0 0.0 0.0 0.0 0.0 0.0 0.0 0.0 0.0 0.0 0.0 0.0 0.0 0.0 0.0 0.0 0.0 0.0 0.0 0.0 0.0 0.0 0.0 0.0 0.0 0.0 0.0 0.0 0.0 0.0 0.0 0.0 0.0 0.0 0.0 0.0 0.0 0.0 0.0 0.0 0.0
0.25 2.75 0.0 2.75 0.0 0.0 0.0 0.0 0.0 6.25 0.0 10.25 1.25 0.75 0.25 0.0 1.25 2.75 0.0 4.75 0.25 1.75 0.0 4.25 0.0 0.0 1.25 0.0 7.25 0.0 11.75 2.25 0.0 0.0 6.75 0.0 0.25 6.75 0.0 0.25 0.0 0.0 1.25 4.25 7.25 2.25 0.0 3.25 0.0 4.75 0.0 0.25 0.0 0.0 0.0 0.0 0.0 0.0 0.0 0.0 0.0

L
2 6 4 1 1 29 1 15 51 2 8 14 36 5 22 0 9 17 2 49 2 0 15 6 11 3 6 50 3 1 1 1 1 1 1 2 0

g
0 0 0 0 0 0 0 0 0 0 0 0 0 0 0 0 0 0 0 0 0 0 0 0 0 0 0 0 0 0 0 0 0 0 0 0 0 0 0 0 0 0 0 0 0 0 0 0 0 0 0 0 0 0 0 0 0 0 0 0 0
0 0 0 0 0 0 0 0 0 0 0 0 0 0 0 0 0 0 0 0 0 0 0 0 0 0 0 0 0 0 0 0 0 0 0 0 0 0 0 0 0 0 0 0 0 0 0 0 0 0 0 0 0 0 0 0 0 0 0 0 0
0 0 0 0 0 0 0 0 0 0 0 0 0 0 0 0 0 0 0 0 0 0 0 0 0 0 0 0 0 0 0 0 0 0 0 0 0 0 0 0 0 0 0 0 0 0 0 0 0 0 0 0 0 0 0 0 0 0 0 0 0
0 0 0 0 0 0 0 0 0 0 0 0 0 0 0 0 0 0 0 0 0 0 0 0 0 0 0 0 0 0 0 0 0 0 0 0 0 0 0 0 0 0 0 0 0 0 0 0 0 0 0 0 0 0 0 0 0 0 0 0 0
0 0 0 0 0 0 0 0 0 0 0 0 0 0 0 0 0 0 0 0 0 0 0 0 0 0 0 0 0 0 0 0 0 0 0 0 0 0 0 0 0 0 0 0 0 0 0 0 0 0 0 0 0 0 0 0 0 0 0 0 0
0 0 0 0 0 0 0 0 0 0 0 0 0 0 0 0 0 0 0 0 0 0 0 0 0 0 0 0 0 0 0 0 0 0 0 0 0 0 0 0 0 0 0 0 0 0 0 0 0 0 0 0 0 0 0 0 0 0 0 0 0
0 0 0 0 0 0 0 0 0 0 0 0 0 0 0 0 0 0 0 0 0 0 0 0 0 0 0 0 0 0 0 0 0 0 0 0 0 0 0 0 0 0 0 0 0 0 0 0 0 0 0 0 0 0 0 0 0 0 0 0 0
0 0 0 0 0 0 0 0 0 0 0 0 0 0 0 0 0 0 0 0 0 0 0 0 0 0 0 0 0 0 0 0 0 0 0 0 0 0 0 0 0 0 0 0 0 0 0 0 0 0 0 0 0 0 0 0 0 0 0 0 0
0 0 0 0 0 0 0 0 0 0 0 0 0 0 0 0 0 0 0 0 0 0 0 0 0 0 0 0 0 0 0 0 0 0 0 0 0 0 0 0 0 0 0 0 0 0 0 0 0 0 0 0 0 0 0 0 0 0 0 0 0
0 0 0 0 0 0 0 0 0 0 0 0 0 0 0 0 0 0 0 0 0 0 0 0 0 0 0 0 0 0 0 0 0 0 0 0 0 0 0 0 0 0 0 0 0 0 0 0 0 0 0 0 0 0 0 0 0 0 0 0 0
0 0 0 0 0 0 0 0 0 0 0 0 0 0 0 0 0 0 0 0 0 0 0 0 0 0 0 0 0 0 0 0 0 0 0 0 0 0 0 0 0 0 0 0 0 0 0 0 0 0 0 0 0 0 0 0 0 0 0 0 0
0 0 0 0 0 0 0 0 0 0 0 0 0 0 0 0 0 0 0 0 0 0 0 0 0 0 0 0 0 0 0 0 0 0 0 0 0 0 0 0 0 0 0 0 0 0 0 0 0 0 0 0 0 0 0 0 0 0 0 0 0
0 0 0 0 0 0 0 0 0 0 0 0 0 0 0 0 0 0 0 0 0 0 0 0 0 0 0 0 0 0 0 0 0 0 0 0 0 0 0 0 0 0 0 0 0 0 0 0 0 0 0 0 0 0 0 0 0 0 0 0 0
0 0 0 0 0 0 0 0 0 0 0 0 0 0 0 0 0 0 0 0 0 0 0 0 0 0 0 0 0 0 0 0 0 0 0 0 0 0 0 0 0 0 0 0 0 0 0 0 0 0 0 0 0 0 0 0 0 0 0 0 0
0 0 0 0 0 0 0 0 0 0 0 0 0 0 0 0 0 0 0 0 0 0 0 0 0 0 0 0 0 0 0 0 0 0 0 0 0 0 0 0 0 0 0 0 0 0 0 0 0 0 0 0 0 0 0 0 0 0 0 0 0
0 0 0 0 0 0 0 0 0 0 0 0 0 0 0 0 0 0 0 0 0 0 0 0 0 0 0 0 0 0 0 0 0 0 0 0 0 0 0 0 0 0 0 0 0 0 0 0 0 0 0 0 0 0 0 0 0 0 0 0 0
0 0 0 0 0 0 0 0 0 0 0 0 0 0 0 0 0 0 0 0 0 0 0 0 0 0 0 0 0 0 0 0 0 0 0 0 0 0 0 0 0 0 0 0 0 0 0 0 0 0 0 0 0 0 0 0 0 0 0 0 0
0 0 0 0 0 0 0 0 0 0 0 0 0 0 0 0 0 0 0 0 0 0 0 0 0 0 0 0 0 0 0 0 0 0 0 0 0 0 0 0 0 0 0 0 0 0 0 0 0 0 0 0 0 0 0 0 0 0 0 0 0
0 0 0 0 0 0 0 0 0 0 0 0 0 0 0 0 0 0 0 0 0 0 0 0 0 0 0 0 0 0 0 0 0 0 0 0 0 0 0 0 0 0 0 0 0 0 0 0 0 0 0 0 0 0 0 0 0 0 0 0 0
0 0 0 0 0 0 0 0 0 0 0 0 0 0 0 0 0 0 0 0 0 0 0 0 0 0 0 0 0 0 0 0 0 0 0 0 0 0 0 0 0 0 0 0 0 0 0 0 0 0 0 0 0 0 0 0 0 0 0 0 0
0 0 0 0 0 0 0 0 0 0 0 0 0 0 0 0 0 0 0 0 0 0 0 0 0 0 0 0 0 0 0 0 0 0 0 0 0 0 0 0 0 0 0 0 0 0 0 0 0 0 0 0 0 0 0 0 0 0 0 0 0
0 0 0 0 0 0 0 0 0 0 0 0 0 0 0 0 0 0 0 0 0 0 0 0 0 0 0 0 0 0 0 0 0 0 0 0 0 0 0 0 0 0 0 0 0 0 0 0 0 0 0 0 0 0 0 0 0 0 0 0 0
0 0 0 0 0 0 0 0 0 0 0 0 0 0 0 0 0 0 0 0 0 0 0 0 0 0 0 0 0 0 0 0 0 0 0 0 0 0 0 0 0 0 0 0 0 0 0 0 0 0 0 0 0 0 0 0 0 0 0 0 0
0 0 0 0 0 0 0 0 0 0 0 0 0 0 0 0 0 0 0 0 0 0 0 0 0 0 0 0 0 0 0 0 0 0 0 0 0 0 0 0 0 0 0 0 0 0 0 0 0 0 0 0 0 0 0 0 0 0 0 0 0
0 0 0 0 0 0 0 0 0 0 0 0 0 0 0 0 0 0 0 0 0 0 0 0 0 0 0 0 0 0 0 0 0 0 0 0 0 0 0 0 0 0 0 0 0 0 0 0 0 0 0 0 0 0 0 0 0 0 0 0 0
0 0 0 0 0 0 0 0 0 0 0 0 0 0 0 0 0 0 0 0 0 0 0 0 0 0 0 0 0 0 0 0 0 0 0 0 0 0 0 0 0 0 0 0 0 0 0 0 0 0 0 0 0 0 0 0 0 0 0 0 0
0 0 0 0 0 0 0 0 0 0 0 0 0 0 0 0 0 0 0 0 0 0 0 0 0 0 0 0 0 0 0 0 0 0 0 0 0 0 0 0 0 0 0 0 0 0 0 0 0 0 0 0 0 0 0 0 0 0 0 0 0
0 0 0 0 0 0 0 0 0 0 0 0 0 0 0 0 0 0 0 0 0 0 0 0 0 0 0 0 0 0 0 0 0 0 0 0 0 0 0 0 0 0 0 0 0 0 0 0 0 0 0 0 0 0 0 0 0 0 0 0 0
0 0 0 0 0 0 0 0 0 0 0 0 0 0 0 0 0 0 0 0 0 0 0 0 0 0 0 0 0 0 0 0 0 0 0 0 0 0 0 0 0 0 0 0 0 0 0 0 0 0 0 0 0 0 0 0 0 0 0 0 0
0 0 0 0 0 0 0 0 0 0 0 0 0 0 0 0 0 0 0 0 0 0 0 0 0 0 0 0 0 0 0 0 0 0 0 0 0 0 0 0 0 0 0 0 0 0 0 0 0 0 0 0 0 0 0 0 0 0 0 0 0
0 0 0 0 0 0 0 0 0 0 0 0 0 0 0 0 0 0 0 0 0 0 0 0 0 0 0 0 0 0 0 0 0 0 0 0 0 0 0 0 0 0 0 0 0 0 0 0 0 0 0 0 0 0 0 0 0 0 0 0 0
0 0 0 0 0 0 0 0 0 0 0 0 0 0 0 0 0 0 0 0 0 0 0 0 0 0 0 0 0 0 0 0 0 0 0 0 0 0 0 0 0 0 0 0 0 0 0 0 0 0 0 0 0 0 0 0 0 0 0 0 0
0 0 0 0 0 0 0 0 0 0 0 0 0 0 0 0 0 0 0 0 0 0 0 0 0 0 0 0 0 0 0 0 0 0 0 0 0 0 0 0 0 0 0 0 0 0 0 0 0 0 0 0 0 0 0 0 0 0 0 0 0
0 0 0 0 0 0 0 0 0 0 0 0 0 0 0 0 0 0 0 0 0 0 0 0 0 0 0 0 0 0 0 0 0 0 0 0 0 0 0 0 0 0 0 0 0 0 0 0 0 0 0 0 0 0 0 0 0 0 0 0 0
0 0 0 0 0 0 0 0 0 0 0 0 0 0 0 0 0 0 0 0 0 0 0 0 0 0 0 0 0 0 0 0 0 0 0 0 0 0 0 0 0 0 0 0 0 0 0 0 0 0 0 0 0 0 0 0 0 0 0 0 0
0 0 0 0 0 0 0 0 0 0 0 0 0 0 0 0 0 0 0 0 0 0 0 0 0 0 0 0 0 0 0 0 0 0 0 0 0 0 0 0 0 0 0 0 0 0 0 0 0 0 0 0 0 0 0 0 0 0 0 0 0
0 0 0 0 0 0 0 0 0 0 0 0 0 0 0 0 0 0 0 0 0 0 0 0 0 0 0 0 0 0 0 0 0 0 0 0 0 0 0 0 0 0 0 0 0 0 0 0 0 0 0 0 0 0 0 0 0 0 0 0 0

I cap
1058.909090909091 1058.909090909091 1023.7590909090985 965.3340909090939 1101.4900000000061 1028.9040000000068 978.1040000000088 1097.9980000000062 379.9809999999957 508.88099999999474 429.37000000000523 427.8450000000069 330.07600000001 336.8260000000038 417.64299999999525 591.6420909090888 477.5470909090865 501.2780909090816 547.4670909090878 366.53009090909165 551.3620909090882 617.31109090908 525.9210909090872 621.8900909090911 603.2700909090897 654.8740909090883 556.5490909090894 484.95709090908645 471.08709090909156 520.5060909090851 579.3870909090831 548.1320909090866 522.3110909090869 702.2220909090852 329.46800000001053 338.3130000000096 409.39300000000503 479.302999999997 538.1579999999916 705.2249999999999 638.8050000000019 647.2809999999944 561.5009999999987 572.2169999999978 646.0719999999995 536.2529999999978 587.5969999999985 787.4209999999946 797.2830000000022 666.0419999999967 563.7799999999979 588.2789999999989 849.6979999999962 868.6230000000076 1001.5040000000139 1102.9050000000143 854.2790909090908 912.704090909092 1046.369090909091 1058.909090909091 1058.909090909091
107.96969696969697 107.96969696969697 72.81969696969676 60.94469696969683 54.52999999999979 75.91599999999795 22.30599999999972 45.05199999999998 35.41899999999987 73.1689999999999 65.57999999999986 83.75499999999984 67.27399999999993 33.323999999999245 49.706999999999695 74.58669696969613 51.881696969697 10.100696969696791 22.811696969696975 21.348696969696547 53.1166969696967 54.61769696969652 10.15769696969683 64.28869696969696 44.90869696969675 43.65469696969666 35.57969696969661 79.6216969696953 78.29169696969595 81.12269696969656 88.74169696969615 82.94669696969665 54.6176969696965 61.85669696969629 11.381999999999643 38.237000000000066 24.556999999999668 12.396999999999831 5.491999999999784 47.775000000000006 30.39499999999895 35.318999999998375 9.09899999999939 71.2829999999999 83.72800000000004 60.2469999999996 76.85299999999893 92.82899999999985 99.51699999999998 54.6579999999997 6.169999999999689 38.07099999999949 38.301999999999836 53.59699999999996 3.2660000000001688 13.104999999999492 61.79969696969646 86.974696969697 99.60969696969697 107.96969696969697 107.96969696969697
38.96666666666666 38.96666666666666 38.96666666666666 38.96666666666666 20.413333333333327 6.272083333333335 13.932083333333354 19.808750000000003 7.275416666666692 18.616666666666674 10.216666666666669 22.75 3.9166666666666705 15.816666666666666 10.916666666666671 25.666666666666664 18.383333333333333 18.383333333333333 4.450000000000001 18.383333333333333 4.450000000000001 18.383333333333333 6.342083333333334 20.275416666666665 6.342083333333334 6.342083333333334 4.450000000000009 18.383333333333333 4.450000000000001 11.733333333333333 4.450000000000001 11.733333333333334 4.450000000000002 11.733333333333334 3.216666666666675 5.6000000000000005 11.55 9.800000000000004 20.65 5.45875 19.10875 14.558750000000009 28.20875000000001 18.966666666666676 22.816666666666677 0.1333333333333373 24.91666666666667 23.866666666666667 38.150000000000006 32.90000000000001 42.35000000000001 35.70000000000001 45.85000000000001 12.01333333333335 20.763333333333335 30.523333333333348 38.96666666666666 38.96666666666666 38.96666666666666 38.96666666666666 38.96666666666666
45.24545454545453 45.24545454545453 43.848954545454525 41.85395454545457 30.712499999999036 35.18899999999995 25.3849999999999 31.693499999999624 25.631499999999704 29.72349999999963 28.82399999999962 22.146999999999785 16.623999999999732 13.625000000000087 12.107499999999792 32.7909545454542 30.615454545454185 23.75645454545426 25.87495454545426 22.01795454545434 28.44945454545425 27.76545454545408 25.84645454545428 28.097954545454268 31.280454545454106 29.722454545454127 27.727454545454183 26.482954545454337 25.67545454545418 28.762954545454324 31.94545454545424 28.762954545454267 27.955454545454348 34.41545454545424 32.95599999999985 19.920999999999946 18.7145 17.099500000000045 23.18699999999993 39.75499999999947 26.150999999999975 31.47549999999943 33.44649999999967 29.3379999999996 32.57749999999973 29.062499999999414 24.85299999999975 31.987499999999656 33.55499999999982 32.429499999999535 34.56799999999957 37.560499999999735 41.21849999999955 40.761999999999745 29.980999999999856 31.966499999999826 37.93045454545451 40.466954545454534 45.24545454545453 45.24545454545453 45.24545454545453
20.999999999999993 20.999999999999993 20.40149999999999 20.11649999999999 13.47450000000001 22.603000000000435 14.451500000000417 15.737500000000637 8.149500000000172 8.605500000000083 12.039000000000623 12.039000000000723 8.859500000000782 10.313500000001024 6.25900000000024 11.785000000000192 9.505000000000093 5.1445000000001215 7.386500000000126 5.3820000000003745 13.229000000000303 11.224500000000093 10.008500000000012 8.384000000000347 10.930000000000444 10.379000000000378 10.094000000000419 8.574000000000522 7.9280000000003525 8.574000000000272 11.120000000000232 8.574000000000181 7.928000000000174 11.756500000000434 13.70400000000049 13.625500000000926 6.458500000000312 6.335000000000132 8.596000000000052 8.678000000000056 4.39250000000001 11.234000000000337 8.947500000000124 13.397500000000429 10.578500000000343 7.114000000000182 6.278000000000096 9.4640000000004 13.844000000000717 9.071000000000252 6.249500000000237 7.529000000000327 7.57000000000028 8.88700000000012 9.574500000000297 7.4180000000002355 11.386000000000111 15.376000000000005 20.999999999999993 20.999999999999993 20.999999999999993
345.75757575757575 345.75757575757575 345.75757575757575 307.75757575757575 211.5 227.08088235294144 240.70794117647088 218.2170000000017 231.90199999999993 233.1940000000009 186.3730000000005 152.02100000000019 227.15961764705952 262.55605882352916 272.15349999999927 295.37795811051853 281.8030169340474 253.7405757575771 248.25907575757614 232.74557575757643 277.3111934046355 304.56613458110616 327.8880757575775 272.57795811051886 220.1290169340473 199.04907575757852 249.9606934046366 239.9840169340467 238.20751693404742 233.7810757575762 275.87669340463447 291.22813458110625 288.0070757575757 264.4660757575761 163.97338235294066 220.71644117646966 210.5870000000001 232.89111764705652 220.47144117647187 246.55844117646913 210.20549999999844 270.0674999999998 187.72450000000316 243.67300000000031 234.04650000000083 185.04311764706162 297.985058823531 261.5383823529416 300.46094117647226 265.5965000000015 245.7175000000008 294.0291176470594 346.31505882352985 355.6173823529427 337.5854411764721 286.03961764705906 250.2261345811044 301.658575757576 345.75757575757575 345.75757575757575 345.75757575757575
779.7575757575758 779.7575757575758 763.5980757575758 707.8330757575758 573.4375000000207 715.6569999999999 691.8940000000001 650.9865000000004 703.6650000000013 706.8330000000008 704.8500000000003 771.868 742.548 717.848 722.9145000000001 653.5785757575778 585.055075757577 471.4730757575783 589.6910757575778 594.6500757575786 617.355075757585 607.589075757589 641.5990757575762 655.7635757575765 605.6795757575758 662.3565757575769 729.1510757575782 563.1480757575771 567.3375757575759 663.515575757576 717.1810757575776 668.1705757575761 640.5920757575776 643.1760757575781 542.3435000000051 636.6150000000008 689.5625000000044 664.9215000000064 644.8820000000038 629.1190000000012 618.3459999999993 578.8600000000006 499.99600000000044 517.6525000000005 502.7879999999997 435.6815000000038 401.92650000000197 505.0080000000014 620.4015000000011 584.9995000000018 624.9920000000029 596.8860000000017 642.687000000002 611.4720000000102 598.7215000000026 501.5685000000126 625.8290757575758 687.9970757575758 779.7575757575758 779.7575757575758 779.7575757575758
80.73333333333335 80.73333333333335 79.93533333333335 77.65533333333335 64.62599999999976 86.709 71.96983333333333 78.84599999999998 75.85949999999997 82.81149999999998 73.51199999999999 80.51199999999999 87.202 89.56416666666664 85.3505 75.85666666666641 71.04333333333318 65.2958333333331 68.0413333333333 65.98933333333329 69.83683333333327 69.24783333333332 69.5645 74.24483333333336 72.60766666666666 70.41633333333327 73.67799999999998 75.49883333333334 71.46766666666666 68.8488333333333 70.75833333333333 72.39549999999991 75.01433333333325 76.16383333333334 44.842 63.9674999999988 68.10833333333302 62.67699999999938 67.84816666666589 72.80483333333319 66.90199999999984 68.76149999999998 68.73649999999998 76.28699999999998 80.58149999999999 81.38649999999998 72.18899999999998 70.55699999999996 71.01516666666662 67.56633333333299 62.990499999999194 59.531499999999475 61.332666666666306 61.62683333333265 54.020499999999714 49.45350000000001 71.056 76.99983333333336 80.73333333333335 80.73333333333335 80.73333333333335
10.775757575757575 10.775757575757575 9.778257575757575 4.458257575757577 0.4675000000000118 3.814999999999993 2.0700000000000065 1.3005000000000093 3.387500000000009 2.9154999999999966 2.637000000000004 0.4110000000000049 2.1494999999999975 2.1999999999999975 3.9800000000000066 9.578757575757557 7.02325757575756 3.593757575757581 1.3137575757576014 2.273257575757608 2.1782575757576126 2.881257575757611 6.500757575757607 6.272757575757583 0.20225757575757797 4.7052575757575745 8.495757575757576 2.7672575757575784 2.767257575757573 6.282257575757584 4.287257575757572 4.667257575757581 3.5177575757575985 0.6867575757575963 1.3320000000000203 6.0024999999999995 5.017500000000004 7.402500000000027 4.422500000000001 1.2975000000000083 3.280000000000001 4.670000000000001 1.3300000000000054 10.960000000000008 5.7129999999999885 0.6175000000000175 8.797000000000018 1.1464999999999932 2.6695000000000064 0.8514999999999917 4.794000000000018 7.809000000000004 8.569000000000017 3.9770000000000265 1.690500000000056 1.2345000000000388 0.20225757575757858 4.705257575757576 10.775757575757575 10.775757575757575 10.775757575757575
2.545454545454545 2.545454545454545 2.545454545454545 1.690454545454545 1.432 0.602 1.175499999999996 0.21899999999999986 0.804999999999994 1.0169999999999986 1.5174999999999916 0.602 0.8015 0.4469999999999993 0.6750000000000003 0.2939545454545416 1.8329545454545397 0.16095454545453863 0.16095454545454174 0.0469545454545397 0.04695454545453748 0.5504545454545379 0.09445454545454057 0.1799545454545386 0.17995454545452882 1.1489545454545391 1.148954545454537 0.5504545454545414 0.5504545454545414 0.5504545454545432 0.5504545454545436 0.5504545454545414 0.5504545454545428 0.5504545454545445 0.8049999999999994 0.8049999999999985 0.8049999999999963 0.10499999999999887 0.8049999999999914 0.0035000000000000586 0.4629999999999984 0.21899999999999964 0.9189999999999868 0.602 0.10499999999999887 1.4889999999999977 0.41849999999999776 3.1169999999999707 1.4034999999999989 0.34899999999999554 1.3784999999999843 0.348999999999995 0.3014999999999941 0.5044999999999799 0.2919999999999958 0.2634999999999976 0.5789545454545341 1.861454545454529 2.545454545454545 2.545454545454545 2.545454545454545
8.515433299825174 8.515433299825174 8.515433299825174 8.515433299825174 6.551346781609202 6.903118456896556 5.612788264367832 6.4050662155173 7.196434482758728 5.106857500000107 6.232448103448283 6.790893275862171 6.104142077586249 4.9937516752874 6.025538543103493 6.006955344827634 5.398578160919586 4.160165689655227 3.80806138793111 5.023790784482815 4.434067030564332 5.931086321839121 6.336224482758674 6.240923275862125 5.069174827586256 4.532066896551809 4.7367651810346185 7.114128571839137 7.1587795488506885 6.796897241379383 7.664020517241532 6.951815804597764 6.009362068965581 6.0814043390805335 9.806754367816113 10.63819747126437 5.4593713793103955 5.463395172413872 5.996663571839147 5.682469204023078 5.333063629310439 4.372809655172489 3.4764929310345503 4.000948965517312 3.5720813793104145 3.6451994827586964 3.9296332183909293 5.528343456896612 5.849690410919642 4.262464663793205 5.684357758620781 5.707405172413861 6.588316666666724 6.865175698275907 8.039557135057532 6.210351232758646 6.751927388905696 7.8602607222389675 8.515433299825174 8.515433299825174 8.187847092928623
700.0 700.0 700.0 698.0999999999999 689.55 685.75 679.0999999999998 688.5999999999997 680.0499999999998 681.9499999999996 680.0499999999996 682.8999999999997 678.1499999999999 681.9499999999997 680.9999999999997 679.0999999999997 680.0499999999998 680.0499999999997 681.9499999999997 685.7499999999998 680.0499999999996 682.8999999999997 680.9999999999999 682.8999999999999 679.0999999999997 681.9499999999999 683.8499999999998 681.9499999999998 680.9999999999999 686.6999999999999 684.7999999999998 684.8 681.9499999999998 682.8999999999997 682.8999999999999 683.8499999999999 681.9499999999999 685.75 684.7999999999998 687.6499999999999 685.7499999999999 682.8999999999997 682.8999999999996 687.6499999999997 684.7999999999997 681.9499999999997 687.6499999999997 682.8999999999996 686.6999999999998 681.9499999999997 685.7499999999999 682.9 686.6999999999999 682.8999999999999 680.9999999999998 681.9499999999997 688.5999999999999 693.3499999999999 700.0 699.05 698.1

H cap
-1.75 -36.75 -5.25 -1.75 1.75 1.75 -5.25 -5.25 29.75 19.25 47.25 47.25 12.25 -12.25 15.75 8.75 26.25 26.25 1.75 -5.25 8.75 26.25 40.25 19.25 36.75 5.25 5.25 47.25 26.25 26.25 47.25 47.25 5.25 5.25 5.25 15.75 1.75 22.75 68.25 26.25 15.75 33.25 19.25 57.75 40.25 47.25 47.25 5.25 15.75 15.75 22.75 -15.75 29.75 131.25 131.25 131.25 131.25 131.25 131.25 131.25 131.25
41.5 41.5 33.0 11.0 1.0 -1.5 -3.5 2.5 5.0 3.0 19.5 27.0 12.0 -5.0 -0.5 0.0 9.0 16.0 17.0 28.5 25.5 6.5 10.5 27.0 24.0 15.5 15.5 19.0 21.0 31.5 41.5 33.0 14.0 8.5 18.5 20.5 16.5 18.0 7.0 0.5 0.5 5.0 13.0 13.5 21.5 16.5 8.0 16.0 16.5 21.5 20.5 10.0 30.0 52.5 52.5 52.5 52.5 52.5 52.5 52.5 52.5
52.5 52.5 49.0 42.0 35.0 35.0 38.5 35.0 38.5 35.0 35.0 42.0 45.5 45.5 42.0 38.5 49.0 45.5 42.0 45.5 38.5 42.0 52.5 42.0 45.5 52.5 49.0 49.0 45.5 45.5 52.5 52.5 49.0 49.0 45.5 49.0 45.5 38.5 42.0 45.5 42.0 42.0 49.0 52.5 49.0 45.5 45.5 49.0 52.5 49.0 49.0 45.5 49.0 63.0 63.0 63.0 63.0 63.0 63.0 63.0 63.0
-0.25 -2.75 9.75 -2.75 2.75 0.25 1.75 0.25 2.75 -6.25 11.25 -10.25 -1.25 -0.75 -0.25 2.25 -1.25 -2.75 5.25 -4.75 -0.25 -1.75 3.25 -4.25 1.25 3.25 -1.25 4.75 -7.25 1.75 -11.75 -2.25 0.75 0.75 -6.75 1.25 -0.25 -6.75 0.25 -0.25 1.25 6.75 -1.25 -4.25 -7.25 -2.25 7.25 -3.25 0.25 -4.75 3.75 -0.25 27.25 78.75 78.75 78.75 78.75 78.75 78.75 78.75 78.75

Gap
NaN

Time
NaN

