T P M C
61 37 4 12

base obj
12.1899983890349

exp obj
10.917008595697743

Objective struct
12.1899983890349 0.0 7.098039215686272

num campaigns
369

x
0 0 0 0 0 0 0 0 0 0 1 0 0 0 1 0 0 0 0 1 0 0 0 0 0 0 1 0 1 0 0 0 0 1 0 1 0 1 0 1 0 0 0 0 1 0 0 0 0 1 0 1 0 1 0 0 0 0 0 0 0
0 0 0 0 0 0 0 0 0 0 0 0 0 0 0 0 0 0 0 0 0 0 0 0 0 0 0 0 0 0 0 0 0 1 0 0 0 0 0 0 0 0 0 0 0 0 1 0 0 0 0 1 0 0 0 0 0 0 0 0 0
0 0 0 0 0 0 1 0 0 0 0 0 0 0 0 0 0 0 1 0 0 0 0 0 0 1 0 0 0 0 0 1 0 0 0 0 0 1 0 0 0 0 1 0 0 0 1 0 0 0 1 0 0 0 0 1 0 0 0 0 0
0 0 0 0 0 0 1 1 1 1 1 1 1 1 0 0 1 1 0 0 0 1 0 0 0 0 0 0 0 0 0 0 0 0 0 0 0 0 0 0 0 0 0 0 0 0 0 0 0 0 0 0 0 0 0 0 0 0 0 0 0
0 0 0 0 0 0 1 0 0 0 1 0 0 1 0 0 1 0 0 1 0 0 1 0 0 1 0 0 1 0 0 1 0 0 1 0 0 1 0 0 1 0 0 1 0 0 1 0 0 0 1 0 0 1 0 0 0 0 0 0 0
0 0 0 0 0 0 0 0 1 0 0 0 0 0 0 0 0 0 0 0 0 0 0 0 0 0 0 0 0 0 0 0 0 0 0 0 0 0 0 0 0 0 0 0 0 0 0 1 0 0 0 0 0 0 0 0 0 0 0 0 0
0 0 0 0 0 0 1 1 1 1 1 1 1 1 0 0 1 0 1 1 1 0 0 0 0 0 0 0 0 0 0 0 0 0 0 0 0 0 0 0 0 0 0 0 0 0 0 0 0 0 0 0 0 0 0 0 0 0 0 0 0
0 0 0 0 1 0 0 0 0 0 0 0 0 0 0 0 0 0 0 0 0 1 0 0 0 0 0 0 0 0 0 0 0 0 0 0 0 0 1 0 0 0 0 0 0 0 0 0 0 0 0 0 0 0 0 1 0 0 0 0 0
0 0 0 0 1 0 0 0 0 0 0 0 0 0 0 0 0 0 0 0 0 0 0 0 0 0 0 0 0 0 0 0 0 0 0 0 0 0 0 0 0 1 0 0 0 0 0 0 0 0 0 0 0 0 0 0 0 0 0 0 0
0 0 0 0 0 0 0 0 1 0 0 0 0 0 0 0 0 0 0 0 0 0 1 0 0 0 0 0 0 0 0 1 0 0 0 0 0 0 0 0 0 0 0 0 0 0 0 0 0 0 0 0 1 0 0 0 0 0 0 0 0
0 0 0 0 0 1 0 0 0 0 0 0 0 0 0 0 1 0 0 0 0 0 0 0 0 0 0 1 0 0 0 0 0 0 0 0 0 0 0 0 0 0 1 0 0 0 0 0 0 0 0 0 0 1 0 0 0 0 0 0 0
0 0 0 0 0 0 0 0 1 0 0 0 0 0 0 0 0 1 0 0 0 0 0 0 0 0 1 0 0 0 0 0 0 0 0 0 0 0 0 0 0 0 0 0 1 0 0 0 0 0 0 0 0 0 0 0 0 0 0 0 0
0 0 0 0 0 0 0 0 0 0 0 0 0 0 1 0 0 0 0 0 0 0 0 0 0 0 0 0 0 0 0 0 0 0 0 0 0 0 0 0 0 0 0 0 0 0 0 1 0 0 0 0 0 0 0 0 0 0 0 0 0
0 0 0 0 0 0 0 0 0 0 0 0 1 0 0 0 0 0 0 1 0 0 0 0 0 0 0 0 0 1 0 0 0 0 0 1 0 0 0 0 0 0 0 0 0 1 0 0 0 0 0 1 0 0 0 0 0 0 0 0 0
0 0 0 0 0 0 0 0 0 0 0 0 0 0 0 0 0 0 0 0 0 0 0 0 0 0 0 0 0 0 1 0 0 0 0 0 0 0 0 0 0 0 0 0 0 0 0 0 0 1 0 0 0 0 0 0 0 0 0 0 0
0 0 0 0 0 0 0 0 0 0 0 0 0 0 0 0 0 1 0 0 0 0 0 0 0 0 0 0 0 0 0 0 0 0 0 0 0 0 0 0 0 0 0 0 0 0 0 0 0 0 0 0 0 0 0 0 0 0 0 0 0
0 0 0 0 0 0 0 0 0 0 1 0 0 0 0 0 0 0 0 0 0 0 0 0 0 1 0 0 0 0 0 0 0 0 0 0 0 0 0 0 0 0 0 1 0 0 0 0 0 0 0 0 0 1 0 0 0 0 0 0 0
0 0 0 0 0 0 1 0 0 0 0 0 0 0 0 0 0 0 0 0 0 0 0 0 0 0 0 0 0 0 1 0 0 0 0 0 0 0 0 0 0 0 0 0 0 0 0 0 0 0 0 0 0 0 1 0 0 0 0 0 0
0 0 0 0 0 1 0 0 1 0 1 0 0 1 0 0 1 0 1 0 1 0 1 0 1 0 1 0 1 0 0 1 0 0 0 0 0 1 0 1 0 1 0 1 0 0 1 0 1 0 1 0 1 0 0 0 0 0 0 0 0
0 0 0 0 1 0 0 0 0 0 0 0 0 0 0 0 0 0 0 0 0 0 0 0 0 0 0 0 0 0 0 0 0 0 0 0 0 0 0 0 0 0 0 0 0 0 0 0 0 0 0 0 0 0 0 1 0 0 0 0 0
0 0 0 0 0 0 1 0 0 0 0 0 1 0 0 0 1 0 0 1 0 0 1 0 0 1 0 0 1 0 0 0 1 0 0 0 1 0 0 1 0 0 1 0 0 0 1 0 0 0 0 0 0 0 0 0 0 0 0 0 0
0 0 0 0 0 0 0 0 0 0 0 0 0 0 0 0 0 0 0 0 0 0 0 0 0 0 0 0 0 0 0 0 0 0 0 0 0 0 0 0 0 0 0 0 0 0 0 0 0 0 0 0 0 0 0 0 0 0 0 0 0
0 0 0 0 0 0 0 0 0 0 0 0 0 0 1 0 0 0 0 0 0 0 0 0 1 0 0 0 0 0 0 0 1 0 0 0 0 0 0 0 1 0 0 0 0 0 0 0 0 0 0 0 0 0 0 0 0 0 0 0 0
0 0 0 0 0 0 1 0 0 0 0 0 1 0 0 0 0 0 0 0 0 1 0 0 0 0 0 1 0 0 0 0 0 0 0 0 1 0 0 0 0 0 1 0 0 0 0 0 1 0 0 0 0 0 0 0 0 0 0 0 0
0 0 0 0 1 0 0 0 0 0 0 0 0 0 0 1 0 0 0 0 0 0 0 0 0 0 0 0 0 0 0 0 0 0 1 0 0 0 0 0 0 0 0 0 0 0 0 0 0 0 0 0 0 0 0 0 0 0 0 0 0
0 0 0 0 0 1 0 0 0 0 1 0 0 0 0 0 1 0 0 0 0 1 0 0 0 0 1 0 0 0 0 1 0 0 0 0 1 0 0 0 0 0 0 1 0 0 0 0 0 0 0 0 0 0 0 0 0 0 0 0 0
0 0 0 0 0 0 1 0 1 0 0 0 1 0 0 0 0 1 0 0 1 0 0 1 0 0 0 1 0 1 0 0 0 0 1 0 0 0 0 0 0 0 0 0 0 0 0 1 0 0 0 0 0 0 0 0 0 0 0 0 0
0 0 0 0 1 0 0 0 0 0 0 0 0 0 0 0 0 0 0 0 0 0 0 0 0 0 0 0 0 0 0 0 0 0 0 0 0 0 0 0 0 0 0 0 0 0 0 0 0 0 0 0 0 0 0 1 0 0 0 0 0
0 0 0 0 0 0 0 0 0 0 0 0 0 0 0 0 0 0 0 0 0 0 0 0 0 0 0 0 0 0 0 0 0 0 0 0 0 0 0 0 0 1 0 0 0 1 0 0 0 0 0 0 0 0 0 0 0 0 0 0 0
0 0 0 0 0 0 1 1 1 1 1 1 1 1 0 0 1 1 1 1 1 1 1 1 1 1 0 1 1 1 1 1 1 1 1 1 1 1 1 1 1 1 1 1 1 1 1 1 1 0 1 1 1 1 1 1 0 0 0 0 0
0 0 0 0 0 0 1 1 1 1 1 1 1 1 0 0 1 1 1 1 1 1 1 1 0 1 1 1 1 1 1 1 1 0 1 0 1 1 1 1 1 1 1 1 1 1 1 1 0 0 1 1 1 1 1 1 0 0 0 0 0
0 0 0 0 0 0 1 1 1 1 1 1 1 0 0 0 1 1 1 1 1 1 1 1 1 1 0 1 1 1 1 1 1 1 0 0 0 1 1 1 1 1 1 1 1 1 1 0 0 0 1 1 1 1 1 0 0 0 0 0 0
0 0 0 0 0 0 1 0 1 1 1 1 0 0 0 0 0 1 1 1 1 1 0 0 0 0 0 0 1 1 0 0 0 0 0 0 1 0 1 1 0 1 0 0 0 0 1 1 0 0 0 0 0 1 1 1 0 0 0 0 0
0 0 0 0 0 0 0 1 1 1 1 1 0 0 0 0 1 1 1 1 1 1 1 1 0 1 0 1 1 1 0 1 1 1 0 0 0 0 1 1 1 0 1 1 0 0 1 1 0 0 0 1 1 1 1 0 0 0 0 0 0
0 0 0 0 0 0 1 0 0 0 0 0 0 0 0 0 0 0 0 0 1 0 1 0 0 0 0 0 0 0 0 0 1 0 0 0 0 1 1 1 1 0 0 0 0 0 0 1 0 0 1 1 1 0 0 0 0 0 0 0 0
0 0 0 0 0 0 1 0 0 0 0 0 0 0 0 0 0 0 0 0 0 1 0 0 0 0 0 0 0 0 0 0 0 0 0 0 0 0 0 0 0 0 0 0 0 0 0 0 0 0 0 0 0 0 0 0 0 0 0 0 0
0 0 0 0 0 0 0 0 0 0 0 0 0 0 0 0 0 0 0 0 0 0 0 1 0 0 0 0 0 0 0 0 0 0 0 0 0 0 0 0 0 0 0 0 0 0 0 0 0 0 0 0 0 0 0 1 0 0 0 0 0

y
0.0 0.3636363636363633 0.0 0.0 0.0 34.36363636363636 0.0 0.0 0.0 7.178571428571429 0.0 0.0 28.363636363636363 0.9000000000000004 10.5 0.0 0.0 0.0 0.0 0.0 0.0 0.0 0.0 0.33333333333333304 0.8000000000000007 0.0 0.0 0.0 1.4500000000000002 0.0 0.0 0.0 0.5048543689320388 0.0 0.0 14.0 21.8

k
0 9 4 0 1 10 0 0 0 25 0 0 10 5 5 0 2 0 5 0 0 6 0 3 3 0 0 0 19 6 9 13 83 21 40 50 4

f
12.25 33.25 5.25 5.25 0.0 0.0 0.0 0.0 0.0 0.0 0.0 0.0 0.0 5.25 0.0 0.0 0.0 0.0 0.0 0.0 0.0 0.0 0.0 0.0 0.0 0.0 0.0 0.0 0.0 1.75 0.0 0.0 0.0 0.0 5.25 0.0 0.0 0.0 0.0 0.0 0.0 0.0 0.0 0.0 0.0 0.0 5.25 0.0 0.0 0.0 0.0 12.25 0.0 0.0 0.0 0.0 0.0 0.0 0.0 0.0 0.0
0.0 0.0 0.0 0.0 0.0 0.0 0.0 0.0 0.0 0.0 0.0 0.0 0.0 0.0 0.0 0.0 0.0 0.0 0.0 0.0 0.0 0.0 0.0 0.0 0.0 0.0 0.0 0.0 0.0 0.0 0.0 0.0 0.0 0.0 0.0 0.0 0.0 0.0 0.0 0.0 0.0 0.0 0.0 0.0 0.0 0.0 0.0 0.0 0.0 0.0 0.0 0.0 0.0 0.0 0.0 0.0 0.0 0.0 0.0 0.0 0.0
0.0 0.0 0.0 0.0 0.0 0.0 0.0 0.0 0.0 0.0 0.0 0.0 0.0 0.0 0.0 0.0 0.0 0.0 0.0 0.0 0.0 0.0 0.0 0.0 0.0 0.0 0.0 0.0 0.0 0.0 0.0 0.0 0.0 0.0 0.0 0.0 0.0 0.0 0.0 0.0 0.0 0.0 0.0 0.0 0.0 0.0 0.0 0.0 0.0 0.0 0.0 0.0 0.0 0.0 0.0 0.0 0.0 0.0 0.0 0.0 0.0
0.0 0.0 0.0 1.25 0.0 0.25 0.0 0.0 0.25 0.75 2.25 27.25 0.0 1.75 0.0 0.0 0.0 0.0 0.0 0.0 4.75 0.0 3.25 2.75 0.0 0.0 0.25 0.25 0.0 0.75 11.25 18.25 0.75 1.25 0.0 0.0 0.25 0.0 0.25 1.25 0.0 1.25 0.75 7.75 0.0 5.25 0.0 3.25 0.75 0.0 0.0 1.75 0.0 0.0 0.0 0.0 0.0 0.0 0.0 0.0 0.0

L
2 5 4 1 3 39 1 17 37 9 11 9 33 6 19 0 10 24 2 51 3 0 8 6 11 5 2 51 4 1 1 1 1 1 1 15 32

g
0 0 0 0 0 0 0 0 0 0 0 0 0 0 0 0 0 0 0 0 0 0 0 0 0 0 0 0 0 0 0 0 0 0 0 0 0 0 0 0 0 0 0 0 0 0 0 0 0 0 0 0 0 0 0 0 0 0 0 0 0
0 0 0 0 0 0 0 0 0 0 0 0 0 0 0 0 0 0 0 0 0 0 0 0 0 0 0 0 0 0 0 0 0 0 0 0 0 0 0 0 0 0 0 0 0 0 0 0 0 0 0 0 0 0 0 0 0 0 0 0 0
0 0 0 0 0 0 0 0 0 0 0 0 0 0 0 0 0 0 0 0 0 0 0 0 0 0 0 0 0 0 0 0 0 0 0 0 0 0 0 0 0 0 0 0 0 0 0 0 0 0 0 0 0 0 0 0 0 0 0 0 0
0 0 0 0 0 0 0 0 0 0 0 0 0 0 0 0 0 0 0 0 0 0 0 0 0 0 0 0 0 0 0 0 0 0 0 0 0 0 0 0 0 0 0 0 0 0 0 0 0 0 0 0 0 0 0 0 0 0 0 0 0
0 0 0 0 0 0 0 0 0 0 0 0 0 0 0 0 0 0 0 0 0 0 0 0 0 0 0 0 0 0 0 0 0 0 0 0 0 0 0 0 0 0 0 0 0 0 0 0 0 0 0 0 0 0 0 0 0 0 0 0 0
0 0 0 0 0 0 0 0 0 0 0 0 0 0 0 0 0 0 0 0 0 0 0 0 0 0 0 0 0 0 0 0 0 0 0 0 0 0 0 0 0 0 0 0 0 0 0 0 0 0 0 0 0 0 0 0 0 0 0 0 0
0 0 0 0 0 0 0 0 0 0 0 0 0 0 0 0 0 0 0 0 0 0 0 0 0 0 0 0 0 0 0 0 0 0 0 0 0 0 0 0 0 0 0 0 0 0 0 0 0 0 0 0 0 0 0 0 0 0 0 0 0
0 0 0 0 0 0 0 0 0 0 0 0 0 0 0 0 0 0 0 0 0 0 0 0 0 0 0 0 0 0 0 0 0 0 0 0 0 0 0 0 0 0 0 0 0 0 0 0 0 0 0 0 0 0 0 0 0 0 0 0 0
0 0 0 0 0 0 0 0 0 0 0 0 0 0 0 0 0 0 0 0 0 0 0 0 0 0 0 0 0 0 0 0 0 0 0 0 0 0 0 0 0 0 0 0 0 0 0 0 0 0 0 0 0 0 0 0 0 0 0 0 0
0 0 0 0 0 0 0 0 0 0 0 0 0 0 0 0 0 0 0 0 0 0 0 0 0 0 0 0 0 0 0 0 0 0 0 0 0 0 0 0 0 0 0 0 0 0 0 0 0 0 0 0 0 0 0 0 0 0 0 0 0
0 0 0 0 0 0 0 0 0 0 0 0 0 0 0 0 0 0 0 0 0 0 0 0 0 0 0 0 0 0 0 0 0 0 0 0 0 0 0 0 0 0 0 0 0 0 0 0 0 0 0 0 0 0 0 0 0 0 0 0 0
0 0 0 0 0 0 0 0 0 0 0 0 0 0 0 0 0 0 0 0 0 0 0 0 0 0 0 0 0 0 0 0 0 0 0 0 0 0 0 0 0 0 0 0 0 0 0 0 0 0 0 0 0 0 0 0 0 0 0 0 0
0 0 0 0 0 0 0 0 0 0 0 0 0 0 0 0 0 0 0 0 0 0 0 0 0 0 0 0 0 0 0 0 0 0 0 0 0 0 0 0 0 0 0 0 0 0 0 0 0 0 0 0 0 0 0 0 0 0 0 0 0
0 0 0 0 0 0 0 0 0 0 0 0 0 0 0 0 0 0 0 0 0 0 0 0 0 0 0 0 0 0 0 0 0 0 0 0 0 0 0 0 0 0 0 0 0 0 0 0 0 0 0 0 0 0 0 0 0 0 0 0 0
0 0 0 0 0 0 0 0 0 0 0 0 0 0 0 0 0 0 0 0 0 0 0 0 0 0 0 0 0 0 0 0 0 0 0 0 0 0 0 0 0 0 0 0 0 0 0 0 0 0 0 0 0 0 0 0 0 0 0 0 0
0 0 0 0 0 0 0 0 0 0 0 0 0 0 0 0 0 0 0 0 0 0 0 0 0 0 0 0 0 0 0 0 0 0 0 0 0 0 0 0 0 0 0 0 0 0 0 0 0 0 0 0 0 0 0 0 0 0 0 0 0
0 0 0 0 0 0 0 0 0 0 0 0 0 0 0 0 0 0 0 0 0 0 0 0 0 0 0 0 0 0 0 0 0 0 0 0 0 0 0 0 0 0 0 0 0 0 0 0 0 0 0 0 0 0 0 0 0 0 0 0 0
0 0 0 0 0 0 0 0 0 0 0 0 0 0 0 0 0 0 0 0 0 0 0 0 0 0 0 0 0 0 0 0 0 0 0 0 0 0 0 0 0 0 0 0 0 0 0 0 0 0 0 0 0 0 0 0 0 0 0 0 0
0 0 0 0 0 0 0 0 0 0 0 0 0 0 0 0 0 0 0 0 0 0 0 0 0 0 0 0 0 0 0 0 0 0 0 0 0 0 0 0 0 0 0 0 0 0 0 0 0 0 0 0 0 0 0 0 0 0 0 0 0
0 0 0 0 0 0 0 0 0 0 0 0 0 0 0 0 0 0 0 0 0 0 0 0 0 0 0 0 0 0 0 0 0 0 0 0 0 0 0 0 0 0 0 0 0 0 0 0 0 0 0 0 0 0 0 0 0 0 0 0 0
0 0 0 0 0 0 0 0 0 0 0 0 0 0 0 0 0 0 0 0 0 0 0 0 0 0 0 0 0 0 0 0 0 0 0 0 0 0 0 0 0 0 0 0 0 0 0 0 0 0 0 0 0 0 0 0 0 0 0 0 0
0 0 0 0 0 0 0 0 0 0 0 0 0 0 0 0 0 0 0 0 0 0 0 0 0 0 0 0 0 0 0 0 0 0 0 0 0 0 0 0 0 0 0 0 0 0 0 0 0 0 0 0 0 0 0 0 0 0 0 0 0
0 0 0 0 0 0 0 0 0 0 0 0 0 0 0 0 0 0 0 0 0 0 0 0 0 0 0 0 0 0 0 0 0 0 0 0 0 0 0 0 0 0 0 0 0 0 0 0 0 0 0 0 0 0 0 0 0 0 0 0 0
0 0 0 0 0 0 0 0 0 0 0 0 0 0 0 0 0 0 0 0 0 0 0 0 0 0 0 0 0 0 0 0 0 0 0 0 0 0 0 0 0 0 0 0 0 0 0 0 0 0 0 0 0 0 0 0 0 0 0 0 0
0 0 0 0 0 0 0 0 0 0 0 0 0 0 0 0 0 0 0 0 0 0 0 0 0 0 0 0 0 0 0 0 0 0 0 0 0 0 0 0 0 0 0 0 0 0 0 0 0 0 0 0 0 0 0 0 0 0 0 0 0
0 0 0 0 0 0 0 0 0 0 0 0 0 0 0 0 0 0 0 0 0 0 0 0 0 0 0 0 0 0 0 0 0 0 0 0 0 0 0 0 0 0 0 0 0 0 0 0 0 0 0 0 0 0 0 0 0 0 0 0 0
0 0 0 0 0 0 0 0 0 0 0 0 0 0 0 0 0 0 0 0 0 0 0 0 0 0 0 0 0 0 0 0 0 0 0 0 0 0 0 0 0 0 0 0 0 0 0 0 0 0 0 0 0 0 0 0 0 0 0 0 0
0 0 0 0 0 0 0 0 0 0 0 0 0 0 0 0 0 0 0 0 0 0 0 0 0 0 0 0 0 0 0 0 0 0 0 0 0 0 0 0 0 0 0 0 0 0 0 0 0 0 0 0 0 0 0 0 0 0 0 0 0
0 0 0 0 0 0 0 0 0 0 0 0 0 0 0 0 0 0 0 0 0 0 0 0 0 0 0 0 0 0 0 0 0 0 0 0 0 0 0 0 0 0 0 0 0 0 0 0 0 0 0 0 0 0 0 0 0 0 0 0 0
0 0 0 0 0 0 0 0 0 0 0 0 0 0 0 0 0 0 0 0 0 0 0 0 0 0 0 0 0 0 0 0 0 0 0 0 0 0 0 0 0 0 0 0 0 0 0 0 0 0 0 0 0 0 0 0 0 0 0 0 0
0 0 0 0 0 0 0 0 0 0 0 0 0 0 0 0 0 0 0 0 0 0 0 0 0 0 0 0 0 0 0 0 0 0 0 0 0 0 0 0 0 0 0 0 0 0 0 0 0 0 0 0 0 0 0 0 0 0 0 0 0
0 0 0 0 0 0 0 0 0 0 0 0 0 0 0 0 0 0 0 0 0 0 0 0 0 0 0 0 0 0 0 0 0 0 0 0 0 0 0 0 0 0 0 0 0 0 0 0 0 0 0 0 0 0 0 0 0 0 0 0 0
0 0 0 0 0 0 0 0 0 0 0 0 0 0 0 0 0 0 0 0 0 0 0 0 0 0 0 0 0 0 0 0 0 0 0 0 0 0 0 0 0 0 0 0 0 0 0 0 0 0 0 0 0 0 0 0 0 0 0 0 0
0 0 0 0 0 0 0 0 0 0 0 0 0 0 0 0 0 0 0 0 0 0 0 0 0 0 0 0 0 0 0 0 0 0 0 0 0 0 0 0 0 0 0 0 0 0 0 0 0 0 0 0 0 0 0 0 0 0 0 0 0
0 0 0 0 0 0 0 0 0 0 0 0 0 0 0 0 0 0 0 0 0 0 0 0 0 0 0 0 0 0 0 0 0 0 0 0 0 0 0 0 0 0 0 0 0 0 0 0 0 0 0 0 0 0 0 0 0 0 0 0 0
0 0 0 0 0 0 0 0 0 0 0 0 0 0 0 0 0 0 0 0 0 0 0 0 0 0 0 0 0 0 0 0 0 0 0 0 0 0 0 0 0 0 0 0 0 0 0 0 0 0 0 0 0 0 0 0 0 0 0 0 0
0 0 0 0 0 0 0 0 0 0 0 0 0 0 0 0 0 0 0 0 0 0 0 0 0 0 0 0 0 0 0 0 0 0 0 0 0 0 0 0 0 0 0 0 0 0 0 0 0 0 0 0 0 0 0 0 0 0 0 0 0

I cap
1058.909090909091 1058.909090909091 1004.3790909090957 987.8490909090918 1119.6350000000102 935.1200000000067 644.0080000000028 806.3480000000075 279.83200000000136 662.6289999999975 429.02800000000957 507.41700000000003 423.02400000001376 596.499000000005 875.2769999999973 812.2510909090877 436.1650909090929 367.6700909090922 576.9740909090928 609.7680909090897 613.0740909090938 537.7770909090871 684.2670909090842 620.8640909090877 739.3670909090923 710.9620909090886 568.1390909090895 507.52909090909037 578.0190909090916 612.219090909089 793.5360909090898 513.1150909090877 573.4020909090914 467.36309090909117 279.6500000000109 310.19300000001147 259.7680000000072 352.2879999999984 407.34299999998973 608.894999999998 606.2200000000005 718.9679999999955 656.5009999999966 580.3679999999995 583.9419999999989 622.5320000000002 728.4629999999992 472.951999999995 608.840999999999 662.3369999999998 568.3020000000005 457.5779999999995 602.8119999999997 832.010000000004 1015.0700000000012 987.6130000000232 699.9420909090926 790.8190909090902 1025.659090909091 1058.909090909091 1058.909090909091
107.96969696969697 107.96969696969697 72.81969696969699 61.79969696969693 52.72499999999944 42.7799999999983 17.441999999999446 9.901999999999475 1.6180000000001753 50.520999999999944 63.07200000000006 83.03299999999997 71.22599999999902 65.30099999999915 91.7729999999995 76.27769696969632 25.813696969696874 0.25869696969683886 33.20469696969671 27.01069696969666 48.40469696969663 31.55169696969654 37.0616969696967 16.76969696969639 51.216696969696414 77.72169696969704 39.18969696969621 31.39969696969653 41.659696969696924 65.40969696969645 100.69269696969678 60.01369696969647 60.526696969696246 84.86569696969627 71.64999999999908 77.75699999999979 35.481999999999765 32.06199999999996 11.856999999999601 39.60499999999994 58.229999999999286 31.081999999999653 47.09899999999922 56.482000000000035 12.857999999999759 65.16799999999927 65.1869999999991 64.34799999999994 66.6090000000002 77.36299999999969 94.74799999999985 90.87199999999953 53.38799999999924 0.9099999999998047 28.65000000000004 7.651999999999951 39.341696969696905 43.464696969696696 74.71969696969697 107.96969696969697 107.96969696969697
38.96666666666666 38.96666666666666 15.279999999999994 15.279999999999994 28.773333333333326 23.308750000000003 8.675416666666676 5.875416666666672 7.275416666666678 32.550000000000004 17.5 22.750000000000007 3.9166666666666705 15.816666666666666 10.916666666666671 32.31666666666666 18.383333333333333 18.383333333333333 11.733333333333334 18.383333333333333 11.733333333333333 18.38333333333334 11.733333333333334 18.383333333333333 11.733333333333334 18.383333333333333 11.733333333333334 18.383333333333333 11.733333333333334 6.342083333333333 6.342083333333333 20.275416666666665 6.342083333333333 18.383333333333333 9.866666666666672 18.9 4.2666666666666675 2.516666666666672 6.716666666666668 3.566666666666669 17.21666666666667 12.666666666666679 26.316666666666677 18.966666666666676 22.816666666666684 34.65 24.91666666666667 30.516666666666666 17.56666666666667 39.550000000000004 35.7 42.35 39.199999999999996 6.622083333333341 8.722083333333286 25.132083333333348 26.925416666666663 38.96666666666666 38.96666666666666 38.96666666666666 38.96666666666666
45.24545454545453 45.24545454545453 43.848954545454525 41.85395454545457 30.712499999999356 35.188999999999865 22.629999999999846 24.51149999999954 13.822999999999624 21.733999999999522 24.510999999999534 20.930999999999813 19.20799999999959 23.02049999999994 28.770499999999824 38.319954545454074 30.14045454545441 27.185954545454166 26.73945454545424 24.335954545454236 27.423454545454394 26.41645454545416 26.843954545454196 21.077454545454533 23.148454545454317 26.881954545454423 32.63895454545427 27.081454545454253 29.1239545454543 29.123954545454332 31.061954545454313 24.45945454545424 24.877454545454256 28.886454545454217 27.835499999999985 21.896999999999977 20.823499999999925 19.92099999999998 23.614499999999737 38.71949999999967 26.606999999999932 31.940999999999484 36.35349999999954 30.810499999999596 31.44699999999955 34.25899999999959 27.39899999999985 23.361499999999708 30.37249999999982 40.903499999999724 38.101999999999606 38.2349999999997 38.47299999999967 37.90249999999975 34.90199999999982 31.12100000000005 32.61045454545454 34.016454545454536 43.98195454545453 45.24545454545453 45.24545454545453
20.999999999999993 20.999999999999993 20.40149999999999 20.11649999999999 13.474500000000015 22.603000000000556 12.532500000000256 10.721500000000525 3.276000000000126 6.3160000000001535 10.975000000000453 11.431000000000363 11.206000000000483 13.638500000000805 14.334000000000067 17.551500000000175 15.00550000000027 11.32900000000041 8.583500000000287 7.272500000000132 8.374500000000326 8.536000000000236 10.046500000000028 8.061000000000218 11.99400000000034 10.322000000000081 10.683000000000206 8.317500000000551 10.86350000000029 11.319500000000186 11.58550000000017 7.899500000000441 7.168000000000321 11.623500000000186 14.169500000000179 19.620000000000537 12.671500000000135 10.125500000000123 6.45850000000015 6.075000000000125 4.1359999999999815 10.588000000000068 7.8740000000001835 10.96550000000075 8.346000000000194 10.363000000000078 7.883500000000165 7.678000000000257 14.414000000000193 16.044000000000423 13.165500000000373 10.778000000000349 6.9335000000004605 7.395500000000155 10.021000000000162 6.0025000000001025 9.410000000000043 13.105499999999973 20.458499999999994 20.999999999999993 20.999999999999993
345.75757575757575 345.75757575757575 345.75757575757575 345.75757575757575 259.0 262.70588235294156 245.10644117647135 190.0020000000006 174.24650000000318 183.7180000000006 169.16849999999906 152.02099999999922 230.3706176470582 279.8460588235285 284.6935000000002 292.78445811051665 231.7475169340476 198.431575757578 203.39057575757656 214.6005757575764 247.7270757575732 239.74707575757728 221.25057575757612 201.86107575757458 220.36707575757745 220.10219340463394 212.83301693404675 229.19201693404838 228.42307575757673 218.44807575757602 229.67707575757714 197.91857575757658 205.5945757575772 269.38819340463607 201.08205882352897 258.6694999999995 244.120882352941 248.71644117647108 231.58700000000184 237.15399999999923 230.1554999999995 280.85950000000037 214.26750000000027 250.87400000000068 228.28950000000302 193.7155000000008 231.3146176470609 301.7250588235309 357.34750000000076 331.26888235294155 310.18394117647085 271.00950000000086 257.0714999999985 275.5810000000014 311.7946176470609 289.10755882353004 307.53907575757563 313.10607575757575 345.75757575757575 345.75757575757575 345.75757575757575
779.7575757575758 779.7575757575758 763.5980757575758 740.5130757575757 614.2875000000163 671.4820000000002 688.179500000004 622.0210000000003 564.2335000000003 640.7605 566.416 686.6245 777.3939999999999 786.571 804.4625 731.8965757575766 592.7690757575762 493.1900757575763 504.26707575757825 483.2055757575834 547.5965757575765 612.5290757575908 717.3425757575776 696.642075757579 671.3625757575769 620.8985757575764 619.5115757575757 565.0290757575752 549.6675757575763 627.8430757575761 715.3665757575761 654.9655757575767 656.4095757575767 665.453575757577 569.7320000000027 584.650000000001 667.2280000000013 666.8025000000056 521.5625000000066 550.5920000000042 559.892500000002 625.5715000000015 644.2345000000013 610.8475000000018 573.354 513.1065000000012 426.6644999999994 454.90499999999963 558.1100000000009 582.2255000000013 615.5965000000011 607.1650000000022 542.5379999999999 564.1525000000072 561.4340000000005 463.17900000002476 638.5875757575758 665.1875757575758 765.1370757575758 779.7575757575758 779.7575757575758
80.73333333333335 80.73333333333335 79.93533333333335 77.65533333333335 64.62599999999979 86.709 76.4285 79.89733333333332 69.19999999999997 78.01399999999998 69.93999999999997 78.99199999999999 92.05966666666666 95.12799999999999 89.502 79.27033333333333 73.54816666666667 67.02483333333335 68.19333333333333 66.71133333333331 69.24783333333329 69.41883333333332 70.41633333333331 63.12983333333331 67.37949999999982 66.4136666666665 70.353 70.49866666666667 69.30483333333328 71.35683333333333 75.70149999999997 71.80966666666667 68.53533333333328 69.44733333333329 42.4701666666667 66.67499999999923 74.27699999999983 70.26749999999922 66.00833333333219 67.716 66.64549999999966 72.49816666666666 73.18883333333333 75.40349999999997 80.33766666666666 88.91999999999997 77.36333333333333 67.28899999999993 69.90366666666648 72.71849999999974 70.14399999999942 62.83433333333273 56.47499999999948 56.49999999999943 57.7254999999995 50.19766666666644 69.34283333333335 70.42583333333336 80.01133333333335 80.73333333333335 80.73333333333335
10.775757575757575 10.775757575757575 9.778257575757578 9.778257575757577 7.117500000000031 8.802499999999998 2.7825000000000144 0.9774999999999946 2.9600000000000017 4.539999999999998 1.2215000000000007 0.41100000000000136 2.149499999999998 5.239999999999994 6.640000000000007 10.775757575757588 5.455757575757581 1.8457575757575806 1.2282575757575778 2.225757575757622 4.458257575757658 2.273257575757598 2.178257575757632 2.9382575757576057 3.413257575757588 0.29725757575757417 0.6867575757575857 2.4252575757575823 2.767257575757582 0.4872575757575861 1.7222575757575882 2.767257575757573 3.0902575757575645 4.163757575757582 5.6355 1.9554999999999962 0.7425000000000069 4.362500000000027 0.7174999999999994 3.1025000000000014 3.8024999999999864 1.1074999999999937 1.3300000000000107 9.981500000000018 4.610999999999999 0.9025000000000167 0.6175000000000122 4.747000000000005 2.1470000000000087 2.8464999999999874 4.214499999999985 3.438999999999997 3.8760000000000145 3.739499999999992 0.11350000000002336 1.947000000000015 7.878257575757579 7.8782575757575755 9.873257575757576 10.775757575757575 10.775757575757575
2.545454545454545 2.545454545454545 2.545454545454545 1.690454545454545 1.432 0.602 0.21599999999999886 0.19999999999999973 1.2609999999999966 0.817499999999996 1.3179999999999854 0.602 0.20300000000000007 0.9029999999999997 0.24749999999999972 0.32245454545454255 0.8924545454545415 0.40795454545452936 1.262954545454539 1.0634545454545394 1.7474545454545396 0.0469545454545397 0.046954545454539254 0.6454545454545397 0.046954545454539254 0.046954545454540586 0.20845454545454367 0.4649545454545342 0.4649545454545395 1.1489545454545418 1.94695454545454 1.3484545454545338 0.7499545454545397 0.4364545454545411 0.9189999999999953 0.3204999999999958 0.8049999999999936 0.10499999999999443 0.8049999999999954 0.0035000000000000586 0.5484999999999972 0.13349999999999795 0.8049999999999883 0.11750000000000005 0.36150000000000004 0.12099999999999622 0.10499999999999698 1.4639999999999787 0.2919999999999868 0.34899999999999687 1.6064999999999547 0.0924999999999978 0.3204999999999918 2.3189999999999866 1.403499999999998 0.301499999999999 0.046954545454540586 0.6454545454545366 2.545454545454545 2.545454545454545 2.545454545454545
8.515433299825174 8.515433299825174 8.515433299825174 8.515433299825174 6.551346454022995 6.5689805258620755 4.626753781609229 5.667997250000042 8.031778982758702 7.252546991379379 7.4772755258620975 7.118479482758737 7.086900698275915 6.567027537356386 7.422693715517293 6.808679482758678 6.152026436781654 5.650682767241416 4.649957939655232 4.458704577586264 4.925446340909179 5.380195353448336 5.615534663793181 5.929716215517294 6.286703399425338 6.018532250000057 5.188518218390858 6.5905366178161895 6.235532422413893 6.621638293103526 7.582123801724245 7.386959318965555 5.357465517241446 5.720197442528789 9.698420870689676 9.775553629310357 5.377474663793171 5.654487126436838 4.386031551724201 4.344825689655256 4.759787931034605 4.40393034482769 4.786837758620749 5.388276551724203 5.126477931034537 4.971923620689726 2.980725172413929 4.501044606321919 5.262305353448377 6.058412939655234 5.9589841954023886 4.382318965517278 5.282339655172492 4.72112413793109 6.800189482758709 4.6122766839080676 7.532674515342471 7.8602607222389675 8.187847092928623 8.515433299825174 8.515433299825174
700.0 700.0 699.05 697.15 688.5999999999999 685.7499999999999 674.3499999999998 683.8499999999997 682.8999999999997 690.4999999999997 682.8999999999996 684.7999999999998 678.1499999999999 680.0499999999996 680.9999999999998 683.85 677.1999999999999 679.0999999999998 684.7999999999996 682.8999999999997 687.6499999999997 682.8999999999999 681.9499999999998 687.6499999999997 685.7499999999997 684.7999999999998 682.8999999999999 682.8999999999997 683.8499999999998 683.8499999999997 685.7499999999999 683.8499999999998 682.8999999999999 685.7499999999999 680.0499999999998 681.9499999999999 680.0499999999998 682.8999999999999 685.7499999999999 689.55 686.6999999999998 687.6499999999999 683.8499999999999 683.8499999999997 685.7499999999998 684.7999999999998 684.7999999999998 685.7499999999999 684.7999999999996 686.6999999999998 680.9999999999997 684.8 680.9999999999998 682.8999999999996 684.7999999999998 684.7999999999998 691.4499999999999 696.1999999999998 698.1 698.1 700.0

H cap
-12.25 -33.25 -5.25 -5.25 5.25 5.25 5.25 5.25 50.75 29.75 1.75 33.25 57.75 -5.25 26.25 15.75 8.75 19.25 15.75 71.75 68.25 43.75 15.75 19.25 8.75 29.75 26.25 1.75 43.75 -1.75 5.25 40.25 57.75 26.25 -5.25 5.25 12.25 29.75 33.25 57.75 36.75 57.75 43.75 1.75 57.75 5.25 -5.25 12.25 22.75 26.25 12.25 -12.25 22.75 131.25 131.25 131.25 131.25 131.25 131.25 131.25 131.25
44.5 42.5 20.5 6.0 4.5 1.5 1.5 1.5 11.5 18.5 30.0 42.5 32.0 6.5 7.5 4.0 0.5 4.0 5.0 10.5 26.5 25.0 21.0 25.5 13.5 7.5 15.5 17.0 16.0 20.5 24.5 28.5 30.5 22.0 8.0 6.5 12.5 15.5 16.0 17.0 17.5 17.5 11.0 5.0 24.5 39.5 26.0 8.0 4.5 3.5 8.5 16.0 31.0 52.5 52.5 52.5 52.5 52.5 52.5 52.5 52.5
52.5 42.0 31.5 38.5 45.5 45.5 38.5 38.5 49.0 42.0 42.0 52.5 45.5 35.0 45.5 49.0 49.0 42.0 38.5 45.5 49.0 45.5 42.0 42.0 42.0 49.0 52.5 38.5 42.0 52.5 49.0 52.5 52.5 42.0 45.5 52.5 49.0 45.5 42.0 38.5 45.5 56.0 45.5 42.0 49.0 49.0 45.5 45.5 49.0 42.0 45.5 45.5 49.0 63.0 63.0 63.0 63.0 63.0 63.0 63.0 63.0
12.25 2.75 1.25 -1.25 1.25 -0.25 1.25 1.25 -0.25 -0.75 -2.25 -27.25 12.75 -1.75 3.25 0.25 1.25 4.25 0.25 7.75 -4.75 0.25 -3.25 -2.75 0.25 4.75 -0.25 -0.25 0.25 -0.75 -11.25 -18.25 -0.75 -1.25 13.75 21.25 -0.25 3.75 -0.25 -1.25 7.75 -1.25 -0.75 -7.75 1.25 -5.25 0.25 -3.25 -0.75 5.75 13.25 -1.75 10.25 78.75 78.75 78.75 78.75 78.75 78.75 78.75 78.75

Gap
NaN

Time
NaN

