T P M C
61 37 4 12

base obj
12.68322774926223

exp obj
11.19379336096628

Objective struct
12.68322774926223 0.0 6.725490196078431

num campaigns
361

x
0 0 0 0 0 0 1 0 0 1 0 0 1 0 0 0 1 0 0 1 0 0 0 0 0 1 0 0 1 0 0 0 0 0 1 0 0 1 0 0 1 0 0 1 0 0 0 1 0 0 0 1 0 0 0 0 0 0 0 0 0
0 0 0 0 0 0 0 0 0 0 0 0 0 0 0 0 0 0 0 0 0 0 0 0 0 0 0 0 0 0 0 0 0 0 0 0 1 0 0 0 0 0 0 0 0 0 0 0 0 0 0 1 0 0 0 0 0 0 0 0 0
0 0 0 0 0 0 0 1 0 0 0 1 0 0 0 0 0 1 0 0 0 0 1 0 0 0 0 0 0 0 0 0 0 0 1 0 0 0 0 0 0 0 1 0 0 0 0 0 0 1 0 0 0 1 0 0 0 0 0 0 0
0 0 0 0 1 0 1 0 1 0 1 0 0 1 0 1 0 0 0 0 0 0 1 0 0 0 0 0 1 0 0 1 0 1 0 1 0 0 0 0 0 0 0 0 0 0 0 0 0 0 0 0 0 0 0 0 0 0 0 0 0
0 0 0 0 0 0 0 0 1 1 1 1 1 1 0 0 0 0 1 0 1 1 1 1 1 0 0 0 1 1 0 0 0 0 0 0 1 0 0 1 0 0 0 0 0 1 0 0 0 0 0 0 0 0 0 0 0 0 0 0 0
0 0 0 0 0 0 0 0 0 0 0 0 0 0 0 0 0 0 0 1 0 0 0 0 0 0 0 0 0 0 0 1 0 0 0 1 0 0 0 0 0 0 0 0 0 0 0 0 0 1 0 0 0 0 0 0 0 0 0 0 0
0 0 0 0 0 0 0 0 1 0 1 0 1 0 1 0 0 0 1 0 1 0 1 0 1 0 0 1 0 0 0 0 1 0 0 0 1 0 1 0 0 0 0 0 0 0 0 0 0 0 0 0 0 0 0 0 0 0 0 0 0
0 0 0 0 1 0 0 0 0 0 0 0 0 0 0 0 0 0 0 0 0 1 0 0 0 0 0 0 0 0 0 0 0 0 0 0 0 0 1 0 0 0 0 0 0 0 0 0 0 0 0 0 0 0 0 1 0 0 0 0 0
0 0 0 0 1 0 0 0 0 0 0 0 0 0 0 0 0 0 0 0 0 0 0 0 0 0 0 0 0 0 0 0 0 0 0 0 0 0 0 0 0 0 0 0 0 0 0 0 0 0 0 0 0 1 0 0 0 0 0 0 0
0 0 0 0 0 0 0 0 0 0 0 0 1 0 1 0 0 0 0 0 1 0 0 1 0 0 0 0 0 0 0 0 0 0 0 1 0 0 0 0 0 0 1 0 1 0 0 0 0 0 0 0 0 0 0 0 0 0 0 0 0
0 0 0 0 0 0 1 0 0 0 0 0 0 0 0 0 1 0 0 0 0 0 0 0 0 0 0 1 0 0 0 0 0 0 0 0 0 0 0 1 0 0 0 0 0 0 0 0 0 0 1 0 0 0 0 0 0 0 0 0 0
0 0 0 0 0 0 0 0 1 0 0 0 0 0 0 0 0 0 1 0 0 0 0 0 0 0 0 1 0 0 0 0 0 0 0 0 0 0 0 0 0 0 0 0 1 0 0 0 0 0 0 0 0 0 0 0 0 0 0 0 0
0 0 0 0 0 0 0 0 0 0 0 0 0 0 0 1 0 0 0 0 0 0 0 1 0 0 0 0 0 0 0 0 0 0 0 0 0 0 0 0 0 0 0 0 0 0 0 0 1 0 0 0 0 0 0 0 0 0 0 0 0
0 0 0 0 0 0 0 0 0 0 1 0 0 0 0 0 0 0 0 0 0 1 0 0 0 0 0 1 0 0 0 0 1 0 0 0 0 1 0 0 0 0 0 0 0 0 1 0 0 0 0 1 0 0 0 0 0 0 0 0 0
0 0 0 0 0 0 0 0 0 0 0 0 0 0 0 0 0 1 0 0 0 0 0 0 0 0 0 0 0 0 0 0 0 0 0 0 0 0 0 0 0 0 0 0 0 1 0 0 0 0 0 0 0 0 0 0 0 0 0 0 0
0 0 0 0 0 0 0 0 0 0 0 0 0 0 0 0 0 0 0 0 0 0 0 0 0 0 0 0 0 0 0 0 0 0 0 0 0 0 0 0 0 0 0 0 0 0 0 1 0 0 0 0 0 0 0 0 0 0 0 0 0
0 0 0 0 0 0 0 0 0 0 0 0 0 1 0 0 0 0 0 0 0 0 0 0 0 1 0 0 0 0 0 0 0 0 0 0 0 0 0 0 0 0 0 1 0 0 0 0 0 0 0 0 0 1 0 0 0 0 0 0 0
0 0 0 0 0 0 1 0 0 0 0 0 0 0 0 0 0 0 0 0 0 0 0 0 0 0 1 0 0 0 0 0 0 0 0 0 0 0 0 0 0 0 0 0 0 0 0 0 0 1 0 0 0 0 0 0 0 0 0 0 0
0 0 0 0 0 0 0 0 1 0 1 0 0 1 0 1 0 0 1 0 0 1 0 1 0 0 0 1 0 0 1 0 1 0 0 0 1 0 0 0 1 0 1 0 1 0 1 0 1 0 0 1 0 1 0 1 0 0 0 0 0
0 0 0 0 0 1 0 0 0 0 0 0 0 0 0 0 0 0 0 0 0 0 0 0 0 0 0 0 0 0 0 0 0 0 0 0 0 0 0 0 0 0 0 0 0 0 0 0 0 0 0 0 0 0 0 1 0 0 0 0 0
0 0 0 0 0 1 0 0 1 0 0 1 0 0 1 0 1 0 1 0 1 0 1 0 0 0 0 0 1 0 0 1 0 1 0 0 0 0 0 0 0 0 0 1 0 0 0 0 0 0 0 0 0 0 0 0 0 0 0 0 0
0 0 0 0 0 0 0 0 0 0 0 0 0 0 0 0 0 0 0 0 0 0 0 0 0 0 0 0 0 0 0 0 0 0 0 0 0 0 0 0 0 0 0 0 0 0 0 0 0 0 0 0 0 0 0 0 0 0 0 0 0
0 0 0 0 0 0 0 0 0 0 0 0 0 0 1 0 0 0 0 0 0 0 0 0 0 0 1 0 0 0 0 0 0 0 0 0 0 0 0 1 0 0 0 0 0 0 0 0 0 0 0 0 1 0 0 0 0 0 0 0 0
0 0 0 0 0 0 1 0 0 0 0 0 0 0 0 0 0 0 0 0 0 0 0 1 0 0 0 0 0 0 0 0 0 1 0 0 0 0 0 0 0 1 0 0 0 0 0 0 0 0 0 0 0 0 1 0 0 0 0 0 0
0 0 0 0 1 0 0 0 0 0 0 0 0 0 0 1 0 0 0 0 0 0 0 0 0 0 0 0 0 1 0 0 0 0 0 0 0 0 0 0 0 0 0 0 0 0 0 0 0 0 0 0 0 0 0 0 0 0 0 0 0
0 0 0 0 1 0 0 0 1 0 0 0 1 0 0 0 0 0 1 0 0 0 0 0 0 1 0 0 0 0 0 0 1 0 0 0 0 0 0 0 0 0 0 0 0 1 0 0 0 1 0 0 0 0 0 0 0 0 0 0 0
0 0 0 0 0 0 0 0 0 0 1 0 0 0 0 0 0 0 0 0 0 1 0 0 0 0 0 0 0 0 0 1 0 0 0 0 0 0 1 0 0 0 0 0 0 0 0 1 0 0 0 0 0 0 0 0 0 0 0 0 0
0 0 0 0 1 0 0 0 0 0 0 0 0 0 0 0 0 0 0 0 0 0 0 0 0 0 0 0 0 0 0 0 0 0 0 0 0 0 0 0 0 0 0 0 0 0 0 0 0 0 0 0 0 0 0 1 0 0 0 0 0
0 0 0 0 0 0 0 0 0 0 0 0 0 0 0 0 0 0 0 0 0 0 0 0 0 0 0 0 0 0 0 0 0 0 0 0 0 0 0 0 0 1 0 0 0 0 0 0 0 0 1 0 0 0 0 0 0 0 0 0 0
0 0 0 0 0 1 0 1 1 1 1 1 1 1 0 1 1 0 1 1 1 1 1 1 1 1 0 1 1 1 0 1 1 1 1 1 1 1 1 1 1 1 1 1 1 1 1 1 1 1 1 1 1 1 1 1 0 0 0 0 0
0 0 0 0 1 0 1 1 1 1 1 1 1 1 0 0 0 0 1 0 1 1 0 1 1 0 0 1 1 1 1 1 1 1 1 1 1 1 0 1 1 1 1 1 1 1 1 0 1 1 1 0 1 1 0 0 0 0 0 0 0
0 0 0 0 0 0 0 1 1 1 1 1 1 1 0 1 1 1 1 1 1 1 0 1 1 0 0 1 0 1 0 1 1 1 0 1 1 1 1 1 1 1 1 1 1 1 0 0 1 1 1 0 0 1 0 0 0 0 0 0 0
0 0 0 0 0 0 0 1 1 0 1 1 0 0 0 0 1 0 0 0 1 1 0 0 1 1 0 0 0 0 0 0 0 0 0 1 1 1 1 1 0 0 1 0 1 1 0 0 1 1 0 0 0 0 0 0 0 0 0 0 0
0 0 0 0 0 0 0 1 1 0 1 1 1 0 0 0 1 0 1 1 1 1 0 0 1 1 0 1 0 0 0 1 1 1 1 0 1 1 1 1 1 1 1 0 1 1 0 0 1 1 0 0 0 1 0 0 0 0 0 0 0
0 0 0 0 0 0 1 1 1 0 1 1 0 0 0 0 0 1 1 1 1 1 0 1 1 0 0 0 0 0 0 0 1 1 0 0 1 1 0 1 0 0 0 0 0 0 0 0 0 1 0 0 0 0 0 0 0 0 0 0 0
0 0 0 0 0 0 0 0 0 0 0 0 0 0 0 0 0 0 0 0 0 1 0 0 0 0 0 0 0 0 0 0 0 1 0 0 0 0 0 0 0 0 0 0 0 0 0 0 0 0 0 0 0 0 0 0 0 0 0 0 0
0 0 0 0 0 0 0 0 0 0 0 0 0 0 0 0 0 0 0 0 0 0 0 0 0 0 0 0 0 0 1 0 0 0 0 0 0 0 0 0 0 0 0 0 0 0 0 0 0 0 0 0 0 0 0 1 0 0 0 0 0

y
0.0 10.363636363636363 0.0 0.0 0.0 0.0 0.0 0.0 0.0 0.1785714285714286 0.0 0.0 3.3636363636363633 0.0 19.5 0.0 0.0 0.0 0.0 0.0 0.0 0.0 0.0 2.333333333333333 0.8000000000000007 0.0 1.333333333333333 0.0 6.45 0.0 0.0 0.0 0.5048543689320388 0.0 0.0 11.0 14.8

k
0 10 5 0 0 8 0 0 0 22 0 0 9 4 5 0 2 0 6 0 0 6 0 5 3 0 5 0 19 6 14 16 85 23 34 50 4

f
12.25 33.25 8.75 0.0 0.0 0.0 0.0 0.0 0.0 0.0 0.0 0.0 0.0 5.25 0.0 8.75 0.0 1.75 12.25 0.0 0.0 0.0 1.75 0.0 0.0 0.0 0.0 0.0 0.0 0.0 0.0 0.0 0.0 0.0 1.75 5.25 0.0 0.0 0.0 0.0 0.0 0.0 0.0 0.0 0.0 0.0 0.0 0.0 1.75 0.0 0.0 0.0 0.0 0.0 0.0 0.0 0.0 0.0 0.0 0.0 0.0
0.0 0.0 0.0 0.0 0.0 0.0 0.0 2.5 0.0 0.0 0.0 0.0 0.0 0.0 0.0 0.0 0.0 10.5 0.0 0.0 0.0 0.0 0.0 0.0 0.0 0.0 0.0 0.0 0.0 0.0 0.0 0.0 0.0 0.5 0.0 0.0 0.0 0.0 0.0 0.0 0.0 0.0 0.0 0.0 0.0 0.0 0.0 0.0 0.0 0.0 0.0 0.0 0.0 0.0 0.0 0.0 0.0 0.0 0.0 0.0 0.0
0.0 0.0 0.0 0.0 0.0 0.0 0.0 0.0 0.0 0.0 0.0 0.0 0.0 0.0 0.0 0.0 0.0 0.0 0.0 0.0 0.0 0.0 0.0 0.0 0.0 0.0 0.0 0.0 0.0 0.0 0.0 0.0 0.0 0.0 0.0 0.0 0.0 0.0 0.0 0.0 0.0 0.0 0.0 0.0 0.0 0.0 0.0 0.0 0.0 0.0 0.0 0.0 0.0 0.0 0.0 0.0 0.0 0.0 0.0 0.0 0.0
0.0 3.25 0.0 2.25 0.0 0.0 0.0 0.0 0.0 0.25 0.0 28.75 17.25 3.25 0.25 2.25 0.0 1.75 0.75 1.75 0.0 0.0 7.75 0.0 0.0 3.25 2.75 0.75 0.75 0.0 0.0 1.25 0.0 0.0 0.0 0.0 0.0 0.25 0.0 0.25 0.0 0.0 0.0 1.75 0.0 0.0 0.0 3.25 12.75 0.25 0.0 3.25 0.0 0.0 0.0 0.0 0.0 0.0 0.0 0.0 0.0

L
3 15 4 2 1 4 2 17 49 2 10 9 8 5 28 0 10 20 2 50 2 0 12 8 11 4 7 51 9 1 1 1 1 1 1 12 25

g
0 0 0 0 0 0 0 0 0 0 0 0 0 0 0 0 0 0 0 0 0 0 0 0 0 0 0 0 0 0 0 0 0 0 0 0 0 0 0 0 0 0 0 0 0 0 0 0 0 0 0 0 0 0 0 0 0 0 0 0 0
0 0 0 0 0 0 0 0 0 0 0 0 0 0 0 0 0 0 0 0 0 0 0 0 0 0 0 0 0 0 0 0 0 0 0 0 0 0 0 0 0 0 0 0 0 0 0 0 0 0 0 0 0 0 0 0 0 0 0 0 0
0 0 0 0 0 0 0 0 0 0 0 0 0 0 0 0 0 0 0 0 0 0 0 0 0 0 0 0 0 0 0 0 0 0 0 0 0 0 0 0 0 0 0 0 0 0 0 0 0 0 0 0 0 0 0 0 0 0 0 0 0
0 0 0 0 0 0 0 0 0 0 0 0 0 0 0 0 0 0 0 0 0 0 0 0 0 0 0 0 0 0 0 0 0 0 0 0 0 0 0 0 0 0 0 0 0 0 0 0 0 0 0 0 0 0 0 0 0 0 0 0 0
0 0 0 0 0 0 0 0 0 0 0 0 0 0 0 0 0 0 0 0 0 0 0 0 0 0 0 0 0 0 0 0 0 0 0 0 0 0 0 0 0 0 0 0 0 0 0 0 0 0 0 0 0 0 0 0 0 0 0 0 0
0 0 0 0 0 0 0 0 0 0 0 0 0 0 0 0 0 0 0 0 0 0 0 0 0 0 0 0 0 0 0 0 0 0 0 0 0 0 0 0 0 0 0 0 0 0 0 0 0 0 0 0 0 0 0 0 0 0 0 0 0
0 0 0 0 0 0 0 0 0 0 0 0 0 0 0 0 0 0 0 0 0 0 0 0 0 0 0 0 0 0 0 0 0 0 0 0 0 0 0 0 0 0 0 0 0 0 0 0 0 0 0 0 0 0 0 0 0 0 0 0 0
0 0 0 0 0 0 0 0 0 0 0 0 0 0 0 0 0 0 0 0 0 0 0 0 0 0 0 0 0 0 0 0 0 0 0 0 0 0 0 0 0 0 0 0 0 0 0 0 0 0 0 0 0 0 0 0 0 0 0 0 0
0 0 0 0 0 0 0 0 0 0 0 0 0 0 0 0 0 0 0 0 0 0 0 0 0 0 0 0 0 0 0 0 0 0 0 0 0 0 0 0 0 0 0 0 0 0 0 0 0 0 0 0 0 0 0 0 0 0 0 0 0
0 0 0 0 0 0 0 0 0 0 0 0 0 0 0 0 0 0 0 0 0 0 0 0 0 0 0 0 0 0 0 0 0 0 0 0 0 0 0 0 0 0 0 0 0 0 0 0 0 0 0 0 0 0 0 0 0 0 0 0 0
0 0 0 0 0 0 0 0 0 0 0 0 0 0 0 0 0 0 0 0 0 0 0 0 0 0 0 0 0 0 0 0 0 0 0 0 0 0 0 0 0 0 0 0 0 0 0 0 0 0 0 0 0 0 0 0 0 0 0 0 0
0 0 0 0 0 0 0 0 0 0 0 0 0 0 0 0 0 0 0 0 0 0 0 0 0 0 0 0 0 0 0 0 0 0 0 0 0 0 0 0 0 0 0 0 0 0 0 0 0 0 0 0 0 0 0 0 0 0 0 0 0
0 0 0 0 0 0 0 0 0 0 0 0 0 0 0 0 0 0 0 0 0 0 0 0 0 0 0 0 0 0 0 0 0 0 0 0 0 0 0 0 0 0 0 0 0 0 0 0 0 0 0 0 0 0 0 0 0 0 0 0 0
0 0 0 0 0 0 0 0 0 0 0 0 0 0 0 0 0 0 0 0 0 0 0 0 0 0 0 0 0 0 0 0 0 0 0 0 0 0 0 0 0 0 0 0 0 0 0 0 0 0 0 0 0 0 0 0 0 0 0 0 0
0 0 0 0 0 0 0 0 0 0 0 0 0 0 0 0 0 0 0 0 0 0 0 0 0 0 0 0 0 0 0 0 0 0 0 0 0 0 0 0 0 0 0 0 0 0 0 0 0 0 0 0 0 0 0 0 0 0 0 0 0
0 0 0 0 0 0 0 0 0 0 0 0 0 0 0 0 0 0 0 0 0 0 0 0 0 0 0 0 0 0 0 0 0 0 0 0 0 0 0 0 0 0 0 0 0 0 0 0 0 0 0 0 0 0 0 0 0 0 0 0 0
0 0 0 0 0 0 0 0 0 0 0 0 0 0 0 0 0 0 0 0 0 0 0 0 0 0 0 0 0 0 0 0 0 0 0 0 0 0 0 0 0 0 0 0 0 0 0 0 0 0 0 0 0 0 0 0 0 0 0 0 0
0 0 0 0 0 0 0 0 0 0 0 0 0 0 0 0 0 0 0 0 0 0 0 0 0 0 0 0 0 0 0 0 0 0 0 0 0 0 0 0 0 0 0 0 0 0 0 0 0 0 0 0 0 0 0 0 0 0 0 0 0
0 0 0 0 0 0 0 0 0 0 0 0 0 0 0 0 0 0 0 0 0 0 0 0 0 0 0 0 0 0 0 0 0 0 0 0 0 0 0 0 0 0 0 0 0 0 0 0 0 0 0 0 0 0 0 0 0 0 0 0 0
0 0 0 0 0 0 0 0 0 0 0 0 0 0 0 0 0 0 0 0 0 0 0 0 0 0 0 0 0 0 0 0 0 0 0 0 0 0 0 0 0 0 0 0 0 0 0 0 0 0 0 0 0 0 0 0 0 0 0 0 0
0 0 0 0 0 0 0 0 0 0 0 0 0 0 0 0 0 0 0 0 0 0 0 0 0 0 0 0 0 0 0 0 0 0 0 0 0 0 0 0 0 0 0 0 0 0 0 0 0 0 0 0 0 0 0 0 0 0 0 0 0
0 0 0 0 0 0 0 0 0 0 0 0 0 0 0 0 0 0 0 0 0 0 0 0 0 0 0 0 0 0 0 0 0 0 0 0 0 0 0 0 0 0 0 0 0 0 0 0 0 0 0 0 0 0 0 0 0 0 0 0 0
0 0 0 0 0 0 0 0 0 0 0 0 0 0 0 0 0 0 0 0 0 0 0 0 0 0 0 0 0 0 0 0 0 0 0 0 0 0 0 0 0 0 0 0 0 0 0 0 0 0 0 0 0 0 0 0 0 0 0 0 0
0 0 0 0 0 0 0 0 0 0 0 0 0 0 0 0 0 0 0 0 0 0 0 0 0 0 0 0 0 0 0 0 0 0 0 0 0 0 0 0 0 0 0 0 0 0 0 0 0 0 0 0 0 0 0 0 0 0 0 0 0
0 0 0 0 0 0 0 0 0 0 0 0 0 0 0 0 0 0 0 0 0 0 0 0 0 0 0 0 0 0 0 0 0 0 0 0 0 0 0 0 0 0 0 0 0 0 0 0 0 0 0 0 0 0 0 0 0 0 0 0 0
0 0 0 0 0 0 0 0 0 0 0 0 0 0 0 0 0 0 0 0 0 0 0 0 0 0 0 0 0 0 0 0 0 0 0 0 0 0 0 0 0 0 0 0 0 0 0 0 0 0 0 0 0 0 0 0 0 0 0 0 0
0 0 0 0 0 0 0 0 0 0 0 0 0 0 0 0 0 0 0 0 0 0 0 0 0 0 0 0 0 0 0 0 0 0 0 0 0 0 0 0 0 0 0 0 0 0 0 0 0 0 0 0 0 0 0 0 0 0 0 0 0
0 0 0 0 0 0 0 0 0 0 0 0 0 0 0 0 0 0 0 0 0 0 0 0 0 0 0 0 0 0 0 0 0 0 0 0 0 0 0 0 0 0 0 0 0 0 0 0 0 0 0 0 0 0 0 0 0 0 0 0 0
0 0 0 0 0 0 0 0 0 0 0 0 0 0 0 0 0 0 0 0 0 0 0 0 0 0 0 0 0 0 0 0 0 0 0 0 0 0 0 0 0 0 0 0 0 0 0 0 0 0 0 0 0 0 0 0 0 0 0 0 0
0 0 0 0 0 0 0 0 0 0 0 0 0 0 0 0 0 0 0 0 0 0 0 0 0 0 0 0 0 0 0 0 0 0 0 0 0 0 0 0 0 0 0 0 0 0 0 0 0 0 0 0 0 0 0 0 0 0 0 0 0
0 0 0 0 0 0 0 0 0 0 0 0 0 0 0 0 0 0 0 0 0 0 0 0 0 0 0 0 0 0 0 0 0 0 0 0 0 0 0 0 0 0 0 0 0 0 0 0 0 0 0 0 0 0 0 0 0 0 0 0 0
0 0 0 0 0 0 0 0 0 0 0 0 0 0 0 0 0 0 0 0 0 0 0 0 0 0 0 0 0 0 0 0 0 0 0 0 0 0 0 0 0 0 0 0 0 0 0 0 0 0 0 0 0 0 0 0 0 0 0 0 0
0 0 0 0 0 0 0 0 0 0 0 0 0 0 0 0 0 0 0 0 0 0 0 0 0 0 0 0 0 0 0 0 0 0 0 0 0 0 0 0 0 0 0 0 0 0 0 0 0 0 0 0 0 0 0 0 0 0 0 0 0
0 0 0 0 0 0 0 0 0 0 0 0 0 0 0 0 0 0 0 0 0 0 0 0 0 0 0 0 0 0 0 0 0 0 0 0 0 0 0 0 0 0 0 0 0 0 0 0 0 0 0 0 0 0 0 0 0 0 0 0 0
0 0 0 0 0 0 0 0 0 0 0 0 0 0 0 0 0 0 0 0 0 0 0 0 0 0 0 0 0 0 0 0 0 0 0 0 0 0 0 0 0 0 0 0 0 0 0 0 0 0 0 0 0 0 0 0 0 0 0 0 0
0 0 0 0 0 0 0 0 0 0 0 0 0 0 0 0 0 0 0 0 0 0 0 0 0 0 0 0 0 0 0 0 0 0 0 0 0 0 0 0 0 0 0 0 0 0 0 0 0 0 0 0 0 0 0 0 0 0 0 0 0
0 0 0 0 0 0 0 0 0 0 0 0 0 0 0 0 0 0 0 0 0 0 0 0 0 0 0 0 0 0 0 0 0 0 0 0 0 0 0 0 0 0 0 0 0 0 0 0 0 0 0 0 0 0 0 0 0 0 0 0 0

I cap
1058.909090909091 1058.909090909091 1023.7590909090953 987.849090909092 745.0880000000069 857.4480000000044 828.2320000000005 1079.0550000000026 360.35399999999936 628.2199999999989 280.6379999999983 623.9059999999968 350.65299999999735 433.99199999999905 643.9139999999957 507.8900909090868 782.136090909092 669.8080909090924 437.2480909090908 374.7000909090874 442.03609090908986 628.8250909090871 393.7570909090914 571.7870909090938 523.6600909090886 670.9860909090901 708.8340909090919 680.1630909090889 638.0590909090894 791.5410909090914 748.39209090909 439.5280909090883 550.4880909090891 581.1350909090888 347.49900000000105 70.45099999999864 193.66699999999736 532.4080000000017 450.9100000000018 670.9109999999988 583.3250000000022 665.3500000000014 705.5209999999975 581.849999999999 674.3819999999988 453.1849999999996 607.8509999999986 646.1370000000078 802.3750000000018 453.1660000000006 493.2140000000003 553.5849999999991 917.2239999999981 929.2329999999985 1078.282999999998 1091.6950000000024 847.0590909090917 868.6240909090907 1025.659090909091 1058.909090909091 1058.909090909091
107.96969696969697 107.96969696969697 72.81969696969693 61.79969696969679 25.232000000000042 67.06199999999882 31.767999999999645 36.44499999999991 0.8959999999998232 87.77999999999992 61.36199999999984 103.34399999999997 55.246999999999616 34.00799999999954 76.13599999999994 34.83869696969702 48.4426969696968 44.87069696969696 5.730696969697022 20.778696969696988 5.69269696969675 23.153696969696853 34.97169696969673 13.691696969696814 1.0186969696967552 75.9926969696966 94.1946969696967 17.415696969696846 33.86969696969628 54.237696969696756 86.84169696969683 59.405696969697004 68.14569696969694 76.54369696969691 65.55099999999987 27.74899999999993 3.733000000000068 45.74199999999994 16.739999999999913 20.339000000000063 40.27499999999932 30.549999999999628 60.77899999999981 66.39999999999976 28.817999999999863 32.16499999999995 60.39899999999968 94.46299999999978 83.02499999999982 55.683999999999884 40.63599999999953 64.21499999999993 54.37600000000003 22.43699999999977 39.536999999999914 26.11999999999985 43.27469696969644 52.109696969696856 74.71969696969697 107.96969696969697 107.96969696969697
38.96666666666666 38.96666666666666 38.96666666666666 15.279999999999994 20.413333333333327 0.6987499999999986 15.325416666666667 12.52541666666667 7.275416666666677 18.616666666666674 3.566666666666668 8.81666666666667 3.9166666666666705 15.81666666666667 10.916666666666671 11.733333333333334 4.450000000000002 18.383333333333333 4.450000000000002 18.383333333333333 4.45 18.383333333333333 4.450000000000001 11.733333333333333 18.383333333333333 20.275416666666665 26.925416666666663 20.275416666666665 6.342083333333333 18.383333333333333 18.383333333333333 18.383333333333333 11.733333333333334 4.450000000000001 3.216666666666674 4.966666666666667 11.55 16.450000000000003 20.65 30.799999999999997 31.15 33.25000000000001 33.60000000000001 25.616666666666674 16.16666666666668 20.71666666666667 32.2 44.449999999999996 19.458750000000002 27.508750000000013 30.308750000000003 30.308750000000018 45.85 12.013333333333335 20.76333333333333 23.873333333333335 32.31666666666666 32.31666666666666 38.96666666666666 38.96666666666666 38.96666666666666
45.24545454545453 45.24545454545453 43.848954545454525 41.85395454545454 21.6114999999998 34.59049999999995 31.80699999999987 29.052499999999757 21.090499999999803 27.775999999999826 26.26849999999986 19.1354999999999 13.906999999999881 18.840499999999988 22.528999999999993 25.865454545454227 38.319954545454436 34.66245454545434 27.185954545454376 24.392954545454316 26.56845454545433 25.513954545454233 22.41695454545443 22.502454545454427 24.744454545454325 38.44345454545441 38.19645454545437 31.17595454545433 28.553954545454292 37.65495454545439 32.34445454545449 20.269954545454393 23.19595454545444 26.99595454545429 25.498499999999925 12.207000000000004 15.35149999999998 22.162999999999972 25.523999999999923 39.82149999999987 26.321999999999974 34.334999999999624 35.39399999999982 27.931999999999853 28.62549999999983 30.981499999999837 30.457999999999846 30.85699999999986 29.365499999999887 30.928499999999758 37.142499999999856 39.023499999999814 42.46299999999998 36.0025 29.848000000000003 30.1235 37.19895454545453 37.19895454545453 43.98195454545453 45.24545454545453 45.24545454545453
20.999999999999993 20.999999999999993 20.40149999999999 20.11649999999999 7.812500000000008 19.553500000000348 12.295000000000368 13.182000000000551 4.587000000000227 7.6175000000000885 11.383500000000229 11.640000000000214 9.287000000000152 10.000000000000476 12.928000000000107 13.580500000000116 20.401500000000148 17.656000000000184 13.267000000000117 12.203000000000122 11.766000000000135 11.832500000000069 8.403000000000146 9.704500000000252 10.122500000000064 14.701500000000339 17.352000000000203 16.459000000000067 11.433500000000102 11.395500000000261 10.018000000000121 6.1895000000000415 9.077500000000123 8.697500000000234 8.365000000000123 6.49100000000008 5.708000000000029 9.413000000000054 12.092000000000093 11.537500000000016 7.271000000000006 10.778000000000254 7.199500000000073 9.702000000000258 7.405500000000222 9.00450000000018 10.230000000000086 15.069000000000317 17.169000000000366 9.774000000000036 6.8860000000001484 11.215000000000144 12.776000000000085 8.73500000000008 9.679000000000167 11.674000000000214 18.501500000000078 18.50150000000003 20.458499999999994 20.999999999999993 20.999999999999993
345.75757575757575 345.75757575757575 345.75757575757575 345.75757575757575 248.93949999999998 290.2094999999997 279.3818823529414 231.50694117646995 223.37100000000106 230.1540000000001 199.91049999999987 190.46750000000037 197.6609999999996 216.13961764705795 174.35044117647104 184.04801693404738 235.5385757575759 225.26907575757656 240.85857575757663 241.3715757575763 228.15707575757622 255.0146934046354 255.0985169340467 222.52301693404613 241.36319340463476 281.49063458110555 243.96395811051818 278.7261345811057 276.996016934046 318.35063458110545 262.6700169340478 246.42501693404685 220.3670757575755 271.0411934046355 179.29744117647004 184.91094117647103 181.1084999999996 234.41000000000068 231.43500000000122 225.46900000000105 210.20549999999744 275.80549999999994 189.5010000000019 201.0084999999971 190.98300000000233 212.00411764705987 283.5260588235301 271.6368823529417 281.6414411764708 271.46749999999986 287.49961764705773 273.4040588235304 352.9063823529423 359.5520588235301 330.42355882353047 315.251 320.10757575757566 320.1075757575757 345.75757575757575 345.75757575757575 345.75757575757575
779.7575757575758 779.7575757575758 763.5980757575758 740.5130757575757 556.2330000000102 732.1299999999999 716.7840000000008 617.3185000000003 713.7540000000007 734.6585000000003 610.4865000000002 709.263 762.4125 758.6885000000001 804.4340000000001 569.190075757576 658.3475757575756 656.2385757575755 649.2275757575769 518.783075757577 549.8765757575783 642.0170757575831 599.2670757575771 559.6425757575778 537.5360757575767 665.1685757575759 706.3510757575752 701.753075757576 684.3490757575757 742.4035757575762 716.1930757575766 603.0860757575754 658.9270757575761 664.4370757575806 460.23500000000035 391.6954999999995 545.181500000001 632.6215000000047 542.8995000000082 574.114000000001 627.5799999999989 626.9965000000002 605.7120000000002 517.8045000000002 423.1114999999999 548.2660000000011 612.1615000000004 555.9850000000013 486.3945000000029 446.79350000000215 581.2825000000013 588.3550000000025 660.8605000000022 632.5430000000023 630.328 517.0630000000112 714.1980757575758 714.1980757575758 765.1370757575758 779.7575757575758 779.7575757575758
80.73333333333335 80.73333333333335 79.93533333333335 77.65533333333335 61.65249999999962 86.1105 78.205 80.69533333333332 72.09749999999997 83.30866666666664 73.96483333333332 79.91349999999998 86.68899999999998 89.28866666666666 87.49749999999999 75.27083333333334 75.72366666666666 73.65899999999999 69.44416666666666 63.55733333333329 66.64483333333331 68.38333333333335 69.76400000000002 74.6723333333333 71.40116666666667 72.62033333333333 75.5685 71.83816666666668 71.1415 77.21833333333333 71.86983333333332 62.90816666666665 63.03483333333326 68.92483333333332 36.092500000000015 56.08566666666632 66.87333333333319 64.60549999999965 64.37749999999956 69.825 68.92549999999987 71.80149999999996 71.273 78.75066666666663 78.95383333333334 80.64549999999997 79.11766666666665 79.77199999999999 72.02533333333328 62.17349999999977 66.75566666666627 66.54249999999979 63.371999999999744 56.06933333333307 57.54816666666639 52.07549999999957 72.33533333333335 72.33533333333335 80.01133333333335 80.73333333333335 80.73333333333335
10.775757575757575 10.775757575757575 9.778257575757575 9.778257575757577 7.117500000000008 8.802499999999993 5.062499999999997 2.4975000000000014 4.099999999999999 6.440000000000005 4.480000000000002 0.24000000000000465 3.2800000000000016 5.781500000000004 1.1110000000000042 1.2567575757575855 7.327257575757582 3.2422575757575722 1.6272575757575956 0.6297575757575761 0.8387575757576001 1.5132575757575928 2.558257575757586 2.1782575757575824 4.173257575757584 4.0972575757575775 0.686757575757575 4.705257575757576 10.775757575757574 10.775757575757586 8.875757575757582 6.595757575757576 1.275757575757586 0.5157575757575814 5.740000000000016 5.803 1.5500000000000034 1.2180000000000184 0.9930000000000088 1.202499999999998 2.2824999999999815 3.767500000000001 1.3300000000000018 6.533 1.162500000000005 2.736000000000013 4.531500000000009 1.6215000000000108 0.5130000000000026 1.3075000000000143 2.912999999999992 0.6175000000000015 12.815499999999986 6.3995000000000095 0.11350000000002336 1.9469999999999952 7.878257575757576 7.878257575757573 9.873257575757576 10.775757575757575 10.775757575757575
2.545454545454545 2.545454545454545 2.545454545454545 1.690454545454545 0.8335 0.0035000000000000586 1.317999999999997 0.7035000000000001 0.6624999999999958 0.019500000000000628 0.7194999999999971 0.20300000000000007 0.0035000000000000586 1.3019999999999983 0.9030000000000001 0.2939545454545449 0.32245454545453944 0.09445454545453513 0.4079545454545387 0.4649545454545422 1.0634545454545408 0.04695454545454103 0.04695454545454325 0.8924545454545406 0.5219545454545395 0.6929545454545384 1.1489545454545413 0.40795454545454046 0.46495454545454085 1.063454545454538 0.04695454545453792 0.046954545454540586 0.0469545454545397 0.04695454545453437 0.10199999999999676 0.2064999999999959 0.8904999999999942 0.2189999999999973 0.9189999999999939 0.20300000000000007 1.4034999999999997 0.7035000000000001 1.602999999999994 0.0035000000000000586 0.3614999999999996 0.9189999999999993 0.21899999999999875 3.4019999999999833 0.9474999999999986 0.17799999999998972 0.7514999999999891 1.2894999999999985 0.6624999999999953 1.7489999999999823 1.403499999999998 0.21599999999999975 0.6454545454545388 0.6454545454545326 2.545454545454545 2.545454545454545 2.545454545454545
8.515433299825174 8.515433299825174 8.515433299825174 8.515433299825174 5.878932824712642 6.931049327586209 5.569886129310346 5.695296264367833 7.37660689655175 6.847978189655233 6.899085870689708 6.29951380172418 6.518538629310395 5.611567931034501 6.308584683908065 5.870461091954041 6.392572413793147 5.885682931034512 4.322371896551761 4.622497844827617 3.6969982288401635 4.806919491379352 5.096856502873591 4.400980583333366 4.157393218390841 5.09528528735637 5.62038603448281 7.573295402298914 6.535819942528778 6.748075402298866 7.694825114942617 7.817189204023045 6.009361905172439 5.977352451149456 8.818852068965528 9.814318160919543 3.8869575862069405 5.447015862069001 4.615341732758669 4.74939449137935 4.682805008620728 4.7003958620689925 4.623044655172445 5.2293972413793375 4.793977931034505 4.64433741379313 4.935322873563268 4.716705525862109 4.23063868678166 3.938154318965568 6.341168103448302 5.832433908046011 6.674581034482811 6.166871264367847 8.410821666666674 5.868023810344843 7.860260722239005 8.18784692913552 8.187847092928623 8.515433299825174 8.515433299825174
700.0 700.0 700.0 698.0999999999999 685.75 680.9999999999999 680.0499999999998 689.5499999999998 681.9499999999998 690.4999999999998 681.9499999999997 682.8999999999997 682.8999999999997 684.7999999999997 679.0999999999998 677.1999999999998 680.0499999999998 683.8499999999999 680.9999999999998 687.6499999999999 680.9999999999997 684.7999999999997 679.0999999999997 678.1499999999995 683.8499999999997 682.8999999999997 682.9 681.9499999999998 680.0499999999998 683.8499999999997 686.6999999999998 682.9 683.8499999999996 683.8499999999998 684.7999999999998 684.8 685.7499999999998 686.6999999999997 686.6999999999998 683.8499999999998 684.7999999999998 686.6999999999999 684.7999999999998 686.6999999999999 687.6499999999997 686.6999999999998 684.7999999999996 684.8 684.7999999999998 682.8999999999999 684.7999999999998 684.7999999999998 684.7999999999998 678.1499999999997 676.25 684.7999999999997 689.5499999999998 696.1999999999998 698.1 700.0 700.0

H cap
-12.25 -33.25 -8.75 1.75 57.75 5.25 8.75 40.25 15.75 5.25 22.75 33.25 26.25 -5.25 15.75 -8.75 1.75 -1.75 -12.25 36.75 68.25 47.25 -1.75 19.25 5.25 26.25 99.75 47.25 36.75 78.75 36.75 12.25 8.75 12.25 -1.75 -5.25 12.25 47.25 78.75 26.25 26.25 36.75 57.75 15.75 15.75 40.25 29.75 12.25 -1.75 29.75 54.25 12.25 22.75 131.25 131.25 131.25 131.25 131.25 131.25 131.25 131.25
39.0 36.0 34.0 16.5 5.5 10.0 4.0 -2.5 4.0 8.0 27.0 32.0 20.0 20.0 18.0 12.5 6.5 -10.5 4.5 16.5 6.5 11.5 33.5 29.5 14.0 26.0 33.5 25.0 11.0 10.0 15.5 14.5 6.0 -0.5 2.5 8.5 13.5 18.5 13.0 11.0 11.5 8.5 19.5 27.5 18.5 10.0 14.0 20.5 30.5 24.0 27.0 36.5 39.5 52.5 52.5 52.5 52.5 52.5 52.5 52.5 52.5
49.0 45.5 42.0 42.0 45.5 42.0 42.0 42.0 42.0 35.0 42.0 45.5 45.5 49.0 45.5 49.0 52.5 42.0 38.5 35.0 42.0 49.0 45.5 49.0 45.5 49.0 52.5 49.0 49.0 49.0 49.0 49.0 45.5 49.0 52.5 45.5 45.5 49.0 45.5 45.5 49.0 45.5 49.0 49.0 45.5 45.5 45.5 45.5 49.0 45.5 45.5 45.5 49.0 63.0 63.0 63.0 63.0 63.0 63.0 63.0 63.0
8.75 -3.25 5.75 -2.25 21.25 11.75 0.75 4.75 7.25 -0.25 0.25 -28.75 -17.25 -3.25 -0.25 -2.25 3.75 -1.75 -0.75 -1.75 9.75 16.25 -7.75 0.25 0.75 -3.25 -2.75 -0.75 -0.75 2.75 0.25 -1.25 11.75 2.25 0.25 5.75 1.75 -0.25 0.25 -0.25 0.75 0.75 4.75 -1.75 1.25 5.75 2.75 -3.25 -12.75 -0.25 9.75 -3.25 21.75 78.75 78.75 78.75 78.75 78.75 78.75 78.75 78.75

Gap
NaN

Time
NaN

