T P M C
61 37 4 12

base obj
12.423607943780357

exp obj
11.263784389207817

Objective struct
12.423607943780357 0.0 7.784313725490194

num campaigns
356

x
0 0 0 0 0 0 1 0 0 0 1 0 0 0 1 0 0 0 1 0 0 1 0 0 1 0 0 0 0 0 1 0 0 0 0 1 0 0 0 1 0 0 1 0 0 1 0 0 0 1 0 0 1 0 0 0 0 0 0 0 0
0 0 0 0 0 0 0 0 0 0 0 0 0 0 0 0 0 0 1 0 0 0 0 0 0 0 0 0 0 0 0 1 0 0 0 0 0 1 0 0 0 0 0 0 0 0 1 0 0 0 0 0 0 0 0 0 0 0 0 0 0
0 0 0 0 0 0 0 0 0 1 0 0 0 1 0 0 0 0 0 1 0 0 0 1 0 0 0 1 0 0 0 0 0 0 0 1 0 0 0 0 0 1 0 0 0 1 0 0 0 0 1 0 0 0 0 0 0 0 0 0 0
0 0 0 0 0 0 1 1 1 1 1 1 1 1 0 1 1 0 0 0 0 0 0 0 0 0 0 0 0 0 0 0 0 0 0 0 0 0 0 0 0 0 0 1 0 0 0 0 0 0 0 0 0 0 0 0 0 0 0 0 0
0 0 0 0 0 0 0 0 0 0 1 1 1 1 1 1 1 1 1 0 1 0 0 0 0 1 1 1 1 1 1 0 1 0 0 0 0 0 0 0 0 0 0 0 0 0 0 0 0 0 0 0 0 0 0 0 0 0 0 0 0
0 0 0 0 0 0 0 0 0 0 0 0 0 0 0 1 0 0 0 0 0 0 0 0 0 1 0 0 0 0 0 0 0 0 0 0 0 1 0 0 0 0 0 0 0 0 0 0 0 0 0 0 0 0 0 0 0 0 0 0 0
0 0 0 0 0 0 1 0 0 1 0 1 0 1 0 0 1 0 0 1 0 0 1 0 1 0 1 0 1 0 0 1 0 0 0 0 0 0 0 0 1 0 0 0 0 0 0 0 0 0 0 0 0 0 0 0 0 0 0 0 0
0 0 0 0 1 0 0 0 0 0 0 0 0 0 0 0 0 0 0 0 0 0 0 1 0 0 0 0 0 0 0 0 0 0 0 0 0 0 0 1 0 0 0 0 0 0 0 0 0 0 0 0 0 0 0 1 0 0 0 0 0
0 0 0 0 1 0 0 0 0 0 0 0 0 0 0 0 0 0 0 0 0 0 0 0 0 0 0 0 0 0 0 0 0 0 0 0 0 0 0 0 0 0 0 0 0 0 0 0 0 0 0 0 0 0 0 1 0 0 0 0 0
0 0 0 0 0 0 0 0 0 0 0 0 0 0 0 0 0 0 0 0 0 0 0 0 0 0 0 1 0 0 0 0 0 0 0 0 0 1 0 0 0 1 0 0 1 0 0 0 1 0 1 0 0 0 0 0 0 0 0 0 0
0 0 0 0 0 1 0 0 0 0 0 0 0 0 0 0 1 0 0 0 0 0 0 0 0 0 0 0 0 0 0 0 0 0 1 0 0 0 0 0 0 0 0 1 0 0 0 0 0 0 0 0 1 0 0 0 0 0 0 0 0
0 0 0 0 0 0 0 0 1 0 0 0 0 0 0 0 0 0 0 0 0 1 0 0 0 0 0 0 0 0 0 0 0 0 1 0 0 0 0 0 0 0 0 0 0 0 0 1 0 0 0 0 0 0 0 0 0 0 0 0 0
0 0 0 0 0 0 0 0 0 0 0 0 0 0 1 0 0 0 0 0 0 0 0 0 0 0 0 0 0 0 0 0 0 0 0 0 0 0 0 0 0 0 0 0 0 0 0 0 0 1 0 0 0 0 0 0 0 0 0 0 0
0 0 0 0 0 0 0 0 0 0 1 0 0 0 0 0 0 1 0 0 0 0 0 0 1 0 0 0 0 1 0 0 0 0 1 0 0 0 0 0 0 0 0 0 1 0 0 0 0 0 0 0 0 1 0 0 0 0 0 0 0
0 0 0 0 0 0 0 0 0 0 0 0 1 0 0 0 0 0 0 0 0 0 0 0 0 0 0 0 1 0 0 0 0 0 0 0 0 0 0 0 0 0 0 0 0 0 0 0 0 0 0 0 0 0 0 0 0 0 0 0 0
0 0 0 0 1 0 0 0 0 0 0 0 0 0 0 0 0 0 0 0 0 0 0 0 0 0 0 0 0 0 0 0 0 0 0 0 0 0 0 0 0 0 0 0 0 0 0 0 0 0 0 0 0 0 0 0 0 0 0 0 0
0 0 0 0 0 0 0 0 0 0 0 0 0 0 0 0 0 0 0 1 0 0 0 0 0 0 0 0 0 0 0 1 0 0 0 0 0 0 0 0 0 0 0 1 0 0 0 0 0 0 0 0 0 1 0 0 0 0 0 0 0
0 0 0 0 0 0 0 0 1 0 0 0 0 0 0 0 0 0 0 0 0 0 0 0 0 0 0 0 0 1 0 0 0 0 0 0 0 0 0 0 0 0 0 0 0 0 0 0 0 0 1 0 0 0 0 0 0 0 0 0 0
0 0 0 0 0 0 0 1 0 0 1 0 0 0 0 0 0 1 0 0 0 0 1 0 0 1 0 1 0 0 1 0 1 0 0 0 0 1 0 0 1 0 1 0 1 0 0 1 0 1 0 1 0 1 0 0 0 0 0 0 0
0 0 0 0 1 0 0 0 0 0 0 0 0 0 0 0 0 0 0 0 0 0 0 0 0 0 0 0 0 0 0 0 0 0 0 0 0 0 0 0 0 0 0 0 0 0 0 0 0 0 0 0 0 0 0 1 0 0 0 0 0
0 0 0 0 0 0 0 0 0 0 0 1 0 0 1 0 1 0 1 0 1 0 1 0 1 0 0 1 0 0 1 0 0 1 0 0 0 0 0 0 0 1 0 0 0 0 0 0 1 0 0 0 0 0 0 0 0 0 0 0 0
0 0 0 0 0 0 0 0 0 0 0 0 0 0 0 0 0 0 0 0 0 0 0 0 0 0 0 0 0 0 0 0 0 0 0 0 0 0 0 0 0 0 0 0 0 0 0 0 0 0 0 0 0 0 0 0 0 0 0 0 0
0 0 0 0 0 0 0 0 1 0 0 0 0 0 0 0 0 0 0 0 1 0 0 0 0 0 0 0 0 0 0 0 0 1 0 0 0 0 0 0 0 0 0 0 0 0 0 0 0 0 0 1 0 0 0 0 0 0 0 0 0
0 0 0 0 1 0 0 0 0 0 0 0 0 0 0 0 1 0 0 0 0 0 0 0 0 0 1 0 0 0 0 0 1 0 0 0 0 0 0 1 0 0 0 0 0 0 0 1 0 0 0 0 0 0 1 0 0 0 0 0 0
0 0 0 0 0 0 1 0 0 0 0 0 0 0 0 0 0 0 0 0 0 0 1 0 0 0 0 0 0 0 0 0 0 0 0 0 1 0 0 0 0 0 0 0 0 0 0 0 0 0 0 0 0 0 0 1 0 0 0 0 0
0 0 0 0 0 1 0 0 0 1 0 0 0 1 0 0 0 1 0 0 0 0 0 1 0 0 0 1 0 0 0 1 0 0 0 1 0 0 0 0 0 0 0 0 0 0 0 0 0 0 0 0 0 0 0 0 0 0 0 0 0
0 0 0 0 0 0 0 0 1 0 0 0 0 1 0 0 0 0 0 0 0 1 0 0 0 0 1 0 0 0 0 0 0 1 0 0 0 0 1 0 0 0 0 1 0 0 0 0 1 0 0 0 0 0 0 1 0 0 0 0 0
0 0 0 0 0 0 1 0 0 0 0 0 0 0 0 0 0 0 0 0 0 0 0 0 0 0 0 0 0 0 0 0 0 0 0 0 0 0 0 0 0 0 0 0 0 0 0 0 0 0 0 0 0 1 0 0 0 0 0 0 0
0 0 0 0 0 0 0 0 0 0 0 0 0 0 0 0 0 0 0 0 0 0 0 0 0 0 0 0 0 0 0 0 0 0 0 0 0 0 0 0 0 1 0 0 0 0 1 0 0 0 0 0 0 0 0 0 0 0 0 0 0
0 0 0 0 0 0 0 1 1 0 1 1 1 1 1 1 1 1 1 1 1 0 0 0 1 1 1 1 1 1 1 1 1 1 1 1 0 1 1 0 1 1 1 1 1 1 1 1 1 1 1 1 1 1 1 0 0 0 0 0 0
0 0 0 0 0 0 0 0 0 0 1 1 1 1 1 1 1 1 1 1 1 1 0 0 0 0 1 1 1 1 1 1 1 1 1 1 0 1 1 0 1 1 1 1 1 1 1 1 1 1 1 1 1 1 0 0 0 0 0 0 0
0 0 0 0 0 0 0 1 1 0 1 1 0 1 0 1 1 1 1 1 1 0 0 1 0 1 1 1 1 1 1 1 1 0 0 1 0 1 1 0 1 1 1 1 1 1 1 1 1 1 1 1 1 1 1 1 0 0 0 0 0
0 0 0 0 0 0 0 0 0 0 0 1 0 0 0 0 0 0 1 0 0 0 0 1 0 1 1 0 0 0 0 0 1 0 0 0 0 1 1 0 1 0 0 0 0 1 1 1 1 1 0 1 0 0 0 0 0 0 0 0 0
0 0 0 0 0 0 0 1 0 0 0 1 1 0 0 1 1 0 1 1 0 0 0 1 0 1 1 1 1 1 1 1 0 0 0 0 0 1 1 1 1 1 1 1 1 1 0 1 1 1 1 1 1 0 1 1 0 0 0 0 0
0 0 0 0 0 0 0 0 0 0 0 1 0 0 0 0 1 0 0 0 0 0 0 1 0 1 0 0 0 1 1 0 0 0 0 0 0 1 0 1 0 0 0 0 0 0 0 0 1 1 1 1 1 0 0 0 0 0 0 0 0
0 0 0 0 0 0 0 0 0 0 0 0 0 0 0 0 0 0 0 0 0 0 0 0 0 0 1 0 1 0 0 0 0 0 0 0 0 0 0 0 0 0 0 0 0 0 0 0 0 0 0 0 0 0 0 0 0 0 0 0 0
0 0 0 0 0 0 0 0 0 0 0 0 0 0 0 0 0 0 0 0 0 0 0 0 0 0 0 0 0 0 0 0 0 0 0 0 0 0 0 0 0 0 0 0 0 0 0 0 0 0 0 0 0 0 0 0 0 0 0 0 0

y
0.0 1.3636363636363633 0.0 0.0 0.0 5.363636363636363 0.0 0.0 0.0 0.1785714285714286 0.0 0.0 30.363636363636363 0.0 7.5 0.0 0.0 0.0 0.0 0.0 0.0 0.0 0.0 0.33333333333333304 3.8000000000000007 0.0 0.0 0.0 2.45 0.0 0.0 0.0 0.5048543689320388 0.0 0.0 1.0 0.0

k
0 8 4 0 0 9 0 0 0 23 0 0 10 4 5 0 2 0 9 0 0 6 0 3 2 0 1 0 19 10 14 13 89 20 39 50 6

f
12.25 22.75 0.0 8.75 0.0 8.75 0.0 0.0 0.0 1.75 1.75 0.0 0.0 0.0 0.0 8.75 0.0 5.25 0.0 0.0 5.25 0.0 0.0 0.0 0.0 0.0 0.0 8.75 0.0 0.0 0.0 0.0 0.0 0.0 0.0 1.75 5.25 0.0 0.0 0.0 0.0 0.0 0.0 0.0 0.0 0.0 0.0 0.0 0.0 0.0 0.0 5.25 0.0 0.0 0.0 0.0 0.0 0.0 0.0 0.0 0.0
0.0 0.0 0.0 0.0 0.0 0.0 0.0 0.0 0.0 0.0 0.0 0.0 0.0 0.0 0.0 0.0 0.0 0.0 0.0 0.0 0.0 0.0 0.0 0.0 0.0 0.0 0.0 0.0 0.0 0.0 0.0 0.0 0.0 0.0 0.0 0.0 0.0 0.0 0.0 0.0 0.0 0.0 0.0 0.0 0.0 1.5 0.0 0.0 0.0 0.0 0.0 0.0 0.0 0.0 0.0 0.0 0.0 0.0 0.0 0.0 0.0
0.0 0.0 0.0 0.0 0.0 0.0 0.0 0.0 0.0 0.0 0.0 0.0 0.0 0.0 0.0 0.0 0.0 0.0 0.0 0.0 0.0 0.0 0.0 0.0 0.0 0.0 0.0 0.0 0.0 0.0 0.0 0.0 0.0 0.0 0.0 0.0 0.0 0.0 0.0 0.0 0.0 0.0 0.0 0.0 0.0 0.0 0.0 0.0 0.0 0.0 0.0 0.0 0.0 0.0 0.0 0.0 0.0 0.0 0.0 0.0 0.0
0.0 0.0 0.0 3.25 0.0 5.75 0.0 0.0 0.0 4.25 1.75 0.0 1.25 0.25 0.75 3.25 0.0 5.75 9.25 0.0 2.25 3.25 0.0 4.75 5.25 0.75 0.0 0.0 0.0 2.25 3.25 0.0 2.75 12.75 0.0 0.0 0.0 0.0 0.25 0.0 0.0 0.25 0.0 0.0 0.0 0.0 0.25 0.0 0.0 1.75 0.0 24.75 0.0 0.0 0.0 0.0 0.0 0.0 0.0 0.0 0.0

L
3 6 4 1 1 10 2 16 51 2 9 13 35 5 16 0 10 21 2 51 2 0 12 6 14 4 5 47 5 1 1 1 1 1 1 2 0

g
0 0 0 0 0 0 0 0 0 0 0 0 0 0 0 0 0 0 0 0 0 0 0 0 0 0 0 0 0 0 0 0 0 0 0 0 0 0 0 0 0 0 0 0 0 0 0 0 0 0 0 0 0 0 0 0 0 0 0 0 0
0 0 0 0 0 0 0 0 0 0 0 0 0 0 0 0 0 0 0 0 0 0 0 0 0 0 0 0 0 0 0 0 0 0 0 0 0 0 0 0 0 0 0 0 0 0 0 0 0 0 0 0 0 0 0 0 0 0 0 0 0
0 0 0 0 0 0 0 0 0 0 0 0 0 0 0 0 0 0 0 0 0 0 0 0 0 0 0 0 0 0 0 0 0 0 0 0 0 0 0 0 0 0 0 0 0 0 0 0 0 0 0 0 0 0 0 0 0 0 0 0 0
0 0 0 0 0 0 0 0 0 0 0 0 0 0 0 0 0 0 0 0 0 0 0 0 0 0 0 0 0 0 0 0 0 0 0 0 0 0 0 0 0 0 0 0 0 0 0 0 0 0 0 0 0 0 0 0 0 0 0 0 0
0 0 0 0 0 0 0 0 0 0 0 0 0 0 0 0 0 0 0 0 0 0 0 0 0 0 0 0 0 0 0 0 0 0 0 0 0 0 0 0 0 0 0 0 0 0 0 0 0 0 0 0 0 0 0 0 0 0 0 0 0
0 0 0 0 0 0 0 0 0 0 0 0 0 0 0 0 0 0 0 0 0 0 0 0 0 0 0 0 0 0 0 0 0 0 0 0 0 0 0 0 0 0 0 0 0 0 0 0 0 0 0 0 0 0 0 0 0 0 0 0 0
0 0 0 0 0 0 0 0 0 0 0 0 0 0 0 0 0 0 0 0 0 0 0 0 0 0 0 0 0 0 0 0 0 0 0 0 0 0 0 0 0 0 0 0 0 0 0 0 0 0 0 0 0 0 0 0 0 0 0 0 0
0 0 0 0 0 0 0 0 0 0 0 0 0 0 0 0 0 0 0 0 0 0 0 0 0 0 0 0 0 0 0 0 0 0 0 0 0 0 0 0 0 0 0 0 0 0 0 0 0 0 0 0 0 0 0 0 0 0 0 0 0
0 0 0 0 0 0 0 0 0 0 0 0 0 0 0 0 0 0 0 0 0 0 0 0 0 0 0 0 0 0 0 0 0 0 0 0 0 0 0 0 0 0 0 0 0 0 0 0 0 0 0 0 0 0 0 0 0 0 0 0 0
0 0 0 0 0 0 0 0 0 0 0 0 0 0 0 0 0 0 0 0 0 0 0 0 0 0 0 0 0 0 0 0 0 0 0 0 0 0 0 0 0 0 0 0 0 0 0 0 0 0 0 0 0 0 0 0 0 0 0 0 0
0 0 0 0 0 0 0 0 0 0 0 0 0 0 0 0 0 0 0 0 0 0 0 0 0 0 0 0 0 0 0 0 0 0 0 0 0 0 0 0 0 0 0 0 0 0 0 0 0 0 0 0 0 0 0 0 0 0 0 0 0
0 0 0 0 0 0 0 0 0 0 0 0 0 0 0 0 0 0 0 0 0 0 0 0 0 0 0 0 0 0 0 0 0 0 0 0 0 0 0 0 0 0 0 0 0 0 0 0 0 0 0 0 0 0 0 0 0 0 0 0 0
0 0 0 0 0 0 0 0 0 0 0 0 0 0 0 0 0 0 0 0 0 0 0 0 0 0 0 0 0 0 0 0 0 0 0 0 0 0 0 0 0 0 0 0 0 0 0 0 0 0 0 0 0 0 0 0 0 0 0 0 0
0 0 0 0 0 0 0 0 0 0 0 0 0 0 0 0 0 0 0 0 0 0 0 0 0 0 0 0 0 0 0 0 0 0 0 0 0 0 0 0 0 0 0 0 0 0 0 0 0 0 0 0 0 0 0 0 0 0 0 0 0
0 0 0 0 0 0 0 0 0 0 0 0 0 0 0 0 0 0 0 0 0 0 0 0 0 0 0 0 0 0 0 0 0 0 0 0 0 0 0 0 0 0 0 0 0 0 0 0 0 0 0 0 0 0 0 0 0 0 0 0 0
0 0 0 0 0 0 0 0 0 0 0 0 0 0 0 0 0 0 0 0 0 0 0 0 0 0 0 0 0 0 0 0 0 0 0 0 0 0 0 0 0 0 0 0 0 0 0 0 0 0 0 0 0 0 0 0 0 0 0 0 0
0 0 0 0 0 0 0 0 0 0 0 0 0 0 0 0 0 0 0 0 0 0 0 0 0 0 0 0 0 0 0 0 0 0 0 0 0 0 0 0 0 0 0 0 0 0 0 0 0 0 0 0 0 0 0 0 0 0 0 0 0
0 0 0 0 0 0 0 0 0 0 0 0 0 0 0 0 0 0 0 0 0 0 0 0 0 0 0 0 0 0 0 0 0 0 0 0 0 0 0 0 0 0 0 0 0 0 0 0 0 0 0 0 0 0 0 0 0 0 0 0 0
0 0 0 0 0 0 0 0 0 0 0 0 0 0 0 0 0 0 0 0 0 0 0 0 0 0 0 0 0 0 0 0 0 0 0 0 0 0 0 0 0 0 0 0 0 0 0 0 0 0 0 0 0 0 0 0 0 0 0 0 0
0 0 0 0 0 0 0 0 0 0 0 0 0 0 0 0 0 0 0 0 0 0 0 0 0 0 0 0 0 0 0 0 0 0 0 0 0 0 0 0 0 0 0 0 0 0 0 0 0 0 0 0 0 0 0 0 0 0 0 0 0
0 0 0 0 0 0 0 0 0 0 0 0 0 0 0 0 0 0 0 0 0 0 0 0 0 0 0 0 0 0 0 0 0 0 0 0 0 0 0 0 0 0 0 0 0 0 0 0 0 0 0 0 0 0 0 0 0 0 0 0 0
0 0 0 0 0 0 0 0 0 0 0 0 0 0 0 0 0 0 0 0 0 0 0 0 0 0 0 0 0 0 0 0 0 0 0 0 0 0 0 0 0 0 0 0 0 0 0 0 0 0 0 0 0 0 0 0 0 0 0 0 0
0 0 0 0 0 0 0 0 0 0 0 0 0 0 0 0 0 0 0 0 0 0 0 0 0 0 0 0 0 0 0 0 0 0 0 0 0 0 0 0 0 0 0 0 0 0 0 0 0 0 0 0 0 0 0 0 0 0 0 0 0
0 0 0 0 0 0 0 0 0 0 0 0 0 0 0 0 0 0 0 0 0 0 0 0 0 0 0 0 0 0 0 0 0 0 0 0 0 0 0 0 0 0 0 0 0 0 0 0 0 0 0 0 0 0 0 0 0 0 0 0 0
0 0 0 0 0 0 0 0 0 0 0 0 0 0 0 0 0 0 0 0 0 0 0 0 0 0 0 0 0 0 0 0 0 0 0 0 0 0 0 0 0 0 0 0 0 0 0 0 0 0 0 0 0 0 0 0 0 0 0 0 0
0 0 0 0 0 0 0 0 0 0 0 0 0 0 0 0 0 0 0 0 0 0 0 0 0 0 0 0 0 0 0 0 0 0 0 0 0 0 0 0 0 0 0 0 0 0 0 0 0 0 0 0 0 0 0 0 0 0 0 0 0
0 0 0 0 0 0 0 0 0 0 0 0 0 0 0 0 0 0 0 0 0 0 0 0 0 0 0 0 0 0 0 0 0 0 0 0 0 0 0 0 0 0 0 0 0 0 0 0 0 0 0 0 0 0 0 0 0 0 0 0 0
0 0 0 0 0 0 0 0 0 0 0 0 0 0 0 0 0 0 0 0 0 0 0 0 0 0 0 0 0 0 0 0 0 0 0 0 0 0 0 0 0 0 0 0 0 0 0 0 0 0 0 0 0 0 0 0 0 0 0 0 0
0 0 0 0 0 0 0 0 0 0 0 0 0 0 0 0 0 0 0 0 0 0 0 0 0 0 0 0 0 0 0 0 0 0 0 0 0 0 0 0 0 0 0 0 0 0 0 0 0 0 0 0 0 0 0 0 0 0 0 0 0
0 0 0 0 0 0 0 0 0 0 0 0 0 0 0 0 0 0 0 0 0 0 0 0 0 0 0 0 0 0 0 0 0 0 0 0 0 0 0 0 0 0 0 0 0 0 0 0 0 0 0 0 0 0 0 0 0 0 0 0 0
0 0 0 0 0 0 0 0 0 0 0 0 0 0 0 0 0 0 0 0 0 0 0 0 0 0 0 0 0 0 0 0 0 0 0 0 0 0 0 0 0 0 0 0 0 0 0 0 0 0 0 0 0 0 0 0 0 0 0 0 0
0 0 0 0 0 0 0 0 0 0 0 0 0 0 0 0 0 0 0 0 0 0 0 0 0 0 0 0 0 0 0 0 0 0 0 0 0 0 0 0 0 0 0 0 0 0 0 0 0 0 0 0 0 0 0 0 0 0 0 0 0
0 0 0 0 0 0 0 0 0 0 0 0 0 0 0 0 0 0 0 0 0 0 0 0 0 0 0 0 0 0 0 0 0 0 0 0 0 0 0 0 0 0 0 0 0 0 0 0 0 0 0 0 0 0 0 0 0 0 0 0 0
0 0 0 0 0 0 0 0 0 0 0 0 0 0 0 0 0 0 0 0 0 0 0 0 0 0 0 0 0 0 0 0 0 0 0 0 0 0 0 0 0 0 0 0 0 0 0 0 0 0 0 0 0 0 0 0 0 0 0 0 0
0 0 0 0 0 0 0 0 0 0 0 0 0 0 0 0 0 0 0 0 0 0 0 0 0 0 0 0 0 0 0 0 0 0 0 0 0 0 0 0 0 0 0 0 0 0 0 0 0 0 0 0 0 0 0 0 0 0 0 0 0
0 0 0 0 0 0 0 0 0 0 0 0 0 0 0 0 0 0 0 0 0 0 0 0 0 0 0 0 0 0 0 0 0 0 0 0 0 0 0 0 0 0 0 0 0 0 0 0 0 0 0 0 0 0 0 0 0 0 0 0 0
0 0 0 0 0 0 0 0 0 0 0 0 0 0 0 0 0 0 0 0 0 0 0 0 0 0 0 0 0 0 0 0 0 0 0 0 0 0 0 0 0 0 0 0 0 0 0 0 0 0 0 0 0 0 0 0 0 0 0 0 0

I cap
1058.909090909091 1058.909090909091 1004.3790909090943 945.9540909090922 1058.3980000000054 910.0019999999895 687.308999999999 885.2170000000177 578.8160000000091 489.9189999999959 442.4419999999946 355.54999999999995 516.7700000000108 194.07899999999287 514.5619999999885 151.71609090909118 381.7110909091043 491.7780909090794 511.53809090909436 489.9920909090995 667.8700909090767 581.5340909090837 602.4720909090945 568.6900909090867 543.0970909090873 536.9220909090898 546.3080909090859 419.25509090908963 334.6860909090881 570.4570909090871 686.3760909090903 469.26309090909433 721.602090909087 613.2450909090873 450.0230000000055 335.5770000000091 400.4819999999984 217.4069999999947 553.433999999999 681.6649999999978 523.2849999999964 637.9709999999975 609.1149999999993 436.59499999999935 749.4509999999982 563.8599999999992 760.3069999999994 840.8109999999965 746.875999999999 812.8169999999988 608.6199999999983 687.4210000000012 846.144999999996 968.676999999993 1089.68300000001 1050.9780000000026 943.1040909090913 964.3840909090908 1013.119090909091 1058.909090909091 1058.909090909091
107.96969696969697 107.96969696969697 72.81969696969688 60.9446969696966 51.26200000000004 42.24799999999834 23.540999999999148 20.33299999999985 42.733999999999796 63.63099999999969 62.957999999999764 75.2999999999999 86.72999999999963 47.820999999999756 75.33800000000005 35.71269696969621 28.017696969696622 65.20069696969695 69.19069696969643 81.23669696969677 92.40869696969668 6.794696969695239 33.356696969696294 15.83869696969657 43.331696969696615 48.55669696969692 56.270696969697056 60.773696969696644 49.39269696969701 89.12169696969701 102.40269696969627 88.66569696969671 98.52669696969699 90.98369696969642 6.72699999999982 21.02299999999982 22.067999999999795 5.442999999999988 7.315999999999847 35.23500000000012 58.514999999999795 25.62899999999978 20.38499999999961 47.30500000000003 52.54899999999988 26.939999999998996 84.64299999999963 51.78899999999966 53.97399999999976 34.233000000000004 43.97999999999955 48.17899999999989 55.15500000000003 28.593000000000046 18.63699999999999 24.18199999999986 59.42469696969693 60.94469696969683 66.35969696969697 107.96969696969697 107.96969696969697
38.96666666666666 38.96666666666666 15.279999999999994 15.279999999999994 28.773333333333326 42.0 41.30000000000001 19.80875000000001 21.20875000000001 20.508750000000006 12.108749999999999 8.81666666666667 3.9166666666666705 22.466666666666665 17.56666666666667 25.03333333333333 11.100000000000001 18.383333333333333 4.450000000000002 18.383333333333333 11.1 25.03333333333333 4.450000000000001 18.383333333333333 4.450000000000001 18.383333333333333 18.383333333333333 11.733333333333334 6.342083333333334 6.342083333333334 6.342083333333333 6.34208333333334 11.733333333333334 18.383333333333333 3.216666666666675 4.966666666666667 18.2 16.450000000000003 20.65 24.15 31.15 19.316666666666677 19.66666666666668 25.616666666666674 30.100000000000016 34.65 38.85 44.44999999999999 24.216666666666676 6.925416666666684 16.375416666666688 23.658750000000012 33.80875000000002 12.01333333333335 20.763333333333335 30.52333333333334 38.96666666666666 38.96666666666666 38.96666666666666 38.96666666666666 38.96666666666666
45.24545454545453 45.24545454545453 43.848954545454525 41.85395454545457 30.11399999999941 40.243000000000016 31.806999999999856 29.983499999999882 29.59299999999981 28.497999999999724 21.736999999999636 18.964499999999944 20.34799999999976 15.325499999999973 13.475499999999938 21.92295454545436 28.325954545454167 30.729454545454256 31.451454545454464 29.03845454545421 34.082954545453966 36.562454545454145 39.032454545454414 29.997954545454316 27.157454545454378 26.131454545454442 29.722454545454145 23.841954545454364 22.179454545454263 30.159454545454192 32.34445454545433 32.66745454545432 33.01895454545425 31.280454545454248 26.248999999999906 24.74699999999989 25.42149999999997 14.990499999999962 28.09849999999982 43.9349999999999 25.105999999999835 28.397499999999695 32.26849999999962 28.42599999999961 30.69649999999955 25.66149999999974 27.531999999999844 26.524999999999817 26.173499999999795 32.24899999999947 34.539499999999634 35.47999999999965 42.21599999999982 42.50049999999986 39.3575 42.27399999999999 39.70695454545452 39.97295454545453 43.98195454545453 45.24545454545453 45.24545454545453
20.999999999999993 20.999999999999993 20.40149999999999 20.11649999999999 13.275000000000011 22.73600000000055 17.995000000000545 19.347500000001496 16.661500000000736 14.286500000000181 14.091000000000482 12.343000000000483 11.206000000000476 10.760000000000673 7.627000000000098 5.47700000000029 8.498000000000308 10.778000000000102 10.911000000000351 8.773500000000478 8.526500000000105 8.213000000000546 13.78000000000043 13.647000000000164 16.07900000000034 15.708500000000235 16.136000000000042 10.341000000000085 6.5600000000001355 9.039500000000142 11.5190000000004 11.51900000000034 11.585500000000119 11.386000000000216 10.958500000000239 11.649500000000499 10.353500000000079 8.235000000000117 11.436500000000125 11.224000000000064 6.663000000000018 10.15100000000015 5.660500000000168 9.293500000000444 10.44550000000013 6.848000000000194 7.627000000000166 8.913000000000338 12.789500000000443 9.137500000000102 7.133000000000363 6.968500000000329 8.073500000000072 8.820500000000091 13.184500000000222 16.02500000000024 20.135500000000157 20.17349999999999 20.458499999999994 20.999999999999993 20.999999999999993
345.75757575757575 345.75757575757575 345.75757575757575 307.75757575757575 207.7095 254.58450000000096 258.0068823529413 236.02894117647136 253.4681176470602 227.55044117647194 194.7609411764694 225.42861764705788 252.16194117647103 270.2795588235299 209.7284411764705 225.4300169340468 243.6040757575764 255.39357575757663 260.6660757575745 226.60857575757674 220.29219340463465 260.48613458110236 285.66895811051813 288.8721345811059 274.4880169340455 280.0550169340477 243.4520757575772 201.70907575757673 188.6275757575761 246.425575757576 245.38057575757617 224.32857575757606 232.86069340463516 266.00563458110594 189.96538235294062 239.64155882352955 233.7379411764701 224.9664411764691 231.72111764705906 247.6034411764716 232.55844117646953 245.3009999999994 178.95600000000329 231.3515000000012 188.0475000000004 162.05200000000062 238.780500000001 211.5220000000008 298.93200000000047 274.4220000000002 245.81250000000117 248.06699999999947 300.15400000000074 314.3885000000014 285.5545000000012 289.4311176470595 303.45463458110515 325.8075757575758 345.75757575757575 345.75757575757575 345.75757575757575
779.7575757575758 779.7575757575758 763.5980757575758 707.8330757575758 559.2730000000138 701.4925000000001 773.214 769.6035 818.2825 740.0925000000001 590.926 689.6645000000005 796.7645000000001 737.3040000000001 727.655 540.2435757575762 659.041075757576 619.6350757575777 657.8155757575756 669.510075757576 637.5140757575883 616.75657575758 607.0570757575769 574.7760757575779 594.2890757575756 508.58957575757614 635.2625757575772 642.0740757575761 624.4135757575755 701.2210757575768 715.5850757575761 637.742075757578 654.9370757575768 699.9290757575762 560.2320000000014 632.4255000000004 615.4625000000066 553.6955000000027 624.5995000000041 523.1465000000042 542.3365000000016 654.1000000000018 631.5520000000004 563.8700000000007 531.4115000000012 398.0709999999998 455.33549999999934 425.2744999999983 526.1045000000012 564.3560000000018 552.0605000000003 577.1450000000004 659.9390000000024 725.8805000000076 690.2350000000007 567.7360000000158 711.8420757575757 714.9200757575758 765.1370757575758 779.7575757575758 779.7575757575758
80.73333333333335 80.73333333333335 79.93533333333335 77.65533333333335 64.02749999999968 86.77550000000001 78.205 81.49333333333333 78.70316666666665 85.56649999999999 75.71599999999998 81.70583333333333 88.51299999999999 89.45016666666665 85.77799999999998 68.39916666666669 68.32633333333332 73.58299999999998 73.53866666666667 69.44733333333332 73.37399999999992 73.80783333333333 76.48683333333332 70.33716666666668 71.71149999999994 69.31116666666661 69.91283333333334 67.78483333333334 67.01533333333333 70.24533333333333 71.95533333333333 71.95533333333333 75.7015 78.20633333333316 43.55000000000002 64.5754999999995 72.49099999999981 63.53833333333266 64.24449999999973 69.141 67.40549999999995 69.07499999999999 69.582 75.20399999999998 80.18249999999999 80.58849999999998 79.17466666666665 71.09533333333337 65.53049999999992 64.2444999999997 64.07349999999967 59.30349999999955 58.01399999999963 61.87066666666639 60.011833333332824 53.17749999999981 74.70400000000001 78.11133333333335 80.01133333333335 80.73333333333335 80.73333333333335
10.775757575757575 10.775757575757575 9.778257575757575 4.458257575757574 0.46750000000002245 3.8149999999999897 5.110000000000005 8.1975 7.519999999999998 4.540000000000002 1.7914999999999806 4.011500000000011 3.346500000000004 4.071500000000004 3.191499999999995 2.9762575757575744 7.735757575757574 6.918757575757588 10.063257575757588 6.272757575757615 0.2022575757576372 1.4277575757575915 5.218257575757588 1.8932575757575945 7.118257575757586 6.738257575757579 1.4847575757575755 2.7672575757575815 1.7222575757575695 4.287257575757593 0.4302575757575995 0.1452575757575909 0.2022575757575673 1.940757575757564 3.840000000000013 2.440000000000004 5.103000000000004 3.6500000000000203 1.2779999999999996 0.4329999999999989 2.2824999999999855 3.6725000000000034 0.4275000000000161 7.701500000000006 0.05100000000000904 1.4724999999999995 7.457500000000023 1.5455000000000008 7.49550000000002 1.6400000000000032 1.64000000000001 7.6000000000000005 7.600000000000001 4.224000000000042 0.1135000000000499 1.5670000000000206 5.218257575757579 5.2182575757575735 9.873257575757576 10.775757575757575 10.775757575757575
2.545454545454545 2.545454545454545 2.545454545454545 1.690454545454545 0.8335 0.0035000000000000586 1.317999999999996 1.3019999999999996 0.6624999999999953 0.2189999999999992 1.317999999999996 0.602 0.20300000000000007 0.9029999999999997 0.24749999999999528 0.3224545454545381 0.2939545454545405 0.15145454545454018 1.0349545454545406 0.66445454545454 0.8639545454545426 0.20845454545454045 0.46495454545454307 0.6644545454545413 1.1489545454545413 1.7474545454545418 0.046954545454540586 0.046954545454538366 0.04695454545453659 0.04695454545453881 0.550454545454537 1.0349545454545384 1.46245454545454 0.8639545454545413 1.2609999999999983 1.317999999999996 0.12099999999999045 0.1904999999999979 1.1184999999999978 0.11750000000000005 1.4034999999999966 0.9029999999999979 1.403499999999997 0.0035000000000000586 0.9029999999999957 0.20649999999999624 0.589499999999998 1.5779999999999776 0.43449999999998845 0.26349999999998375 1.3784999999999807 0.548499999999999 1.4034999999999909 3.4019999999999824 1.3464999999999967 0.8334999999999996 1.7474545454545334 1.861454545454522 2.545454545454545 2.545454545454545 2.545454545454545
8.515433299825174 8.515433299825174 8.515433299825174 8.515433299825174 6.551346617816096 6.920360000000004 5.818851646551743 6.841847824712643 9.195572086206944 8.026972278735727 7.586470928160967 6.872789827586264 6.329084770114991 5.218694204023051 5.351256933908083 5.706667824712687 5.141968965517287 5.077407068965555 4.468147758620734 4.761721982758692 4.844412021943638 7.4052240890804875 7.58105190517248 5.857877135057519 5.035870229885114 5.0458312643679015 4.163489318965635 6.645134318965582 6.237170353448347 6.218707586206928 6.764796379310381 6.626959482758731 4.436948275862115 5.933674290229952 10.315374893678214 11.146817997126439 5.251038045977099 5.796987126436844 6.106721043103516 5.512354261494293 5.114672824712693 5.02798206896558 4.6279584482759235 5.552069491379361 4.466391560344875 4.315113112069023 2.980725172413894 4.452998793103503 4.344201905172504 4.021688801724218 5.597547250000042 4.881887931034534 6.613977586206982 6.534313629310391 8.127775525862125 6.209489163793119 7.751065319940166 8.187846929135521 8.187847092928623 8.515433299825174 8.515433299825174
700.0 700.0 699.05 696.1999999999999 689.55 687.65 680.9999999999998 684.7999999999998 679.0999999999999 681.9499999999998 680.9999999999999 683.8499999999998 685.7499999999998 680.0499999999997 683.8499999999999 681.9499999999998 680.9999999999997 680.9999999999995 680.0499999999997 679.0999999999997 678.1499999999999 687.65 678.1499999999997 682.8999999999999 678.15 687.6499999999999 683.8499999999997 681.9499999999997 681.9499999999996 680.0499999999996 681.9499999999998 682.8999999999997 682.8999999999996 680.05 679.0999999999997 683.8499999999999 681.9499999999999 684.8000000000001 687.6499999999997 684.7999999999997 689.5499999999998 683.8499999999999 686.6999999999998 687.6499999999999 684.7999999999997 685.7499999999998 685.7499999999999 691.4499999999998 685.7499999999999 682.8999999999996 685.7499999999999 683.8499999999998 690.4999999999999 682.8999999999997 680.9999999999998 675.2999999999998 687.65 692.3999999999999 695.25 700.0 700.0

H cap
-12.25 -22.75 1.75 -8.75 1.75 -8.75 15.75 5.25 15.75 -1.75 -1.75 1.75 12.25 47.25 1.75 -8.75 43.75 -5.25 8.75 26.25 -5.25 1.75 26.25 29.75 5.25 12.25 1.75 -8.75 43.75 36.75 47.25 47.25 57.75 29.75 22.75 -1.75 -5.25 68.25 26.25 19.25 61.25 47.25 22.75 54.25 61.25 29.75 12.25 29.75 22.75 12.25 64.75 -5.25 5.25 131.25 131.25 131.25 131.25 131.25 131.25 131.25 131.25
41.5 39.5 41.0 31.5 27.5 32.0 22.0 4.5 9.5 13.0 13.5 16.0 10.5 13.0 11.5 6.0 20.0 28.5 37.5 31.0 18.0 18.5 8.5 6.0 7.0 6.5 8.5 8.5 16.5 29.5 28.5 21.0 36.0 24.5 6.5 18.5 19.5 11.0 11.0 11.0 6.0 8.0 10.0 15.5 9.5 -1.5 2.0 12.0 12.5 11.5 24.5 26.5 35.5 52.5 52.5 52.5 52.5 52.5 52.5 52.5 52.5
45.5 38.5 49.0 49.0 42.0 38.5 38.5 42.0 45.5 35.0 35.0 45.5 42.0 38.5 42.0 45.5 49.0 49.0 52.5 49.0 49.0 52.5 45.5 35.0 38.5 49.0 45.5 42.0 42.0 45.5 52.5 49.0 52.5 52.5 49.0 49.0 49.0 49.0 45.5 42.0 42.0 49.0 49.0 49.0 49.0 45.5 42.0 45.5 49.0 49.0 52.5 45.5 49.0 63.0 63.0 63.0 63.0 63.0 63.0 63.0 63.0
7.75 0.75 1.75 -3.25 3.75 -5.75 0.25 1.25 12.25 -4.25 -1.75 0.25 -1.25 -0.25 -0.75 -3.25 0.25 -5.75 -9.25 0.25 -2.25 -3.25 0.25 -4.75 -5.25 -0.75 6.25 0.75 4.25 -2.25 -3.25 0.75 -2.75 -12.75 10.25 2.25 7.25 19.75 -0.25 7.25 0.25 -0.25 3.25 0.75 5.25 2.25 -0.25 2.75 2.75 -1.75 2.75 -24.75 3.25 78.75 78.75 78.75 78.75 78.75 78.75 78.75 78.75

Gap
NaN

Time
NaN

