T P M C
35 37 4 12

base obj
11.726739926739926

exp obj
11.715054945054945

Objective struct
11.726739926739926 0.0 11.68

num campaigns
212

x
0 0 0 0 1 0 0 0 1 0 0 0 1 0 0 0 0 1 0 0 0 1 0 0 0 1 0 0 0 1 0 0 0 0 0
0 0 0 0 0 0 0 1 0 0 0 0 0 0 0 0 0 0 0 0 0 0 0 1 0 0 0 0 0 0 0 0 0 0 0
0 0 0 0 0 0 0 0 0 1 0 0 0 1 0 0 0 0 1 0 0 0 0 1 0 0 0 1 0 0 0 0 0 0 0
0 0 0 0 0 0 1 0 0 0 1 0 0 0 1 0 0 0 1 0 0 0 0 0 1 0 0 0 1 0 0 0 0 0 0
0 0 0 0 0 0 1 0 0 0 1 0 1 0 1 0 0 0 1 0 1 0 1 0 1 0 1 0 0 0 0 0 0 0 0
0 0 0 0 0 0 0 0 0 0 0 1 0 0 0 0 1 0 0 0 0 0 0 0 0 0 0 0 0 0 0 0 0 0 0
0 0 0 0 0 0 1 0 0 1 0 0 0 0 0 1 0 0 1 0 0 1 0 0 1 0 0 0 0 0 0 0 0 0 0
0 0 0 0 1 0 0 0 0 0 0 0 0 0 0 0 0 0 0 0 0 0 0 0 0 0 0 0 0 1 0 0 0 0 0
0 0 0 0 0 0 0 0 0 0 0 0 0 0 1 0 0 0 0 0 0 0 0 0 0 0 0 0 0 0 0 0 0 0 0
0 0 0 0 0 0 0 0 0 0 0 0 1 0 0 0 0 0 0 0 0 0 0 1 0 0 0 0 0 0 0 0 0 0 0
0 0 0 0 0 1 0 0 0 0 0 0 0 0 0 1 0 0 0 0 0 0 0 0 1 0 0 0 0 0 0 0 0 0 0
0 0 0 0 0 0 0 0 1 0 0 0 0 0 0 0 0 0 0 0 0 0 0 0 0 0 1 0 0 0 0 0 0 0 0
0 0 0 0 0 0 0 0 0 0 0 0 0 0 0 0 1 0 0 0 0 0 0 0 0 0 0 0 0 1 0 0 0 0 0
0 0 0 0 1 0 0 0 0 0 0 0 0 0 0 1 0 0 0 0 0 0 0 1 0 0 0 0 0 0 0 0 0 0 0
0 0 0 0 0 0 0 0 0 0 0 0 0 0 0 0 0 0 0 0 0 0 0 0 0 0 0 0 0 0 0 0 0 0 0
0 0 0 0 0 0 0 0 1 0 0 0 0 0 0 0 0 0 0 0 0 0 0 0 0 0 0 0 0 0 0 0 0 0 0
0 0 0 0 0 0 0 0 0 0 0 0 0 1 0 0 0 0 0 0 0 0 0 0 0 1 0 0 0 0 0 0 0 0 0
0 0 0 0 1 0 0 0 0 0 0 0 0 0 0 0 0 0 0 0 0 0 0 0 0 0 0 1 0 0 0 0 0 0 0
0 0 0 0 0 0 1 0 0 0 0 1 0 1 0 1 0 1 0 0 1 0 1 0 1 0 0 1 0 0 0 0 0 0 0
0 0 0 0 0 0 0 0 0 0 0 0 0 0 0 0 0 0 0 0 1 0 0 0 0 0 0 0 0 0 0 0 0 0 0
0 0 0 0 0 0 1 0 0 1 0 0 1 0 0 0 0 0 0 0 1 0 0 0 1 0 0 1 0 0 0 0 0 0 0
0 0 0 0 0 0 0 0 0 0 0 0 0 0 0 0 0 0 0 0 0 0 0 0 0 0 0 0 0 0 0 0 0 0 0
0 0 0 0 0 0 0 0 0 0 1 0 0 0 0 0 0 0 0 0 0 0 0 0 0 0 0 1 0 0 0 0 0 0 0
0 0 0 0 0 0 0 0 0 0 0 0 0 0 1 0 0 0 0 0 0 1 0 0 0 0 0 0 0 1 0 0 0 0 0
0 0 0 0 0 0 1 0 0 0 0 0 0 0 0 0 0 0 0 1 0 0 0 0 0 0 0 0 0 0 0 0 0 0 0
0 0 0 0 1 0 0 0 0 0 0 1 0 0 0 0 0 0 1 0 0 0 0 0 0 1 0 0 0 0 0 0 0 0 0
0 0 0 0 0 0 0 0 0 0 1 0 0 0 0 0 1 0 0 0 0 0 1 0 0 0 0 0 1 0 0 0 0 0 0
0 0 0 0 0 0 1 0 0 0 0 0 0 0 0 0 0 0 0 0 0 0 0 0 0 0 0 0 0 0 0 0 0 0 0
0 0 0 0 0 0 0 0 0 0 0 0 0 0 0 0 0 0 0 0 0 0 0 0 0 0 0 0 0 0 0 0 0 0 0
0 0 0 0 1 1 1 1 1 1 1 1 1 1 1 1 1 1 1 1 1 1 1 1 1 1 1 1 1 1 0 0 0 0 0
0 0 0 0 1 1 1 1 1 1 1 1 1 1 1 1 1 1 1 1 1 1 1 1 1 1 1 1 1 1 0 0 0 0 0
0 0 0 0 0 1 1 1 1 1 1 1 1 1 1 1 1 1 1 1 1 1 1 1 1 1 1 1 1 1 0 0 0 0 0
0 0 0 0 1 0 0 1 0 1 0 0 0 0 1 0 0 1 1 1 1 1 1 0 0 1 1 0 0 0 0 0 0 0 0
0 0 0 0 1 1 1 1 1 1 1 0 1 1 1 1 1 1 1 1 1 1 1 1 1 1 1 1 0 0 0 0 0 0 0
0 0 0 0 1 0 0 0 0 1 0 0 1 0 0 1 0 1 0 1 1 1 1 0 1 0 0 1 0 0 0 0 0 0 0
0 0 0 0 0 0 0 0 0 0 0 0 0 0 0 0 0 0 0 0 0 0 0 0 0 0 0 0 0 0 0 0 0 0 0
0 0 0 0 0 0 0 0 0 0 0 0 0 0 0 0 0 0 0 0 0 0 0 0 0 0 0 0 0 0 0 0 0 0 0

y
0.0 11.0 0.0 0.0 0.0 0.0 0.0 0.0 0.0 9.214285714285714 0.0 0.0 8.0 3.0 0.0 0.0 0.0 0.0 0.0 0.0 0.0 0.0 0.0 0.75 0.5 0.0 0.0 0.0 0.0 0.0 0.0 0.0 0.5098039215686274 0.0 0.0 0.0 0.0

k
0 4 2 0 0 4 0 0 0 13 0 0 4 3 4 0 1 0 4 0 0 3 0 2 1 0 1 0 11 0 0 1 40 3 15 26 3

f
8.75 19.25 0.0 1.75 1.75 0.0 0.0 0.0 0.0 0.0 0.0 0.0 0.0 0.0 0.0 0.0 0.0 0.0 0.0 0.0 0.0 0.0 0.0 0.0 0.0 12.25 0.0 0.0 0.0 0.0 0.0 0.0 0.0 0.0 0.0
0.0 0.0 0.0 0.0 0.0 0.0 0.0 0.0 0.0 0.0 0.0 0.0 0.0 0.0 0.0 0.0 0.0 0.0 0.0 0.0 0.0 0.0 0.0 0.0 0.0 0.0 0.0 0.0 0.0 0.0 0.0 0.0 0.0 0.0 0.0
0.0 0.0 0.0 0.0 0.0 0.0 0.0 0.0 0.0 0.0 0.0 0.0 0.0 0.0 0.0 0.0 0.0 0.0 0.0 0.0 0.0 0.0 0.0 0.0 0.0 0.0 0.0 0.0 0.0 0.0 0.0 0.0 0.0 0.0 0.0
0.0 0.25 0.0 0.25 0.0 6.25 0.0 8.25 0.0 4.25 3.75 0.0 3.25 3.75 0.0 0.75 0.0 1.75 0.0 0.25 1.75 0.0 0.0 1.75 0.0 13.75 0.0 0.0 0.0 0.0 0.0 0.0 0.0 0.0 0.0

L
4 16 4 4 2 5 3 25 0 11 9 18 13 8 0 0 12 23 2 0 3 0 17 7 13 7 6 0 0 1 1 1 1 1 1 0 0

g
0 0 0 0 0 0 0 0 0 0 0 0 0 0 0 0 0 0 0 0 0 0 0 0 0 0 0 0 0 0 0 0 0 0 0
0 0 0 0 0 0 0 0 0 0 0 0 0 0 0 0 0 0 0 0 0 0 0 0 0 0 0 0 0 0 0 0 0 0 0
0 0 0 0 0 0 0 0 0 0 0 0 0 0 0 0 0 0 0 0 0 0 0 0 0 0 0 0 0 0 0 0 0 0 0
0 0 0 0 0 0 0 0 0 0 0 0 0 0 0 0 0 0 0 0 0 0 0 0 0 0 0 0 0 0 0 0 0 0 0
0 0 0 0 0 0 0 0 0 0 0 0 0 0 0 0 0 0 0 0 0 0 0 0 0 0 0 0 0 0 0 0 0 0 0
0 0 0 0 0 0 0 0 0 0 0 0 0 0 0 0 0 0 0 0 0 0 0 0 0 0 0 0 0 0 0 0 0 0 0
0 0 0 0 0 0 0 0 0 0 0 0 0 0 0 0 0 0 0 0 0 0 0 0 0 0 0 0 0 0 0 0 0 0 0
0 0 0 0 0 0 0 0 0 0 0 0 0 0 0 0 0 0 0 0 0 0 0 0 0 0 0 0 0 0 0 0 0 0 0
0 0 0 0 0 0 0 0 0 0 0 0 0 0 0 0 0 0 0 0 0 0 0 0 0 0 0 0 0 0 0 0 0 0 0
0 0 0 0 0 0 0 0 0 0 0 0 0 0 0 0 0 0 0 0 0 0 0 0 0 0 0 0 0 0 0 0 0 0 0
0 0 0 0 0 0 0 0 0 0 0 0 0 0 0 0 0 0 0 0 0 0 0 0 0 0 0 0 0 0 0 0 0 0 0
0 0 0 0 0 0 0 0 0 0 0 0 0 0 0 0 0 0 0 0 0 0 0 0 0 0 0 0 0 0 0 0 0 0 0
0 0 0 0 0 0 0 0 0 0 0 0 0 0 0 0 0 0 0 0 0 0 0 0 0 0 0 0 0 0 0 0 0 0 0
0 0 0 0 0 0 0 0 0 0 0 0 0 0 0 0 0 0 0 0 0 0 0 0 0 0 0 0 0 0 0 0 0 0 0
0 0 0 0 0 0 0 0 0 0 0 0 0 0 0 0 0 0 0 0 0 0 0 0 0 0 0 0 0 0 0 0 0 0 0
0 0 0 0 0 0 0 0 0 0 0 0 0 0 0 0 0 0 0 0 0 0 0 0 0 0 0 0 0 0 0 0 0 0 0
0 0 0 0 0 0 0 0 0 0 0 0 0 0 0 0 0 0 0 0 0 0 0 0 0 0 0 0 0 0 0 0 0 0 0
0 0 0 0 0 0 0 0 0 0 0 0 0 0 0 0 0 0 0 0 0 0 0 0 0 0 0 0 0 0 0 0 0 0 0
0 0 0 0 0 0 0 0 0 0 0 0 0 0 0 0 0 0 0 0 0 0 0 0 0 0 0 0 0 0 0 0 0 0 0
0 0 0 0 0 0 0 0 0 0 0 0 0 0 0 0 0 0 0 0 0 0 0 0 0 0 0 0 0 0 0 0 0 0 0
0 0 0 0 0 0 0 0 0 0 0 0 0 0 0 0 0 0 0 0 0 0 0 0 0 0 0 0 0 0 0 0 0 0 0
0 0 0 0 0 0 0 0 0 0 0 0 0 0 0 0 0 0 0 0 0 0 0 0 0 0 0 0 0 0 0 0 0 0 0
0 0 0 0 0 0 0 0 0 0 0 0 0 0 0 0 0 0 0 0 0 0 0 0 0 0 0 0 0 0 0 0 0 0 0
0 0 0 0 0 0 0 0 0 0 0 0 0 0 0 0 0 0 0 0 0 0 0 0 0 0 0 0 0 0 0 0 0 0 0
0 0 0 0 0 0 0 0 0 0 0 0 0 0 0 0 0 0 0 0 0 0 0 0 0 0 0 0 0 0 0 0 0 0 0
0 0 0 0 0 0 0 0 0 0 0 0 0 0 0 0 0 0 0 0 0 0 0 0 0 0 0 0 0 0 0 0 0 0 0
0 0 0 0 0 0 0 0 0 0 0 0 0 0 0 0 0 0 0 0 0 0 0 0 0 0 0 0 0 0 0 0 0 0 0
0 0 0 0 0 0 0 0 0 0 0 0 0 0 0 0 0 0 0 0 0 0 0 0 0 0 0 0 0 0 0 0 0 0 0
0 0 0 0 0 0 0 0 0 0 0 0 0 0 0 0 0 0 0 0 0 0 0 0 0 0 0 0 0 0 0 0 0 0 0
0 0 0 0 0 0 0 0 0 0 0 0 0 0 0 0 0 0 0 0 0 0 0 0 0 0 0 0 0 0 0 0 0 0 0
0 0 0 0 0 0 0 0 0 0 0 0 0 0 0 0 0 0 0 0 0 0 0 0 0 0 0 0 0 0 0 0 0 0 0
0 0 0 0 0 0 0 0 0 0 0 0 0 0 0 0 0 0 0 0 0 0 0 0 0 0 0 0 0 0 0 0 0 0 0
0 0 0 0 0 0 0 0 0 0 0 0 0 0 0 0 0 0 0 0 0 0 0 0 0 0 0 0 0 0 0 0 0 0 0
0 0 0 0 0 0 0 0 0 0 0 0 0 0 0 0 0 0 0 0 0 0 0 0 0 0 0 0 0 0 0 0 0 0 0
0 0 0 0 0 0 0 0 0 0 0 0 0 0 0 0 0 0 0 0 0 0 0 0 0 0 0 0 0 0 0 0 0 0 0
0 0 0 0 0 0 0 0 0 0 0 0 0 0 0 0 0 0 0 0 0 0 0 0 0 0 0 0 0 0 0 0 0 0 0
0 0 0 0 0 0 0 0 0 0 0 0 0 0 0 0 0 0 0 0 0 0 0 0 0 0 0 0 0 0 0 0 0 0 0

I cap
1058.909090909091 1058.909090909091 939.349090909099 939.3490909091149 1015.0599999999981 934.0599999999868 540.4200000000349 873.28000000001 692.5599999999743 791.319999999982 451.0000000000186 406.8600000000213 570.3999999999808 615.0999999999706 594.7000000000171 653.5290909091277 614.829090909125 751.2090909090782 264.4490909090724 539.1490909091067 545.6890909091144 803.5090909090691 688.4690909090693 581.5890909091218 318.02909090912743 623.0690909090661 668.369090909066 597.8890909091136 433.2890909091102 708.6690909090636 797.7690909090879 888.9490909091028 941.349090909091 1058.909090909091 672.0
107.96969696969697 107.96969696969697 67.52969696969697 67.52969696969697 71.93999999999997 49.93999999999997 26.579999999999885 44.72 62.44000000000014 89.67999999999974 62.000000000000085 87.14000000000001 70.59999999999953 36.899999999999366 54.29999999999988 45.34969696969688 34.04969696969688 32.6696969696973 37.02969696969727 83.32969696969693 85.98969696969696 96.36969696969679 98.40969696969655 66.28969696969703 6.8496969696970424 58.80969696969666 21.509696969697195 26.989696969696922 7.589696969696913 21.2096969696971 35.109696969696984 45.92969696969698 69.52969696969697 107.96969696969697 84.0
38.96666666666666 38.96666666666666 38.96666666666666 26.29166666666666 31.424999999999994 29.325 6.958333333333332 16.833333333333336 18.23333333333334 24.53333333333334 16.133333333333333 7.733333333333336 2.833333333333334 7.7333333333333325 9.833333333333334 24.96666666666666 31.96666666666666 24.96666666666666 7.033333333333328 7.033333333333328 1.1666666666666714 17.300000000000004 10.300000000000004 31.96666666666667 10.299999999999997 17.300000000000004 4.6250000000000036 4.625000000000005 4.625000000000005 4.625000000000005 38.96666666666667 38.96666666666667 38.96666666666666 38.96666666666666 23.8
45.24545454545453 45.24545454545453 43.14545454545453 37.195454545454524 21.069999999999993 29.890000000000054 25.63000000000045 31.21000000000123 27.270000000000156 27.17000000000021 21.340000000000344 15.630000000000068 16.310000000000297 11.660000000000284 7.830000000000113 26.775454545454767 26.905454545454827 28.325454545454814 22.10545454545484 26.605454545454904 28.735454545454797 32.505454545454846 30.46545454545475 22.86545454545491 18.275454545454835 28.815454545454724 30.855454545454823 26.065454545455058 21.01545454545475 30.445454545454567 40.03545454545453 42.77545454545453 43.28545454545453 45.24545454545453 42.0
20.999999999999993 20.999999999999993 20.159999999999993 19.80999999999999 9.909999999999984 16.189999999999998 8.549999999999931 12.409999999999897 9.659999999999949 7.159999999999984 7.439999999999978 9.719999999999986 11.490000000000009 10.310000000000002 3.509999999999985 7.9199999999999955 9.570000000000023 10.380000000000013 5.299999999999972 6.8799999999999635 8.199999999999969 11.019999999999989 11.019999999999968 7.209999999999994 3.829999999999994 8.34000000000002 10.360000000000031 7.089999999999913 4.009999999999954 7.879999999999987 14.09 17.159999999999997 20.21999999999999 20.999999999999993 21.0
345.75757575757575 345.75757575757575 341.76757575757574 341.76757575757574 220.73882352941177 232.2094117647061 220.27999999999975 168.7699999999994 183.79000000000045 188.9200000000006 164.1799999999996 184.64999999999964 203.6100000000009 183.4900000000012 157.26999999999978 211.35757575757282 238.31757575757607 221.93757575757678 212.51757575757662 248.53757575757533 250.40757575757556 260.4375757575764 242.79757575757716 199.08757575757593 184.07757575757566 224.32757575757734 195.53757575757672 211.35757575757418 231.43757575757758 252.05875222816405 278.40816399286985 328.81757575757575 341.76757575757574 345.75757575757575 245.0
779.7575757575758 779.7575757575758 747.8375757575758 669.0875757575758 569.0000000000001 747.1100000000002 685.72 687.3900000000003 749.8900000000006 712.8400000000003 658.6100000000006 704.8299999999991 806.86 666.5000000000005 578.1199999999999 650.1075757575732 571.2275757575758 529.0975757575757 439.2375757575768 516.777575757575 558.3475757575758 619.8775757575773 651.2275757575767 645.8175757575752 513.1775757575756 538.6175757575767 629.4175757575763 636.3375757575747 586.707575757576 632.0475757575758 680.5675757575757 725.2675757575757 749.4575757575758 779.7575757575758 630.0
80.73333333333335 80.73333333333335 79.26333333333335 78.56333333333335 62.246666666666684 80.22 71.7 79.17999999999999 75.98999999999998 79.68999999999998 67.86000000000001 79.86333333333333 90.83666666666667 82.15999999999997 71.51 66.82333333333298 66.58333333333317 69.89333333333335 66.08333333333336 66.95333333333336 69.0633333333333 71.4933333333333 71.49333333333334 68.07333333333332 65.46333333333334 69.48333333333333 68.52333333333334 66.06333333333332 67.48666666666668 76.10333333333334 79.05333333333334 79.26333333333335 79.34333333333335 80.73333333333335 48.300000000000004
10.775757575757575 10.775757575757575 9.725757575757575 9.725757575757573 3.850000000000001 5.949999999999997 6.790000000000001 1.7999999999999947 2.290000000000001 0.13999999999999613 1.4499999999999997 5.7 2.4999999999999893 2.7700000000000005 0.5800000000000001 1.1857575757575631 5.575757575757564 2.7757575757575754 3.1757575757575776 7.5757575757575735 4.775757575757577 4.775757575757568 1.1157575757575637 2.4257575757575776 2.2657575757575774 3.2357575757575754 0.15575757575757798 0.13575757575758374 4.52575757575757 4.625757575757613 4.925757575757577 9.725757575757573 9.825757575757576 10.775757575757575 8.4
2.545454545454545 2.545454545454545 1.915454545454545 1.915454545454545 1.96 0.5599999999999999 0.28 0.09000000000000008 0.4600000000000285 0.030000000000000804 0.8200000000000046 0.1399999999999999 0.5599999999999999 0.3600000000000002 0.03000000000000025 0.4454545454545452 0.085454545454555 0.20545454545454944 0.5954545454545451 1.285454545454546 1.2854545454545478 1.7054545454545775 0.4454545454545754 0.5354545454545477 0.7754545454545493 1.1954545454545489 0.715454545454547 0.5654545454545498 0.5654545454545555 0.5954545454545478 0.20545454545454944 0.8054545454545717 1.915454545454545 2.545454545454545 2.8000000000000003
8.515433299825174 8.515433299825174 8.515433299825174 7.807629307084702 5.107295057471264 5.9253025287356 5.112386120689653 6.41799724137921 8.386089482758369 6.677547155172225 7.4025341379307665 8.510720689654956 7.036038620689477 4.8486368965517155 4.9591593965517164 5.696610517241377 5.814382586206893 5.073958620689647 4.044268275862088 4.359997844827577 4.701308401253898 5.299161034482752 5.710362241379285 4.93833689655172 3.8599792528735586 3.752153103448271 3.922110172413817 6.752893103447993 6.838377241379215 6.864787268602313 8.28390540229885 9.074373275862069 7.811086206896552 8.024766408045977 11.280892298850576
700.0 700.0 700.0 697.0 689.0 689.0 677.0 685.0 685.0 684.0 683.0 686.0 683.0 682.0 681.0 683.0 679.0 687.0 682.0 683.0 680.0 679.0 687.0 683.0 681.0 683.0 686.0 680.0 679.0 683.0 688.0 691.0 698.0 700.0 697.0

H cap
-8.75 -19.25 22.75 -1.75 -1.75 1.75 26.25 12.25 1.75 15.75 33.25 33.25 47.25 15.75 26.25 78.75 78.75 15.75 19.25 36.75 12.25 5.25 47.25 8.75 1.75 -12.25 15.75 131.25 131.25 131.25 131.25 131.25 131.25 131.25 131.25
22.5 8.5 20.0 16.0 12.5 8.0 10.5 22.0 14.5 6.0 10.5 6.0 6.5 7.5 5.5 10.5 14.5 7.5 4.5 2.0 1.5 4.0 8.5 16.0 20.5 14.0 28.5 52.5 52.5 52.5 52.5 52.5 52.5 52.5 52.5
49.0 45.5 49.0 49.0 52.5 52.5 45.5 42.0 45.5 42.0 38.5 42.0 49.0 49.0 42.0 49.0 52.5 45.5 45.5 42.0 38.5 38.5 49.0 45.5 42.0 42.0 49.0 63.0 63.0 63.0 63.0 63.0 63.0 63.0 63.0
8.25 -0.25 8.75 -0.25 0.25 -6.25 0.75 -8.25 0.75 -4.25 -3.75 0.75 -3.25 -3.75 13.25 -0.75 6.25 -1.75 0.25 -0.25 -1.75 1.75 5.75 -1.75 0.25 -13.75 4.25 78.75 78.75 78.75 78.75 78.75 78.75 78.75 78.75

Gap
NaN

Time
NaN

