T P M C
35 37 4 12

base obj
11.678754578754576

exp obj
11.829065934065932

Objective struct
11.678754578754576 0.0 12.280000000000001

num campaigns
215

x
0 0 0 0 0 0 1 0 0 0 1 0 0 0 1 0 0 0 1 0 0 0 1 0 0 1 0 0 0 1 0 0 0 0 0
0 0 0 0 0 0 0 0 0 0 0 0 0 0 0 1 0 0 0 0 0 0 1 0 0 0 0 0 0 0 0 0 0 0 0
0 0 0 0 0 0 0 0 1 0 0 1 0 0 0 0 1 0 0 0 1 0 0 1 0 0 0 1 0 0 0 0 0 0 0
0 0 0 0 1 0 0 0 1 0 0 0 1 0 0 0 1 0 0 0 1 0 0 0 1 0 0 0 0 0 0 0 0 0 0
0 0 0 0 0 0 1 1 1 1 1 1 0 1 1 1 0 0 0 0 0 0 0 0 0 0 0 0 0 0 0 0 0 0 0
0 0 0 0 0 0 0 0 0 0 0 0 0 0 0 0 1 0 0 0 0 0 0 0 1 0 0 0 0 0 0 0 0 0 0
0 0 0 0 1 0 0 0 1 0 0 0 1 0 0 0 1 0 0 0 1 0 0 0 1 0 0 0 0 0 0 0 0 0 0
0 0 0 0 1 0 0 0 0 0 0 0 0 0 0 0 0 0 0 0 0 0 0 0 0 0 0 0 0 1 0 0 0 0 0
0 0 0 0 0 0 0 0 1 0 0 0 0 0 0 0 0 0 0 0 0 0 0 0 0 0 0 0 0 0 0 0 0 0 0
0 0 0 0 0 0 0 0 1 0 0 0 0 0 0 0 0 0 0 0 0 1 0 1 0 0 0 0 0 0 0 0 0 0 0
0 0 0 0 0 1 0 0 0 0 0 0 0 0 1 0 0 0 0 0 0 0 0 1 0 0 0 0 0 0 0 0 0 0 0
0 0 0 0 1 0 0 0 0 0 0 0 0 0 0 0 0 0 0 0 0 0 0 0 0 0 1 0 0 0 0 0 0 0 0
0 0 0 0 0 0 0 0 0 0 0 0 0 0 0 0 0 0 1 0 0 0 0 0 0 0 0 0 0 1 0 0 0 0 0
0 0 0 0 0 0 0 0 1 0 0 0 0 0 1 0 0 0 0 0 0 1 0 0 0 0 0 0 0 0 0 0 0 0 0
0 0 0 0 0 0 0 0 0 0 0 0 0 0 0 0 0 0 0 0 0 0 0 0 0 0 0 0 0 0 0 0 0 0 0
0 0 0 0 0 0 0 0 0 0 1 0 0 0 0 0 0 0 0 0 0 0 0 0 0 0 0 0 0 0 0 0 0 0 0
0 0 0 0 0 0 0 0 0 0 0 0 0 0 0 0 0 1 0 0 0 0 0 0 0 1 0 0 0 0 0 0 0 0 0
0 0 0 0 1 0 0 0 0 0 0 0 0 0 0 0 0 0 0 0 0 0 0 0 0 0 0 1 0 0 0 0 0 0 0
0 0 0 0 0 0 1 0 1 0 1 0 0 1 0 1 0 0 1 0 1 0 0 1 0 1 0 1 0 0 0 0 0 0 0
0 0 0 0 0 0 0 0 0 0 0 0 0 0 0 0 0 1 0 0 0 0 0 0 0 0 0 0 0 0 0 0 0 0 0
0 0 0 0 0 0 1 0 0 1 0 0 1 0 0 0 0 1 0 0 1 0 0 1 0 0 0 0 0 0 0 0 0 0 0
0 0 0 0 0 0 0 0 0 0 0 0 0 0 0 0 0 0 0 0 0 0 0 0 0 0 0 0 0 0 0 0 0 0 0
0 0 0 0 0 0 0 0 0 0 0 0 1 0 0 0 0 0 0 0 0 0 0 0 0 0 0 0 0 1 0 0 0 0 0
0 0 0 0 0 0 1 0 0 0 0 0 0 0 0 0 0 0 0 1 0 0 0 0 0 0 0 0 0 0 0 0 0 0 0
0 0 0 0 1 0 0 0 0 0 0 0 0 0 0 0 0 0 0 0 0 0 0 0 0 0 0 1 0 0 0 0 0 0 0
0 0 0 0 1 0 0 0 0 0 0 0 1 0 0 0 0 0 0 0 1 0 0 0 0 0 0 0 1 0 0 0 0 0 0
0 0 0 0 0 0 1 0 0 0 0 0 0 1 0 0 0 0 0 0 1 0 0 0 0 0 0 1 0 0 0 0 0 0 0
0 0 0 0 0 0 0 0 0 0 0 0 0 0 0 0 0 0 0 0 1 0 0 0 0 0 0 0 0 0 0 0 0 0 0
0 0 0 0 0 0 0 0 0 0 0 0 0 0 0 0 0 0 0 0 0 0 0 0 0 0 0 0 0 0 0 0 0 0 0
0 0 0 0 1 1 1 1 1 1 1 1 1 1 1 1 1 1 1 1 1 1 1 1 1 1 1 1 1 0 0 0 0 0 0
0 0 0 0 1 1 1 1 1 1 1 1 1 1 1 1 1 1 1 1 1 1 1 1 1 1 1 1 1 0 0 0 0 0 0
0 0 0 0 1 1 1 1 1 1 1 1 1 1 1 1 1 1 1 1 1 1 1 1 1 1 1 1 0 0 0 0 0 0 0
0 0 0 0 0 0 1 1 1 1 1 1 1 1 1 1 1 0 1 1 0 1 1 1 0 0 0 0 0 0 0 0 0 0 0
0 0 0 0 0 0 1 1 1 1 1 1 1 1 1 1 1 1 1 1 1 1 1 1 1 1 1 1 0 0 0 0 0 0 0
0 0 0 0 0 0 1 0 1 0 0 1 1 1 0 1 1 0 0 1 1 0 1 1 1 0 0 0 0 0 0 0 0 0 0
0 0 0 0 0 0 0 0 0 0 0 0 0 0 0 0 0 0 0 0 0 0 0 0 0 0 0 0 0 0 0 0 0 0 0
0 0 0 0 0 0 0 0 0 0 0 0 0 0 0 0 0 0 0 0 0 0 0 0 0 0 0 0 0 0 0 0 0 0 0

y
0.0 2.0 0.0 0.0 0.0 3.0 0.0 0.0 0.0 0.2142857142857142 0.0 0.0 6.0 1.0 0.0 0.0 0.0 0.0 0.0 0.0 0.0 0.0 0.0 6.75 10.5 0.0 0.75 0.0 0.0 0.0 0.0 0.0 0.5098039215686274 0.0 0.0 0.0 0.0

k
0 4 1 0 0 4 0 0 0 12 0 0 4 3 4 0 1 0 3 0 0 3 0 3 1 0 1 0 11 1 1 2 36 4 14 26 3

f
0.0 8.75 0.0 0.0 0.0 0.0 0.0 0.0 0.0 0.0 0.0 0.0 0.0 0.0 0.0 0.0 0.0 0.0 0.0 8.75 0.0 0.0 0.0 0.0 0.0 8.75 8.75 0.0 0.0 0.0 0.0 0.0 0.0 0.0 0.0
0.0 0.0 0.0 0.0 4.5 4.5 0.0 0.0 0.0 0.0 0.0 0.0 0.0 0.0 0.0 0.0 0.0 0.0 0.0 1.0 0.0 0.0 0.0 0.0 0.0 0.0 0.0 0.0 0.0 0.0 0.0 0.0 0.0 0.0 0.0
0.0 0.0 0.0 0.0 0.0 0.0 0.0 0.0 0.0 0.0 0.0 0.0 0.0 0.0 0.0 0.0 0.0 0.0 0.0 0.0 0.0 0.0 0.0 0.0 0.0 0.0 0.0 0.0 0.0 0.0 0.0 0.0 0.0 0.0 0.0
1.25 8.25 0.0 2.75 0.0 0.75 0.0 1.25 0.0 0.0 0.0 0.25 0.0 3.75 1.25 0.0 0.0 3.75 0.0 0.25 0.0 5.75 0.0 8.75 0.25 7.25 0.0 0.0 0.0 0.0 0.0 0.0 0.0 0.0 0.0

L
3 7 3 4 1 8 4 25 0 2 9 22 11 6 0 0 8 23 2 0 3 0 17 13 23 8 7 0 0 1 1 1 1 1 1 0 0

g
0 0 0 0 0 0 0 0 0 0 0 0 0 0 0 0 0 0 0 0 0 0 0 0 0 0 0 0 0 0 0 0 0 0 0
0 0 0 0 0 0 0 0 0 0 0 0 0 0 0 0 0 0 0 0 0 0 0 0 0 0 0 0 0 0 0 0 0 0 0
0 0 0 0 0 0 0 0 0 0 0 0 0 0 0 0 0 0 0 0 0 0 0 0 0 0 0 0 0 0 0 0 0 0 0
0 0 0 0 0 0 0 0 0 0 0 0 0 0 0 0 0 0 0 0 0 0 0 0 0 0 0 0 0 0 0 0 0 0 0
0 0 0 0 0 0 0 0 0 0 0 0 0 0 0 0 0 0 0 0 0 0 0 0 0 0 0 0 0 0 0 0 0 0 0
0 0 0 0 0 0 0 0 0 0 0 0 0 0 0 0 0 0 0 0 0 0 0 0 0 0 0 0 0 0 0 0 0 0 0
0 0 0 0 0 0 0 0 0 0 0 0 0 0 0 0 0 0 0 0 0 0 0 0 0 0 0 0 0 0 0 0 0 0 0
0 0 0 0 0 0 0 0 0 0 0 0 0 0 0 0 0 0 0 0 0 0 0 0 0 0 0 0 0 0 0 0 0 0 0
0 0 0 0 0 0 0 0 0 0 0 0 0 0 0 0 0 0 0 0 0 0 0 0 0 0 0 0 0 0 0 0 0 0 0
0 0 0 0 0 0 0 0 0 0 0 0 0 0 0 0 0 0 0 0 0 0 0 0 0 0 0 0 0 0 0 0 0 0 0
0 0 0 0 0 0 0 0 0 0 0 0 0 0 0 0 0 0 0 0 0 0 0 0 0 0 0 0 0 0 0 0 0 0 0
0 0 0 0 0 0 0 0 0 0 0 0 0 0 0 0 0 0 0 0 0 0 0 0 0 0 0 0 0 0 0 0 0 0 0
0 0 0 0 0 0 0 0 0 0 0 0 0 0 0 0 0 0 0 0 0 0 0 0 0 0 0 0 0 0 0 0 0 0 0
0 0 0 0 0 0 0 0 0 0 0 0 0 0 0 0 0 0 0 0 0 0 0 0 0 0 0 0 0 0 0 0 0 0 0
0 0 0 0 0 0 0 0 0 0 0 0 0 0 0 0 0 0 0 0 0 0 0 0 0 0 0 0 0 0 0 0 0 0 0
0 0 0 0 0 0 0 0 0 0 0 0 0 0 0 0 0 0 0 0 0 0 0 0 0 0 0 0 0 0 0 0 0 0 0
0 0 0 0 0 0 0 0 0 0 0 0 0 0 0 0 0 0 0 0 0 0 0 0 0 0 0 0 0 0 0 0 0 0 0
0 0 0 0 0 0 0 0 0 0 0 0 0 0 0 0 0 0 0 0 0 0 0 0 0 0 0 0 0 0 0 0 0 0 0
0 0 0 0 0 0 0 0 0 0 0 0 0 0 0 0 0 0 0 0 0 0 0 0 0 0 0 0 0 0 0 0 0 0 0
0 0 0 0 0 0 0 0 0 0 0 0 0 0 0 0 0 0 0 0 0 0 0 0 0 0 0 0 0 0 0 0 0 0 0
0 0 0 0 0 0 0 0 0 0 0 0 0 0 0 0 0 0 0 0 0 0 0 0 0 0 0 0 0 0 0 0 0 0 0
0 0 0 0 0 0 0 0 0 0 0 0 0 0 0 0 0 0 0 0 0 0 0 0 0 0 0 0 0 0 0 0 0 0 0
0 0 0 0 0 0 0 0 0 0 0 0 0 0 0 0 0 0 0 0 0 0 0 0 0 0 0 0 0 0 0 0 0 0 0
0 0 0 0 0 0 0 0 0 0 0 0 0 0 0 0 0 0 0 0 0 0 0 0 0 0 0 0 0 0 0 0 0 0 0
0 0 0 0 0 0 0 0 0 0 0 0 0 0 0 0 0 0 0 0 0 0 0 0 0 0 0 0 0 0 0 0 0 0 0
0 0 0 0 0 0 0 0 0 0 0 0 0 0 0 0 0 0 0 0 0 0 0 0 0 0 0 0 0 0 0 0 0 0 0
0 0 0 0 0 0 0 0 0 0 0 0 0 0 0 0 0 0 0 0 0 0 0 0 0 0 0 0 0 0 0 0 0 0 0
0 0 0 0 0 0 0 0 0 0 0 0 0 0 0 0 0 0 0 0 0 0 0 0 0 0 0 0 0 0 0 0 0 0 0
0 0 0 0 0 0 0 0 0 0 0 0 0 0 0 0 0 0 0 0 0 0 0 0 0 0 0 0 0 0 0 0 0 0 0
0 0 0 0 0 0 0 0 0 0 0 0 0 0 0 0 0 0 0 0 0 0 0 0 0 0 0 0 0 0 0 0 0 0 0
0 0 0 0 0 0 0 0 0 0 0 0 0 0 0 0 0 0 0 0 0 0 0 0 0 0 0 0 0 0 0 0 0 0 0
0 0 0 0 0 0 0 0 0 0 0 0 0 0 0 0 0 0 0 0 0 0 0 0 0 0 0 0 0 0 0 0 0 0 0
0 0 0 0 0 0 0 0 0 0 0 0 0 0 0 0 0 0 0 0 0 0 0 0 0 0 0 0 0 0 0 0 0 0 0
0 0 0 0 0 0 0 0 0 0 0 0 0 0 0 0 0 0 0 0 0 0 0 0 0 0 0 0 0 0 0 0 0 0 0
0 0 0 0 0 0 0 0 0 0 0 0 0 0 0 0 0 0 0 0 0 0 0 0 0 0 0 0 0 0 0 0 0 0 0
0 0 0 0 0 0 0 0 0 0 0 0 0 0 0 0 0 0 0 0 0 0 0 0 0 0 0 0 0 0 0 0 0 0 0
0 0 0 0 0 0 0 0 0 0 0 0 0 0 0 0 0 0 0 0 0 0 0 0 0 0 0 0 0 0 0 0 0 0 0

I cap
1058.909090909091 1058.909090909091 1021.9090909090933 1021.9090909090933 737.380000000011 924.940000000006 871.5599999999879 1050.659999999989 286.7200000000196 606.0800000000386 614.2599999999898 661.0799999999887 286.54000000000866 507.4800000000117 690.0599999999973 604.5690909090883 282.40909090909145 636.7290909091033 741.8090909090844 828.0290909090829 220.52909090909526 473.98909090911155 483.26909090908663 716.2090909090705 331.4090909091134 702.6490909091094 854.5090909090613 609.649090909106 545.2890909091075 597.1690909090723 731.2690909090861 888.9490909091044 941.349090909091 1058.909090909091 672.0
107.96969696969697 107.96969696969697 70.96969696969697 70.96969696969697 0.6199999999999477 27.060000000000002 28.440000000000172 37.339999999999804 20.28000000000022 74.9200000000002 100.73999999999995 97.92000000000006 62.46000000000009 70.5199999999999 77.9399999999999 72.90969696969668 35.06969696969701 88.9496969696969 70.06969696969699 72.84969696969695 31.349696969696925 53.8896969696969 53.609696969696664 39.6696969696967 3.4696969696971784 60.229696969696754 53.36969696969736 26.229696969696718 20.589696969697144 14.709696969697198 31.609696969696973 45.92969696969698 69.52969696969697 107.96969696969697 84.0
38.96666666666666 38.96666666666666 38.96666666666666 26.29166666666666 31.424999999999994 29.325 6.958333333333332 16.833333333333336 11.233333333333341 17.53333333333334 2.133333333333331 7.733333333333336 2.833333333333334 14.733333333333341 9.833333333333336 0.033333333333327886 7.033333333333335 1.1666666666666625 17.300000000000004 17.300000000000004 10.299999999999997 17.300000000000004 17.300000000000004 17.299999999999997 17.300000000000004 10.300000000000004 19.29166666666667 12.291666666666671 19.29166666666667 19.29166666666667 38.96666666666667 38.96666666666666 38.96666666666666 38.96666666666666 23.8
45.24545454545453 45.24545454545453 43.77545454545453 37.82545454545453 16.63000000000023 28.900000000000336 27.490000000000297 27.630000000000866 13.760000000000115 21.610000000000152 26.330000000000123 21.01000000000007 15.34000000000012 17.2900000000001 16.220000000000233 29.605454545454762 22.835454545454734 26.2654545454547 27.505454545454665 30.72545454545466 24.165454545454907 21.675454545454755 22.385454545454788 25.215454545454907 18.115454545454785 27.245454545454926 29.575454545454743 23.585454545454773 28.765454545454855 36.395454545454506 42.435454545454526 42.77545454545453 43.28545454545453 45.24545454545453 42.0
20.999999999999993 20.999999999999993 20.369999999999994 20.019999999999992 6.920000000000002 15.779999999999957 10.609999999999992 12.250000000000007 3.6299999999999937 5.249999999999989 10.900000000000052 11.140000000000015 7.219999999999931 12.399999999999999 10.319999999999974 11.020000000000003 4.519999999999955 6.879999999999988 7.700000000000004 10.379999999999974 5.799999999999958 6.530000000000019 7.050000000000011 7.1400000000000095 2.5499999999999665 7.489999999999959 9.719999999999992 6.449999999999962 6.759999999999938 11.230000000000047 17.09 20.159999999999993 20.21999999999999 20.999999999999993 21.0
345.75757575757575 345.75757575757575 345.75757575757575 312.8163992869875 191.93941176470588 210.0100000000001 226.18000000000026 194.6800000000003 172.97999999999908 150.8100000000001 158.3100000000001 170.81000000000031 209.67999999999915 230.14999999999966 208.54000000000045 235.18757575757616 240.9175757575763 219.7975757575752 175.21757575757596 203.88757575757495 220.35757575757543 194.32757575757503 193.84757575757678 220.11757575757633 205.07757575757537 223.22757575757575 195.5375757575765 233.7987522281631 284.008163992871 299.11757575757565 322.93757575757553 328.81757575757575 341.76757575757574 345.75757575757575 245.0
779.7575757575758 779.7575757575758 762.7475757575758 762.7475757575758 562.2899999999987 653.8900000000006 676.77 615.6299999999999 590.7299999999999 615.8399999999997 580.0900000000005 631.2799999999994 588.9499999999998 651.6899999999995 651.8199999999995 569.3275757575758 521.1875757575752 548.3575757575741 474.7575757575753 614.0875757575767 534.9275757575739 479.9775757575753 515.1575757575757 617.3975757575755 566.7675757575757 647.977575757576 662.1875757575731 591.9575757575766 617.0075757575762 632.0475757575758 712.3675757575761 725.2675757575757 749.4575757575758 779.7575757575758 630.0
80.73333333333335 80.73333333333335 79.89333333333335 79.19333333333334 61.419999999999675 85.27000000000001 75.02666666666666 77.19999999999997 69.89999999999999 77.39 70.82999999999998 79.74999999999999 85.42000000000002 87.02999999999999 81.05999999999999 71.49333333333335 64.06333333333315 66.9533333333333 67.8833333333333 69.89333333333333 67.26333333333324 67.5633333333333 68.19333333333336 67.8633333333333 62.263333333333314 67.25333333333334 66.92333333333335 64.46333333333321 69.9866666666667 76.80333333333334 79.05333333333334 79.26333333333335 79.34333333333335 80.73333333333335 48.300000000000004
10.775757575757575 10.775757575757575 9.725757575757575 9.725757575757573 7.0500000000000025 8.75 2.4499999999999966 0.5499999999999989 1.7999999999999972 0.6999999999999966 2.799999999999997 2.05 1.349999999999997 1.3999999999999924 2.339999999999998 2.0257575757575736 4.26575757575757 3.235757575757572 0.15575757575757798 1.185757575757581 2.3757575757575724 1.9157575757575742 2.0257575757575736 4.265757575757576 4.265757575757572 3.7457575757575734 0.15575757575757443 0.9357575757575916 4.925757575757577 4.625757575757605 9.725757575757573 9.725757575757575 9.825757575757576 10.775757575757575 8.4
2.545454545454545 2.545454545454545 2.545454545454545 2.545454545454545 1.1800000000000002 0.04999999999999993 1.2400000000000322 0.36000000000000065 0.10000000000000142 6.661338147750939e-16 1.2400000000000362 0.5599999999999999 0.1399999999999999 0.8400000000000002 2.220446049250313e-16 0.955454545454545 0.7754545454545502 0.7754545454545475 0.5954545454545496 0.20545454545455477 0.17545454545454597 0.02545454545454695 0.9554545454545486 0.5654545454545502 0.7754545454545524 1.0754545454545479 0.7154545454545497 0.5654545454545511 0.5654545454545515 0.595454545454546 0.20545454545454767 0.8054545454545478 1.915454545454545 2.545454545454545 2.8000000000000003
8.515433299825174 8.515433299825174 8.515433299825174 8.152456893291584 5.734306551724136 5.896566896551699 4.858937844827585 5.659376551724015 6.017123965517098 5.480995431034382 6.973223965517025 6.017617413792927 5.39638362068954 4.762429827586206 5.448814396551719 4.127644827586199 4.33162413793103 5.56878620689654 4.997716724137924 5.049653017241375 4.528894435736713 5.725022758620679 5.267258620689637 3.990061206896545 4.118600114942537 5.148704827586195 4.956592931034492 7.356341206896308 8.293307670901315 7.794914310344658 8.398848103448275 9.074373275862069 7.811086206896552 8.024766408045977 11.280892298850576
700.0 700.0 700.0 698.0 685.0 686.0 679.0 689.0 677.0 680.0 685.0 689.0 680.0 682.0 682.0 683.0 681.0 684.0 690.0 685.0 678.0 677.0 684.0 682.0 685.0 688.0 687.0 681.0 683.0 676.0 686.0 690.0 698.0 700.0 697.0

H cap
1.75 -8.75 8.75 8.75 22.75 12.25 1.75 1.75 43.75 26.25 19.25 1.75 8.75 33.25 36.75 57.75 15.75 15.75 33.25 -8.75 22.75 1.75 47.25 36.75 47.25 -8.75 -8.75 131.25 131.25 131.25 131.25 131.25 131.25 131.25 131.25
32.0 21.0 13.5 7.5 -4.5 -4.5 10.5 5.0 7.5 7.0 0.5 0.5 2.5 8.5 10.5 9.5 9.5 2.5 1.5 -1.0 3.5 9.0 16.5 21.0 29.0 31.5 37.5 52.5 52.5 52.5 52.5 52.5 52.5 52.5 52.5
49.0 45.5 42.0 42.0 38.5 38.5 45.5 42.0 45.5 42.0 42.0 42.0 45.5 49.0 45.5 49.0 42.0 42.0 52.5 42.0 45.5 49.0 52.5 49.0 45.5 45.5 49.0 63.0 63.0 63.0 63.0 63.0 63.0 63.0 63.0
-1.25 -8.25 0.25 -2.75 2.25 -0.75 8.25 -1.25 1.75 1.75 1.25 -0.25 7.25 -3.75 -1.25 1.25 0.75 -3.75 0.25 -0.25 6.25 -5.75 13.25 -8.75 -0.25 -7.25 0.25 78.75 78.75 78.75 78.75 78.75 78.75 78.75 78.75

Gap
NaN

Time
NaN

