T P M C
35 37 4 12

base obj
11.70934065934066

exp obj
11.762005494505495

Objective struct
11.70934065934066 0.0 11.920000000000002

num campaigns
217

x
0 0 0 0 0 0 0 0 1 0 0 0 0 0 1 0 1 0 1 0 0 1 0 0 0 0 0 1 0 1 0 0 0 0 0
0 0 0 0 1 0 0 0 0 0 0 1 0 0 0 0 0 0 0 0 0 0 0 0 0 0 0 0 0 0 0 0 0 0 0
0 0 0 0 0 0 0 0 1 0 0 0 0 0 0 1 0 0 0 0 1 0 0 0 0 1 0 0 0 0 0 0 0 0 0
0 0 0 0 1 0 0 1 0 0 0 1 0 0 0 1 0 0 1 0 0 0 1 0 0 0 0 0 0 0 0 0 0 0 0
0 0 0 0 0 0 1 0 1 0 1 0 1 0 1 0 1 0 1 0 1 0 1 0 0 0 0 0 0 0 0 0 0 0 0
0 0 0 0 0 0 0 0 0 1 0 0 0 0 0 0 0 0 0 1 0 0 0 0 0 0 0 0 0 0 0 0 0 0 0
0 0 0 0 0 0 1 0 0 0 1 0 0 0 1 0 0 0 1 0 0 0 1 0 0 0 1 0 0 0 0 0 0 0 0
0 0 0 0 1 0 0 0 0 0 0 0 0 0 0 0 0 0 0 0 0 0 0 0 0 0 0 0 0 1 0 0 0 0 0
0 0 0 0 0 0 0 0 0 0 0 0 0 0 0 0 0 0 0 0 0 0 1 0 0 0 0 0 0 0 0 0 0 0 0
0 0 0 0 0 0 0 0 0 0 0 0 0 0 0 0 0 0 0 0 1 0 0 1 0 0 0 0 0 0 0 0 0 0 0
0 0 0 0 0 0 1 0 0 0 0 0 0 0 0 1 0 0 0 0 0 0 0 0 1 0 0 0 0 0 0 0 0 0 0
0 0 0 0 1 0 0 0 0 0 0 0 0 0 0 0 0 0 0 0 0 0 0 0 0 0 0 0 0 1 0 0 0 0 0
0 0 0 0 0 0 0 1 0 0 0 0 0 0 0 0 0 0 0 0 0 0 0 0 1 0 0 0 0 0 0 0 0 0 0
0 0 0 0 0 0 0 0 0 0 0 0 0 0 1 0 0 0 0 0 0 1 0 0 0 0 0 0 0 0 0 0 0 0 0
0 0 0 0 0 0 0 0 0 0 0 0 0 0 0 0 0 0 0 0 0 0 0 0 0 0 0 0 0 0 0 0 0 0 0
0 0 0 0 0 1 0 0 0 0 0 0 0 0 0 0 0 0 0 0 0 0 0 0 0 0 0 0 0 0 0 0 0 0 0
0 0 0 0 0 0 0 0 0 0 0 0 0 1 0 0 0 0 0 0 0 0 0 0 0 1 0 0 0 0 0 0 0 0 0
0 0 0 0 0 0 1 0 0 0 0 0 0 0 0 0 0 0 0 0 0 0 0 0 0 0 0 1 0 0 0 0 0 0 0
0 0 0 0 0 0 1 0 0 1 0 1 0 1 0 1 0 1 0 0 1 0 1 0 1 0 1 0 0 1 0 0 0 0 0
0 0 0 0 0 0 0 0 0 0 0 0 0 0 0 0 0 0 0 1 0 0 0 0 0 0 0 0 0 0 0 0 0 0 0
0 0 0 0 0 0 1 0 0 0 1 0 0 0 1 0 0 0 0 1 0 0 0 1 0 0 0 1 0 0 0 0 0 0 0
0 0 0 0 0 0 0 0 0 0 0 0 0 0 0 0 0 0 0 0 0 0 0 0 0 0 0 0 0 0 0 0 0 0 0
0 0 0 0 0 0 0 0 0 0 1 0 0 0 0 0 0 0 0 0 0 0 0 0 0 1 0 0 0 0 0 0 0 0 0
0 0 0 0 0 0 1 0 0 0 0 0 0 0 0 0 0 1 0 0 0 0 0 1 0 0 0 0 0 1 0 0 0 0 0
0 0 0 0 0 0 0 0 0 0 0 0 1 0 0 0 0 0 0 0 0 0 0 0 0 0 0 1 0 0 0 0 0 0 0
0 0 0 0 1 0 0 0 0 0 1 0 0 0 0 0 1 0 0 0 0 0 1 0 0 0 0 0 0 0 0 0 0 0 0
0 0 0 0 0 0 0 1 0 0 0 0 0 0 0 0 1 0 0 0 0 0 0 1 0 0 0 0 0 0 0 0 0 0 0
0 0 0 0 0 0 0 0 0 0 0 0 1 0 0 0 0 0 0 0 0 0 0 0 0 0 0 0 0 0 0 0 0 0 0
0 0 0 0 0 0 0 0 0 0 0 0 0 0 0 0 0 0 0 0 0 0 0 0 0 0 0 0 0 0 0 0 0 0 0
0 0 0 0 1 1 1 1 1 1 1 1 1 1 1 1 1 1 1 1 1 1 1 1 1 1 1 1 1 1 0 0 0 0 0
0 0 0 0 1 1 1 1 1 1 1 1 1 1 1 1 1 1 1 1 1 1 1 1 1 1 1 1 1 1 0 0 0 0 0
0 0 0 0 1 1 1 1 1 1 1 1 1 1 1 1 1 1 1 1 1 1 1 1 1 1 1 1 1 1 0 0 0 0 0
0 0 0 0 1 1 1 1 1 1 1 1 1 0 0 0 1 1 1 1 0 0 0 0 0 0 0 0 0 0 0 0 0 0 0
0 0 0 0 1 1 1 1 1 1 1 1 1 1 1 1 1 1 1 1 1 1 1 1 1 0 1 0 1 1 0 0 0 0 0
0 0 0 0 0 0 0 0 1 0 1 1 1 0 0 1 1 0 1 1 1 1 1 1 0 0 0 0 0 1 0 0 0 0 0
0 0 0 0 0 0 0 0 0 0 0 0 0 0 0 0 0 0 0 0 0 0 0 0 0 0 0 0 0 0 0 0 0 0 0
0 0 0 0 0 0 0 0 0 0 0 0 0 0 0 0 0 0 0 0 0 0 0 0 0 0 0 0 0 0 0 0 0 0 0

y
0.0 2.0 0.833333333333333 0.0 0.0 5.0 0.0 0.0 0.0 1.2142857142857142 0.0 0.0 12.0 2.0 0.0 0.0 0.0 0.0 0.0 0.0 0.0 0.0 0.0 0.0 2.5 0.0 0.75 0.0 0.0 0.0 0.0 0.0 0.5098039215686274 0.0 0.0 0.0 0.0

k
0 4 3 0 0 4 0 0 0 13 0 0 4 4 4 0 1 0 2 0 0 3 0 1 1 0 2 0 11 0 0 0 39 2 13 26 3

f
0.0 12.25 1.75 0.0 0.0 0.0 0.0 0.0 0.0 0.0 0.0 0.0 0.0 0.0 0.0 8.75 0.0 0.0 0.0 0.0 0.0 0.0 0.0 0.0 0.0 5.25 5.25 0.0 0.0 0.0 0.0 0.0 0.0 0.0 0.0
0.0 0.0 0.0 0.0 0.5 0.0 0.0 0.0 0.0 0.0 0.0 0.0 0.0 0.0 0.0 0.0 0.0 0.0 0.0 0.0 0.0 0.0 0.0 0.0 0.0 0.0 0.0 0.0 0.0 0.0 0.0 0.0 0.0 0.0 0.0
0.0 0.0 0.0 0.0 0.0 0.0 0.0 0.0 0.0 0.0 0.0 0.0 0.0 0.0 0.0 0.0 0.0 0.0 0.0 0.0 0.0 0.0 0.0 0.0 0.0 0.0 0.0 0.0 0.0 0.0 0.0 0.0 0.0 0.0 0.0
0.0 0.0 0.0 1.75 0.0 0.0 4.75 0.0 0.75 1.25 3.25 4.75 0.0 1.75 0.0 2.25 0.0 4.25 0.25 2.25 0.0 10.75 0.0 4.25 0.75 4.75 0.0 0.0 0.0 0.0 0.0 0.0 0.0 0.0 0.0

L
2 7 5 3 2 10 4 25 0 3 9 25 17 7 0 0 12 21 2 0 4 0 15 6 15 6 7 0 0 1 1 1 1 1 1 0 0

g
0 0 0 0 0 0 0 0 0 0 0 0 0 0 0 0 0 0 0 0 0 0 0 0 0 0 0 0 0 0 0 0 0 0 0
0 0 0 0 0 0 0 0 0 0 0 0 0 0 0 0 0 0 0 0 0 0 0 0 0 0 0 0 0 0 0 0 0 0 0
0 0 0 0 0 0 0 0 0 0 0 0 0 0 0 0 0 0 0 0 0 0 0 0 0 0 0 0 0 0 0 0 0 0 0
0 0 0 0 0 0 0 0 0 0 0 0 0 0 0 0 0 0 0 0 0 0 0 0 0 0 0 0 0 0 0 0 0 0 0
0 0 0 0 0 0 0 0 0 0 0 0 0 0 0 0 0 0 0 0 0 0 0 0 0 0 0 0 0 0 0 0 0 0 0
0 0 0 0 0 0 0 0 0 0 0 0 0 0 0 0 0 0 0 0 0 0 0 0 0 0 0 0 0 0 0 0 0 0 0
0 0 0 0 0 0 0 0 0 0 0 0 0 0 0 0 0 0 0 0 0 0 0 0 0 0 0 0 0 0 0 0 0 0 0
0 0 0 0 0 0 0 0 0 0 0 0 0 0 0 0 0 0 0 0 0 0 0 0 0 0 0 0 0 0 0 0 0 0 0
0 0 0 0 0 0 0 0 0 0 0 0 0 0 0 0 0 0 0 0 0 0 0 0 0 0 0 0 0 0 0 0 0 0 0
0 0 0 0 0 0 0 0 0 0 0 0 0 0 0 0 0 0 0 0 0 0 0 0 0 0 0 0 0 0 0 0 0 0 0
0 0 0 0 0 0 0 0 0 0 0 0 0 0 0 0 0 0 0 0 0 0 0 0 0 0 0 0 0 0 0 0 0 0 0
0 0 0 0 0 0 0 0 0 0 0 0 0 0 0 0 0 0 0 0 0 0 0 0 0 0 0 0 0 0 0 0 0 0 0
0 0 0 0 0 0 0 0 0 0 0 0 0 0 0 0 0 0 0 0 0 0 0 0 0 0 0 0 0 0 0 0 0 0 0
0 0 0 0 0 0 0 0 0 0 0 0 0 0 0 0 0 0 0 0 0 0 0 0 0 0 0 0 0 0 0 0 0 0 0
0 0 0 0 0 0 0 0 0 0 0 0 0 0 0 0 0 0 0 0 0 0 0 0 0 0 0 0 0 0 0 0 0 0 0
0 0 0 0 0 0 0 0 0 0 0 0 0 0 0 0 0 0 0 0 0 0 0 0 0 0 0 0 0 0 0 0 0 0 0
0 0 0 0 0 0 0 0 0 0 0 0 0 0 0 0 0 0 0 0 0 0 0 0 0 0 0 0 0 0 0 0 0 0 0
0 0 0 0 0 0 0 0 0 0 0 0 0 0 0 0 0 0 0 0 0 0 0 0 0 0 0 0 0 0 0 0 0 0 0
0 0 0 0 0 0 0 0 0 0 0 0 0 0 0 0 0 0 0 0 0 0 0 0 0 0 0 0 0 0 0 0 0 0 0
0 0 0 0 0 0 0 0 0 0 0 0 0 0 0 0 0 0 0 0 0 0 0 0 0 0 0 0 0 0 0 0 0 0 0
0 0 0 0 0 0 0 0 0 0 0 0 0 0 0 0 0 0 0 0 0 0 0 0 0 0 0 0 0 0 0 0 0 0 0
0 0 0 0 0 0 0 0 0 0 0 0 0 0 0 0 0 0 0 0 0 0 0 0 0 0 0 0 0 0 0 0 0 0 0
0 0 0 0 0 0 0 0 0 0 0 0 0 0 0 0 0 0 0 0 0 0 0 0 0 0 0 0 0 0 0 0 0 0 0
0 0 0 0 0 0 0 0 0 0 0 0 0 0 0 0 0 0 0 0 0 0 0 0 0 0 0 0 0 0 0 0 0 0 0
0 0 0 0 0 0 0 0 0 0 0 0 0 0 0 0 0 0 0 0 0 0 0 0 0 0 0 0 0 0 0 0 0 0 0
0 0 0 0 0 0 0 0 0 0 0 0 0 0 0 0 0 0 0 0 0 0 0 0 0 0 0 0 0 0 0 0 0 0 0
0 0 0 0 0 0 0 0 0 0 0 0 0 0 0 0 0 0 0 0 0 0 0 0 0 0 0 0 0 0 0 0 0 0 0
0 0 0 0 0 0 0 0 0 0 0 0 0 0 0 0 0 0 0 0 0 0 0 0 0 0 0 0 0 0 0 0 0 0 0
0 0 0 0 0 0 0 0 0 0 0 0 0 0 0 0 0 0 0 0 0 0 0 0 0 0 0 0 0 0 0 0 0 0 0
0 0 0 0 0 0 0 0 0 0 0 0 0 0 0 0 0 0 0 0 0 0 0 0 0 0 0 0 0 0 0 0 0 0 0
0 0 0 0 0 0 0 0 0 0 0 0 0 0 0 0 0 0 0 0 0 0 0 0 0 0 0 0 0 0 0 0 0 0 0
0 0 0 0 0 0 0 0 0 0 0 0 0 0 0 0 0 0 0 0 0 0 0 0 0 0 0 0 0 0 0 0 0 0 0
0 0 0 0 0 0 0 0 0 0 0 0 0 0 0 0 0 0 0 0 0 0 0 0 0 0 0 0 0 0 0 0 0 0 0
0 0 0 0 0 0 0 0 0 0 0 0 0 0 0 0 0 0 0 0 0 0 0 0 0 0 0 0 0 0 0 0 0 0 0
0 0 0 0 0 0 0 0 0 0 0 0 0 0 0 0 0 0 0 0 0 0 0 0 0 0 0 0 0 0 0 0 0 0 0
0 0 0 0 0 0 0 0 0 0 0 0 0 0 0 0 0 0 0 0 0 0 0 0 0 0 0 0 0 0 0 0 0 0 0
0 0 0 0 0 0 0 0 0 0 0 0 0 0 0 0 0 0 0 0 0 0 0 0 0 0 0 0 0 0 0 0 0 0 0

I cap
1058.909090909091 1058.909090909091 1021.9090909090933 974.9090909091101 776.8000000000045 926.1000000000099 852.1000000000236 858.660000000001 649.9600000000444 647.0400000000338 453.7199999999705 443.5799999999819 586.7000000000348 839.9400000000464 685.0399999999483 569.0090909090632 335.3490909091297 451.049090909124 335.04909090907273 565.0290909090966 609.729090909128 591.8490909091086 284.86909090907477 637.6490909091242 633.6490909091178 765.5490909090915 752.4890909090834 706.0090909091057 797.9090909091121 774.3090909090756 813.9090909090849 923.349090909106 941.349090909091 1058.909090909091 672.0
107.96969696969697 107.96969696969697 70.96969696969697 70.96969696969697 10.199999999999136 56.900000000000205 26.900000000000524 7.339999999999861 48.04000000000008 88.96000000000026 96.27999999999975 88.41999999999979 97.29999999999981 91.0599999999998 100.95999999999954 46.86969696969675 46.529696969697056 50.429696969696906 66.42969696969642 90.64969696969663 66.14969696969719 47.029696969696545 28.009696969696794 56.22969696969669 7.229696969696576 29.329696969696666 38.389696969696956 53.86969696969663 62.969696969697 3.569696969697227 38.96969696969721 43.529696969697014 69.52969696969697 107.96969696969697 84.0
38.96666666666666 38.96666666666666 38.96666666666666 38.96666666666666 44.099999999999994 29.325 6.958333333333334 4.158333333333337 5.5583333333333425 32.2 9.133333333333331 0.7333333333333361 2.833333333333334 22.400000000000006 9.833333333333336 10.300000000000004 17.300000000000004 0.03333333333333499 7.033333333333335 1.1666666666666714 17.300000000000004 17.300000000000004 24.96666666666666 17.300000000000004 10.300000000000004 17.300000000000004 12.291666666666671 4.6250000000000036 4.6250000000000036 4.6250000000000036 31.96666666666667 31.96666666666667 38.96666666666666 38.96666666666666 23.8
45.24545454545453 45.24545454545453 43.77545454545453 36.98545454545452 16.76000000000039 29.190000000000285 28.560000000000866 27.770000000002028 23.010000000000307 22.530000000000364 26.10000000000041 19.79000000000019 21.550000000000278 22.13000000000015 18.83000000000041 25.52545454545552 25.84545454545522 25.49545454545531 26.47545454545506 28.685454545455237 24.48545454545529 20.425454545455047 21.515454545455107 26.585454545455097 24.395454545455134 26.465454545454985 28.145454545455063 27.055454545455486 30.405454545455118 34.285454545454975 41.10545454545452 41.945454545454524 43.28545454545453 45.24545454545453 42.0
20.999999999999993 20.999999999999993 20.369999999999994 20.019999999999992 7.129999999999999 15.98999999999996 10.67999999999986 10.219999999999875 7.639999999999917 5.679999999999975 10.570000000000064 10.849999999999929 12.550000000000006 15.289999999999985 10.11 5.7299999999999685 7.240000000000023 7.920000000000068 8.409999999999984 9.31999999999998 6.570000000000029 5.219999999999988 4.819999999999991 9.819999999999988 9.560000000000041 8.41000000000002 7.7300000000000235 7.499999999999993 10.179999999999886 9.689999999999964 13.399999999999988 16.679999999999996 20.21999999999999 20.999999999999993 21.0
345.75757575757575 345.75757575757575 345.75757575757575 305.67639928698753 151.6794117647059 161.11000000000018 197.62000000000123 164.4600000000001 190.8099999999999 193.4899999999994 202.50000000000085 206.16000000000037 249.11999999999952 223.27000000000027 167.79000000000104 203.42757575757363 232.71757575757638 224.0875757575761 228.84757575757897 252.4575757575754 224.33757575757448 213.23757575757602 246.4675757575784 225.1975757575754 193.8475757575759 190.04757575757858 174.67757575757705 210.02757575757485 256.44757575757797 289.38875222816455 312.91816399286927 341.76757575757574 341.76757575757574 345.75757575757575 245.0
779.7575757575758 779.7575757575758 762.7475757575758 652.4975757575758 384.0499999999997 551.8000000000002 652.6400000000003 572.6799999999998 657.23 574.109999999999 587.52 626.6599999999988 771.6100000000006 844.4199999999983 797.7300000000007 542.8675757575731 509.4775757575728 506.66757575757487 526.9675757575764 611.8475757575744 667.8875757575755 624.9275757575791 594.7275757575779 724.2875757575742 688.4575757575717 634.0375757575758 635.1175757575759 650.807575757576 727.9575757575766 696.3675757575757 708.517575757576 728.3975757575757 749.4575757575758 779.7575757575758 630.0
80.73333333333335 80.73333333333335 79.89333333333335 79.19333333333334 58.31666666666639 78.9 71.97 78.00999999999999 76.94999999999997 78.13999999999999 71.36 78.57000000000001 88.77000000000001 89.66999999999999 80.42999999999999 67.0533333333333 67.7133333333333 68.22333333333334 69.06333333333322 67.0333333333333 66.4733333333333 63.053333333333285 62.24333333333324 68.47333333333327 68.49333333333333 73.42666666666666 72.45 71.74666666666648 73.29 67.51333333333335 72.99666666666668 77.10333333333335 79.34333333333335 80.73333333333335 48.300000000000004
10.775757575757575 10.775757575757575 9.725757575757575 8.465757575757573 0.7000000000000011 1.2399999999999947 2.289999999999986 2.5999999999999894 1.79999999999999 1.4999999999999947 5.339999999999995 3.750000000000014 3.99 2.259999999999999 0.5800000000000143 1.1857575757575702 2.3757575757575684 3.1757575757575776 2.7757575757575736 4.775757575757572 4.775757575757577 4.775757575757574 4.775757575757581 2.3757575757575737 3.1757575757575776 1.7457575757575734 0.15575757575757798 3.335757575757598 9.725757575757573 6.225757575757628 6.925757575757573 9.725757575757573 9.825757575757576 10.775757575757575 8.4
2.545454545454545 2.545454545454545 2.545454545454545 1.285454545454545 1.0599999999999998 0.16999999999999993 0.940000000000026 0.36000000000000054 0.46000000000000163 0.15000000000000058 0.9100000000000755 0.019999999999999907 0.2599999999999999 0.9600000000000003 0.6300000000000007 1.075454545454547 0.445454545454551 0.4454545454545563 1.0754545454545594 0.4454545454545519 1.2854545454545496 0.17545454545455585 0.26545454545456015 1.0754545454545514 0.08545454545455367 0.4154545454545694 0.8054545454545557 1.075454545454555 1.0754545454545519 0.08545454545454745 0.35545454545455646 1.1954545454545933 1.915454545454545 2.545454545454545 2.8000000000000003
8.515433299825174 8.515433299825174 8.515433299825174 7.807629307084691 4.682582413793102 5.534497931034385 4.929627672413777 5.749031724137746 6.420572241379002 6.687891810344622 7.054258448275339 6.941755344827215 6.237762758620518 6.383119482758579 6.397090258620652 4.834541551724126 3.8367963793103277 5.413613793103444 3.532199310344814 4.791032155172429 4.184067194357361 5.64398862068963 5.312086551724104 4.696957586206879 4.911703390804579 5.229739137931004 5.129006724137954 7.706341379309854 7.614239482758395 6.433752958257189 8.370112471264367 9.074373275862069 7.811086206896552 8.024766408045977 11.625719885057473
700.0 700.0 700.0 698.0 690.0 690.0 682.0 684.0 684.0 688.0 681.0 683.0 678.0 685.0 676.0 683.0 681.0 686.0 680.0 682.0 688.0 688.0 683.0 678.0 681.0 679.0 680.0 682.0 687.0 680.0 689.0 692.0 698.0 700.0 699.0

H cap
22.75 -12.25 -1.75 5.25 29.75 12.25 19.25 8.75 19.25 54.25 26.25 5.25 8.75 29.75 26.25 -8.75 33.25 36.75 1.75 5.25 61.25 54.25 54.25 1.75 22.75 -5.25 -5.25 131.25 131.25 131.25 131.25 131.25 131.25 131.25 131.25
25.0 7.0 13.5 6.0 -0.5 8.0 13.5 7.0 9.0 15.5 9.5 4.5 2.5 9.5 8.0 3.0 8.0 3.0 3.0 5.0 10.5 17.0 22.0 24.5 26.5 13.5 25.5 52.5 52.5 52.5 52.5 52.5 52.5 52.5 52.5
49.0 45.5 42.0 35.0 42.0 49.0 49.0 42.0 49.0 52.5 49.0 42.0 35.0 42.0 45.5 49.0 45.5 45.5 42.0 35.0 42.0 42.0 49.0 52.5 56.0 49.0 49.0 63.0 63.0 63.0 63.0 63.0 63.0 63.0 63.0
30.25 0.25 1.75 -1.75 0.25 2.25 -4.75 0.25 -0.75 -1.25 -3.25 -4.75 3.25 -1.75 5.25 -2.25 4.75 -4.25 -0.25 -2.25 3.25 -10.75 3.25 -4.25 -0.75 -4.75 1.25 78.75 78.75 78.75 78.75 78.75 78.75 78.75 78.75

Gap
NaN

Time
NaN

