T P M C
35 37 4 12

base obj
11.842124542124541

exp obj
12.031593406593405

Objective struct
11.842124542124541 0.0 12.599999999999998

num campaigns
211

x
0 0 0 0 1 0 0 0 1 0 0 0 1 0 0 0 0 1 0 0 0 1 0 0 0 1 0 0 0 1 0 0 0 0 0
0 0 0 0 0 0 0 0 0 0 0 0 0 0 0 0 0 0 0 0 1 0 0 0 0 1 0 0 0 0 0 0 0 0 0
0 0 0 0 0 0 0 0 1 0 0 0 1 0 0 0 0 0 1 0 0 0 1 0 0 0 0 1 0 0 0 0 0 0 0
0 0 0 0 0 1 0 0 0 0 1 0 0 0 1 0 0 0 1 0 0 0 1 0 0 0 0 1 0 0 0 0 0 0 0
0 0 0 0 0 0 1 1 0 0 1 0 1 0 1 1 1 0 0 0 1 1 0 0 0 0 0 0 0 0 0 0 0 0 0
0 0 0 0 0 0 0 0 0 0 1 0 0 0 0 0 0 0 0 0 0 0 0 1 0 0 0 0 0 0 0 0 0 0 0
0 0 0 0 0 0 0 1 0 0 1 0 0 0 0 1 0 0 1 0 0 1 0 0 1 0 0 0 0 0 0 0 0 0 0
0 0 0 0 1 0 0 0 0 0 0 0 0 0 0 0 0 0 0 0 0 0 0 0 0 0 0 0 0 1 0 0 0 0 0
0 0 0 0 0 0 0 0 0 0 0 0 0 0 1 0 0 0 0 0 0 0 0 0 0 0 0 0 0 0 0 0 0 0 0
0 0 0 0 0 0 0 0 0 1 0 0 0 0 0 0 0 0 0 0 1 0 1 0 0 0 0 0 0 0 0 0 0 0 0
0 0 0 0 1 0 0 0 0 0 0 0 0 0 1 0 0 0 0 0 0 0 0 0 1 0 0 0 0 0 0 0 0 0 0
0 0 0 0 0 0 1 0 0 0 0 0 0 0 0 0 0 0 0 0 0 0 0 0 0 0 1 0 0 0 0 0 0 0 0
0 0 0 0 0 0 0 0 0 0 0 0 0 0 0 0 1 0 0 0 0 0 0 0 0 0 0 0 0 1 0 0 0 0 0
0 0 0 0 0 0 0 0 0 0 0 1 0 0 0 0 1 0 0 0 0 0 0 0 1 0 0 0 0 0 0 0 0 0 0
0 0 0 0 0 0 0 0 0 0 0 0 0 0 0 0 0 0 0 0 0 0 0 0 0 0 0 0 0 0 0 0 0 0 0
0 0 0 0 0 0 0 0 1 0 0 0 0 0 0 0 0 0 0 0 0 0 0 0 0 0 0 0 0 0 0 0 0 0 0
0 0 0 0 0 0 0 0 0 0 0 0 0 1 0 1 0 1 0 0 0 0 0 0 0 0 0 0 0 0 0 0 0 0 0
0 0 0 0 0 0 1 0 0 0 0 0 0 0 0 0 0 0 0 0 0 0 0 0 0 0 0 1 0 0 0 0 0 0 0
0 0 0 0 0 0 1 0 0 1 0 1 0 1 0 1 0 1 0 1 0 0 1 0 1 0 0 1 0 0 0 0 0 0 0
0 0 0 0 0 0 0 0 0 0 0 0 0 0 0 0 0 0 0 0 0 0 0 1 0 0 0 0 0 0 0 0 0 0 0
0 0 0 0 0 0 1 0 0 0 1 0 0 1 0 0 1 0 0 0 0 0 0 1 0 0 0 1 0 0 0 0 0 0 0
0 0 0 0 0 0 0 0 0 0 0 0 0 0 0 0 0 0 0 0 0 0 0 0 0 0 0 0 0 0 0 0 0 0 0
0 0 0 0 0 0 1 0 0 0 0 0 0 0 0 0 0 0 0 0 0 0 0 0 0 0 0 0 0 1 0 0 0 0 0
0 0 0 0 0 0 0 0 0 0 0 0 0 0 1 0 0 0 0 0 0 0 0 0 0 0 1 0 0 0 0 0 0 0 0
0 0 0 0 1 0 0 0 0 0 0 0 0 0 0 0 0 0 0 1 0 0 0 0 0 0 0 0 0 0 0 0 0 0 0
0 0 0 0 0 0 1 0 0 0 0 0 1 0 0 0 0 0 1 0 0 0 0 0 1 0 0 0 0 0 0 0 0 0 0
0 0 0 0 0 0 0 0 0 0 1 0 0 0 0 0 0 0 0 0 0 1 0 0 0 0 0 1 0 0 0 0 0 0 0
0 0 0 0 0 0 0 0 0 0 0 0 0 0 0 0 1 0 0 0 0 0 0 0 0 0 0 0 0 0 0 0 0 0 0
0 0 0 0 0 0 0 0 0 0 0 0 0 0 0 0 0 0 0 0 0 0 0 0 0 0 0 0 0 0 0 0 0 0 0
0 0 0 0 1 1 1 1 1 1 1 1 1 1 1 1 1 1 1 1 1 1 1 1 1 1 1 1 0 0 0 0 0 0 0
0 0 0 0 1 1 1 1 1 1 1 1 1 1 1 1 1 1 1 1 1 1 1 1 1 1 1 1 1 0 0 0 0 0 0
0 0 0 0 0 1 1 1 1 1 1 1 1 1 1 1 1 0 1 1 1 1 1 1 1 1 1 1 1 0 0 0 0 0 0
0 0 0 0 0 0 1 1 1 1 1 1 1 1 1 1 1 1 1 0 1 1 1 1 1 0 0 0 0 0 0 0 0 0 0
0 0 0 0 0 0 1 1 1 1 1 1 1 1 1 1 1 1 1 1 1 1 1 1 1 1 1 1 1 0 0 0 0 0 0
0 0 0 0 0 0 0 0 0 1 0 1 0 0 0 0 0 0 0 0 1 1 0 1 1 1 0 1 0 0 0 0 0 0 0
0 0 0 0 0 0 0 0 0 0 0 0 0 0 0 0 0 0 0 0 0 0 0 0 0 0 0 0 0 0 0 0 0 0 0
0 0 0 0 0 0 0 0 0 0 0 0 0 0 0 0 0 0 0 0 0 0 0 0 0 0 0 0 0 0 0 0 0 0 0

y
0.0 0.0 0.0 0.0 0.0 8.0 0.0 0.0 0.0 0.2142857142857142 0.0 0.0 8.0 0.0 0.0 0.0 0.0 0.0 0.0 0.0 0.0 0.0 0.0 5.75 2.5 0.0 0.0 0.0 0.0 0.0 0.0 0.0 0.5098039215686274 0.0 0.0 0.0 0.0

k
0 4 2 0 0 4 0 0 0 12 0 0 4 3 4 0 0 0 3 0 0 3 0 3 1 0 2 0 11 2 1 3 34 3 18 26 3

f
0.0 5.25 0.0 1.75 0.0 0.0 0.0 0.0 0.0 0.0 0.0 0.0 0.0 0.0 0.0 0.0 0.0 15.75 1.75 0.0 0.0 0.0 0.0 0.0 0.0 8.75 8.75 0.0 0.0 0.0 0.0 0.0 0.0 0.0 0.0
0.0 0.0 0.0 0.0 0.0 0.0 0.0 0.0 0.0 0.0 0.0 0.0 0.0 0.0 0.0 0.0 0.0 5.5 2.5 0.0 0.0 0.0 0.0 0.0 0.0 0.0 0.0 0.0 0.0 0.0 0.0 0.0 0.0 0.0 0.0
0.0 0.0 0.0 0.0 0.0 0.0 0.0 0.0 0.0 0.0 0.0 0.0 0.0 0.0 0.0 0.0 0.0 0.0 0.0 0.0 0.0 0.0 0.0 0.0 0.0 0.0 0.0 0.0 0.0 0.0 0.0 0.0 0.0 0.0 0.0
0.0 9.25 0.0 0.0 0.0 5.75 0.0 1.75 0.75 0.75 0.0 0.25 1.25 18.75 0.0 0.0 0.0 0.0 0.25 0.0 1.75 0.75 0.75 2.75 0.0 4.25 0.0 0.0 0.0 0.0 0.0 0.0 0.0 0.0 0.0

L
4 5 4 4 1 13 3 25 0 2 10 20 13 5 0 0 2 21 2 0 3 0 23 12 15 6 6 0 0 1 1 1 1 1 1 0 0

g
0 0 0 0 0 0 0 0 0 0 0 0 0 0 0 0 0 0 0 0 0 0 0 0 0 0 0 0 0 0 0 0 0 0 0
0 0 0 0 0 0 0 0 0 0 0 0 0 0 0 0 0 0 0 0 0 0 0 0 0 0 0 0 0 0 0 0 0 0 0
0 0 0 0 0 0 0 0 0 0 0 0 0 0 0 0 0 0 0 0 0 0 0 0 0 0 0 0 0 0 0 0 0 0 0
0 0 0 0 0 0 0 0 0 0 0 0 0 0 0 0 0 0 0 0 0 0 0 0 0 0 0 0 0 0 0 0 0 0 0
0 0 0 0 0 0 0 0 0 0 0 0 0 0 0 0 0 0 0 0 0 0 0 0 0 0 0 0 0 0 0 0 0 0 0
0 0 0 0 0 0 0 0 0 0 0 0 0 0 0 0 0 0 0 0 0 0 0 0 0 0 0 0 0 0 0 0 0 0 0
0 0 0 0 0 0 0 0 0 0 0 0 0 0 0 0 0 0 0 0 0 0 0 0 0 0 0 0 0 0 0 0 0 0 0
0 0 0 0 0 0 0 0 0 0 0 0 0 0 0 0 0 0 0 0 0 0 0 0 0 0 0 0 0 0 0 0 0 0 0
0 0 0 0 0 0 0 0 0 0 0 0 0 0 0 0 0 0 0 0 0 0 0 0 0 0 0 0 0 0 0 0 0 0 0
0 0 0 0 0 0 0 0 0 0 0 0 0 0 0 0 0 0 0 0 0 0 0 0 0 0 0 0 0 0 0 0 0 0 0
0 0 0 0 0 0 0 0 0 0 0 0 0 0 0 0 0 0 0 0 0 0 0 0 0 0 0 0 0 0 0 0 0 0 0
0 0 0 0 0 0 0 0 0 0 0 0 0 0 0 0 0 0 0 0 0 0 0 0 0 0 0 0 0 0 0 0 0 0 0
0 0 0 0 0 0 0 0 0 0 0 0 0 0 0 0 0 0 0 0 0 0 0 0 0 0 0 0 0 0 0 0 0 0 0
0 0 0 0 0 0 0 0 0 0 0 0 0 0 0 0 0 0 0 0 0 0 0 0 0 0 0 0 0 0 0 0 0 0 0
0 0 0 0 0 0 0 0 0 0 0 0 0 0 0 0 0 0 0 0 0 0 0 0 0 0 0 0 0 0 0 0 0 0 0
0 0 0 0 0 0 0 0 0 0 0 0 0 0 0 0 0 0 0 0 0 0 0 0 0 0 0 0 0 0 0 0 0 0 0
0 0 0 0 0 0 0 0 0 0 0 0 0 0 0 0 0 0 0 0 0 0 0 0 0 0 0 0 0 0 0 0 0 0 0
0 0 0 0 0 0 0 0 0 0 0 0 0 0 0 0 0 0 0 0 0 0 0 0 0 0 0 0 0 0 0 0 0 0 0
0 0 0 0 0 0 0 0 0 0 0 0 0 0 0 0 0 0 0 0 0 0 0 0 0 0 0 0 0 0 0 0 0 0 0
0 0 0 0 0 0 0 0 0 0 0 0 0 0 0 0 0 0 0 0 0 0 0 0 0 0 0 0 0 0 0 0 0 0 0
0 0 0 0 0 0 0 0 0 0 0 0 0 0 0 0 0 0 0 0 0 0 0 0 0 0 0 0 0 0 0 0 0 0 0
0 0 0 0 0 0 0 0 0 0 0 0 0 0 0 0 0 0 0 0 0 0 0 0 0 0 0 0 0 0 0 0 0 0 0
0 0 0 0 0 0 0 0 0 0 0 0 0 0 0 0 0 0 0 0 0 0 0 0 0 0 0 0 0 0 0 0 0 0 0
0 0 0 0 0 0 0 0 0 0 0 0 0 0 0 0 0 0 0 0 0 0 0 0 0 0 0 0 0 0 0 0 0 0 0
0 0 0 0 0 0 0 0 0 0 0 0 0 0 0 0 0 0 0 0 0 0 0 0 0 0 0 0 0 0 0 0 0 0 0
0 0 0 0 0 0 0 0 0 0 0 0 0 0 0 0 0 0 0 0 0 0 0 0 0 0 0 0 0 0 0 0 0 0 0
0 0 0 0 0 0 0 0 0 0 0 0 0 0 0 0 0 0 0 0 0 0 0 0 0 0 0 0 0 0 0 0 0 0 0
0 0 0 0 0 0 0 0 0 0 0 0 0 0 0 0 0 0 0 0 0 0 0 0 0 0 0 0 0 0 0 0 0 0 0
0 0 0 0 0 0 0 0 0 0 0 0 0 0 0 0 0 0 0 0 0 0 0 0 0 0 0 0 0 0 0 0 0 0 0
0 0 0 0 0 0 0 0 0 0 0 0 0 0 0 0 0 0 0 0 0 0 0 0 0 0 0 0 0 0 0 0 0 0 0
0 0 0 0 0 0 0 0 0 0 0 0 0 0 0 0 0 0 0 0 0 0 0 0 0 0 0 0 0 0 0 0 0 0 0
0 0 0 0 0 0 0 0 0 0 0 0 0 0 0 0 0 0 0 0 0 0 0 0 0 0 0 0 0 0 0 0 0 0 0
0 0 0 0 0 0 0 0 0 0 0 0 0 0 0 0 0 0 0 0 0 0 0 0 0 0 0 0 0 0 0 0 0 0 0
0 0 0 0 0 0 0 0 0 0 0 0 0 0 0 0 0 0 0 0 0 0 0 0 0 0 0 0 0 0 0 0 0 0 0
0 0 0 0 0 0 0 0 0 0 0 0 0 0 0 0 0 0 0 0 0 0 0 0 0 0 0 0 0 0 0 0 0 0 0
0 0 0 0 0 0 0 0 0 0 0 0 0 0 0 0 0 0 0 0 0 0 0 0 0 0 0 0 0 0 0 0 0 0 0
0 0 0 0 0 0 0 0 0 0 0 0 0 0 0 0 0 0 0 0 0 0 0 0 0 0 0 0 0 0 0 0 0 0 0

I cap
1058.909090909091 1058.909090909091 939.349090909106 939.3490909091158 1120.5600000000088 875.5600000000079 866.7800000000198 802.319999999997 564.2600000000234 817.8800000000303 204.71999999999196 709.0200000000027 525.3000000000068 648.9200000000119 519.5400000000109 669.4290909091039 665.449090909103 684.5690909091056 327.7090909090934 607.7890909090918 476.0890909091144 572.3090909090995 481.86909090908654 497.6690909091043 459.06909090912166 633.6090909090968 724.629090909053 477.8890909091128 695.7890909091186 708.6690909090669 845.2690909090886 888.9490909091103 941.349090909091 1058.909090909091 672.0
107.96969696969697 107.96969696969697 67.52969696969697 67.52969696969697 51.4399999999996 38.440000000000154 6.22000000000047 38.6799999999994 75.74000000000036 93.11999999999982 44.2799999999999 106.98000000000003 87.69999999999952 64.07999999999947 22.45999999999988 54.44969696969667 41.42969696969681 62.30969696969726 39.169696969696986 85.08969696969652 60.78969696969686 62.16969696969687 50.60969696969673 54.009696969696655 46.809696969696915 66.26969696969653 20.249696969697297 9.989696969696869 28.08969696969693 21.209696969697426 37.60969696969704 45.92969696969695 69.52969696969697 107.96969696969697 84.0
38.96666666666666 38.96666666666666 38.96666666666666 38.96666666666666 44.099999999999994 29.325 6.958333333333332 4.158333333333335 5.558333333333341 32.2 9.133333333333331 0.7333333333333361 2.833333333333334 7.73333333333334 9.833333333333334 10.300000000000004 17.300000000000004 10.300000000000004 17.300000000000004 24.96666666666667 31.96666666666666 7.033333333333328 7.033333333333335 1.1666666666666696 10.300000000000002 17.300000000000004 19.29166666666667 4.6250000000000036 4.6250000000000036 4.6250000000000036 38.96666666666667 38.96666666666667 38.96666666666666 38.96666666666666 23.8
45.24545454545453 45.24545454545453 43.14545454545453 37.195454545454524 21.07000000000054 26.890000000000487 27.82000000000055 30.510000000001895 24.710000000000463 24.890000000000388 16.96000000000029 20.26000000000022 15.93000000000033 14.68000000000036 9.960000000000331 30.125454545454936 30.665454545454956 32.005454545455116 25.785454545455067 27.045454545455076 25.265454545455274 27.095454545455024 20.44545454545518 19.055454545455085 26.615454545455098 30.725454545455378 29.23545454545506 27.47545454545544 34.71545454545508 36.39545454545464 42.435454545454526 42.77545454545453 43.28545454545453 45.24545454545453 42.0
20.999999999999993 20.999999999999993 20.159999999999993 19.80999999999999 9.909999999999973 13.78999999999997 10.289999999999907 11.92999999999988 7.159999999999894 5.970000000000033 6.029999999999936 13.039999999999935 9.800000000000045 10.920000000000005 4.8300000000000205 10.600000000000048 10.849999999999978 11.02000000000001 5.939999999999948 7.520000000000028 7.21000000000004 9.73 4.949999999999957 4.950000000000034 7.559999999999948 10.380000000000022 9.719999999999942 5.0399999999999086 7.109999999999882 11.229999999999958 17.090000000000003 20.160000000000004 20.21999999999999 20.999999999999993 21.0
345.75757575757575 345.75757575757575 341.76757575757574 341.76757575757574 220.73882352941177 225.6094117647059 234.02000000000098 173.02000000000004 179.31000000000049 163.86999999999944 132.08000000000064 192.02000000000018 222.31000000000057 215.5899999999996 159.14000000000104 192.87757575757098 216.8587522281643 201.56698752228132 192.14698752228236 202.34757575757843 220.08757575757642 213.07757575757546 196.50757575757743 193.5675757575765 243.26757575757662 256.1875757575783 257.5475757575778 230.4175757575739 260.478752228166 275.5881639928703 322.93757575757536 328.81757575757575 341.76757575757574 345.75757575757575 245.0
779.7575757575758 779.7575757575758 747.8375757575758 747.8375757575758 630.2499999999984 622.1600000000005 675.4400000000003 607.950000000001 657.0900000000007 651.2099999999978 491.5999999999998 644.8999999999999 617.2499999999994 594.7399999999998 540.9400000000003 544.777575757573 540.3575757575757 546.8975757575756 535.7875757575765 549.4475757575747 537.6175757575725 588.6475757575757 475.5575757575747 453.9175757575721 577.1175757575731 712.6475757575768 691.9175757575753 587.047575757576 617.007575757576 632.047575757576 712.3675757575757 725.2675757575757 749.4575757575758 779.7575757575758 630.0
80.73333333333335 80.73333333333335 79.26333333333335 78.56333333333335 65.97999999999958 85.42 73.79666666666667 77.02 74.78999999999998 80.35 66.03999999999999 79.74000000000001 86.55 82.93999999999998 73.61999999999999 68.83333333333323 69.78333333333329 71.49333333333313 67.68333333333312 68.55333333333333 68.07333333333334 70.20333333333335 66.69333333333334 64.06333333333333 67.46333333333335 69.89333333333333 66.92333333333333 64.96333333333314 66.95333333333336 73.53666666666668 79.05333333333334 79.26333333333335 79.34333333333335 80.73333333333335 48.300000000000004
10.775757575757575 10.775757575757575 9.725757575757575 9.725757575757576 7.050000000000008 8.75 8.049999999999978 2.549999999999999 2.7999999999999865 0.6499999999999977 1.4500000000000037 2.500000000000014 2.899999999999997 5.569999999999997 0.5800000000000001 0.15575757575757 0.15575757575757976 0.15575757575757354 0.15575757575757088 3.125757575757567 6.825757575757581 1.865757575757562 2.6657575757575778 2.775757575757571 3.515757575757572 4.025757575757586 7.465757575757579 3.615757575757577 2.1257575757575804 4.625757575757634 9.725757575757573 9.725757575757573 9.825757575757576 10.775757575757575 8.4
2.545454545454545 2.545454545454545 1.915454545454545 1.915454545454545 1.96 0.5599999999999999 0.5500000000000339 0.12000000000000077 1.2400000000000184 1.2600000000000007 1.5400000000000391 0.1399999999999999 0.5599999999999999 0.36000000000000065 0.030000000000000693 0.4454545454545461 0.08545454545455311 0.205454545454553 0.5954545454545531 0.02545454545454917 0.5354545454545513 1.1954545454545635 1.195454545454583 1.285454545454554 0.025454545454553168 0.9554545454545539 0.20545454545455077 0.055454545454554305 0.5654545454545542 0.5954545454545487 0.2054545454545499 0.8054545454545775 1.915454545454545 2.545454545454545 2.8000000000000003
8.515433299825174 8.515433299825174 8.515433299825174 8.152456893291582 5.365915747126435 5.494268045976926 4.767558706896544 6.780066379310119 7.713675862068601 6.005133362068706 6.712878965516696 7.562444827585817 6.346383448275685 5.107257586206882 4.269504224137914 4.920748448275859 4.693692931034474 5.131429885057464 4.417831494252862 4.963446120689657 4.253032711598733 4.247436724137889 3.8827760344827147 4.265922931034471 5.687565632183904 4.528015172413778 4.680730862068995 6.753800372050403 8.217687586206743 7.679971781608667 8.743675689655172 9.074373275862069 7.811086206896552 8.024766408045977 11.280892298850576
700.0 700.0 700.0 698.0 690.0 687.0 676.0 685.0 683.0 690.0 685.0 685.0 685.0 680.0 680.0 678.0 676.0 682.0 677.0 683.0 684.0 678.0 682.0 684.0 686.0 686.0 684.0 680.0 683.0 683.0 690.0 690.0 698.0 700.0 697.0

H cap
5.25 -5.25 8.75 -1.75 12.25 12.25 15.75 26.25 47.25 26.25 22.75 12.25 33.25 1.75 26.25 78.75 54.25 -15.75 -1.75 33.25 43.75 12.25 22.75 15.75 36.75 -8.75 -8.75 131.25 131.25 131.25 131.25 131.25 131.25 131.25 131.25
34.5 23.0 22.0 14.5 8.0 4.0 3.0 3.0 5.0 8.0 8.0 4.0 1.5 3.5 8.5 18.5 12.5 -5.5 -2.5 7.5 5.5 2.5 15.5 15.5 20.5 28.5 37.5 52.5 52.5 52.5 52.5 52.5 52.5 52.5 52.5
52.5 49.0 42.0 42.0 49.0 45.5 45.5 49.0 45.5 42.0 38.5 35.0 45.5 45.5 42.0 49.0 49.0 42.0 38.5 45.5 49.0 45.5 52.5 42.0 45.5 49.0 49.0 63.0 63.0 63.0 63.0 63.0 63.0 63.0 63.0
0.25 -9.25 2.75 1.25 4.25 -5.75 8.75 -1.75 -0.75 -0.75 0.25 -0.25 -1.25 -18.75 0.25 2.25 0.25 4.25 -0.25 2.25 -1.75 -0.75 -0.75 -2.75 32.25 -4.25 0.25 78.75 78.75 78.75 78.75 78.75 78.75 78.75 78.75

Gap
NaN

Time
NaN

