T P M C
35 37 4 12

base obj
11.595238095238095

exp obj
11.706428571428571

Objective struct
11.595238095238095 0.0 12.040000000000001

num campaigns
216

x
0 0 0 0 1 0 0 0 1 0 0 0 1 0 0 0 1 0 0 0 0 1 0 0 0 1 0 0 0 1 0 0 0 0 0
0 0 0 0 0 0 0 1 0 0 0 0 0 0 0 0 0 1 0 0 0 0 0 0 0 0 0 0 0 0 0 0 0 0 0
0 0 0 0 0 0 0 0 0 0 0 0 1 0 0 0 0 0 1 0 0 0 1 0 0 0 0 1 0 0 0 0 0 0 0
0 0 0 0 0 0 1 0 0 1 0 0 0 0 1 0 0 0 1 0 0 1 0 0 0 1 0 0 0 0 0 0 0 0 0
0 0 0 0 0 0 1 0 0 1 0 0 0 1 0 1 0 1 0 1 0 1 0 0 1 0 0 1 0 0 0 0 0 0 0
0 0 0 0 0 0 0 0 0 0 0 0 0 0 1 0 0 0 0 1 0 0 0 0 0 0 0 0 0 0 0 0 0 0 0
0 0 0 0 0 0 0 0 1 0 0 0 1 0 0 0 1 0 0 0 1 0 0 0 1 0 0 0 1 0 0 0 0 0 0
0 0 0 0 1 0 0 0 0 0 0 0 0 0 0 0 0 0 0 0 0 0 0 0 0 0 0 0 0 1 0 0 0 0 0
0 0 0 0 0 0 0 0 0 0 0 0 0 0 0 0 0 0 0 0 0 0 0 0 0 0 1 0 0 0 0 0 0 0 0
0 0 0 0 0 0 0 0 0 0 0 1 0 0 0 0 0 0 1 0 0 0 0 0 0 0 0 0 0 0 0 0 0 0 0
0 0 0 0 0 1 0 0 0 0 0 0 0 0 0 1 0 0 0 0 0 0 0 0 0 1 0 0 0 0 0 0 0 0 0
0 0 0 0 0 0 0 0 1 0 0 0 0 0 0 0 0 0 0 0 0 0 0 1 0 0 0 0 0 0 0 0 0 0 0
0 0 0 0 0 0 0 0 0 0 0 0 0 0 0 0 0 0 0 0 1 0 0 0 0 0 0 0 0 1 0 0 0 0 0
0 0 0 0 1 0 0 0 0 0 0 0 0 0 1 0 0 0 0 0 1 0 0 0 0 0 0 0 0 1 0 0 0 0 0
0 0 0 0 0 0 0 0 0 0 0 0 0 0 0 0 0 0 0 0 0 0 0 0 0 0 0 0 0 0 0 0 0 0 0
0 0 0 0 0 0 0 0 0 0 1 0 0 0 0 0 0 0 0 0 0 0 0 0 0 0 0 0 0 0 0 0 0 0 0
0 0 0 0 0 0 0 0 0 0 0 0 0 1 0 0 0 0 0 0 0 0 0 0 0 1 0 0 0 0 0 0 0 0 0
0 0 0 0 1 0 0 0 0 0 0 0 0 0 0 0 0 0 0 0 0 0 1 0 0 0 0 0 0 0 0 0 0 0 0
0 0 0 0 0 0 1 0 1 0 0 1 0 1 0 1 0 1 0 1 0 1 0 1 0 1 0 1 0 1 0 0 0 0 0
0 0 0 0 1 0 0 0 0 0 0 0 0 0 0 0 0 0 0 0 0 0 0 0 0 0 0 0 0 0 0 0 0 0 0
0 0 0 0 0 0 1 0 0 1 0 0 1 0 0 1 0 0 0 0 0 0 0 0 1 0 0 1 0 0 0 0 0 0 0
0 0 0 0 0 0 0 0 0 0 0 0 0 0 0 0 0 0 0 0 0 0 0 0 0 0 0 0 0 0 0 0 0 0 0
0 0 0 0 0 0 1 0 0 0 0 0 0 0 0 0 0 0 0 0 0 0 0 0 0 0 0 1 0 0 0 0 0 0 0
0 0 0 0 0 0 0 0 1 0 0 0 0 0 0 0 1 0 0 0 0 0 0 0 0 0 0 0 0 0 0 0 0 0 0
0 0 0 0 0 0 0 0 0 0 1 0 0 0 0 0 0 0 0 0 0 0 0 1 0 0 0 0 0 0 0 0 0 0 0
0 0 0 0 0 0 1 0 0 0 0 0 1 0 0 0 0 0 1 0 0 0 0 0 1 0 0 0 0 0 0 0 0 0 0
0 0 0 0 0 0 1 0 0 0 0 1 0 0 0 0 0 0 1 0 0 0 0 0 0 0 0 1 0 0 0 0 0 0 0
0 0 0 0 0 0 0 0 0 0 0 0 0 0 1 0 0 0 0 0 0 0 0 0 0 0 0 0 0 0 0 0 0 0 0
0 0 0 0 0 0 0 0 0 0 0 0 0 0 0 0 0 0 0 0 0 0 0 0 0 0 0 0 0 0 0 0 0 0 0
0 0 0 0 1 1 1 1 1 1 1 1 1 1 1 1 1 1 1 1 1 1 1 1 1 1 1 1 1 1 0 0 0 0 0
0 0 0 0 1 1 1 1 1 1 0 1 1 1 1 1 1 1 1 1 1 1 1 1 1 1 1 1 1 1 0 0 0 0 0
0 0 0 0 1 1 1 1 1 1 0 1 1 1 1 1 1 1 1 1 1 1 1 1 1 1 1 1 1 1 0 0 0 0 0
0 0 0 0 1 0 1 0 0 0 0 0 1 0 0 1 1 1 1 1 0 0 0 0 1 1 1 1 0 0 0 0 0 0 0
0 0 0 0 1 1 1 1 1 1 0 1 1 1 1 1 1 1 1 1 1 1 1 1 1 1 1 1 1 1 0 0 0 0 0
0 0 0 0 1 1 0 0 0 0 0 0 0 0 0 1 1 1 1 0 1 1 1 1 1 0 0 0 1 0 0 0 0 0 0
0 0 0 0 0 0 0 0 0 0 0 0 0 0 0 0 0 0 0 0 0 0 0 0 0 0 0 0 0 0 0 0 0 0 0
0 0 0 0 0 0 0 0 0 0 0 0 0 0 0 0 0 0 0 0 0 0 0 0 0 0 0 0 0 0 0 0 0 0 0

y
0.0 5.0 0.0 0.0 0.0 0.0 0.0 0.0 0.0 5.214285714285714 0.0 0.0 4.0 1.0 0.0 0.0 0.0 0.0 0.0 0.0 0.0 0.0 0.0 1.75 0.5 0.0 0.0 0.0 0.0 0.0 0.0 0.0 0.5098039215686274 0.0 0.0 0.0 0.0

k
0 4 3 0 0 4 0 0 0 13 0 0 4 2 4 0 1 0 1 0 0 3 0 3 1 0 1 0 11 0 1 1 40 1 14 26 3

f
19.25 29.75 0.0 0.0 0.0 0.0 0.0 0.0 0.0 0.0 0.0 0.0 0.0 0.0 0.0 0.0 0.0 0.0 0.0 0.0 0.0 0.0 0.0 0.0 0.0 0.0 0.0 0.0 0.0 0.0 0.0 0.0 0.0 0.0 0.0
0.0 0.0 0.0 0.0 0.0 0.0 0.0 0.0 0.0 0.0 0.0 0.0 0.0 0.0 1.5 0.0 0.0 0.0 0.0 0.0 0.0 0.0 0.0 0.0 0.0 0.0 0.0 0.0 0.0 0.0 0.0 0.0 0.0 0.0 0.0
0.0 0.0 0.0 0.0 0.0 0.0 0.0 0.0 0.0 0.0 0.0 0.0 0.0 0.0 0.0 0.0 0.0 0.0 0.0 0.0 0.0 0.0 0.0 0.0 0.0 0.0 0.0 0.0 0.0 0.0 0.0 0.0 0.0 0.0 0.0
0.0 6.25 0.0 2.75 2.75 3.25 0.75 10.75 0.0 0.25 5.75 0.0 0.0 1.25 0.0 2.75 0.0 2.25 0.0 3.25 0.25 0.0 0.0 1.75 0.0 4.75 0.0 0.0 0.0 0.0 0.0 0.0 0.0 0.0 0.0

L
4 10 4 3 2 5 4 25 0 7 10 15 9 6 0 0 12 18 2 0 3 0 21 8 13 6 5 0 0 1 1 1 1 1 1 0 0

g
0 0 0 0 0 0 0 0 0 0 0 0 0 0 0 0 0 0 0 0 0 0 0 0 0 0 0 0 0 0 0 0 0 0 0
0 0 0 0 0 0 0 0 0 0 0 0 0 0 0 0 0 0 0 0 0 0 0 0 0 0 0 0 0 0 0 0 0 0 0
0 0 0 0 0 0 0 0 0 0 0 0 0 0 0 0 0 0 0 0 0 0 0 0 0 0 0 0 0 0 0 0 0 0 0
0 0 0 0 0 0 0 0 0 0 0 0 0 0 0 0 0 0 0 0 0 0 0 0 0 0 0 0 0 0 0 0 0 0 0
0 0 0 0 0 0 0 0 0 0 0 0 0 0 0 0 0 0 0 0 0 0 0 0 0 0 0 0 0 0 0 0 0 0 0
0 0 0 0 0 0 0 0 0 0 0 0 0 0 0 0 0 0 0 0 0 0 0 0 0 0 0 0 0 0 0 0 0 0 0
0 0 0 0 0 0 0 0 0 0 0 0 0 0 0 0 0 0 0 0 0 0 0 0 0 0 0 0 0 0 0 0 0 0 0
0 0 0 0 0 0 0 0 0 0 0 0 0 0 0 0 0 0 0 0 0 0 0 0 0 0 0 0 0 0 0 0 0 0 0
0 0 0 0 0 0 0 0 0 0 0 0 0 0 0 0 0 0 0 0 0 0 0 0 0 0 0 0 0 0 0 0 0 0 0
0 0 0 0 0 0 0 0 0 0 0 0 0 0 0 0 0 0 0 0 0 0 0 0 0 0 0 0 0 0 0 0 0 0 0
0 0 0 0 0 0 0 0 0 0 0 0 0 0 0 0 0 0 0 0 0 0 0 0 0 0 0 0 0 0 0 0 0 0 0
0 0 0 0 0 0 0 0 0 0 0 0 0 0 0 0 0 0 0 0 0 0 0 0 0 0 0 0 0 0 0 0 0 0 0
0 0 0 0 0 0 0 0 0 0 0 0 0 0 0 0 0 0 0 0 0 0 0 0 0 0 0 0 0 0 0 0 0 0 0
0 0 0 0 0 0 0 0 0 0 0 0 0 0 0 0 0 0 0 0 0 0 0 0 0 0 0 0 0 0 0 0 0 0 0
0 0 0 0 0 0 0 0 0 0 0 0 0 0 0 0 0 0 0 0 0 0 0 0 0 0 0 0 0 0 0 0 0 0 0
0 0 0 0 0 0 0 0 0 0 0 0 0 0 0 0 0 0 0 0 0 0 0 0 0 0 0 0 0 0 0 0 0 0 0
0 0 0 0 0 0 0 0 0 0 0 0 0 0 0 0 0 0 0 0 0 0 0 0 0 0 0 0 0 0 0 0 0 0 0
0 0 0 0 0 0 0 0 0 0 0 0 0 0 0 0 0 0 0 0 0 0 0 0 0 0 0 0 0 0 0 0 0 0 0
0 0 0 0 0 0 0 0 0 0 0 0 0 0 0 0 0 0 0 0 0 0 0 0 0 0 0 0 0 0 0 0 0 0 0
0 0 0 0 0 0 0 0 0 0 0 0 0 0 0 0 0 0 0 0 0 0 0 0 0 0 0 0 0 0 0 0 0 0 0
0 0 0 0 0 0 0 0 0 0 0 0 0 0 0 0 0 0 0 0 0 0 0 0 0 0 0 0 0 0 0 0 0 0 0
0 0 0 0 0 0 0 0 0 0 0 0 0 0 0 0 0 0 0 0 0 0 0 0 0 0 0 0 0 0 0 0 0 0 0
0 0 0 0 0 0 0 0 0 0 0 0 0 0 0 0 0 0 0 0 0 0 0 0 0 0 0 0 0 0 0 0 0 0 0
0 0 0 0 0 0 0 0 0 0 0 0 0 0 0 0 0 0 0 0 0 0 0 0 0 0 0 0 0 0 0 0 0 0 0
0 0 0 0 0 0 0 0 0 0 0 0 0 0 0 0 0 0 0 0 0 0 0 0 0 0 0 0 0 0 0 0 0 0 0
0 0 0 0 0 0 0 0 0 0 0 0 0 0 0 0 0 0 0 0 0 0 0 0 0 0 0 0 0 0 0 0 0 0 0
0 0 0 0 0 0 0 0 0 0 0 0 0 0 0 0 0 0 0 0 0 0 0 0 0 0 0 0 0 0 0 0 0 0 0
0 0 0 0 0 0 0 0 0 0 0 0 0 0 0 0 0 0 0 0 0 0 0 0 0 0 0 0 0 0 0 0 0 0 0
0 0 0 0 0 0 0 0 0 0 0 0 0 0 0 0 0 0 0 0 0 0 0 0 0 0 0 0 0 0 0 0 0 0 0
0 0 0 0 0 0 0 0 0 0 0 0 0 0 0 0 0 0 0 0 0 0 0 0 0 0 0 0 0 0 0 0 0 0 0
0 0 0 0 0 0 0 0 0 0 0 0 0 0 0 0 0 0 0 0 0 0 0 0 0 0 0 0 0 0 0 0 0 0 0
0 0 0 0 0 0 0 0 0 0 0 0 0 0 0 0 0 0 0 0 0 0 0 0 0 0 0 0 0 0 0 0 0 0 0
0 0 0 0 0 0 0 0 0 0 0 0 0 0 0 0 0 0 0 0 0 0 0 0 0 0 0 0 0 0 0 0 0 0 0
0 0 0 0 0 0 0 0 0 0 0 0 0 0 0 0 0 0 0 0 0 0 0 0 0 0 0 0 0 0 0 0 0 0 0
0 0 0 0 0 0 0 0 0 0 0 0 0 0 0 0 0 0 0 0 0 0 0 0 0 0 0 0 0 0 0 0 0 0 0
0 0 0 0 0 0 0 0 0 0 0 0 0 0 0 0 0 0 0 0 0 0 0 0 0 0 0 0 0 0 0 0 0 0 0
0 0 0 0 0 0 0 0 0 0 0 0 0 0 0 0 0 0 0 0 0 0 0 0 0 0 0 0 0 0 0 0 0 0 0

I cap
1058.909090909091 1058.909090909091 918.9490909090969 918.9490909091028 1144.3600000000188 1057.5600000000125 594.3800000000065 832.8799999999937 585.5000000000116 706.4600000000348 716.4799999999996 636.700000000013 540.5200000000098 660.060000000005 338.3599999999848 637.9290909091062 629.1490909091165 671.2290909091109 392.1490909090629 315.36909090909245 485.2290909091347 549.9090909090988 739.9290909090751 693.6890909091071 486.42909090912957 558.5690909090902 715.4690909090657 607.4890909091187 562.8290909091174 642.4690909090689 845.2690909090891 888.9490909091114 941.349090909091 1058.909090909091 672.0
107.96969696969697 107.96969696969697 67.52969696969697 67.52969696969697 79.43999999999932 56.440000000000225 30.62000000000036 40.12000000000023 51.50000000000015 85.53999999999972 93.5199999999998 81.30000000000008 53.47999999999959 74.93999999999943 69.63999999999969 66.9496969696969 62.72969696969703 73.64969696969713 41.729696969696754 47.509696969696826 55.64969696969688 53.96969696969707 72.94969696969642 44.18969696969692 53.44969696969705 15.309696969696859 37.40969696969698 12.389696969696843 35.04969696969704 12.409696969697329 37.60969696969697 45.92969696969698 69.52969696969697 107.96969696969697 84.0
38.96666666666666 38.96666666666666 14.033333333333328 1.3583333333333272 15.29166666666666 29.325 6.958333333333334 16.833333333333336 11.23333333333334 17.53333333333334 9.133333333333333 7.733333333333336 2.833333333333334 7.73333333333334 9.833333333333334 10.300000000000004 17.300000000000004 10.300000000000004 31.96666666666667 24.96666666666667 31.96666666666666 12.29166666666666 19.29166666666666 12.291666666666671 4.6250000000000036 10.300000000000004 17.300000000000004 10.300000000000004 17.300000000000004 10.300000000000004 31.96666666666667 31.96666666666667 38.96666666666666 38.96666666666666 23.8
45.24545454545453 45.24545454545453 43.14545454545453 37.195454545454524 21.07000000000054 29.89000000000019 24.430000000000582 28.810000000002013 24.870000000000303 27.520000000000476 29.740000000000382 19.77000000000015 13.340000000000403 15.660000000000265 10.1300000000004 30.805454545455156 30.38545454545495 30.72545454545504 21.855454545454933 18.715454545455025 25.315454545455008 27.725454545455104 27.50545454545511 26.23545454545533 27.53545454545515 26.205454545455115 29.145454545455056 24.105454545455284 22.335454545454958 30.445454545454687 42.435454545454526 42.77545454545453 43.28545454545453 45.24545454545453 42.0
20.999999999999993 20.999999999999993 20.159999999999993 19.80999999999999 9.909999999999968 16.18999999999996 8.54999999999986 12.409999999999872 9.659999999999906 7.439999999999989 16.200000000000024 15.690000000000008 12.149999999999958 11.860000000000024 3.8199999999999736 10.239999999999988 10.37999999999998 10.379999999999999 5.019999999999994 4.950000000000011 7.770000000000029 7.979999999999964 7.700000000000073 6.859999999999999 7.71999999999999 7.839999999999994 10.539999999999978 7.2899999999999014 6.6499999999999275 7.879999999999897 14.08999999999999 17.16 20.21999999999999 20.999999999999993 21.0
345.75757575757575 345.75757575757575 341.76757575757574 308.8263992869875 197.2094117647059 208.67999999999972 209.78000000000125 187.77000000000035 212.79 220.13117647058863 186.54941176470643 162.479411764706 165.83999999999978 194.59000000000074 155.15000000000038 218.72757575757322 253.29757575757685 256.1875757575764 208.3375757575775 190.67757575757471 220.44757575757595 236.3375757575754 240.11757575757738 248.53757575757476 250.40757575757522 227.98757575757813 195.5375757575765 200.85757575757304 227.53757575757714 252.05875222816462 299.40816399286973 328.81757575757575 341.76757575757574 345.75757575757575 245.0
779.7575757575758 779.7575757575758 747.8375757575758 669.0875757575758 568.9999999999986 668.3600000000001 687.3200000000004 751.2400000000007 839.8400000000008 777.3299999999999 761.7399999999998 716.2999999999997 702.5499999999989 755.7199999999987 569.1999999999992 555.8975757575743 559.8975757575737 572.6475757575752 496.4275757575772 519.9175757575763 630.4075757575738 654.6975757575752 657.2375757575747 579.7775757575753 538.9075757575745 513.0175757575751 538.5175757575728 555.9475757575759 617.0075757575748 632.0475757575758 712.3675757575761 725.2675757575757 749.4575757575758 779.7575757575758 630.0
80.73333333333335 80.73333333333335 79.26333333333335 78.56333333333335 62.246666666666286 80.22 71.7 79.17999999999999 75.98999999999998 79.89999999999999 75.91333333333334 83.61666666666667 86.85999999999999 86.93999999999998 73.63 69.47333333333316 69.89333333333319 69.89333333333336 66.90333333333335 64.06333333333326 68.09333333333329 68.09333333333325 67.88333333333333 65.58333333333313 66.90333333333331 65.13333333333324 67.65333333333332 65.98333333333319 65.79333333333336 69.10333333333334 75.78666666666668 79.26333333333335 79.34333333333335 80.73333333333335 48.300000000000004
10.775757575757575 10.775757575757575 9.725757575757575 9.725757575757573 3.8500000000000063 2.7499999999999964 1.5899999999999976 2.599999999999995 4.489999999999996 2.9899999999999984 2.7999999999999865 2.849999999999991 2.55 0.7699999999999863 0.5800000000000036 1.1857575757575693 3.5157575757575756 4.025757575757581 1.865757575757578 2.6657575757575716 2.7757575757575808 4.775757575757579 4.775757575757564 4.775757575757577 4.775757575757575 3.7457575757575734 0.15575757575757088 0.9357575757575969 1.7257575757575692 1.8257575757576303 9.725757575757573 9.725757575757573 9.825757575757576 10.775757575757575 8.4
2.545454545454545 2.545454545454545 1.915454545454545 1.915454545454545 1.96 0.5599999999999999 0.28000000000004355 0.09000000000000052 0.4600000000000172 0.030000000000000804 0.8200000000000366 0.1399999999999999 0.5599999999999999 1.2600000000000007 0.8400000000000006 1.285454545454546 0.44545454545455454 0.9554545454545605 1.4054545454545586 0.7754545454545471 0.8054545454545486 0.2054545454545601 0.595454545454562 0.2954545454545545 0.565454545454552 0.08545454545454878 0.26545454545454683 0.44545454545455143 0.565454545454564 0.5954545454545478 0.2054545454545459 0.8054545454545575 1.915454545454545 2.545454545454545 2.8000000000000003
8.515433299825174 8.515433299825174 8.515433299825174 7.807629307084679 4.963616724137928 5.206911724137852 4.853765431034479 6.762824827585994 8.730917068965116 7.274098879310071 8.49104005747073 7.942904597700851 6.953279999999803 6.141740172413783 6.0470902586206705 4.662127586206892 5.043692931034472 4.448096724137922 3.0787510344827504 4.170342500000012 5.649584263322875 5.299161034482745 5.710362413793069 4.696957758620669 5.342738045977008 3.7693944827586146 3.1790067241379845 5.977030862068664 7.1832048275860005 6.606166578946928 8.283905574712643 9.074373275862069 7.811086206896552 8.024766408045977 11.280892298850576
700.0 700.0 699.0 695.0 688.0 691.0 677.0 685.0 681.0 681.0 683.0 685.0 682.0 684.0 682.0 682.0 683.0 686.0 679.0 679.0 686.0 685.0 685.0 684.0 682.0 674.0 687.0 677.0 685.0 682.0 688.0 691.0 700.0 700.0 694.0

H cap
-19.25 -29.75 26.25 1.75 1.75 5.25 54.25 47.25 8.75 15.75 19.25 8.75 15.75 1.75 26.25 26.25 64.75 36.75 1.75 54.25 68.25 5.25 1.75 1.75 26.25 5.25 15.75 131.25 131.25 131.25 131.25 131.25 131.25 131.25 131.25
19.5 2.5 13.0 15.0 16.5 15.0 30.0 26.5 8.0 9.0 12.0 9.0 5.5 4.5 -1.5 2.5 6.5 1.0 10.5 18.0 13.5 1.0 5.0 12.0 13.0 3.5 20.5 52.5 52.5 52.5 52.5 52.5 52.5 52.5 52.5
49.0 45.5 38.5 38.5 49.0 45.5 52.5 49.0 42.0 42.0 49.0 49.0 45.5 45.5 35.0 38.5 52.5 45.5 42.0 52.5 52.5 38.5 42.0 42.0 45.5 49.0 49.0 63.0 63.0 63.0 63.0 63.0 63.0 63.0 63.0
3.75 -6.25 3.25 -2.75 -2.75 -3.25 -0.75 -10.75 2.75 -0.25 -5.75 4.25 3.25 -1.25 7.25 -2.75 3.75 -2.25 15.75 -3.25 -0.25 0.25 6.75 -1.75 3.25 -4.75 3.75 78.75 78.75 78.75 78.75 78.75 78.75 78.75 78.75

Gap
NaN

Time
NaN

