T P M C
35 37 4 12

base obj
11.920329670329666

exp obj
11.85024725274725

Objective struct
11.920329670329666 0.0 11.64

num campaigns
206

x
0 0 0 0 1 0 0 0 1 0 0 0 1 0 0 0 1 0 0 0 1 0 0 0 1 0 0 0 0 1 0 0 0 0 0
0 0 0 0 0 0 0 1 0 0 0 0 0 0 0 0 0 0 0 0 0 0 0 1 0 0 0 0 0 0 0 0 0 0 0
0 0 0 0 0 1 0 0 0 0 0 1 0 0 0 0 1 0 0 0 1 0 0 0 0 1 0 0 0 0 0 0 0 0 0
0 0 0 0 1 0 0 0 1 0 0 0 0 0 1 0 0 0 1 0 0 0 1 0 0 0 1 0 0 0 0 0 0 0 0
0 0 0 0 0 0 1 0 0 0 1 0 1 0 0 1 0 1 0 1 0 1 0 1 0 1 0 0 0 0 0 0 0 0 0
0 0 0 0 0 0 0 0 0 1 0 0 0 0 0 0 0 0 1 0 0 0 0 0 0 0 0 0 0 0 0 0 0 0 0
0 0 0 0 1 0 0 0 1 0 0 0 1 0 0 0 0 0 1 0 0 0 1 0 0 0 1 0 0 0 0 0 0 0 0
0 0 0 0 1 0 0 0 0 0 0 0 0 0 0 0 0 0 0 0 0 0 0 0 0 0 0 0 0 1 0 0 0 0 0
0 0 0 0 0 0 0 0 0 0 0 0 0 0 0 0 1 0 0 0 0 0 0 0 0 0 0 0 0 0 0 0 0 0 0
0 0 0 0 0 0 0 0 0 0 0 0 1 0 1 0 0 0 1 0 0 0 0 1 0 0 0 0 0 0 0 0 0 0 0
0 0 0 0 1 0 0 0 0 0 0 0 0 1 0 0 0 0 0 0 0 0 1 0 0 0 0 0 0 0 0 0 0 0 0
0 0 0 0 0 0 0 0 1 0 0 0 0 0 0 0 0 0 0 0 0 0 0 0 0 0 1 0 0 0 0 0 0 0 0
0 0 0 0 0 0 0 0 0 0 0 0 0 0 0 0 0 0 0 1 0 0 0 0 0 0 0 0 1 0 0 0 0 0 0
0 0 0 0 1 0 0 0 0 0 0 0 0 0 0 1 0 0 0 0 0 1 0 0 0 0 0 0 0 0 0 0 0 0 0
0 0 0 0 0 0 0 0 0 0 0 0 0 0 0 0 0 0 0 0 0 0 0 0 0 0 0 0 0 0 0 0 0 0 0
0 0 0 0 0 0 0 0 0 0 0 0 0 0 0 0 0 0 0 0 1 0 0 0 0 0 0 0 0 0 0 0 0 0 0
0 0 0 0 0 0 0 0 0 0 0 0 0 1 0 0 0 0 0 0 0 0 0 0 0 1 0 0 0 0 0 0 0 0 0
0 0 0 0 0 0 1 0 0 0 0 0 0 0 0 0 0 0 0 0 0 0 0 0 0 0 0 1 0 0 0 0 0 0 0
0 0 0 0 0 0 1 0 0 0 1 0 1 0 1 0 1 0 0 1 0 1 0 1 0 1 0 0 0 0 0 0 0 0 0
0 0 0 0 0 0 0 0 0 0 0 0 0 0 0 0 0 0 1 0 0 0 0 0 0 0 0 0 0 0 0 0 0 0 0
0 0 0 0 0 0 0 0 1 0 0 0 0 1 0 0 0 0 1 0 0 1 0 0 1 0 0 1 0 0 0 0 0 0 0
0 0 0 0 0 0 0 0 0 0 0 0 0 0 0 0 0 0 0 0 0 0 0 0 0 0 0 0 0 0 0 0 0 0 0
0 0 0 0 0 0 0 0 0 0 1 0 0 0 0 0 0 0 0 0 0 0 0 0 0 0 0 0 0 1 0 0 0 0 0
0 0 0 0 0 0 0 0 0 0 0 0 0 0 1 0 0 0 0 0 0 0 1 0 0 0 0 0 0 0 0 0 0 0 0
0 0 0 0 0 0 1 0 0 0 0 0 0 0 0 0 0 0 0 0 0 0 0 0 0 0 0 1 0 0 0 0 0 0 0
0 0 0 0 1 0 0 0 0 0 0 1 0 0 0 0 0 0 1 0 0 0 0 0 0 1 0 0 0 0 0 0 0 0 0
0 0 0 0 0 0 1 0 0 0 0 1 0 0 0 0 0 1 0 0 0 0 1 0 0 0 0 1 0 0 0 0 0 0 0
0 0 0 0 0 0 0 0 0 0 1 0 0 0 0 0 0 0 0 0 0 0 0 0 0 0 0 0 0 0 0 0 0 0 0
0 0 0 0 0 0 0 0 0 0 0 0 0 0 0 0 0 0 0 0 0 0 0 0 0 0 0 0 0 0 0 0 0 0 0
0 0 0 0 0 1 1 1 1 1 1 1 1 1 1 1 1 1 1 1 1 1 1 1 1 1 1 1 1 0 0 0 0 0 0
0 0 0 0 1 1 1 1 1 1 1 1 1 1 1 1 1 1 1 1 0 1 1 1 1 1 1 1 1 0 0 0 0 0 0
0 0 0 0 1 1 1 1 1 1 1 1 1 1 1 1 1 1 1 1 0 0 1 1 1 1 1 1 0 0 0 0 0 0 0
0 0 0 0 0 0 0 1 1 0 1 1 1 1 1 0 1 1 0 0 0 0 1 1 1 1 0 0 0 0 0 0 0 0 0
0 0 0 0 1 1 1 1 1 1 1 1 1 1 1 1 1 1 1 1 0 0 1 1 1 1 1 1 0 0 0 0 0 0 0
0 0 0 0 1 0 0 0 1 1 1 1 0 0 0 1 1 1 0 0 0 0 1 0 1 0 0 0 0 0 0 0 0 0 0
0 0 0 0 0 0 0 0 0 0 0 0 0 0 0 0 0 0 0 0 0 0 0 0 0 0 0 0 0 0 0 0 0 0 0
0 0 0 0 0 0 0 0 0 0 0 0 0 0 0 0 0 0 0 0 0 0 0 0 0 0 0 0 0 0 0 0 0 0 0

y
0.0 11.0 0.0 0.0 0.0 4.0 0.0 0.0 0.0 0.2142857142857142 0.0 0.0 4.0 1.0 0.0 0.0 0.0 0.0 0.0 0.0 0.0 0.0 0.0 1.75 8.5 0.0 0.0 0.0 0.0 0.0 0.0 0.0 0.5098039215686274 0.0 0.0 0.0 0.0

k
0 4 2 0 0 4 0 0 0 11 0 0 4 3 4 0 1 0 4 0 0 3 0 3 1 0 0 0 11 2 2 4 39 4 16 26 3

f
5.25 15.75 0.0 0.0 0.0 0.0 0.0 0.0 0.0 0.0 0.0 0.0 0.0 5.25 0.0 0.0 0.0 0.0 0.0 0.0 0.0 0.0 0.0 0.0 0.0 8.75 8.75 0.0 0.0 0.0 0.0 0.0 0.0 0.0 0.0
0.0 0.0 0.0 0.0 0.0 0.0 0.0 0.0 0.0 0.0 0.0 0.0 0.0 0.0 0.0 0.0 0.0 0.0 0.0 0.0 0.0 0.0 0.0 0.0 0.0 0.0 0.0 0.0 0.0 0.0 0.0 0.0 0.0 0.0 0.0
0.0 0.0 0.0 0.0 0.0 0.0 0.0 0.0 0.0 0.0 0.0 0.0 0.0 0.0 0.0 0.0 0.0 0.0 0.0 0.0 0.0 0.0 0.0 0.0 0.0 0.0 0.0 0.0 0.0 0.0 0.0 0.0 0.0 0.0 0.0
0.0 11.25 1.25 1.75 0.0 0.75 0.0 2.75 0.0 0.0 0.75 0.0 2.25 0.0 0.0 2.75 2.25 9.75 1.75 2.75 0.0 2.25 0.0 4.25 0.0 2.75 0.0 0.0 0.0 0.0 0.0 0.0 0.0 0.0 0.0

L
4 16 4 4 2 9 4 25 0 2 9 18 9 6 0 0 12 21 2 0 3 0 19 8 21 7 5 0 0 1 1 1 1 1 1 0 0

g
0 0 0 0 0 0 0 0 0 0 0 0 0 0 0 0 0 0 0 0 0 0 0 0 0 0 0 0 0 0 0 0 0 0 0
0 0 0 0 0 0 0 0 0 0 0 0 0 0 0 0 0 0 0 0 0 0 0 0 0 0 0 0 0 0 0 0 0 0 0
0 0 0 0 0 0 0 0 0 0 0 0 0 0 0 0 0 0 0 0 0 0 0 0 0 0 0 0 0 0 0 0 0 0 0
0 0 0 0 0 0 0 0 0 0 0 0 0 0 0 0 0 0 0 0 0 0 0 0 0 0 0 0 0 0 0 0 0 0 0
0 0 0 0 0 0 0 0 0 0 0 0 0 0 0 0 0 0 0 0 0 0 0 0 0 0 0 0 0 0 0 0 0 0 0
0 0 0 0 0 0 0 0 0 0 0 0 0 0 0 0 0 0 0 0 0 0 0 0 0 0 0 0 0 0 0 0 0 0 0
0 0 0 0 0 0 0 0 0 0 0 0 0 0 0 0 0 0 0 0 0 0 0 0 0 0 0 0 0 0 0 0 0 0 0
0 0 0 0 0 0 0 0 0 0 0 0 0 0 0 0 0 0 0 0 0 0 0 0 0 0 0 0 0 0 0 0 0 0 0
0 0 0 0 0 0 0 0 0 0 0 0 0 0 0 0 0 0 0 0 0 0 0 0 0 0 0 0 0 0 0 0 0 0 0
0 0 0 0 0 0 0 0 0 0 0 0 0 0 0 0 0 0 0 0 0 0 0 0 0 0 0 0 0 0 0 0 0 0 0
0 0 0 0 0 0 0 0 0 0 0 0 0 0 0 0 0 0 0 0 0 0 0 0 0 0 0 0 0 0 0 0 0 0 0
0 0 0 0 0 0 0 0 0 0 0 0 0 0 0 0 0 0 0 0 0 0 0 0 0 0 0 0 0 0 0 0 0 0 0
0 0 0 0 0 0 0 0 0 0 0 0 0 0 0 0 0 0 0 0 0 0 0 0 0 0 0 0 0 0 0 0 0 0 0
0 0 0 0 0 0 0 0 0 0 0 0 0 0 0 0 0 0 0 0 0 0 0 0 0 0 0 0 0 0 0 0 0 0 0
0 0 0 0 0 0 0 0 0 0 0 0 0 0 0 0 0 0 0 0 0 0 0 0 0 0 0 0 0 0 0 0 0 0 0
0 0 0 0 0 0 0 0 0 0 0 0 0 0 0 0 0 0 0 0 0 0 0 0 0 0 0 0 0 0 0 0 0 0 0
0 0 0 0 0 0 0 0 0 0 0 0 0 0 0 0 0 0 0 0 0 0 0 0 0 0 0 0 0 0 0 0 0 0 0
0 0 0 0 0 0 0 0 0 0 0 0 0 0 0 0 0 0 0 0 0 0 0 0 0 0 0 0 0 0 0 0 0 0 0
0 0 0 0 0 0 0 0 0 0 0 0 0 0 0 0 0 0 0 0 0 0 0 0 0 0 0 0 0 0 0 0 0 0 0
0 0 0 0 0 0 0 0 0 0 0 0 0 0 0 0 0 0 0 0 0 0 0 0 0 0 0 0 0 0 0 0 0 0 0
0 0 0 0 0 0 0 0 0 0 0 0 0 0 0 0 0 0 0 0 0 0 0 0 0 0 0 0 0 0 0 0 0 0 0
0 0 0 0 0 0 0 0 0 0 0 0 0 0 0 0 0 0 0 0 0 0 0 0 0 0 0 0 0 0 0 0 0 0 0
0 0 0 0 0 0 0 0 0 0 0 0 0 0 0 0 0 0 0 0 0 0 0 0 0 0 0 0 0 0 0 0 0 0 0
0 0 0 0 0 0 0 0 0 0 0 0 0 0 0 0 0 0 0 0 0 0 0 0 0 0 0 0 0 0 0 0 0 0 0
0 0 0 0 0 0 0 0 0 0 0 0 0 0 0 0 0 0 0 0 0 0 0 0 0 0 0 0 0 0 0 0 0 0 0
0 0 0 0 0 0 0 0 0 0 0 0 0 0 0 0 0 0 0 0 0 0 0 0 0 0 0 0 0 0 0 0 0 0 0
0 0 0 0 0 0 0 0 0 0 0 0 0 0 0 0 0 0 0 0 0 0 0 0 0 0 0 0 0 0 0 0 0 0 0
0 0 0 0 0 0 0 0 0 0 0 0 0 0 0 0 0 0 0 0 0 0 0 0 0 0 0 0 0 0 0 0 0 0 0
0 0 0 0 0 0 0 0 0 0 0 0 0 0 0 0 0 0 0 0 0 0 0 0 0 0 0 0 0 0 0 0 0 0 0
0 0 0 0 0 0 0 0 0 0 0 0 0 0 0 0 0 0 0 0 0 0 0 0 0 0 0 0 0 0 0 0 0 0 0
0 0 0 0 0 0 0 0 0 0 0 0 0 0 0 0 0 0 0 0 0 0 0 0 0 0 0 0 0 0 0 0 0 0 0
0 0 0 0 0 0 0 0 0 0 0 0 0 0 0 0 0 0 0 0 0 0 0 0 0 0 0 0 0 0 0 0 0 0 0
0 0 0 0 0 0 0 0 0 0 0 0 0 0 0 0 0 0 0 0 0 0 0 0 0 0 0 0 0 0 0 0 0 0 0
0 0 0 0 0 0 0 0 0 0 0 0 0 0 0 0 0 0 0 0 0 0 0 0 0 0 0 0 0 0 0 0 0 0 0
0 0 0 0 0 0 0 0 0 0 0 0 0 0 0 0 0 0 0 0 0 0 0 0 0 0 0 0 0 0 0 0 0 0 0
0 0 0 0 0 0 0 0 0 0 0 0 0 0 0 0 0 0 0 0 0 0 0 0 0 0 0 0 0 0 0 0 0 0 0
0 0 0 0 0 0 0 0 0 0 0 0 0 0 0 0 0 0 0 0 0 0 0 0 0 0 0 0 0 0 0 0 0 0 0

I cap
1058.909090909091 1058.909090909091 939.3490909091213 939.3490909091543 765.0999999999892 870.1599999999621 681.3800000001122 873.4800000000314 537.49999999993 825.4399999999519 694.0200000000652 400.62000000006833 380.059999999949 623.3599999999469 697.0800000000713 759.5890909091931 764.1690909090448 624.1690909090139 106.80909090913622 388.929090909185 497.60909090908194 621.9490909090157 324.5490909091026 572.4890909091637 756.169090909131 594.0690909090083 427.789090909067 454.8890909091521 793.4490909091296 773.7690909090263 862.0690909090813 939.3490909091122 941.349090909091 1058.909090909091 672.0
107.96969696969697 107.96969696969697 67.52969696969697 67.52969696969697 18.900000000000006 42.83999999999995 40.62000000000026 65.52000000000027 39.49999999999978 98.55999999999962 88.9800000000003 86.3800000000003 51.93999999999896 18.63999999999921 40.91999999999999 32.289696969696564 64.30969696969647 77.3096969696959 15.869696969696989 28.949696969697854 57.26969696969718 69.92969696969689 33.3296969696967 45.389696969697454 43.70969696969681 88.8096969696969 16.08969696969691 19.989696969696766 19.429696969696742 23.109696969697296 44.80969696969703 67.52969696969697 69.52969696969697 107.96969696969697 84.0
38.96666666666666 38.96666666666666 38.96666666666666 38.96666666666666 44.099999999999994 29.325 21.624999999999996 18.825000000000003 5.558333333333341 24.53333333333334 9.133333333333333 22.400000000000002 10.5 14.733333333333341 2.833333333333334 17.300000000000004 0.03333333333333499 7.033333333333335 1.1666666666666714 17.299999999999997 17.299999999999997 10.299999999999997 17.300000000000004 10.300000000000004 17.300000000000004 10.300000000000002 4.625000000000005 4.625000000000005 11.625000000000002 11.625000000000002 38.96666666666667 38.96666666666666 38.96666666666666 38.96666666666666 23.8
45.24545454545453 45.24545454545453 43.14545454545453 43.14545454545453 24.020000000000042 26.540000000000216 23.23000000000097 25.460000000002633 21.870000000000772 27.960000000000722 28.460000000000683 18.110000000000184 12.11000000000056 12.64000000000049 13.070000000000388 26.115454545455076 25.795454545455627 25.145454545455102 16.12545454545534 24.16545454545526 27.375454545455202 26.655454545455303 23.695454545455345 26.21545454545554 25.89545454545531 28.81545454545515 23.865454545455187 24.865454545455872 33.22545454545516 39.615454545454696 42.56545454545453 43.14545454545453 43.28545454545453 45.24545454545453 42.0
20.999999999999993 20.999999999999993 20.159999999999993 20.159999999999993 7.859999999999933 13.509999999999948 7.589999999999909 9.729999999999766 7.259999999999921 8.559999999999963 12.55999999999992 10.359999999999992 8.13000000000002 11.250000000000018 6.789999999999994 9.290000000000056 7.859999999999845 7.379999999999998 3.2900000000000444 8.950000000000008 10.700000000000005 10.02000000000001 8.799999999999901 9.889999999999946 9.730000000000015 8.340000000000003 4.66999999999998 7.089999999999774 10.329999999999908 13.90999999999991 17.089999999999982 20.159999999999997 20.21999999999999 20.999999999999993 21.0
345.75757575757575 345.75757575757575 341.76757575757574 308.8263992869875 190.6094117647059 201.31000000000077 207.14000000000024 180.39999999999873 206.19000000000165 233.79000000000386 213.01999999999896 195.14999999999858 194.37000000000444 162.49000000000402 136.44999999999885 184.75757575756913 253.06757575757828 240.69757575757987 196.73757575757597 182.79875222816395 242.03816399287118 247.8063992869903 227.1969875222831 206.45757575757375 202.57757575757776 224.32757575758 181.0275757575778 233.79875222815937 284.2881639928718 301.9375757575764 327.48757575757537 341.76757575757574 341.76757575757574 345.75757575757575 245.0
779.7575757575758 779.7575757575758 747.8375757575758 747.8375757575758 584.0500000000003 695.5200000000002 651.3400000000001 559.6500000000013 732.3899999999996 722.2200000000005 636.2599999999998 609.2099999999997 602.1799999999998 626.229999999999 693.2699999999991 618.7475757575711 529.4075757575787 595.3675757575784 541.9675757575723 630.1075757575729 606.3075757575746 533.1475757575765 445.3975757575736 557.4075757575717 572.7475757575739 617.3675757575775 584.7575757575764 620.4375757575759 674.0275757575765 675.7075757575757 720.2975757575765 747.8375757575758 749.4575757575758 779.7575757575758 630.0
80.73333333333335 80.73333333333335 79.26333333333335 79.26333333333335 61.14666666666655 78.21 70.98 77.16999999999999 74.18999999999998 78.49999999999999 70.58000000000001 77.73 85.05000000000001 86.15999999999997 77.85000000000001 67.38333333333294 65.64333333333313 66.7333333333331 61.15333333333258 68.18333333333328 71.61666666666669 74.37333333333336 70.52999999999992 70.08333333333309 70.20333333333326 69.48333333333335 64.41333333333321 66.06333333333312 73.13666666666668 78.81333333333335 79.05333333333334 79.26333333333335 79.34333333333335 80.73333333333335 48.300000000000004
10.775757575757575 10.775757575757575 9.725757575757575 9.725757575757573 3.85000000000001 5.949999999999993 4.389999999999998 2.599999999999988 1.289999999999992 2.5899999999999928 3.7999999999999865 2.099999999999995 2.8999999999999986 0.7699999999999934 0.5800000000000001 1.1857575757575667 4.775757575757586 2.375757575757572 3.1757575757575776 0.3757575757575742 3.7757575757575665 5.52575757575757 0.7657575757575745 2.4257575757575705 2.2657575757575774 3.2357575757575807 0.15575757575756732 0.9357575757576084 4.92575757575757 4.625757575757666 9.725757575757576 9.725757575757573 9.825757575757576 10.775757575757575 8.4
2.545454545454545 2.545454545454545 1.915454545454545 1.915454545454545 1.96 0.5599999999999999 0.28000000000000713 0.09000000000000052 0.4600000000001069 0.030000000000000804 0.8200000000000002 0.1399999999999999 0.5599999999999999 1.2600000000000007 0.8400000000000002 0.38545454545454605 0.26545454545455227 0.865454545454546 0.5654545454545985 0.17545454545454908 0.20545454545454944 0.5954545454545576 0.02545454545456205 0.5354545454545514 1.1954545454545888 1.195454545454587 0.9254545454545486 0.5654545454545545 0.08545454545456521 0.20545454545454944 0.5954545454545531 1.9154545454546037 1.915454545454545 2.545454545454545 2.8000000000000003
8.515433299825174 8.515433299825174 8.515433299825174 8.515433299825135 4.945468076225043 5.1207048275861595 5.1123861206896475 6.762824827585932 7.782641206895853 6.756857499999375 7.485292758619957 7.303823965516764 6.0015556896548805 5.107257413793104 5.357435258620673 5.351782931034475 4.9902448275862 4.465337931034475 4.389095689655246 4.791032155172361 5.194986734587198 5.731919655172369 5.0528909770114305 3.731440344827557 3.692737873563188 3.7469806896551607 4.266937758620761 7.528754999999435 8.293307670901141 7.794914310343997 8.743675689655168 9.074373275862069 7.811086206896552 7.67993882183908 11.625719885057473
700.0 700.0 700.0 698.0 687.0 686.0 677.0 688.0 683.0 689.0 687.0 683.0 680.0 684.0 678.0 685.0 684.0 683.0 678.0 685.0 682.0 682.0 680.0 676.0 684.0 682.0 680.0 681.0 686.0 682.0 688.0 692.0 698.0 697.0 700.0

H cap
-5.25 -15.75 36.75 12.25 1.75 1.75 5.25 12.25 8.75 5.25 57.75 78.75 12.25 -5.25 15.75 22.75 12.25 1.75 40.25 5.25 1.75 26.25 57.75 26.25 57.75 -8.75 -8.75 131.25 131.25 131.25 131.25 131.25 131.25 131.25 131.25
19.0 4.5 21.0 17.5 5.0 6.0 15.5 9.0 0.0 1.5 8.0 8.0 2.0 1.0 6.0 10.0 20.0 26.0 12.0 0.0 4.5 5.0 9.5 19.0 26.5 31.5 42.5 52.5 52.5 52.5 52.5 52.5 52.5 52.5 52.5
45.5 42.0 45.5 45.5 52.5 56.0 52.5 42.0 38.5 42.0 42.0 45.5 45.5 42.0 42.0 38.5 42.0 45.5 42.0 35.0 45.5 42.0 42.0 52.5 52.5 49.0 52.5 63.0 63.0 63.0 63.0 63.0 63.0 63.0 63.0
5.75 -11.25 -1.25 -1.75 10.75 -0.75 1.25 -2.75 0.25 1.75 -0.75 0.75 -2.25 7.75 0.75 -2.75 -2.25 -9.75 -1.75 -2.75 12.25 -2.25 10.25 -4.25 2.25 -2.75 12.75 78.75 78.75 78.75 78.75 78.75 78.75 78.75 78.75

Gap
NaN

Time
NaN

