T P M C
35 37 4 12

base obj
11.887545787545786

exp obj
11.85565934065934

Objective struct
11.887545787545786 0.0 11.760000000000002

num campaigns
211

x
0 0 0 0 1 0 0 0 1 0 0 0 1 0 0 0 0 1 0 0 0 1 0 0 0 1 0 0 0 1 0 0 0 0 0
0 0 0 0 0 0 0 0 0 0 0 0 0 0 0 0 0 0 1 0 0 0 0 0 0 1 0 0 0 0 0 0 0 0 0
0 0 0 0 0 0 0 0 0 0 1 0 0 0 0 1 0 0 0 0 1 0 0 0 0 1 0 0 0 0 0 0 0 0 0
0 0 0 0 1 0 0 1 0 0 1 0 0 1 0 0 1 0 0 0 1 0 0 0 0 0 0 0 0 0 0 0 0 0 0
0 0 0 0 0 0 0 1 0 1 0 1 0 1 0 0 1 0 0 1 0 1 0 1 0 0 0 1 0 0 0 0 0 0 0
0 0 0 0 0 0 0 0 0 0 0 0 0 0 0 0 1 0 0 0 0 0 0 1 0 0 0 0 0 0 0 0 0 0 0
0 0 0 0 0 0 1 0 0 0 0 1 0 0 0 1 0 0 0 1 0 0 0 1 0 0 0 1 0 0 0 0 0 0 0
0 0 0 0 1 0 0 0 0 0 0 0 0 0 0 0 0 0 0 0 0 0 0 0 0 0 0 0 0 1 0 0 0 0 0
0 0 0 0 0 0 0 0 0 0 0 0 0 0 1 0 0 0 0 0 0 0 0 0 0 0 0 0 0 0 0 0 0 0 0
0 0 0 0 0 0 0 0 0 0 0 1 0 1 0 0 0 0 0 0 0 0 0 1 0 0 0 0 0 0 0 0 0 0 0
0 0 0 0 0 0 0 0 1 0 0 0 0 0 0 0 0 0 0 0 1 0 0 0 0 0 0 0 1 0 0 0 0 0 0
0 0 0 0 0 0 1 0 0 0 0 0 0 0 0 0 0 0 0 0 0 0 0 0 0 0 1 0 0 0 0 0 0 0 0
0 0 0 0 0 0 0 0 0 0 0 0 0 0 0 0 0 0 0 0 0 1 0 0 0 0 0 0 0 1 0 0 0 0 0
0 0 0 0 1 0 0 0 0 0 0 0 0 0 1 0 0 0 0 0 0 0 0 0 0 0 0 0 1 0 0 0 0 0 0
0 0 0 0 0 0 0 0 0 0 0 0 0 0 0 0 0 0 0 0 0 0 0 0 0 0 0 0 0 0 0 0 0 0 0
0 0 0 0 0 0 0 0 0 0 0 0 0 0 0 0 0 0 1 0 0 0 0 0 0 0 0 0 0 0 0 0 0 0 0
0 0 0 0 0 0 0 0 0 0 0 0 0 1 0 0 0 0 0 0 0 0 1 0 0 0 0 0 0 0 0 0 0 0 0
0 0 0 0 0 0 1 0 0 0 0 0 0 0 0 0 0 0 0 0 0 0 0 0 0 0 0 0 0 1 0 0 0 0 0
0 0 0 0 0 1 0 1 0 1 0 1 0 1 0 1 0 1 0 1 0 1 0 1 0 1 0 1 0 0 0 0 0 0 0
0 0 0 0 0 0 0 0 0 0 0 0 0 0 0 0 0 0 0 0 0 1 0 0 0 0 0 0 0 0 0 0 0 0 0
0 0 0 0 1 0 0 0 1 0 0 0 1 0 0 0 1 0 0 0 0 0 1 0 0 0 0 1 0 0 0 0 0 0 0
0 0 0 0 0 0 0 0 0 0 0 0 0 0 0 0 0 0 0 0 0 0 0 0 0 0 0 0 0 0 0 0 0 0 0
0 0 0 0 0 0 0 0 0 0 1 0 0 0 0 0 0 0 0 0 0 0 0 0 0 0 0 1 0 0 0 0 0 0 0
0 0 0 0 0 0 0 0 1 0 0 0 0 0 0 1 0 0 0 0 0 0 0 0 1 0 0 0 0 0 0 0 0 0 0
0 0 0 0 0 0 1 0 0 0 0 0 0 0 0 0 0 0 0 1 0 0 0 0 0 0 0 0 0 0 0 0 0 0 0
0 0 0 0 1 0 0 0 0 0 0 1 0 0 0 0 0 1 0 0 0 0 0 1 0 0 0 0 0 0 0 0 0 0 0
0 0 0 0 0 0 0 0 0 1 0 0 0 0 0 0 0 0 0 1 0 0 0 0 0 0 1 0 0 0 0 0 0 0 0
0 0 0 0 0 0 1 0 0 0 0 0 0 0 0 0 0 0 0 0 0 0 0 0 0 0 0 0 0 0 0 0 0 0 0
0 0 0 0 0 0 0 0 0 0 0 0 0 0 0 0 0 0 0 0 0 0 0 0 0 0 0 0 0 0 0 0 0 0 0
0 0 0 0 1 1 1 1 1 1 1 1 1 1 1 1 1 1 1 1 1 1 1 1 1 1 1 1 1 0 0 0 0 0 0
0 0 0 0 1 1 1 1 1 1 1 1 1 1 1 1 1 1 1 0 1 1 1 1 1 1 1 1 1 0 0 0 0 0 0
0 0 0 0 1 1 1 1 1 1 1 1 1 1 1 1 1 1 0 0 1 1 1 1 1 1 1 1 1 0 0 0 0 0 0
0 0 0 0 0 0 1 0 1 1 1 0 1 1 1 0 0 1 0 0 0 0 1 1 0 0 1 1 0 0 0 0 0 0 0
0 0 0 0 1 1 1 1 1 1 1 1 1 1 1 1 1 1 0 0 1 1 1 1 1 1 1 1 1 0 0 0 0 0 0
0 0 0 0 1 1 1 1 1 1 0 1 1 0 0 1 0 1 0 0 0 1 0 0 0 0 1 0 1 0 0 0 0 0 0
0 0 0 0 0 0 0 0 0 0 0 0 0 0 0 0 0 0 0 0 0 0 0 0 0 0 0 0 0 0 0 0 0 0 0
0 0 0 0 0 0 0 0 0 0 0 0 0 0 0 0 0 0 0 0 0 0 0 0 0 0 0 0 0 0 0 0 0 0 0

y
0.0 2.0 0.833333333333333 0.0 0.0 2.0 0.0 0.0 0.0 0.2142857142857142 0.0 0.0 3.0 5.0 0.0 0.0 0.0 0.0 0.0 0.0 0.0 0.0 0.0 0.75 0.5 0.0 0.75 0.0 0.0 0.0 0.0 0.0 0.5098039215686274 0.0 0.0 0.0 0.0

k
0 4 3 0 0 4 0 0 0 12 0 0 4 3 4 0 1 0 1 0 0 3 0 2 1 0 2 0 11 1 2 3 40 3 13 26 3

f
0.0 5.25 0.0 1.75 0.0 0.0 0.0 0.0 0.0 0.0 0.0 0.0 0.0 0.0 1.75 0.0 0.0 0.0 0.0 0.0 0.0 0.0 5.25 0.0 0.0 19.25 8.75 0.0 0.0 0.0 0.0 0.0 0.0 0.0 0.0
0.0 0.0 0.0 0.0 0.0 0.0 0.0 0.0 0.0 0.0 0.0 0.0 0.0 0.0 0.0 0.0 0.0 0.0 0.0 0.0 0.0 0.0 0.0 0.0 0.0 0.0 0.0 0.0 0.0 0.0 0.0 0.0 0.0 0.0 0.0
0.0 0.0 0.0 0.0 0.0 0.0 0.0 0.0 0.0 0.0 0.0 0.0 0.0 0.0 0.0 0.0 0.0 0.0 0.0 0.0 0.0 0.0 0.0 0.0 0.0 0.0 0.0 0.0 0.0 0.0 0.0 0.0 0.0 0.0 0.0
0.0 5.25 0.0 4.75 0.0 4.25 0.0 4.25 0.0 1.25 0.25 0.25 4.75 0.0 0.0 11.75 0.75 0.75 5.25 0.0 0.0 2.75 0.75 0.0 0.0 2.25 0.0 0.0 0.0 0.0 0.0 0.0 0.0 0.0 0.0

L
4 7 5 3 2 7 4 25 0 2 8 20 8 10 0 0 9 23 2 0 4 0 17 7 13 6 7 0 0 1 1 1 1 1 1 0 0

g
0 0 0 0 0 0 0 0 0 0 0 0 0 0 0 0 0 0 0 0 0 0 0 0 0 0 0 0 0 0 0 0 0 0 0
0 0 0 0 0 0 0 0 0 0 0 0 0 0 0 0 0 0 0 0 0 0 0 0 0 0 0 0 0 0 0 0 0 0 0
0 0 0 0 0 0 0 0 0 0 0 0 0 0 0 0 0 0 0 0 0 0 0 0 0 0 0 0 0 0 0 0 0 0 0
0 0 0 0 0 0 0 0 0 0 0 0 0 0 0 0 0 0 0 0 0 0 0 0 0 0 0 0 0 0 0 0 0 0 0
0 0 0 0 0 0 0 0 0 0 0 0 0 0 0 0 0 0 0 0 0 0 0 0 0 0 0 0 0 0 0 0 0 0 0
0 0 0 0 0 0 0 0 0 0 0 0 0 0 0 0 0 0 0 0 0 0 0 0 0 0 0 0 0 0 0 0 0 0 0
0 0 0 0 0 0 0 0 0 0 0 0 0 0 0 0 0 0 0 0 0 0 0 0 0 0 0 0 0 0 0 0 0 0 0
0 0 0 0 0 0 0 0 0 0 0 0 0 0 0 0 0 0 0 0 0 0 0 0 0 0 0 0 0 0 0 0 0 0 0
0 0 0 0 0 0 0 0 0 0 0 0 0 0 0 0 0 0 0 0 0 0 0 0 0 0 0 0 0 0 0 0 0 0 0
0 0 0 0 0 0 0 0 0 0 0 0 0 0 0 0 0 0 0 0 0 0 0 0 0 0 0 0 0 0 0 0 0 0 0
0 0 0 0 0 0 0 0 0 0 0 0 0 0 0 0 0 0 0 0 0 0 0 0 0 0 0 0 0 0 0 0 0 0 0
0 0 0 0 0 0 0 0 0 0 0 0 0 0 0 0 0 0 0 0 0 0 0 0 0 0 0 0 0 0 0 0 0 0 0
0 0 0 0 0 0 0 0 0 0 0 0 0 0 0 0 0 0 0 0 0 0 0 0 0 0 0 0 0 0 0 0 0 0 0
0 0 0 0 0 0 0 0 0 0 0 0 0 0 0 0 0 0 0 0 0 0 0 0 0 0 0 0 0 0 0 0 0 0 0
0 0 0 0 0 0 0 0 0 0 0 0 0 0 0 0 0 0 0 0 0 0 0 0 0 0 0 0 0 0 0 0 0 0 0
0 0 0 0 0 0 0 0 0 0 0 0 0 0 0 0 0 0 0 0 0 0 0 0 0 0 0 0 0 0 0 0 0 0 0
0 0 0 0 0 0 0 0 0 0 0 0 0 0 0 0 0 0 0 0 0 0 0 0 0 0 0 0 0 0 0 0 0 0 0
0 0 0 0 0 0 0 0 0 0 0 0 0 0 0 0 0 0 0 0 0 0 0 0 0 0 0 0 0 0 0 0 0 0 0
0 0 0 0 0 0 0 0 0 0 0 0 0 0 0 0 0 0 0 0 0 0 0 0 0 0 0 0 0 0 0 0 0 0 0
0 0 0 0 0 0 0 0 0 0 0 0 0 0 0 0 0 0 0 0 0 0 0 0 0 0 0 0 0 0 0 0 0 0 0
0 0 0 0 0 0 0 0 0 0 0 0 0 0 0 0 0 0 0 0 0 0 0 0 0 0 0 0 0 0 0 0 0 0 0
0 0 0 0 0 0 0 0 0 0 0 0 0 0 0 0 0 0 0 0 0 0 0 0 0 0 0 0 0 0 0 0 0 0 0
0 0 0 0 0 0 0 0 0 0 0 0 0 0 0 0 0 0 0 0 0 0 0 0 0 0 0 0 0 0 0 0 0 0 0
0 0 0 0 0 0 0 0 0 0 0 0 0 0 0 0 0 0 0 0 0 0 0 0 0 0 0 0 0 0 0 0 0 0 0
0 0 0 0 0 0 0 0 0 0 0 0 0 0 0 0 0 0 0 0 0 0 0 0 0 0 0 0 0 0 0 0 0 0 0
0 0 0 0 0 0 0 0 0 0 0 0 0 0 0 0 0 0 0 0 0 0 0 0 0 0 0 0 0 0 0 0 0 0 0
0 0 0 0 0 0 0 0 0 0 0 0 0 0 0 0 0 0 0 0 0 0 0 0 0 0 0 0 0 0 0 0 0 0 0
0 0 0 0 0 0 0 0 0 0 0 0 0 0 0 0 0 0 0 0 0 0 0 0 0 0 0 0 0 0 0 0 0 0 0
0 0 0 0 0 0 0 0 0 0 0 0 0 0 0 0 0 0 0 0 0 0 0 0 0 0 0 0 0 0 0 0 0 0 0
0 0 0 0 0 0 0 0 0 0 0 0 0 0 0 0 0 0 0 0 0 0 0 0 0 0 0 0 0 0 0 0 0 0 0
0 0 0 0 0 0 0 0 0 0 0 0 0 0 0 0 0 0 0 0 0 0 0 0 0 0 0 0 0 0 0 0 0 0 0
0 0 0 0 0 0 0 0 0 0 0 0 0 0 0 0 0 0 0 0 0 0 0 0 0 0 0 0 0 0 0 0 0 0 0
0 0 0 0 0 0 0 0 0 0 0 0 0 0 0 0 0 0 0 0 0 0 0 0 0 0 0 0 0 0 0 0 0 0 0
0 0 0 0 0 0 0 0 0 0 0 0 0 0 0 0 0 0 0 0 0 0 0 0 0 0 0 0 0 0 0 0 0 0 0
0 0 0 0 0 0 0 0 0 0 0 0 0 0 0 0 0 0 0 0 0 0 0 0 0 0 0 0 0 0 0 0 0 0 0
0 0 0 0 0 0 0 0 0 0 0 0 0 0 0 0 0 0 0 0 0 0 0 0 0 0 0 0 0 0 0 0 0 0 0
0 0 0 0 0 0 0 0 0 0 0 0 0 0 0 0 0 0 0 0 0 0 0 0 0 0 0 0 0 0 0 0 0 0 0

I cap
1058.909090909091 1058.909090909091 939.3490909090995 939.3490909091029 841.0600000000009 929.0599999999893 778.8200000000293 867.3800000000135 809.5599999999858 803.5599999999906 560.4800000000182 383.6200000000157 647.3599999999881 532.359999999994 894.6400000000172 678.5290909091059 506.7290909090877 492.4090909091056 509.2090909091076 396.8090909090878 459.6090909090921 638.8690909090985 728.3690909090935 322.0090909090885 551.1290909091097 545.209090909096 665.1290909090767 534.4290909090967 721.2890909091011 778.0690909090858 838.2690909090884 888.9490909090969 941.349090909091 1058.909090909091 672.0
107.96969696969697 107.96969696969697 67.52969696969697 67.52969696969697 53.940000000000026 77.94000000000005 25.179999999999975 31.620000000000033 59.440000000000026 95.43999999999994 63.52000000000005 60.37999999999997 62.63999999999959 32.639999999999716 54.35999999999983 75.34969696969667 61.14969696969692 74.46969696969715 92.6696969696968 80.66969696969706 44.86969696969689 41.809696969696745 37.50969696969683 33.86969696969676 62.7496969696968 87.66969696969694 39.749696969697034 21.449696969697055 9.58969696969703 4.809696969697057 9.609696969697069 45.92969696969695 69.52969696969697 107.96969696969697 84.0
38.96666666666666 38.96666666666666 38.96666666666666 38.96666666666666 29.43333333333333 7.658333333333335 6.958333333333332 11.825 5.558333333333341 10.533333333333339 9.133333333333331 15.400000000000002 2.833333333333334 7.733333333333341 9.833333333333336 24.96666666666666 17.300000000000004 10.299999999999997 17.299999999999997 0.033333333333327886 7.033333333333328 8.833333333333329 17.299999999999997 10.299999999999997 17.299999999999997 24.96666666666667 31.96666666666667 10.300000000000004 4.6250000000000036 4.6250000000000036 26.291666666666668 26.29166666666666 38.96666666666666 38.96666666666666 23.8
45.24545454545453 45.24545454545453 43.14545454545453 37.195454545454524 18.07 29.890000000000068 27.820000000000288 27.510000000001064 28.060000000000212 30.86000000000033 22.190000000000172 14.370000000000012 15.740000000000268 14.190000000000254 12.440000000000087 26.775454545454654 21.27545454545477 27.035454545454765 30.725454545454777 29.26545454545484 22.995454545454717 25.535454545454826 28.65545454545482 26.185454545454842 26.09545454545481 27.37545454545484 23.835454545454894 23.325454545454814 32.96545454545477 42.145454545454555 42.435454545454526 42.77545454545453 43.28545454545453 45.24545454545453 42.0
20.999999999999993 20.999999999999993 20.159999999999993 19.80999999999999 7.509999999999969 16.189999999999987 10.28999999999997 9.529999999999946 9.839999999999977 10.319999999999972 8.599999999999946 9.329999999999993 9.149999999999997 11.529999999999964 8.620000000000001 7.9199999999999955 3.809999999999947 7.7000000000000135 10.379999999999997 13.239999999999974 8.799999999999951 10.659999999999986 8.339999999999982 8.609999999999996 8.95000000000001 7.699999999999974 6.359999999999994 7.089999999999943 10.119999999999946 13.909999999999958 17.089999999999993 20.159999999999993 20.21999999999999 20.999999999999993 21.0
345.75757575757575 345.75757575757575 341.76757575757574 308.8263992869875 190.6094117647059 208.6800000000001 234.01999999999984 206.41999999999967 236.68000000000046 226.18000000000092 178.04999999999973 156.70999999999995 209.34000000000168 192.16000000000105 139.14000000000001 211.35757575757455 245.92757575757648 238.86875222816283 262.65816399287075 253.94639928698763 220.94698752228143 217.24757575757494 209.7175757575764 153.857575757576 177.61757575757576 248.81757575757555 237.80757575757636 226.51757575757532 269.71875222816436 303.95816399287 322.9375757575756 328.81757575757575 341.76757575757574 345.75757575757575 245.0
779.7575757575758 779.7575757575758 747.8375757575758 747.8375757575758 584.0500000000001 668.3600000000002 754.1900000000003 657.4000000000005 751.6800000000003 734.2200000000006 633.34 667.9699999999984 674.9499999999998 639.72 714.9 650.1075757575746 498.8175757575755 552.6575757575746 669.6475757575756 660.5575757575755 588.2475757575753 562.0775757575757 520.8675757575776 564.6975757575747 661.8175757575747 582.3075757575756 471.3375757575757 556.0975757575756 681.6875757575751 715.4375757575755 712.3675757575759 725.2675757575757 749.4575757575758 779.7575757575758 630.0
80.73333333333335 80.73333333333335 79.26333333333335 78.56333333333335 60.44666666666666 80.22 70.53 75.22 76.79999999999998 83.85999999999999 70.53 77.83000000000001 86.85999999999999 84.26999999999998 76.13999999999999 66.82333333333335 62.26333333333328 67.88333333333335 73.62666666666667 76.47333333333336 70.53000000000002 68.97333333333334 69.48333333333333 66.88333333333337 68.18333333333335 67.88333333333334 64.40333333333332 66.06333333333329 68.77333333333335 75.54666666666668 79.05333333333334 79.26333333333335 79.34333333333335 80.73333333333335 48.300000000000004
10.775757575757575 10.775757575757575 9.725757575757575 9.725757575757573 3.8500000000000045 2.7499999999999964 2.050000000000006 2.149999999999995 3.8000000000000007 0.699999999999998 2.199999999999994 2.5000000000000053 4.499999999999993 2.7700000000000022 0.5799999999999965 1.1857575757575773 7.975757575757572 0.7157575757575758 0.2257575757575756 2.6157575757575757 2.3157575757575763 2.7757575757575736 3.7457575757575734 0.15575757575757798 3.125757575757574 10.025757575757574 4.665757575757578 1.615757575757577 1.7257575757575658 6.625757575757605 9.725757575757576 9.725757575757573 9.825757575757576 10.775757575757575 8.4
2.545454545454545 2.545454545454545 1.915454545454545 1.915454545454545 1.96 0.5599999999999999 0.5500000000000028 0.12000000000000077 1.2400000000000317 1.2600000000000007 1.540000000000001 0.1399999999999999 0.5599999999999999 0.3600000000000002 0.03000000000000025 0.44545454545454566 1.195454545454548 0.4454545454545479 0.9554545454545468 0.7754545454545484 0.7754545454545471 0.5954545454545505 0.20545454545455255 0.17545454545454864 0.025454545454548727 0.9554545454545494 0.20545454545454678 0.05545454545454831 0.5654545454545489 0.5954545454545478 0.20545454545454678 0.8054545454545522 1.915454545454545 2.545454545454545 2.8000000000000003
8.515433299825174 8.515433299825174 8.515433299825174 8.152456893291589 4.963616896551724 5.206911724137913 5.629627499999996 6.607652413793011 7.1964343103446025 6.08444353448264 7.054258275861873 6.872789655172292 6.432590517241322 4.503809310344822 5.303986982758615 6.041438103448273 5.469555172413793 5.763613965517236 4.860360402298838 5.556549396551708 4.630044033437821 4.523298620689644 5.279327931034473 4.524543965517243 5.859979425287353 4.700428965517222 3.6462479310344893 6.390823965517019 7.546181234119697 6.731696091953842 8.398848103448275 9.074373275862069 7.811086206896552 8.024766408045977 11.280892298850576
700.0 700.0 700.0 698.0 687.0 687.0 680.0 686.0 682.0 684.0 681.0 679.0 687.0 683.0 686.0 683.0 681.0 685.0 685.0 677.0 681.0 675.0 688.0 679.0 686.0 684.0 684.0 681.0 679.0 681.0 689.0 694.0 700.0 697.0 695.0

H cap
5.25 -5.25 19.25 -1.75 15.75 8.75 36.75 33.25 26.25 15.75 43.75 54.25 22.75 1.75 -1.75 1.75 40.25 15.75 26.25 33.25 43.75 12.25 -5.25 26.25 43.75 -19.25 -8.75 131.25 131.25 131.25 131.25 131.25 131.25 131.25 131.25
20.0 5.0 15.5 11.0 8.0 4.5 9.5 8.5 5.5 0.0 0.0 10.0 14.5 11.0 17.5 30.5 23.5 6.5 5.5 6.5 14.5 18.0 7.0 10.5 11.5 15.5 37.5 52.5 52.5 52.5 52.5 52.5 52.5 52.5 52.5
49.0 45.5 56.0 49.0 42.0 42.0 42.0 38.5 45.5 42.0 42.0 49.0 45.5 45.5 45.5 45.5 42.0 35.0 42.0 45.5 45.5 45.5 45.5 49.0 49.0 45.5 49.0 63.0 63.0 63.0 63.0 63.0 63.0 63.0 63.0
4.75 -5.25 2.75 -4.75 0.75 -4.25 0.75 -4.25 16.75 -1.25 -0.25 -0.25 -4.75 2.25 4.75 -11.75 -0.75 -0.75 -5.25 0.75 0.25 -2.75 -0.75 2.75 0.25 -2.25 27.75 78.75 78.75 78.75 78.75 78.75 78.75 78.75 78.75

Gap
NaN

Time
NaN

