T P M C
35 37 4 12

base obj
11.38058608058608

exp obj
11.51543956043956

Objective struct
11.38058608058608 0.0 11.920000000000002

num campaigns
221

x
0 0 0 0 1 0 0 0 1 0 0 0 1 0 0 0 0 1 0 0 0 1 0 0 0 1 0 0 0 1 0 0 0 0 0
0 0 0 0 0 0 0 1 0 0 0 0 0 0 0 0 0 0 1 0 0 0 0 0 0 0 0 0 0 0 0 0 0 0 0
0 0 0 0 0 0 0 0 1 0 0 0 1 0 0 0 0 1 0 0 0 0 1 0 0 0 0 1 0 0 0 0 0 0 0
0 0 0 0 0 0 0 0 1 0 0 0 1 0 0 0 1 0 0 0 1 0 0 0 1 0 0 1 0 0 0 0 0 0 0
0 0 0 0 0 0 1 0 0 1 0 1 0 1 0 1 0 1 0 1 0 1 0 0 1 0 0 0 0 0 0 0 0 0 0
0 0 0 0 0 0 0 0 0 0 0 0 0 0 0 1 0 0 0 0 0 0 0 1 0 0 0 0 0 0 0 0 0 0 0
0 0 0 0 0 0 1 0 0 0 1 0 0 0 1 0 0 0 1 0 0 0 1 0 0 0 1 0 0 0 0 0 0 0 0
0 0 0 0 1 0 0 0 0 0 0 0 0 0 0 0 0 0 0 0 0 0 0 0 0 0 0 0 0 1 0 0 0 0 0
0 0 0 0 0 0 0 0 0 0 0 0 0 0 1 0 0 0 0 0 0 0 0 0 0 0 0 0 0 0 0 0 0 0 0
0 0 0 0 0 0 1 0 1 0 0 0 0 0 0 0 0 0 0 0 0 0 0 0 0 0 0 0 0 0 0 0 0 0 0
0 0 0 0 1 0 0 0 0 0 0 0 0 0 1 0 0 0 0 0 0 0 0 0 1 0 0 0 0 0 0 0 0 0 0
0 0 0 0 0 0 0 0 1 0 0 0 0 0 0 0 0 0 0 0 0 0 0 0 0 0 1 0 0 0 0 0 0 0 0
0 0 0 0 0 0 0 0 0 0 0 0 0 0 0 0 0 0 0 0 0 1 0 0 0 0 0 0 0 1 0 0 0 0 0
0 0 0 0 1 0 0 0 0 0 0 0 0 0 1 0 0 0 0 0 0 0 0 0 0 0 0 0 0 1 0 0 0 0 0
0 0 0 0 0 0 0 0 0 0 0 0 0 0 0 0 0 0 0 0 0 0 0 0 0 0 0 0 0 0 0 0 0 0 0
0 0 0 0 0 0 0 0 0 0 1 0 0 0 0 0 0 0 0 0 0 0 0 0 0 0 0 0 0 0 0 0 0 0 0
0 0 0 0 0 0 0 0 0 0 0 0 0 1 0 0 0 0 0 0 0 0 0 0 0 1 0 0 0 0 0 0 0 0 0
0 0 0 0 1 0 0 0 0 0 0 0 0 0 0 0 0 0 0 0 0 0 0 0 0 0 0 1 0 0 0 0 0 0 0
0 0 0 0 0 0 1 0 1 0 1 0 1 0 1 0 1 0 1 0 1 0 1 0 1 0 0 1 0 1 0 0 0 0 0
0 0 0 0 0 0 0 0 0 0 0 0 0 0 0 0 0 0 0 0 0 1 0 0 0 0 0 0 0 0 0 0 0 0 0
0 0 0 0 0 0 1 0 0 1 0 0 0 1 0 0 1 0 0 0 0 1 0 0 1 0 0 0 0 0 0 0 0 0 0
0 0 0 0 0 0 0 0 0 0 0 0 0 0 0 0 0 0 0 0 0 0 0 0 0 0 0 0 0 0 0 0 0 0 0
0 0 0 0 0 0 0 0 0 0 1 0 0 0 0 0 0 0 0 0 0 0 0 0 0 0 0 1 0 0 0 0 0 0 0
0 0 0 0 0 0 0 0 0 0 0 0 0 0 0 0 1 0 0 0 0 0 0 1 0 0 0 0 0 0 0 0 0 0 0
0 0 0 0 0 0 1 0 0 0 0 0 0 0 0 0 0 0 0 1 0 0 0 0 0 0 0 0 0 0 0 0 0 0 0
0 0 0 0 1 0 0 0 0 0 0 1 0 0 0 0 0 0 1 0 0 0 0 0 0 1 0 0 0 0 0 0 0 0 0
0 0 0 0 0 0 1 0 0 0 0 1 0 0 0 1 0 0 0 0 1 0 0 0 0 0 0 0 1 0 0 0 0 0 0
0 0 0 0 0 0 0 0 0 0 0 0 0 0 0 0 0 0 0 1 0 0 0 0 0 0 0 0 0 0 0 0 0 0 0
0 0 0 0 0 0 0 0 0 0 0 0 0 0 0 0 0 0 0 0 0 0 0 0 0 0 0 0 0 0 0 0 0 0 0
0 0 0 0 1 1 1 0 0 1 1 1 1 1 1 1 1 1 1 1 1 1 1 1 1 1 1 1 1 1 0 0 0 0 0
0 0 0 0 1 1 1 1 1 1 1 1 1 1 1 1 1 1 1 1 1 1 1 1 1 1 1 1 1 1 0 0 0 0 0
0 0 0 0 1 1 1 1 1 1 1 1 1 1 1 1 1 1 1 1 1 1 1 1 1 1 1 1 1 1 0 0 0 0 0
0 0 0 0 1 0 0 0 1 1 1 0 1 1 1 1 0 0 1 1 1 1 1 1 1 1 1 1 0 0 0 0 0 0 0
0 0 0 0 1 0 1 1 0 1 1 1 1 1 1 1 1 1 1 1 1 1 1 1 1 1 1 1 1 1 0 0 0 0 0
0 0 0 0 1 0 0 0 1 0 0 0 0 0 0 0 0 1 1 1 1 0 1 1 1 0 0 1 1 0 0 0 0 0 0
0 0 0 0 0 0 0 0 0 0 0 0 0 0 0 0 0 0 0 0 0 0 0 0 0 0 0 0 0 0 0 0 0 0 0
0 0 0 0 0 0 0 0 0 0 0 0 0 0 0 0 0 0 0 0 0 0 0 0 0 0 0 0 0 0 0 0 0 0 0

y
0.0 6.0 0.0 0.0 0.0 3.0 0.0 0.0 0.0 0.2142857142857142 0.0 0.0 3.0 5.0 0.0 0.0 0.0 0.0 0.0 0.0 0.0 0.0 0.0 0.75 0.5 0.0 0.0 0.0 0.0 0.0 0.0 0.0 0.5098039215686274 0.0 0.0 0.0 0.0

k
0 4 2 0 0 4 0 0 0 13 0 0 4 3 4 0 1 0 1 0 0 3 0 3 1 0 0 0 11 2 0 0 34 2 15 26 3

f
19.25 19.25 0.0 0.0 8.75 0.0 0.0 0.0 0.0 0.0 0.0 0.0 0.0 0.0 0.0 0.0 0.0 0.0 0.0 0.0 0.0 0.0 0.0 0.0 0.0 1.75 0.0 0.0 0.0 0.0 0.0 0.0 0.0 0.0 0.0
0.0 0.0 0.0 0.0 0.0 0.0 0.0 0.0 0.0 0.0 0.0 0.0 0.0 0.0 0.0 0.0 0.0 0.0 0.0 0.0 0.0 0.0 0.0 0.0 0.0 0.0 0.0 0.0 0.0 0.0 0.0 0.0 0.0 0.0 0.0
0.0 0.0 0.0 0.0 0.0 0.0 0.0 0.0 0.0 0.0 0.0 0.0 0.0 0.0 0.0 0.0 0.0 0.0 0.0 0.0 0.0 0.0 0.0 0.0 0.0 0.0 0.0 0.0 0.0 0.0 0.0 0.0 0.0 0.0 0.0
0.0 0.25 0.0 7.75 2.25 0.75 0.0 8.25 0.0 1.25 0.0 0.75 1.25 4.75 0.0 1.25 0.0 1.75 0.25 0.0 0.0 0.0 0.0 3.75 1.25 12.25 0.0 0.0 0.0 0.0 0.0 0.0 0.0 0.0 0.0

L
4 11 4 3 2 8 4 25 0 2 10 18 8 10 0 0 12 23 2 0 3 0 17 7 13 7 4 0 0 1 1 1 1 1 1 0 0

g
0 0 0 0 0 0 0 0 0 0 0 0 0 0 0 0 0 0 0 0 0 0 0 0 0 0 0 0 0 0 0 0 0 0 0
0 0 0 0 0 0 0 0 0 0 0 0 0 0 0 0 0 0 0 0 0 0 0 0 0 0 0 0 0 0 0 0 0 0 0
0 0 0 0 0 0 0 0 0 0 0 0 0 0 0 0 0 0 0 0 0 0 0 0 0 0 0 0 0 0 0 0 0 0 0
0 0 0 0 0 0 0 0 0 0 0 0 0 0 0 0 0 0 0 0 0 0 0 0 0 0 0 0 0 0 0 0 0 0 0
0 0 0 0 0 0 0 0 0 0 0 0 0 0 0 0 0 0 0 0 0 0 0 0 0 0 0 0 0 0 0 0 0 0 0
0 0 0 0 0 0 0 0 0 0 0 0 0 0 0 0 0 0 0 0 0 0 0 0 0 0 0 0 0 0 0 0 0 0 0
0 0 0 0 0 0 0 0 0 0 0 0 0 0 0 0 0 0 0 0 0 0 0 0 0 0 0 0 0 0 0 0 0 0 0
0 0 0 0 0 0 0 0 0 0 0 0 0 0 0 0 0 0 0 0 0 0 0 0 0 0 0 0 0 0 0 0 0 0 0
0 0 0 0 0 0 0 0 0 0 0 0 0 0 0 0 0 0 0 0 0 0 0 0 0 0 0 0 0 0 0 0 0 0 0
0 0 0 0 0 0 0 0 0 0 0 0 0 0 0 0 0 0 0 0 0 0 0 0 0 0 0 0 0 0 0 0 0 0 0
0 0 0 0 0 0 0 0 0 0 0 0 0 0 0 0 0 0 0 0 0 0 0 0 0 0 0 0 0 0 0 0 0 0 0
0 0 0 0 0 0 0 0 0 0 0 0 0 0 0 0 0 0 0 0 0 0 0 0 0 0 0 0 0 0 0 0 0 0 0
0 0 0 0 0 0 0 0 0 0 0 0 0 0 0 0 0 0 0 0 0 0 0 0 0 0 0 0 0 0 0 0 0 0 0
0 0 0 0 0 0 0 0 0 0 0 0 0 0 0 0 0 0 0 0 0 0 0 0 0 0 0 0 0 0 0 0 0 0 0
0 0 0 0 0 0 0 0 0 0 0 0 0 0 0 0 0 0 0 0 0 0 0 0 0 0 0 0 0 0 0 0 0 0 0
0 0 0 0 0 0 0 0 0 0 0 0 0 0 0 0 0 0 0 0 0 0 0 0 0 0 0 0 0 0 0 0 0 0 0
0 0 0 0 0 0 0 0 0 0 0 0 0 0 0 0 0 0 0 0 0 0 0 0 0 0 0 0 0 0 0 0 0 0 0
0 0 0 0 0 0 0 0 0 0 0 0 0 0 0 0 0 0 0 0 0 0 0 0 0 0 0 0 0 0 0 0 0 0 0
0 0 0 0 0 0 0 0 0 0 0 0 0 0 0 0 0 0 0 0 0 0 0 0 0 0 0 0 0 0 0 0 0 0 0
0 0 0 0 0 0 0 0 0 0 0 0 0 0 0 0 0 0 0 0 0 0 0 0 0 0 0 0 0 0 0 0 0 0 0
0 0 0 0 0 0 0 0 0 0 0 0 0 0 0 0 0 0 0 0 0 0 0 0 0 0 0 0 0 0 0 0 0 0 0
0 0 0 0 0 0 0 0 0 0 0 0 0 0 0 0 0 0 0 0 0 0 0 0 0 0 0 0 0 0 0 0 0 0 0
0 0 0 0 0 0 0 0 0 0 0 0 0 0 0 0 0 0 0 0 0 0 0 0 0 0 0 0 0 0 0 0 0 0 0
0 0 0 0 0 0 0 0 0 0 0 0 0 0 0 0 0 0 0 0 0 0 0 0 0 0 0 0 0 0 0 0 0 0 0
0 0 0 0 0 0 0 0 0 0 0 0 0 0 0 0 0 0 0 0 0 0 0 0 0 0 0 0 0 0 0 0 0 0 0
0 0 0 0 0 0 0 0 0 0 0 0 0 0 0 0 0 0 0 0 0 0 0 0 0 0 0 0 0 0 0 0 0 0 0
0 0 0 0 0 0 0 0 0 0 0 0 0 0 0 0 0 0 0 0 0 0 0 0 0 0 0 0 0 0 0 0 0 0 0
0 0 0 0 0 0 0 0 0 0 0 0 0 0 0 0 0 0 0 0 0 0 0 0 0 0 0 0 0 0 0 0 0 0 0
0 0 0 0 0 0 0 0 0 0 0 0 0 0 0 0 0 0 0 0 0 0 0 0 0 0 0 0 0 0 0 0 0 0 0
0 0 0 0 0 0 0 0 0 0 0 0 0 0 0 0 0 0 0 0 0 0 0 0 0 0 0 0 0 0 0 0 0 0 0
0 0 0 0 0 0 0 0 0 0 0 0 0 0 0 0 0 0 0 0 0 0 0 0 0 0 0 0 0 0 0 0 0 0 0
0 0 0 0 0 0 0 0 0 0 0 0 0 0 0 0 0 0 0 0 0 0 0 0 0 0 0 0 0 0 0 0 0 0 0
0 0 0 0 0 0 0 0 0 0 0 0 0 0 0 0 0 0 0 0 0 0 0 0 0 0 0 0 0 0 0 0 0 0 0
0 0 0 0 0 0 0 0 0 0 0 0 0 0 0 0 0 0 0 0 0 0 0 0 0 0 0 0 0 0 0 0 0 0 0
0 0 0 0 0 0 0 0 0 0 0 0 0 0 0 0 0 0 0 0 0 0 0 0 0 0 0 0 0 0 0 0 0 0 0
0 0 0 0 0 0 0 0 0 0 0 0 0 0 0 0 0 0 0 0 0 0 0 0 0 0 0 0 0 0 0 0 0 0 0
0 0 0 0 0 0 0 0 0 0 0 0 0 0 0 0 0 0 0 0 0 0 0 0 0 0 0 0 0 0 0 0 0 0 0

I cap
1058.909090909091 1058.909090909091 939.349090909109 939.3490909091338 1008.059999999992 934.0599999999727 636.120000000075 899.5800000000243 516.7599999999566 739.1599999999621 583.6200000000434 498.00000000004 481.27999999996484 599.1599999999592 768.5800000000461 514.2690909091486 616.4890909090752 595.5090909090331 423.2690909091091 434.48909090913503 332.8890909090892 662.3690909090396 624.909090909098 551.7690909091434 513.529090909115 671.6090909090346 599.1690909090755 500.8890909091358 660.2890909091243 720.6690909090416 797.769090909082 888.9490909091114 941.349090909091 1058.909090909091 672.0
107.96969696969697 107.96969696969697 67.52969696969697 67.52969696969697 43.94000000000003 49.940000000000026 17.88000000000009 45.41999999999999 14.240000000000151 64.83999999999959 77.38000000000002 99.00000000000011 72.71999999999919 63.83999999999939 39.42000000000013 50.609696969696984 43.38969696969656 82.36969696969643 77.60969696969694 81.9896969696973 68.58969696969682 76.3096969696968 57.96969696969689 64.10969696969687 43.34969696969668 65.26969696969635 12.709696969696942 8.989696969696766 25.58969696969676 21.20969696969729 35.10969696969692 45.929696969696906 69.52969696969697 107.96969696969697 84.0
38.96666666666666 38.96666666666666 38.96666666666666 26.29166666666666 31.424999999999994 29.325 6.958333333333332 16.833333333333336 11.23333333333334 17.53333333333334 2.133333333333331 7.733333333333336 10.5 14.73333333333334 2.833333333333334 17.300000000000004 10.299999999999995 17.300000000000004 10.299999999999995 7.033333333333328 0.033333333333327886 1.1666666666666625 10.300000000000004 17.300000000000004 10.300000000000004 17.300000000000004 4.6250000000000036 19.291666666666668 19.291666666666668 12.291666666666668 31.96666666666667 31.96666666666666 38.96666666666666 38.96666666666666 23.8
45.24545454545453 45.24545454545453 43.14545454545453 37.195454545454524 21.07 29.89000000000011 30.410000000000675 36.84000000000177 21.500000000000313 22.45000000000036 26.390000000000388 22.740000000000062 14.210000000000429 13.56000000000037 12.960000000000278 26.365454545454927 24.355454545455046 24.63545454545495 26.52545454545508 28.395454545454992 27.545454545455133 29.73545454545513 26.255454545455212 24.955454545455083 24.455454545455154 31.225454545455055 29.575454545455013 23.06545454545547 24.01545454545512 30.445454545454744 40.03545454545453 42.77545454545453 43.28545454545453 45.24545454545453 42.0
20.999999999999993 20.999999999999993 20.159999999999993 19.80999999999999 9.909999999999954 16.189999999999984 10.309999999999853 11.819999999999826 3.9399999999999853 5.189999999999998 10.519999999999914 13.680000000000017 8.039999999999957 11.55999999999997 7.229999999999993 9.320000000000018 7.8100000000000005 7.699999999999962 7.019999999999996 8.200000000000099 8.480000000000107 11.020000000000007 8.339999999999987 6.23999999999997 5.160000000000082 10.38000000000002 9.720000000000006 4.689999999999875 6.40999999999997 7.879999999999875 14.089999999999979 17.159999999999993 20.21999999999999 20.999999999999993 21.0
345.75757575757575 345.75757575757575 341.76757575757574 308.8263992869875 197.2094117647059 208.68000000000043 190.30999999999958 153.79999999999941 172.75000000000176 150.58000000000126 155.64999999999918 165.0199999999995 193.21000000000345 194.59000000000188 165.7399999999991 208.22757575757123 234.16757575757762 224.92757575757827 246.94757575757598 247.51757575757387 237.78757575757695 226.4875757575782 214.567575757578 235.58757575757485 243.8075757575759 234.58757575757974 195.5375757575765 204.7575757575735 238.03757575757777 252.05875222816428 278.40816399286985 328.81757575757575 341.76757575757574 345.75757575757575 245.0
779.7575757575758 779.7575757575758 747.8375757575758 669.0875757575758 569.0000000000002 747.1100000000001 792.7900000000004 669.91 600.0700000000006 616.2700000000002 648.9000000000003 718.2799999999985 580.1800000000001 591.4200000000001 587.1400000000004 567.5875757575724 638.927575757574 537.757575757576 507.96757575757647 545.5975757575706 535.0875757575757 565.5075757575769 505.98757575757486 465.7275757575726 483.6675757575722 574.4775757575748 522.1875757575765 528.8875757575768 632.9075757575745 632.0475757575759 680.5675757575764 725.2675757575757 749.4575757575758 779.7575757575758 630.0
80.73333333333335 80.73333333333335 79.26333333333335 78.56333333333335 62.24666666666663 83.95333333333333 76.47666666666667 79.28999999999999 75.62333333333332 81.15666666666665 70.17 81.34 86.35 84.53999999999998 75.41999999999999 65.6333333333329 66.38333333333316 67.88333333333333 67.37333333333302 69.06333333333336 69.27333333333333 71.49333333333331 69.48333333333332 65.35333333333313 65.6633333333333 69.89333333333333 66.92333333333332 64.2633333333333 65.55333333333336 69.10333333333334 75.78666666666668 79.26333333333335 79.34333333333335 80.73333333333335 48.300000000000004
10.775757575757575 10.775757575757575 9.725757575757575 9.725757575757576 3.850000000000004 5.95 4.3900000000000095 2.5999999999999943 1.2899999999999885 0.18999999999999684 2.7999999999999936 2.850000000000018 2.549999999999997 0.7700000000000005 0.5800000000000001 1.9857575757575772 5.975757575757576 1.5157575757575719 4.025757575757577 4.265757575757579 1.8657575757575724 3.175757575757581 2.7757575757575896 4.775757575757578 4.775757575757577 3.7457575757575787 0.15575757575758864 0.1357575757575944 1.3257575757575664 1.8257575757576276 4.925757575757573 9.725757575757573 9.825757575757576 10.775757575757575 8.4
2.545454545454545 2.545454545454545 1.915454545454545 1.915454545454545 1.96 0.5599999999999999 0.2800000000000027 0.09000000000000008 0.4600000000000678 0.030000000000000804 0.8200000000000002 0.1399999999999999 0.5599999999999999 0.3600000000000002 0.03000000000000025 0.44545454545454566 1.1954545454545524 0.44545454545454644 0.9554545454545682 0.7754545454545478 0.7754545454545536 0.5954545454545727 0.20545454545456632 0.17545454545454686 1.2854545454545678 1.7054545454545686 0.7154545454545559 0.565454545454552 0.5654545454545586 0.5954545454545469 0.20545454545455077 0.8054545454545735 1.915454545454545 2.545454545454545 2.8000000000000003
8.515433299825174 8.515433299825174 8.515433299825174 7.807629307084689 4.618789310344825 5.81035999999996 5.82019011343012 7.452479999999847 7.074837214155589 5.636167844827224 8.347361896551147 7.483134482758319 6.263624827585965 4.417602241379305 5.303986982758609 5.265575862068957 6.417830862068962 5.0739586206896465 3.7684063793103824 4.084135603448248 4.3392392633228605 4.868126034482741 5.279327758620632 4.696957758620665 4.653082873563187 4.114222068965503 3.577282586206935 6.408065517241083 7.269411724137769 6.950994165153683 8.28390540229885 9.074373275862069 7.811086206896552 8.024766408045977 11.280892298850576
700.0 700.0 700.0 697.0 688.0 689.0 676.0 687.0 679.0 682.0 684.0 684.0 683.0 682.0 685.0 682.0 682.0 685.0 681.0 681.0 677.0 680.0 688.0 686.0 687.0 684.0 682.0 680.0 682.0 684.0 687.0 690.0 698.0 700.0 694.0

H cap
-19.25 -19.25 50.75 15.75 -8.75 5.25 19.25 12.25 19.25 15.75 33.25 1.75 26.25 15.75 1.75 19.25 36.75 8.75 15.75 54.25 33.25 15.75 47.25 8.75 12.25 -1.75 15.75 131.25 131.25 131.25 131.25 131.25 131.25 131.25 131.25
17.5 8.5 19.5 16.5 11.5 6.5 15.5 15.5 10.5 5.5 3.5 3.5 16.0 13.5 5.0 9.5 9.0 2.0 3.0 10.0 8.0 3.0 8.5 10.5 11.5 2.5 20.5 52.5 52.5 52.5 52.5 52.5 52.5 52.5 52.5
45.5 45.5 49.0 45.5 42.0 42.0 49.0 42.0 38.5 42.0 45.5 45.5 45.5 42.0 42.0 49.0 49.0 38.5 42.0 52.5 45.5 38.5 52.5 45.5 42.0 45.5 49.0 63.0 63.0 63.0 63.0 63.0 63.0 63.0 63.0
4.25 -0.25 2.25 -7.75 -2.25 -0.75 0.25 -8.25 8.75 -1.25 7.75 -0.75 -1.25 -4.75 8.25 -1.25 0.75 -1.75 -0.25 1.25 0.25 1.25 7.25 -3.75 -1.25 -12.25 3.75 78.75 78.75 78.75 78.75 78.75 78.75 78.75 78.75

Gap
NaN

Time
NaN

