T P M C
35 37 4 12

base obj
11.817032967032965

exp obj
12.072774725274723

Objective struct
11.817032967032965 0.0 12.839999999999998

num campaigns
212

x
0 0 0 0 1 0 0 0 1 0 0 0 1 0 0 1 0 0 0 0 0 1 0 0 0 1 0 0 0 1 0 0 0 0 0
0 0 0 0 0 0 0 0 0 0 0 0 0 0 0 0 0 0 0 0 0 0 0 1 0 0 0 0 0 0 0 0 0 0 0
0 0 0 0 0 0 0 0 0 1 0 0 0 0 1 0 0 0 1 0 0 0 0 1 0 0 0 0 0 0 0 0 0 0 0
0 0 0 0 0 0 0 1 0 0 1 0 0 1 0 0 1 0 0 1 0 0 0 1 0 0 0 0 0 0 0 0 0 0 0
0 0 0 0 0 0 1 0 1 0 0 0 1 0 1 0 0 0 1 0 1 0 1 0 1 0 0 1 0 0 0 0 0 0 0
0 0 0 0 0 0 0 0 0 0 1 0 0 0 0 0 0 0 0 1 0 0 0 0 0 0 0 0 0 0 0 0 0 0 0
0 0 0 0 0 0 0 1 0 0 1 0 0 1 0 0 0 1 0 0 1 0 0 0 0 0 0 1 0 0 0 0 0 0 0
0 0 0 0 1 0 0 0 0 0 0 0 0 0 0 0 0 0 0 0 0 0 0 0 0 0 0 0 0 1 0 0 0 0 0
0 0 0 0 0 0 0 0 0 0 0 0 0 0 0 0 1 0 0 0 0 0 0 0 0 0 0 0 0 0 0 0 0 0 0
0 0 0 0 0 0 0 0 0 0 0 0 1 0 0 0 0 0 0 0 0 0 0 1 0 0 0 0 0 0 0 0 0 0 0
0 0 0 0 1 0 0 0 0 0 0 0 0 0 1 0 0 0 0 0 0 0 0 0 1 0 0 0 0 0 0 0 0 0 0
0 0 0 0 0 0 1 0 0 0 0 0 0 0 0 0 0 0 0 0 0 0 0 0 0 0 0 0 0 1 0 0 0 0 0
0 0 0 0 0 0 0 0 0 0 0 0 0 0 0 0 0 0 0 1 0 0 0 0 0 1 0 0 0 0 0 0 0 0 0
0 0 0 0 0 0 0 0 0 0 0 0 0 0 1 0 0 0 0 0 1 0 0 0 0 0 1 0 0 0 0 0 0 0 0
0 0 0 0 0 0 0 0 0 0 0 0 0 0 0 0 0 0 0 0 0 0 0 0 0 0 0 0 0 0 0 0 0 0 0
0 0 0 0 0 0 0 0 0 0 1 0 0 0 0 0 0 0 0 0 0 0 0 0 0 0 0 0 0 0 0 0 0 0 0
0 0 0 0 0 0 0 0 0 0 0 0 0 1 0 0 0 0 0 0 0 0 0 0 0 1 0 0 0 0 0 0 0 0 0
0 0 0 0 0 0 1 0 0 0 0 0 0 0 0 0 0 0 0 0 0 0 0 0 0 0 0 1 0 0 0 0 0 0 0
0 0 0 0 0 0 1 0 0 1 0 1 0 1 0 1 0 1 0 1 0 1 0 1 0 1 0 1 0 0 0 0 0 0 0
0 0 0 0 1 0 0 0 0 0 0 0 0 0 0 0 0 0 0 0 0 0 0 0 0 0 0 0 0 0 0 0 0 0 0
0 0 0 0 0 0 1 0 0 0 1 0 0 0 0 1 0 0 0 0 1 0 0 0 1 0 0 0 1 0 0 0 0 0 0
0 0 0 0 0 0 0 0 0 0 0 0 0 0 0 0 0 0 0 0 0 0 0 0 0 0 0 0 0 0 0 0 0 0 0
0 0 0 0 0 0 1 0 0 0 0 0 0 0 0 0 0 0 0 0 0 0 0 0 0 0 0 1 0 0 0 0 0 0 0
0 0 0 0 0 0 0 0 1 0 0 0 0 0 0 0 0 0 0 0 0 0 1 0 0 0 0 0 0 1 0 0 0 0 0
0 0 0 0 1 0 0 0 0 0 0 0 0 0 0 0 0 1 0 0 0 0 0 0 0 0 0 0 0 0 0 0 0 0 0
0 0 0 0 0 0 1 0 0 0 0 0 1 0 0 0 0 0 1 0 0 0 0 0 1 0 0 0 0 0 0 0 0 0 0
0 0 0 0 0 1 0 0 0 0 0 1 0 0 0 0 1 0 0 0 0 1 0 0 0 0 0 1 0 0 0 0 0 0 0
0 0 0 0 0 0 0 0 1 0 0 0 0 0 0 0 0 0 0 0 0 0 0 0 0 0 0 0 0 0 0 0 0 0 0
0 0 0 0 0 0 0 0 0 0 0 0 0 0 0 0 0 0 0 0 0 0 0 0 0 0 0 0 0 0 0 0 0 0 0
0 0 0 0 0 1 1 1 1 1 1 1 1 1 1 1 1 1 1 1 1 1 1 1 1 1 1 1 1 1 0 0 0 0 0
0 0 0 0 0 0 1 1 1 1 1 1 1 1 1 1 1 1 1 1 1 1 1 1 1 1 1 1 1 1 0 0 0 0 0
0 0 0 0 0 0 1 1 1 1 1 1 1 1 1 1 1 1 1 1 1 1 1 1 1 1 0 1 1 1 0 0 0 0 0
0 0 0 0 0 0 1 1 1 0 1 1 1 1 1 1 1 1 1 1 0 1 1 1 1 0 0 0 0 0 0 0 0 0 0
0 0 0 0 0 0 1 1 1 1 1 1 1 1 1 1 1 1 1 1 1 1 1 1 1 0 0 1 1 1 0 0 0 0 0
0 0 0 0 0 0 1 0 1 0 0 0 0 0 0 1 1 0 1 1 1 1 0 1 1 0 0 0 1 0 0 0 0 0 0
0 0 0 0 0 0 0 0 0 0 0 0 0 0 0 0 0 0 0 0 0 0 0 0 0 0 0 0 0 0 0 0 0 0 0
0 0 0 0 0 0 0 0 0 0 0 0 0 0 0 0 0 0 0 0 0 0 0 0 0 0 0 0 0 0 0 0 0 0 0

y
0.0 0.0 0.0 0.0 0.0 4.0 0.0 0.0 0.0 9.214285714285714 0.0 0.0 1.0 1.0 0.0 0.0 0.0 0.0 0.0 0.0 0.0 0.0 0.0 0.75 0.5 0.0 0.0 0.0 0.0 0.0 0.0 0.0 0.5098039215686274 0.0 0.0 0.0 0.0

k
0 5 3 0 0 4 0 0 0 13 0 0 4 3 4 0 1 0 2 0 0 3 0 2 1 0 0 0 11 1 2 3 35 4 15 26 3

f
5.25 22.75 0.0 1.75 0.0 0.0 0.0 0.0 0.0 0.0 0.0 0.0 5.25 0.0 0.0 0.0 0.0 0.0 0.0 0.0 0.0 0.0 0.0 0.0 0.0 5.25 0.0 0.0 0.0 0.0 0.0 0.0 0.0 0.0 0.0
0.0 0.0 0.0 0.0 0.0 0.0 0.0 0.0 0.0 0.0 0.0 0.0 0.0 0.0 0.0 0.0 0.0 0.0 0.0 0.0 0.5 0.0 0.0 0.0 0.0 0.0 0.0 0.0 0.0 0.0 0.0 0.0 0.0 0.0 0.0
0.0 0.0 0.0 0.0 0.0 0.0 0.0 0.0 0.0 0.0 0.0 0.0 0.0 0.0 0.0 0.0 0.0 0.0 0.0 0.0 0.0 0.0 0.0 0.0 0.0 0.0 0.0 0.0 0.0 0.0 0.0 0.0 0.0 0.0 0.0
4.25 14.25 0.0 2.75 0.0 0.75 1.25 0.25 0.0 2.25 0.0 1.75 0.0 0.0 0.0 0.0 5.75 0.0 0.0 1.75 0.0 3.25 4.75 1.25 0.0 5.25 0.0 0.0 0.0 0.0 0.0 0.0 0.0 0.0 0.0

L
3 0 4 3 2 9 3 25 0 11 10 23 6 6 0 0 12 21 2 0 4 0 21 7 13 6 5 0 0 1 1 1 1 1 1 0 0

g
0 0 0 0 0 0 0 0 0 0 0 0 0 0 0 0 0 0 0 0 0 0 0 0 0 0 0 0 0 0 0 0 0 0 0
0 0 0 0 0 0 0 0 0 0 0 0 0 0 0 0 0 0 0 0 0 0 0 0 0 0 0 0 0 0 0 0 0 0 0
0 0 0 0 0 0 0 0 0 0 0 0 0 0 0 0 0 0 0 0 0 0 0 0 0 0 0 0 0 0 0 0 0 0 0
0 0 0 0 0 0 0 0 0 0 0 0 0 0 0 0 0 0 0 0 0 0 0 0 0 0 0 0 0 0 0 0 0 0 0
0 0 0 0 0 0 0 0 0 0 0 0 0 0 0 0 0 0 0 0 0 0 0 0 0 0 0 0 0 0 0 0 0 0 0
0 0 0 0 0 0 0 0 0 0 0 0 0 0 0 0 0 0 0 0 0 0 0 0 0 0 0 0 0 0 0 0 0 0 0
0 0 0 0 0 0 0 0 0 0 0 0 0 0 0 0 0 0 0 0 0 0 0 0 0 0 0 0 0 0 0 0 0 0 0
0 0 0 0 0 0 0 0 0 0 0 0 0 0 0 0 0 0 0 0 0 0 0 0 0 0 0 0 0 0 0 0 0 0 0
0 0 0 0 0 0 0 0 0 0 0 0 0 0 0 0 0 0 0 0 0 0 0 0 0 0 0 0 0 0 0 0 0 0 0
0 0 0 0 0 0 0 0 0 0 0 0 0 0 0 0 0 0 0 0 0 0 0 0 0 0 0 0 0 0 0 0 0 0 0
0 0 0 0 0 0 0 0 0 0 0 0 0 0 0 0 0 0 0 0 0 0 0 0 0 0 0 0 0 0 0 0 0 0 0
0 0 0 0 0 0 0 0 0 0 0 0 0 0 0 0 0 0 0 0 0 0 0 0 0 0 0 0 0 0 0 0 0 0 0
0 0 0 0 0 0 0 0 0 0 0 0 0 0 0 0 0 0 0 0 0 0 0 0 0 0 0 0 0 0 0 0 0 0 0
0 0 0 0 0 0 0 0 0 0 0 0 0 0 0 0 0 0 0 0 0 0 0 0 0 0 0 0 0 0 0 0 0 0 0
0 0 0 0 0 0 0 0 0 0 0 0 0 0 0 0 0 0 0 0 0 0 0 0 0 0 0 0 0 0 0 0 0 0 0
0 0 0 0 0 0 0 0 0 0 0 0 0 0 0 0 0 0 0 0 0 0 0 0 0 0 0 0 0 0 0 0 0 0 0
0 0 0 0 0 0 0 0 0 0 0 0 0 0 0 0 0 0 0 0 0 0 0 0 0 0 0 0 0 0 0 0 0 0 0
0 0 0 0 0 0 0 0 0 0 0 0 0 0 0 0 0 0 0 0 0 0 0 0 0 0 0 0 0 0 0 0 0 0 0
0 0 0 0 0 0 0 0 0 0 0 0 0 0 0 0 0 0 0 0 0 0 0 0 0 0 0 0 0 0 0 0 0 0 0
0 0 0 0 0 0 0 0 0 0 0 0 0 0 0 0 0 0 0 0 0 0 0 0 0 0 0 0 0 0 0 0 0 0 0
0 0 0 0 0 0 0 0 0 0 0 0 0 0 0 0 0 0 0 0 0 0 0 0 0 0 0 0 0 0 0 0 0 0 0
0 0 0 0 0 0 0 0 0 0 0 0 0 0 0 0 0 0 0 0 0 0 0 0 0 0 0 0 0 0 0 0 0 0 0
0 0 0 0 0 0 0 0 0 0 0 0 0 0 0 0 0 0 0 0 0 0 0 0 0 0 0 0 0 0 0 0 0 0 0
0 0 0 0 0 0 0 0 0 0 0 0 0 0 0 0 0 0 0 0 0 0 0 0 0 0 0 0 0 0 0 0 0 0 0
0 0 0 0 0 0 0 0 0 0 0 0 0 0 0 0 0 0 0 0 0 0 0 0 0 0 0 0 0 0 0 0 0 0 0
0 0 0 0 0 0 0 0 0 0 0 0 0 0 0 0 0 0 0 0 0 0 0 0 0 0 0 0 0 0 0 0 0 0 0
0 0 0 0 0 0 0 0 0 0 0 0 0 0 0 0 0 0 0 0 0 0 0 0 0 0 0 0 0 0 0 0 0 0 0
0 0 0 0 0 0 0 0 0 0 0 0 0 0 0 0 0 0 0 0 0 0 0 0 0 0 0 0 0 0 0 0 0 0 0
0 0 0 0 0 0 0 0 0 0 0 0 0 0 0 0 0 0 0 0 0 0 0 0 0 0 0 0 0 0 0 0 0 0 0
0 0 0 0 0 0 0 0 0 0 0 0 0 0 0 0 0 0 0 0 0 0 0 0 0 0 0 0 0 0 0 0 0 0 0
0 0 0 0 0 0 0 0 0 0 0 0 0 0 0 0 0 0 0 0 0 0 0 0 0 0 0 0 0 0 0 0 0 0 0
0 0 0 0 0 0 0 0 0 0 0 0 0 0 0 0 0 0 0 0 0 0 0 0 0 0 0 0 0 0 0 0 0 0 0
0 0 0 0 0 0 0 0 0 0 0 0 0 0 0 0 0 0 0 0 0 0 0 0 0 0 0 0 0 0 0 0 0 0 0
0 0 0 0 0 0 0 0 0 0 0 0 0 0 0 0 0 0 0 0 0 0 0 0 0 0 0 0 0 0 0 0 0 0 0
0 0 0 0 0 0 0 0 0 0 0 0 0 0 0 0 0 0 0 0 0 0 0 0 0 0 0 0 0 0 0 0 0 0 0
0 0 0 0 0 0 0 0 0 0 0 0 0 0 0 0 0 0 0 0 0 0 0 0 0 0 0 0 0 0 0 0 0 0 0
0 0 0 0 0 0 0 0 0 0 0 0 0 0 0 0 0 0 0 0 0 0 0 0 0 0 0 0 0 0 0 0 0 0 0

I cap
1058.909090909091 1058.909090909091 918.9490909090971 918.9490909091276 1107.3600000000038 942.5599999999909 819.2800000000543 690.9200000000101 639.0599999999799 797.0599999999927 235.90000000004102 602.2400000000346 574.0199999999761 346.99999999997294 676.9800000000307 692.0090909091209 490.5690909090659 788.4890909091375 633.4490909091314 347.6290909090596 449.92909090910354 675.709090909135 693.7290909090971 419.5890909090919 465.9890909091076 591.669090909102 696.2690909091018 576.4290909091027 744.289090909107 756.3690909090856 884.46909090909 923.3490909090985 941.349090909091 1058.909090909091 672.0
107.96969696969697 107.96969696969697 67.52969696969697 67.52969696969697 51.440000000000055 51.43999999999997 3.7199999999999562 19.079999999999927 80.94000000000004 116.93999999999977 74.10000000000021 94.7600000000003 68.97999999999952 24.999999999999332 71.02000000000007 50.869696969697 11.309696969696517 83.3896969696968 77.42969696969658 34.24969696969672 50.949696969696475 74.16969696969677 99.14969696969673 48.28969696969683 26.88969696969687 38.20969696969678 40.609696969697126 30.449696969696873 61.58969696969697 4.5096969696969325 42.40969696969702 43.529696969697 69.52969696969697 107.96969696969697 84.0
38.96666666666666 38.96666666666666 14.033333333333328 14.033333333333328 27.96666666666666 29.325 6.958333333333334 4.158333333333337 5.5583333333333425 32.2 9.133333333333331 0.7333333333333361 2.833333333333334 22.4 24.5 10.300000000000004 17.300000000000004 10.300000000000004 31.96666666666667 24.96666666666667 17.300000000000004 10.299999999999997 17.300000000000004 24.96666666666667 17.300000000000004 10.300000000000004 4.6250000000000036 12.291666666666671 4.6250000000000036 4.6250000000000036 24.300000000000004 38.96666666666667 38.96666666666666 38.96666666666666 23.8
45.24545454545453 45.24545454545453 43.14545454545453 43.14545454545453 27.020000000000092 28.6900000000002 25.420000000000734 25.11000000000159 28.06000000000039 28.710000000000438 21.180000000000508 18.11000000000012 16.310000000000468 11.080000000000148 15.690000000000367 25.575454545455354 21.595454545455098 28.355454545454936 25.285454545455053 22.58545454545507 27.585454545454848 29.65545454545504 27.9854545454552 19.86545454545515 23.67545454545497 28.445454545455124 32.00545454545506 29.045454545455467 28.215454545455007 32.51545454545479 41.73545454545452 41.945454545454524 43.28545454545453 45.24545454545453 42.0
20.999999999999993 20.999999999999993 20.159999999999993 20.159999999999993 13.26 22.189999999999966 16.28999999999987 12.529999999999824 9.83999999999993 7.640000000000017 6.639999999999958 10.360000000000026 11.490000000000013 10.679999999999849 7.500000000000002 7.14999999999997 5.4599999999999405 10.809999999999974 8.170000000000048 4.04999999999999 7.769999999999991 10.379999999999956 10.37999999999995 4.80999999999999 6.229999999999997 8.339999999999993 11.019999999999975 10.249999999999986 10.24999999999994 9.899999999999958 13.61000000000001 16.68 20.21999999999999 20.999999999999993 21.0
345.75757575757575 345.75757575757575 341.76757575757574 341.76757575757574 253.68 245.238823529412 236.5494117647057 185.41999999999985 236.6800000000019 189.31000000000188 147.1799999999998 157.6499999999989 181.11000000000155 159.270000000002 161.7500000000006 208.15757575757112 235.9675757575778 240.76757575757512 233.397575757576 232.97757575757655 236.89757575757648 236.9875757575767 232.29757575757736 192.48757575757674 211.6775757575774 244.31875222816586 201.56698752228257 218.80698752227852 236.7775757575783 272.3787522281641 316.9081639928695 341.76757575757574 341.76757575757574 345.75757575757575 245.0
779.7575757575758 779.7575757575758 747.8375757575758 747.8375757575758 630.2499999999985 652.4600000000004 643.6400000000002 564.3500000000006 830.4300000000005 725.3799999999995 473.33999999999907 576.9599999999976 647.5100000000007 588.2300000000004 611.11 490.42757575757764 467.3075757575738 570.3675757575724 522.0175757575745 513.187575757575 575.5275757575725 552.9275757575771 528.0975757575744 459.6175757575759 608.6775757575732 656.0475757575749 686.8975757575746 668.8975757575754 701.1275757575762 679.4775757575758 723.427575757576 728.3975757575757 749.4575757575758 779.7575757575758 630.0
80.73333333333335 80.73333333333335 79.26333333333335 79.26333333333335 66.68000000000004 87.22 73.79666666666667 75.22 76.79999999999998 81.84999999999998 66.82000000000002 77.73 87.57000000000001 84.13999999999999 78.63 65.94333333333336 63.84333333333312 69.46333333333303 67.77333333333317 64.18333333333317 68.09333333333332 69.89333333333317 69.89333333333335 66.27333333333328 67.26333333333334 73.21666666666665 78.49333333333333 73.49999999999993 70.23333333333333 68.14333333333335 73.62666666666668 77.10333333333335 79.34333333333335 80.73333333333335 48.300000000000004
10.775757575757575 10.775757575757575 9.725757575757576 9.725757575757573 7.0500000000000025 6.349999999999994 0.050000000000007816 0.5499999999999918 6.599999999999997 0.6999999999999984 2.79999999999999 2.8499999999999996 2.5499999999999923 0.7700000000000005 0.5799999999999965 1.1857575757575738 2.375757575757581 3.175757575757574 2.7757575757575808 4.775757575757581 4.775757575757586 2.3757575757575826 1.9157575757575689 2.02575757575757 4.265757575757576 3.2357575757575683 0.1557575757575762 0.9357575757575951 1.7257575757575656 1.825757575757609 9.725757575757573 9.725757575757573 9.825757575757576 10.775757575757575 8.4
2.545454545454545 2.545454545454545 1.915454545454545 1.915454545454545 1.96 0.5599999999999999 0.5500000000000135 0.12000000000000033 1.2400000000000428 1.2600000000000007 1.5400000000000027 0.1399999999999999 0.5599999999999999 0.6300000000000007 0.8400000000000002 0.1754545454545452 0.26545454545454594 1.0754545454545514 1.1954545454545564 0.8054545454545557 0.41545454545455207 0.5954545454545567 0.44545454545455854 0.5354545454545597 0.7754545454545706 0.08545454545455544 0.20545454545454866 0.17545454545454864 1.2854545454545523 0.7154545454545523 0.9854545454545524 1.1954545454545857 1.915454545454545 2.545454545454545 2.8000000000000003
8.515433299825174 8.515433299825174 8.515433299825174 8.515433299825164 5.69259434059286 5.98277362068957 4.9687079597701125 6.521445517241191 7.799882586206585 7.032719396551347 7.312878965516726 7.827962068965183 6.608452413792877 5.107257413793099 4.667780086206886 4.494886379310343 4.6402446551724 5.068786206896539 4.561509655172373 4.618618534482762 4.356480987460846 5.643988448275815 5.6241553448275265 3.9038541379310283 3.2565311494252827 4.4418082758620665 4.4106159195402705 7.471283735631775 7.528032413792844 6.950994165153758 8.283905574712643 9.074373275862069 7.811086206896552 8.024766408045977 11.625719885057473
700.0 700.0 699.0 696.0 687.0 687.0 676.0 684.0 682.0 689.0 681.0 687.0 688.0 684.0 680.0 679.0 686.0 684.0 685.0 679.0 684.0 686.0 685.0 682.0 676.0 681.0 683.0 678.0 684.0 684.0 686.0 690.0 698.0 700.0 699.0

H cap
-5.25 -22.75 1.75 -1.75 1.75 1.75 8.75 1.75 29.75 15.75 57.75 26.25 -5.25 36.75 78.75 54.25 43.75 19.25 29.75 33.25 22.75 26.25 57.75 12.25 1.75 -5.25 5.25 131.25 131.25 131.25 131.25 131.25 131.25 131.25 131.25
40.5 34.5 24.5 11.0 8.0 13.0 13.5 10.0 7.5 1.0 1.5 3.0 3.0 9.0 13.0 2.5 1.0 2.5 9.5 4.5 -0.5 6.5 17.5 22.5 18.5 13.5 28.5 52.5 52.5 52.5 52.5 52.5 52.5 52.5 52.5
49.0 45.5 42.0 42.0 49.0 45.5 49.0 49.0 42.0 38.5 42.0 45.5 45.5 49.0 49.0 42.0 49.0 49.0 45.5 38.5 35.0 38.5 49.0 45.5 45.5 52.5 52.5 63.0 63.0 63.0 63.0 63.0 63.0 63.0 63.0
-4.25 -14.25 0.75 -2.75 5.25 -0.75 -1.25 -0.25 13.75 -2.25 0.75 -1.75 13.25 0.25 1.75 1.25 -5.75 2.25 2.75 -1.75 10.25 -3.25 -4.75 -1.25 11.25 -5.25 5.25 78.75 78.75 78.75 78.75 78.75 78.75 78.75 78.75

Gap
NaN

Time
NaN

