T P M C
35 37 4 12

base obj
11.798534798534797

exp obj
11.758901098901099

Objective struct
11.798534798534797 0.0 11.64

num campaigns
208

x
0 0 0 0 1 0 0 0 1 0 0 0 1 0 0 0 0 1 0 0 0 1 0 0 0 1 0 0 0 1 0 0 0 0 0
0 0 0 0 1 0 0 0 0 0 0 0 0 0 0 0 0 0 0 0 1 0 0 0 0 0 0 0 0 0 0 0 0 0 0
0 0 0 0 0 0 1 0 0 0 0 1 0 0 0 0 1 0 0 0 0 0 1 0 0 0 1 0 0 0 0 0 0 0 0
0 0 0 0 0 0 1 0 0 1 0 0 1 0 0 0 1 0 0 1 0 0 1 0 0 0 0 0 0 0 0 0 0 0 0
0 0 0 0 0 0 0 0 1 0 1 0 1 0 1 0 1 0 1 0 1 0 1 0 1 0 0 0 0 0 0 0 0 0 0
0 0 0 0 0 0 0 0 0 0 1 0 0 0 0 1 0 0 0 0 0 0 0 0 0 0 0 0 0 0 0 0 0 0 0
0 0 0 0 0 0 0 0 0 1 0 0 0 1 0 0 0 1 0 0 1 0 0 1 0 0 0 1 0 0 0 0 0 0 0
0 0 0 0 1 0 0 0 0 0 0 0 0 0 0 0 0 0 0 0 0 0 0 0 0 0 0 0 0 1 0 0 0 0 0
0 0 0 0 0 0 0 0 0 0 0 0 0 0 1 0 0 0 0 0 0 0 0 0 0 0 0 0 0 0 0 0 0 0 0
0 0 0 0 0 0 0 0 0 0 0 0 1 0 1 0 0 0 0 0 0 0 0 0 0 0 0 0 0 0 0 0 0 0 0
0 0 0 0 0 0 0 1 0 0 0 0 0 0 0 1 0 0 0 0 0 0 0 1 0 0 0 0 0 0 0 0 0 0 0
0 0 0 0 0 0 1 0 0 0 0 0 0 0 0 0 0 0 0 0 0 0 0 0 0 0 0 0 0 1 0 0 0 0 0
0 0 0 0 0 0 0 0 0 0 0 0 0 0 0 0 1 0 0 0 0 0 0 0 1 0 0 0 0 0 0 0 0 0 0
0 0 0 0 1 0 0 0 0 0 0 0 0 0 1 0 0 0 0 0 1 0 0 0 0 0 0 0 0 1 0 0 0 0 0
0 0 0 0 0 0 0 0 0 0 0 0 0 0 0 0 0 0 0 0 0 0 0 0 0 0 0 0 0 0 0 0 0 0 0
0 0 0 0 0 0 0 0 0 0 0 0 0 0 0 0 0 0 0 1 0 0 0 0 0 0 0 0 0 0 0 0 0 0 0
0 0 0 0 0 0 0 0 0 0 0 0 0 1 0 0 0 0 0 0 0 0 0 0 0 1 0 0 0 0 0 0 0 0 0
0 0 0 0 0 0 1 0 0 0 0 0 0 0 0 0 0 0 0 0 0 0 0 0 0 0 0 1 0 0 0 0 0 0 0
0 0 0 0 0 0 1 0 0 1 0 1 0 1 0 1 0 1 0 1 0 1 0 1 0 1 0 1 0 0 0 0 0 0 0
0 0 0 0 1 0 0 0 0 0 0 0 0 0 0 0 0 0 0 0 0 0 0 0 0 0 0 0 0 0 0 0 0 0 0
0 0 0 0 0 0 1 0 0 0 1 0 0 1 0 0 1 0 0 1 0 0 1 0 0 0 0 0 0 0 0 0 0 0 0
0 0 0 0 0 0 0 0 0 0 0 0 0 0 0 0 0 0 0 0 0 0 0 0 0 0 0 0 0 0 0 0 0 0 0
0 0 0 0 0 0 1 0 0 0 0 0 0 0 0 0 0 0 0 0 0 0 0 0 0 0 0 1 0 0 0 0 0 0 0
0 0 0 0 0 0 0 0 0 0 1 0 0 0 0 0 0 0 1 0 0 0 0 0 0 0 0 1 0 0 0 0 0 0 0
0 0 0 0 0 0 0 0 1 0 0 0 0 0 0 0 0 0 0 0 0 0 0 1 0 0 0 0 0 0 0 0 0 0 0
0 0 0 0 1 0 0 0 0 0 0 1 0 0 0 0 0 0 1 0 0 0 0 0 0 1 0 0 0 0 0 0 0 0 0
0 0 0 0 0 0 0 0 0 0 1 0 0 0 0 0 0 0 0 0 0 1 0 0 0 0 0 0 0 1 0 0 0 0 0
0 0 0 0 0 0 0 0 0 0 0 0 0 0 0 0 0 0 1 0 0 0 0 0 0 0 0 0 0 0 0 0 0 0 0
0 0 0 0 0 0 0 0 0 0 0 0 0 0 0 0 0 0 0 0 0 0 0 0 0 0 0 0 0 0 0 0 0 0 0
0 0 0 0 0 0 1 1 1 1 0 1 1 1 1 1 1 1 1 1 1 1 1 1 1 1 1 1 1 1 0 0 0 0 0
0 0 0 0 0 0 1 1 1 1 1 1 1 1 1 1 1 1 1 1 0 1 1 1 1 1 1 1 1 1 0 0 0 0 0
0 0 0 0 0 0 1 1 1 1 1 1 1 1 1 1 1 1 1 1 1 1 1 1 1 1 1 1 1 1 0 0 0 0 0
0 0 0 0 0 0 0 0 0 0 0 0 1 1 1 1 1 1 1 0 0 1 0 0 1 1 0 0 0 0 0 0 0 0 0
0 0 0 0 0 1 1 1 1 1 1 1 1 1 1 1 1 1 1 1 1 1 1 1 1 1 1 1 1 0 0 0 0 0 0
0 0 0 0 1 0 1 0 1 0 1 0 1 0 0 1 1 1 0 0 1 0 1 0 1 0 0 0 1 1 0 0 0 0 0
0 0 0 0 0 0 0 0 0 0 0 0 0 0 0 0 0 0 0 0 0 0 0 0 0 0 0 0 0 0 0 0 0 0 0
0 0 0 0 0 0 0 0 0 0 0 0 0 0 0 0 0 0 0 0 0 0 0 0 0 0 0 0 0 0 0 0 0 0 0

y
0.0 11.0 0.0 0.0 0.0 0.0 0.0 0.0 0.0 0.2142857142857142 0.0 0.0 3.0 1.0 0.0 0.0 0.0 0.0 0.0 0.0 0.0 0.0 0.0 1.75 2.5 0.0 1.75 0.0 0.0 0.0 0.0 0.0 0.5098039215686274 0.0 0.0 0.0 0.0

k
0 4 2 0 0 4 0 0 0 13 0 0 4 2 4 0 1 0 2 0 0 3 0 2 1 0 2 0 11 3 3 2 42 2 13 26 3

f
19.25 19.25 0.0 1.75 0.0 0.0 0.0 0.0 0.0 0.0 0.0 0.0 0.0 0.0 0.0 0.0 0.0 5.25 0.0 0.0 0.0 0.0 0.0 0.0 0.0 1.75 1.75 0.0 0.0 0.0 0.0 0.0 0.0 0.0 0.0
0.0 0.0 0.0 0.0 0.0 0.0 0.0 0.0 0.0 2.0 0.0 0.0 0.0 2.5 0.0 0.0 0.0 0.0 0.0 0.0 0.0 0.0 0.0 0.0 0.0 0.0 0.0 0.0 0.0 0.0 0.0 0.0 0.0 0.0 0.0
0.0 0.0 0.0 0.0 0.0 0.0 0.0 0.0 0.0 0.0 0.0 0.0 0.0 0.0 0.0 0.0 0.0 0.0 0.0 0.0 0.0 0.0 0.0 0.0 0.0 0.0 0.0 0.0 0.0 0.0 0.0 0.0 0.0 0.0 0.0
0.0 0.25 0.0 5.25 1.25 7.25 0.75 10.25 0.0 2.25 0.0 2.25 0.0 0.0 0.0 0.75 0.0 1.75 0.0 1.25 0.0 0.75 0.0 7.75 0.0 7.25 0.0 0.0 0.0 0.0 0.0 0.0 0.0 0.0 0.0

L
4 16 4 3 2 5 3 25 0 2 8 23 8 6 0 0 12 21 2 0 3 0 21 8 15 7 8 0 0 1 1 1 1 1 1 0 0

g
0 0 0 0 0 0 0 0 0 0 0 0 0 0 0 0 0 0 0 0 0 0 0 0 0 0 0 0 0 0 0 0 0 0 0
0 0 0 0 0 0 0 0 0 0 0 0 0 0 0 0 0 0 0 0 0 0 0 0 0 0 0 0 0 0 0 0 0 0 0
0 0 0 0 0 0 0 0 0 0 0 0 0 0 0 0 0 0 0 0 0 0 0 0 0 0 0 0 0 0 0 0 0 0 0
0 0 0 0 0 0 0 0 0 0 0 0 0 0 0 0 0 0 0 0 0 0 0 0 0 0 0 0 0 0 0 0 0 0 0
0 0 0 0 0 0 0 0 0 0 0 0 0 0 0 0 0 0 0 0 0 0 0 0 0 0 0 0 0 0 0 0 0 0 0
0 0 0 0 0 0 0 0 0 0 0 0 0 0 0 0 0 0 0 0 0 0 0 0 0 0 0 0 0 0 0 0 0 0 0
0 0 0 0 0 0 0 0 0 0 0 0 0 0 0 0 0 0 0 0 0 0 0 0 0 0 0 0 0 0 0 0 0 0 0
0 0 0 0 0 0 0 0 0 0 0 0 0 0 0 0 0 0 0 0 0 0 0 0 0 0 0 0 0 0 0 0 0 0 0
0 0 0 0 0 0 0 0 0 0 0 0 0 0 0 0 0 0 0 0 0 0 0 0 0 0 0 0 0 0 0 0 0 0 0
0 0 0 0 0 0 0 0 0 0 0 0 0 0 0 0 0 0 0 0 0 0 0 0 0 0 0 0 0 0 0 0 0 0 0
0 0 0 0 0 0 0 0 0 0 0 0 0 0 0 0 0 0 0 0 0 0 0 0 0 0 0 0 0 0 0 0 0 0 0
0 0 0 0 0 0 0 0 0 0 0 0 0 0 0 0 0 0 0 0 0 0 0 0 0 0 0 0 0 0 0 0 0 0 0
0 0 0 0 0 0 0 0 0 0 0 0 0 0 0 0 0 0 0 0 0 0 0 0 0 0 0 0 0 0 0 0 0 0 0
0 0 0 0 0 0 0 0 0 0 0 0 0 0 0 0 0 0 0 0 0 0 0 0 0 0 0 0 0 0 0 0 0 0 0
0 0 0 0 0 0 0 0 0 0 0 0 0 0 0 0 0 0 0 0 0 0 0 0 0 0 0 0 0 0 0 0 0 0 0
0 0 0 0 0 0 0 0 0 0 0 0 0 0 0 0 0 0 0 0 0 0 0 0 0 0 0 0 0 0 0 0 0 0 0
0 0 0 0 0 0 0 0 0 0 0 0 0 0 0 0 0 0 0 0 0 0 0 0 0 0 0 0 0 0 0 0 0 0 0
0 0 0 0 0 0 0 0 0 0 0 0 0 0 0 0 0 0 0 0 0 0 0 0 0 0 0 0 0 0 0 0 0 0 0
0 0 0 0 0 0 0 0 0 0 0 0 0 0 0 0 0 0 0 0 0 0 0 0 0 0 0 0 0 0 0 0 0 0 0
0 0 0 0 0 0 0 0 0 0 0 0 0 0 0 0 0 0 0 0 0 0 0 0 0 0 0 0 0 0 0 0 0 0 0
0 0 0 0 0 0 0 0 0 0 0 0 0 0 0 0 0 0 0 0 0 0 0 0 0 0 0 0 0 0 0 0 0 0 0
0 0 0 0 0 0 0 0 0 0 0 0 0 0 0 0 0 0 0 0 0 0 0 0 0 0 0 0 0 0 0 0 0 0 0
0 0 0 0 0 0 0 0 0 0 0 0 0 0 0 0 0 0 0 0 0 0 0 0 0 0 0 0 0 0 0 0 0 0 0
0 0 0 0 0 0 0 0 0 0 0 0 0 0 0 0 0 0 0 0 0 0 0 0 0 0 0 0 0 0 0 0 0 0 0
0 0 0 0 0 0 0 0 0 0 0 0 0 0 0 0 0 0 0 0 0 0 0 0 0 0 0 0 0 0 0 0 0 0 0
0 0 0 0 0 0 0 0 0 0 0 0 0 0 0 0 0 0 0 0 0 0 0 0 0 0 0 0 0 0 0 0 0 0 0
0 0 0 0 0 0 0 0 0 0 0 0 0 0 0 0 0 0 0 0 0 0 0 0 0 0 0 0 0 0 0 0 0 0 0
0 0 0 0 0 0 0 0 0 0 0 0 0 0 0 0 0 0 0 0 0 0 0 0 0 0 0 0 0 0 0 0 0 0 0
0 0 0 0 0 0 0 0 0 0 0 0 0 0 0 0 0 0 0 0 0 0 0 0 0 0 0 0 0 0 0 0 0 0 0
0 0 0 0 0 0 0 0 0 0 0 0 0 0 0 0 0 0 0 0 0 0 0 0 0 0 0 0 0 0 0 0 0 0 0
0 0 0 0 0 0 0 0 0 0 0 0 0 0 0 0 0 0 0 0 0 0 0 0 0 0 0 0 0 0 0 0 0 0 0
0 0 0 0 0 0 0 0 0 0 0 0 0 0 0 0 0 0 0 0 0 0 0 0 0 0 0 0 0 0 0 0 0 0 0
0 0 0 0 0 0 0 0 0 0 0 0 0 0 0 0 0 0 0 0 0 0 0 0 0 0 0 0 0 0 0 0 0 0 0
0 0 0 0 0 0 0 0 0 0 0 0 0 0 0 0 0 0 0 0 0 0 0 0 0 0 0 0 0 0 0 0 0 0 0
0 0 0 0 0 0 0 0 0 0 0 0 0 0 0 0 0 0 0 0 0 0 0 0 0 0 0 0 0 0 0 0 0 0 0
0 0 0 0 0 0 0 0 0 0 0 0 0 0 0 0 0 0 0 0 0 0 0 0 0 0 0 0 0 0 0 0 0 0 0
0 0 0 0 0 0 0 0 0 0 0 0 0 0 0 0 0 0 0 0 0 0 0 0 0 0 0 0 0 0 0 0 0 0 0

I cap
1058.909090909091 1058.909090909091 918.9490909091119 871.9490909091371 891.860000000004 911.0599999999811 700.380000000059 1065.3800000000235 753.6599999999817 701.5999999999781 550.7600000000475 502.62000000006606 322.8999999999603 537.2599999999536 846.6400000000556 619.4690909091646 495.6890909090627 567.2490909091293 402.82909090913387 351.3890909090687 382.4490909090891 729.0890909091106 527.0690909091115 577.829090909072 615.4890909091175 679.7690909091232 658.6690909090864 576.329090909097 774.8890909091042 773.869090909086 848.9690909090862 875.8490909091104 941.349090909091 1058.909090909091 672.0
107.96969696969697 107.96969696969697 67.52969696969697 67.52969696969697 71.93999999999966 77.94000000000011 10.620000000000264 15.62 53.34000000000003 75.39999999999979 108.23999999999998 92.37999999999998 43.0999999999988 28.73999999999904 58.359999999999864 26.40969696969718 17.189696969696385 18.62969696969697 59.049696969696576 71.4896969696966 84.42969696969696 97.78969696969688 75.80969696969656 54.049696969695894 42.38969696969683 39.109696969697 68.20969696969681 41.54969696969658 54.98969696969681 2.0096969696972797 39.90969696969695 41.02969696969694 69.52969696969697 107.96969696969697 84.0
38.96666666666666 38.96666666666666 14.033333333333328 14.033333333333328 27.96666666666666 29.325 6.95833333333333 4.158333333333337 5.558333333333339 32.2 9.133333333333333 0.7333333333333361 2.833333333333334 7.73333333333334 9.833333333333336 10.300000000000004 17.300000000000004 10.300000000000004 17.300000000000004 10.300000000000004 17.299999999999997 10.300000000000004 17.300000000000004 10.300000000000004 17.300000000000004 24.96666666666667 19.29166666666667 12.291666666666671 19.291666666666668 19.291666666666668 38.96666666666667 38.96666666666667 38.96666666666666 38.96666666666666 23.8
45.24545454545453 45.24545454545453 43.14545454545453 42.30545454545452 32.47000000000026 35.50000000000029 21.13000000000093 26.310000000002763 24.710000000000722 35.010000000000716 33.13000000000066 16.910000000000192 9.110000000000717 11.660000000000458 13.340000000000472 23.695454545455213 23.03545454545542 26.525454545455208 27.50545454545522 28.245454545455257 31.585454545455235 30.965454545455472 23.415454545455457 25.48545454545544 28.365454545455616 32.005454545455336 28.785454545455313 26.4154545454557 27.26545454545558 33.7154545454551 39.335454545454525 39.545454545454525 43.28545454545453 45.24545454545453 42.0
20.999999999999993 20.999999999999993 20.159999999999993 20.159999999999993 13.609999999999944 22.53999999999994 11.209999999999846 11.569999999999807 7.159999999999888 8.269999999999985 12.749999999999991 10.359999999999971 5.730000000000006 10.309999999999949 8.920000000000016 8.030000000000015 5.129999999999985 7.0199999999999285 7.700000000000054 8.480000000000015 13.88000000000013 14.02000000000001 8.940000000000031 7.520000000000075 8.200000000000063 11.019999999999934 8.33999999999998 6.8899999999998975 7.5699999999997765 9.899999999999666 13.610000000000003 16.680000000000003 20.21999999999999 20.999999999999993 21.0
345.75757575757575 345.75757575757575 341.76757575757574 334.62757575757576 249.43 252.84882352941185 240.68941176470557 203.77999999999943 229.3100000000024 230.08000000000084 202.51999999999947 184.6499999999993 187.77000000000254 183.49000000000245 147.0399999999987 184.75757575756967 234.84757575757789 233.69757575757373 200.1175757575764 194.03757575757558 216.02757575757613 224.54757575757796 222.57757575757697 227.5375757575758 237.45757575757625 217.08757575757693 175.21757575757803 209.48757575757236 250.40757575757863 282.8787522281651 295.9081639928693 320.76757575757574 341.76757575757574 345.75757575757575 245.0
779.7575757575758 779.7575757575758 747.8375757575758 716.3375757575758 611.4999999999999 734.3600000000002 704.9000000000004 717.6700000000005 840.0900000000003 843.9199999999984 751.3199999999991 654.5599999999989 555.9799999999996 605.2500000000018 636.7500000000005 502.157575757576 456.56757575757445 496.2175757575752 561.5875757575694 629.2375757575769 620.1875757575731 650.6275757575735 617.5375757575752 574.7075757575774 535.7775757575762 651.2075757575744 643.237575757577 642.687575757577 681.3375757575765 695.3775757575759 691.627575757576 696.5975757575758 749.4575757575758 779.7575757575758 630.0
80.73333333333335 80.73333333333335 79.26333333333335 79.26333333333335 67.37999999999984 84.18666666666667 66.72 74.5 74.78999999999998 82.75999999999999 71.83999999999997 77.73 83.25000000000001 82.15999999999997 76.44 64.34333333333322 64.37333333333333 67.37333333333252 67.88333333333267 69.2733333333332 71.07333333333318 71.49333333333328 67.68333333333328 68.55333333333324 69.0633333333333 71.4933333333333 69.48333333333329 67.71333333333318 68.22333333333336 71.87666666666668 76.89333333333335 77.10333333333335 79.34333333333335 80.73333333333335 48.300000000000004
10.775757575757575 10.775757575757575 9.725757575757575 8.465757575757573 3.1000000000000028 5.439999999999985 4.339999999999997 5.349999999999999 6.599999999999986 6.2999999999999945 4.199999999999987 2.900000000000021 2.4999999999999947 2.7700000000000005 0.579999999999993 1.1857575757575738 4.775757575757567 4.775757575757584 2.3757575757575777 2.51575757575759 1.5757575757575735 1.9157575757575784 2.265757575757579 3.1757575757575722 7.575757575757577 3.7457575757575734 0.15575757575757088 3.335757575757609 6.525757575757583 1.025757575757646 2.125757575757577 4.925757575757573 9.825757575757576 10.775757575757575 8.4
2.545454545454545 2.545454545454545 1.915454545454545 0.6554545454545452 1.21 0.04999999999999993 0.04000000000001891 0.12000000000000077 1.2400000000000575 1.2600000000000007 1.5400000000000125 0.1399999999999999 0.5599999999999999 0.36000000000000065 0.03000000000000025 0.44545454545454743 0.08545454545455144 0.20545454545454944 0.595454545454562 0.025454545454559385 0.5354545454545514 1.1954545454545682 1.19545454545457 1.2854545454545554 0.17545454545457217 0.205454545454561 0.5954545454545496 1.2854545454545576 1.285454545454566 0.7154545454545539 0.9854545454545859 1.195454545454592 1.915454545454545 2.545454545454545 2.8000000000000003
8.515433299825174 8.515433299825174 8.515433299825174 8.515433299825151 5.779708678160918 6.378418076224932 5.296294339080461 6.866273275861765 8.48953793103393 7.395695975498628 8.070592214155333 7.9072724137927155 5.656728275861793 4.848636896551711 4.959159396551712 5.006955344827579 4.17645172413792 3.780855344827578 4.733923448275833 5.30827353448275 4.259929090909125 5.19916086206893 5.262086379310285 4.610750689655156 4.222048390804612 4.459049655172405 4.6117653448275835 7.356341379309707 8.217687758620256 6.692373475498268 8.370112298850573 9.074373103448275 7.811086206896552 8.024766408045977 11.625719885057473
700.0 700.0 699.0 695.0 686.0 689.0 676.0 687.0 684.0 684.0 680.0 683.0 681.0 684.0 683.0 681.0 681.0 685.0 682.0 677.0 676.0 684.0 684.0 683.0 685.0 679.0 686.0 679.0 689.0 679.0 689.0 692.0 698.0 700.0 696.0

H cap
-19.25 -19.25 8.75 -1.75 47.25 26.25 15.75 26.25 26.25 5.25 33.25 19.25 33.25 15.75 1.75 8.75 8.75 -5.25 8.75 47.25 78.75 47.25 47.25 19.25 29.75 -1.75 -1.75 131.25 131.25 131.25 131.25 131.25 131.25 131.25 131.25
31.5 28.5 27.5 16.5 16.5 14.0 17.0 19.0 5.5 -2.0 0.5 0.5 0.5 -2.5 10.5 18.0 11.0 5.5 7.5 14.5 11.5 2.5 13.0 24.0 23.5 5.5 20.5 52.5 52.5 52.5 52.5 52.5 52.5 52.5 52.5
45.5 45.5 45.5 42.0 52.5 49.0 45.5 42.0 38.5 42.0 45.5 45.5 42.0 42.0 45.5 42.0 45.5 45.5 42.0 45.5 49.0 42.0 45.5 45.5 49.0 52.5 52.5 63.0 63.0 63.0 63.0 63.0 63.0 63.0 63.0
1.25 -0.25 1.75 -5.25 -1.25 -7.25 -0.75 -10.25 6.25 -2.25 0.75 -2.25 0.25 0.75 3.25 -0.75 0.25 -1.75 8.75 -1.25 3.75 -0.75 6.25 -7.75 1.75 -7.25 0.25 78.75 78.75 78.75 78.75 78.75 78.75 78.75 78.75

Gap
NaN

Time
NaN

