T P M C
35 37 4 12

base obj
11.61135531135531

exp obj
11.708516483516481

Objective struct
11.61135531135531 0.0 12.0

num campaigns
214

x
0 0 0 0 1 0 0 0 1 0 0 0 1 0 0 0 0 1 0 0 0 1 0 0 0 1 0 0 0 1 0 0 0 0 0
0 0 0 0 1 0 0 0 0 0 0 0 0 0 0 0 0 0 1 0 0 0 0 0 0 0 0 0 0 0 0 0 0 0 0
0 0 0 0 0 0 0 0 1 0 0 0 1 0 0 0 0 1 0 0 0 1 0 0 0 1 0 0 0 0 0 0 0 0 0
0 0 0 0 0 0 0 1 0 0 1 0 0 1 0 0 1 0 0 1 0 0 0 1 0 0 0 0 0 0 0 0 0 0 0
0 0 0 0 0 0 1 0 1 0 1 0 1 0 1 0 1 0 0 0 1 0 1 0 1 0 0 0 0 0 0 0 0 0 0
0 0 0 0 0 0 0 0 0 0 0 1 0 0 0 0 1 0 0 0 0 0 0 0 0 0 0 0 0 0 0 0 0 0 0
0 0 0 0 0 1 0 0 0 0 1 0 0 0 1 0 0 0 1 0 0 0 1 0 0 0 1 0 0 0 0 0 0 0 0
0 0 0 0 1 0 0 0 0 0 0 0 0 0 0 0 0 0 0 0 0 0 0 0 0 0 0 0 0 1 0 0 0 0 0
0 0 0 0 0 0 0 0 0 0 0 0 0 0 1 0 0 0 0 0 0 0 0 0 0 0 0 0 0 0 0 0 0 0 0
0 0 0 0 0 0 0 0 0 0 0 0 0 0 0 0 0 0 0 0 0 0 1 0 1 0 0 0 0 0 0 0 0 0 0
0 0 0 0 0 0 1 0 0 0 0 0 0 0 0 1 0 0 0 0 0 0 0 0 1 0 0 0 0 0 0 0 0 0 0
0 0 0 0 0 0 1 0 0 0 0 0 0 0 0 0 0 0 0 0 0 0 0 0 0 0 0 0 0 1 0 0 0 0 0
0 0 0 0 0 0 0 0 0 0 0 0 0 0 0 0 0 0 0 0 0 1 0 0 0 1 0 0 0 0 0 0 0 0 0
0 0 0 0 1 0 0 0 0 0 0 0 0 0 0 1 0 0 0 0 0 0 0 0 0 0 0 1 0 0 0 0 0 0 0
0 0 0 0 0 0 0 0 0 0 0 0 0 0 0 0 0 0 0 0 0 0 0 0 0 0 0 0 0 0 0 0 0 0 0
0 0 0 0 0 0 0 0 1 0 0 0 0 0 0 0 0 0 0 0 0 0 0 0 0 0 0 0 0 0 0 0 0 0 0
0 0 0 0 0 0 0 0 0 0 0 0 0 1 0 0 0 0 0 0 0 0 0 1 0 0 0 0 0 0 0 0 0 0 0
0 0 0 0 0 0 1 0 0 0 0 0 0 0 0 0 0 0 0 0 0 0 0 0 0 0 0 1 0 0 0 0 0 0 0
0 0 0 0 0 0 1 0 0 1 0 1 0 1 0 1 0 0 1 0 1 0 1 0 1 0 0 1 0 1 0 0 0 0 0
0 0 0 0 0 0 0 0 0 0 0 0 0 0 0 0 0 1 0 0 0 0 0 0 0 0 0 0 0 0 0 0 0 0 0
0 0 0 0 0 0 1 0 0 1 0 0 1 0 0 0 0 0 1 0 0 0 1 0 0 0 1 0 0 0 0 0 0 0 0
0 0 0 0 0 0 0 0 0 0 0 0 0 0 0 0 0 0 0 0 0 0 0 0 0 0 0 0 0 0 0 0 0 0 0
0 0 0 0 0 0 0 0 0 0 1 0 0 0 0 0 0 0 0 0 0 0 0 0 0 0 0 1 0 0 0 0 0 0 0
0 0 0 0 0 0 0 0 0 0 0 0 0 0 1 0 0 0 0 0 0 0 0 1 0 0 0 0 0 1 0 0 0 0 0
0 0 0 0 0 0 1 0 0 0 0 0 0 0 0 0 0 0 0 1 0 0 0 0 0 0 0 0 0 0 0 0 0 0 0
0 0 0 0 1 0 0 0 0 0 0 0 1 0 0 0 0 0 0 0 1 0 0 0 0 0 0 0 1 0 0 0 0 0 0
0 0 0 0 0 0 0 0 0 0 1 0 0 0 0 1 0 0 0 0 1 0 0 0 0 0 1 0 0 0 0 0 0 0 0
0 0 0 0 0 0 0 0 0 0 0 0 0 0 0 0 0 0 0 1 0 0 0 0 0 0 0 0 0 0 0 0 0 0 0
0 0 0 0 0 0 0 0 0 0 0 0 0 0 0 0 0 0 0 0 0 0 0 0 0 0 0 0 0 0 0 0 0 0 0
0 0 0 0 0 0 1 1 1 1 0 1 1 1 1 1 1 0 1 1 1 1 1 1 1 1 1 1 1 1 0 0 0 0 0
0 0 0 0 0 1 1 1 1 1 1 1 1 1 1 1 1 1 1 1 1 1 1 1 1 1 1 1 1 1 0 0 0 0 0
0 0 0 0 1 1 1 1 1 1 1 1 1 1 1 1 1 1 1 1 1 1 1 1 1 1 1 1 1 1 0 0 0 0 0
0 0 0 0 0 0 1 1 1 1 0 0 0 1 1 1 1 0 1 0 1 1 0 1 1 1 0 0 0 0 0 0 0 0 0
0 0 0 0 1 1 1 1 1 1 1 1 1 1 1 1 1 1 1 1 1 1 1 0 1 1 1 1 1 1 0 0 0 0 0
0 0 0 0 0 1 0 0 0 1 0 0 1 0 0 0 1 0 1 1 1 0 1 0 0 1 1 0 1 0 0 0 0 0 0
0 0 0 0 0 0 0 0 0 0 0 0 0 0 0 0 0 0 0 0 0 0 0 0 0 0 0 0 0 0 0 0 0 0 0
0 0 0 0 0 0 0 0 0 0 0 0 0 0 0 0 0 0 0 0 0 0 0 0 0 0 0 0 0 0 0 0 0 0 0

y
0.0 9.0 0.0 0.0 0.0 0.0 0.0 0.0 0.0 0.2142857142857142 0.0 0.0 0.0 6.0 0.0 0.0 0.0 0.0 0.0 0.0 0.0 0.0 0.0 0.0 0.5 0.0 0.0 0.0 0.0 0.0 0.0 0.0 0.5098039215686274 0.0 0.0 0.0 0.0

k
0 4 2 0 0 4 0 0 0 13 0 0 4 3 4 0 1 0 2 0 0 3 0 2 1 0 1 0 11 4 1 0 38 1 15 26 3

f
8.75 19.25 0.0 0.0 0.0 0.0 0.0 0.0 0.0 0.0 0.0 0.0 0.0 0.0 8.75 0.0 0.0 0.0 0.0 0.0 0.0 0.0 0.0 0.0 0.0 5.25 5.25 0.0 0.0 0.0 0.0 0.0 0.0 0.0 0.0
0.0 0.0 0.0 0.0 0.0 0.0 0.0 0.0 0.0 0.0 0.0 0.0 0.0 0.0 0.0 0.0 0.0 0.0 0.0 0.0 0.0 2.0 0.0 0.0 0.0 0.0 0.0 0.0 0.0 0.0 0.0 0.0 0.0 0.0 0.0
0.0 0.0 0.0 0.0 0.0 0.0 0.0 0.0 0.0 0.0 0.0 0.0 0.0 0.0 0.0 0.0 0.0 0.0 0.0 0.0 0.0 0.0 0.0 0.0 0.0 0.0 0.0 0.0 0.0 0.0 0.0 0.0 0.0 0.0 0.0
0.0 0.0 0.0 5.25 0.0 1.75 0.0 4.75 2.25 5.75 0.0 2.75 0.25 4.75 0.0 0.75 2.25 1.75 0.75 0.25 0.0 0.75 0.0 6.25 0.0 9.25 0.0 0.0 0.0 0.0 0.0 0.0 0.0 0.0 0.0

L
4 14 4 3 2 5 4 25 0 2 9 23 4 11 0 0 10 21 2 0 3 0 17 6 13 8 5 0 0 1 1 1 1 1 1 0 0

g
0 0 0 0 0 0 0 0 0 0 0 0 0 0 0 0 0 0 0 0 0 0 0 0 0 0 0 0 0 0 0 0 0 0 0
0 0 0 0 0 0 0 0 0 0 0 0 0 0 0 0 0 0 0 0 0 0 0 0 0 0 0 0 0 0 0 0 0 0 0
0 0 0 0 0 0 0 0 0 0 0 0 0 0 0 0 0 0 0 0 0 0 0 0 0 0 0 0 0 0 0 0 0 0 0
0 0 0 0 0 0 0 0 0 0 0 0 0 0 0 0 0 0 0 0 0 0 0 0 0 0 0 0 0 0 0 0 0 0 0
0 0 0 0 0 0 0 0 0 0 0 0 0 0 0 0 0 0 0 0 0 0 0 0 0 0 0 0 0 0 0 0 0 0 0
0 0 0 0 0 0 0 0 0 0 0 0 0 0 0 0 0 0 0 0 0 0 0 0 0 0 0 0 0 0 0 0 0 0 0
0 0 0 0 0 0 0 0 0 0 0 0 0 0 0 0 0 0 0 0 0 0 0 0 0 0 0 0 0 0 0 0 0 0 0
0 0 0 0 0 0 0 0 0 0 0 0 0 0 0 0 0 0 0 0 0 0 0 0 0 0 0 0 0 0 0 0 0 0 0
0 0 0 0 0 0 0 0 0 0 0 0 0 0 0 0 0 0 0 0 0 0 0 0 0 0 0 0 0 0 0 0 0 0 0
0 0 0 0 0 0 0 0 0 0 0 0 0 0 0 0 0 0 0 0 0 0 0 0 0 0 0 0 0 0 0 0 0 0 0
0 0 0 0 0 0 0 0 0 0 0 0 0 0 0 0 0 0 0 0 0 0 0 0 0 0 0 0 0 0 0 0 0 0 0
0 0 0 0 0 0 0 0 0 0 0 0 0 0 0 0 0 0 0 0 0 0 0 0 0 0 0 0 0 0 0 0 0 0 0
0 0 0 0 0 0 0 0 0 0 0 0 0 0 0 0 0 0 0 0 0 0 0 0 0 0 0 0 0 0 0 0 0 0 0
0 0 0 0 0 0 0 0 0 0 0 0 0 0 0 0 0 0 0 0 0 0 0 0 0 0 0 0 0 0 0 0 0 0 0
0 0 0 0 0 0 0 0 0 0 0 0 0 0 0 0 0 0 0 0 0 0 0 0 0 0 0 0 0 0 0 0 0 0 0
0 0 0 0 0 0 0 0 0 0 0 0 0 0 0 0 0 0 0 0 0 0 0 0 0 0 0 0 0 0 0 0 0 0 0
0 0 0 0 0 0 0 0 0 0 0 0 0 0 0 0 0 0 0 0 0 0 0 0 0 0 0 0 0 0 0 0 0 0 0
0 0 0 0 0 0 0 0 0 0 0 0 0 0 0 0 0 0 0 0 0 0 0 0 0 0 0 0 0 0 0 0 0 0 0
0 0 0 0 0 0 0 0 0 0 0 0 0 0 0 0 0 0 0 0 0 0 0 0 0 0 0 0 0 0 0 0 0 0 0
0 0 0 0 0 0 0 0 0 0 0 0 0 0 0 0 0 0 0 0 0 0 0 0 0 0 0 0 0 0 0 0 0 0 0
0 0 0 0 0 0 0 0 0 0 0 0 0 0 0 0 0 0 0 0 0 0 0 0 0 0 0 0 0 0 0 0 0 0 0
0 0 0 0 0 0 0 0 0 0 0 0 0 0 0 0 0 0 0 0 0 0 0 0 0 0 0 0 0 0 0 0 0 0 0
0 0 0 0 0 0 0 0 0 0 0 0 0 0 0 0 0 0 0 0 0 0 0 0 0 0 0 0 0 0 0 0 0 0 0
0 0 0 0 0 0 0 0 0 0 0 0 0 0 0 0 0 0 0 0 0 0 0 0 0 0 0 0 0 0 0 0 0 0 0
0 0 0 0 0 0 0 0 0 0 0 0 0 0 0 0 0 0 0 0 0 0 0 0 0 0 0 0 0 0 0 0 0 0 0
0 0 0 0 0 0 0 0 0 0 0 0 0 0 0 0 0 0 0 0 0 0 0 0 0 0 0 0 0 0 0 0 0 0 0
0 0 0 0 0 0 0 0 0 0 0 0 0 0 0 0 0 0 0 0 0 0 0 0 0 0 0 0 0 0 0 0 0 0 0
0 0 0 0 0 0 0 0 0 0 0 0 0 0 0 0 0 0 0 0 0 0 0 0 0 0 0 0 0 0 0 0 0 0 0
0 0 0 0 0 0 0 0 0 0 0 0 0 0 0 0 0 0 0 0 0 0 0 0 0 0 0 0 0 0 0 0 0 0 0
0 0 0 0 0 0 0 0 0 0 0 0 0 0 0 0 0 0 0 0 0 0 0 0 0 0 0 0 0 0 0 0 0 0 0
0 0 0 0 0 0 0 0 0 0 0 0 0 0 0 0 0 0 0 0 0 0 0 0 0 0 0 0 0 0 0 0 0 0 0
0 0 0 0 0 0 0 0 0 0 0 0 0 0 0 0 0 0 0 0 0 0 0 0 0 0 0 0 0 0 0 0 0 0 0
0 0 0 0 0 0 0 0 0 0 0 0 0 0 0 0 0 0 0 0 0 0 0 0 0 0 0 0 0 0 0 0 0 0 0
0 0 0 0 0 0 0 0 0 0 0 0 0 0 0 0 0 0 0 0 0 0 0 0 0 0 0 0 0 0 0 0 0 0 0
0 0 0 0 0 0 0 0 0 0 0 0 0 0 0 0 0 0 0 0 0 0 0 0 0 0 0 0 0 0 0 0 0 0 0
0 0 0 0 0 0 0 0 0 0 0 0 0 0 0 0 0 0 0 0 0 0 0 0 0 0 0 0 0 0 0 0 0 0 0
0 0 0 0 0 0 0 0 0 0 0 0 0 0 0 0 0 0 0 0 0 0 0 0 0 0 0 0 0 0 0 0 0 0 0

I cap
1058.909090909091 1058.909090909091 939.3490909091045 892.349090909132 905.0599999999977 830.0999999999831 835.2800000000634 871.78000000002 670.2599999999998 843.6799999999798 336.6400000000189 631.2600000000291 525.2999999999918 465.7999999999975 565.3400000000217 700.9890909091055 476.3290909090976 641.3090909091111 544.6490909090865 469.14909090907867 473.7890909091184 554.1690909090994 397.5090909090639 490.68909090910773 729.98909090914 731.3690909090735 548.8090909090524 664.9890909091191 654.7890909091166 745.3690909090508 782.4690909090853 923.3490909091122 941.349090909091 1058.909090909091 672.0
107.96969696969697 107.96969696969697 67.52969696969697 67.52969696969697 71.94 70.89999999999998 7.719999999999892 6.220000000000063 53.740000000000066 118.3199999999996 79.36000000000035 103.74000000000014 87.69999999999938 45.19999999999932 59.65999999999968 56.48969696969682 40.149696969696606 54.36969696969686 84.22969696969709 68.72969696969683 85.08969696969704 62.709696969696864 24.369696969696683 23.189696969696847 47.88969696969684 17.509696969696936 25.069696969696892 30.889696969696843 54.08969696969689 0.5096969696970817 36.40969696969691 43.52969696969697 69.52969696969697 107.96969696969697 84.0
38.96666666666666 38.96666666666666 38.96666666666666 38.96666666666666 44.099999999999994 29.325 6.95833333333333 4.158333333333337 5.5583333333333425 17.53333333333334 9.133333333333331 0.7333333333333361 2.833333333333334 7.733333333333334 9.833333333333336 0.033333333333327886 7.033333333333328 15.833333333333329 17.300000000000004 17.300000000000004 10.299999999999995 31.96666666666666 10.300000000000004 17.300000000000004 10.300000000000004 31.96666666666667 4.625000000000005 4.625000000000005 4.625000000000005 12.291666666666671 31.96666666666667 31.96666666666667 38.96666666666666 38.96666666666666 23.8
45.24545454545453 45.24545454545453 43.14545454545453 42.30545454545452 32.47000000000001 35.500000000000064 27.480000000000533 27.510000000002076 24.710000000000356 33.810000000000414 29.340000000000465 18.980000000000135 15.930000000000426 11.680000000000351 11.680000000000177 28.925454545454908 29.025454545455034 30.58545454545499 26.52545454545503 24.11545454545502 30.545454545454998 26.38545454545522 22.435454545454913 21.495454545455075 29.11545454545518 24.91545454545508 26.605454545454943 24.49545454545528 28.215454545455085 34.91545454545505 41.73545454545452 41.945454545454524 43.28545454545453 45.24545454545453 42.0
20.999999999999993 20.999999999999993 20.159999999999993 20.159999999999993 13.60999999999998 19.53999999999998 13.289999999999942 9.52999999999985 7.159999999999904 7.309999999999963 8.949999999999969 12.399999999999961 9.799999999999963 8.520000000000046 6.589999999999977 10.600000000000023 7.52000000000002 8.050000000000079 7.019999999999953 5.160000000000025 10.879999999999907 8.340000000000028 6.670000000000002 4.509999999999982 9.890000000000017 7.050000000000092 7.660000000000052 7.569999999999982 10.249999999999988 9.899999999999936 13.609999999999982 16.679999999999993 20.21999999999999 20.999999999999993 21.0
345.75757575757575 345.75757575757575 341.76757575757574 301.6863992869875 192.9594117647059 205.79000000000022 231.1300000000006 166.41999999999965 179.31000000000262 189.940000000001 166.04999999999998 192.0200000000007 222.31000000000083 208.9900000000012 165.7399999999998 208.227575757571 234.1675757575774 224.92757575757392 246.9475757575775 240.91757575757626 244.38757575757663 219.11757575757585 186.62757575757783 171.0375757575762 166.80757575757622 167.09757575757615 223.1975757575778 216.45757575757332 236.77757575757752 293.378752228164 316.90816399286973 341.76757575757574 341.76757575757574 345.75757575757575 245.0
779.7575757575758 779.7575757575758 747.8375757575758 716.3375757575758 611.4999999999999 655.6100000000004 662.6900000000005 561.7500000000005 657.0900000000009 731.9400000000003 691.1400000000007 756.4199999999985 678.5000000000006 548.5399999999993 558.6599999999997 545.7975757575741 549.1975757575718 537.7575757575747 586.7175757575772 532.1675757575745 581.287575757573 592.6675757575732 552.167575757577 470.07757575757483 565.4775757575733 596.3275757575758 648.797575757577 626.9675757575765 701.1275757575756 711.2775757575761 723.4275757575754 728.3975757575757 749.4575757575758 779.7575757575758 630.0
80.73333333333335 80.73333333333335 79.26333333333335 79.26333333333335 63.64666666666665 80.92 70.53 75.22 74.78999999999998 82.03999999999999 71.23 78.14 86.55 81.13999999999999 73.82 68.83333333333282 65.48333333333291 68.58333333333331 67.37333333333333 65.66333333333318 71.07333333333328 69.48333333333332 67.98333333333333 69.70666666666656 73.34999999999998 68.19333333333334 68.97333333333324 68.22333333333333 70.23333333333333 68.14333333333335 73.62666666666668 77.10333333333335 79.34333333333335 80.73333333333335 48.300000000000004
10.775757575757575 10.775757575757575 9.725757575757576 8.465757575757573 6.3000000000000025 5.04 4.740000000000001 2.54999999999999 2.8000000000000007 0.6499999999999977 1.4499999999999962 5.699999999999997 2.4999999999999964 2.769999999999997 0.5800000000000036 1.9857575757575736 2.7757575757575665 1.9157575757575758 6.825757575757572 4.265757575757579 1.8657575757575704 3.1757575757575705 2.7757575757575665 3.7457575757575734 0.15575757575757265 1.1857575757575889 2.375757575757569 2.1257575757576017 1.7257575757575745 6.625757575757623 9.725757575757573 9.725757575757573 9.825757575757576 10.775757575757575 8.4
2.545454545454545 2.545454545454545 1.915454545454545 0.6554545454545451 1.21 0.04999999999999993 0.040000000000001146 0.12000000000000033 1.2400000000000517 1.2600000000000007 1.5400000000000196 0.1399999999999999 0.5599999999999999 0.36000000000000065 0.030000000000000693 0.44545454545454655 1.1954545454545578 0.44545454545454966 0.955454545454553 0.7754545454545626 0.7754545454545546 0.5954545454545513 0.20545454545455433 0.17545454545455041 1.28545454545455 0.5954545454545513 0.20545454545455744 0.17545454545454997 1.2854545454545492 0.7154545454545488 0.9854545454545515 1.1954545454545968 1.915454545454545 2.545454545454545 2.8000000000000003
8.515433299825174 8.515433299825174 8.515433299825174 8.51543329982517 5.8946513793103446 5.77496980036291 4.491696637931026 6.435238793103307 7.02402068965483 7.05776494101601 7.729212903810776 8.510720689654825 6.69121103448259 4.5038093103448205 4.95915939655172 5.610403448275859 5.8325314065335725 5.400637214156087 4.371854655172391 4.773790775862094 4.339239263322864 5.557781379310311 4.934500172413732 4.610750862068956 4.135841494252866 3.4245668965517106 3.4048686206897005 7.44254810344795 7.872859999999816 6.950994337567768 8.62873316091954 9.074373275862069 7.811086206896552 8.024766408045977 11.625719885057473
700.0 700.0 700.0 697.0 689.0 688.0 678.0 685.0 682.0 687.0 683.0 684.0 683.0 682.0 682.0 682.0 677.0 683.0 686.0 686.0 679.0 679.0 682.0 684.0 683.0 685.0 681.0 682.0 683.0 680.0 686.0 692.0 695.0 700.0 699.0

H cap
-8.75 -19.25 22.75 22.75 12.25 1.75 26.25 1.75 1.75 15.75 33.25 26.25 36.75 1.75 -8.75 8.75 36.75 29.75 15.75 47.25 57.75 26.25 29.75 12.25 50.75 -5.25 -5.25 131.25 131.25 131.25 131.25 131.25 131.25 131.25 131.25
28.5 14.5 17.5 14.0 7.5 7.0 16.0 20.0 14.0 5.5 8.0 5.5 3.0 11.5 13.0 12.0 12.0 2.0 1.0 9.0 9.0 -2.0 2.0 15.5 20.5 13.5 28.5 52.5 52.5 52.5 52.5 52.5 52.5 52.5 52.5
49.0 49.0 49.0 45.5 45.5 45.5 45.5 45.5 45.5 38.5 42.0 42.0 45.5 45.5 45.5 52.5 45.5 38.5 42.0 42.0 38.5 38.5 49.0 49.0 49.0 45.5 49.0 63.0 63.0 63.0 63.0 63.0 63.0 63.0 63.0
7.25 0.25 0.25 -5.25 0.25 -1.75 10.75 -4.75 -2.25 -5.75 4.75 -2.75 -0.25 -4.75 7.75 -0.75 -2.25 -1.75 -0.75 -0.25 1.25 -0.75 3.75 -6.25 1.75 -9.25 2.75 78.75 78.75 78.75 78.75 78.75 78.75 78.75 78.75

Gap
NaN

Time
NaN

