T P M C
35 37 4 12

base obj
11.774175824175822

exp obj
11.960631868131866

Objective struct
11.774175824175822 0.0 12.52

num campaigns
212

x
0 0 0 0 0 0 1 0 0 0 1 0 0 0 1 0 0 0 1 0 0 1 0 0 1 0 0 1 0 0 0 0 0 0 0
0 0 0 0 0 0 0 0 0 0 0 0 0 0 0 0 1 0 0 0 0 1 0 0 0 0 0 0 0 0 0 0 0 0 0
0 0 0 0 0 0 1 0 0 0 1 0 0 0 0 0 1 0 0 0 1 0 0 0 0 0 1 0 0 0 0 0 0 0 0
0 0 0 0 0 0 0 0 1 0 0 0 1 0 0 0 1 0 0 0 1 0 0 0 1 0 0 0 1 0 0 0 0 0 0
0 0 0 0 0 0 1 1 1 1 1 1 1 0 1 0 0 0 1 0 0 0 0 0 0 0 0 0 0 0 0 0 0 0 0
0 0 0 0 0 0 0 0 0 0 0 0 0 0 0 1 0 0 0 0 0 0 0 1 0 0 0 0 0 0 0 0 0 0 0
0 0 0 0 1 0 0 0 1 0 0 0 1 0 0 0 1 0 0 0 0 0 1 0 0 0 1 0 0 0 0 0 0 0 0
0 0 0 0 1 0 0 0 0 0 0 0 0 0 0 0 0 0 0 0 0 0 0 0 0 0 0 0 0 1 0 0 0 0 0
0 0 0 0 0 0 0 0 1 0 0 0 0 0 0 0 0 0 0 0 0 0 0 0 0 0 0 0 0 0 0 0 0 0 0
0 0 0 0 0 0 0 0 0 0 1 0 1 0 0 0 1 0 1 0 0 0 0 0 0 0 0 0 0 0 0 0 0 0 0
0 0 0 0 0 0 1 0 0 0 0 0 0 0 0 1 0 0 0 0 0 0 0 0 1 0 0 0 0 0 0 0 0 0 0
0 0 0 0 1 0 0 0 0 0 0 0 0 0 0 0 0 0 0 0 0 0 0 0 0 0 0 1 0 0 0 0 0 0 0
0 0 0 0 0 0 0 0 0 0 0 0 0 0 0 0 0 0 0 0 0 0 0 0 0 0 0 0 0 1 0 0 0 0 0
0 0 0 0 0 0 1 0 0 0 0 0 0 0 1 0 0 0 0 1 0 0 0 0 0 0 0 1 0 0 0 0 0 0 0
0 0 0 0 0 0 0 0 0 0 0 0 0 0 0 0 0 0 0 0 0 0 0 0 0 0 0 0 0 0 0 0 0 0 0
0 0 0 0 0 0 0 0 0 0 0 0 0 0 0 0 0 0 0 0 1 0 0 0 0 0 0 0 0 0 0 0 0 0 0
0 0 0 0 0 0 0 0 0 0 0 0 0 1 0 0 0 0 0 0 0 0 0 0 0 1 0 0 0 0 0 0 0 0 0
0 0 0 0 0 0 1 0 0 0 0 0 0 0 0 0 0 0 0 0 0 0 0 0 0 0 0 0 0 1 0 0 0 0 0
0 0 0 0 1 0 0 0 0 1 0 1 0 1 0 1 0 1 0 1 0 0 0 1 0 1 0 1 0 0 0 0 0 0 0
0 0 0 0 0 0 0 0 0 0 0 0 0 0 0 0 0 1 0 0 0 0 0 0 0 0 0 0 0 0 0 0 0 0 0
0 0 0 0 0 1 0 0 1 0 0 1 0 0 0 0 0 0 1 0 0 0 1 0 0 1 0 0 0 0 0 0 0 0 0
0 0 0 0 0 0 0 0 0 0 0 0 0 0 0 0 0 0 0 0 0 0 0 0 0 0 0 0 0 0 0 0 0 0 0
0 0 0 0 1 0 0 0 0 0 0 0 0 0 0 0 0 0 0 0 0 0 0 0 0 0 0 0 0 1 0 0 0 0 0
0 0 0 0 0 0 0 0 0 0 0 0 1 0 0 0 0 0 0 0 0 0 0 0 0 1 0 0 0 0 0 0 0 0 0
0 0 0 0 0 0 0 0 1 0 0 0 0 0 0 0 0 0 0 0 0 0 1 0 0 0 0 0 0 0 0 0 0 0 0
0 0 0 0 1 0 0 0 0 0 0 1 0 0 0 0 0 0 1 0 0 0 0 0 0 1 0 0 0 0 0 0 0 0 0
0 0 0 0 1 0 0 0 0 0 1 0 0 0 0 0 0 1 0 0 0 0 0 1 0 0 0 0 0 0 0 0 0 0 0
0 0 0 0 0 0 0 0 0 0 0 0 1 0 0 0 0 0 0 0 0 0 0 0 0 0 0 0 0 0 0 0 0 0 0
0 0 0 0 0 0 0 0 0 0 0 0 0 0 0 0 0 0 0 0 0 0 0 0 0 0 0 0 0 0 0 0 0 0 0
0 0 0 0 1 1 1 1 1 1 1 1 1 1 1 1 1 1 1 1 1 1 1 1 1 1 1 1 1 1 0 0 0 0 0
0 0 0 0 1 1 1 1 1 1 1 1 1 1 1 1 1 1 1 1 1 1 0 1 1 0 1 1 1 1 0 0 0 0 0
0 0 0 0 1 1 1 1 1 1 1 1 1 1 1 1 1 1 1 1 1 0 0 1 1 1 1 1 1 1 0 0 0 0 0
0 0 0 0 0 0 0 1 1 1 1 0 1 0 0 1 1 1 1 1 0 0 0 0 0 0 0 1 0 0 0 0 0 0 0
0 0 0 0 1 0 1 1 1 1 1 1 1 1 1 1 1 1 1 1 1 0 0 1 1 1 1 1 1 1 0 0 0 0 0
0 0 0 0 1 0 1 1 1 1 1 0 1 0 0 0 1 1 0 0 0 0 0 1 0 0 0 1 1 1 0 0 0 0 0
0 0 0 0 0 0 0 0 0 0 0 0 0 0 0 0 0 0 0 0 0 0 0 0 0 0 0 0 0 0 0 0 0 0 0
0 0 0 0 0 0 0 0 0 0 0 0 0 0 0 0 0 0 0 0 0 0 0 0 0 0 0 0 0 0 0 0 0 0 0

y
0.0 0.0 0.0 0.0 0.0 3.0 0.0 0.0 0.0 0.2142857142857142 0.0 0.0 0.0 0.0 0.0 0.0 0.0 0.0 0.0 0.0 0.0 0.0 0.0 6.75 1.5 0.0 0.0 0.0 0.0 0.0 0.0 0.0 0.5098039215686274 0.0 0.0 0.0 0.0

k
0 4 2 0 0 4 0 0 0 11 0 0 5 2 4 0 1 0 3 0 0 3 0 3 1 0 1 0 11 0 2 2 41 3 13 26 3

f
5.25 15.75 0.0 0.0 0.0 0.0 0.0 1.75 0.0 0.0 0.0 0.0 1.75 0.0 0.0 0.0 0.0 12.25 0.0 0.0 5.25 0.0 0.0 0.0 0.0 1.75 0.0 0.0 0.0 0.0 0.0 0.0 0.0 0.0 0.0
0.0 0.0 0.0 0.0 0.0 0.0 3.0 0.0 0.0 0.0 0.0 0.0 0.0 1.5 0.0 0.0 0.0 0.0 0.0 0.0 0.0 0.0 0.0 0.0 0.0 0.0 0.0 0.0 0.0 0.0 0.0 0.0 0.0 0.0 0.0
0.0 0.0 0.0 0.0 0.0 0.0 0.0 0.0 0.0 0.0 0.0 0.0 0.0 0.0 0.0 0.0 0.0 0.0 0.0 0.0 0.0 0.0 0.0 0.0 0.0 0.0 0.0 0.0 0.0 0.0 0.0 0.0 0.0 0.0 0.0
0.0 6.25 0.0 3.25 0.0 0.75 0.0 2.75 0.0 1.25 0.0 6.25 0.75 0.0 0.0 0.75 0.0 1.25 1.25 5.75 0.0 13.75 0.0 3.25 0.0 1.75 0.0 0.0 0.0 0.0 0.0 0.0 0.0 0.0 0.0

L
3 5 4 4 1 8 4 25 0 2 9 23 0 5 0 0 12 23 2 0 3 0 25 13 14 7 6 0 0 1 1 1 1 1 1 0 0

g
0 0 0 0 0 0 0 0 0 0 0 0 0 0 0 0 0 0 0 0 0 0 0 0 0 0 0 0 0 0 0 0 0 0 0
0 0 0 0 0 0 0 0 0 0 0 0 0 0 0 0 0 0 0 0 0 0 0 0 0 0 0 0 0 0 0 0 0 0 0
0 0 0 0 0 0 0 0 0 0 0 0 0 0 0 0 0 0 0 0 0 0 0 0 0 0 0 0 0 0 0 0 0 0 0
0 0 0 0 0 0 0 0 0 0 0 0 0 0 0 0 0 0 0 0 0 0 0 0 0 0 0 0 0 0 0 0 0 0 0
0 0 0 0 0 0 0 0 0 0 0 0 0 0 0 0 0 0 0 0 0 0 0 0 0 0 0 0 0 0 0 0 0 0 0
0 0 0 0 0 0 0 0 0 0 0 0 0 0 0 0 0 0 0 0 0 0 0 0 0 0 0 0 0 0 0 0 0 0 0
0 0 0 0 0 0 0 0 0 0 0 0 0 0 0 0 0 0 0 0 0 0 0 0 0 0 0 0 0 0 0 0 0 0 0
0 0 0 0 0 0 0 0 0 0 0 0 0 0 0 0 0 0 0 0 0 0 0 0 0 0 0 0 0 0 0 0 0 0 0
0 0 0 0 0 0 0 0 0 0 0 0 0 0 0 0 0 0 0 0 0 0 0 0 0 0 0 0 0 0 0 0 0 0 0
0 0 0 0 0 0 0 0 0 0 0 0 0 0 0 0 0 0 0 0 0 0 0 0 0 0 0 0 0 0 0 0 0 0 0
0 0 0 0 0 0 0 0 0 0 0 0 0 0 0 0 0 0 0 0 0 0 0 0 0 0 0 0 0 0 0 0 0 0 0
0 0 0 0 0 0 0 0 0 0 0 0 0 0 0 0 0 0 0 0 0 0 0 0 0 0 0 0 0 0 0 0 0 0 0
0 0 0 0 0 0 0 0 0 0 0 0 0 0 0 0 0 0 0 0 0 0 0 0 0 0 0 0 0 0 0 0 0 0 0
0 0 0 0 0 0 0 0 0 0 0 0 0 0 0 0 0 0 0 0 0 0 0 0 0 0 0 0 0 0 0 0 0 0 0
0 0 0 0 0 0 0 0 0 0 0 0 0 0 0 0 0 0 0 0 0 0 0 0 0 0 0 0 0 0 0 0 0 0 0
0 0 0 0 0 0 0 0 0 0 0 0 0 0 0 0 0 0 0 0 0 0 0 0 0 0 0 0 0 0 0 0 0 0 0
0 0 0 0 0 0 0 0 0 0 0 0 0 0 0 0 0 0 0 0 0 0 0 0 0 0 0 0 0 0 0 0 0 0 0
0 0 0 0 0 0 0 0 0 0 0 0 0 0 0 0 0 0 0 0 0 0 0 0 0 0 0 0 0 0 0 0 0 0 0
0 0 0 0 0 0 0 0 0 0 0 0 0 0 0 0 0 0 0 0 0 0 0 0 0 0 0 0 0 0 0 0 0 0 0
0 0 0 0 0 0 0 0 0 0 0 0 0 0 0 0 0 0 0 0 0 0 0 0 0 0 0 0 0 0 0 0 0 0 0
0 0 0 0 0 0 0 0 0 0 0 0 0 0 0 0 0 0 0 0 0 0 0 0 0 0 0 0 0 0 0 0 0 0 0
0 0 0 0 0 0 0 0 0 0 0 0 0 0 0 0 0 0 0 0 0 0 0 0 0 0 0 0 0 0 0 0 0 0 0
0 0 0 0 0 0 0 0 0 0 0 0 0 0 0 0 0 0 0 0 0 0 0 0 0 0 0 0 0 0 0 0 0 0 0
0 0 0 0 0 0 0 0 0 0 0 0 0 0 0 0 0 0 0 0 0 0 0 0 0 0 0 0 0 0 0 0 0 0 0
0 0 0 0 0 0 0 0 0 0 0 0 0 0 0 0 0 0 0 0 0 0 0 0 0 0 0 0 0 0 0 0 0 0 0
0 0 0 0 0 0 0 0 0 0 0 0 0 0 0 0 0 0 0 0 0 0 0 0 0 0 0 0 0 0 0 0 0 0 0
0 0 0 0 0 0 0 0 0 0 0 0 0 0 0 0 0 0 0 0 0 0 0 0 0 0 0 0 0 0 0 0 0 0 0
0 0 0 0 0 0 0 0 0 0 0 0 0 0 0 0 0 0 0 0 0 0 0 0 0 0 0 0 0 0 0 0 0 0 0
0 0 0 0 0 0 0 0 0 0 0 0 0 0 0 0 0 0 0 0 0 0 0 0 0 0 0 0 0 0 0 0 0 0 0
0 0 0 0 0 0 0 0 0 0 0 0 0 0 0 0 0 0 0 0 0 0 0 0 0 0 0 0 0 0 0 0 0 0 0
0 0 0 0 0 0 0 0 0 0 0 0 0 0 0 0 0 0 0 0 0 0 0 0 0 0 0 0 0 0 0 0 0 0 0
0 0 0 0 0 0 0 0 0 0 0 0 0 0 0 0 0 0 0 0 0 0 0 0 0 0 0 0 0 0 0 0 0 0 0
0 0 0 0 0 0 0 0 0 0 0 0 0 0 0 0 0 0 0 0 0 0 0 0 0 0 0 0 0 0 0 0 0 0 0
0 0 0 0 0 0 0 0 0 0 0 0 0 0 0 0 0 0 0 0 0 0 0 0 0 0 0 0 0 0 0 0 0 0 0
0 0 0 0 0 0 0 0 0 0 0 0 0 0 0 0 0 0 0 0 0 0 0 0 0 0 0 0 0 0 0 0 0 0 0
0 0 0 0 0 0 0 0 0 0 0 0 0 0 0 0 0 0 0 0 0 0 0 0 0 0 0 0 0 0 0 0 0 0 0
0 0 0 0 0 0 0 0 0 0 0 0 0 0 0 0 0 0 0 0 0 0 0 0 0 0 0 0 0 0 0 0 0 0 0

I cap
1058.909090909091 1058.909090909091 1021.9090909091024 1021.909090909126 834.3800000000108 892.4399999999941 855.160000000028 1012.6600000000026 317.020000000046 759.4800000000416 577.8599999999738 436.0599999999874 133.72000000002083 584.580000000029 860.5599999999672 680.9490909090772 295.3690909091222 555.9290909091342 501.5290909090676 543.0090909090503 363.4890909091331 641.0290909091214 601.6690909090589 595.6690909091085 575.0490909091475 594.5490909090654 564.1890909090555 586.8090909091227 652.5690909091076 860.9490909090615 872.1490909090867 971.5090909091172 1023.909090909091 1058.909090909091 672.0
107.96969696969697 107.96969696969697 70.96969696969697 70.96969696969698 13.619999999999864 52.560000000000144 23.84000000000013 30.339999999999666 17.980000000000324 114.52000000000022 74.1399999999998 56.93999999999977 33.27999999999983 52.41999999999963 111.4399999999998 69.52969696969652 13.109696969697055 26.749696969696807 57.34969696969652 60.86969696969627 68.38969696969717 89.84969696969672 83.20969696969654 90.20969696969671 48.82969696969677 59.32969696969663 50.6896969696973 0.06969696969687078 15.309696969697052 9.929696969697169 38.72969696969699 49.36969696969697 72.96969696969697 107.96969696969697 84.0
38.96666666666666 38.96666666666666 38.96666666666666 38.96666666666666 37.099999999999994 7.658333333333337 6.958333333333334 11.158333333333337 12.558333333333342 17.53333333333334 9.133333333333333 0.7333333333333361 2.833333333333334 7.73333333333334 24.5 0.03333333333333499 7.033333333333335 8.833333333333336 17.300000000000004 10.300000000000004 17.299999999999997 31.96666666666666 24.300000000000004 17.300000000000004 17.300000000000004 10.300000000000004 17.300000000000004 10.300000000000004 19.29166666666667 19.29166666666667 26.291666666666668 26.291666666666668 38.96666666666666 38.96666666666666 23.8
45.24545454545453 45.24545454545453 43.77545454545453 37.82545454545453 18.430000000000458 26.500000000000295 22.940000000000676 25.830000000001874 19.130000000000408 29.68000000000058 22.160000000000377 13.89000000000011 10.82000000000033 17.970000000000155 19.460000000000587 29.105454545455125 20.98545454545512 21.195454545455085 22.165454545455002 25.60545454545521 24.895454545455234 27.175454545455064 28.185454545455197 27.985454545455102 25.195454545455146 28.195454545455238 27.455454545455222 24.555454545455344 23.485454545455013 35.20545454545471 42.64545454545453 43.40545454545453 43.91545454545453 45.24545454545453 42.0
20.999999999999993 20.999999999999993 20.369999999999994 20.019999999999992 9.319999999999986 15.77999999999997 7.929999999999894 8.889999999999873 4.619999999999957 9.899999999999979 9.90999999999998 9.169999999999998 6.910000000000007 13.78999999999995 10.319999999999979 9.740000000000018 4.16999999999992 5.5900000000000105 6.709999999999999 9.520000000000014 5.799999999999976 7.4499999999999815 11.12999999999996 12.599999999999968 10.769999999999987 13.170000000000037 10.559999999999947 9.15999999999994 4.829999999999869 10.149999999999928 14.159999999999997 17.369999999999994 20.429999999999993 20.999999999999993 21.0
345.75757575757575 345.75757575757575 345.75757575757575 312.8163992869875 188.03941176470587 189.01000000000016 208.31000000000077 206.43999999999994 220.0499999999998 234.0199999999996 171.74000000000112 151.47000000000048 186.9799999999997 188.2 171.78000000000117 214.2475757575728 213.48757575757455 201.17757575757457 203.10757575757737 161.47757575757709 219.60875222816267 261.9281639928704 270.7463992869898 267.9169875222816 228.84757575757624 209.59757575757823 185.50757575757672 208.1575757575727 246.46757575757798 281.7587522281647 300.7381639928693 332.80757575757576 345.75757575757575 345.75757575757575 245.0
779.7575757575758 779.7575757575758 762.7475757575758 762.7475757575758 592.5899999999991 700.8400000000004 670.5300000000003 582.7500000000007 624.5100000000007 717.4999999999989 683.96 677.3099999999991 666.3599999999993 839.679999999999 733.8900000000001 505.85757575757606 462.93757575756933 485.5475757575717 493.2775757575763 614.9375757575717 577.6475757575744 629.2875757575757 661.2775757575774 664.3275757575763 638.4875757575758 667.7675757575768 548.6375757575746 549.7375757575803 625.6375757575755 700.9675757575758 717.3375757575764 740.1775757575757 764.3675757575758 779.7575757575758 630.0
80.73333333333335 80.73333333333335 79.89333333333335 79.19333333333334 59.48666666666648 82.00333333333334 73.01666666666665 74.67999999999998 70.88999999999999 81.2 69.83999999999999 77.94999999999999 84.94000000000001 87.74999999999999 81.05999999999999 68.2933333333333 64.67333333333323 65.66333333333321 66.89333333333332 69.5733333333333 67.26333333333334 72.07666666666667 75.85333333333328 71.13999999999996 67.46333333333331 69.26333333333328 67.46333333333317 64.53333333333318 64.68333333333331 69.16333333333336 75.99666666666668 79.89333333333335 79.97333333333334 80.73333333333335 48.300000000000004
10.775757575757575 10.775757575757575 9.725757575757575 9.725757575757573 1.4500000000000042 1.1500000000000004 0.05000000000000071 2.1499999999999915 3.7999999999999794 3.099999999999998 1.3999999999999853 2.900000000000013 2.5000000000000018 2.7700000000000005 0.579999999999993 3.125757575757567 6.8257575757575735 1.8657575757575797 2.6657575757575707 0.3757575757575795 2.5157575757575774 4.775757575757577 7.1157575757575735 4.665757575757572 3.1757575757575793 1.7457575757575698 0.1557575757575851 0.13575757575758907 3.725757575757561 3.42575757575763 6.925757575757573 9.725757575757576 9.825757575757576 10.775757575757575 8.4
2.545454545454545 2.545454545454545 2.545454545454545 2.545454545454545 1.1800000000000002 0.04999999999999993 1.240000000000034 0.36000000000000065 0.10000000000000897 6.661338147750939e-16 1.2400000000000753 0.5599999999999999 0.1399999999999999 0.8400000000000002 1.2600000000000002 0.44545454545454877 0.5354545454545491 0.7754545454545617 1.19545454545458 1.0754545454545537 0.025454545454550503 0.3254545454545513 0.5654545454545724 0.775454545454552 1.0754545454545528 1.0754545454545528 1.285454545454547 0.085454545454555 0.985454545454562 0.08545454545454956 0.4154545454545592 1.4354545454545777 2.545454545454545 2.545454545454545 2.8000000000000003
8.515433299825174 8.515433299825174 8.515433299825174 8.15245689329158 5.820513275862067 6.67242879310335 4.858937844827586 5.055928448275623 6.103331034482444 5.912029913792835 6.111154827585611 6.355548275861679 5.99638327586191 5.71070568965514 6.052262672413783 5.093162241379313 4.245417241379307 4.275682586206882 4.032199310344774 5.30827353448277 5.0461361598746 5.604908160919494 6.817258965517198 5.742934597701149 5.434117183908043 5.0573253448275635 4.266937758620751 6.758065517240956 7.096998103448053 6.3423736479124395 8.542526264367815 9.591614655172414 7.811086206896552 8.024766408045977 11.280892298850576
700.0 700.0 700.0 699.0 686.0 685.0 678.0 688.0 680.0 685.0 681.0 680.0 680.0 683.0 684.0 684.0 680.0 684.0 684.0 682.0 677.0 686.0 688.0 684.0 683.0 680.0 682.0 681.0 685.0 681.0 689.0 693.0 696.0 700.0 695.0

H cap
-5.25 -15.75 1.75 1.75 33.25 22.75 8.75 -1.75 12.25 22.75 47.25 12.25 -1.75 15.75 8.75 36.75 64.75 -12.25 12.25 36.75 -5.25 15.75 68.25 36.75 47.25 -1.75 8.75 131.25 131.25 131.25 131.25 131.25 131.25 131.25 131.25
25.5 16.5 12.0 1.0 5.0 5.0 -3.0 3.0 9.0 6.0 11.5 9.5 0.5 -1.5 4.5 5.5 12.5 18.5 33.5 27.5 11.0 17.0 22.0 6.0 5.0 10.0 27.5 52.5 52.5 52.5 52.5 52.5 52.5 52.5 52.5
45.5 45.5 45.5 42.0 49.0 45.5 38.5 35.0 38.5 42.0 49.0 49.0 42.0 38.5 38.5 45.5 49.0 45.5 56.0 56.0 45.5 38.5 45.5 52.5 52.5 45.5 49.0 63.0 63.0 63.0 63.0 63.0 63.0 63.0 63.0
1.25 -6.25 0.75 -3.25 1.75 -0.75 1.75 -2.75 7.25 -1.25 0.75 -6.25 -0.75 5.75 1.75 -0.75 4.25 -1.25 -1.25 -5.75 2.75 -13.75 4.25 -3.25 2.25 -1.75 10.75 78.75 78.75 78.75 78.75 78.75 78.75 78.75 78.75

Gap
NaN

Time
NaN

