T P M C
22 37 4 12

base obj
12.29029304029304

exp obj
13.801053113553115

Objective struct
12.29029304029304 0.0 18.333333333333336

num campaigns
116

x
0 0 0 0 1 0 0 0 1 0 0 0 1 0 0 0 1 0 0 0 0 0
0 0 0 0 0 0 0 0 0 0 0 0 0 0 0 0 0 0 0 0 0 0
0 0 0 0 0 0 1 0 0 0 0 0 0 0 1 0 0 0 0 0 0 0
0 0 0 0 1 0 0 0 0 0 1 0 0 0 0 0 1 0 0 0 0 0
0 0 0 0 0 0 1 0 1 0 1 0 1 0 1 0 0 0 0 0 0 0
0 0 0 0 0 0 0 0 0 0 0 0 0 0 0 0 0 0 0 0 0 0
0 0 0 0 1 0 0 0 0 0 1 0 0 0 0 0 1 0 0 0 0 0
0 0 0 0 0 0 1 0 0 0 0 0 0 0 0 0 0 0 0 0 0 0
0 0 0 0 0 0 0 0 1 0 0 0 0 0 0 0 0 0 0 0 0 0
0 0 0 0 1 0 0 0 0 0 0 0 1 0 0 0 0 0 0 0 0 0
0 0 0 0 1 0 0 0 0 0 0 0 0 0 0 0 1 0 0 0 0 0
0 0 0 0 0 0 0 0 0 0 0 0 0 1 0 0 0 0 0 0 0 0
0 0 0 0 0 0 0 0 0 0 0 0 0 0 0 0 1 0 0 0 0 0
0 0 0 0 0 0 1 0 0 0 0 0 1 0 0 0 0 0 0 0 0 0
0 0 0 0 0 0 0 0 0 0 0 0 0 0 0 0 0 0 0 0 0 0
0 0 0 0 0 0 0 0 0 0 0 0 0 0 1 0 0 0 0 0 0 0
0 0 0 0 0 0 0 0 0 0 1 0 0 0 0 0 1 0 0 0 0 0
0 0 0 0 0 0 1 0 0 0 0 0 0 0 0 0 0 0 0 0 0 0
0 0 0 0 1 0 1 0 0 1 0 1 0 1 0 1 0 0 0 0 0 0
0 0 0 0 1 0 0 0 0 0 0 0 0 0 0 0 0 0 0 0 0 0
0 0 0 0 0 0 1 0 0 0 0 1 0 0 0 0 1 0 0 0 0 0
0 0 0 0 0 0 0 0 0 0 0 0 0 0 0 0 0 0 0 0 0 0
0 0 0 0 0 0 0 0 0 0 1 0 0 0 0 0 0 0 0 0 0 0
0 0 0 0 0 0 0 0 1 0 0 0 0 0 1 0 0 0 0 0 0 0
0 0 0 0 0 0 0 0 0 0 0 0 0 0 0 0 0 0 0 0 0 0
0 0 0 0 1 0 0 0 0 0 0 0 0 0 0 0 1 0 0 0 0 0
0 0 0 0 1 0 0 0 1 0 0 0 0 0 0 0 0 0 0 0 0 0
0 0 0 0 0 0 0 0 0 0 1 0 0 0 0 0 0 0 0 0 0 0
0 0 0 0 0 0 0 0 0 0 0 0 0 0 0 0 0 0 0 0 0 0
0 0 0 0 1 1 1 1 1 1 1 1 1 1 1 1 1 0 0 0 0 0
0 0 0 0 1 1 1 1 1 1 1 1 1 0 1 1 1 0 0 0 0 0
0 0 0 0 1 1 1 1 1 1 1 1 1 1 1 1 1 0 0 0 0 0
0 0 0 0 1 1 1 1 1 1 1 1 1 0 1 0 0 0 0 0 0 0
0 0 0 0 1 1 1 1 1 1 1 1 1 0 1 1 1 0 0 0 0 0
0 0 0 0 1 0 1 1 1 0 0 0 1 0 1 1 0 0 0 0 0 0
0 0 0 0 0 0 0 0 0 0 0 0 0 0 0 0 0 0 0 0 0 0
0 0 0 0 0 0 0 0 0 0 0 0 0 0 0 0 0 0 0 0 0 0

y
0.0 0.0 4.0 0.0 0.0 0.0 0.0 0.0 0.0 6.285714285714286 0.0 0.0 0.0 0.0 0.0 0.0 0.0 0.0 0.0 0.0 0.0 0.0 0.0 0.0 0.0 0.0 0.0 0.0 0.0 0.0 0.0 0.0 0.52 0.0 0.0 0.0 0.0

k
0 3 2 0 0 3 0 0 0 6 0 0 2 1 2 0 0 0 1 0 0 2 0 1 2 0 1 0 6 0 1 0 16 1 6 13 2

f
1.75 1.75 0.0 0.0 0.0 5.25 0.0 1.75 0.0 0.0 0.0 0.0 0.0 0.0 0.0 0.0 0.0 0.0 0.0 0.0 0.0 0.0
0.0 0.0 0.0 0.0 0.0 0.0 0.0 0.0 0.0 0.0 0.0 0.0 0.0 0.0 0.0 0.0 0.0 0.0 0.0 0.0 0.0 0.0
0.0 0.0 0.0 0.0 0.0 0.0 0.0 0.0 0.0 0.0 0.0 0.0 0.0 0.0 0.0 0.0 0.0 0.0 0.0 0.0 0.0 0.0
0.0 1.25 0.0 0.0 2.25 3.25 0.25 3.25 0.0 0.25 5.25 0.0 6.75 0.0 0.0 0.0 0.0 0.0 0.0 0.0 0.0 0.0

L
4 0 8 6 2 0 6 0 0 8 12 0 0 6 0 0 6 0 2 0 5 0 0 6 0 12 4 0 0 1 1 1 1 1 1 0 0

g
0 0 0 0 0 0 0 0 0 0 0 0 0 0 0 0 0 0 0 0 0 0
0 0 0 0 0 0 0 0 0 0 0 0 0 0 0 0 0 0 0 0 0 0
0 0 0 0 0 0 0 0 0 0 0 0 0 0 0 0 0 0 0 0 0 0
0 0 0 0 0 0 0 0 0 0 0 0 0 0 0 0 0 0 0 0 0 0
0 0 0 0 0 0 0 0 0 0 0 0 0 0 0 0 0 0 0 0 0 0
0 0 0 0 0 0 0 0 0 0 0 0 0 0 0 0 0 0 0 0 0 0
0 0 0 0 0 0 0 0 0 0 0 0 0 0 0 0 0 0 0 0 0 0
0 0 0 0 0 0 0 0 0 0 0 0 0 0 0 0 0 0 0 0 0 0
0 0 0 0 0 0 0 0 0 0 0 0 0 0 0 0 0 0 0 0 0 0
0 0 0 0 0 0 0 0 0 0 0 0 0 0 0 0 0 0 0 0 0 0
0 0 0 0 0 0 0 0 0 0 0 0 0 0 0 0 0 0 0 0 0 0
0 0 0 0 0 0 0 0 0 0 0 0 0 0 0 0 0 0 0 0 0 0
0 0 0 0 0 0 0 0 0 0 0 0 0 0 0 0 0 0 0 0 0 0
0 0 0 0 0 0 0 0 0 0 0 0 0 0 0 0 0 0 0 0 0 0
0 0 0 0 0 0 0 0 0 0 0 0 0 0 0 0 0 0 0 0 0 0
0 0 0 0 0 0 0 0 0 0 0 0 0 0 0 0 0 0 0 0 0 0
0 0 0 0 0 0 0 0 0 0 0 0 0 0 0 0 0 0 0 0 0 0
0 0 0 0 0 0 0 0 0 0 0 0 0 0 0 0 0 0 0 0 0 0
0 0 0 0 0 0 0 0 0 0 0 0 0 0 0 0 0 0 0 0 0 0
0 0 0 0 0 0 0 0 0 0 0 0 0 0 0 0 0 0 0 0 0 0
0 0 0 0 0 0 0 0 0 0 0 0 0 0 0 0 0 0 0 0 0 0
0 0 0 0 0 0 0 0 0 0 0 0 0 0 0 0 0 0 0 0 0 0
0 0 0 0 0 0 0 0 0 0 0 0 0 0 0 0 0 0 0 0 0 0
0 0 0 0 0 0 0 0 0 0 0 0 0 0 0 0 0 0 0 0 0 0
0 0 0 0 0 0 0 0 0 0 0 0 0 0 0 0 0 0 0 0 0 0
0 0 0 0 0 0 0 0 0 0 0 0 0 0 0 0 0 0 0 0 0 0
0 0 0 0 0 0 0 0 0 0 0 0 0 0 0 0 0 0 0 0 0 0
0 0 0 0 0 0 0 0 0 0 0 0 0 0 0 0 0 0 0 0 0 0
0 0 0 0 0 0 0 0 0 0 0 0 0 0 0 0 0 0 0 0 0 0
0 0 0 0 0 0 0 0 0 0 0 0 0 0 0 0 0 0 0 0 0 0
0 0 0 0 0 0 0 0 0 0 0 0 0 0 0 0 0 0 0 0 0 0
0 0 0 0 0 0 0 0 0 0 0 0 0 0 0 0 0 0 0 0 0 0
0 0 0 0 0 0 0 0 0 0 0 0 0 0 0 0 0 0 0 0 0 0
0 0 0 0 0 0 0 0 0 0 0 0 0 0 0 0 0 0 0 0 0 0
0 0 0 0 0 0 0 0 0 0 0 0 0 0 0 0 0 0 0 0 0 0
0 0 0 0 0 0 0 0 0 0 0 0 0 0 0 0 0 0 0 0 0 0
0 0 0 0 0 0 0 0 0 0 0 0 0 0 0 0 0 0 0 0 0 0

I cap
1058.909090909091 1058.909090909091 961.0970909090504 961.0970909090638 665.3450000000314 861.1720000000321 829.1059999999842 1034.480999999927 598.1769999999954 884.7770000000112 459.12399999998996 755.6709999999916 763.9219999999975 812.7570000000017 725.1009999999941 726.4090909090877 365.8080909091112 755.7260909090725 806.2470909090889 980.477090909091 1058.909090909091 1058.909090909091
107.96969696969697 107.96969696969697 104.70169696969697 104.70169696969697 7.315000000000634 23.62800000000028 38.494000000000355 57.269000000000524 35.72299999999947 82.02299999999995 80.4760000000004 100.7790000000001 80.87799999999969 20.04299999999989 81.39900000000011 69.01969696969712 16.370696969697175 43.50269696969744 51.88169696969712 104.70169696969697 107.96969696969697 107.96969696969697
38.96666666666666 38.96666666666666 15.279999999999994 15.279999999999994 22.123333333333306 23.308749999999996 2.0254166666666737 5.875416666666672 7.275416666666677 32.550000000000004 24.15 2.1666666666666696 3.9166666666666696 9.166666666666671 24.85 25.66666666666667 18.38333333333334 18.383333333333333 25.03333333333333 38.96666666666666 38.96666666666666 38.96666666666666
45.24545454545453 45.24545454545453 44.64695454545453 38.99445454545453 15.388999999999854 24.643999999999714 24.3399999999994 26.316499999999458 20.985999999999674 27.291499999999647 24.87199999999958 24.597999999999804 20.775499999999894 17.65299999999988 15.37549999999979 27.613454545454143 32.410954545453755 43.972454545454525 44.295454545454525 44.64695454545453 45.24545454545453 45.24545454545453
20.999999999999993 20.999999999999993 20.800499999999992 20.467999999999993 7.100000000000003 15.345000000002196 8.770500000000041 9.410499999999923 7.218500000000292 10.011500000000295 11.67799999999993 14.18599999999986 12.678500000000577 16.716500000001425 10.534000000000027 10.58799999999994 7.025500000000372 15.034000000000583 17.950499999999977 20.800499999999992 20.999999999999993 20.999999999999993
345.75757575757575 345.75757575757575 341.96707575757574 310.6729581105169 159.28744117647054 160.724500000002 211.46750000000097 208.64100000000096 223.9695000000051 220.99600000000444 166.6415000000005 155.76400000000027 193.08200000000488 184.67450000000315 183.91750000000184 217.77357575757807 224.4911934046344 240.0706345811059 292.56707575757684 341.96707575757574 345.75757575757575 345.75757575757575
779.7575757575758 779.7575757575758 765.5930757575758 690.7805757575758 443.0784999999986 583.2935 627.6740000000075 584.9805000000003 661.9030000000008 691.7375 584.0290000000047 673.3150000000004 785.7635000000014 734.7770000000004 680.1550000000027 640.8770757575764 612.0730757575759 691.5405757575758 719.8695757575757 765.5930757575758 779.7575757575758 779.7575757575758
80.73333333333335 80.73333333333335 80.13483333333335 79.46983333333334 60.17683333333229 79.49849999999999 71.88749999999999 74.95099999999996 73.06649999999998 81.47199999999998 71.28899999999997 81.82299999999998 89.68149999999999 89.42166666666664 80.26483333333331 67.11033333333329 69.00083333333335 76.83200000000001 80.13483333333335 80.13483333333335 80.73333333333335 80.73333333333335
10.775757575757575 10.775757575757575 10.775757575757575 10.775757575757574 2.0825000000000236 1.5824999999999751 0.21750000000001002 2.402499999999988 0.8224999999999767 0.977499999999984 1.2215000000000034 0.41099999999999426 1.389499999999992 1.8199999999999834 1.510000000000022 0.08825757575757454 1.1047575757576098 0.686757575757575 4.705257575757576 10.775757575757575 10.775757575757575 10.775757575757575
2.545454545454545 2.545454545454545 1.946954545454545 1.946954545454545 2.002 0.602 1.6029999999999869 0.04799999999999982 0.6339999999999996 0.5040000000000001 0.9189999999999984 0.20300000000000007 0.602 0.36150000000000004 0.21899999999999964 0.6644545454545182 0.692954545454541 0.3224545454545332 0.8924545454545291 1.946954545454545 2.545454545454545 2.545454545454545
8.515433299825174 8.515433299825174 8.515433299825174 7.843019506721726 4.095541856321856 4.948290870689673 4.353765439655291 6.07748017241395 7.330744663793208 6.515478025862401 7.144775362069312 7.609858629310619 6.5185386293104095 5.6762231034483595 5.943642155172537 5.931610517241478 5.822572413793212 6.2785564942529115 6.690820172413794 7.4806875 7.546136159874608 8.000885172413794
700.0 700.0 699.05 697.15 684.8 689.5499999999997 680.0499999999998 688.5999999999998 684.7999999999997 689.5499999999998 679.0999999999997 680.9999999999998 682.8999999999999 688.5999999999997 683.8499999999998 686.6999999999998 680.0499999999998 683.8499999999998 689.55 698.1 700.0 695.25

H cap
-1.75 -1.75 1.75 1.75 5.25 -5.25 8.75 -1.75 36.75 36.75 43.75 54.25 15.75 26.25 131.25 131.25 131.25 131.25 131.25 131.25 131.25 131.25
15.0 0.0 5.0 2.0 3.5 6.5 11.0 11.0 2.5 9.5 19.0 12.0 4.0 19.0 52.5 52.5 52.5 52.5 52.5 52.5 52.5 52.5
35.0 35.0 45.5 45.5 45.5 42.0 45.5 45.5 49.0 49.0 45.5 45.5 38.5 42.0 63.0 63.0 63.0 63.0 63.0 63.0 63.0 63.0
6.25 -1.25 7.25 5.75 -2.25 -3.25 -0.25 -3.25 2.25 -0.25 -5.25 0.25 -6.75 3.25 78.75 78.75 78.75 78.75 78.75 78.75 78.75 78.75

Gap
NaN

Time
NaN

