T P M C
22 37 4 12

base obj
12.392857142857142

exp obj
13.919642857142858

Objective struct
12.392857142857142 0.0 18.5

num campaigns
119

x
0 0 0 0 1 0 0 0 1 0 0 0 1 0 0 0 1 0 0 0 0 0
0 0 0 0 0 0 0 0 0 0 0 0 0 0 0 0 0 0 0 0 0 0
0 0 0 0 0 0 1 0 0 0 0 0 0 0 1 0 0 0 0 0 0 0
0 0 0 0 0 0 0 0 1 0 0 1 0 0 1 0 0 0 0 0 0 0
0 0 0 0 0 0 0 1 0 1 0 1 0 0 1 0 1 0 0 0 0 0
0 0 0 0 1 0 0 0 0 0 0 0 1 0 0 0 0 0 0 0 0 0
0 0 0 0 1 0 0 0 0 0 1 0 0 0 0 0 1 0 0 0 0 0
0 0 0 0 0 0 0 0 0 0 0 0 0 0 1 0 0 0 0 0 0 0
0 0 0 0 0 0 0 0 1 0 0 0 0 0 0 0 0 0 0 0 0 0
0 0 0 0 1 0 0 0 0 0 1 0 0 0 0 0 0 0 0 0 0 0
0 0 0 0 1 0 0 0 0 0 0 0 0 0 0 0 1 0 0 0 0 0
0 0 0 0 0 0 0 0 0 0 0 0 0 1 0 0 0 0 0 0 0 0
0 0 0 0 0 0 0 0 0 0 0 0 0 0 0 0 0 0 0 0 0 0
0 0 0 0 0 0 0 0 0 0 1 0 0 0 0 0 1 0 0 0 0 0
0 0 0 0 0 0 0 0 0 0 0 0 0 0 0 0 0 0 0 0 0 0
0 0 0 0 0 0 0 0 0 0 1 0 0 0 0 0 0 0 0 0 0 0
0 0 0 0 0 0 0 0 0 0 0 0 0 0 0 0 0 0 0 0 0 0
0 0 0 0 0 0 1 0 0 0 0 0 0 0 0 0 0 0 0 0 0 0
0 0 0 0 1 0 1 0 1 0 1 0 0 0 1 0 1 0 0 0 0 0
0 0 0 0 1 0 0 0 0 0 0 0 0 0 0 0 0 0 0 0 0 0
0 0 0 0 0 0 1 0 0 0 1 0 0 0 1 0 0 0 0 0 0 0
0 0 0 0 0 0 0 0 0 0 0 0 0 0 0 0 0 0 0 0 0 0
0 0 0 0 0 0 1 0 0 0 0 0 0 0 0 0 0 0 0 0 0 0
0 0 0 0 0 0 0 0 1 0 0 0 0 0 1 0 0 0 0 0 0 0
0 0 0 0 0 0 0 0 0 0 0 0 0 0 0 0 0 0 0 0 0 0
0 0 0 0 1 0 0 0 0 0 0 0 0 0 0 0 1 0 0 0 0 0
0 0 0 0 0 0 1 0 0 0 0 0 1 0 0 0 1 0 0 0 0 0
0 0 0 0 0 0 0 0 0 0 1 0 0 0 0 0 0 0 0 0 0 0
0 0 0 0 0 0 0 0 0 0 0 0 0 0 0 0 0 0 0 0 0 0
0 0 0 0 1 1 1 1 1 1 1 1 1 1 1 1 1 0 0 0 0 0
0 0 0 0 1 1 1 1 1 1 1 1 1 1 1 1 1 0 0 0 0 0
0 0 0 0 1 1 1 1 1 1 1 1 1 1 1 1 1 0 0 0 0 0
0 0 0 0 0 0 1 1 1 1 0 1 1 1 1 1 1 0 0 0 0 0
0 0 0 0 1 0 1 1 1 1 1 1 1 1 1 1 1 0 0 0 0 0
0 0 0 0 1 1 1 0 1 0 1 0 1 0 1 1 1 0 0 0 0 0
0 0 0 0 0 0 0 0 0 0 0 0 0 0 0 0 0 0 0 0 0 0
0 0 0 0 0 0 0 0 0 0 0 0 0 0 0 0 0 0 0 0 0 0

y
0.0 0.0 4.0 0.0 0.0 2.0 0.0 0.0 0.0 4.285714285714286 0.0 0.0 0.0 0.0 0.0 0.0 0.0 0.0 0.0 0.0 0.0 0.0 0.0 0.0 0.0 0.0 0.0 0.0 0.0 0.0 0.0 0.0 0.52 0.0 0.0 0.0 0.0

k
0 3 2 0 0 1 0 0 0 6 0 0 3 1 2 0 2 0 1 0 0 2 0 1 2 0 0 0 6 0 0 0 16 1 4 13 2

f
8.75 8.75 0.0 0.0 0.0 0.0 0.0 1.75 0.0 0.0 0.0 0.0 0.0 0.0 0.0 0.0 0.0 0.0 0.0 0.0 0.0 0.0
0.0 0.0 0.0 0.0 0.0 0.0 0.0 0.0 0.0 0.0 0.0 0.0 2.5 0.0 0.0 0.0 0.0 0.0 0.0 0.0 0.0 0.0
0.0 0.0 0.0 0.0 0.0 0.0 0.0 0.0 0.0 0.0 0.0 0.0 0.0 0.0 0.0 0.0 0.0 0.0 0.0 0.0 0.0 0.0
0.25 6.25 0.0 1.75 0.0 0.0 0.0 4.75 0.0 0.25 6.75 0.0 3.25 0.0 0.0 0.0 0.0 0.0 0.0 0.0 0.0 0.0

L
4 0 8 3 2 8 6 0 0 6 12 0 0 6 0 0 0 0 2 0 4 0 0 6 0 12 4 0 0 1 1 1 1 1 1 0 0

g
0 0 0 0 0 0 0 0 0 0 0 0 0 0 0 0 0 0 0 0 0 0
0 0 0 0 0 0 0 0 0 0 0 0 0 0 0 0 0 0 0 0 0 0
0 0 0 0 0 0 0 0 0 0 0 0 0 0 0 0 0 0 0 0 0 0
0 0 0 0 0 0 0 0 0 0 0 0 0 0 0 0 0 0 0 0 0 0
0 0 0 0 0 0 0 0 0 0 0 0 0 0 0 0 0 0 0 0 0 0
0 0 0 0 0 0 0 0 0 0 0 0 0 0 0 0 0 0 0 0 0 0
0 0 0 0 0 0 0 0 0 0 0 0 0 0 0 0 0 0 0 0 0 0
0 0 0 0 0 0 0 0 0 0 0 0 0 0 0 0 0 0 0 0 0 0
0 0 0 0 0 0 0 0 0 0 0 0 0 0 0 0 0 0 0 0 0 0
0 0 0 0 0 0 0 0 0 0 0 0 0 0 0 0 0 0 0 0 0 0
0 0 0 0 0 0 0 0 0 0 0 0 0 0 0 0 0 0 0 0 0 0
0 0 0 0 0 0 0 0 0 0 0 0 0 0 0 0 0 0 0 0 0 0
0 0 0 0 0 0 0 0 0 0 0 0 0 0 0 0 0 0 0 0 0 0
0 0 0 0 0 0 0 0 0 0 0 0 0 0 0 0 0 0 0 0 0 0
0 0 0 0 0 0 0 0 0 0 0 0 0 0 0 0 0 0 0 0 0 0
0 0 0 0 0 0 0 0 0 0 0 0 0 0 0 0 0 0 0 0 0 0
0 0 0 0 0 0 0 0 0 0 0 0 0 0 0 0 0 0 0 0 0 0
0 0 0 0 0 0 0 0 0 0 0 0 0 0 0 0 0 0 0 0 0 0
0 0 0 0 0 0 0 0 0 0 0 0 0 0 0 0 0 0 0 0 0 0
0 0 0 0 0 0 0 0 0 0 0 0 0 0 0 0 0 0 0 0 0 0
0 0 0 0 0 0 0 0 0 0 0 0 0 0 0 0 0 0 0 0 0 0
0 0 0 0 0 0 0 0 0 0 0 0 0 0 0 0 0 0 0 0 0 0
0 0 0 0 0 0 0 0 0 0 0 0 0 0 0 0 0 0 0 0 0 0
0 0 0 0 0 0 0 0 0 0 0 0 0 0 0 0 0 0 0 0 0 0
0 0 0 0 0 0 0 0 0 0 0 0 0 0 0 0 0 0 0 0 0 0
0 0 0 0 0 0 0 0 0 0 0 0 0 0 0 0 0 0 0 0 0 0
0 0 0 0 0 0 0 0 0 0 0 0 0 0 0 0 0 0 0 0 0 0
0 0 0 0 0 0 0 0 0 0 0 0 0 0 0 0 0 0 0 0 0 0
0 0 0 0 0 0 0 0 0 0 0 0 0 0 0 0 0 0 0 0 0 0
0 0 0 0 0 0 0 0 0 0 0 0 0 0 0 0 0 0 0 0 0 0
0 0 0 0 0 0 0 0 0 0 0 0 0 0 0 0 0 0 0 0 0 0
0 0 0 0 0 0 0 0 0 0 0 0 0 0 0 0 0 0 0 0 0 0
0 0 0 0 0 0 0 0 0 0 0 0 0 0 0 0 0 0 0 0 0 0
0 0 0 0 0 0 0 0 0 0 0 0 0 0 0 0 0 0 0 0 0 0
0 0 0 0 0 0 0 0 0 0 0 0 0 0 0 0 0 0 0 0 0 0
0 0 0 0 0 0 0 0 0 0 0 0 0 0 0 0 0 0 0 0 0 0
0 0 0 0 0 0 0 0 0 0 0 0 0 0 0 0 0 0 0 0 0 0

I cap
1058.909090909091 1058.909090909091 961.0970909090631 961.0970909090745 810.581000000019 881.2550000000091 821.6389999999943 983.4279999999546 575.8519999999921 869.9570000000039 587.658999999991 479.99999999999534 562.8069999999967 767.1949999999994 532.7639999999947 668.5920909090885 419.74909090910234 702.2410909090779 770.0520909090898 980.477090909091 1058.909090909091 1058.909090909091
107.96969696969697 107.96969696969697 104.70169696969697 104.70169696969697 58.729000000000354 58.645000000000294 80.16100000000016 88.37200000000054 56.14799999999941 116.79299999999981 74.4909999999998 55.349999999999824 58.74299999999985 8.60500000000006 14.385999999999836 32.78669696969706 14.679696969696735 35.23769696969748 70.026696969697 104.70169696969697 107.96969696969697 107.96969696969697
38.96666666666666 38.96666666666666 15.279999999999994 15.279999999999994 22.12333333333335 23.308750000000003 2.0254166666666924 5.875416666666672 0.6254166666666858 32.550000000000004 3.566666666666669 8.816666666666661 3.9166666666666696 36.4 10.916666666666671 18.383333333333333 11.733333333333341 32.31666666666666 32.31666666666666 38.96666666666666 38.96666666666666 38.96666666666666
45.24545454545453 45.24545454545453 44.64695454545453 38.994454545454545 18.34349999999974 27.104499999999675 26.05949999999954 24.216999999999523 18.392499999999785 30.8349999999995 27.180499999999558 18.071499999999915 18.628499999999818 16.436999999999806 7.233999999999844 25.000954545454093 33.07595454545405 40.903954545454525 42.366954545454526 44.64695454545453 45.24545454545453 45.24545454545453
20.999999999999993 20.999999999999993 20.800499999999992 20.467999999999993 8.762500000000006 15.33550000000154 8.932000000000304 9.40100000000021 5.537000000000205 10.553000000000123 13.01750000000023 10.680500000000071 11.804500000000214 13.885500000000997 4.026500000000057 6.531499999999873 8.707000000000487 14.49250000000058 17.950499999999955 20.800499999999992 20.999999999999993 20.999999999999993
345.75757575757575 345.75757575757575 341.96707575757574 310.6729581105169 175.53244117647066 180.67450000000173 221.44250000000204 188.69100000000122 207.72450000000447 202.94600000000457 145.15250000000054 143.252500000001 223.59600000000475 234.9960000000028 205.1975000000006 253.39857575757654 279.021193404634 298.40063458110524 322.01707575757615 341.96707575757574 345.75757575757575 345.75757575757575
779.7575757575758 779.7575757575758 765.5930757575758 765.5930757575758 597.1210000000021 660.7945000000001 636.4994999999998 543.8739999999999 619.0675000000006 778.7004999999998 689.6595000000048 636.6925000000018 633.3550000000015 638.295000000001 524.260000000006 495.29907575757693 622.4090757575754 716.0410757575758 735.3830757575757 765.5930757575758 779.7575757575758 779.7575757575758
80.73333333333335 80.73333333333335 80.13483333333335 79.46983333333334 59.6448333333325 82.32316666666667 74.49683333333333 74.22899999999997 72.15449999999998 82.19399999999997 72.05849999999987 78.88749999999999 86.78399999999998 84.78249999999997 72.90549999999999 64.79233333333327 69.91283333333335 76.11000000000001 80.13483333333335 80.13483333333335 80.73333333333335 80.73333333333335
10.775757575757575 10.775757575757575 10.775757575757575 10.775757575757577 5.3599999999999985 4.099999999999996 1.1200000000000052 1.879999999999988 2.200000000000001 1.1199999999999646 0.109999999999987 2.85249999999999 1.1900000000000128 1.5824999999999698 2.3175000000000177 4.07825757575756 1.7982575757576091 2.6532575757575736 6.215757575757574 10.775757575757575 10.775757575757575 10.775757575757575
2.545454545454545 2.545454545454545 1.946954545454545 1.946954545454545 2.002 0.602 1.6029999999999847 0.04799999999999982 0.6339999999999973 0.5040000000000001 0.9189999999999966 0.20300000000000007 0.602 0.36150000000000004 0.21899999999999964 0.6644545454545272 1.7474545454545418 1.7474545454545258 1.9469545454545272 1.946954545454545 2.545454545454545 2.545454545454545
8.515433299825174 8.515433299825174 8.515433299825174 8.170605713618277 5.078300640804609 5.357773793103476 4.76324819827596 6.65075587068981 7.576434318965607 6.1878919827588525 7.5542582844830335 6.715548284483031 6.521814327586328 5.676222939655239 5.288469577586327 4.614713965517324 5.901192939655268 7.015625295977057 6.69082000862069 7.808273706896552 7.546136159874608 8.656057586206897
700.0 700.0 699.05 697.15 686.6999999999999 691.4499999999998 679.0999999999999 687.6499999999997 682.8999999999997 683.8499999999998 680.9999999999998 684.7999999999997 684.7999999999997 693.3499999999998 682.8999999999999 680.9999999999997 680.0499999999996 685.7499999999999 688.5999999999998 700.0 700.0 697.15

H cap
-8.75 -8.75 12.25 1.75 1.75 1.75 8.75 -1.75 5.25 15.75 5.25 15.75 19.25 19.25 131.25 131.25 131.25 131.25 131.25 131.25 131.25 131.25
21.5 9.5 17.0 12.0 7.0 7.0 5.5 3.0 5.0 7.5 5.5 4.5 -2.5 15.5 52.5 52.5 52.5 52.5 52.5 52.5 52.5 52.5
42.0 42.0 45.5 42.0 42.0 42.0 49.0 45.5 49.0 56.0 42.0 42.0 42.0 42.0 63.0 63.0 63.0 63.0 63.0 63.0 63.0 63.0
-0.25 -6.25 2.25 -1.75 0.25 0.25 0.25 -4.75 2.25 -0.25 -6.75 1.75 -3.25 5.75 78.75 78.75 78.75 78.75 78.75 78.75 78.75 78.75

Gap
NaN

Time
NaN

