T P M C
22 37 4 12

base obj
12.388278388278387

exp obj
13.79120879120879

Objective struct
12.388278388278387 0.0 18.0

num campaigns
115

x
0 0 0 0 1 0 0 0 1 0 0 0 1 0 0 0 1 0 0 0 0 0
0 0 0 0 1 0 0 0 0 0 0 0 0 0 1 0 0 0 0 0 0 0
0 0 0 0 1 0 0 0 0 0 1 0 0 0 1 0 0 0 0 0 0 0
0 0 0 0 1 0 0 0 1 0 0 0 1 0 0 0 0 0 0 0 0 0
0 0 0 0 0 1 0 0 1 0 0 0 1 0 1 0 1 0 0 0 0 0
0 0 0 0 0 0 0 0 0 0 0 0 0 0 0 0 0 0 0 0 0 0
0 0 0 0 1 0 0 0 0 0 1 0 0 0 0 0 1 0 0 0 0 0
0 0 0 0 0 0 1 0 0 0 0 0 0 0 0 0 0 0 0 0 0 0
0 0 0 0 0 0 0 0 1 0 0 0 0 0 0 0 0 0 0 0 0 0
0 0 0 0 0 0 1 0 0 0 1 0 0 0 0 0 0 0 0 0 0 0
0 0 0 0 1 0 0 0 0 0 0 0 0 0 0 0 1 0 0 0 0 0
0 0 0 0 0 0 0 0 0 0 0 0 0 0 0 0 1 0 0 0 0 0
0 0 0 0 0 0 0 0 0 0 0 0 0 0 0 0 0 0 0 0 0 0
0 0 0 0 0 0 0 0 1 0 0 0 0 0 0 0 1 0 0 0 0 0
0 0 0 0 0 0 0 0 0 0 0 0 0 0 0 0 0 0 0 0 0 0
0 0 0 0 0 0 0 0 0 0 1 0 0 0 0 0 0 0 0 0 0 0
0 0 0 0 0 0 0 0 0 0 0 0 0 0 1 0 0 0 0 0 0 0
0 0 0 0 0 0 1 0 0 0 0 0 0 0 0 0 0 0 0 0 0 0
0 0 0 0 0 0 1 0 1 0 1 0 0 1 0 1 0 0 0 0 0 0
0 0 0 0 0 0 1 0 0 0 0 0 0 0 0 0 0 0 0 0 0 0
0 0 0 0 0 0 0 0 1 0 0 0 1 0 0 0 1 0 0 0 0 0
0 0 0 0 0 0 0 0 0 0 0 0 0 0 0 0 0 0 0 0 0 0
0 0 0 0 0 0 0 0 0 0 0 0 1 0 0 0 0 0 0 0 0 0
0 0 0 0 0 0 1 0 0 0 0 0 0 0 1 0 0 0 0 0 0 0
0 0 0 0 0 0 0 0 0 0 0 0 0 0 0 0 0 0 0 0 0 0
0 0 0 0 1 0 0 0 0 0 0 0 0 0 0 0 1 0 0 0 0 0
0 0 0 0 0 0 0 0 0 0 1 0 0 0 0 0 1 0 0 0 0 0
0 0 0 0 0 0 0 0 0 0 1 0 0 0 0 0 0 0 0 0 0 0
0 0 0 0 0 0 0 0 0 0 0 0 0 0 0 0 0 0 0 0 0 0
0 0 0 0 1 1 1 1 1 1 1 1 1 1 1 1 1 0 0 0 0 0
0 0 0 0 1 1 1 1 1 1 1 1 1 1 1 1 1 0 0 0 0 0
0 0 0 0 1 1 1 1 1 1 1 1 1 1 1 1 1 0 0 0 0 0
0 0 0 0 1 1 1 1 1 1 1 1 1 0 0 0 0 0 0 0 0 0
0 0 0 0 1 1 1 1 1 1 1 1 1 1 1 1 0 0 0 0 0 0
0 0 0 0 1 1 1 1 1 0 0 0 0 1 0 0 0 0 0 0 0 0
0 0 0 0 0 0 0 0 0 0 0 0 0 0 0 0 0 0 0 0 0 0
0 0 0 0 0 0 0 0 0 0 0 0 0 0 0 0 0 0 0 0 0 0

y
0.0 4.0 0.0 0.0 0.0 0.0 0.0 0.0 0.0 2.2857142857142856 0.0 0.0 0.0 2.0 0.0 0.0 0.0 0.0 0.0 0.0 0.0 0.0 0.0 2.0 0.0 0.0 0.0 0.0 0.0 0.0 0.0 0.0 0.52 0.0 0.0 0.0 0.0

k
0 1 1 0 0 3 0 0 0 6 0 0 3 1 2 0 1 0 2 0 0 2 0 1 2 0 1 0 6 0 0 0 17 1 7 13 2

f
0.0 8.75 8.75 0.0 0.0 0.0 0.0 0.0 0.0 0.0 0.0 0.0 1.75 0.0 0.0 0.0 0.0 0.0 0.0 0.0 0.0 0.0
0.0 2.5 0.0 0.0 1.0 0.0 0.0 0.0 0.0 0.0 0.0 0.0 0.0 0.0 0.0 0.0 0.0 0.0 0.0 0.0 0.0 0.0
0.0 0.0 0.0 0.0 0.0 0.0 0.0 0.0 0.0 0.0 0.0 0.0 0.0 0.0 0.0 0.0 0.0 0.0 0.0 0.0 0.0 0.0
0.0 0.0 0.75 0.0 0.75 0.0 0.0 0.0 1.25 3.75 2.75 1.25 8.75 0.25 0.0 0.0 0.0 0.0 0.0 0.0 0.0 0.0

L
4 10 4 4 2 0 6 0 0 4 12 0 0 8 0 0 0 0 2 0 4 0 0 8 0 12 6 0 0 1 1 1 1 1 1 0 0

g
0 0 0 0 0 0 0 0 0 0 0 0 0 0 0 0 0 0 0 0 0 0
0 0 0 0 0 0 0 0 0 0 0 0 0 0 0 0 0 0 0 0 0 0
0 0 0 0 0 0 0 0 0 0 0 0 0 0 0 0 0 0 0 0 0 0
0 0 0 0 0 0 0 0 0 0 0 0 0 0 0 0 0 0 0 0 0 0
0 0 0 0 0 0 0 0 0 0 0 0 0 0 0 0 0 0 0 0 0 0
0 0 0 0 0 0 0 0 0 0 0 0 0 0 0 0 0 0 0 0 0 0
0 0 0 0 0 0 0 0 0 0 0 0 0 0 0 0 0 0 0 0 0 0
0 0 0 0 0 0 0 0 0 0 0 0 0 0 0 0 0 0 0 0 0 0
0 0 0 0 0 0 0 0 0 0 0 0 0 0 0 0 0 0 0 0 0 0
0 0 0 0 0 0 0 0 0 0 0 0 0 0 0 0 0 0 0 0 0 0
0 0 0 0 0 0 0 0 0 0 0 0 0 0 0 0 0 0 0 0 0 0
0 0 0 0 0 0 0 0 0 0 0 0 0 0 0 0 0 0 0 0 0 0
0 0 0 0 0 0 0 0 0 0 0 0 0 0 0 0 0 0 0 0 0 0
0 0 0 0 0 0 0 0 0 0 0 0 0 0 0 0 0 0 0 0 0 0
0 0 0 0 0 0 0 0 0 0 0 0 0 0 0 0 0 0 0 0 0 0
0 0 0 0 0 0 0 0 0 0 0 0 0 0 0 0 0 0 0 0 0 0
0 0 0 0 0 0 0 0 0 0 0 0 0 0 0 0 0 0 0 0 0 0
0 0 0 0 0 0 0 0 0 0 0 0 0 0 0 0 0 0 0 0 0 0
0 0 0 0 0 0 0 0 0 0 0 0 0 0 0 0 0 0 0 0 0 0
0 0 0 0 0 0 0 0 0 0 0 0 0 0 0 0 0 0 0 0 0 0
0 0 0 0 0 0 0 0 0 0 0 0 0 0 0 0 0 0 0 0 0 0
0 0 0 0 0 0 0 0 0 0 0 0 0 0 0 0 0 0 0 0 0 0
0 0 0 0 0 0 0 0 0 0 0 0 0 0 0 0 0 0 0 0 0 0
0 0 0 0 0 0 0 0 0 0 0 0 0 0 0 0 0 0 0 0 0 0
0 0 0 0 0 0 0 0 0 0 0 0 0 0 0 0 0 0 0 0 0 0
0 0 0 0 0 0 0 0 0 0 0 0 0 0 0 0 0 0 0 0 0 0
0 0 0 0 0 0 0 0 0 0 0 0 0 0 0 0 0 0 0 0 0 0
0 0 0 0 0 0 0 0 0 0 0 0 0 0 0 0 0 0 0 0 0 0
0 0 0 0 0 0 0 0 0 0 0 0 0 0 0 0 0 0 0 0 0 0
0 0 0 0 0 0 0 0 0 0 0 0 0 0 0 0 0 0 0 0 0 0
0 0 0 0 0 0 0 0 0 0 0 0 0 0 0 0 0 0 0 0 0 0
0 0 0 0 0 0 0 0 0 0 0 0 0 0 0 0 0 0 0 0 0 0
0 0 0 0 0 0 0 0 0 0 0 0 0 0 0 0 0 0 0 0 0 0
0 0 0 0 0 0 0 0 0 0 0 0 0 0 0 0 0 0 0 0 0 0
0 0 0 0 0 0 0 0 0 0 0 0 0 0 0 0 0 0 0 0 0 0
0 0 0 0 0 0 0 0 0 0 0 0 0 0 0 0 0 0 0 0 0 0
0 0 0 0 0 0 0 0 0 0 0 0 0 0 0 0 0 0 0 0 0 0

I cap
1058.909090909091 1058.909090909091 980.477090909066 935.8270909090759 619.4600000000215 767.50200000002 792.5309999999915 1085.4959999999503 662.6819999999971 876.6070000000093 436.7039999999939 620.5999999999966 544.4910000000012 881.6320000000026 698.8809999999951 741.9700909090884 396.37909090910637 708.8910909090825 743.4520909090899 980.477090909091 1058.909090909091 1058.909090909091
107.96969696969697 107.96969696969697 104.70169696969697 104.70169696969697 29.260000000000698 44.718000000000416 15.02900000000001 38.554000000000585 32.0179999999998 83.54299999999985 62.995999999999896 61.04999999999981 76.10899999999954 93.66800000000006 105.71900000000011 92.40869696969696 4.799696969696644 45.68769696969761 47.22669696969703 104.70169696969697 107.96969696969697 107.96969696969697
38.96666666666666 38.96666666666666 38.96666666666666 38.96666666666666 20.413333333333348 6.272083333333335 7.282083333333351 19.808750000000003 0.6254166666666858 18.616666666666674 3.5666666666666673 22.75 3.9166666666666705 15.81666666666667 10.91666666666667 25.66666666666667 18.383333333333333 18.383333333333333 25.03333333333333 38.96666666666666 38.96666666666666 38.96666666666666
45.24545454545453 45.24545454545453 44.64695454545453 38.196454545454515 15.692999999999723 26.28749999999973 23.47549999999958 26.629999999999622 22.458499999999802 29.57149999999965 22.857999999999652 14.651499999999809 15.284499999999907 22.098999999999904 16.04049999999987 28.4304545454542 32.581954545453954 41.027454545454525 41.226954545454525 44.64695454545453 45.24545454545453 45.24545454545453
20.999999999999993 20.999999999999993 20.800499999999992 20.467999999999993 5.494500000000006 13.378500000001367 7.830000000000112 11.376999999999928 7.484500000000061 10.011500000000147 10.47150000000002 9.76849999999988 8.79300000000041 15.719000000000921 8.139999999999961 8.193999999999974 8.67850000000034 14.57800000000051 17.49449999999996 20.800499999999992 20.999999999999993 20.999999999999993
345.75757575757575 345.75757575757575 341.96707575757574 303.8899581105169 182.9899411764706 201.42250000000237 203.9055000000005 185.14750000000046 234.67600000000294 202.94600000000293 128.176 120.79449999999957 200.34950000000362 248.1630000000031 202.8224999999998 188.99807575757697 239.1781934046351 298.40063458110575 322.0170757575767 341.96707575757574 345.75757575757575 345.75757575757575
779.7575757575758 779.7575757575758 765.5930757575758 660.8555757575758 393.2414999999984 542.3960000000001 643.8905000000027 643.9755000000001 682.1285 689.2675 567.3565000000035 588.9265000000004 670.4335000000011 840.1890000000002 763.7740000000008 637.5140757575765 634.9680757575766 712.1935757575758 716.9150757575758 765.5930757575758 779.7575757575758 779.7575757575758
80.73333333333335 80.73333333333335 80.13483333333335 79.46983333333334 59.20783333333252 78.32999999999998 70.94699999999999 76.11949999999997 73.26599999999998 81.47199999999998 70.14899999999999 78.20349999999998 87.0025 89.92199999999997 79.21349999999998 69.16233333333328 71.43599999999998 77.88333333333334 78.08283333333334 80.13483333333335 80.73333333333335 80.73333333333335
10.775757575757575 10.775757575757575 10.775757575757575 9.578757575757574 3.6500000000000132 2.6179999999999866 1.6330000000000053 2.4024999999999896 3.1024999999999774 0.2174999999999806 0.8699999999999917 0.9524999999999881 2.947500000000008 5.562999999999998 3.8090000000000246 0.2022575757575779 1.9407575757575741 6.215757575757574 6.215757575757578 10.775757575757575 10.775757575757575 10.775757575757575
2.545454545454545 2.545454545454545 1.946954545454545 0.749954545454545 1.2894999999999999 0.11750000000000005 1.1184999999999858 0.04799999999999982 0.6339999999999981 0.5040000000000001 0.9189999999999985 0.20300000000000007 0.602 0.1050000000000002 0.1904999999999999 0.8639545454545262 0.3224545454545432 1.0634545454545337 1.2629545454545328 1.946954545454545 2.545454545454545 2.545454545454545
8.515433299825174 8.515433299825174 8.515433299825174 7.843019506721726 3.751576666666664 4.031049655172433 3.7641102672414646 6.077480172413896 7.330744827586276 6.515478189655337 7.144775362069215 7.28882398275882 7.09509018965514 6.003809310344909 5.927262844827675 5.7448863793103975 6.048606732758675 7.261314951149453 6.69082000862069 7.4806875 7.546136159874608 8.656057586206897
700.0 700.0 700.0 698.0999999999999 687.65 686.6999999999998 680.9999999999999 690.4999999999998 682.8999999999997 688.5999999999998 680.9999999999998 688.5999999999998 683.8499999999998 686.6999999999998 680.9999999999999 684.7999999999997 678.1499999999997 687.6499999999997 688.5999999999998 698.1 700.0 696.1999999999999

H cap
1.75 -8.75 -8.75 1.75 1.75 1.75 1.75 1.75 12.25 1.75 43.75 43.75 -1.75 8.75 131.25 131.25 131.25 131.25 131.25 131.25 131.25 131.25
17.5 -2.5 4.5 6.5 -1.0 2.0 7.0 7.0 13.0 13.0 13.0 16.0 10.5 22.5 52.5 52.5 52.5 52.5 52.5 52.5 52.5 52.5
42.0 38.5 38.5 42.0 45.5 45.5 45.5 45.5 49.0 45.5 42.0 42.0 42.0 45.5 63.0 63.0 63.0 63.0 63.0 63.0 63.0 63.0
13.25 1.75 -0.75 1.75 -0.75 0.75 6.25 6.25 -1.25 -3.75 -2.75 -1.25 -8.75 -0.25 78.75 78.75 78.75 78.75 78.75 78.75 78.75 78.75

Gap
NaN

Time
NaN

