T P M C
22 37 4 12

base obj
12.717032967032964

exp obj
13.996108058608057

Objective struct
12.717032967032964 0.0 17.833333333333336

num campaigns
104

x
0 0 0 0 1 0 0 0 1 0 0 0 1 0 0 0 1 0 0 0 0 0
0 0 0 0 1 0 0 0 0 0 0 0 0 0 0 0 0 0 0 0 0 0
0 0 0 0 0 0 0 0 0 0 1 0 0 0 1 0 0 0 0 0 0 0
0 0 0 0 1 0 0 0 0 0 1 0 0 0 0 0 1 0 0 0 0 0
0 0 0 0 0 0 1 0 0 0 1 0 1 0 1 0 1 0 0 0 0 0
0 0 0 0 0 0 0 0 0 0 0 0 1 0 0 0 0 0 0 0 0 0
0 0 0 0 1 0 0 0 0 0 1 0 0 0 0 0 1 0 0 0 0 0
0 0 0 0 0 0 1 0 0 0 0 0 0 0 0 0 0 0 0 0 0 0
0 0 0 0 0 0 0 0 1 0 0 0 0 0 0 0 0 0 0 0 0 0
0 0 0 0 0 0 0 0 0 0 0 0 1 0 1 0 0 0 0 0 0 0
0 0 0 0 1 0 0 0 0 0 0 0 0 0 0 0 1 0 0 0 0 0
0 0 0 0 0 0 0 0 0 0 0 0 0 1 0 0 0 0 0 0 0 0
0 0 0 0 0 0 0 0 0 0 0 0 0 0 0 0 1 0 0 0 0 0
0 0 0 0 1 0 0 0 0 0 1 0 0 0 0 0 0 0 0 0 0 0
0 0 0 0 0 0 0 0 0 0 0 0 0 0 0 0 0 0 0 0 0 0
0 0 0 0 0 0 1 0 0 0 0 0 0 0 0 0 0 0 0 0 0 0
0 0 0 0 0 0 0 0 0 0 1 0 0 0 0 0 1 0 0 0 0 0
0 0 0 0 0 0 0 0 0 0 0 0 0 0 1 0 0 0 0 0 0 0
0 0 0 0 0 0 0 0 1 0 0 1 0 1 0 1 0 0 0 0 0 0
0 0 0 0 1 0 0 0 0 0 0 0 0 0 0 0 0 0 0 0 0 0
0 0 0 0 1 0 0 0 0 0 1 0 0 0 0 0 1 0 0 0 0 0
0 0 0 0 0 0 0 0 0 0 0 0 0 0 0 0 0 0 0 0 0 0
0 0 0 0 0 0 1 0 0 0 0 0 0 0 0 0 0 0 0 0 0 0
0 0 0 0 0 0 0 0 1 0 0 0 0 0 1 0 0 0 0 0 0 0
0 0 0 0 0 0 0 0 0 0 0 0 0 0 0 0 0 0 0 0 0 0
0 0 0 0 1 0 0 0 0 0 0 0 0 0 0 0 1 0 0 0 0 0
0 0 0 0 0 0 0 0 1 0 0 0 0 0 1 0 0 0 0 0 0 0
0 0 0 0 0 0 0 0 0 0 1 0 0 0 0 0 0 0 0 0 0 0
0 0 0 0 0 0 0 0 0 0 0 0 0 0 0 0 0 0 0 0 0 0
0 0 0 0 1 1 1 1 1 1 1 1 1 1 1 1 1 0 0 0 0 0
0 0 0 0 0 1 1 1 1 1 1 1 1 1 1 1 1 0 0 0 0 0
0 0 0 0 0 1 1 1 1 1 1 1 1 0 1 1 1 0 0 0 0 0
0 0 0 0 0 0 0 0 1 1 1 1 1 0 0 1 1 0 0 0 0 0
0 0 0 0 0 0 1 1 1 1 1 1 1 0 1 1 1 0 0 0 0 0
0 0 0 0 0 0 0 0 1 0 0 0 1 0 0 0 0 0 0 0 0 0
0 0 0 0 0 0 0 0 0 0 0 0 0 0 0 0 0 0 0 0 0 0
0 0 0 0 0 0 0 0 0 0 0 0 0 0 0 0 0 0 0 0 0 0

y
0.0 0.0 0.0 0.0 0.0 0.0 0.0 0.0 0.0 0.2857142857142858 0.0 0.0 0.0 0.0 0.0 0.0 0.0 0.0 0.0 0.0 0.0 0.0 0.0 0.0 0.0 0.0 0.0 0.0 0.0 0.0 0.0 0.0 0.52 0.0 3.0 0.0 0.0

k
0 2 2 0 0 2 0 0 0 6 0 0 2 1 2 0 0 0 3 0 0 2 0 1 2 0 1 0 6 0 1 2 19 3 11 13 2

f
8.75 8.75 1.75 1.75 0.0 0.0 0.0 0.0 0.0 0.0 0.0 0.0 0.0 0.0 0.0 0.0 0.0 0.0 0.0 0.0 0.0 0.0
0.0 0.0 0.0 0.0 0.0 0.0 0.0 0.0 0.0 0.0 0.0 0.0 1.0 0.0 0.0 0.0 0.0 0.0 0.0 0.0 0.0 0.0
0.0 0.0 0.0 0.0 0.0 0.0 0.0 0.0 0.0 0.0 0.0 0.0 0.0 0.0 0.0 0.0 0.0 0.0 0.0 0.0 0.0 0.0
0.0 3.25 0.25 1.75 0.0 0.75 0.0 2.25 0.0 1.75 2.25 0.0 10.75 0.75 0.0 0.0 0.0 0.0 0.0 0.0 0.0 0.0

L
4 0 4 6 2 0 6 0 0 2 12 0 0 6 0 0 6 0 2 0 6 0 0 6 0 12 6 0 0 1 1 1 1 1 4 0 0

g
0 0 0 0 0 0 0 0 0 0 0 0 0 0 0 0 0 0 0 0 0 0
0 0 0 0 0 0 0 0 0 0 0 0 0 0 0 0 0 0 0 0 0 0
0 0 0 0 0 0 0 0 0 0 0 0 0 0 0 0 0 0 0 0 0 0
0 0 0 0 0 0 0 0 0 0 0 0 0 0 0 0 0 0 0 0 0 0
0 0 0 0 0 0 0 0 0 0 0 0 0 0 0 0 0 0 0 0 0 0
0 0 0 0 0 0 0 0 0 0 0 0 0 0 0 0 0 0 0 0 0 0
0 0 0 0 0 0 0 0 0 0 0 0 0 0 0 0 0 0 0 0 0 0
0 0 0 0 0 0 0 0 0 0 0 0 0 0 0 0 0 0 0 0 0 0
0 0 0 0 0 0 0 0 0 0 0 0 0 0 0 0 0 0 0 0 0 0
0 0 0 0 0 0 0 0 0 0 0 0 0 0 0 0 0 0 0 0 0 0
0 0 0 0 0 0 0 0 0 0 0 0 0 0 0 0 0 0 0 0 0 0
0 0 0 0 0 0 0 0 0 0 0 0 0 0 0 0 0 0 0 0 0 0
0 0 0 0 0 0 0 0 0 0 0 0 0 0 0 0 0 0 0 0 0 0
0 0 0 0 0 0 0 0 0 0 0 0 0 0 0 0 0 0 0 0 0 0
0 0 0 0 0 0 0 0 0 0 0 0 0 0 0 0 0 0 0 0 0 0
0 0 0 0 0 0 0 0 0 0 0 0 0 0 0 0 0 0 0 0 0 0
0 0 0 0 0 0 0 0 0 0 0 0 0 0 0 0 0 0 0 0 0 0
0 0 0 0 0 0 0 0 0 0 0 0 0 0 0 0 0 0 0 0 0 0
0 0 0 0 0 0 0 0 0 0 0 0 0 0 0 0 0 0 0 0 0 0
0 0 0 0 0 0 0 0 0 0 0 0 0 0 0 0 0 0 0 0 0 0
0 0 0 0 0 0 0 0 0 0 0 0 0 0 0 0 0 0 0 0 0 0
0 0 0 0 0 0 0 0 0 0 0 0 0 0 0 0 0 0 0 0 0 0
0 0 0 0 0 0 0 0 0 0 0 0 0 0 0 0 0 0 0 0 0 0
0 0 0 0 0 0 0 0 0 0 0 0 0 0 0 0 0 0 0 0 0 0
0 0 0 0 0 0 0 0 0 0 0 0 0 0 0 0 0 0 0 0 0 0
0 0 0 0 0 0 0 0 0 0 0 0 0 0 0 0 0 0 0 0 0 0
0 0 0 0 0 0 0 0 0 0 0 0 0 0 0 0 0 0 0 0 0 0
0 0 0 0 0 0 0 0 0 0 0 0 0 0 0 0 0 0 0 0 0 0
0 0 0 0 0 0 0 0 0 0 0 0 0 0 0 0 0 0 0 0 0 0
0 0 0 0 0 0 0 0 0 0 0 0 0 0 0 0 0 0 0 0 0 0
0 0 0 0 0 0 0 0 0 0 0 0 0 0 0 0 0 0 0 0 0 0
0 0 0 0 0 0 0 0 0 0 0 0 0 0 0 0 0 0 0 0 0 0
0 0 0 0 0 0 0 0 0 0 0 0 0 0 0 0 0 0 0 0 0 0
0 0 0 0 0 0 0 0 0 0 0 0 0 0 0 0 0 0 0 0 0 0
0 0 0 0 0 0 0 0 0 0 0 0 0 0 0 0 0 0 0 0 0 0
0 0 0 0 0 0 0 0 0 0 0 0 0 0 0 0 0 0 0 0 0 0
0 0 0 0 0 0 0 0 0 0 0 0 0 0 0 0 0 0 0 0 0 0

I cap
1058.909090909091 1058.909090909091 961.0970909090679 916.4470909090804 675.605000000027 866.1120000000196 831.9559999999835 1098.2449999999549 709.8209999999998 935.1270000000094 437.3689999999922 674.4459999999933 552.0530000000017 805.8599999999989 613.2289999999957 628.4070909090879 298.2440909091039 705.3760909090846 755.897090909087 980.477090909091 1058.909090909091 1058.909090909091
107.96969696969697 107.96969696969697 104.70169696969697 104.70169696969697 36.00500000000051 52.888000000000055 46.09400000000005 65.7050000000003 43.77899999999968 82.02300000000012 73.73100000000008 91.75399999999989 66.64699999999986 18.389999999999755 51.72100000000015 37.821696969697015 14.58469696969669 43.502696969697126 51.88169696969702 104.70169696969697 107.96969696969697 107.96969696969697
38.96666666666666 38.96666666666666 15.279999999999994 15.279999999999994 14.839999999999982 28.06666666666667 27.36666666666669 38.50000000000001 33.250000000000014 32.55000000000001 10.216666666666667 8.816666666666675 3.9166666666666696 11.058750000000003 12.808750000000003 13.625416666666666 6.342083333333348 18.383333333333333 25.03333333333333 38.96666666666666 38.96666666666666 38.96666666666666
45.24545454545453 45.24545454545453 44.64695454545453 38.19645454545453 18.875499999999818 30.277499999999847 29.479499999999554 30.306499999999648 24.168499999999828 27.291499999999655 21.68949999999966 20.607999999999812 15.16099999999989 16.436999999999905 10.197999999999922 20.440954545454137 30.130954545453907 43.972454545454525 44.295454545454525 44.64695454545453 45.24545454545453 45.24545454545453
20.999999999999993 20.999999999999993 20.800499999999992 20.467999999999993 10.890500000000003 19.42050000000141 14.166500000000118 12.602499999999896 9.764500000000215 10.011500000000295 9.132000000000055 10.99399999999994 8.916500000000319 13.258500000000845 6.135500000000048 5.904499999999999 7.025500000000289 15.034000000000523 17.950500000000005 20.800499999999992 20.999999999999993 20.999999999999993
345.75757575757575 345.75757575757575 341.96707575757574 335.1840757575757 212.34438235294118 194.55344117647073 188.17350000000133 181.79400000000086 209.5960000000042 220.99600000000254 159.6399999999996 146.98600000000073 217.37461764706202 245.02744117647447 219.02894117647142 201.17707575757822 225.91619340463544 240.070634581106 292.56707575757605 341.96707575757574 345.75757575757575 345.75757575757575
779.7575757575758 779.7575757575758 765.5930757575758 735.6680757575758 575.2519999999985 704.1620000000003 786.932000000006 673.9764999999998 692.5310000000001 691.7375000000002 535.0185000000013 611.8690000000001 682.6410000000008 815.2135 660.3380000000036 478.7975757575762 542.0580757575761 691.5405757575758 719.8695757575757 765.5930757575758 779.7575757575758 779.7575757575758
80.73333333333335 80.73333333333335 80.13483333333335 79.46983333333334 64.66399999999916 87.374 76.90033333333332 77.34499999999997 74.97599999999997 81.47199999999998 69.37949999999995 79.42899999999997 84.73199999999999 87.90166666666664 77.80433333333332 64.36483333333331 69.00083333333333 76.83200000000001 80.13483333333335 80.13483333333335 80.73333333333335 80.73333333333335
10.775757575757575 10.775757575757575 10.775757575757575 9.578757575757574 6.690000000000008 2.9979999999999807 0.6830000000000074 3.114999999999974 0.48999999999999533 0.9774999999999876 1.2215000000000007 0.4109999999999907 1.3895000000000044 7.139999999999972 8.920000000000012 6.2157575757575625 2.1972575757575807 0.6867575757575768 4.705257575757578 10.775757575757575 10.775757575757575 10.775757575757575
2.545454545454545 2.545454545454545 1.946954545454545 0.7499545454545451 1.2894999999999999 0.1175 1.1184999999999892 0.048000000000000265 0.6339999999999996 0.5040000000000001 0.9189999999999948 0.20300000000000007 0.602 0.36150000000000004 0.21899999999999964 0.6644545454545364 0.6929545454545424 0.32245454545452834 0.8924545454545157 1.946954545454545 2.545454545454545 2.545454545454545
8.515433299825174 8.515433299825174 8.515433299825174 8.170605713618277 5.1165190316092115 5.941969195402315 5.2382483620690286 6.902997413793189 7.579710181034525 7.170650439655359 7.144775362069208 6.954686215517409 6.518538629310392 6.140303563218447 5.970940841954106 5.761265525862131 5.737399836206963 5.950970287356355 6.363233965517242 7.4806875 7.546136159874608 8.000885172413794
700.0 700.0 699.05 696.1999999999999 682.9 687.6499999999997 680.9999999999999 690.5 684.7999999999998 688.5999999999999 678.1499999999997 684.7999999999997 684.7999999999998 691.4499999999997 681.9499999999998 681.9499999999996 677.1999999999997 681.9499999999998 688.5999999999999 697.15 700.0 695.25

H cap
-8.75 -8.75 -1.75 -1.75 5.25 5.25 33.25 22.75 12.25 1.75 15.75 26.25 5.25 15.75 131.25 131.25 131.25 131.25 131.25 131.25 131.25 131.25
30.0 21.0 21.5 18.5 11.5 8.5 3.5 3.5 5.5 12.5 20.0 13.0 -1.0 14.0 52.5 52.5 52.5 52.5 52.5 52.5 52.5 52.5
42.0 42.0 49.0 49.0 45.5 45.5 49.0 45.5 49.0 49.0 38.5 38.5 35.0 38.5 63.0 63.0 63.0 63.0 63.0 63.0 63.0 63.0
1.25 -3.25 -0.25 -1.75 0.75 -0.75 0.25 -2.25 3.75 -1.75 -2.25 3.25 -10.75 -0.75 78.75 78.75 78.75 78.75 78.75 78.75 78.75 78.75

Gap
NaN

Time
NaN

