T P M C
22 37 4 12

base obj
12.527472527472527

exp obj
13.895604395604396

Objective struct
12.527472527472527 0.0 18.0

num campaigns
112

x
0 0 0 0 1 0 0 0 1 0 0 0 1 0 0 0 1 0 0 0 0 0
0 0 0 0 0 0 0 0 0 0 0 0 0 0 0 0 0 0 0 0 0 0
0 0 0 0 0 0 0 0 0 0 1 0 1 0 0 0 1 0 0 0 0 0
0 0 0 0 1 0 0 0 0 1 0 0 0 0 1 0 0 0 0 0 0 0
0 0 0 0 1 0 1 0 0 0 1 0 1 0 1 0 0 0 0 0 0 0
0 0 0 0 0 0 1 0 0 0 0 0 1 0 0 0 0 0 0 0 0 0
0 0 0 0 1 0 0 0 0 0 1 0 0 0 0 0 1 0 0 0 0 0
0 0 0 0 0 0 0 0 0 0 1 0 0 0 0 0 0 0 0 0 0 0
0 0 0 0 0 0 0 0 1 0 0 0 0 0 0 0 0 0 0 0 0 0
0 0 0 0 0 0 0 0 0 0 1 0 0 0 0 0 1 0 0 0 0 0
0 0 0 0 1 0 0 0 0 0 0 0 0 0 0 0 1 0 0 0 0 0
0 0 0 0 0 0 0 0 0 0 0 0 0 1 0 0 0 0 0 0 0 0
0 0 0 0 0 0 0 0 0 0 0 0 0 0 0 0 1 0 0 0 0 0
0 0 0 0 1 0 0 0 0 0 1 0 0 0 0 0 0 0 0 0 0 0
0 0 0 0 0 0 0 0 0 0 0 0 0 0 0 0 0 0 0 0 0 0
0 0 0 0 0 0 0 0 0 0 0 0 0 0 1 0 0 0 0 0 0 0
0 0 0 0 0 0 0 0 0 0 0 0 0 0 0 0 0 0 0 0 0 0
0 0 0 0 0 0 1 0 0 0 0 0 0 0 0 0 0 0 0 0 0 0
0 0 0 0 1 0 1 0 1 0 1 0 0 0 1 0 1 0 0 0 0 0
0 0 0 0 1 0 0 0 0 0 0 0 0 0 0 0 0 0 0 0 0 0
0 0 0 0 1 0 0 0 0 0 1 0 0 0 0 0 1 0 0 0 0 0
0 0 0 0 0 0 0 0 0 0 0 0 0 0 0 0 0 0 0 0 0 0
0 0 0 0 0 0 1 0 0 0 0 0 0 0 0 0 0 0 0 0 0 0
0 0 0 0 0 0 0 0 1 0 0 0 0 0 1 0 0 0 0 0 0 0
0 0 0 0 0 0 0 0 0 0 0 0 0 0 0 0 0 0 0 0 0 0
0 0 0 0 1 0 0 0 0 0 0 0 0 0 0 0 1 0 0 0 0 0
0 0 0 0 0 0 0 0 1 0 0 0 0 0 1 0 0 0 0 0 0 0
0 0 0 0 0 0 0 0 0 0 0 0 0 0 1 0 0 0 0 0 0 0
0 0 0 0 0 0 0 0 0 0 0 0 0 0 0 0 0 0 0 0 0 0
0 0 0 0 1 1 1 1 1 1 1 1 1 1 1 1 1 0 0 0 0 0
0 0 0 0 1 1 1 1 1 1 1 1 1 1 1 1 1 0 0 0 0 0
0 0 0 0 1 1 1 1 1 1 1 1 1 0 1 1 1 0 0 0 0 0
0 0 0 0 0 0 1 1 0 0 0 1 1 0 0 0 0 0 0 0 0 0
0 0 0 0 1 1 1 1 1 1 1 1 1 0 1 1 1 0 0 0 0 0
0 0 0 0 1 0 1 1 1 0 1 1 1 0 0 0 1 0 0 0 0 0
0 0 0 0 0 0 0 0 0 0 0 0 0 0 0 0 0 0 0 0 0 0
0 0 0 0 0 0 0 0 0 0 0 0 0 0 0 0 0 0 0 0 0 0

y
0.0 0.0 0.0 0.0 0.0 0.0 0.0 0.0 0.0 4.285714285714286 0.0 0.0 0.0 0.0 0.0 0.0 0.0 0.0 0.0 0.0 0.0 0.0 0.0 0.0 0.0 0.0 0.0 0.0 0.0 0.0 0.0 0.0 0.52 0.0 0.0 0.0 0.0

k
0 3 1 0 0 1 0 0 0 6 0 0 2 1 2 0 2 0 1 0 0 2 0 1 2 0 1 0 6 0 0 1 22 1 5 13 2

f
0.0 0.0 0.0 0.0 0.0 5.25 0.0 0.0 0.0 0.0 8.75 0.0 0.0 0.0 0.0 0.0 0.0 0.0 0.0 0.0 0.0 0.0
0.0 0.0 0.0 0.0 0.0 0.0 0.0 2.0 0.0 0.0 0.0 0.0 0.0 0.0 0.0 0.0 0.0 0.0 0.0 0.0 0.0 0.0
0.0 0.0 0.0 0.0 0.0 0.0 0.0 0.0 0.0 0.0 0.0 0.0 0.0 0.0 0.0 0.0 0.0 0.0 0.0 0.0 0.0 0.0
0.0 5.75 0.0 2.25 0.75 2.75 0.75 0.0 0.0 0.75 7.25 0.25 3.75 0.0 0.0 0.0 0.0 0.0 0.0 0.0 0.0 0.0

L
4 0 2 5 2 6 6 0 0 6 12 0 0 6 0 0 0 0 2 0 6 0 0 6 0 12 6 0 0 1 1 1 1 1 1 0 0

g
0 0 0 0 0 0 0 0 0 0 0 0 0 0 0 0 0 0 0 0 0 0
0 0 0 0 0 0 0 0 0 0 0 0 0 0 0 0 0 0 0 0 0 0
0 0 0 0 0 0 0 0 0 0 0 0 0 0 0 0 0 0 0 0 0 0
0 0 0 0 0 0 0 0 0 0 0 0 0 0 0 0 0 0 0 0 0 0
0 0 0 0 0 0 0 0 0 0 0 0 0 0 0 0 0 0 0 0 0 0
0 0 0 0 0 0 0 0 0 0 0 0 0 0 0 0 0 0 0 0 0 0
0 0 0 0 0 0 0 0 0 0 0 0 0 0 0 0 0 0 0 0 0 0
0 0 0 0 0 0 0 0 0 0 0 0 0 0 0 0 0 0 0 0 0 0
0 0 0 0 0 0 0 0 0 0 0 0 0 0 0 0 0 0 0 0 0 0
0 0 0 0 0 0 0 0 0 0 0 0 0 0 0 0 0 0 0 0 0 0
0 0 0 0 0 0 0 0 0 0 0 0 0 0 0 0 0 0 0 0 0 0
0 0 0 0 0 0 0 0 0 0 0 0 0 0 0 0 0 0 0 0 0 0
0 0 0 0 0 0 0 0 0 0 0 0 0 0 0 0 0 0 0 0 0 0
0 0 0 0 0 0 0 0 0 0 0 0 0 0 0 0 0 0 0 0 0 0
0 0 0 0 0 0 0 0 0 0 0 0 0 0 0 0 0 0 0 0 0 0
0 0 0 0 0 0 0 0 0 0 0 0 0 0 0 0 0 0 0 0 0 0
0 0 0 0 0 0 0 0 0 0 0 0 0 0 0 0 0 0 0 0 0 0
0 0 0 0 0 0 0 0 0 0 0 0 0 0 0 0 0 0 0 0 0 0
0 0 0 0 0 0 0 0 0 0 0 0 0 0 0 0 0 0 0 0 0 0
0 0 0 0 0 0 0 0 0 0 0 0 0 0 0 0 0 0 0 0 0 0
0 0 0 0 0 0 0 0 0 0 0 0 0 0 0 0 0 0 0 0 0 0
0 0 0 0 0 0 0 0 0 0 0 0 0 0 0 0 0 0 0 0 0 0
0 0 0 0 0 0 0 0 0 0 0 0 0 0 0 0 0 0 0 0 0 0
0 0 0 0 0 0 0 0 0 0 0 0 0 0 0 0 0 0 0 0 0 0
0 0 0 0 0 0 0 0 0 0 0 0 0 0 0 0 0 0 0 0 0 0
0 0 0 0 0 0 0 0 0 0 0 0 0 0 0 0 0 0 0 0 0 0
0 0 0 0 0 0 0 0 0 0 0 0 0 0 0 0 0 0 0 0 0 0
0 0 0 0 0 0 0 0 0 0 0 0 0 0 0 0 0 0 0 0 0 0
0 0 0 0 0 0 0 0 0 0 0 0 0 0 0 0 0 0 0 0 0 0
0 0 0 0 0 0 0 0 0 0 0 0 0 0 0 0 0 0 0 0 0 0
0 0 0 0 0 0 0 0 0 0 0 0 0 0 0 0 0 0 0 0 0 0
0 0 0 0 0 0 0 0 0 0 0 0 0 0 0 0 0 0 0 0 0 0
0 0 0 0 0 0 0 0 0 0 0 0 0 0 0 0 0 0 0 0 0 0
0 0 0 0 0 0 0 0 0 0 0 0 0 0 0 0 0 0 0 0 0 0
0 0 0 0 0 0 0 0 0 0 0 0 0 0 0 0 0 0 0 0 0 0
0 0 0 0 0 0 0 0 0 0 0 0 0 0 0 0 0 0 0 0 0 0
0 0 0 0 0 0 0 0 0 0 0 0 0 0 0 0 0 0 0 0 0 0

I cap
1058.909090909091 1058.909090909091 961.0970909090802 961.0970909090886 763.9550000000096 921.3069999999929 797.0720000000034 1102.0639999999878 678.4899999999952 739.1990000000021 571.9839999999954 660.860999999996 546.2579999999971 691.1000000000005 340.48399999999737 659.2060909090891 401.62309090909855 632.8910909090836 728.4420909090894 980.477090909091 1058.909090909091 1058.909090909091
107.96969696969697 107.96969696969697 104.70169696969697 104.701696969697 71.15500000000034 88.89300000000009 88.57800000000007 98.93600000000005 41.859999999999594 61.350999999999765 23.665999999999983 32.18900000000001 51.54200000000006 2.999999999999986 51.815999999999946 70.67269696969672 6.205696969696778 6.7376969696970015 43.23669696969692 104.70169696969697 107.96969696969697 107.96969696969697
38.96666666666666 38.96666666666666 15.279999999999994 15.279999999999994 8.189999999999964 9.37541666666668 2.025416666666678 19.808750000000003 14.55875000000001 32.55000000000001 3.5666666666666673 8.816666666666668 3.9166666666666696 36.4 24.85 32.31666666666666 11.733333333333334 18.383333333333333 18.383333333333333 38.96666666666666 38.96666666666666 38.96666666666666
45.24545454545453 45.24545454545453 44.64695454545453 38.99445454545456 20.74699999999984 31.996999999999698 29.165999999999716 30.486999999999714 22.952499999999766 23.092499999999653 19.922499999999616 15.534999999999958 13.40349999999987 14.859999999999987 10.169500000000035 28.107454545454118 30.159454545454146 36.305954545454526 41.11295454545453 44.64695454545453 45.24545454545453 45.24545454545453
20.999999999999993 20.999999999999993 20.800499999999992 20.467999999999993 8.639000000000014 17.169000000000892 10.870000000000365 12.593000000000359 9.156500000000138 7.066500000000135 9.702000000000167 9.170000000000076 6.712500000000185 10.750500000000757 4.796000000000138 10.322 8.365000000000308 10.61650000000042 15.404500000000008 20.800499999999992 20.999999999999993 20.999999999999993
345.75757575757575 345.75757575757575 341.96707575757574 310.6729581105169 194.02894117647054 212.94600000000068 238.41900000000274 217.41900000000106 230.9710000000027 214.72600000000264 165.70100000000014 176.3695000000006 272.2371176470603 230.52094117647255 190.0254411764743 206.6015757575774 210.60219340463436 260.6761345811041 322.663075757576 341.96707575757574 345.75757575757575 345.75757575757575
779.7575757575758 779.7575757575758 765.5930757575758 765.5930757575758 609.2240000000021 690.3015 673.5590000000019 710.3425 816.8575000000003 752.2524999999998 630.512500000002 633.6145000000009 643.6340000000017 708.9180000000001 652.2915000000007 645.0570757575761 639.9460757575783 667.9995757575757 695.1410757575758 765.5930757575758 779.7575757575758 779.7575757575758
80.73333333333335 80.73333333333335 80.13483333333335 79.46983333333334 61.91533333333305 81.52199999999999 71.78299999999997 76.62299999999998 73.45599999999997 78.16599999999998 69.12299999999999 77.40549999999998 82.96499999999999 86.01116666666664 77.03483333333332 67.98433333333331 69.77033333333331 73.2125 78.22533333333335 80.13483333333335 80.73333333333335 80.73333333333335
10.775757575757575 10.775757575757575 10.775757575757575 10.775757575757574 5.3599999999999985 7.139999999999979 6.0600000000000085 3.399999999999985 0.8224999999999869 0.8824999999999914 0.9174999999999951 3.802499999999981 3.8024999999999975 0.9174999999999942 2.2700000000000253 1.2282575757575698 0.18325757575757962 8.115757575757574 10.775757575757577 10.775757575757575 10.775757575757575 10.775757575757575
2.545454545454545 2.545454545454545 1.946954545454545 1.946954545454545 2.002 0.602 1.6029999999999909 0.04799999999999982 0.6339999999999956 0.5040000000000001 0.9189999999999984 0.20300000000000007 0.602 0.36149999999999827 0.21900000000000008 0.6644545454545391 0.6929545454545419 0.32245454545452834 0.8924545454545282 1.946954545454545 2.545454545454545 2.545454545454545
8.515433299825174 8.515433299825174 8.515433299825174 8.170605713618277 4.750714433908051 5.27587724137934 4.6813518103448875 7.060238793103543 8.313503284482856 7.498236646551872 6.571499663793247 6.790893275862262 6.600435344827728 6.140303563218434 6.626113091954127 6.422989500000046 5.494985879310399 6.360453045977026 7.0184063793103455 7.4806875 7.546136159874608 8.000885172413794
700.0 700.0 699.05 697.15 682.8999999999999 687.6499999999997 679.0999999999998 691.4499999999998 684.7999999999998 684.7999999999998 677.1999999999997 682.8999999999999 685.7499999999998 692.3999999999999 683.8499999999998 683.8499999999996 677.1999999999997 684.8 689.5499999999998 698.1 700.0 696.1999999999999

H cap
5.25 5.25 5.25 5.25 5.25 -5.25 5.25 15.75 22.75 12.25 -8.75 1.75 15.75 15.75 131.25 131.25 131.25 131.25 131.25 131.25 131.25 131.25
19.0 7.0 18.5 12.5 8.5 12.0 1.5 -2.0 5.0 15.0 22.0 18.0 4.0 16.0 52.5 52.5 52.5 52.5 52.5 52.5 52.5 52.5
38.5 38.5 49.0 49.0 45.5 42.0 42.0 45.5 52.5 52.5 42.0 42.0 38.5 38.5 63.0 63.0 63.0 63.0 63.0 63.0 63.0 63.0
0.25 -5.75 0.75 -2.25 -0.75 -2.75 -0.75 1.25 3.25 -0.75 -7.25 -0.25 -3.75 2.25 78.75 78.75 78.75 78.75 78.75 78.75 78.75 78.75

Gap
NaN

Time
NaN

