T P M C
22 37 4 12

base obj
12.755494505494504

exp obj
13.941620879120878

Objective struct
12.755494505494504 0.0 17.5

num campaigns
102

x
0 0 0 0 1 0 0 0 1 0 0 0 1 0 0 0 1 0 0 0 0 0
0 0 0 0 1 0 0 0 0 0 0 0 0 0 1 0 0 0 0 0 0 0
0 0 0 0 0 1 0 0 0 1 0 0 0 0 0 0 0 0 0 0 0 0
0 0 0 0 1 0 0 0 0 0 1 0 0 0 0 0 1 0 0 0 0 0
0 0 0 0 0 0 1 0 1 0 1 0 0 1 0 0 1 0 0 0 0 0
0 0 0 0 0 0 0 0 0 0 1 0 0 0 0 0 0 0 0 0 0 0
0 0 0 0 0 0 1 0 0 0 0 1 0 0 0 0 1 0 0 0 0 0
0 0 0 0 0 0 1 0 0 0 0 0 0 0 0 0 0 0 0 0 0 0
0 0 0 0 0 0 0 0 1 0 0 0 0 0 0 0 0 0 0 0 0 0
0 0 0 0 0 0 0 0 0 0 0 1 0 0 1 0 0 0 0 0 0 0
0 0 0 0 1 0 0 0 0 0 0 0 0 0 0 0 1 0 0 0 0 0
0 0 0 0 0 0 0 0 0 0 0 0 0 0 0 0 1 0 0 0 0 0
0 0 0 0 0 0 0 0 0 0 0 0 0 0 0 0 0 0 0 0 0 0
0 0 0 0 1 0 0 0 1 0 0 0 0 0 0 0 0 0 0 0 0 0
0 0 0 0 0 0 0 0 0 0 0 0 0 0 0 0 0 0 0 0 0 0
0 0 0 0 0 0 1 0 0 0 0 0 0 0 0 0 0 0 0 0 0 0
0 0 0 0 0 0 0 0 0 0 1 0 0 0 0 0 1 0 0 0 0 0
0 0 0 0 0 0 0 0 0 0 0 0 1 0 0 0 0 0 0 0 0 0
0 0 0 0 0 0 0 0 1 0 0 0 1 0 1 0 1 0 0 0 0 0
0 0 0 0 1 0 0 0 0 0 0 0 0 0 0 0 0 0 0 0 0 0
0 0 0 0 1 0 0 0 0 1 0 0 0 0 0 1 0 0 0 0 0 0
0 0 0 0 0 0 0 0 0 0 0 0 0 0 0 0 0 0 0 0 0 0
0 0 0 0 0 0 0 0 0 0 0 0 0 0 1 0 0 0 0 0 0 0
0 0 0 0 0 0 1 0 0 0 0 0 1 0 0 0 0 0 0 0 0 0
0 0 0 0 0 0 0 0 0 0 0 0 0 0 0 0 0 0 0 0 0 0
0 0 0 0 1 0 0 0 0 0 0 0 0 0 0 0 1 0 0 0 0 0
0 0 0 0 0 0 0 1 0 0 0 0 0 1 0 0 0 0 0 0 0 0
0 0 0 0 0 0 0 0 0 0 1 0 0 0 0 0 0 0 0 0 0 0
0 0 0 0 0 0 0 0 0 0 0 0 0 0 0 0 0 0 0 0 0 0
0 0 0 0 1 0 1 1 1 1 1 1 1 1 1 1 1 0 0 0 0 0
0 0 0 0 0 0 1 1 1 1 1 1 1 1 1 1 1 0 0 0 0 0
0 0 0 0 0 0 1 1 1 1 1 1 1 1 1 1 1 0 0 0 0 0
0 0 0 0 0 0 0 0 1 0 1 1 0 0 1 0 0 0 0 0 0 0
0 0 0 0 0 0 1 1 1 1 1 1 1 1 1 1 1 0 0 0 0 0
0 0 0 0 0 0 0 0 0 1 0 0 1 1 1 0 0 0 0 0 0 0
0 0 0 0 0 0 0 0 0 0 0 0 0 0 0 0 0 0 0 0 0 0
0 0 0 0 0 0 0 0 0 0 0 0 0 0 0 0 0 0 0 0 0 0

y
0.0 4.0 0.0 0.0 0.0 0.0 0.0 0.0 0.0 1.2857142857142858 0.0 0.0 0.0 0.0 0.0 0.0 0.0 0.0 0.0 0.0 0.0 0.0 0.0 0.0 0.0 0.0 0.0 0.0 0.0 0.0 0.0 0.0 0.52 0.0 0.0 0.0 0.0

k
0 1 2 0 0 2 0 0 0 6 0 0 3 1 2 0 0 0 3 0 0 2 0 1 2 0 1 0 6 1 2 2 22 2 9 13 2

f
0.0 8.75 0.0 5.25 0.0 0.0 0.0 0.0 0.0 5.25 0.0 0.0 5.25 0.0 0.0 0.0 0.0 0.0 0.0 0.0 0.0 0.0
0.0 0.0 0.0 0.0 0.0 0.0 0.0 0.0 0.0 0.0 0.0 0.0 0.0 0.0 0.0 0.0 0.0 0.0 0.0 0.0 0.0 0.0
0.0 0.0 0.0 0.0 0.0 0.0 0.0 0.0 0.0 0.0 0.0 0.0 0.0 0.0 0.0 0.0 0.0 0.0 0.0 0.0 0.0 0.0
0.0 8.75 0.0 2.75 0.0 3.75 0.25 0.0 0.0 0.25 2.75 0.0 5.25 0.0 0.0 0.0 0.0 0.0 0.0 0.0 0.0 0.0

L
4 10 4 6 2 0 5 0 0 3 12 0 0 4 0 0 6 0 2 0 5 0 0 6 0 12 6 0 0 1 1 1 1 1 1 0 0

g
0 0 0 0 0 0 0 0 0 0 0 0 0 0 0 0 0 0 0 0 0 0
0 0 0 0 0 0 0 0 0 0 0 0 0 0 0 0 0 0 0 0 0 0
0 0 0 0 0 0 0 0 0 0 0 0 0 0 0 0 0 0 0 0 0 0
0 0 0 0 0 0 0 0 0 0 0 0 0 0 0 0 0 0 0 0 0 0
0 0 0 0 0 0 0 0 0 0 0 0 0 0 0 0 0 0 0 0 0 0
0 0 0 0 0 0 0 0 0 0 0 0 0 0 0 0 0 0 0 0 0 0
0 0 0 0 0 0 0 0 0 0 0 0 0 0 0 0 0 0 0 0 0 0
0 0 0 0 0 0 0 0 0 0 0 0 0 0 0 0 0 0 0 0 0 0
0 0 0 0 0 0 0 0 0 0 0 0 0 0 0 0 0 0 0 0 0 0
0 0 0 0 0 0 0 0 0 0 0 0 0 0 0 0 0 0 0 0 0 0
0 0 0 0 0 0 0 0 0 0 0 0 0 0 0 0 0 0 0 0 0 0
0 0 0 0 0 0 0 0 0 0 0 0 0 0 0 0 0 0 0 0 0 0
0 0 0 0 0 0 0 0 0 0 0 0 0 0 0 0 0 0 0 0 0 0
0 0 0 0 0 0 0 0 0 0 0 0 0 0 0 0 0 0 0 0 0 0
0 0 0 0 0 0 0 0 0 0 0 0 0 0 0 0 0 0 0 0 0 0
0 0 0 0 0 0 0 0 0 0 0 0 0 0 0 0 0 0 0 0 0 0
0 0 0 0 0 0 0 0 0 0 0 0 0 0 0 0 0 0 0 0 0 0
0 0 0 0 0 0 0 0 0 0 0 0 0 0 0 0 0 0 0 0 0 0
0 0 0 0 0 0 0 0 0 0 0 0 0 0 0 0 0 0 0 0 0 0
0 0 0 0 0 0 0 0 0 0 0 0 0 0 0 0 0 0 0 0 0 0
0 0 0 0 0 0 0 0 0 0 0 0 0 0 0 0 0 0 0 0 0 0
0 0 0 0 0 0 0 0 0 0 0 0 0 0 0 0 0 0 0 0 0 0
0 0 0 0 0 0 0 0 0 0 0 0 0 0 0 0 0 0 0 0 0 0
0 0 0 0 0 0 0 0 0 0 0 0 0 0 0 0 0 0 0 0 0 0
0 0 0 0 0 0 0 0 0 0 0 0 0 0 0 0 0 0 0 0 0 0
0 0 0 0 0 0 0 0 0 0 0 0 0 0 0 0 0 0 0 0 0 0
0 0 0 0 0 0 0 0 0 0 0 0 0 0 0 0 0 0 0 0 0 0
0 0 0 0 0 0 0 0 0 0 0 0 0 0 0 0 0 0 0 0 0 0
0 0 0 0 0 0 0 0 0 0 0 0 0 0 0 0 0 0 0 0 0 0
0 0 0 0 0 0 0 0 0 0 0 0 0 0 0 0 0 0 0 0 0 0
0 0 0 0 0 0 0 0 0 0 0 0 0 0 0 0 0 0 0 0 0 0
0 0 0 0 0 0 0 0 0 0 0 0 0 0 0 0 0 0 0 0 0 0
0 0 0 0 0 0 0 0 0 0 0 0 0 0 0 0 0 0 0 0 0 0
0 0 0 0 0 0 0 0 0 0 0 0 0 0 0 0 0 0 0 0 0 0
0 0 0 0 0 0 0 0 0 0 0 0 0 0 0 0 0 0 0 0 0 0
0 0 0 0 0 0 0 0 0 0 0 0 0 0 0 0 0 0 0 0 0 0
0 0 0 0 0 0 0 0 0 0 0 0 0 0 0 0 0 0 0 0 0 0

I cap
1058.909090909091 1058.909090909091 961.0970909090565 916.4470909090891 752.5170000000196 805.4070000000024 673.8190000000099 930.1899999999475 703.645999999994 812.6720000000083 354.4719999999909 504.85199999999304 760.7299999999998 761.7039999999992 741.2509999999934 725.0600909090838 460.88409090911415 754.0160909090764 799.9770909090853 980.477090909091 1058.909090909091 1058.909090909091
107.96969696969697 107.96969696969697 104.70169696969697 104.70169696969691 42.69300000000181 46.14300000000063 30.381000000000128 52.31000000000032 46.15399999999962 75.27799999999961 74.92799999999976 58.99800000000018 74.56999999999965 87.2459999999996 86.14900000000031 71.31869696969706 1.0946969696966917 48.06269696969778 49.601696969697116 104.70169696969697 107.96969696969697 107.96969696969697
38.96666666666666 38.96666666666666 15.279999999999994 15.279999999999994 14.840000000000044 28.06666666666667 27.36666666666669 38.500000000000014 33.250000000000014 18.616666666666674 10.216666666666667 3.425416666666676 5.8087500000000025 17.708750000000002 6.158750000000004 18.38333333333334 11.733333333333334 18.383333333333333 32.31666666666666 38.96666666666666 38.96666666666666 38.96666666666666
45.24545454545453 45.24545454545453 44.64695454545453 38.19645454545456 24.52799999999961 32.747499999999505 25.4894999999993 25.98399999999918 23.02849999999956 24.108999999999412 20.729999999999453 17.377999999999826 18.70449999999954 19.742999999999725 14.121499999999825 26.463954545453948 34.05445454545328 43.30745454545451 43.506954545454526 44.64695454545453 45.24545454545453 45.24545454545453
20.999999999999993 20.999999999999993 20.800499999999992 20.467999999999993 11.223000000000026 20.057000000002006 13.824500000000704 12.906500000000944 9.764500000000277 7.465500000000281 7.270000000000626 10.09150000000032 11.785500000000384 15.111000000001416 9.74550000000007 10.160500000000049 8.944500000000579 14.578000000000971 17.494500000000052 20.800499999999992 20.999999999999993 20.999999999999993
345.75757575757575 345.75757575757575 341.96707575757574 335.1840757575757 243.63849999999988 209.90488235294254 201.7484411764738 164.81750000000196 199.62100000000626 213.994500000004 177.81350000000114 123.99600000000166 185.57700000000398 238.18800000000758 189.66500000000278 207.2095757575804 262.42469340463845 256.69563458110576 304.869575757578 341.96707575757574 345.75757575757575 345.75757575757575
779.7575757575758 779.7575757575758 765.5930757575758 735.6680757575758 575.2520000000014 655.1515000000002 725.4860000000037 609.8610000000008 752.2385000000022 700.9145000000004 498.6810000000095 670.180000000001 816.3250000000052 723.2155000000004 738.5800000000045 706.6550757575772 663.4015757575758 702.0475757575758 722.8430757575758 765.5930757575758 779.7575757575758 779.7575757575758
80.73333333333335 80.73333333333335 80.13483333333335 79.46983333333334 65.32899999999877 86.12950000000001 74.50633333333332 75.43549999999998 74.97599999999997 79.56249999999999 65.85499999999998 77.45299999999999 87.8765 88.40199999999997 80.18249999999998 70.3308333333333 68.08883333333331 74.78 78.08283333333334 80.13483333333335 80.73333333333335 80.73333333333335
10.775757575757575 10.775757575757575 10.775757575757575 9.578757575757574 6.690000000000003 2.997999999999972 0.6830000000000069 0.8349999999999725 1.2500000000000027 0.5974999999999769 3.1214999999999677 0.4109999999999694 1.3895000000000008 0.6229999999999527 0.22750000000003645 3.071257575757566 6.272757575757594 0.6867575757575786 4.705257575757578 10.775757575757575 10.775757575757575 10.775757575757575
2.545454545454545 2.545454545454545 1.946954545454545 0.749954545454545 1.2894999999999999 0.11750000000000005 1.1184999999999872 0.04799999999999893 0.6339999999999933 0.5039999999999997 0.9189999999999966 0.20300000000000007 0.602 0.1050000000000002 0.19050000000000034 0.8639545454545311 0.3224545454545321 1.0634545454545168 1.2629545454544955 1.946954545454545 2.545454545454545 2.545454545454545
8.515433299825174 8.515433299825174 8.515433299825174 8.170605713618277 5.461346617816096 6.061222068965551 5.019857557471371 6.902997250000257 7.825399836207101 6.843064232758959 6.571499663793526 7.28227242241425 7.173711043103592 5.758119491379466 5.681573025862281 6.154368974138038 6.048606896551883 6.606142701149476 6.363233965517242 7.4806875 7.546136159874608 8.328471379310345
700.0 700.0 699.05 696.1999999999999 683.85 685.7499999999998 680.0499999999998 689.55 685.7499999999997 683.8499999999999 680.9999999999998 685.7499999999997 686.6999999999998 684.7999999999997 681.9499999999998 682.8999999999999 678.1499999999996 685.7499999999998 690.4999999999999 699.05 700.0 697.15

H cap
1.75 -8.75 1.75 -5.25 5.25 1.75 8.75 8.75 1.75 -5.25 12.25 29.75 -5.25 5.25 131.25 131.25 131.25 131.25 131.25 131.25 131.25 131.25
32.0 29.5 26.0 13.5 7.5 5.0 8.5 4.0 10.5 12.5 6.5 14.5 8.0 20.0 52.5 52.5 52.5 52.5 52.5 52.5 52.5 52.5
42.0 38.5 45.5 45.5 45.5 45.5 49.0 49.0 45.5 42.0 42.0 49.0 38.5 38.5 63.0 63.0 63.0 63.0 63.0 63.0 63.0 63.0
2.25 -8.75 0.75 -2.75 3.25 -3.75 -0.25 3.25 0.25 -0.25 -2.75 6.75 -5.25 3.75 78.75 78.75 78.75 78.75 78.75 78.75 78.75 78.75

Gap
NaN

Time
NaN

