T P M C
22 37 4 12

base obj
12.29029304029304

exp obj
13.801053113553115

Objective struct
12.29029304029304 0.0 18.333333333333336

num campaigns
115

x
0 0 0 0 1 0 0 0 1 0 0 0 1 0 0 0 1 0 0 0 0 0
0 0 0 0 0 0 0 0 0 0 0 0 0 0 0 0 0 0 0 0 0 0
0 0 0 0 0 0 1 0 0 0 0 0 0 0 1 0 0 0 0 0 0 0
0 0 0 0 1 0 0 0 0 1 0 0 0 0 1 0 0 0 0 0 0 0
0 0 0 0 1 0 0 0 0 0 1 1 1 0 1 0 0 0 0 0 0 0
0 0 0 0 0 0 0 0 0 0 0 0 0 0 0 0 0 0 0 0 0 0
0 0 0 0 1 0 0 0 0 0 1 0 0 0 0 0 1 0 0 0 0 0
0 0 0 0 0 0 1 0 0 0 0 0 0 0 0 0 0 0 0 0 0 0
0 0 0 0 0 0 0 0 1 0 0 0 0 0 0 0 0 0 0 0 0 0
0 0 0 0 0 0 1 0 0 0 0 0 0 0 1 0 0 0 0 0 0 0
0 0 0 0 1 0 0 0 0 0 0 0 0 0 0 0 1 0 0 0 0 0
0 0 0 0 0 0 0 0 0 0 0 0 0 1 0 0 0 0 0 0 0 0
0 0 0 0 0 0 0 0 0 0 0 0 0 0 0 0 1 0 0 0 0 0
0 0 0 0 1 0 0 0 0 0 0 0 1 0 0 0 0 0 0 0 0 0
0 0 0 0 0 0 0 0 0 0 0 0 0 0 0 0 0 0 0 0 0 0
0 0 0 0 0 0 0 0 1 0 0 0 0 0 0 0 0 0 0 0 0 0
0 0 0 0 0 0 0 0 0 0 1 0 0 0 0 0 1 0 0 0 0 0
0 0 0 0 0 0 1 0 0 0 0 0 0 0 0 0 0 0 0 0 0 0
0 0 0 0 1 0 1 0 1 0 0 1 0 0 1 0 1 0 0 0 0 0
0 0 0 0 0 0 0 0 0 0 0 0 0 0 0 1 0 0 0 0 0 0
0 0 0 0 1 0 0 0 0 0 1 0 0 0 0 0 1 0 0 0 0 0
0 0 0 0 0 0 0 0 0 0 0 0 0 0 0 0 0 0 0 0 0 0
0 0 0 0 0 0 0 0 0 0 1 0 0 0 0 0 0 0 0 0 0 0
0 0 0 0 0 0 1 0 0 0 0 0 0 0 1 0 0 0 0 0 0 0
0 0 0 0 0 0 0 0 0 0 0 0 0 0 0 0 0 0 0 0 0 0
0 0 0 0 1 0 0 0 0 0 0 0 0 0 0 0 1 0 0 0 0 0
0 0 0 0 1 0 0 0 0 0 0 0 1 0 0 0 0 0 0 0 0 0
0 0 0 0 0 0 0 0 0 0 1 0 0 0 0 0 0 0 0 0 0 0
0 0 0 0 0 0 0 0 0 0 0 0 0 0 0 0 0 0 0 0 0 0
0 0 0 0 1 1 1 1 1 1 1 1 1 1 1 1 1 0 0 0 0 0
0 0 0 0 1 1 1 1 1 1 1 1 1 1 1 1 1 0 0 0 0 0
0 0 0 0 1 1 1 1 1 1 1 1 1 1 1 1 1 0 0 0 0 0
0 0 0 0 0 0 1 1 1 0 1 1 1 1 1 0 0 0 0 0 0 0
0 0 0 0 1 1 1 1 1 1 1 1 1 1 1 1 1 0 0 0 0 0
0 0 0 0 1 0 1 0 0 1 0 0 0 1 1 1 0 0 0 0 0 0
0 0 0 0 0 0 0 0 0 0 0 0 0 0 0 0 0 0 0 0 0 0
0 0 0 0 0 0 0 0 0 0 0 0 0 0 0 0 0 0 0 0 0 0

y
0.0 0.0 4.0 0.0 0.0 0.0 0.0 0.0 0.0 6.285714285714286 0.0 0.0 0.0 2.0 0.0 0.0 0.0 0.0 0.0 0.0 0.0 0.0 0.0 2.0 0.0 0.0 2.0 0.0 0.0 0.0 0.0 0.0 0.52 0.0 0.0 0.0 0.0

k
0 3 2 0 0 3 0 0 0 6 0 0 2 1 2 0 0 0 1 0 0 2 0 1 2 0 1 0 6 0 0 0 18 0 7 13 2

f
1.75 1.75 0.0 0.0 1.75 12.25 0.0 1.75 0.0 0.0 0.0 0.0 0.0 0.0 0.0 0.0 0.0 0.0 0.0 0.0 0.0 0.0
0.0 0.0 0.0 0.0 0.0 0.0 0.0 0.0 0.0 0.0 0.0 0.0 0.0 0.0 0.0 0.0 0.0 0.0 0.0 0.0 0.0 0.0
0.0 0.0 0.0 0.0 0.0 0.0 0.0 0.0 0.0 0.0 0.0 0.0 0.0 0.0 0.0 0.0 0.0 0.0 0.0 0.0 0.0 0.0
0.75 6.75 0.0 0.25 0.0 0.0 0.75 0.75 0.0 1.25 3.25 0.0 9.25 0.0 0.0 0.0 0.0 0.0 0.0 0.0 0.0 0.0

L
4 0 8 5 1 0 6 0 0 8 12 0 0 8 0 0 6 0 2 0 6 0 0 8 0 12 8 0 0 1 1 1 1 1 1 0 0

g
0 0 0 0 0 0 0 0 0 0 0 0 0 0 0 0 0 0 0 0 0 0
0 0 0 0 0 0 0 0 0 0 0 0 0 0 0 0 0 0 0 0 0 0
0 0 0 0 0 0 0 0 0 0 0 0 0 0 0 0 0 0 0 0 0 0
0 0 0 0 0 0 0 0 0 0 0 0 0 0 0 0 0 0 0 0 0 0
0 0 0 0 0 0 0 0 0 0 0 0 0 0 0 0 0 0 0 0 0 0
0 0 0 0 0 0 0 0 0 0 0 0 0 0 0 0 0 0 0 0 0 0
0 0 0 0 0 0 0 0 0 0 0 0 0 0 0 0 0 0 0 0 0 0
0 0 0 0 0 0 0 0 0 0 0 0 0 0 0 0 0 0 0 0 0 0
0 0 0 0 0 0 0 0 0 0 0 0 0 0 0 0 0 0 0 0 0 0
0 0 0 0 0 0 0 0 0 0 0 0 0 0 0 0 0 0 0 0 0 0
0 0 0 0 0 0 0 0 0 0 0 0 0 0 0 0 0 0 0 0 0 0
0 0 0 0 0 0 0 0 0 0 0 0 0 0 0 0 0 0 0 0 0 0
0 0 0 0 0 0 0 0 0 0 0 0 0 0 0 0 0 0 0 0 0 0
0 0 0 0 0 0 0 0 0 0 0 0 0 0 0 0 0 0 0 0 0 0
0 0 0 0 0 0 0 0 0 0 0 0 0 0 0 0 0 0 0 0 0 0
0 0 0 0 0 0 0 0 0 0 0 0 0 0 0 0 0 0 0 0 0 0
0 0 0 0 0 0 0 0 0 0 0 0 0 0 0 0 0 0 0 0 0 0
0 0 0 0 0 0 0 0 0 0 0 0 0 0 0 0 0 0 0 0 0 0
0 0 0 0 0 0 0 0 0 0 0 0 0 0 0 0 0 0 0 0 0 0
0 0 0 0 0 0 0 0 0 0 0 0 0 0 0 0 0 0 0 0 0 0
0 0 0 0 0 0 0 0 0 0 0 0 0 0 0 0 0 0 0 0 0 0
0 0 0 0 0 0 0 0 0 0 0 0 0 0 0 0 0 0 0 0 0 0
0 0 0 0 0 0 0 0 0 0 0 0 0 0 0 0 0 0 0 0 0 0
0 0 0 0 0 0 0 0 0 0 0 0 0 0 0 0 0 0 0 0 0 0
0 0 0 0 0 0 0 0 0 0 0 0 0 0 0 0 0 0 0 0 0 0
0 0 0 0 0 0 0 0 0 0 0 0 0 0 0 0 0 0 0 0 0 0
0 0 0 0 0 0 0 0 0 0 0 0 0 0 0 0 0 0 0 0 0 0
0 0 0 0 0 0 0 0 0 0 0 0 0 0 0 0 0 0 0 0 0 0
0 0 0 0 0 0 0 0 0 0 0 0 0 0 0 0 0 0 0 0 0 0
0 0 0 0 0 0 0 0 0 0 0 0 0 0 0 0 0 0 0 0 0 0
0 0 0 0 0 0 0 0 0 0 0 0 0 0 0 0 0 0 0 0 0 0
0 0 0 0 0 0 0 0 0 0 0 0 0 0 0 0 0 0 0 0 0 0
0 0 0 0 0 0 0 0 0 0 0 0 0 0 0 0 0 0 0 0 0 0
0 0 0 0 0 0 0 0 0 0 0 0 0 0 0 0 0 0 0 0 0 0
0 0 0 0 0 0 0 0 0 0 0 0 0 0 0 0 0 0 0 0 0 0
0 0 0 0 0 0 0 0 0 0 0 0 0 0 0 0 0 0 0 0 0 0
0 0 0 0 0 0 0 0 0 0 0 0 0 0 0 0 0 0 0 0 0 0

I cap
1058.909090909091 1058.909090909091 980.4770909090666 980.477090909078 651.0950000000184 841.0320000000186 794.1459999999898 1012.725999999965 726.9969999999978 797.4910000000041 668.2379999999929 704.3709999999978 659.2320000000008 792.8069999999999 545.2659999999933 701.1200909090903 548.5690909090999 755.7260909090843 806.2470909090862 980.477090909091 1058.909090909091 1058.909090909091
107.96969696969697 107.96969696969697 104.70169696969697 104.70169696969697 31.25500000000074 51.36800000000037 14.554000000000043 28.674000000000106 38.95299999999985 66.70899999999985 99.36200000000002 100.77899999999985 100.06799999999994 46.263000000000126 39.50400000000012 41.86869696969701 34.05969696969683 43.50269696969737 51.881696969696975 104.70169696969697 107.96969696969697 107.96969696969697
38.96666666666666 38.96666666666666 38.96666666666666 38.96666666666666 23.516666666666715 9.375416666666672 2.02541666666667 19.80875000000001 14.55875000000001 32.550000000000004 10.216666666666669 8.81666666666667 3.9166666666666705 6.063333333333332 1.163333333333334 16.989999999999995 11.733333333333341 18.383333333333333 18.383333333333333 38.96666666666666 38.96666666666666 38.96666666666666
45.24545454545453 45.24545454545453 44.64695454545453 38.99445454545453 18.21049999999991 28.320499999999743 21.51849999999971 22.63999999999961 22.12599999999994 26.721499999999438 30.001999999999715 24.59799999999994 22.45699999999983 19.049499999999853 7.423999999999905 23.936954545454107 35.26095454545393 43.972454545454525 44.295454545454525 44.64695454545453 45.24545454545453 45.24545454545453
20.999999999999993 20.999999999999993 20.800499999999992 20.467999999999993 8.040500000000005 16.57050000000148 7.830000000000178 8.185000000000183 7.218500000000201 7.7315000000001115 13.958000000000132 14.186000000000094 13.619000000000257 15.09200000000074 4.463500000000023 6.512499999999987 9.305500000000418 15.034000000000608 17.950499999999998 20.800499999999992 20.999999999999993 20.999999999999993
345.75757575757575 345.75757575757575 341.96707575757574 310.6729581105169 184.0539411764706 192.99600000000137 186.70100000000122 138.3695000000002 186.4445000000041 199.05100000000223 171.48650000000072 155.7640000000008 207.8735000000026 234.99600000000262 180.43100000000123 221.12707575757838 252.13619340463558 240.0706345811054 292.56707575757616 341.96707575757574 345.75757575757575 345.75757575757575
779.7575757575758 779.7575757575758 765.5930757575758 765.5930757575758 577.9594999999988 643.9320000000001 625.793000000005 549.8495 710.970500000001 705.6075000000001 639.7465000000032 673.3150000000019 697.7270000000008 681.5105000000017 645.024000000001 669.0635757575757 674.3455757575764 691.5405757575758 719.8695757575757 765.5930757575758 779.7575757575758 779.7575757575758
80.73333333333335 80.73333333333335 80.13483333333335 79.46983333333334 61.117333333332596 80.72399999999999 70.94699999999999 73.72549999999997 73.06649999999998 79.76199999999999 72.99899999999998 81.82299999999998 90.62199999999999 87.10049999999997 74.51099999999998 65.8848333333333 70.71083333333333 76.83200000000001 80.13483333333335 80.13483333333335 80.73333333333335 80.73333333333335
10.775757575757575 10.775757575757575 10.775757575757575 10.775757575757574 2.0825000000000076 1.5824999999999991 0.217500000000018 0.12249999999999528 2.152499999999981 0.16999999999997673 0.12900000000000045 0.4109999999999925 2.149500000000001 2.1999999999999638 0.940000000000035 5.075757575757576 4.09725757575758 0.686757575757575 4.7052575757575745 10.775757575757575 10.775757575757575 10.775757575757575
2.545454545454545 2.545454545454545 1.946954545454545 1.946954545454545 2.002 0.602 1.6029999999999927 0.048000000000000265 0.6339999999999973 0.5039999999999997 0.9189999999999975 0.20300000000000007 0.602 0.36150000000000004 0.21900000000000008 0.6644545454545346 0.6929545454545419 0.32245454545453056 0.8924545454545251 1.946954545454545 2.545454545454545 2.545454545454545
8.515433299825174 8.515433299825174 8.515433299825174 8.170605713618277 4.7507144339080485 5.2758770775862125 4.026179232758683 6.323169827586286 8.804882758620758 6.849616120689886 6.902361732758813 7.282272422413923 6.436641913793177 5.021050525862145 5.042779922413912 5.597472422413841 6.4744689655173016 6.933728908046002 6.690820172413794 7.4806875 7.546136159874608 8.000885172413794
700.0 700.0 700.0 699.05 683.8499999999999 685.7499999999997 677.1999999999998 688.5999999999998 688.5999999999998 688.6 681.9499999999997 684.7999999999997 681.9499999999998 687.6499999999997 680.0499999999998 684.7999999999997 680.9999999999998 685.7499999999999 688.5999999999999 699.05 700.0 695.25

H cap
-1.75 -1.75 1.75 1.75 -1.75 -12.25 8.75 -1.75 29.75 40.25 57.75 57.75 15.75 26.25 131.25 131.25 131.25 131.25 131.25 131.25 131.25 131.25
16.0 4.0 10.0 7.0 11.5 9.0 11.0 11.5 5.5 2.5 2.5 7.5 6.5 21.5 52.5 52.5 52.5 52.5 52.5 52.5 52.5 52.5
38.5 38.5 42.0 42.0 49.0 45.5 49.0 45.5 45.5 52.5 42.0 38.5 38.5 42.0 63.0 63.0 63.0 63.0 63.0 63.0 63.0 63.0
-0.75 -6.75 1.25 -0.25 10.25 5.25 -0.75 -0.75 5.25 -1.25 -3.25 0.75 -9.25 5.75 78.75 78.75 78.75 78.75 78.75 78.75 78.75 78.75

Gap
NaN

Time
NaN

