T P M C
22 37 4 12

base obj
11.995421245421246

exp obj
13.788232600732602

Objective struct
11.995421245421246 0.0 19.166666666666668

num campaigns
116

x
0 0 0 0 0 0 1 0 0 0 0 0 1 0 1 0 1 0 0 0 0 0
0 0 0 0 0 0 0 0 0 0 0 0 0 0 0 0 0 0 0 0 0 0
0 0 0 0 1 0 0 0 1 0 0 0 1 0 0 0 1 0 0 0 0 0
0 0 0 0 1 0 0 0 0 0 1 0 0 0 0 0 1 0 0 0 0 0
0 0 0 0 0 0 1 0 1 0 1 0 0 1 0 0 1 0 0 0 0 0
0 0 0 0 0 0 0 0 0 0 0 0 0 0 0 0 0 0 0 0 0 0
0 0 0 0 1 0 0 0 0 0 1 0 0 0 0 0 1 0 0 0 0 0
0 0 0 0 0 0 0 0 0 0 0 0 1 0 0 0 0 0 0 0 0 0
0 0 0 0 1 0 0 0 0 0 0 0 0 0 0 0 0 0 0 0 0 0
0 0 0 0 0 0 0 0 1 0 1 0 0 0 0 0 0 0 0 0 0 0
0 0 0 0 1 0 0 0 0 0 0 0 0 0 0 0 1 0 0 0 0 0
0 0 0 0 0 0 1 0 0 0 0 0 0 0 0 0 0 0 0 0 0 0
0 0 0 0 0 0 0 0 1 0 0 0 0 0 0 0 0 0 0 0 0 0
0 0 0 0 1 0 0 0 0 0 0 0 1 0 0 0 0 0 0 0 0 0
0 0 0 0 0 0 0 0 0 0 0 0 0 0 0 0 0 0 0 0 0 0
0 0 0 0 0 0 0 0 1 0 0 0 0 0 0 0 0 0 0 0 0 0
0 0 0 0 0 0 0 0 0 0 0 0 0 0 0 0 1 0 0 0 0 0
0 0 0 0 0 0 0 0 0 0 0 0 0 0 1 0 0 0 0 0 0 0
0 0 0 0 1 0 1 0 1 0 1 0 0 1 0 1 0 0 0 0 0 0
0 0 0 0 1 0 0 0 0 0 0 0 0 0 0 0 0 0 0 0 0 0
0 0 0 0 1 0 0 0 0 0 1 0 0 0 0 0 1 0 0 0 0 0
0 0 0 0 0 0 0 0 0 0 0 0 0 0 0 0 0 0 0 0 0 0
0 0 0 0 0 0 0 0 0 0 1 0 0 0 0 0 0 0 0 0 0 0
0 0 0 0 0 0 1 0 0 0 0 0 0 0 1 0 0 0 0 0 0 0
0 0 0 0 0 0 0 0 0 0 0 0 0 0 0 0 0 0 0 0 0 0
0 0 0 0 1 0 0 0 0 0 0 0 0 0 0 0 1 0 0 0 0 0
0 0 0 0 1 0 0 0 0 0 1 0 0 0 1 0 0 0 0 0 0 0
0 0 0 0 0 0 1 0 0 0 0 0 0 0 0 0 0 0 0 0 0 0
0 0 0 0 0 0 0 0 0 0 0 0 0 0 0 0 0 0 0 0 0 0
0 0 0 0 1 1 1 1 1 1 1 1 1 0 1 1 1 0 0 0 0 0
0 0 0 0 1 1 1 1 1 1 1 1 1 1 1 1 1 0 0 0 0 0
0 0 0 0 1 1 1 1 1 1 1 1 1 1 1 1 1 0 0 0 0 0
0 0 0 0 0 0 1 1 1 1 1 1 0 0 1 0 0 0 0 0 0 0
0 0 0 0 1 1 1 1 1 1 1 1 1 1 1 1 1 0 0 0 0 0
0 0 0 0 1 0 1 0 1 0 1 0 1 1 1 0 0 0 0 0 0 0
0 0 0 0 0 0 0 0 0 0 0 0 0 0 0 0 0 0 0 0 0 0
0 0 0 0 0 0 0 0 0 0 0 0 0 0 0 0 0 0 0 0 0 0

y
0.0 0.0 0.0 0.0 0.0 0.0 0.0 0.0 0.0 0.2857142857142858 0.0 0.0 0.0 2.0 0.0 0.0 0.0 0.0 0.0 0.0 0.0 0.0 0.0 2.0 0.0 0.0 0.0 0.0 0.0 0.0 0.0 0.0 0.52 0.0 0.0 0.0 0.0

k
0 3 0 0 0 3 0 0 0 6 0 0 2 1 2 0 1 0 1 0 0 2 0 1 2 0 0 0 6 1 0 0 19 0 6 13 2

f
0.0 0.0 0.0 0.0 0.0 0.0 0.0 0.0 0.0 5.25 5.25 0.0 5.25 0.0 0.0 0.0 0.0 0.0 0.0 0.0 0.0 0.0
0.0 0.0 0.0 0.0 0.0 0.0 0.0 0.0 0.0 0.0 0.0 0.0 0.0 0.0 0.0 0.0 0.0 0.0 0.0 0.0 0.0 0.0
0.0 0.0 0.0 0.0 0.0 0.0 0.0 0.0 0.0 0.0 0.0 0.0 0.0 0.0 0.0 0.0 0.0 0.0 0.0 0.0 0.0 0.0
0.25 6.25 0.0 1.25 0.0 0.0 1.75 1.75 1.25 4.75 0.25 0.0 6.25 0.0 0.0 0.0 0.0 0.0 0.0 0.0 0.0 0.0

L
2 0 4 6 2 0 6 0 0 2 12 0 0 8 0 0 0 0 2 0 6 0 0 8 0 12 4 0 0 1 1 1 1 1 1 0 0

g
0 0 0 0 0 0 0 0 0 0 0 0 0 0 0 0 0 0 0 0 0 0
0 0 0 0 0 0 0 0 0 0 0 0 0 0 0 0 0 0 0 0 0 0
0 0 0 0 0 0 0 0 0 0 0 0 0 0 0 0 0 0 0 0 0 0
0 0 0 0 0 0 0 0 0 0 0 0 0 0 0 0 0 0 0 0 0 0
0 0 0 0 0 0 0 0 0 0 0 0 0 0 0 0 0 0 0 0 0 0
0 0 0 0 0 0 0 0 0 0 0 0 0 0 0 0 0 0 0 0 0 0
0 0 0 0 0 0 0 0 0 0 0 0 0 0 0 0 0 0 0 0 0 0
0 0 0 0 0 0 0 0 0 0 0 0 0 0 0 0 0 0 0 0 0 0
0 0 0 0 0 0 0 0 0 0 0 0 0 0 0 0 0 0 0 0 0 0
0 0 0 0 0 0 0 0 0 0 0 0 0 0 0 0 0 0 0 0 0 0
0 0 0 0 0 0 0 0 0 0 0 0 0 0 0 0 0 0 0 0 0 0
0 0 0 0 0 0 0 0 0 0 0 0 0 0 0 0 0 0 0 0 0 0
0 0 0 0 0 0 0 0 0 0 0 0 0 0 0 0 0 0 0 0 0 0
0 0 0 0 0 0 0 0 0 0 0 0 0 0 0 0 0 0 0 0 0 0
0 0 0 0 0 0 0 0 0 0 0 0 0 0 0 0 0 0 0 0 0 0
0 0 0 0 0 0 0 0 0 0 0 0 0 0 0 0 0 0 0 0 0 0
0 0 0 0 0 0 0 0 0 0 0 0 0 0 0 0 0 0 0 0 0 0
0 0 0 0 0 0 0 0 0 0 0 0 0 0 0 0 0 0 0 0 0 0
0 0 0 0 0 0 0 0 0 0 0 0 0 0 0 0 0 0 0 0 0 0
0 0 0 0 0 0 0 0 0 0 0 0 0 0 0 0 0 0 0 0 0 0
0 0 0 0 0 0 0 0 0 0 0 0 0 0 0 0 0 0 0 0 0 0
0 0 0 0 0 0 0 0 0 0 0 0 0 0 0 0 0 0 0 0 0 0
0 0 0 0 0 0 0 0 0 0 0 0 0 0 0 0 0 0 0 0 0 0
0 0 0 0 0 0 0 0 0 0 0 0 0 0 0 0 0 0 0 0 0 0
0 0 0 0 0 0 0 0 0 0 0 0 0 0 0 0 0 0 0 0 0 0
0 0 0 0 0 0 0 0 0 0 0 0 0 0 0 0 0 0 0 0 0 0
0 0 0 0 0 0 0 0 0 0 0 0 0 0 0 0 0 0 0 0 0 0
0 0 0 0 0 0 0 0 0 0 0 0 0 0 0 0 0 0 0 0 0 0
0 0 0 0 0 0 0 0 0 0 0 0 0 0 0 0 0 0 0 0 0 0
0 0 0 0 0 0 0 0 0 0 0 0 0 0 0 0 0 0 0 0 0 0
0 0 0 0 0 0 0 0 0 0 0 0 0 0 0 0 0 0 0 0 0 0
0 0 0 0 0 0 0 0 0 0 0 0 0 0 0 0 0 0 0 0 0 0
0 0 0 0 0 0 0 0 0 0 0 0 0 0 0 0 0 0 0 0 0 0
0 0 0 0 0 0 0 0 0 0 0 0 0 0 0 0 0 0 0 0 0 0
0 0 0 0 0 0 0 0 0 0 0 0 0 0 0 0 0 0 0 0 0 0
0 0 0 0 0 0 0 0 0 0 0 0 0 0 0 0 0 0 0 0 0 0
0 0 0 0 0 0 0 0 0 0 0 0 0 0 0 0 0 0 0 0 0 0

I cap
1058.909090909091 1058.909090909091 1039.5290909090934 1022.9990909091173 644.2359999999923 854.3129999999733 804.0070000000239 1098.871999999976 595.5929999999918 789.6820000000023 332.85000000000514 787.9329999999958 674.4699999999929 741.9250000000004 619.612999999996 669.3520909090887 335.14209090910896 609.559090909083 725.9720909090894 980.477090909091 1058.909090909091 1058.909090909091
107.96969696969697 107.96969696969697 107.96969696969697 96.949696969697 30.32399999999988 67.53700000000013 27.492999999999988 79.32800000000017 37.35699999999978 65.01799999999963 5.349999999999888 50.46699999999985 48.72999999999912 46.22500000000003 59.586999999999925 61.47669696969605 33.736696969696666 58.56969696969711 63.75669696969702 104.70169696969697 107.96969696969697 107.96969696969697
38.96666666666666 38.96666666666666 15.279999999999994 15.279999999999994 8.190000000000017 21.41666666666668 14.066666666666675 31.85 26.60000000000001 32.550000000000004 3.566666666666669 8.816666666666677 3.9166666666666705 17.708750000000002 12.808750000000003 13.625416666666673 6.342083333333354 18.383333333333333 25.03333333333333 38.96666666666666 38.96666666666666 38.96666666666666
45.24545454545453 45.24545454545453 45.24545454545453 37.59795454545453 13.431999999999727 24.064499999999676 23.370999999999846 32.956999999999525 22.60099999999965 24.754999999999537 20.454499999999737 17.84349999999973 21.392999999999752 22.56449999999994 13.180999999999875 28.401954545454412 29.883954545454017 39.85895454545452 41.46445454545453 44.64695454545453 45.24545454545453 45.24545454545453
20.999999999999993 20.999999999999993 20.999999999999993 20.382499999999993 5.703500000000046 13.777500000000524 8.818000000000882 13.163000000000947 6.943000000000074 6.468000000000233 8.020500000000732 12.561500000000127 10.436500000000231 12.0615000000009 7.275500000000042 10.578500000000043 6.826000000000308 11.642500000000469 15.404499999999981 20.800499999999992 20.999999999999993 20.999999999999993
345.75757575757575 345.75757575757575 345.75757575757575 314.4634581105169 178.3159411764706 185.48150000000084 213.9945000000033 181.94600000000236 150.63900000000172 148.91000000000062 139.5190000000009 168.98799999999994 224.2040000000011 242.37750000000378 216.38850000000198 237.1725757575758 234.4281934046334 244.12713458110628 297.8680757575762 341.96707575757574 345.75757575757575 345.75757575757575
779.7575757575758 779.7575757575758 779.7575757575758 756.6725757575757 512.8940000000061 581.8209999999997 614.0320000000007 643.966 652.1845000000025 639.3260000000009 540.9655000000007 753.8275000000011 755.9525000000008 703.5315000000006 689.3225000000057 687.7120757575758 607.5225757575773 644.9050757575758 692.3005757575758 765.5930757575758 779.7575757575758 779.7575757575758
80.73333333333335 80.73333333333335 80.73333333333335 77.78833333333334 56.55733333333401 77.19949999999999 68.66699999999999 78.76999999999997 74.71949999999997 80.90199999999997 70.06349999999999 80.39799999999998 87.753 86.79649999999997 77.61749999999998 70.03633333333333 68.40233333333335 73.8395 78.22533333333335 80.13483333333335 80.73333333333335 80.73333333333335
10.775757575757575 10.775757575757575 10.775757575757575 10.775757575757574 3.080000000000006 2.5799999999999805 1.5000000000000053 1.1199999999999877 0.11000000000001542 1.4524999999999948 0.4899999999999909 2.2824999999999895 1.617500000000005 3.1024999999999765 2.22250000000001 2.653257575757561 2.1972575757575887 0.6867575757575786 4.705257575757578 10.775757575757575 10.775757575757575 10.775757575757575
2.545454545454545 2.545454545454545 2.545454545454545 1.690454545454545 0.8334999999999996 0.0035000000000000586 0.3774999999999952 0.6179999999999995 0.4629999999999962 0.07649999999999846 1.1469999999999985 0.8015 0.0035000000000000586 0.7035000000000001 0.1050000000000002 0.5504545454545352 1.1489545454545436 1.1489545454545298 1.9469545454545325 1.946954545454545 2.545454545454545 2.545454545454545
8.515433299825174 8.515433299825174 8.515433299825174 8.170605713618277 4.858817718390821 5.439670181034509 4.686265275862128 6.486962767241536 6.967123974138091 6.35823681034487 7.066154836207092 7.691755181034775 7.518538629310425 4.430533448275956 5.86665923275873 6.3345413879310755 5.901192939655258 6.278556494252905 6.363233965517242 7.808273706896552 7.546136159874608 8.328471379310345
700.0 700.0 699.05 698.1 680.9999999999999 685.7499999999998 681.9499999999996 690.4999999999998 681.9499999999998 688.5999999999999 679.0999999999998 687.6499999999996 682.8999999999999 681.9499999999998 683.8499999999999 688.5999999999997 678.1499999999999 683.8499999999998 691.4499999999999 698.1 700.0 698.1

H cap
5.25 5.25 1.75 1.75 54.25 54.25 15.75 15.75 15.75 -5.25 -5.25 5.25 -5.25 5.25 131.25 131.25 131.25 131.25 131.25 131.25 131.25 131.25
17.5 5.5 13.5 10.5 2.0 2.0 5.0 5.0 5.0 6.0 12.5 14.5 7.5 19.5 52.5 52.5 52.5 52.5 52.5 52.5 52.5 52.5
35.0 35.0 49.0 49.0 42.0 42.0 42.0 42.0 52.5 45.5 42.0 45.5 35.0 38.5 63.0 63.0 63.0 63.0 63.0 63.0 63.0 63.0
-0.25 -6.25 0.25 -1.25 1.75 1.75 -1.75 -1.75 -1.25 -4.75 -0.25 2.25 -6.25 2.25 78.75 78.75 78.75 78.75 78.75 78.75 78.75 78.75

Gap
NaN

Time
NaN

