T P M C
22 37 4 12

base obj
12.377289377289376

exp obj
13.678800366300365

Objective struct
12.377289377289376 0.0 17.583333333333332

num campaigns
108

x
0 0 0 0 1 0 0 0 1 0 0 0 1 0 0 0 1 0 0 0 0 0
0 0 0 0 1 0 0 0 0 0 0 0 0 0 1 0 0 0 0 0 0 0
0 0 0 0 0 0 1 0 0 0 1 0 0 0 1 0 0 0 0 0 0 0
0 0 0 0 0 0 1 0 0 0 1 0 0 0 1 0 0 0 0 0 0 0
0 0 0 0 0 0 1 0 1 0 0 0 1 0 1 0 1 0 0 0 0 0
0 0 0 0 0 0 0 0 0 0 0 0 0 0 0 0 0 0 0 0 0 0
0 0 0 0 0 0 1 0 0 0 0 1 0 0 0 0 1 0 0 0 0 0
0 0 0 0 0 0 1 0 0 0 0 0 0 0 0 0 0 0 0 0 0 0
0 0 0 0 0 0 0 0 1 0 0 0 0 0 0 0 0 0 0 0 0 0
0 0 0 0 0 0 0 0 1 0 0 0 1 0 0 0 0 0 0 0 0 0
0 0 0 0 0 1 0 0 0 0 0 0 0 0 0 0 1 0 0 0 0 0
0 0 0 0 0 0 0 0 0 0 0 0 0 0 0 0 1 0 0 0 0 0
0 0 0 0 0 0 0 0 0 0 0 0 0 0 0 0 0 0 0 0 0 0
0 0 0 0 0 0 1 0 0 0 0 0 1 0 0 0 0 0 0 0 0 0
0 0 0 0 0 0 0 0 0 0 0 0 0 0 0 0 0 0 0 0 0 0
0 0 0 0 1 0 0 0 0 0 0 0 0 0 0 0 0 0 0 0 0 0
0 0 0 0 0 0 0 0 0 0 1 0 0 0 0 0 1 0 0 0 0 0
0 0 0 0 0 0 0 0 0 0 0 0 0 0 1 0 0 0 0 0 0 0
0 0 0 0 0 0 0 1 0 1 0 0 1 0 0 1 0 0 0 0 0 0
0 0 0 0 1 0 0 0 0 0 0 0 0 0 0 0 0 0 0 0 0 0
0 0 0 0 0 0 1 0 0 0 0 1 0 0 0 0 1 0 0 0 0 0
0 0 0 0 0 0 0 0 0 0 0 0 0 0 0 0 0 0 0 0 0 0
0 0 0 0 0 0 0 0 0 0 1 0 0 0 0 0 0 0 0 0 0 0
0 0 0 0 0 0 0 0 1 0 0 0 0 0 1 0 0 0 0 0 0 0
0 0 0 0 0 0 0 0 0 0 0 0 0 0 0 0 0 0 0 0 0 0
0 0 0 0 1 0 0 0 0 0 0 0 0 0 0 0 1 0 0 0 0 0
0 0 0 0 0 0 1 0 0 0 0 0 0 1 0 0 0 0 0 0 0 0
0 0 0 0 0 0 0 0 0 0 1 0 0 0 0 0 0 0 0 0 0 0
0 0 0 0 0 0 0 0 0 0 0 0 0 0 0 0 0 0 0 0 0 0
0 0 0 0 1 1 1 1 1 1 1 1 1 1 1 1 1 0 0 0 0 0
0 0 0 0 1 1 1 1 1 1 1 1 1 1 1 1 1 0 0 0 0 0
0 0 0 0 1 1 1 1 1 1 1 1 1 1 1 1 1 0 0 0 0 0
0 0 0 0 0 0 1 0 0 0 0 0 1 0 1 1 0 0 0 0 0 0
0 0 0 0 0 0 1 1 1 1 0 1 1 1 1 1 1 0 0 0 0 0
0 0 0 0 0 0 0 1 0 1 0 0 1 1 1 1 0 0 0 0 0 0
0 0 0 0 0 0 0 0 0 0 0 0 0 0 0 0 0 0 0 0 0 0
0 0 0 0 0 0 0 0 0 0 0 0 0 0 0 0 0 0 0 0 0 0

y
0.0 4.0 0.0 0.0 0.0 0.0 0.0 0.0 0.0 2.2857142857142856 0.0 0.0 0.0 0.0 0.0 0.0 0.0 0.0 0.0 0.0 0.0 0.0 0.0 0.0 0.0 0.0 1.0 0.0 0.0 0.0 0.0 0.0 0.52 0.0 0.0 0.0 0.0

k
0 1 1 0 0 3 0 0 0 6 0 0 3 1 2 0 0 0 3 0 0 2 0 1 2 0 1 0 6 0 0 0 22 3 7 13 2

f
1.75 12.25 1.75 1.75 0.0 0.0 0.0 0.0 0.0 0.0 0.0 0.0 0.0 0.0 0.0 0.0 0.0 0.0 0.0 0.0 0.0 0.0
0.0 0.0 0.0 0.0 0.0 0.0 0.0 0.0 0.0 0.5 0.0 0.0 0.0 0.0 0.0 0.0 0.0 0.0 0.0 0.0 0.0 0.0
0.0 0.0 0.0 0.0 0.0 0.0 0.0 0.0 0.0 0.0 0.0 0.0 0.0 0.0 0.0 0.0 0.0 0.0 0.0 0.0 0.0 0.0
0.0 0.0 0.0 1.25 1.25 1.25 4.75 4.75 0.0 3.25 2.75 0.0 3.25 0.0 0.0 0.0 0.0 0.0 0.0 0.0 0.0 0.0

L
4 10 4 4 2 0 5 0 0 4 11 0 0 6 0 0 6 0 2 0 5 0 0 6 0 12 7 0 0 1 1 1 1 1 1 0 0

g
0 0 0 0 0 0 0 0 0 0 0 0 0 0 0 0 0 0 0 0 0 0
0 0 0 0 0 0 0 0 0 0 0 0 0 0 0 0 0 0 0 0 0 0
0 0 0 0 0 0 0 0 0 0 0 0 0 0 0 0 0 0 0 0 0 0
0 0 0 0 0 0 0 0 0 0 0 0 0 0 0 0 0 0 0 0 0 0
0 0 0 0 0 0 0 0 0 0 0 0 0 0 0 0 0 0 0 0 0 0
0 0 0 0 0 0 0 0 0 0 0 0 0 0 0 0 0 0 0 0 0 0
0 0 0 0 0 0 0 0 0 0 0 0 0 0 0 0 0 0 0 0 0 0
0 0 0 0 0 0 0 0 0 0 0 0 0 0 0 0 0 0 0 0 0 0
0 0 0 0 0 0 0 0 0 0 0 0 0 0 0 0 0 0 0 0 0 0
0 0 0 0 0 0 0 0 0 0 0 0 0 0 0 0 0 0 0 0 0 0
0 0 0 0 0 0 0 0 0 0 0 0 0 0 0 0 0 0 0 0 0 0
0 0 0 0 0 0 0 0 0 0 0 0 0 0 0 0 0 0 0 0 0 0
0 0 0 0 0 0 0 0 0 0 0 0 0 0 0 0 0 0 0 0 0 0
0 0 0 0 0 0 0 0 0 0 0 0 0 0 0 0 0 0 0 0 0 0
0 0 0 0 0 0 0 0 0 0 0 0 0 0 0 0 0 0 0 0 0 0
0 0 0 0 0 0 0 0 0 0 0 0 0 0 0 0 0 0 0 0 0 0
0 0 0 0 0 0 0 0 0 0 0 0 0 0 0 0 0 0 0 0 0 0
0 0 0 0 0 0 0 0 0 0 0 0 0 0 0 0 0 0 0 0 0 0
0 0 0 0 0 0 0 0 0 0 0 0 0 0 0 0 0 0 0 0 0 0
0 0 0 0 0 0 0 0 0 0 0 0 0 0 0 0 0 0 0 0 0 0
0 0 0 0 0 0 0 0 0 0 0 0 0 0 0 0 0 0 0 0 0 0
0 0 0 0 0 0 0 0 0 0 0 0 0 0 0 0 0 0 0 0 0 0
0 0 0 0 0 0 0 0 0 0 0 0 0 0 0 0 0 0 0 0 0 0
0 0 0 0 0 0 0 0 0 0 0 0 0 0 0 0 0 0 0 0 0 0
0 0 0 0 0 0 0 0 0 0 0 0 0 0 0 0 0 0 0 0 0 0
0 0 0 0 0 0 0 0 0 0 0 0 0 0 0 0 0 0 0 0 0 0
0 0 0 0 0 0 0 0 0 0 0 0 0 0 0 0 0 0 0 0 0 0
0 0 0 0 0 0 0 0 0 0 0 0 0 0 0 0 0 0 0 0 0 0
0 0 0 0 0 0 0 0 0 0 0 0 0 0 0 0 0 0 0 0 0 0
0 0 0 0 0 0 0 0 0 0 0 0 0 0 0 0 0 0 0 0 0 0
0 0 0 0 0 0 0 0 0 0 0 0 0 0 0 0 0 0 0 0 0 0
0 0 0 0 0 0 0 0 0 0 0 0 0 0 0 0 0 0 0 0 0 0
0 0 0 0 0 0 0 0 0 0 0 0 0 0 0 0 0 0 0 0 0 0
0 0 0 0 0 0 0 0 0 0 0 0 0 0 0 0 0 0 0 0 0 0
0 0 0 0 0 0 0 0 0 0 0 0 0 0 0 0 0 0 0 0 0 0
0 0 0 0 0 0 0 0 0 0 0 0 0 0 0 0 0 0 0 0 0 0
0 0 0 0 0 0 0 0 0 0 0 0 0 0 0 0 0 0 0 0 0 0

I cap
1058.909090909091 1058.909090909091 961.0970909090795 874.5520909090932 849.9870000000087 890.5459999999962 495.8080000000068 982.7059999999774 607.3919999999953 888.2919999999997 571.7559999999978 647.8839999999981 736.466999999997 749.7719999999995 511.2559999999993 696.8450909090886 486.6290909090991 754.0160909090822 788.5770909090894 980.477090909091 1058.909090909091 1058.909090909091
107.96969696969697 107.96969696969697 104.70169696969697 103.84669696969696 84.87300000000036 53.15400000000021 11.742000000000015 28.294000000000203 14.158000000000015 56.65800000000006 82.79399999999983 85.06600000000009 72.23300000000012 61.177999999999905 86.2440000000001 90.03369696969717 9.549696969696804 48.062696969697086 49.601696969697045 104.70169696969697 107.96969696969697 107.96969696969697
38.96666666666666 38.96666666666666 15.279999999999994 15.279999999999994 28.773333333333326 42.0 27.36666666666669 17.91666666666667 19.316666666666677 25.900000000000006 24.15 8.816666666666666 3.9166666666666696 3.77541666666667 12.808750000000002 20.275416666666665 6.342083333333333 18.383333333333333 25.03333333333333 38.96666666666666 38.96666666666666 38.96666666666666
45.24545454545453 45.24545454545453 44.64695454545453 38.19645454545453 21.72549999999984 30.277499999999822 22.30699999999973 24.03649999999975 17.024499999999794 25.89499999999965 23.96949999999975 20.607999999999873 17.592999999999925 17.28249999999983 10.910500000000003 26.150454545454213 33.72195454545394 43.307454545454526 43.506954545454526 44.64695454545453 45.24545454545453 45.24545454545453
20.999999999999993 20.999999999999993 20.800499999999992 20.467999999999993 10.320500000000019 16.570500000000813 6.490500000000438 9.410500000000555 6.2780000000001 8.786000000000145 9.132000000000266 10.99400000000021 10.132500000000247 14.49350000000071 5.860000000000094 8.193999999999953 8.678500000000255 14.578000000000452 17.49449999999998 20.800499999999992 20.999999999999993 20.999999999999993
345.75757575757575 345.75757575757575 341.96707575757574 265.8899581105169 148.7614411764706 174.5755000000009 191.05200000000207 188.69100000000145 189.22800000000208 208.67450000000224 179.59000000000106 146.98600000000135 186.08050000000256 205.9164999999999 201.16000000000227 230.70307575757735 261.6931934046336 256.6956345811062 304.8695757575773 341.96707575757574 345.75757575757575 345.75757575757575
779.7575757575758 779.7575757575758 765.5930757575758 702.9880757575759 578.2920000000008 631.3920000000003 643.2065000000023 687.7704999999999 777.9170000000006 852.4965 698.2285000000016 670.056500000003 736.7530000000008 747.8205 572.7480000000029 589.4725757575768 658.2810757575762 702.0475757575758 722.8430757575758 765.5930757575758 779.7575757575758 779.7575757575758
80.73333333333335 80.73333333333335 80.13483333333335 79.46983333333334 66.37399999999926 87.374 73.28083333333333 74.95099999999996 72.12599999999998 80.24649999999998 72.92616666666666 82.53233333333331 87.77199999999999 88.69649999999997 77.50349999999999 69.16233333333331 67.88933333333334 74.78 78.08283333333334 80.13483333333335 80.73333333333335 80.73333333333335
10.775757575757575 10.775757575757575 10.775757575757575 4.258757575757575 0.04000000000000714 3.330499999999989 2.0604999999999998 0.5024999999999862 1.5825000000000022 5.157499999999984 3.121499999999993 0.4109999999999818 1.3895000000000222 0.6229999999999798 0.22750000000000048 0.03125757575758348 3.6127575757575774 0.6867575757575821 4.705257575757578 10.775757575757575 10.775757575757575 10.775757575757575
2.545454545454545 2.545454545454545 1.946954545454545 0.749954545454545 1.2894999999999999 0.11750000000000005 1.118499999999993 0.04799999999999982 0.6339999999999965 0.5039999999999997 0.9189999999999939 0.20300000000000007 0.602 0.1050000000000002 0.1904999999999999 0.8639545454545396 0.32245454545454016 1.0634545454545319 1.262954545454532 1.946954545454545 2.545454545454545 2.545454545454545
8.515433299825174 8.515433299825174 8.515433299825174 8.170605713618277 5.63519719252875 5.511739310344832 3.931179232758699 6.323169663793221 7.904020525862183 6.8430643965518865 7.554258284482856 7.937444836207108 6.846124836207013 5.102947077586256 4.698814405172508 5.253506905172485 6.13050344827592 6.6061427011494525 6.363233965517242 7.808273706896552 7.546136159874608 8.328471379310345
700.0 700.0 699.05 695.2499999999999 689.5500000000001 691.4499999999999 679.0999999999999 686.6999999999997 683.8499999999997 687.6499999999999 679.0999999999998 681.9499999999998 683.8499999999999 686.6999999999997 680.0499999999998 686.6999999999997 681.9499999999997 684.7999999999997 690.4999999999999 698.1 700.0 697.15

H cap
-1.75 -12.25 -1.75 -1.75 1.75 1.75 19.25 8.75 26.25 29.75 1.75 8.75 5.25 15.75 131.25 131.25 131.25 131.25 131.25 131.25 131.25 131.25
32.5 21.5 4.5 0.5 10.5 10.5 18.5 19.5 3.5 -0.5 6.5 6.5 4.5 22.5 52.5 52.5 52.5 52.5 52.5 52.5 52.5 52.5
45.5 42.0 42.0 42.0 42.0 42.0 45.5 49.0 49.0 45.5 38.5 38.5 42.0 45.5 63.0 63.0 63.0 63.0 63.0 63.0 63.0 63.0
7.25 0.25 1.75 -1.25 -1.25 -1.25 -4.75 -4.75 2.75 -3.25 -2.75 1.75 -3.25 8.25 78.75 78.75 78.75 78.75 78.75 78.75 78.75 78.75

Gap
NaN

Time
NaN

