T P M C
22 37 4 12

base obj
12.228021978021976

exp obj
13.462683150183148

Objective struct
12.228021978021976 0.0 17.166666666666664

num campaigns
107

x
0 0 0 0 1 0 0 0 1 0 0 0 1 0 0 0 1 0 0 0 0 0
0 0 0 0 1 0 0 0 0 0 0 0 0 0 1 0 0 0 0 0 0 0
0 0 0 0 0 0 0 0 1 0 0 0 1 0 0 0 0 0 0 0 0 0
0 0 0 0 1 0 0 0 0 0 1 0 0 0 0 0 1 0 0 0 0 0
0 0 0 0 1 0 1 0 1 0 0 0 1 0 1 0 0 0 0 0 0 0
0 0 0 0 0 0 0 0 0 0 0 0 1 0 0 0 0 0 0 0 0 0
0 0 0 0 1 0 0 0 0 0 1 0 0 0 0 0 1 0 0 0 0 0
0 0 0 0 0 0 0 0 0 0 1 0 0 0 0 0 0 0 0 0 0 0
0 0 0 0 0 0 0 0 1 0 0 0 0 0 0 0 0 0 0 0 0 0
0 0 0 0 0 0 1 0 0 0 0 0 0 0 1 0 0 0 0 0 0 0
0 0 0 0 1 0 0 0 0 0 0 0 0 0 0 0 1 0 0 0 0 0
0 0 0 0 0 0 0 0 0 0 0 0 0 0 0 0 1 0 0 0 0 0
0 0 0 0 0 0 0 0 0 0 0 0 0 0 0 0 0 0 0 0 0 0
0 0 0 0 1 0 0 0 0 0 1 0 0 0 0 0 0 0 0 0 0 0
0 0 0 0 0 0 0 0 0 0 0 0 0 0 0 0 0 0 0 0 0 0
0 0 0 0 0 0 0 0 0 0 1 0 0 0 0 0 0 0 0 0 0 0
0 0 0 0 0 0 0 0 0 0 0 0 0 0 1 0 1 0 0 0 0 0
0 0 0 0 0 0 0 0 0 0 0 0 0 0 1 0 0 0 0 0 0 0
0 0 0 0 0 0 1 0 1 0 1 0 0 1 0 0 1 0 0 0 0 0
0 0 0 0 0 0 1 0 0 0 0 0 0 0 0 0 0 0 0 0 0 0
0 0 0 0 1 0 0 0 0 0 1 0 0 0 0 0 1 0 0 0 0 0
0 0 0 0 0 0 0 0 0 0 0 0 0 0 0 0 0 0 0 0 0 0
0 0 0 0 0 0 1 0 0 0 0 0 0 0 0 0 0 0 0 0 0 0
0 0 0 0 0 0 0 0 1 0 0 0 0 0 1 0 0 0 0 0 0 0
0 0 0 0 0 0 0 0 0 0 0 0 0 0 0 0 0 0 0 0 0 0
0 0 0 0 1 0 0 0 0 0 0 0 0 0 0 0 1 0 0 0 0 0
0 0 0 0 0 0 1 0 0 0 0 0 1 0 0 0 0 0 0 0 0 0
0 0 0 0 0 0 1 0 0 0 0 0 0 0 0 0 0 0 0 0 0 0
0 0 0 0 0 0 0 0 0 0 0 0 0 0 0 0 0 0 0 0 0 0
0 0 0 0 1 1 1 1 1 1 1 1 1 1 1 1 1 0 0 0 0 0
0 0 0 0 1 1 1 1 1 1 1 1 0 1 1 1 1 0 0 0 0 0
0 0 0 0 1 1 1 1 1 1 1 1 1 1 1 1 1 0 0 0 0 0
0 0 0 0 0 0 0 0 0 0 1 0 0 0 0 0 1 0 0 0 0 0
0 0 0 0 1 1 1 1 1 1 1 1 1 1 1 1 1 0 0 0 0 0
0 0 0 0 1 0 1 0 1 0 0 1 0 0 0 0 0 0 0 0 0 0
0 0 0 0 0 0 0 0 0 0 0 0 0 0 0 0 0 0 0 0 0 0
0 0 0 0 0 0 0 0 0 0 0 0 0 0 0 0 0 0 0 0 0 0

y
0.0 4.0 0.0 0.0 0.0 0.0 0.0 0.0 0.0 6.285714285714286 0.0 0.0 0.0 0.0 0.0 0.0 0.0 0.0 0.0 0.0 0.0 0.0 0.0 0.0 0.0 0.0 0.0 0.0 0.0 0.0 0.0 0.0 5.52 0.0 1.0 0.0 0.0

k
0 1 2 0 0 2 0 0 0 6 0 0 3 1 2 0 0 0 2 0 0 2 0 1 2 0 1 0 6 0 1 0 24 0 9 13 2

f
8.75 8.75 0.0 0.0 0.0 0.0 0.0 0.0 0.0 5.25 0.0 0.0 0.0 0.0 0.0 0.0 0.0 0.0 0.0 0.0 0.0 0.0
0.0 0.0 0.0 0.0 0.0 0.0 0.0 0.0 0.0 0.0 0.0 0.0 0.0 0.0 0.0 0.0 0.0 0.0 0.0 0.0 0.0 0.0
0.0 0.0 0.0 0.0 0.0 0.0 0.0 0.0 0.0 0.0 0.0 0.0 0.0 0.0 0.0 0.0 0.0 0.0 0.0 0.0 0.0 0.0
0.0 5.75 0.0 0.0 2.75 2.75 0.25 1.75 0.0 0.25 4.25 1.75 4.25 0.0 0.0 0.0 0.0 0.0 0.0 0.0 0.0 0.0

L
4 10 4 6 2 0 6 0 0 8 12 0 0 6 0 0 2 0 2 0 6 0 0 6 0 12 6 0 0 1 1 1 6 1 2 0 0

g
0 0 0 0 0 0 0 0 0 0 0 0 0 0 0 0 0 0 0 0 0 0
0 0 0 0 0 0 0 0 0 0 0 0 0 0 0 0 0 0 0 0 0 0
0 0 0 0 0 0 0 0 0 0 0 0 0 0 0 0 0 0 0 0 0 0
0 0 0 0 0 0 0 0 0 0 0 0 0 0 0 0 0 0 0 0 0 0
0 0 0 0 0 0 0 0 0 0 0 0 0 0 0 0 0 0 0 0 0 0
0 0 0 0 0 0 0 0 0 0 0 0 0 0 0 0 0 0 0 0 0 0
0 0 0 0 0 0 0 0 0 0 0 0 0 0 0 0 0 0 0 0 0 0
0 0 0 0 0 0 0 0 0 0 0 0 0 0 0 0 0 0 0 0 0 0
0 0 0 0 0 0 0 0 0 0 0 0 0 0 0 0 0 0 0 0 0 0
0 0 0 0 0 0 0 0 0 0 0 0 0 0 0 0 0 0 0 0 0 0
0 0 0 0 0 0 0 0 0 0 0 0 0 0 0 0 0 0 0 0 0 0
0 0 0 0 0 0 0 0 0 0 0 0 0 0 0 0 0 0 0 0 0 0
0 0 0 0 0 0 0 0 0 0 0 0 0 0 0 0 0 0 0 0 0 0
0 0 0 0 0 0 0 0 0 0 0 0 0 0 0 0 0 0 0 0 0 0
0 0 0 0 0 0 0 0 0 0 0 0 0 0 0 0 0 0 0 0 0 0
0 0 0 0 0 0 0 0 0 0 0 0 0 0 0 0 0 0 0 0 0 0
0 0 0 0 0 0 0 0 0 0 0 0 0 0 0 0 0 0 0 0 0 0
0 0 0 0 0 0 0 0 0 0 0 0 0 0 0 0 0 0 0 0 0 0
0 0 0 0 0 0 0 0 0 0 0 0 0 0 0 0 0 0 0 0 0 0
0 0 0 0 0 0 0 0 0 0 0 0 0 0 0 0 0 0 0 0 0 0
0 0 0 0 0 0 0 0 0 0 0 0 0 0 0 0 0 0 0 0 0 0
0 0 0 0 0 0 0 0 0 0 0 0 0 0 0 0 0 0 0 0 0 0
0 0 0 0 0 0 0 0 0 0 0 0 0 0 0 0 0 0 0 0 0 0
0 0 0 0 0 0 0 0 0 0 0 0 0 0 0 0 0 0 0 0 0 0
0 0 0 0 0 0 0 0 0 0 0 0 0 0 0 0 0 0 0 0 0 0
0 0 0 0 0 0 0 0 0 0 0 0 0 0 0 0 0 0 0 0 0 0
0 0 0 0 0 0 0 0 0 0 0 0 0 0 0 0 0 0 0 0 0 0
0 0 0 0 0 0 0 0 0 0 0 0 0 0 0 0 0 0 0 0 0 0
0 0 0 0 0 0 0 0 0 0 0 0 0 0 0 0 0 0 0 0 0 0
0 0 0 0 0 0 0 0 0 0 0 0 0 0 0 0 0 0 0 0 0 0
0 0 0 0 0 0 0 0 0 0 0 0 0 0 0 0 0 0 0 0 0 0
0 0 0 0 0 0 0 0 0 0 0 0 0 0 0 0 0 0 0 0 0 0
0 0 0 0 0 0 0 0 0 0 0 0 0 0 0 0 0 0 0 0 0 0
0 0 0 0 0 0 0 0 0 0 0 0 0 0 0 0 0 0 0 0 0 0
0 0 0 0 0 0 0 0 0 0 0 0 0 0 0 0 0 0 0 0 0 0
0 0 0 0 0 0 0 0 0 0 0 0 0 0 0 0 0 0 0 0 0 0
0 0 0 0 0 0 0 0 0 0 0 0 0 0 0 0 0 0 0 0 0 0

I cap
1058.909090909091 1058.909090909091 980.4770909090855 935.8270909091034 652.6149999999959 873.4269999999799 700.7610000000244 1012.3459999999867 617.651999999998 804.8819999999994 408.48900000000356 805.1849999999984 555.3019999999968 673.2399999999994 551.9539999999979 741.4570909090899 461.8340909091039 804.3660909090836 838.9270909090883 980.477090909091 1058.909090909091 1058.909090909091
107.96969696969697 107.96969696969697 104.70169696969697 104.70169696969697 71.15500000000051 88.89300000000003 62.14899999999987 68.00399999999998 37.14799999999995 72.61799999999963 29.460999999999995 68.36499999999978 54.84799999999985 46.509999999999906 74.99600000000017 72.02169696969672 1.094696969696681 48.0626969696972 49.60169696969706 104.70169696969697 107.96969696969697 107.96969696969697
38.96666666666666 38.96666666666666 38.96666666666666 38.96666666666666 6.4800000000000235 4.380000000000001 5.390000000000003 31.85 26.60000000000001 32.550000000000004 3.5666666666666673 8.81666666666667 3.9166666666666705 17.708750000000002 12.808750000000003 20.275416666666665 6.342083333333339 18.383333333333333 18.383333333333333 38.96666666666666 38.96666666666666 38.96666666666666
45.24545454545453 45.24545454545453 44.64695454545453 38.19645454545456 20.271999999999792 31.67399999999962 27.313499999999795 25.74649999999974 19.84599999999971 25.448499999999605 22.173999999999573 23.201499999999843 15.445999999999772 13.349499999999882 9.722999999999937 27.527954545454147 34.05445454545402 43.307454545454526 43.506954545454526 44.64695454545453 45.24545454545453 45.24545454545453
20.999999999999993 20.999999999999993 20.800499999999992 20.467999999999993 8.639000000000014 17.16900000000073 11.145500000000684 11.975500000000947 7.218500000000075 6.762500000000193 8.362500000000384 13.587500000000043 12.108500000000133 14.227500000000681 9.441500000000106 9.552499999999977 8.944500000000303 14.57800000000051 17.49449999999998 20.800499999999992 20.999999999999993 20.999999999999993
345.75757575757575 345.75757575757575 341.96707575757574 303.8899581105169 189.9914411764706 210.20050000000006 200.9320000000034 165.19750000000192 213.994500000003 194.1680000000008 156.64750000000242 181.79400000000058 216.59450000000044 219.43500000000301 158.1060000000019 165.5045757575783 225.3271934046347 256.695634581106 304.86957575757583 341.96707575757574 345.75757575757575 345.75757575757575
779.7575757575758 779.7575757575758 765.5930757575758 735.6680757575758 591.4115000000035 753.0015 831.5725000000018 762.925 779.7980000000009 684.4700000000001 594.4885000000033 799.8740000000018 717.3445000000007 706.8565000000001 704.6270000000012 594.6405757575761 580.9320757575757 702.0475757575758 722.8430757575758 765.5930757575758 779.7575757575758 779.7575757575758
80.73333333333335 80.73333333333335 80.13483333333335 79.46983333333334 61.91533333333341 81.52199999999999 73.88249999999998 76.91749999999998 73.06649999999998 79.00199999999997 68.3535 81.02499999999998 84.87449999999998 85.28599999999997 76.75299999999999 68.81083333333333 68.08883333333331 74.78 78.08283333333334 80.13483333333335 80.73333333333335 80.73333333333335
10.775757575757575 10.775757575757575 10.775757575757575 9.578757575757574 4.647499999999997 6.655499999999989 3.295500000000005 1.8799999999999835 1.2024999999999864 0.12249999999998717 1.867499999999997 1.474999999999996 1.5700000000000114 3.1404999999999905 1.9090000000000034 0.2022575757575779 0.20225757575756992 0.6867575757575786 4.7052575757575745 10.775757575757575 10.775757575757575 10.775757575757575
2.545454545454545 2.545454545454545 1.946954545454545 0.7499545454545451 1.2894999999999999 0.1175000000000001 1.1184999999999938 0.04799999999999982 0.6339999999999946 0.5040000000000001 0.9189999999999976 0.20300000000000007 0.602 0.1050000000000002 0.19050000000000034 0.8639545454545356 0.3224545454545401 1.0634545454545252 1.2629545454545235 1.946954545454545 2.545454545454545 2.545454545454545
8.515433299825174 8.515433299825174 8.515433299825174 8.170605713618277 4.406749080459782 5.259497931034507 4.664972008620767 7.305928120689769 7.904020362069064 6.843064396551844 7.472361896551883 7.698307068965768 7.176986905172529 6.249498801724192 6.172952336207006 5.744886379310416 5.721020689655244 6.933728908046001 6.690820172413794 7.1531012931034486 7.546136159874608 8.328471379310345
700.0 700.0 700.0 698.0999999999999 683.8499999999999 686.6999999999998 675.2999999999997 690.4999999999998 681.9499999999997 684.7999999999998 680.0499999999998 688.5999999999998 684.7999999999998 690.4999999999998 681.9499999999998 682.8999999999996 677.1999999999997 684.7999999999998 690.4999999999999 695.25 700.0 697.15

H cap
-8.75 -8.75 1.75 1.75 1.75 1.75 1.75 1.75 5.25 -5.25 8.75 19.25 5.25 5.25 131.25 131.25 131.25 131.25 131.25 131.25 131.25 131.25
16.0 4.0 15.5 15.5 13.0 13.0 8.0 5.0 14.0 17.0 13.5 13.5 7.0 19.0 52.5 52.5 52.5 52.5 52.5 52.5 52.5 52.5
42.0 42.0 42.0 42.0 42.0 42.0 49.0 49.0 49.0 45.5 38.5 42.0 42.0 42.0 63.0 63.0 63.0 63.0 63.0 63.0 63.0 63.0
0.25 -5.75 0.25 0.25 -2.75 -2.75 -0.25 -1.75 0.75 -0.25 -4.25 -1.75 -4.25 1.75 78.75 78.75 78.75 78.75 78.75 78.75 78.75 78.75

Gap
NaN

Time
NaN

