T P M C
22 37 4 12

base obj
12.651098901098901

exp obj
13.946657509157507

Objective struct
12.651098901098901 0.0 17.833333333333332

num campaigns
116

x
0 0 0 0 1 0 0 0 1 0 0 0 1 0 0 0 1 0 0 0 0 0
0 0 0 0 0 0 0 0 0 0 0 0 0 0 1 0 0 0 0 0 0 0
0 0 0 0 0 0 0 0 0 0 1 0 0 0 0 0 1 0 0 0 0 0
0 0 0 0 1 0 0 0 0 1 0 0 0 0 1 0 0 0 0 0 0 0
0 0 0 0 1 0 1 0 1 0 0 0 1 0 0 0 1 0 0 0 0 0
0 0 0 0 0 0 1 0 0 0 0 0 1 0 0 0 0 0 0 0 0 0
0 0 0 0 0 0 1 0 0 0 1 0 0 0 0 1 0 0 0 0 0 0
0 0 0 0 0 0 0 0 0 0 1 0 0 0 0 0 0 0 0 0 0 0
0 0 0 0 0 0 0 0 1 0 0 0 0 0 0 0 0 0 0 0 0 0
0 0 0 0 0 0 1 0 0 0 0 0 0 0 1 0 0 0 0 0 0 0
0 0 0 0 1 0 0 0 0 0 0 0 0 0 0 0 1 0 0 0 0 0
0 0 0 0 0 0 0 0 0 0 0 0 0 0 0 0 1 0 0 0 0 0
0 0 0 0 0 0 0 0 0 0 0 0 0 0 0 0 0 0 0 0 0 0
0 0 0 0 0 0 1 0 0 0 0 0 1 0 0 0 0 0 0 0 0 0
0 0 0 0 0 0 0 0 0 0 0 0 0 0 0 0 0 0 0 0 0 0
0 0 0 0 1 0 0 0 0 0 0 0 0 0 0 0 0 0 0 0 0 0
0 0 0 0 0 0 0 0 0 0 0 0 0 0 0 0 0 0 0 0 0 0
0 0 0 0 0 0 1 0 0 0 0 0 0 0 0 0 0 0 0 0 0 0
0 0 0 0 0 0 1 0 1 0 0 1 0 0 1 0 1 0 0 0 0 0
0 0 0 0 1 0 0 0 0 0 0 0 0 0 0 0 0 0 0 0 0 0
0 0 0 0 1 0 0 0 0 0 1 0 0 0 0 0 1 0 0 0 0 0
0 0 0 0 0 0 0 0 0 0 0 0 0 0 0 0 0 0 0 0 0 0
0 0 0 0 0 0 0 0 0 0 1 0 0 0 0 0 0 0 0 0 0 0
0 0 0 0 0 0 0 0 1 0 0 0 0 0 1 0 0 0 0 0 0 0
0 0 0 0 0 0 0 0 0 0 0 0 0 0 0 0 0 0 0 0 0 0
0 0 0 0 1 0 0 0 0 0 0 0 0 0 0 0 1 0 0 0 0 0
0 0 0 0 0 0 1 0 0 0 0 0 0 0 1 0 0 0 0 0 0 0
0 0 0 0 0 0 0 0 0 0 0 0 0 1 0 0 0 0 0 0 0 0
0 0 0 0 0 0 0 0 0 0 0 0 0 0 0 0 0 0 0 0 0 0
0 0 0 0 1 1 1 1 1 1 1 1 1 1 1 1 1 0 0 0 0 0
0 0 0 0 1 1 1 1 1 1 1 1 0 1 1 1 1 0 0 0 0 0
0 0 0 0 1 1 1 1 1 1 1 1 1 1 1 1 1 0 0 0 0 0
0 0 0 0 1 0 0 1 1 1 1 0 0 1 1 1 1 0 0 0 0 0
0 0 0 0 1 1 1 1 1 1 1 1 1 1 1 1 1 0 0 0 0 0
0 0 0 0 0 0 0 0 1 1 1 1 0 1 1 1 1 0 0 0 0 0
0 0 0 0 0 0 0 0 0 0 0 0 0 0 0 0 0 0 0 0 0 0
0 0 0 0 0 0 0 0 0 0 0 0 0 0 0 0 0 0 0 0 0 0

y
0.0 0.0 2.0 0.0 0.0 0.0 0.0 0.0 0.0 6.285714285714286 0.0 0.0 0.0 0.0 0.0 0.0 0.0 0.0 0.0 0.0 0.0 0.0 0.0 0.0 0.0 0.0 2.0 0.0 0.0 0.0 0.0 0.0 0.52 0.0 0.0 0.0 0.0

k
0 2 2 0 0 1 0 0 0 6 0 0 3 1 2 0 2 0 2 0 0 2 0 1 2 0 1 0 6 0 1 0 17 0 5 13 2

f
8.75 8.75 0.0 0.0 0.0 0.0 0.0 0.0 0.0 1.75 0.0 0.0 0.0 0.0 0.0 0.0 0.0 0.0 0.0 0.0 0.0 0.0
0.0 0.0 0.0 0.0 0.0 0.0 0.0 0.0 0.0 0.0 0.0 0.0 0.0 0.0 0.0 0.0 0.0 0.0 0.0 0.0 0.0 0.0
0.0 0.0 0.0 0.0 0.0 0.0 0.0 0.0 0.0 0.0 0.0 0.0 0.0 0.0 0.0 0.0 0.0 0.0 0.0 0.0 0.0 0.0
0.0 4.75 3.25 4.75 0.0 1.25 2.75 0.0 2.25 3.75 0.75 0.0 0.0 0.0 0.0 0.0 0.0 0.0 0.0 0.0 0.0 0.0

L
4 0 6 5 2 6 4 0 0 8 12 0 0 6 0 0 0 0 2 0 6 0 0 6 0 12 8 0 0 1 1 1 1 1 1 0 0

g
0 0 0 0 0 0 0 0 0 0 0 0 0 0 0 0 0 0 0 0 0 0
0 0 0 0 0 0 0 0 0 0 0 0 0 0 0 0 0 0 0 0 0 0
0 0 0 0 0 0 0 0 0 0 0 0 0 0 0 0 0 0 0 0 0 0
0 0 0 0 0 0 0 0 0 0 0 0 0 0 0 0 0 0 0 0 0 0
0 0 0 0 0 0 0 0 0 0 0 0 0 0 0 0 0 0 0 0 0 0
0 0 0 0 0 0 0 0 0 0 0 0 0 0 0 0 0 0 0 0 0 0
0 0 0 0 0 0 0 0 0 0 0 0 0 0 0 0 0 0 0 0 0 0
0 0 0 0 0 0 0 0 0 0 0 0 0 0 0 0 0 0 0 0 0 0
0 0 0 0 0 0 0 0 0 0 0 0 0 0 0 0 0 0 0 0 0 0
0 0 0 0 0 0 0 0 0 0 0 0 0 0 0 0 0 0 0 0 0 0
0 0 0 0 0 0 0 0 0 0 0 0 0 0 0 0 0 0 0 0 0 0
0 0 0 0 0 0 0 0 0 0 0 0 0 0 0 0 0 0 0 0 0 0
0 0 0 0 0 0 0 0 0 0 0 0 0 0 0 0 0 0 0 0 0 0
0 0 0 0 0 0 0 0 0 0 0 0 0 0 0 0 0 0 0 0 0 0
0 0 0 0 0 0 0 0 0 0 0 0 0 0 0 0 0 0 0 0 0 0
0 0 0 0 0 0 0 0 0 0 0 0 0 0 0 0 0 0 0 0 0 0
0 0 0 0 0 0 0 0 0 0 0 0 0 0 0 0 0 0 0 0 0 0
0 0 0 0 0 0 0 0 0 0 0 0 0 0 0 0 0 0 0 0 0 0
0 0 0 0 0 0 0 0 0 0 0 0 0 0 0 0 0 0 0 0 0 0
0 0 0 0 0 0 0 0 0 0 0 0 0 0 0 0 0 0 0 0 0 0
0 0 0 0 0 0 0 0 0 0 0 0 0 0 0 0 0 0 0 0 0 0
0 0 0 0 0 0 0 0 0 0 0 0 0 0 0 0 0 0 0 0 0 0
0 0 0 0 0 0 0 0 0 0 0 0 0 0 0 0 0 0 0 0 0 0
0 0 0 0 0 0 0 0 0 0 0 0 0 0 0 0 0 0 0 0 0 0
0 0 0 0 0 0 0 0 0 0 0 0 0 0 0 0 0 0 0 0 0 0
0 0 0 0 0 0 0 0 0 0 0 0 0 0 0 0 0 0 0 0 0 0
0 0 0 0 0 0 0 0 0 0 0 0 0 0 0 0 0 0 0 0 0 0
0 0 0 0 0 0 0 0 0 0 0 0 0 0 0 0 0 0 0 0 0 0
0 0 0 0 0 0 0 0 0 0 0 0 0 0 0 0 0 0 0 0 0 0
0 0 0 0 0 0 0 0 0 0 0 0 0 0 0 0 0 0 0 0 0 0
0 0 0 0 0 0 0 0 0 0 0 0 0 0 0 0 0 0 0 0 0 0
0 0 0 0 0 0 0 0 0 0 0 0 0 0 0 0 0 0 0 0 0 0
0 0 0 0 0 0 0 0 0 0 0 0 0 0 0 0 0 0 0 0 0 0
0 0 0 0 0 0 0 0 0 0 0 0 0 0 0 0 0 0 0 0 0 0
0 0 0 0 0 0 0 0 0 0 0 0 0 0 0 0 0 0 0 0 0 0
0 0 0 0 0 0 0 0 0 0 0 0 0 0 0 0 0 0 0 0 0 0
0 0 0 0 0 0 0 0 0 0 0 0 0 0 0 0 0 0 0 0 0 0

I cap
1058.909090909091 1058.909090909091 961.0970909090613 919.2020909090854 766.3870000000204 892.446000000008 565.1389999999882 1015.3289999999423 672.3149999999989 733.9740000000054 653.9689999999949 752.820999999997 657.3129999999957 736.4150000000008 418.858999999993 615.6200909090895 585.8660909091144 672.7910909090765 710.7720909090865 980.477090909091 1058.909090909091 1058.909090909091
107.96969696969697 107.96969696969697 104.70169696969697 103.846696969697 76.32300000000116 88.30400000000031 52.611000000000345 68.82100000000031 44.23500000000002 63.725999999999985 49.9809999999994 59.928999999999675 58.286999999999686 54.58500000000032 60.84100000000029 60.10869696969668 15.762696969696616 39.037696969697066 40.956696969697134 104.70169696969697 107.96969696969697 107.96969696969697
38.96666666666666 38.96666666666666 15.279999999999994 15.279999999999994 14.84000000000003 16.025416666666672 8.675416666666669 19.808750000000003 14.55875000000001 32.550000000000004 10.216666666666669 8.81666666666666 3.9166666666666687 29.75 24.85 32.31666666666666 11.733333333333341 18.383333333333333 18.383333333333333 38.96666666666666 38.96666666666666 38.96666666666666
45.24545454545453 45.24545454545453 44.64695454545453 38.99445454545456 20.74699999999978 31.996999999999755 25.204499999999374 24.53049999999938 21.812499999999666 25.372499999999427 25.02399999999936 19.21149999999972 16.585999999999814 19.61949999999982 11.195499999999758 25.247954545454192 31.44195454545376 39.317454545454524 40.32445454545453 44.64695454545453 45.24545454545453 45.24545454545453
20.999999999999993 20.999999999999993 20.800499999999992 20.467999999999993 8.639000000000022 17.16900000000183 9.929500000000369 11.367500000000529 9.156500000000277 7.066500000000115 10.64250000000042 10.39550000000026 12.108500000000383 17.41950000000101 9.707500000000074 9.552499999999963 8.67850000000052 11.386000000000793 14.94849999999997 20.800499999999992 20.999999999999993 20.999999999999993
345.75757575757575 345.75757575757575 341.96707575757574 272.6729581105169 146.5289411764706 177.3210000000014 182.3025000000031 165.1975000000011 220.99600000000552 234.6760000000024 210.4175000000011 208.64100000000133 247.94450000000396 248.16300000000294 193.37000000000262 207.20957575757825 266.300693404635 309.57263458110685 334.9655757575783 341.96707575757574 345.75757575757575 345.75757575757575
779.7575757575758 779.7575757575758 765.5930757575758 658.1005757575758 510.18649999999946 734.4765 696.3780000000025 602.8689999999998 668.7524999999999 649.4625000000009 679.2285000000026 769.065500000002 676.0195000000076 665.5125 607.9265000000003 546.5990757575756 585.9575757575755 680.9575757575758 698.1145757575758 765.5930757575758 779.7575757575758 779.7575757575758
80.73333333333335 80.73333333333335 80.13483333333335 79.46983333333334 61.91533333333214 81.52199999999999 70.84249999999997 75.39749999999998 73.45599999999997 78.16599999999998 70.06349999999999 78.63099999999997 84.87449999999998 87.67999999999998 76.95249999999999 68.8108333333333 67.88933333333334 72.386 76.17333333333335 80.13483333333335 80.73333333333335 80.73333333333335
10.775757575757575 10.775757575757575 10.775757575757575 5.455757575757574 1.7500000000000027 4.812499999999983 3.8275000000000112 4.539999999999983 1.2024999999999748 2.4024999999999777 2.8174999999999875 3.8024999999999887 6.842500000000012 4.660499999999962 2.5075000000000354 0.031257575757576816 0.03125757575758836 8.115757575757574 10.775757575757574 10.775757575757575 10.775757575757575 10.775757575757575
2.545454545454545 2.545454545454545 1.946954545454545 1.946954545454545 2.002 0.602 1.6029999999999882 0.04799999999999982 0.6339999999999963 0.5039999999999997 0.918999999999994 0.20300000000000007 0.602 0.1050000000000002 0.19049999999999978 0.8639545454545281 0.32245454545453456 1.063454545454519 1.2629545454545203 1.946954545454545 2.545454545454545 2.545454545454545
8.515433299825174 8.515433299825174 8.515433299825174 7.843019506721726 4.668817882183921 5.528118620689678 4.602730956896643 6.896445525862203 7.576434318965646 5.942202327586495 6.653396379310581 7.773651896552129 7.50129741379326 5.676222939655307 5.026400448276021 5.581092948275954 5.5572274224139075 6.68803925287361 6.690820172413794 7.4806875 7.546136159874608 8.656057586206897
700.0 700.0 699.05 696.1999999999999 685.75 689.5499999999998 679.0999999999998 690.4999999999997 684.7999999999996 685.7499999999999 679.0999999999998 680.05 685.7499999999999 690.4999999999998 680.9999999999999 688.5999999999996 680.9999999999997 682.8999999999999 691.4499999999998 699.05 700.0 699.05

H cap
-8.75 -8.75 1.75 1.75 12.25 1.75 1.75 1.75 22.75 -1.75 1.75 26.25 5.25 15.75 131.25 131.25 131.25 131.25 131.25 131.25 131.25 131.25
23.0 11.0 9.5 6.5 9.5 4.0 4.5 10.0 14.5 11.5 3.0 1.0 1.0 21.0 52.5 52.5 52.5 52.5 52.5 52.5 52.5 52.5
38.5 38.5 45.5 45.5 45.5 42.0 49.0 49.0 52.5 56.0 42.0 42.0 42.0 42.0 63.0 63.0 63.0 63.0 63.0 63.0 63.0 63.0
1.25 -4.75 -3.25 -4.75 5.25 -1.25 -2.75 1.25 -2.25 -3.75 -0.75 0.75 1.25 11.25 78.75 78.75 78.75 78.75 78.75 78.75 78.75 78.75

Gap
NaN

Time
NaN

