T P M C
61 37 4 12

base obj
9.565649867374004

exp obj
15.13329586516705

Objective struct
9.565649867374004 9.940195017400887 9.921568627450979

num campaigns
527

x
0 0 0 0 0 0 0 0 0 0 0 0 1 0 0 0 0 0 2 0 0 0 0 0 0 0 0 0 0 1 0 2 0 0 0 0 0 0 0 1 0 0 0 0 1 0 1 0 0 0 0 1 0 0 1 2 0 0 0 0 0
0 0 0 0 1 0 0 0 0 0 1 0 0 0 0 0 0 0 0 0 0 0 1 0 0 0 0 0 0 0 0 0 0 0 1 0 0 0 0 0 0 1 0 0 0 0 0 0 0 1 0 0 0 0 0 0 0 0 0 0 0
0 0 0 0 1 0 5 0 0 0 0 0 0 0 0 0 0 0 0 0 0 0 0 0 0 0 0 0 1 0 0 0 0 0 0 0 0 0 1 0 0 0 0 0 0 1 0 0 0 1 0 1 1 1 0 0 0 0 0 0 0
0 0 0 0 0 0 0 0 0 0 0 0 0 0 0 1 0 0 0 0 0 0 0 0 1 0 0 1 0 0 0 0 0 0 0 2 0 0 0 0 0 1 0 0 0 0 0 0 4 0 0 1 0 0 0 0 0 0 0 0 0
0 0 0 0 0 0 0 0 0 0 0 0 0 0 0 0 0 0 0 0 0 0 3 0 0 0 0 6 0 0 0 0 0 0 0 0 0 7 0 0 0 0 0 0 0 0 0 0 0 0 0 1 0 0 0 0 0 0 0 0 0
0 0 0 0 0 0 0 0 0 1 0 0 0 0 0 0 0 0 0 0 0 0 0 0 0 0 0 0 0 0 0 0 0 0 0 0 0 0 1 0 0 0 0 0 0 0 0 0 0 0 0 0 0 0 0 0 0 0 0 0 0
0 0 0 0 0 0 0 4 0 0 1 0 2 0 0 0 0 0 0 0 0 0 0 0 0 0 0 0 0 0 0 0 0 0 0 0 1 0 0 2 0 0 0 0 0 0 0 0 0 0 1 0 0 1 0 0 0 0 0 0 0
0 0 0 0 0 0 0 0 0 0 0 0 0 0 0 0 0 0 0 0 0 0 0 0 0 1 0 0 0 0 0 0 0 0 0 0 0 0 0 0 0 0 0 2 0 0 0 0 0 0 0 0 0 1 0 0 0 0 0 0 0
0 0 0 0 1 0 0 0 0 0 0 0 0 0 0 0 0 0 0 0 0 0 0 1 0 0 0 0 0 0 0 0 0 0 0 0 0 0 0 0 0 0 0 0 0 0 0 0 0 0 0 0 0 0 0 0 0 0 0 0 0
0 0 0 0 0 0 0 0 0 0 0 0 0 0 1 1 0 0 0 0 0 0 0 0 0 0 0 0 0 0 0 0 0 0 0 0 0 0 0 0 0 0 0 0 0 0 0 0 0 0 0 0 0 0 0 0 0 0 0 0 0
0 0 0 0 0 0 0 0 0 0 2 0 0 0 0 0 0 0 0 0 3 0 0 0 0 0 0 0 0 0 0 0 0 0 0 0 0 0 0 0 0 0 0 0 0 0 0 0 0 0 0 0 0 0 0 0 0 0 0 0 0
0 0 0 0 0 0 0 0 1 0 0 0 0 0 0 0 0 1 0 0 0 0 0 0 0 0 0 0 0 0 0 0 0 0 0 0 0 0 0 0 0 0 0 0 0 0 0 1 0 0 1 0 0 0 0 0 0 0 0 0 0
0 0 0 0 0 0 1 0 0 0 0 0 0 0 1 0 0 0 0 0 0 0 0 0 1 0 1 0 0 0 0 0 0 0 0 1 0 0 0 0 0 0 0 0 0 0 0 0 0 0 0 0 0 0 0 0 0 0 0 0 0
0 0 0 0 0 0 0 0 2 0 1 0 1 1 0 0 0 0 0 0 0 0 0 0 1 0 0 0 1 0 0 0 0 0 1 0 0 0 0 0 0 0 1 0 0 0 0 1 0 0 0 0 0 1 0 0 0 0 0 0 0
0 0 0 0 0 0 0 0 0 0 0 0 0 0 0 0 0 0 0 0 0 0 0 0 0 0 0 0 0 0 0 0 0 0 0 0 0 0 0 0 0 0 0 0 0 0 0 0 0 0 0 0 0 0 0 0 0 0 0 0 0
0 0 0 0 1 0 0 0 0 0 0 0 0 0 0 0 0 0 0 0 0 0 0 0 0 0 0 0 0 0 0 0 0 0 0 0 0 0 0 0 0 0 0 0 0 0 0 0 0 0 0 0 0 0 0 0 0 0 0 0 0
0 0 0 0 0 0 0 0 0 0 0 0 0 0 1 0 1 0 0 0 0 0 0 0 0 0 0 0 0 0 0 0 0 0 0 0 0 0 0 0 0 0 1 0 1 0 1 0 0 0 1 0 0 0 0 0 0 0 0 0 0
0 0 0 0 0 0 0 0 0 0 0 0 0 0 0 0 0 0 0 0 0 0 0 0 2 0 0 0 0 0 0 0 0 0 0 0 0 0 0 0 0 0 0 0 0 1 0 0 0 0 0 0 0 0 0 0 0 0 0 0 0
0 0 0 0 0 0 0 0 0 0 0 3 0 0 0 1 0 0 0 1 0 0 0 0 1 0 0 0 1 0 0 0 1 2 0 0 0 1 1 1 0 2 0 0 0 1 0 1 5 0 1 0 2 0 0 0 0 0 0 0 0
0 0 0 0 0 0 0 1 0 0 0 0 0 0 0 0 0 0 0 1 0 0 0 0 0 0 0 0 0 0 0 0 0 0 0 0 0 0 0 0 0 0 0 0 0 0 0 0 0 0 0 0 0 0 0 0 0 0 0 0 0
0 0 0 0 0 0 0 0 1 0 0 0 0 0 2 0 0 0 0 0 2 0 0 0 0 0 0 0 2 0 0 0 0 0 0 0 0 0 0 0 0 0 2 0 0 1 0 0 0 0 0 0 2 0 0 0 0 0 0 0 0
0 0 0 0 0 0 0 0 0 0 0 0 0 0 0 0 0 0 0 0 0 0 0 0 0 0 0 0 0 0 0 0 0 0 0 0 0 0 0 0 0 0 0 0 0 0 0 0 0 0 0 0 0 0 0 0 0 0 0 0 0
0 0 0 0 0 0 0 0 0 0 0 0 0 0 0 0 1 0 0 0 1 0 1 0 0 0 1 0 0 0 0 0 0 0 0 0 0 0 0 0 0 0 0 0 0 0 0 0 0 0 0 0 0 0 0 0 0 0 0 0 0
0 0 0 0 0 0 0 0 0 0 0 0 0 0 0 0 0 0 0 0 0 0 0 0 0 0 0 0 0 0 0 0 0 0 0 0 0 0 0 0 0 0 0 0 0 0 0 0 0 0 0 0 0 0 0 0 0 0 0 0 0
0 0 0 0 0 0 0 0 0 0 0 0 0 0 0 0 0 0 0 0 0 0 0 0 0 0 0 0 0 0 1 0 0 1 0 0 1 0 0 0 1 0 0 0 0 0 0 0 0 0 0 0 0 0 0 0 0 0 0 0 0
0 0 0 0 3 0 0 0 0 0 0 1 0 0 0 0 0 0 0 0 0 0 0 1 1 0 0 0 0 0 0 0 0 0 0 0 0 0 0 0 0 0 0 0 0 0 0 0 0 2 0 0 0 0 0 0 0 0 0 0 0
0 0 0 0 0 0 0 0 0 0 1 1 0 0 0 0 0 0 1 0 1 1 0 0 0 0 1 0 0 0 1 0 1 0 0 0 0 0 0 0 0 0 0 0 0 0 0 0 0 0 0 0 0 0 0 2 0 0 0 0 0
0 0 0 0 0 0 0 0 0 0 0 0 0 0 0 0 0 0 0 0 0 0 0 0 0 0 0 0 0 0 0 0 0 0 0 2 0 0 0 0 0 0 0 0 0 0 0 0 0 0 0 0 0 0 0 0 0 0 0 0 0
0 0 0 0 0 0 0 0 0 0 0 0 0 0 0 0 0 0 0 0 0 0 0 0 0 0 0 0 0 0 0 0 0 0 0 0 0 0 0 0 0 0 0 0 0 0 0 0 0 0 0 0 0 0 0 0 0 0 0 0 0
0 0 0 0 4 0 0 0 3 0 0 0 3 0 1 0 0 1 1 0 6 0 0 0 4 0 0 0 0 0 1 0 6 0 1 0 0 3 0 3 0 3 0 0 0 0 0 0 0 1 0 5 0 0 0 6 0 0 0 0 0
0 0 0 0 0 0 1 0 0 0 0 1 6 0 0 3 0 0 5 0 0 6 0 0 0 0 0 5 0 0 0 0 6 0 0 4 0 0 0 3 0 0 0 4 1 0 0 3 0 2 0 0 0 2 0 0 0 0 0 0 0
0 0 0 0 0 0 7 0 0 0 1 0 0 0 0 0 0 0 0 5 0 0 0 6 0 0 0 1 0 0 0 0 2 0 3 0 0 0 2 0 1 8 0 2 0 0 0 3 0 3 0 5 0 0 0 3 0 0 0 0 0
0 0 0 0 8 0 0 0 5 0 9 0 2 0 0 0 8 0 0 0 0 0 8 0 0 5 4 0 0 2 4 0 0 0 1 6 1 9 3 0 2 0 0 2 0 2 0 5 0 5 0 1 0 6 0 4 0 0 0 0 0
0 0 0 0 1 1 0 0 0 0 1 0 0 0 9 0 0 6 0 1 0 2 0 0 0 1 0 0 9 0 0 0 3 0 0 0 0 0 0 0 0 0 0 3 0 12 0 0 0 1 0 0 1 0 0 1 0 0 0 0 0
0 0 0 0 0 1 0 2 1 1 0 0 0 1 0 0 0 0 0 1 0 0 0 1 2 1 1 0 1 2 0 1 0 1 0 2 0 2 0 3 0 2 0 0 0 0 0 1 0 2 0 0 1 2 1 0 0 0 0 0 0
0 0 0 0 0 0 0 0 0 0 0 0 0 0 0 0 0 0 0 0 0 0 0 0 0 0 0 0 0 0 0 0 0 0 0 0 0 0 0 0 0 0 0 0 0 0 0 0 0 0 0 0 0 0 0 0 0 0 0 0 0
0 0 0 0 0 0 0 0 0 0 0 0 0 0 0 0 0 0 0 0 0 0 0 0 0 0 0 0 0 0 0 0 0 0 0 0 0 0 0 0 0 0 0 0 0 0 0 0 0 0 0 0 0 0 0 0 0 0 0 0 0

y
0.0 1.3636363636363633 0.0 0.0 0.0 24.363636363636363 0.0 0.0 0.0 0.0 0.0 0.0 0.0 0.0 0.0 0.0 0.0 0.0 0.0 0.0 0.0 0.0 0.0 0.0 0.0 0.0 0.0 0.0 0.0 0.0 0.0 0.0 0.0 0.0 0.0 0.0 0.0

k
0 6 0 0 0 10 0 0 0 27 0 0 7 0 7 0 0 0 0 0 0 6 0 10 2 0 0 0 21 0 0 0 2 0 19 52 6

f
0.0 0.0 0.0 0.0 0.0 0.0 0.0 0.0 0.0 0.0 0.0 0.0 0.0 0.0 0.0 5.074999999999999 0.0 0.0 0.0 0.0 0.0 5.074999999999996 0.0 0.0 0.0 0.0 0.0 0.0 0.0 0.0 0.0 0.0 0.0 0.0 1.7499999999999698 1.7499999999999893 0.0 0.0 0.0 0.0 28.35 0.0 0.0 0.0 0.0 1.7499999999999698 0.0 0.0 0.0 0.0 0.0 51.625 1.75 0.0 0.0 0.0 0.0 0.0 0.0 0.0 0.0
0.0 1.1750000000000131 0.0 0.22500000000000853 0.0 0.0 0.0 0.7000000000000064 0.0 0.0 0.0 5.925000000000008 0.0 0.0 0.0 0.0 0.0 0.0 4.500000000000007 1.6500000000000075 0.0 1.175000000000006 0.0 0.22499999999999787 13.999999999999996 0.0 0.0 0.0 11.15000000000001 1.6500000000000146 0.0 13.050000000000006 0.0 5.449999999999996 19.225 0.22500000000000497 0.0 0.0 0.0 0.0 0.7000000000000117 2.125000000000009 0.0 0.0 0.0 2.125000000000009 1.1750000000000145 0.0 0.0 0.0 0.0 10.200000000000006 2.6000000000000103 0.0 0.0 0.0 0.0 0.0 0.0 0.0 0.0
0.0 0.0 0.0 0.0 0.0 0.0 0.0 0.0 0.0 0.0 0.0 0.0 0.0 0.0 0.0 0.0 0.0 0.0 0.0 0.0 0.0 0.0 0.0 0.0 0.0 0.0 0.0 0.0 0.0 0.0 0.0 0.0 0.0 0.0 0.0 0.0 0.0 0.0 0.0 0.0 0.0 0.0 0.0 0.0 0.0 0.0 0.0 0.0 0.0 0.0 0.0 0.0 0.0 0.0 0.0 0.0 0.0 0.0 0.0 0.0 0.0
0.0 2.475000000000005 0.0 10.550000000000011 0.0 6.275000000000008 1.049999999999998 0.10000000000000053 0.10000000000001386 0.0 0.09999999999999254 0.10000000000001474 1.049999999999998 0.10000000000000675 0.09999999999997833 0.1000000000000032 0.5749999999999797 0.5749999999999895 0.0 0.0 0.5749999999999842 1.5249999999999977 0.0 6.275 0.574999999999986 0.09999999999999076 0.5749999999999842 17.675 0.1000000000000032 0.0 0.09999999999999343 0.09999999999998899 3.8999999999999657 0.0 0.5749999999999593 0.09999999999998543 1.0499999999999767 0.09999999999999254 1.0499999999999616 1.0500000000000016 0.0 1.5249999999999995 0.09999999999996945 8.175 0.09999999999996945 0.5750000000000002 0.0999999999999659 6.275000000000003 0.0 0.5750000000000037 0.0 22.900000000000002 0.1000000000000032 0.0 0.0 0.0 0.0 0.0 0.0 0.0 0.0

L
0 6 0 0 0 29 0 0 19 1 0 3 2 0 0 0 2 0 0 12 0 0 2 0 3 0 0 0 0 0 0 0 0 0 0 0 0

g
0 0 0 0 0 0 0 0 0 0 0 0 0 0 0 0 0 0 1 0 0 0 0 0 0 0 0 0 0 0 0 1 0 0 0 0 0 0 0 0 0 0 0 0 0 0 0 0 0 0 0 0 0 0 0 1 0 0 0 0 0
0 0 0 0 0 0 0 0 0 0 0 0 0 0 0 0 0 0 0 0 0 0 0 0 0 0 0 0 0 0 0 0 0 0 0 0 0 0 0 0 0 0 0 0 0 0 0 0 0 0 0 0 0 0 0 0 0 0 0 0 0
0 0 0 0 0 0 4 0 0 0 0 0 0 0 0 0 0 0 0 0 0 0 0 0 0 0 0 0 0 0 0 0 0 0 0 0 0 0 0 0 0 0 0 0 0 0 0 0 0 0 0 0 0 0 0 0 0 0 0 0 0
0 0 0 0 0 0 0 0 0 0 0 0 0 0 0 0 0 0 0 0 0 0 0 0 0 0 0 0 0 0 0 0 0 0 0 1 0 0 0 0 0 0 0 0 0 0 0 0 3 0 0 0 0 0 0 0 0 0 0 0 0
0 0 0 0 0 0 0 0 0 0 0 0 0 0 0 0 0 0 0 0 0 0 2 0 0 0 0 5 0 0 0 0 0 0 0 0 0 6 0 0 0 0 0 0 0 0 0 0 0 0 0 0 0 0 0 0 0 0 0 0 0
0 0 0 0 0 0 0 0 0 0 0 0 0 0 0 0 0 0 0 0 0 0 0 0 0 0 0 0 0 0 0 0 0 0 0 0 0 0 0 0 0 0 0 0 0 0 0 0 0 0 0 0 0 0 0 0 0 0 0 0 0
0 0 0 0 0 0 0 3 0 0 0 0 1 0 0 0 0 0 0 0 0 0 0 0 0 0 0 0 0 0 0 0 0 0 0 0 0 0 0 1 0 0 0 0 0 0 0 0 0 0 0 0 0 0 0 0 0 0 0 0 0
0 0 0 0 0 0 0 0 0 0 0 0 0 0 0 0 0 0 0 0 0 0 0 0 0 0 0 0 0 0 0 0 0 0 0 0 0 0 0 0 0 0 0 1 0 0 0 0 0 0 0 0 0 0 0 0 0 0 0 0 0
0 0 0 0 0 0 0 0 0 0 0 0 0 0 0 0 0 0 0 0 0 0 0 0 0 0 0 0 0 0 0 0 0 0 0 0 0 0 0 0 0 0 0 0 0 0 0 0 0 0 0 0 0 0 0 0 0 0 0 0 0
0 0 0 0 0 0 0 0 0 0 0 0 0 0 0 0 0 0 0 0 0 0 0 0 0 0 0 0 0 0 0 0 0 0 0 0 0 0 0 0 0 0 0 0 0 0 0 0 0 0 0 0 0 0 0 0 0 0 0 0 0
0 0 0 0 0 0 0 0 0 0 1 0 0 0 0 0 0 0 0 0 2 0 0 0 0 0 0 0 0 0 0 0 0 0 0 0 0 0 0 0 0 0 0 0 0 0 0 0 0 0 0 0 0 0 0 0 0 0 0 0 0
0 0 0 0 0 0 0 0 0 0 0 0 0 0 0 0 0 0 0 0 0 0 0 0 0 0 0 0 0 0 0 0 0 0 0 0 0 0 0 0 0 0 0 0 0 0 0 0 0 0 0 0 0 0 0 0 0 0 0 0 0
0 0 0 0 0 0 0 0 0 0 0 0 0 0 0 0 0 0 0 0 0 0 0 0 0 0 0 0 0 0 0 0 0 0 0 0 0 0 0 0 0 0 0 0 0 0 0 0 0 0 0 0 0 0 0 0 0 0 0 0 0
0 0 0 0 0 0 0 0 1 0 0 0 0 0 0 0 0 0 0 0 0 0 0 0 0 0 0 0 0 0 0 0 0 0 0 0 0 0 0 0 0 0 0 0 0 0 0 0 0 0 0 0 0 0 0 0 0 0 0 0 0
0 0 0 0 0 0 0 0 0 0 0 0 0 0 0 0 0 0 0 0 0 0 0 0 0 0 0 0 0 0 0 0 0 0 0 0 0 0 0 0 0 0 0 0 0 0 0 0 0 0 0 0 0 0 0 0 0 0 0 0 0
0 0 0 0 0 0 0 0 0 0 0 0 0 0 0 0 0 0 0 0 0 0 0 0 0 0 0 0 0 0 0 0 0 0 0 0 0 0 0 0 0 0 0 0 0 0 0 0 0 0 0 0 0 0 0 0 0 0 0 0 0
0 0 0 0 0 0 0 0 0 0 0 0 0 0 0 0 0 0 0 0 0 0 0 0 0 0 0 0 0 0 0 0 0 0 0 0 0 0 0 0 0 0 0 0 0 0 0 0 0 0 0 0 0 0 0 0 0 0 0 0 0
0 0 0 0 0 0 0 0 0 0 0 0 0 0 0 0 0 0 0 0 0 0 0 0 1 0 0 0 0 0 0 0 0 0 0 0 0 0 0 0 0 0 0 0 0 0 0 0 0 0 0 0 0 0 0 0 0 0 0 0 0
0 0 0 0 0 0 0 0 0 0 0 2 0 0 0 0 0 0 0 0 0 0 0 0 0 0 0 0 0 0 0 0 0 1 0 0 0 0 0 0 0 1 0 0 0 0 0 0 4 0 0 0 1 0 0 0 0 0 0 0 0
0 0 0 0 0 0 0 0 0 0 0 0 0 0 0 0 0 0 0 0 0 0 0 0 0 0 0 0 0 0 0 0 0 0 0 0 0 0 0 0 0 0 0 0 0 0 0 0 0 0 0 0 0 0 0 0 0 0 0 0 0
0 0 0 0 0 0 0 0 0 0 0 0 0 0 1 0 0 0 0 0 1 0 0 0 0 0 0 0 1 0 0 0 0 0 0 0 0 0 0 0 0 0 1 0 0 0 0 0 0 0 0 0 1 0 0 0 0 0 0 0 0
0 0 0 0 0 0 0 0 0 0 0 0 0 0 0 0 0 0 0 0 0 0 0 0 0 0 0 0 0 0 0 0 0 0 0 0 0 0 0 0 0 0 0 0 0 0 0 0 0 0 0 0 0 0 0 0 0 0 0 0 0
0 0 0 0 0 0 0 0 0 0 0 0 0 0 0 0 0 0 0 0 0 0 0 0 0 0 0 0 0 0 0 0 0 0 0 0 0 0 0 0 0 0 0 0 0 0 0 0 0 0 0 0 0 0 0 0 0 0 0 0 0
0 0 0 0 0 0 0 0 0 0 0 0 0 0 0 0 0 0 0 0 0 0 0 0 0 0 0 0 0 0 0 0 0 0 0 0 0 0 0 0 0 0 0 0 0 0 0 0 0 0 0 0 0 0 0 0 0 0 0 0 0
0 0 0 0 0 0 0 0 0 0 0 0 0 0 0 0 0 0 0 0 0 0 0 0 0 0 0 0 0 0 0 0 0 0 0 0 0 0 0 0 0 0 0 0 0 0 0 0 0 0 0 0 0 0 0 0 0 0 0 0 0
0 0 0 0 2 0 0 0 0 0 0 0 0 0 0 0 0 0 0 0 0 0 0 0 0 0 0 0 0 0 0 0 0 0 0 0 0 0 0 0 0 0 0 0 0 0 0 0 0 1 0 0 0 0 0 0 0 0 0 0 0
0 0 0 0 0 0 0 0 0 0 0 0 0 0 0 0 0 0 0 0 0 0 0 0 0 0 0 0 0 0 0 0 0 0 0 0 0 0 0 0 0 0 0 0 0 0 0 0 0 0 0 0 0 0 0 1 0 0 0 0 0
0 0 0 0 0 0 0 0 0 0 0 0 0 0 0 0 0 0 0 0 0 0 0 0 0 0 0 0 0 0 0 0 0 0 0 1 0 0 0 0 0 0 0 0 0 0 0 0 0 0 0 0 0 0 0 0 0 0 0 0 0
0 0 0 0 0 0 0 0 0 0 0 0 0 0 0 0 0 0 0 0 0 0 0 0 0 0 0 0 0 0 0 0 0 0 0 0 0 0 0 0 0 0 0 0 0 0 0 0 0 0 0 0 0 0 0 0 0 0 0 0 0
0 0 0 0 3 0 0 0 2 0 0 0 2 0 0 0 0 0 0 0 5 0 0 0 3 0 0 0 0 0 0 0 5 0 0 0 0 2 0 2 0 2 0 0 0 0 0 0 0 0 0 4 0 0 0 5 0 0 0 0 0
0 0 0 0 0 0 0 0 0 0 0 0 5 0 0 2 0 0 4 0 0 5 0 0 0 0 0 4 0 0 0 0 5 0 0 3 0 0 0 2 0 0 0 3 0 0 0 2 0 1 0 0 0 1 0 0 0 0 0 0 0
0 0 0 0 0 0 6 0 0 0 0 0 0 0 0 0 0 0 0 4 0 0 0 5 0 0 0 0 0 0 0 0 1 0 2 0 0 0 1 0 0 7 0 1 0 0 0 2 0 2 0 4 0 0 0 2 0 0 0 0 0
0 0 0 0 6 0 0 0 3 0 7 0 0 0 0 0 6 0 0 0 0 0 6 0 0 3 2 0 0 0 2 0 0 0 0 4 0 7 1 0 0 0 0 0 0 0 0 3 0 3 0 0 0 4 0 2 0 0 0 0 0
0 0 0 0 0 0 0 0 0 0 0 0 0 0 8 0 0 5 0 0 0 1 0 0 0 0 0 0 8 0 0 0 2 0 0 0 0 0 0 0 0 0 0 2 0 11 0 0 0 0 0 0 0 0 0 0 0 0 0 0 0
0 0 0 0 0 0 0 1 0 0 0 0 0 0 0 0 0 0 0 0 0 0 0 0 1 0 0 0 0 1 0 0 0 0 0 1 0 1 0 2 0 1 0 0 0 0 0 0 0 1 0 0 0 1 0 0 0 0 0 0 0
0 0 0 0 0 0 0 0 0 0 0 0 0 0 0 0 0 0 0 0 0 0 0 0 0 0 0 0 0 0 0 0 0 0 0 0 0 0 0 0 0 0 0 0 0 0 0 0 0 0 0 0 0 0 0 0 0 0 0 0 0
0 0 0 0 0 0 0 0 0 0 0 0 0 0 0 0 0 0 0 0 0 0 0 0 0 0 0 0 0 0 0 0 0 0 0 0 0 0 0 0 0 0 0 0 0 0 0 0 0 0 0 0 0 0 0 0 0 0 0 0 0

I cap
1058.909090909091 1058.909090909091 1058.909090909091 950.409090909091 588.1999999999999 656.8199999999998 426.41999999999996 541.0599999999997 560.5000000000001 917.88 597.1199999999999 575.0799999999999 494.8999999999999 821.06 939.2400000000001 641.5490909090911 775.589090909091 841.7890909090912 708.6290909090909 763.3290909090908 706.2890909090911 659.2890909090911 629.509090909091 594.909090909091 337.10909090909104 690.209090909091 698.909090909091 338.64909090909094 437.54909090909103 356.84909090909093 553.4490909090912 689.9690909090909 614.9690909090909 769.2890909090911 329.38000000000005 176.60000000000002 456.84 244.04000000000002 307.42 174.78000000000003 571.3 447.20000000000005 665.8800000000001 724.44 704.0 603.0999999999999 690.5 816.5000000000001 291.44000000000005 437.9800000000001 450.37999999999994 232.7600000000001 641.5999999999999 428.4999999999999 723.48 769.7799999999997 627.4690909090909 716.2290909090912 893.7890909090911 1058.909090909091 1058.909090909091
107.96969696969697 107.96969696969697 107.96969696969697 95.46969696969697 69.80000000000001 84.78 38.18000000000002 5.740000000000008 4.500000000000028 103.12 27.879999999999992 41.92 24.099999999999994 84.94 68.75999999999999 3.329696969696972 50.289696969696976 53.689696969696975 69.84969696969696 72.34969696969696 9.589696969696973 9.589696969696973 7.369696969696969 28.96969696969697 5.769696969696973 7.669696969696972 7.969696969696962 18.22969696969697 38.32969696969697 87.02969696969697 82.42969696969698 92.90969696969697 87.90969696969697 98.58969696969697 74.62 26.4 48.160000000000004 59.96000000000001 67.58000000000001 60.21999999999999 95.7 0.7999999999999972 17.12 10.56 29.999999999999996 8.900000000000002 10.5 47.50000000000001 12.560000000000002 59.02000000000001 31.619999999999994 0.240000000000002 12.399999999999997 2.5000000000000155 27.520000000000003 42.22 55.40969696969697 92.64969696969698 101.08969696969697 107.96969696969697 107.96969696969697
38.96666666666666 38.96666666666666 38.96666666666666 38.96666666666666 44.099999999999994 17.066666666666666 16.366666666666664 22.366666666666667 25.23333333333334 24.53333333333334 16.133333333333333 8.400000000000002 3.5 15.399999999999999 2.1666666666666696 2.633333333333331 2.633333333333331 7.033333333333328 14.033333333333328 15.833333333333329 2.633333333333331 2.633333333333331 9.633333333333331 13.61666666666666 6.61666666666666 6.61666666666666 6.61666666666666 38.96666666666666 2.633333333333331 2.633333333333331 2.633333333333331 38.96666666666666 31.96666666666666 17.96666666666666 2.8000000000000007 4.899999999999999 18.2 16.1 13.299999999999997 9.799999999999997 23.799999999999997 18.900000000000006 3.5666666666666753 2.8666666666666725 1.3916666666666746 6.95833333333333 11.158333333333337 9.758333333333333 2.799999999999997 4.200000000000003 7.0 42.0 2.1666666666666696 5.66666666666667 7.766666666666664 52.5 38.96666666666666 38.96666666666666 38.96666666666666 38.96666666666666 38.96666666666666
45.24545454545453 45.24545454545453 45.24545454545453 18.505454545454523 4.690000000000004 37.59999999999999 21.60999999999998 6.849999999999997 5.379999999999995 40.19999999999999 39.289999999999985 13.400000000000002 10.590000000000003 25.810000000000002 22.280000000000005 34.27545454545453 33.795454545454525 30.435454545454522 35.21545454545451 4.26545454545452 4.685454545454522 39.54545454545452 37.84545454545453 13.875454545454526 14.305454545454525 41.17545454545453 41.83545454545453 37.24545454545453 37.16545454545453 32.995454545454514 32.64545454545451 4.83545454545452 3.6354545454545173 34.79545454545452 31.889999999999997 31.089999999999993 19.109999999999996 18.950000000000003 18.31 31.829999999999988 18.539999999999996 22.099999999999994 49.36 43.54999999999999 43.88999999999999 40.53999999999999 35.76999999999999 37.62999999999999 23.47999999999999 39.539999999999985 19.42999999999999 12.699999999999983 46.40999999999998 40.68999999999998 1.5499999999999883 3.5599999999999836 36.80545454545452 38.55545454545452 43.98545454545452 45.24545454545453 45.24545454545453
20.999999999999993 20.999999999999993 20.999999999999993 19.299999999999986 10.140000000000002 20.159999999999997 2.380000000000006 2.250000000000004 2.189999999999998 18.539999999999996 22.469999999999995 18.89999999999999 0.12999999999999545 3.5700000000000016 0.7499999999999999 7.109999999999996 9.939999999999992 10.219999999999992 4.609999999999989 2.8599999999999905 3.4799999999999924 2.579999999999991 2.699999999999993 0.48999999999999255 16.28999999999999 19.949999999999996 20.369999999999994 2.7599999999999953 2.5399999999999925 1.5899999999999932 17.26999999999999 18.12999999999998 0.12999999999998124 2.229999999999991 2.229999999999998 7.0 7.249999999999998 7.039999999999998 15.079999999999997 4.57 1.0500000000000012 6.4399999999999995 18.619999999999997 9.969999999999999 4.250000000000002 0.8699999999999988 12.309999999999997 8.870000000000001 4.159999999999995 1.3699999999999966 8.319999999999999 4.100000000000002 12.659999999999995 2.5299999999999985 4.619999999999998 8.050000000000002 19.65999999999999 20.36999999999999 20.57999999999999 20.999999999999993 20.999999999999993
345.75757575757575 345.75757575757575 345.75757575757575 298.61757575757576 197.38 13.781764705882381 74.73411764705881 72.59411764705877 272.2 281.9188235294118 258.73058823529414 239.09058823529412 285.79 309.68 253.14000000000001 192.72757575757572 225.9575757575757 272.87757575757576 120.8616934046346 196.4705169340464 188.63051693404637 299.13757575757575 101.86051693404636 180.69110516934052 182.14110516934056 328.25757575757575 276.41639928698754 273.13816399286986 276.91816399286984 323.21757575757573 314.58757575757573 244.2452228163993 252.56875222816402 163.75522281639934 141.18176470588233 194.3717647058824 287.61 239.17764705882354 270.5811764705883 234.44000000000005 8.111176470588248 165.39529411764715 87.1623529411766 245.1611764705883 256.7311764705882 268.41999999999996 181.72647058823526 225.83176470588234 174.00823529411758 329.8117647058824 121.73588235294125 172.90294117647056 209.38294117647064 380.05999999999995 294.27647058823527 270.0817647058824 218.53934046345813 291.7875757575757 337.77757575757573 345.75757575757575 345.75757575757575
779.7575757575758 779.7575757575758 779.7575757575758 59.55757575757582 29.779999999999973 651.64 505.34999999999974 99.34999999999968 317.4999999999998 93.34999999999991 205.26999999999995 613.6600000000001 641.7900000000001 837.32 818.62 11.10757575757566 192.30757575757576 680.7275757575758 679.0975757575758 688.7575757575758 702.2375757575759 40.73757575757588 183.10757575757583 679.3175757575758 264.7975757575757 86.69757575757569 456.7075757575757 639.3375757575758 485.99757575757576 227.8775757575757 417.5675757575757 693.2875757575758 677.3875757575759 607.8875757575759 15.88000000000011 175.02999999999986 5.75 29.01999999999995 476.7899999999999 436.4599999999999 453.04999999999995 627.64 539.9900000000001 484.61999999999995 438.2100000000001 414.61999999999995 140.5200000000002 259.15999999999997 65.0399999999999 288.1499999999999 555.26 426.8099999999999 56.430000000000035 160.1299999999999 271.11 273.96000000000004 646.0975757575759 671.4275757575759 749.9375757575758 779.7575757575758 779.7575757575758
80.73333333333335 80.73333333333335 80.73333333333335 75.53333333333333 56.91666666666664 78.54000000000002 66.7533333333333 74.9 73.07999999999996 87.74 75.87666666666668 83.40333333333334 94.86 97.15999999999998 54.379999999999995 46.623333333333356 77.48333333333335 52.70333333333333 56.59333333333335 68.96 72.00666666666667 72.00666666666669 71.80000000000001 73.25333333333333 73.05333333333334 74.00000000000001 76.62666666666668 77.46333333333335 43.73333333333333 46.01333333333335 75.92333333333335 74.22333333333333 63.023333333333326 68.97333333333336 46.339999999999996 66.4 76.3 73.57000000000001 68.36 72.74000000000001 72.54999999999998 74.09 80.36000000000001 74.21 77.35000000000001 43.139999999999965 42.09000000000002 75.45 67.01 66.43666666666668 63.41333333333334 58.93999999999997 56.566666666666656 54.49333333333333 55.59999999999997 51.79666666666663 74.39666666666668 78.84333333333336 79.47333333333336 80.73333333333335 80.73333333333335
10.775757575757575 10.775757575757575 10.775757575757575 3.915757575757576 0.6500000000000004 0.8400000000000007 2.6399999999999997 2.6999999999999993 1.0000000000000009 1.8399999999999996 3.850000000000001 2.7900000000000005 0.39000000000000057 1.8000000000000007 4.169999999999998 0.1557575757575762 0.15575757575757532 0.1557575757575762 1.9857575757575758 2.7757575757575754 0.7757575757575759 2.3157575757575755 0.4257575757575758 1.2157575757575756 0.015757575757575415 0.6257575757575755 1.3257575757575752 2.125757575757575 1.8257575757575761 1.5757575757575752 2.775757575757576 2.7757575757575754 0.7757575757575759 1.5157575757575754 0.05000000000000071 0.08999999999999986 0.19000000000000128 2.0 2.0999999999999996 0.20000000000000018 0.8400000000000005 0.5500000000000003 0.8600000000000017 0.17000000000000082 1.9800000000000022 0.5800000000000001 0.780000000000002 0.1800000000000006 2.8500000000000014 4.749999999999998 1.5599999999999996 1.1200000000000017 2.660000000000001 1.3499999999999979 1.3499999999999988 2.5499999999999994 0.2257575757575765 1.1757575757575758 10.775757575757575 10.775757575757575 10.775757575757575
2.545454545454545 2.545454545454545 2.545454545454545 0.38545454545454494 0.6099999999999999 0.04999999999999993 0.45999999999999996 0.6000000000000001 0.6999999999999997 0.1200000000000001 0.7000000000000001 0.2599999999999999 0.04999999999999993 1.2600000000000002 0.3600000000000001 0.4154545454545451 0.17545454545454486 0.29545454545454497 0.14545454545454506 0.14545454545454506 1.2854545454545452 0.025454545454545174 0.895454545454545 0.5954545454545452 0.08545454545454523 0.325454545454545 0.3254545454545448 0.41545454545454497 0.8054545454545449 0.4454545454545452 0.4454545454545452 0.23545454545454525 0.23545454545454525 0.025454545454545174 0.7900000000000005 1.18 0.79 0.36 2.17 0.5599999999999999 0.7 0.7200000000000002 1.0299999999999998 0.2599999999999999 0.6300000000000002 1.33 0.6300000000000002 1.7400000000000004 0.18999999999999995 0.06999999999999995 2.0700000000000003 0.7300000000000001 0.6100000000000002 1.6800000000000006 0.07000000000000006 0.28000000000000014 0.23545454545454525 0.6554545454545452 1.2854545454545452 2.545454545454545 2.545454545454545
8.515433299825174 8.515433299825174 8.515433299825174 4.304906984035699 2.086786890502113 6.57587724137931 3.5756046839080433 2.9037806654567406 7.418122323048999 5.825823017241376 5.945062873563213 6.858572906836054 6.556002150635206 7.158074110707802 7.099722009981849 4.144886379310341 4.589337386569871 7.48257948275862 6.141727441016333 2.584437911373257 2.3389367829841037 4.518126206896548 3.537948275862065 3.6916036842105244 0.915333327283725 2.298704827586203 4.525558275862067 6.350594080459768 5.602745057471262 2.5181449727767653 7.210100199637022 5.268928457350271 4.270553496672712 5.793973737144584 7.833523705384149 8.062881034482754 1.055786642468236 0.6034447368421001 2.220952906836052 1.7515422655777348 3.7383874470659384 3.410646920750149 4.485745804597699 5.225920229885056 5.030472183908045 5.771406379310344 3.232794137931032 3.54472293103448 2.2131222141560762 1.7806136479128825 5.062837794918328 2.7809653660012064 3.676592528735629 4.086037931034479 4.623193112522683 1.9010546460979996 6.618881230859655 7.480950196376897 8.515433299825174 8.515433299825174 8.515433299825174
700.0 700.0 700.0 698.0 687.0 686.0 677.0 681.0 689.0 687.0 681.0 681.0 679.0 678.0 677.0 681.0 682.0 684.0 682.0 684.0 679.0 684.0 678.0 686.0 673.0 684.0 681.0 684.0 675.0 674.0 683.0 685.0 687.0 683.0 686.0 681.0 684.0 683.0 681.0 680.0 686.0 685.0 678.0 680.0 683.0 685.0 686.0 683.0 677.0 676.0 679.0 681.0 677.0 682.0 685.0 683.0 692.0 694.0 697.0 700.0 700.0

H cap
21.525000000000006 21.525000000000006 81.37500000000003 31.50000000000003 61.42500000000003 78.05000000000001 18.199999999999996 4.900000000000013 14.875000000000016 61.425000000000004 91.35000000000002 61.42500000000003 58.10000000000002 78.05000000000001 4.900000000000006 -5.074999999999999 11.550000000000033 14.875000000000028 18.200000000000003 1.575000000000017 11.550000000000006 -5.074999999999996 31.5 11.549999999999999 21.525000000000027 41.47500000000002 54.775000000000006 4.900000000000006 4.899999999999999 74.72500000000002 68.07500000000002 11.550000000000011 24.85000000000001 31.50000000000003 -1.7499999999999698 -1.7499999999999893 41.475 58.100000000000016 38.15000000000001 1.575000000000017 -28.35 8.225000000000003 8.225000000000017 51.45 21.525000000000027 -1.7499999999999698 48.125000000000014 11.55000000000002 1.5749999999999993 11.550000000000033 11.550000000000011 -51.625 -1.75 131.25 131.25 131.25 131.25 131.25 131.25 131.25 131.25
4.524999999999986 -1.1750000000000131 7.374999999999993 -0.22500000000000853 2.1500000000000004 10.69999999999999 0.24999999999999645 -0.7000000000000064 2.1499999999999932 0.2499999999999929 2.1499999999999932 -5.925000000000008 9.27499999999999 3.099999999999989 1.1999999999999922 3.099999999999989 6.8999999999999915 1.1999999999999922 -4.500000000000007 -1.6500000000000075 0.7249999999999908 -1.175000000000006 5.949999999999989 -0.22499999999999787 -13.999999999999996 0.7249999999999872 19.249999999999986 23.04999999999999 -11.15000000000001 -1.6500000000000146 27.79999999999999 -13.050000000000006 4.049999999999988 -5.449999999999996 -19.225 -0.22500000000000497 9.749999999999991 1.6749999999999865 0.7249999999999854 2.1499999999999932 -0.7000000000000117 -2.125000000000009 0.7249999999999854 2.1499999999999932 2.149999999999988 -2.125000000000009 -1.1750000000000145 1.1999999999999993 1.6749999999999918 2.1499999999999932 2.624999999999993 -10.200000000000006 -2.6000000000000103 52.5 52.5 52.5 52.5 52.5 52.5 52.5 52.5
39.72499999999998 39.72499999999998 43.04999999999998 39.72499999999998 59.675 63.0 49.69999999999999 33.074999999999974 43.04999999999998 59.675 53.02499999999999 43.04999999999998 46.374999999999986 56.349999999999994 53.02499999999999 46.374999999999986 39.72499999999998 43.04999999999998 43.04999999999998 39.72499999999998 36.39999999999998 39.72499999999998 49.69999999999999 29.749999999999975 33.074999999999974 53.02499999999999 56.349999999999994 53.02499999999999 49.69999999999999 49.69999999999999 53.02499999999999 49.69999999999999 53.02499999999999 36.39999999999998 29.749999999999975 49.69999999999999 56.349999999999994 49.69999999999999 46.374999999999986 53.02499999999999 49.69999999999999 46.374999999999986 46.374999999999986 53.02499999999999 29.749999999999975 19.774999999999977 43.04999999999998 43.04999999999998 39.72499999999998 46.374999999999986 53.02499999999999 46.374999999999986 49.69999999999999 63.0 63.0 63.0 63.0 63.0 63.0 63.0 63.0
0.37499999999999467 -2.475000000000005 0.37499999999999467 -10.550000000000011 1.7999999999999945 -6.275000000000008 -1.049999999999998 -0.10000000000000053 -0.10000000000001386 0.37499999999999734 -0.09999999999999254 -0.10000000000001474 -1.049999999999998 -0.10000000000000675 -0.09999999999997833 -0.1000000000000032 -0.5749999999999797 -0.5749999999999895 0.850000000000021 0.3749999999999982 -0.5749999999999842 -1.5249999999999977 0.37500000000002576 -6.275 -0.574999999999986 -0.09999999999999076 -0.5749999999999842 -17.675 -0.1000000000000032 0.8500000000000485 -0.09999999999999343 -0.09999999999998899 -3.8999999999999657 0.3749999999999982 -0.5749999999999593 -0.09999999999998543 -1.0499999999999767 -0.09999999999999254 -1.0499999999999616 -1.0500000000000016 0.8500000000000378 -1.5249999999999995 -0.09999999999996945 -8.175 -0.09999999999996945 -0.5750000000000002 -0.0999999999999659 -6.275000000000003 0.3750000000000089 -0.5750000000000037 0.3750000000000009 -22.900000000000002 -0.1000000000000032 78.75 78.75 78.75 78.75 78.75 78.75 78.75 78.75

