T P M C
61 37 4 12

base obj
1.3629720853858784

exp obj
2.8923838500917594

Objective struct
1.3629720853858784 0.0 1.529411764705881

num campaigns
637

x
0 0 0 0 1 0 0 0 1 0 0 0 1 0 0 0 1 0 0 0 1 0 0 0 1 0 0 0 0 0 0 1 0 0 0 1 0 0 0 1 0 0 0 1 0 0 0 1 0 0 0 1 0 0 0 1 0 0 0 0 0
0 0 0 0 1 0 0 0 0 1 0 0 0 0 1 0 0 0 0 0 1 0 0 0 0 1 0 0 0 0 1 0 0 0 0 1 0 0 0 0 1 0 0 0 0 1 0 0 0 0 1 0 0 0 0 1 0 0 0 0 0
0 0 0 0 1 0 0 0 1 0 0 0 1 0 0 0 1 0 0 0 1 0 0 0 1 0 0 0 1 0 0 0 1 0 0 0 0 1 0 0 0 0 0 1 0 0 0 1 0 0 0 1 0 0 0 1 0 0 0 0 0
0 0 0 0 1 0 0 0 0 1 0 0 0 0 1 0 0 0 0 1 0 0 0 0 1 0 0 0 0 1 0 0 0 0 1 0 0 0 0 1 0 0 0 0 1 0 0 0 0 0 1 0 0 0 0 1 0 0 0 0 0
0 0 0 0 1 0 0 1 0 0 1 0 0 1 0 0 1 0 0 0 1 0 0 1 0 0 1 0 0 1 0 0 1 0 0 1 0 0 1 0 0 1 0 0 0 1 0 0 0 1 0 0 1 0 0 1 0 0 0 0 0
0 0 0 0 1 0 0 0 0 1 0 0 0 0 0 1 0 0 0 0 1 0 0 0 0 1 0 0 0 0 1 0 0 0 0 1 0 0 0 0 1 0 0 0 0 1 0 0 0 0 1 0 0 0 0 1 0 0 0 0 0
0 0 0 0 1 0 0 0 0 0 1 0 0 0 0 1 0 0 0 0 1 0 0 0 0 1 0 0 0 0 1 0 0 0 0 1 0 0 0 0 1 0 0 0 0 1 0 0 0 0 1 0 0 0 0 1 0 0 0 0 0
0 0 0 0 1 0 0 0 0 0 0 0 0 0 0 0 0 0 0 0 0 1 0 0 0 0 0 0 0 0 0 0 0 0 0 0 0 0 1 0 0 0 0 0 0 0 0 0 0 0 0 0 0 0 0 1 0 0 0 0 0
0 0 0 0 1 0 0 0 0 0 0 0 0 0 0 0 0 0 0 0 0 0 0 0 0 0 0 0 0 0 0 0 0 0 0 0 0 0 0 0 0 0 0 0 0 0 0 0 0 0 0 0 0 0 0 1 0 0 0 0 0
0 0 0 0 1 0 1 0 1 0 0 1 0 1 0 1 0 1 0 1 0 1 0 1 0 1 0 1 0 1 0 1 0 1 0 1 0 1 0 1 0 1 0 1 0 1 0 1 0 1 0 1 0 1 0 1 0 0 0 0 0
0 0 0 0 1 0 0 0 0 0 0 0 0 0 0 0 1 0 0 0 0 0 0 0 0 0 0 0 0 0 0 1 0 0 0 0 0 0 0 0 0 0 0 1 0 0 0 0 0 0 0 0 0 0 0 1 0 0 0 0 0
0 0 0 0 1 0 0 0 0 0 0 0 0 0 0 0 0 0 0 0 0 1 0 0 0 0 0 0 0 0 0 0 0 0 0 0 0 0 1 0 0 0 0 0 0 0 0 0 0 0 0 0 0 0 0 1 0 0 0 0 0
0 0 0 0 1 0 0 0 0 0 1 0 0 0 0 1 0 0 0 0 1 0 0 0 0 1 0 0 0 0 1 0 0 0 0 1 0 0 0 0 1 0 0 0 0 1 0 0 0 0 1 0 0 0 0 1 0 0 0 0 0
0 0 0 0 1 0 0 0 0 1 0 0 0 0 0 1 0 0 0 0 1 0 0 0 0 1 0 0 0 0 1 0 0 0 0 1 0 0 0 0 1 0 0 0 0 1 0 0 0 0 1 0 0 0 0 1 0 0 0 0 0
0 0 0 0 1 0 0 0 0 0 0 0 1 0 0 0 0 0 0 0 1 0 0 0 0 0 0 0 1 0 0 0 0 0 0 0 1 0 0 0 0 0 0 0 0 0 0 1 0 0 0 0 0 0 0 1 0 0 0 0 0
0 0 0 0 0 0 0 0 0 0 0 0 0 0 0 0 0 0 0 0 0 0 0 0 0 0 0 0 0 0 0 0 0 0 0 0 0 0 0 0 0 0 0 0 0 0 0 0 0 0 0 0 0 0 0 1 0 0 0 0 0
0 0 0 0 1 0 0 0 0 0 0 0 0 0 1 0 0 0 0 0 0 0 0 0 1 0 0 0 0 0 0 0 0 0 1 0 0 0 0 0 0 0 0 0 0 1 0 0 0 0 0 0 0 0 0 1 0 0 0 0 0
0 0 0 0 1 0 0 0 0 0 0 0 0 0 0 0 0 0 0 0 0 0 0 0 0 0 0 0 0 1 0 0 0 0 0 0 0 0 0 0 0 0 0 0 0 0 0 0 0 0 0 0 0 0 0 1 0 0 0 0 0
0 0 0 0 1 0 1 0 0 1 0 0 0 1 0 1 0 1 0 1 0 1 0 1 0 1 0 1 0 1 0 1 0 1 0 1 0 1 0 1 0 1 0 1 0 1 0 1 0 1 0 1 0 1 0 1 0 0 0 0 0
0 0 0 0 1 0 0 0 0 0 0 0 0 0 0 0 0 0 0 0 0 0 0 0 0 0 0 0 0 0 0 0 0 0 0 0 0 0 0 0 0 0 0 0 0 0 0 0 0 0 0 0 0 0 0 1 0 0 0 0 0
0 0 0 0 1 0 0 0 0 1 0 0 0 0 1 0 0 0 0 1 0 0 0 0 1 0 0 0 0 1 0 0 0 0 1 0 0 0 0 1 0 0 0 0 1 0 0 0 0 1 0 0 0 0 0 1 0 0 0 0 0
0 0 0 0 1 0 0 0 0 0 0 0 0 0 0 1 0 0 0 0 0 0 0 0 0 1 0 0 0 0 0 0 0 0 0 1 0 0 0 0 0 0 0 0 0 1 0 0 0 0 0 0 0 0 0 1 0 0 0 0 0
0 0 0 0 1 0 0 0 0 0 0 0 0 0 0 0 0 0 0 0 0 1 0 0 0 0 0 0 0 0 0 0 0 0 0 0 0 0 1 0 0 0 0 0 0 0 0 0 0 0 0 0 0 0 0 1 0 0 0 0 0
0 0 0 0 0 0 0 1 0 0 0 0 0 1 0 0 0 0 0 1 0 0 0 0 0 1 0 0 0 0 0 1 0 0 0 0 0 1 0 0 0 0 0 1 0 0 0 0 0 1 0 0 0 0 0 1 0 0 0 0 0
0 0 0 0 1 0 0 0 0 0 0 0 0 0 1 0 0 0 0 0 0 0 0 0 1 0 0 0 0 0 0 0 0 0 0 1 0 0 0 0 0 0 0 0 0 1 0 0 0 0 0 0 0 0 0 1 0 0 0 0 0
0 0 0 0 1 0 0 0 0 0 0 1 0 0 0 0 0 0 1 0 0 0 0 0 0 1 0 0 0 0 0 0 1 0 0 0 0 0 0 0 1 0 0 0 0 0 0 0 1 0 0 0 0 0 0 1 0 0 0 0 0
0 0 0 0 1 0 0 0 0 0 1 0 0 0 0 0 1 0 0 0 0 0 1 0 0 0 0 0 1 0 0 0 0 0 0 0 1 0 0 0 0 0 1 0 0 0 0 0 0 1 0 0 0 0 0 1 0 0 0 0 0
0 0 0 0 1 0 0 0 0 0 0 0 0 0 0 0 0 0 0 0 0 0 0 0 0 0 0 0 0 0 0 0 0 0 0 0 0 0 0 0 0 0 0 0 0 0 0 0 0 0 0 0 0 0 0 1 0 0 0 0 0
0 0 0 0 1 0 0 1 0 0 1 0 0 1 0 0 1 0 0 1 0 0 1 0 0 1 0 0 1 0 0 1 0 0 1 0 0 1 0 0 1 0 0 1 0 0 1 0 0 1 0 0 1 0 0 1 0 0 0 0 0
0 0 0 0 1 1 1 1 1 1 1 1 1 1 1 1 1 1 1 1 1 1 1 1 1 1 1 1 1 1 1 1 1 1 1 1 1 1 1 1 1 1 1 1 1 1 1 1 1 1 1 1 1 1 1 1 0 0 0 0 0
0 0 0 0 1 1 1 1 1 1 1 1 1 1 1 1 1 1 1 1 1 1 1 1 1 1 1 1 1 1 1 1 1 1 1 1 1 1 1 1 1 1 1 1 1 1 1 1 1 1 1 1 1 1 1 1 0 0 0 0 0
0 0 0 0 1 1 1 1 1 1 1 1 1 1 1 1 1 1 1 1 1 1 1 1 1 1 1 1 1 1 1 1 1 1 1 1 1 1 1 1 1 1 1 1 1 1 1 1 1 1 1 1 1 1 1 1 0 0 0 0 0
0 0 0 0 1 1 1 1 1 1 1 1 1 1 1 1 1 1 1 1 1 1 1 1 1 1 1 1 1 1 1 1 1 1 1 1 1 1 1 1 1 1 1 1 1 1 1 1 1 1 1 1 1 1 1 1 0 0 0 0 0
0 0 0 0 1 1 1 1 1 1 1 1 1 1 1 1 1 1 1 1 1 1 1 1 1 1 1 1 1 1 1 1 1 1 1 1 1 1 1 1 1 1 1 1 1 1 1 1 1 1 1 1 1 1 1 1 0 0 0 0 0
0 0 0 0 1 1 1 1 1 1 1 1 1 1 1 1 1 1 1 1 1 1 1 1 1 1 1 1 1 1 1 1 1 1 1 1 1 1 1 1 1 1 1 1 1 1 1 1 1 1 1 1 1 1 1 1 0 0 0 0 0
0 0 0 0 1 1 1 1 1 1 1 1 1 1 1 1 1 1 1 1 1 1 1 1 1 1 1 1 1 1 1 1 1 1 1 1 1 1 1 1 1 1 1 1 1 1 1 1 1 1 1 1 1 1 1 1 0 0 0 0 0
0 0 0 0 1 0 0 0 0 0 0 0 0 0 1 0 0 0 0 0 0 0 0 0 1 0 0 0 0 0 0 0 0 0 1 0 0 0 0 0 0 0 0 0 1 0 0 0 0 0 0 0 0 0 0 1 0 0 0 0 0

y
0.0 0.3636363636363633 0.0 0.0 0.0 0.3636363636363633 0.3636363636363633 0.0 0.0 0.1785714285714286 0.0 0.0 0.3636363636363633 0.0 0.0 0.0 0.0 0.0 0.0 0.0 0.3636363636363633 0.0 0.0 0.33333333333333304 0.0 0.0 0.33333333333333304 0.0 0.4500000000000002 0.0 0.0 0.0 0.5048543689320388 0.0 0.0 0.0 0.0

k
0 1 0 0 0 1 1 0 0 3 0 0 1 0 0 0 0 0 0 0 1 0 0 1 0 0 1 0 3 0 0 0 52 0 0 0 0

f
0.0 0.0 0.0 0.0 0.0 0.0 0.0 0.0 0.0 0.0 0.0 0.0 0.0 0.0 0.0 0.0 0.0 0.0 0.0 0.0 0.0 0.0 0.0 0.0 0.0 0.0 0.0 0.0 0.0 0.0 0.0 0.0 0.0 0.0 0.0 0.0 0.0 0.0 0.0 0.0 0.0 0.0 0.0 0.0 0.0 0.0 0.0 0.0 0.0 0.0 0.0 0.0 0.0 0.0 0.0 0.0 0.0 0.0 0.0 0.0 0.0
0.0 0.0 0.0 0.0 0.0 0.0 0.0 0.0 0.0 0.0 0.0 0.0 0.0 0.0 0.0 0.0 0.0 0.0 0.0 0.0 0.0 0.0 0.0 0.0 0.0 0.0 0.0 0.0 0.0 0.0 0.0 0.0 0.0 0.0 0.0 0.0 0.0 0.0 0.0 0.0 0.0 0.0 0.0 0.0 0.0 0.0 0.0 0.0 0.0 0.0 0.0 0.0 0.0 0.0 0.0 0.0 0.0 0.0 0.0 0.0 0.0
0.0 0.0 0.0 0.0 0.0 0.0 0.0 0.0 0.0 0.0 0.0 0.0 0.0 0.0 0.0 0.0 0.0 0.0 0.0 0.0 0.0 0.0 0.0 0.0 0.0 0.0 0.0 0.0 0.0 0.0 0.0 0.0 0.0 0.0 0.0 0.0 0.0 0.0 0.0 0.0 0.0 0.0 0.0 0.0 0.0 0.0 0.0 0.0 0.0 0.0 0.0 0.0 0.0 0.0 0.0 0.0 0.0 0.0 0.0 0.0 0.0
0.0 0.0 0.0 0.0 0.0 0.0 0.0 0.0 0.0 0.0 0.0 0.0 0.0 0.0 0.0 0.0 0.0 0.0 0.0 0.0 0.0 0.0 0.0 0.0 0.0 0.0 0.0 0.0 0.0 0.0 0.0 0.0 0.0 0.0 0.0 0.0 0.0 0.0 0.0 0.0 0.0 0.0 0.0 0.0 0.0 0.0 0.0 0.0 0.0 0.0 0.0 0.0 0.0 0.0 0.0 0.0 0.0 0.0 0.0 0.0 0.0

L
4 5 4 5 3 5 5 17 51 2 12 17 5 5 8 0 10 25 2 51 5 10 17 6 10 7 6 51 3 1 1 1 1 1 1 1 10

g
0 0 0 0 0 0 0 0 0 0 0 0 0 0 0 0 0 0 0 0 0 0 0 0 0 0 0 0 0 0 0 0 0 0 0 0 0 0 0 0 0 0 0 0 0 0 0 0 0 0 0 0 0 0 0 0 0 0 0 0 0
0 0 0 0 0 0 0 0 0 0 0 0 0 0 0 0 0 0 0 0 0 0 0 0 0 0 0 0 0 0 0 0 0 0 0 0 0 0 0 0 0 0 0 0 0 0 0 0 0 0 0 0 0 0 0 0 0 0 0 0 0
0 0 0 0 0 0 0 0 0 0 0 0 0 0 0 0 0 0 0 0 0 0 0 0 0 0 0 0 0 0 0 0 0 0 0 0 0 0 0 0 0 0 0 0 0 0 0 0 0 0 0 0 0 0 0 0 0 0 0 0 0
0 0 0 0 0 0 0 0 0 0 0 0 0 0 0 0 0 0 0 0 0 0 0 0 0 0 0 0 0 0 0 0 0 0 0 0 0 0 0 0 0 0 0 0 0 0 0 0 0 0 0 0 0 0 0 0 0 0 0 0 0
0 0 0 0 0 0 0 0 0 0 0 0 0 0 0 0 0 0 0 0 0 0 0 0 0 0 0 0 0 0 0 0 0 0 0 0 0 0 0 0 0 0 0 0 0 0 0 0 0 0 0 0 0 0 0 0 0 0 0 0 0
0 0 0 0 0 0 0 0 0 0 0 0 0 0 0 0 0 0 0 0 0 0 0 0 0 0 0 0 0 0 0 0 0 0 0 0 0 0 0 0 0 0 0 0 0 0 0 0 0 0 0 0 0 0 0 0 0 0 0 0 0
0 0 0 0 0 0 0 0 0 0 0 0 0 0 0 0 0 0 0 0 0 0 0 0 0 0 0 0 0 0 0 0 0 0 0 0 0 0 0 0 0 0 0 0 0 0 0 0 0 0 0 0 0 0 0 0 0 0 0 0 0
0 0 0 0 0 0 0 0 0 0 0 0 0 0 0 0 0 0 0 0 0 0 0 0 0 0 0 0 0 0 0 0 0 0 0 0 0 0 0 0 0 0 0 0 0 0 0 0 0 0 0 0 0 0 0 0 0 0 0 0 0
0 0 0 0 0 0 0 0 0 0 0 0 0 0 0 0 0 0 0 0 0 0 0 0 0 0 0 0 0 0 0 0 0 0 0 0 0 0 0 0 0 0 0 0 0 0 0 0 0 0 0 0 0 0 0 0 0 0 0 0 0
0 0 0 0 0 0 0 0 0 0 0 0 0 0 0 0 0 0 0 0 0 0 0 0 0 0 0 0 0 0 0 0 0 0 0 0 0 0 0 0 0 0 0 0 0 0 0 0 0 0 0 0 0 0 0 0 0 0 0 0 0
0 0 0 0 0 0 0 0 0 0 0 0 0 0 0 0 0 0 0 0 0 0 0 0 0 0 0 0 0 0 0 0 0 0 0 0 0 0 0 0 0 0 0 0 0 0 0 0 0 0 0 0 0 0 0 0 0 0 0 0 0
0 0 0 0 0 0 0 0 0 0 0 0 0 0 0 0 0 0 0 0 0 0 0 0 0 0 0 0 0 0 0 0 0 0 0 0 0 0 0 0 0 0 0 0 0 0 0 0 0 0 0 0 0 0 0 0 0 0 0 0 0
0 0 0 0 0 0 0 0 0 0 0 0 0 0 0 0 0 0 0 0 0 0 0 0 0 0 0 0 0 0 0 0 0 0 0 0 0 0 0 0 0 0 0 0 0 0 0 0 0 0 0 0 0 0 0 0 0 0 0 0 0
0 0 0 0 0 0 0 0 0 0 0 0 0 0 0 0 0 0 0 0 0 0 0 0 0 0 0 0 0 0 0 0 0 0 0 0 0 0 0 0 0 0 0 0 0 0 0 0 0 0 0 0 0 0 0 0 0 0 0 0 0
0 0 0 0 0 0 0 0 0 0 0 0 0 0 0 0 0 0 0 0 0 0 0 0 0 0 0 0 0 0 0 0 0 0 0 0 0 0 0 0 0 0 0 0 0 0 0 0 0 0 0 0 0 0 0 0 0 0 0 0 0
0 0 0 0 0 0 0 0 0 0 0 0 0 0 0 0 0 0 0 0 0 0 0 0 0 0 0 0 0 0 0 0 0 0 0 0 0 0 0 0 0 0 0 0 0 0 0 0 0 0 0 0 0 0 0 0 0 0 0 0 0
0 0 0 0 0 0 0 0 0 0 0 0 0 0 0 0 0 0 0 0 0 0 0 0 0 0 0 0 0 0 0 0 0 0 0 0 0 0 0 0 0 0 0 0 0 0 0 0 0 0 0 0 0 0 0 0 0 0 0 0 0
0 0 0 0 0 0 0 0 0 0 0 0 0 0 0 0 0 0 0 0 0 0 0 0 0 0 0 0 0 0 0 0 0 0 0 0 0 0 0 0 0 0 0 0 0 0 0 0 0 0 0 0 0 0 0 0 0 0 0 0 0
0 0 0 0 0 0 0 0 0 0 0 0 0 0 0 0 0 0 0 0 0 0 0 0 0 0 0 0 0 0 0 0 0 0 0 0 0 0 0 0 0 0 0 0 0 0 0 0 0 0 0 0 0 0 0 0 0 0 0 0 0
0 0 0 0 0 0 0 0 0 0 0 0 0 0 0 0 0 0 0 0 0 0 0 0 0 0 0 0 0 0 0 0 0 0 0 0 0 0 0 0 0 0 0 0 0 0 0 0 0 0 0 0 0 0 0 0 0 0 0 0 0
0 0 0 0 0 0 0 0 0 0 0 0 0 0 0 0 0 0 0 0 0 0 0 0 0 0 0 0 0 0 0 0 0 0 0 0 0 0 0 0 0 0 0 0 0 0 0 0 0 0 0 0 0 0 0 0 0 0 0 0 0
0 0 0 0 0 0 0 0 0 0 0 0 0 0 0 0 0 0 0 0 0 0 0 0 0 0 0 0 0 0 0 0 0 0 0 0 0 0 0 0 0 0 0 0 0 0 0 0 0 0 0 0 0 0 0 0 0 0 0 0 0
0 0 0 0 0 0 0 0 0 0 0 0 0 0 0 0 0 0 0 0 0 0 0 0 0 0 0 0 0 0 0 0 0 0 0 0 0 0 0 0 0 0 0 0 0 0 0 0 0 0 0 0 0 0 0 0 0 0 0 0 0
0 0 0 0 0 0 0 0 0 0 0 0 0 0 0 0 0 0 0 0 0 0 0 0 0 0 0 0 0 0 0 0 0 0 0 0 0 0 0 0 0 0 0 0 0 0 0 0 0 0 0 0 0 0 0 0 0 0 0 0 0
0 0 0 0 0 0 0 0 0 0 0 0 0 0 0 0 0 0 0 0 0 0 0 0 0 0 0 0 0 0 0 0 0 0 0 0 0 0 0 0 0 0 0 0 0 0 0 0 0 0 0 0 0 0 0 0 0 0 0 0 0
0 0 0 0 0 0 0 0 0 0 0 0 0 0 0 0 0 0 0 0 0 0 0 0 0 0 0 0 0 0 0 0 0 0 0 0 0 0 0 0 0 0 0 0 0 0 0 0 0 0 0 0 0 0 0 0 0 0 0 0 0
0 0 0 0 0 0 0 0 0 0 0 0 0 0 0 0 0 0 0 0 0 0 0 0 0 0 0 0 0 0 0 0 0 0 0 0 0 0 0 0 0 0 0 0 0 0 0 0 0 0 0 0 0 0 0 0 0 0 0 0 0
0 0 0 0 0 0 0 0 0 0 0 0 0 0 0 0 0 0 0 0 0 0 0 0 0 0 0 0 0 0 0 0 0 0 0 0 0 0 0 0 0 0 0 0 0 0 0 0 0 0 0 0 0 0 0 0 0 0 0 0 0
0 0 0 0 0 0 0 0 0 0 0 0 0 0 0 0 0 0 0 0 0 0 0 0 0 0 0 0 0 0 0 0 0 0 0 0 0 0 0 0 0 0 0 0 0 0 0 0 0 0 0 0 0 0 0 0 0 0 0 0 0
0 0 0 0 0 0 0 0 0 0 0 0 0 0 0 0 0 0 0 0 0 0 0 0 0 0 0 0 0 0 0 0 0 0 0 0 0 0 0 0 0 0 0 0 0 0 0 0 0 0 0 0 0 0 0 0 0 0 0 0 0
0 0 0 0 0 0 0 0 0 0 0 0 0 0 0 0 0 0 0 0 0 0 0 0 0 0 0 0 0 0 0 0 0 0 0 0 0 0 0 0 0 0 0 0 0 0 0 0 0 0 0 0 0 0 0 0 0 0 0 0 0
0 0 0 0 0 0 0 0 0 0 0 0 0 0 0 0 0 0 0 0 0 0 0 0 0 0 0 0 0 0 0 0 0 0 0 0 0 0 0 0 0 0 0 0 0 0 0 0 0 0 0 0 0 0 0 0 0 0 0 0 0
0 0 0 0 0 0 0 0 0 0 0 0 0 0 0 0 0 0 0 0 0 0 0 0 0 0 0 0 0 0 0 0 0 0 0 0 0 0 0 0 0 0 0 0 0 0 0 0 0 0 0 0 0 0 0 0 0 0 0 0 0
0 0 0 0 0 0 0 0 0 0 0 0 0 0 0 0 0 0 0 0 0 0 0 0 0 0 0 0 0 0 0 0 0 0 0 0 0 0 0 0 0 0 0 0 0 0 0 0 0 0 0 0 0 0 0 0 0 0 0 0 0
0 0 0 0 0 0 0 0 0 0 0 0 0 0 0 0 0 0 0 0 0 0 0 0 0 0 0 0 0 0 0 0 0 0 0 0 0 0 0 0 0 0 0 0 0 0 0 0 0 0 0 0 0 0 0 0 0 0 0 0 0
0 0 0 0 0 0 0 0 0 0 0 0 0 0 0 0 0 0 0 0 0 0 0 0 0 0 0 0 0 0 0 0 0 0 0 0 0 0 0 0 0 0 0 0 0 0 0 0 0 0 0 0 0 0 0 0 0 0 0 0 0
0 0 0 0 0 0 0 0 0 0 0 0 0 0 0 0 0 0 0 0 0 0 0 0 0 0 0 0 0 0 0 0 0 0 0 0 0 0 0 0 0 0 0 0 0 0 0 0 0 0 0 0 0 0 0 0 0 0 0 0 0

I cap
10000.0 10000.0 9816.706 9758.746000000001 8654.5 9127.720000000003 9138.628000000002 9628.174 9719.974 9354.826000000001 9373.204000000002 9386.038 9443.746 9539.704 9254.962000000001 9319.168 9413.200000000003 9591.4 9417.916000000001 9416.692000000003 9189.19 9457.66 9370.648000000001 9586.504 9361.054000000002 9145.882 9344.512000000002 9554.661999999998 9656.001999999999 9467.146 9309.754 9604.378000000002 9492.04 9537.256 9236.062000000002 9283.852 9350.758000000002 9449.398 9475.785999999998 9445.672000000004 9283.402000000002 9470.818000000001 9446.787999999999 9675.208 9441.514000000003 9153.730000000001 9437.968 9557.037999999999 9561.538 9387.982000000002 9064.288 9564.220000000001 9607.15 9548.956 9557.632 8583.94 9100.378000000002 9219.610000000002 9790.498000000001 10000.0 10000.0
10000.0 10000.0 9962.434000000001 9951.994 9745.93 9812.89 9823.581999999999 9925.426 9966.826000000001 9939.574 9951.796 9932.662 9932.553999999998 9958.096000000001 9925.047999999999 9922.042000000001 9888.31 9915.4 9922.383999999998 9914.608 9891.910000000002 9848.44 9876.952 9911.296 9896.356 9909.928000000002 9910.197999999999 9945.838 9959.697999999999 9946.054 9927.946 9918.622 9909.46 9929.944 9919.648 9924.058 9885.052 9906.202000000001 9867.214 9892.828 9876.898000000001 9905.482 9935.812 9937.792 9900.496 9888.58 9921.142 9943.462 9951.562 9951.418 9911.512 9936.28 9939.25 9926.884 9921.808 9744.49 9812.331999999999 9848.799999999997 9954.802 10000.0 10000.0
10000.0 10000.0 9977.56 9966.1525 9954.5725 9969.0925 9962.792500000001 9993.7 9993.7 9980.5 9980.5 9980.5 10000.0 9993.7 9980.5 9974.2 9980.5 9987.400000000001 9993.7 9974.2 9980.5 9974.2 9993.7 9987.400000000001 9980.5 9974.2 9980.5 9987.400000000001 9982.292500000001 9962.792500000001 9969.0925 9962.792500000001 9993.7 9987.400000000001 9980.5 9974.2 9980.5 9987.400000000001 9993.7 9974.2 9980.5 9974.2 9993.7 9987.400000000001 9980.5 9974.2 9980.5 9987.400000000001 9993.7 9974.2 9980.5 9974.2 9993.7 9964.960000000001 9959.8525 9948.272500000001 9969.0925 9969.0925 10000.0 10000.0 10000.0
10000.0 10000.0 9998.11 9990.109000000002 9963.469000000001 9966.736 9968.302000000001 9982.324000000002 9982.090000000002 9975.817 9982.270000000002 9981.415 9978.391000000001 9981.325 9972.208000000002 9976.240000000002 9972.748000000001 9978.436 9978.346000000003 9980.704000000002 9977.626 9976.987 9976.384000000002 9979.768000000002 9968.923000000003 9972.694 9974.017000000002 9984.259 9980.560000000001 9976.654 9976.978000000001 9983.953 9980.245 9980.551000000001 9971.902000000004 9976.474 9974.44 9977.194000000001 9974.395000000002 9976.987000000001 9979.561 9982.378 9981.802000000001 9979.534000000001 9969.355000000001 9973.081000000002 9976.465000000002 9981.055 9980.119 9980.632000000003 9976.726 9978.778 9979.48 9979.993000000002 9980.704000000003 9968.824 9977.446 9982.252 9997.084 10000.0 10000.0
10000.0 10000.0 9999.244 9998.659 9986.248 9985.905999999999 9983.997999999998 9988.641999999996 9987.714999999997 9983.520999999997 9987.903999999997 9989.424999999997 9986.868999999997 9987.102999999997 9983.358999999997 9987.048999999997 9985.068999999998 9986.526999999998 9986.742999999997 9987.273999999998 9985.725999999997 9985.204 9985.743999999997 9988.425999999998 9982.971999999996 9984.150999999998 9985.131999999998 9989.613999999998 9987.120999999997 9985.005999999998 9986.355999999996 9989.550999999998 9986.868999999997 9986.400999999998 9983.358999999997 9987.174999999997 9986.913999999999 9986.445999999998 9984.807999999999 9984.555999999997 9987.705999999996 9988.911999999997 9989.154999999997 9987.138999999997 9982.872999999998 9984.636999999997 9987.354999999998 9987.138999999997 9986.256999999998 9987.588999999996 9986.418999999996 9987.138999999997 9986.256999999998 9986.445999999998 9988.893999999997 9981.162999999999 9986.536 9991.108 9998.722 10000.0 10000.0
10000.0 10000.0 9984.529 9948.455941176471 9790.677470588233 9683.181999999999 9786.240999999998 9849.384999999997 9817.39 9874.557999999995 9848.898999999996 9778.923999999999 9839.970999999998 9843.426999999998 9745.101999999999 9789.228999999998 9769.059999999996 9791.577999999998 9852.831999999999 9843.408999999998 9785.745999999997 9861.201999999997 9818.325999999995 9797.994999999999 9807.175 9763.542999999996 9728.226999999999 9874.809999999998 9836.163999999997 9780.184 9840.942999999997 9840.537999999997 9802.449999999997 9889.038999999997 9782.100999999999 9720.378999999999 9789.912999999997 9815.985999999997 9781.848999999998 9869.589999999998 9847.458999999995 9809.703999999998 9866.538999999995 9844.515999999998 9759.456999999999 9815.796999999999 9747.603999999998 9758.934999999998 9872.442999999997 9833.265999999998 9769.464999999997 9855.864999999998 9840.366999999995 9809.542 9835.938999999998 9754.148058823526 9700.255529411765 9865.045 9985.249 10000.0 10000.0
10000.0 10000.0 9956.719000000001 9835.624 9484.390000000001 9504.235 9578.251000000002 9772.246 9734.185 9685.855000000001 9695.008 9692.289999999999 9713.827 9733.771 9618.013 9663.625000000002 9639.243999999999 9676.189 9729.604 9726.148000000001 9639.271 9673.264 9659.881000000001 9699.292000000001 9632.926 9603.190000000002 9617.553999999998 9786.826000000001 9746.902 9642.124 9680.203 9756.658 9704.574999999999 9761.536000000002 9632.458 9620.929000000002 9670.843 9663.607 9628.722999999998 9691.489000000001 9713.089000000002 9721.612 9773.11 9734.203 9604.864 9633.916000000003 9661.258 9663.148 9755.389000000001 9722.296 9627.157 9714.717999999999 9718.714 9698.095000000001 9733.798 9516.565 9601.210000000001 9702.037 9933.427 10000.0 10000.0
10000.0 10000.0 9998.677000000001 9995.887000000002 9973.123000000001 9974.899000000001 9975.538000000004 9988.021000000002 9988.984000000002 9983.755000000001 9988.057000000003 9988.975000000002 9987.274000000001 9988.525000000001 9979.516000000001 9980.335000000003 9980.074 9987.085000000001 9986.896000000002 9988.039000000002 9985.078000000003 9983.44 9984.196000000004 9986.275000000003 9979.210000000001 9978.445000000002 9980.263 9989.542000000001 9988.03 9987.094000000001 9986.023000000003 9989.353000000001 9987.274000000001 9986.707000000002 9979.516000000001 9980.713000000002 9981.127 9986.410000000003 9982.792000000001 9984.664000000002 9984.943000000003 9988.291000000003 9988.705000000002 9987.544000000002 9979.435 9978.526000000003 9981.505000000001 9987.544000000002 9986.815 9988.606000000003 9985.645000000002 9987.544000000002 9986.815 9986.410000000003 9987.229000000003 9970.813 9979.519 9984.556000000002 9997.309000000001 10000.0 10000.0
10000.0 10000.0 9995.788 9994.654 9978.346000000001 9962.911 9978.058 9985.816 9982.126 9993.925000000001 9983.854 9975.214 9986.023000000001 9985.339 9973.711000000001 9979.714 9979.57 9978.94 9987.013 9984.394 9977.383000000002 9989.659 9982.909 9974.926000000001 9982.684000000001 9977.707 9971.983 9990.874 9983.323 9974.539 9986.338000000002 9986.212 9982.801 9994.6 9979.732 9967.960000000001 9979.228000000001 9980.749 9974.458 9989.452000000001 9988.12 9981.946 9991.981 9985.42 9976.006000000001 9985.051000000001 9974.655999999999 9972.793 9991.333 9983.179 9975.196000000002 9989.821 9989.280999999999 9979.048 9984.214 9969.526000000002 9961.065999999999 9980.623000000001 9996.076000000001 10000.0 10000.0
10000.0 10000.0 9999.433 9997.489000000001 9991.783000000003 9990.631000000003 9990.712000000005 9995.266000000003 9994.510000000002 9994.969000000003 9993.808000000003 9993.457000000002 9994.645000000002 9994.510000000002 9992.791000000005 9992.008000000003 9992.035000000002 9994.645000000002 9995.266000000003 9994.132000000003 9993.970000000003 9992.944000000001 9993.160000000003 9994.618000000004 9992.710000000003 9992.170000000004 9992.224000000002 9994.375000000002 9996.400000000001 9994.699000000002 9994.159000000003 9993.835000000001 9994.186000000002 9995.266000000003 9992.332000000004 9992.170000000004 9992.035000000002 9993.808000000003 9994.375000000004 9993.862000000003 9993.322000000004 9993.457000000002 9993.808000000003 9995.644000000002 9992.710000000003 9991.792000000005 9991.657000000003 9994.186000000002 9995.644000000002 9994.132000000003 9993.592000000004 9993.835000000001 9994.186000000002 9995.266000000003 9993.322000000004 9989.983000000004 9992.431000000002 9994.879000000003 9999.433 10000.0 10000.0
10000.0 10000.0 10000.0 9999.362976406534 9993.849999534476 9992.936551413783 9994.478965206888 9996.514827586201 9995.74362068965 9993.855172413783 9995.413103293098 9995.56827570689 9995.43327570689 9995.124482758614 9994.795517241373 9994.631034482749 9993.866034327577 9995.11827570689 9995.422413637923 9996.204482758614 9993.872241379302 9994.48206896551 9994.7955170862 9996.514827431029 9994.806379155163 9993.551034482749 9994.48206896551 9996.182758620684 9995.58999984482 9995.279655017233 9994.634137775853 9995.107413793097 9994.792413793097 9995.112068965509 9995.58379310344 9994.176379310336 9994.17172398275 9995.108965362064 9995.276551568957 9995.116724137923 9994.48206896551 9995.102758620684 9995.872413637924 9995.43327570689 9994.807930879302 9994.16551724137 9994.947586206888 9994.803275862063 9995.428620689649 9995.74206881034 9994.637241224129 9994.790861913785 9994.792413793097 9996.049310344823 9996.198275862062 9993.530126576215 9994.235861758612 9996.732068655168 9999.689655172413 10000.0 9998.137931034478
10000.0 10000.0 9999.1 9991.900000000003 9946.000000000011 9955.000000000007 9961.300000000008 9988.300000000003 9982.900000000005 9952.300000000005 9982.900000000005 9982.000000000005 9986.500000000005 9980.200000000004 9967.600000000004 9964.000000000004 9967.600000000008 9975.700000000006 9987.400000000005 9978.400000000007 9952.300000000005 9970.300000000005 9976.600000000006 9983.800000000005 9974.800000000007 9950.500000000005 9967.600000000006 9977.500000000004 9985.600000000006 9976.600000000008 9959.500000000004 9979.300000000005 9978.400000000005 9982.000000000005 9979.300000000007 9957.700000000004 9970.300000000007 9966.700000000004 9976.600000000006 9973.000000000007 9953.200000000004 9980.200000000006 9984.700000000004 9982.900000000005 9979.300000000007 9955.900000000003 9972.100000000004 9970.300000000007 9985.600000000004 9977.500000000007 9953.200000000004 9977.500000000005 9982.900000000005 9989.200000000004 9985.600000000006 9930.70000000001 9948.700000000008 9959.500000000007 9995.500000000002 9995.500000000002 9969.400000000001

H cap
9443.5 9443.5 9979.0 9947.5 9895.0 9825.0 9849.5 9940.5 9874.0 9832.0 9870.5 9821.5 9786.5 9867.0 9979.0 9937.0 9730.5 9674.5 9853.0 9940.5 9863.5 9737.5 9832.0 9968.5 9888.0 9821.5 9832.0 9814.5 9874.0 9958.0 9937.0 9748.0 9720.0 9877.5 9839.0 9797.0 9814.5 9877.5 9951.0 9867.0 9863.5 9811.0 9821.5 9853.0 9863.5 9919.5 9828.5 9825.0 9895.0 9958.0 9979.0 9398.0 9398.0 10000.0 10000.0 10000.0 10000.0 10000.0 10000.0 10000.0 10000.0
9910.0 9889.0 9953.0 9946.0 9938.5 9933.0 9928.5 9936.0 9940.5 9933.5 9930.5 9923.5 9919.5 9933.5 9953.0 9945.5 9914.0 9914.5 9938.0 9943.0 9931.0 9911.0 9929.0 9951.0 9937.5 9933.0 9931.5 9924.0 9936.5 9948.5 9935.5 9911.5 9921.0 9937.5 9936.5 9936.5 9923.5 9929.0 9948.0 9935.5 9931.0 9921.5 9924.0 9935.5 9940.5 9943.0 9923.5 9926.0 9938.5 9946.0 9953.0 9886.0 9907.0 10000.0 10000.0 10000.0 10000.0 10000.0 10000.0 10000.0 10000.0
9926.5 9926.5 9993.0 9982.5 9979.0 9979.0 9975.5 9979.0 9982.5 9972.0 9968.5 9972.0 9965.0 9972.0 9989.5 9979.0 9961.5 9965.0 9979.0 9982.5 9972.0 9954.5 9968.5 9989.5 9979.0 9968.5 9975.5 9972.0 9968.5 9982.5 9979.0 9961.5 9968.5 9975.5 9972.0 9975.5 9972.0 9975.5 9986.0 9972.0 9968.5 9968.5 9972.0 9979.0 9979.0 9975.5 9968.5 9975.5 9979.0 9986.0 9993.0 9919.5 9919.5 10000.0 10000.0 10000.0 10000.0 10000.0 10000.0 10000.0 10000.0
9553.5 9543.0 9967.0 9922.5 9891.5 9874.0 9874.0 9922.0 9897.5 9855.0 9815.5 9721.0 9762.5 9901.5 9962.5 9912.5 9782.0 9778.5 9886.5 9937.5 9834.0 9641.0 9769.0 9964.5 9895.0 9880.0 9887.0 9835.0 9882.0 9949.0 9890.5 9677.5 9711.5 9871.5 9858.0 9880.5 9848.5 9876.5 9956.0 9880.5 9849.5 9718.5 9739.5 9881.0 9895.0 9906.5 9841.0 9863.5 9912.5 9946.0 9967.0 9497.0 9507.5 10000.0 10000.0 10000.0 10000.0 10000.0 10000.0 10000.0 10000.0

