T P M C
61 37 4 12

base obj
0.0

exp obj
30.75490196078432

Objective struct
0.0 0.5588235294117647 30.196078431372555

num campaigns
702

x
0 0 0 0 1 0 0 1 1 1 0 0 0 1 0 0 0 0 1 0 0 0 0 0 0 0 0 0 1 0 0 0 0 0 1 0 1 0 0 0 0 1 0 0 0 0 0 0 1 0 0 1 0 0 0 1 0 0 0 0 0
0 0 0 0 0 0 1 1 1 1 0 0 0 0 0 0 0 0 0 1 0 0 0 0 0 0 1 0 0 0 0 0 0 1 0 1 0 0 0 0 0 1 0 0 0 0 0 0 1 0 0 0 1 0 0 1 0 0 0 0 0
0 0 0 0 1 1 0 0 0 0 0 1 0 0 0 0 0 0 1 0 0 0 0 0 1 0 0 1 0 0 0 0 0 0 0 1 0 0 0 1 0 1 1 1 0 0 0 0 0 0 0 0 0 1 0 1 0 0 0 0 0
0 0 0 0 0 1 1 1 0 0 0 1 0 0 0 0 0 0 0 0 0 0 0 0 0 0 0 0 0 0 0 0 0 0 0 0 0 0 0 0 1 0 0 0 1 1 0 0 0 1 1 0 1 0 0 1 0 0 0 0 0
0 0 0 0 1 1 0 0 1 1 1 1 0 1 0 0 0 0 1 1 1 1 0 0 0 0 0 0 0 0 0 1 0 0 0 0 0 0 0 0 1 0 0 0 0 0 0 0 0 1 1 1 1 0 0 0 0 0 0 0 0
0 0 0 0 1 1 0 0 0 0 0 0 1 0 0 0 1 0 0 0 0 0 0 0 0 0 0 0 0 0 1 0 0 0 0 0 0 0 0 0 1 0 0 1 0 1 0 1 1 0 0 0 0 1 0 1 0 0 0 0 0
0 0 0 0 1 1 0 0 0 0 0 1 0 0 0 0 0 0 0 1 0 0 0 0 0 0 1 0 1 0 0 0 0 1 0 0 0 0 0 0 0 1 0 0 0 0 1 1 1 1 0 0 0 0 0 0 0 0 0 0 0
0 0 0 0 1 0 0 0 0 0 0 0 1 0 0 0 0 0 0 0 0 0 0 0 0 0 0 0 0 0 0 0 0 0 0 0 1 0 0 0 0 0 0 1 0 0 0 0 0 0 0 0 0 0 0 0 0 0 0 0 0
0 0 0 0 0 0 0 0 0 0 1 0 0 0 0 0 0 0 0 0 0 0 0 0 0 0 0 0 0 0 0 0 0 0 0 0 0 0 0 0 0 0 0 0 0 0 0 0 0 0 0 0 0 0 0 1 0 0 0 0 0
0 0 0 0 1 1 0 0 1 0 1 1 0 1 1 1 1 0 1 1 1 1 1 1 1 0 1 1 1 1 0 0 0 0 0 0 0 0 0 0 1 1 1 1 1 1 0 0 0 1 0 0 0 0 1 1 0 0 0 0 0
0 0 0 0 1 0 0 1 0 0 0 0 0 0 0 0 0 0 0 0 0 0 0 0 0 0 0 0 0 0 0 0 0 0 0 0 0 0 0 0 0 0 0 0 1 0 0 0 0 0 0 0 0 0 1 1 0 0 0 0 0
0 0 0 0 1 0 1 1 0 0 0 0 0 0 0 1 0 0 0 0 0 0 0 0 0 0 0 0 0 0 0 0 0 0 0 0 0 0 0 0 0 0 0 0 0 0 0 0 0 0 0 0 0 0 0 0 0 0 0 0 0
0 0 0 0 0 1 0 1 1 1 0 0 0 1 1 0 0 0 0 1 0 0 0 0 0 0 0 0 1 0 0 0 0 0 1 0 0 0 0 0 0 0 0 0 0 0 0 0 1 1 0 0 1 0 0 0 0 0 0 0 0
0 0 0 0 0 1 1 0 1 0 0 1 0 0 0 0 0 0 0 0 0 0 0 1 0 0 0 1 0 0 0 0 0 0 0 0 0 0 1 0 0 0 0 0 0 0 1 0 1 0 0 1 0 0 1 0 0 0 0 0 0
0 0 0 0 1 1 0 0 0 0 0 0 0 0 0 0 0 0 1 0 1 0 0 0 0 1 0 0 0 0 0 0 1 0 0 0 0 0 0 0 0 0 0 0 0 0 0 0 0 0 0 0 0 0 0 1 0 0 0 0 0
0 0 0 0 0 0 0 0 0 0 0 0 0 0 0 0 0 0 0 0 0 0 0 0 0 0 0 0 0 0 0 0 0 0 0 0 0 0 0 0 0 0 0 0 0 0 0 0 0 0 0 0 0 0 0 1 0 0 0 0 0
0 0 0 0 0 0 1 0 0 0 0 0 0 1 0 0 1 0 0 0 0 0 0 0 0 0 1 0 0 1 0 0 0 0 0 0 0 0 0 0 0 0 0 0 0 0 0 0 1 0 0 0 0 0 0 0 0 0 0 0 0
0 0 0 0 1 1 0 0 0 0 0 0 0 0 0 0 0 0 0 0 0 0 0 0 0 0 0 0 0 0 1 0 0 0 0 0 0 0 0 0 0 0 0 0 0 0 0 0 0 0 0 0 0 0 0 0 0 0 0 0 0
0 0 0 0 1 1 0 1 0 1 0 0 1 0 1 0 0 0 1 0 1 1 1 1 1 1 1 1 1 1 1 0 0 0 0 0 0 1 0 1 0 1 0 0 0 1 0 0 0 0 0 1 1 0 0 1 0 0 0 0 0
0 0 0 0 1 0 0 0 0 0 0 1 0 0 0 0 0 0 0 0 0 0 0 0 0 0 0 0 0 0 0 0 0 0 0 0 0 0 0 0 0 0 0 0 0 0 0 0 0 0 0 0 0 0 0 0 0 0 0 0 0
0 0 0 0 1 1 0 0 1 0 0 0 0 1 0 1 0 0 0 0 0 0 0 1 0 0 0 1 0 0 0 0 0 0 0 0 0 0 0 1 1 0 0 0 0 0 0 0 0 1 0 0 0 1 0 1 0 0 0 0 0
0 0 0 0 1 1 0 0 0 0 0 0 0 0 0 0 0 0 0 0 1 0 0 0 1 0 1 0 0 0 0 0 0 0 0 0 0 0 0 0 0 0 0 0 0 0 0 1 0 0 0 0 0 0 0 0 0 0 0 0 0
0 0 0 0 0 0 1 0 1 0 0 0 0 0 1 0 0 0 0 0 0 0 0 0 1 0 0 0 0 0 0 0 0 0 0 0 0 0 0 0 0 0 0 0 0 0 0 0 0 0 0 0 0 0 0 0 0 0 0 0 0
0 0 0 0 0 1 1 0 0 1 1 0 0 1 1 0 0 0 0 0 0 0 0 0 0 1 0 0 0 0 0 0 0 0 0 0 0 1 0 0 0 0 0 0 0 0 0 0 1 0 0 0 1 0 0 0 0 0 0 0 0
0 0 0 0 0 0 0 1 0 1 0 0 0 1 0 0 0 1 0 0 0 0 1 0 0 0 0 0 1 0 0 0 0 0 0 0 0 0 0 0 0 0 0 0 0 0 0 0 0 0 0 0 0 0 0 0 0 0 0 0 0
0 0 0 0 0 1 1 0 0 0 0 0 0 0 0 0 0 1 0 0 0 0 1 0 0 0 0 0 1 0 0 0 0 0 0 0 0 0 0 0 0 0 0 0 0 0 0 0 1 0 0 0 0 0 1 1 0 0 0 0 0
0 0 0 0 0 1 1 0 1 0 1 0 0 0 0 0 0 0 0 0 0 0 0 0 0 0 0 0 0 0 1 0 0 0 0 0 0 0 0 0 1 0 0 0 1 0 0 1 0 0 0 1 0 1 0 0 0 0 0 0 0
0 0 0 0 1 1 0 0 0 0 0 0 0 0 0 0 0 0 0 0 0 0 0 0 0 0 0 0 0 0 0 0 0 0 0 0 0 0 0 0 0 0 0 0 0 0 0 0 0 0 0 0 0 0 0 0 0 0 0 0 0
0 0 0 0 1 0 0 0 0 0 0 0 0 0 0 0 0 0 0 0 0 1 0 1 1 0 1 0 0 1 0 0 0 0 0 0 0 0 0 1 1 1 1 1 0 1 1 1 1 1 1 1 1 0 1 1 0 0 0 0 0
0 0 0 0 0 1 0 1 1 1 1 1 1 0 1 1 1 1 1 1 1 1 1 1 1 1 1 1 1 1 1 1 1 1 1 1 1 1 1 1 1 1 1 1 1 1 2 1 1 1 2 1 2 1 1 1 0 0 0 0 0
0 0 0 0 0 1 0 1 1 1 1 1 1 0 1 1 1 1 1 1 1 1 1 1 1 1 1 1 1 1 1 1 1 1 1 1 1 1 1 1 1 1 1 1 1 1 2 1 1 1 2 1 2 1 1 1 0 0 0 0 0
0 0 0 0 0 1 0 1 1 1 1 1 1 0 1 1 1 1 1 1 1 1 1 1 1 1 1 1 1 1 1 1 1 1 1 1 1 1 1 1 1 1 1 1 1 1 2 1 1 1 2 1 2 1 1 1 0 0 0 0 0
0 0 0 0 2 2 0 2 2 2 2 2 0 2 2 2 2 2 2 2 0 0 2 0 2 2 2 2 2 2 1 2 2 2 1 0 0 1 2 0 2 0 2 2 2 2 2 2 11 2 2 3 2 2 2 13 0 0 0 0 0
0 0 0 0 0 1 0 1 1 1 1 1 1 0 1 1 1 1 1 1 1 1 1 1 1 1 1 1 1 1 1 1 1 1 1 1 1 1 1 1 1 1 1 1 1 1 2 1 1 1 2 1 2 1 1 1 0 0 0 0 0
0 0 0 0 0 1 0 1 1 1 1 1 1 0 1 1 1 1 1 1 1 1 1 1 1 1 1 1 1 1 1 1 1 1 1 1 1 1 1 1 1 1 1 1 1 1 2 1 1 1 2 1 2 1 1 1 0 0 0 0 0
0 0 0 0 0 1 0 1 1 1 1 1 1 0 1 1 1 1 1 1 1 1 1 1 1 1 1 1 1 1 1 1 1 1 1 1 1 1 1 1 1 1 1 1 1 1 2 1 1 1 2 1 2 1 1 1 0 0 0 0 0
0 0 0 0 0 1 0 0 0 0 0 0 0 1 0 0 0 0 0 0 0 0 1 0 1 0 0 0 0 0 0 0 0 0 0 0 0 0 0 0 0 0 1 0 0 0 0 0 0 0 0 0 0 0 1 0 0 0 0 0 0

y
0.0 0.0 0.0 0.0 0.0 0.0 0.0 0.0 0.0 0.0 0.0 0.0 0.0 0.0 0.0 0.0 0.0 0.0 0.0 0.0 0.0 0.0 0.0 0.0 0.0 0.0 0.0 0.0 0.0 0.0 0.0 0.0 0.0 0.0 0.0 0.0 0.0

k
0 0 0 0 0 0 0 0 0 0 0 0 0 0 0 0 0 0 0 0 0 0 0 0 0 0 0 0 0 0 0 0 0 0 0 0 0

f
0.0 0.0 0.0 0.0 0.0 0.0 0.0 0.0 0.0 0.0 0.0 0.0 0.0 0.0 0.0 0.0 0.0 0.0 0.0 0.0 0.0 0.0 0.0 0.0 0.0 0.0 0.0 0.0 0.0 0.0 0.0 0.0 0.0 0.0 0.0 0.0 0.0 0.0 0.0 0.0 0.0 0.0 0.0 0.0 0.0 0.0 0.0 0.0 0.0 0.0 0.0 0.0 0.0 0.0 0.0 0.0 0.0 0.0 0.0 0.0 0.0
0.0 0.0 0.0 0.0 0.0 0.0 0.0 0.0 0.0 0.0 0.0 0.0 0.0 0.0 0.0 0.0 0.0 0.0 0.0 0.0 0.0 0.0 0.0 0.0 0.0 0.0 0.0 0.0 0.0 0.0 0.0 0.0 0.0 0.0 0.0 0.0 0.0 0.0 0.0 0.0 0.0 0.0 0.0 0.0 0.0 0.0 0.0 0.0 0.0 0.0 0.0 0.0 0.0 0.0 0.0 0.0 0.0 0.0 0.0 0.0 0.0
0.0 0.0 0.0 0.0 0.0 0.0 0.0 0.0 0.0 0.0 0.0 0.0 0.0 0.0 0.0 0.0 0.0 0.0 0.0 0.0 0.0 0.0 0.0 0.0 0.0 0.0 0.0 0.0 0.0 0.0 0.0 0.0 0.0 0.0 0.0 0.0 0.0 0.0 0.0 0.0 0.0 0.0 0.0 0.0 0.0 0.0 0.0 0.0 0.0 0.0 0.0 0.0 0.0 0.0 0.0 0.0 0.0 0.0 0.0 0.0 0.0
0.0 0.0 0.0 0.0 0.0 0.0 0.0 0.0 0.0 0.0 0.0 0.0 0.0 0.0 0.0 0.0 0.0 0.0 0.0 0.0 0.0 0.0 0.0 0.0 0.0 0.0 0.0 0.0 0.0 0.0 0.0 0.0 0.0 0.0 0.0 0.0 0.0 0.0 0.0 0.0 0.0 0.0 0.0 0.0 0.0 0.0 0.0 0.0 0.0 0.0 0.0 0.0 0.0 0.0 0.0 0.0 0.0 0.0 0.0 0.0 0.0

L
1 1 1 1 1 1 1 7 45 1 1 1 1 1 1 0 3 1 1 7 1 1 2 1 2 1 1 1 1 0 0 0 0 0 0 0 2

g
0 0 0 0 0 0 0 0 0 0 0 0 0 0 0 0 0 0 0 0 0 0 0 0 0 0 0 0 0 0 0 0 0 0 0 0 0 0 0 0 0 0 0 0 0 0 0 0 0 0 0 0 0 0 0 0 0 0 0 0 0
0 0 0 0 0 0 0 0 0 0 0 0 0 0 0 0 0 0 0 0 0 0 0 0 0 0 0 0 0 0 0 0 0 0 0 0 0 0 0 0 0 0 0 0 0 0 0 0 0 0 0 0 0 0 0 0 0 0 0 0 0
0 0 0 0 0 0 0 0 0 0 0 0 0 0 0 0 0 0 0 0 0 0 0 0 0 0 0 0 0 0 0 0 0 0 0 0 0 0 0 0 0 0 0 0 0 0 0 0 0 0 0 0 0 0 0 0 0 0 0 0 0
0 0 0 0 0 0 0 0 0 0 0 0 0 0 0 0 0 0 0 0 0 0 0 0 0 0 0 0 0 0 0 0 0 0 0 0 0 0 0 0 0 0 0 0 0 0 0 0 0 0 0 0 0 0 0 0 0 0 0 0 0
0 0 0 0 0 0 0 0 0 0 0 0 0 0 0 0 0 0 0 0 0 0 0 0 0 0 0 0 0 0 0 0 0 0 0 0 0 0 0 0 0 0 0 0 0 0 0 0 0 0 0 0 0 0 0 0 0 0 0 0 0
0 0 0 0 0 0 0 0 0 0 0 0 0 0 0 0 0 0 0 0 0 0 0 0 0 0 0 0 0 0 0 0 0 0 0 0 0 0 0 0 0 0 0 0 0 0 0 0 0 0 0 0 0 0 0 0 0 0 0 0 0
0 0 0 0 0 0 0 0 0 0 0 0 0 0 0 0 0 0 0 0 0 0 0 0 0 0 0 0 0 0 0 0 0 0 0 0 0 0 0 0 0 0 0 0 0 0 0 0 0 0 0 0 0 0 0 0 0 0 0 0 0
0 0 0 0 0 0 0 0 0 0 0 0 0 0 0 0 0 0 0 0 0 0 0 0 0 0 0 0 0 0 0 0 0 0 0 0 0 0 0 0 0 0 0 0 0 0 0 0 0 0 0 0 0 0 0 0 0 0 0 0 0
0 0 0 0 0 0 0 0 0 0 0 0 0 0 0 0 0 0 0 0 0 0 0 0 0 0 0 0 0 0 0 0 0 0 0 0 0 0 0 0 0 0 0 0 0 0 0 0 0 0 0 0 0 0 0 0 0 0 0 0 0
0 0 0 0 0 0 0 0 0 0 0 0 0 0 0 0 0 0 0 0 0 0 0 0 0 0 0 0 0 0 0 0 0 0 0 0 0 0 0 0 0 0 0 0 0 0 0 0 0 0 0 0 0 0 0 0 0 0 0 0 0
0 0 0 0 0 0 0 0 0 0 0 0 0 0 0 0 0 0 0 0 0 0 0 0 0 0 0 0 0 0 0 0 0 0 0 0 0 0 0 0 0 0 0 0 0 0 0 0 0 0 0 0 0 0 0 0 0 0 0 0 0
0 0 0 0 0 0 0 0 0 0 0 0 0 0 0 0 0 0 0 0 0 0 0 0 0 0 0 0 0 0 0 0 0 0 0 0 0 0 0 0 0 0 0 0 0 0 0 0 0 0 0 0 0 0 0 0 0 0 0 0 0
0 0 0 0 0 0 0 0 0 0 0 0 0 0 0 0 0 0 0 0 0 0 0 0 0 0 0 0 0 0 0 0 0 0 0 0 0 0 0 0 0 0 0 0 0 0 0 0 0 0 0 0 0 0 0 0 0 0 0 0 0
0 0 0 0 0 0 0 0 0 0 0 0 0 0 0 0 0 0 0 0 0 0 0 0 0 0 0 0 0 0 0 0 0 0 0 0 0 0 0 0 0 0 0 0 0 0 0 0 0 0 0 0 0 0 0 0 0 0 0 0 0
0 0 0 0 0 0 0 0 0 0 0 0 0 0 0 0 0 0 0 0 0 0 0 0 0 0 0 0 0 0 0 0 0 0 0 0 0 0 0 0 0 0 0 0 0 0 0 0 0 0 0 0 0 0 0 0 0 0 0 0 0
0 0 0 0 0 0 0 0 0 0 0 0 0 0 0 0 0 0 0 0 0 0 0 0 0 0 0 0 0 0 0 0 0 0 0 0 0 0 0 0 0 0 0 0 0 0 0 0 0 0 0 0 0 0 0 0 0 0 0 0 0
0 0 0 0 0 0 0 0 0 0 0 0 0 0 0 0 0 0 0 0 0 0 0 0 0 0 0 0 0 0 0 0 0 0 0 0 0 0 0 0 0 0 0 0 0 0 0 0 0 0 0 0 0 0 0 0 0 0 0 0 0
0 0 0 0 0 0 0 0 0 0 0 0 0 0 0 0 0 0 0 0 0 0 0 0 0 0 0 0 0 0 0 0 0 0 0 0 0 0 0 0 0 0 0 0 0 0 0 0 0 0 0 0 0 0 0 0 0 0 0 0 0
0 0 0 0 0 0 0 0 0 0 0 0 0 0 0 0 0 0 0 0 0 0 0 0 0 0 0 0 0 0 0 0 0 0 0 0 0 0 0 0 0 0 0 0 0 0 0 0 0 0 0 0 0 0 0 0 0 0 0 0 0
0 0 0 0 0 0 0 0 0 0 0 0 0 0 0 0 0 0 0 0 0 0 0 0 0 0 0 0 0 0 0 0 0 0 0 0 0 0 0 0 0 0 0 0 0 0 0 0 0 0 0 0 0 0 0 0 0 0 0 0 0
0 0 0 0 0 0 0 0 0 0 0 0 0 0 0 0 0 0 0 0 0 0 0 0 0 0 0 0 0 0 0 0 0 0 0 0 0 0 0 0 0 0 0 0 0 0 0 0 0 0 0 0 0 0 0 0 0 0 0 0 0
0 0 0 0 0 0 0 0 0 0 0 0 0 0 0 0 0 0 0 0 0 0 0 0 0 0 0 0 0 0 0 0 0 0 0 0 0 0 0 0 0 0 0 0 0 0 0 0 0 0 0 0 0 0 0 0 0 0 0 0 0
0 0 0 0 0 0 0 0 0 0 0 0 0 0 0 0 0 0 0 0 0 0 0 0 0 0 0 0 0 0 0 0 0 0 0 0 0 0 0 0 0 0 0 0 0 0 0 0 0 0 0 0 0 0 0 0 0 0 0 0 0
0 0 0 0 0 0 0 0 0 0 0 0 0 0 0 0 0 0 0 0 0 0 0 0 0 0 0 0 0 0 0 0 0 0 0 0 0 0 0 0 0 0 0 0 0 0 0 0 0 0 0 0 0 0 0 0 0 0 0 0 0
0 0 0 0 0 0 0 0 0 0 0 0 0 0 0 0 0 0 0 0 0 0 0 0 0 0 0 0 0 0 0 0 0 0 0 0 0 0 0 0 0 0 0 0 0 0 0 0 0 0 0 0 0 0 0 0 0 0 0 0 0
0 0 0 0 0 0 0 0 0 0 0 0 0 0 0 0 0 0 0 0 0 0 0 0 0 0 0 0 0 0 0 0 0 0 0 0 0 0 0 0 0 0 0 0 0 0 0 0 0 0 0 0 0 0 0 0 0 0 0 0 0
0 0 0 0 0 0 0 0 0 0 0 0 0 0 0 0 0 0 0 0 0 0 0 0 0 0 0 0 0 0 0 0 0 0 0 0 0 0 0 0 0 0 0 0 0 0 0 0 0 0 0 0 0 0 0 0 0 0 0 0 0
0 0 0 0 0 0 0 0 0 0 0 0 0 0 0 0 0 0 0 0 0 0 0 0 0 0 0 0 0 0 0 0 0 0 0 0 0 0 0 0 0 0 0 0 0 0 0 0 0 0 0 0 0 0 0 0 0 0 0 0 0
0 0 0 0 0 0 0 0 0 0 0 0 0 0 0 0 0 0 0 0 0 0 0 0 0 0 0 0 0 0 0 0 0 0 0 0 0 0 0 0 0 0 0 0 0 0 0 0 0 0 0 0 0 0 0 0 0 0 0 0 0
0 0 0 0 0 0 0 0 0 0 0 0 0 0 0 0 0 0 0 0 0 0 0 0 0 0 0 0 0 0 0 0 0 0 0 0 0 0 0 0 0 0 0 0 0 0 1 0 0 0 1 0 1 0 0 0 0 0 0 0 0
0 0 0 0 0 0 0 0 0 0 0 0 0 0 0 0 0 0 0 0 0 0 0 0 0 0 0 0 0 0 0 0 0 0 0 0 0 0 0 0 0 0 0 0 0 0 1 0 0 0 1 0 1 0 0 0 0 0 0 0 0
0 0 0 0 0 0 0 0 0 0 0 0 0 0 0 0 0 0 0 0 0 0 0 0 0 0 0 0 0 0 0 0 0 0 0 0 0 0 0 0 0 0 0 0 0 0 1 0 0 0 1 0 1 0 0 0 0 0 0 0 0
0 0 0 0 0 0 0 0 0 0 0 0 0 0 0 0 0 0 0 0 0 0 0 0 0 0 0 0 0 0 0 0 0 0 0 0 0 0 0 0 0 0 0 0 0 0 0 0 9 0 0 1 0 0 0 11 0 0 0 0 0
0 0 0 0 0 0 0 0 0 0 0 0 0 0 0 0 0 0 0 0 0 0 0 0 0 0 0 0 0 0 0 0 0 0 0 0 0 0 0 0 0 0 0 0 0 0 1 0 0 0 1 0 1 0 0 0 0 0 0 0 0
0 0 0 0 0 0 0 0 0 0 0 0 0 0 0 0 0 0 0 0 0 0 0 0 0 0 0 0 0 0 0 0 0 0 0 0 0 0 0 0 0 0 0 0 0 0 1 0 0 0 1 0 1 0 0 0 0 0 0 0 0
0 0 0 0 0 0 0 0 0 0 0 0 0 0 0 0 0 0 0 0 0 0 0 0 0 0 0 0 0 0 0 0 0 0 0 0 0 0 0 0 0 0 0 0 0 0 1 0 0 0 1 0 1 0 0 0 0 0 0 0 0
0 0 0 0 0 0 0 0 0 0 0 0 0 0 0 0 0 0 0 0 0 0 0 0 0 0 0 0 0 0 0 0 0 0 0 0 0 0 0 0 0 0 0 0 0 0 0 0 0 0 0 0 0 0 0 0 0 0 0 0 0

I cap
10000.0 10000.0 9816.706 9759.376 9266.95 8394.742000000002 8236.810000000005 8381.530000000004 8958.376000000004 9153.514000000001 9163.125999999998 9107.524 9412.263999999997 9416.440000000002 9459.730000000001 9483.49 9523.054 9591.472000000002 9399.718 9182.313999999998 9413.883999999998 9524.763999999997 9522.909999999998 9532.108 9506.98 9659.008 9493.102 9699.616 9386.038 9553.924000000003 9468.478 9719.992 9660.07 9610.786 9621.910000000002 9496.108000000002 9633.789999999999 9693.190000000002 9892.396 9751.582 9343.918000000001 9322.606000000003 9379.36 9312.292 9278.002000000002 9440.668000000003 9637.822000000002 9541.000000000002 9291.232000000002 9114.328000000003 9228.592 9461.224 9424.594 9287.614 9124.588 8666.380000000005 9229.942000000003 9550.090000000002 9821.998000000001 10000.0 10000.0
10000.0 10000.0 9962.434000000001 9961.264000000001 9837.37 9761.968 9733.599999999999 9760.779999999997 9837.423999999999 9838.125999999998 9852.814000000002 9847.396 9898.336000000001 9885.07 9848.98 9809.919999999998 9897.346 9938.728 9955.882 9903.286 9911.115999999998 9926.235999999999 9926.199999999999 9926.001999999999 9904.24 9946.702 9941.608 9940.384 9904.762 9906.975999999999 9934.822 9991.108 9990.73 9987.814 9938.890000000001 9926.092000000002 9920.710000000001 9951.310000000001 9963.604000000001 9955.918000000001 9939.682 9888.094000000001 9877.150000000001 9856.918 9832.707999999999 9858.231999999998 9901.377999999999 9978.400000000001 9951.868 9889.372 9896.607999999998 9967.276 9958.006 9948.286000000002 9877.222 9794.529999999997 9866.367999999997 9945.009999999998 9986.302 10000.0 10000.0
10000.0 10000.0 9977.56 9966.1525 9943.165 9938.185000000001 9938.185000000001 9962.792500000001 9980.5 9951.76 9958.06 9979.18 9993.7 9980.5 9974.2 9967.3 9980.5 9986.8 9993.7 9993.7 9987.400000000001 9987.400000000001 9981.100000000002 9967.900000000001 9967.900000000001 9967.900000000001 9981.100000000002 9967.900000000001 9967.900000000001 9956.492500000002 9969.692500000003 9975.992500000002 9982.292500000001 10000.0 10000.0 10000.0 10000.0 9993.7 9993.7 9974.2 9967.3 9961.0 9980.5 9993.7 10000.0 9993.7 9993.7 9993.7 10000.0 9986.8 9986.8 9980.5 9987.400000000001 9974.2 9980.5 9967.3 9980.5 9980.5 10000.0 10000.0 10000.0
10000.0 10000.0 9998.11 9998.11 9982.711000000001 9963.343 9962.578000000001 9962.254000000003 9975.385 9976.42 9975.745 9969.832000000002 9978.571000000002 9979.093 9972.82 9971.65 9978.283000000001 9983.008000000002 9980.938000000002 9976.662999999999 9978.796 9981.928 9976.834 9976.834 9967.519000000002 9974.971000000001 9976.285000000002 9979.246000000001 9977.958999999999 9978.913 9981.523000000001 9985.411000000002 9984.655000000002 9987.121000000001 9985.249000000002 9982.423 9981.847000000002 9983.323000000002 9987.400000000001 9983.944000000003 9975.43 9971.263 9964.342 9960.994000000002 9963.217 9965.125 9974.224000000002 9983.431000000002 9980.983 9971.686 9973.225 9979.291000000003 9977.536 9978.841000000002 9968.806000000002 9963.613000000001 9981.307 9993.448 9998.281 10000.0 10000.0
10000.0 10000.0 9999.244 9999.244 9993.655 9982.369 9983.116000000002 9984.087999999998 9990.945999999996 9988.713999999994 9988.749999999996 9983.259999999997 9984.924999999997 9987.787 9988.723 9988.246 9987.255999999996 9988.911999999997 9987.138999999997 9985.365999999998 9986.616999999997 9989.028999999997 9987.417999999998 9987.417999999998 9983.205999999998 9985.284999999998 9985.977999999997 9986.616999999997 9985.941999999997 9986.553999999996 9988.767999999996 9990.504999999997 9990.504999999997 9990.504999999997 9990.261999999997 9987.849999999997 9987.075999999997 9987.849999999997 9990.513999999997 9987.966999999995 9983.853999999998 9982.998999999998 9980.587 9976.923999999999 9978.49 9982.035999999998 9985.239999999996 9986.652999999997 9986.013999999997 9986.310999999998 9983.403999999997 9987.237999999996 9983.142999999995 9984.627999999995 9981.630999999998 9978.336999999998 9986.959 9993.907 9999.235 10000.0 10000.0
10000.0 10000.0 9984.529 9972.649000000001 9878.40894117647 9747.028529411764 9761.265470588234 9741.330470588233 9773.856999999995 9817.272999999994 9831.609999999995 9817.461999999996 9892.676058823527 9855.072470588235 9780.237470588234 9783.522999999997 9819.981999999998 9823.545999999998 9824.185 9821.619999999997 9818.028999999999 9803.376999999997 9768.484 9796.923999999999 9707.851 9773.605 9801.342999999999 9721.548999999999 9800.298999999995 9793.827999999998 9733.140999999998 9858.483999999999 9883.603 9908.703999999998 9887.058999999997 9879.651999999996 9897.048999999995 9910.386999999997 9924.408999999998 9884.484999999997 9771.813999999997 9734.184999999998 9709.425999999998 9722.889999999998 9746.433999999997 9783.143941176468 9754.759529411762 9788.356529411762 9766.566999999997 9654.254941176467 9698.977529411759 9742.26647058823 9762.71552941176 9765.127529411762 9747.576999999997 9673.112058823528 9793.315529411764 9955.045 9985.249 10000.0 10000.0
10000.0 10000.0 9956.719000000001 9800.416000000001 9533.935 9409.762000000004 9354.583000000002 9227.349999999999 9440.848 9520.587999999998 9537.544 9661.249 9653.815 9558.613000000003 9552.268000000002 9549.369999999999 9598.204000000003 9636.346000000001 9571.393 9717.616000000002 9863.605 9761.275 9778.933 9759.682 9524.512 9547.993 9573.472000000002 9574.426 9599.329 9688.33 9603.352 9642.771999999999 9633.016 9748.396 9823.564 9837.478 9788.131 9698.599 9861.022 9751.689999999999 9616.033000000001 9592.155999999999 9428.725 9359.749 9436.843000000003 9515.62 9573.723999999998 8912.35 8985.619 9431.172999999999 9408.078999999998 9508.159 9557.919999999998 9481.698999999999 8633.53 8800.291 9702.685000000001 9853.579 9947.278 10000.0 10000.0
10000.0 10000.0 9998.677000000001 9998.677000000001 9989.389000000003 9972.718000000003 9972.418000000001 9974.113000000003 9984.142000000003 9985.096000000003 9985.447000000004 9982.486000000004 9982.927000000003 9983.578000000001 9983.176000000001 9977.824 9984.430000000004 9987.328000000001 9987.544000000002 9985.924 9988.012000000002 9989.821000000002 9983.188 9983.188 9974.179 9981.811 9981.973000000002 9988.012000000002 9987.364000000001 9987.823000000002 9987.832000000002 9990.433 9990.433 9990.433 9990.361000000003 9988.552000000003 9987.877000000002 9988.552000000003 9991.117000000002 9988.813000000004 9984.214000000002 9983.818000000003 9976.159000000001 9971.443000000003 9974.728000000001 9981.253000000002 9983.158000000001 9984.613000000001 9985.924 9985.096000000001 9981.655 9986.107000000002 9986.074 9983.677000000003 9977.347000000002 9970.048 9980.778999999999 9994.456000000002 9997.993 10000.0 10000.0
10000.0 10000.0 9995.788 9992.521 9986.401 9972.217000000002 9976.105000000001 9967.663000000002 9976.573 9988.687 9986.257 9988.876 9989.065 9990.928 9984.817000000001 9986.194000000001 9987.526 9981.775 9980.191 9987.391000000001 9986.617 9982.945 9978.193000000001 9981.604000000001 9971.533000000001 9976.069000000001 9980.191 9969.975999999999 9985.321 9985.932999999999 9968.275 9981.262 9984.889000000001 9990.658000000001 9988.795 9989.452000000001 9992.926 9993.196 9993.655 9988.885 9975.106 9972.460000000001 9970.876 9974.926 9978.355000000001 9984.475 9970.345000000001 9972.586 9969.598 9964.062999999998 9969.31 9972.586 9970.525000000001 9970.534 9973.72 9961.048000000003 9975.889 9993.439 9996.931 10000.0 10000.0
10000.0 10000.0 9999.433 9999.433 9998.353000000001 9992.296000000004 9990.001000000006 9988.138000000006 9987.949000000004 9987.922000000004 9989.947000000002 9992.485000000004 9994.618000000004 9994.645000000002 9993.295000000002 9990.793000000003 9993.619000000004 9995.185000000003 9994.510000000002 9993.970000000003 9994.024000000001 9994.375000000002 9994.600000000002 9994.600000000002 9992.800000000003 9993.466000000002 9993.358000000004 9995.374000000002 9994.186000000002 9994.294000000002 9994.834000000003 9995.833000000002 9994.699000000002 9995.158000000003 9992.485000000002 9992.593000000003 9993.619000000002 9994.618000000002 9995.833000000002 9995.266000000003 9994.699000000002 9994.969000000003 9993.385000000002 9993.574000000002 9994.033000000003 9996.400000000001 9994.033000000003 9992.899000000003 9993.970000000003 9992.269000000002 9990.658000000003 9991.144000000004 9992.170000000004 9991.657000000003 9990.064000000004 9991.873000000003 9994.429000000002 9998.326000000001 9999.433 10000.0 10000.0
10000.0 10000.0 10000.0 9999.379310344826 9995.811079544459 9993.621161058973 9994.210217165146 9993.873275396543 9992.742585896543 9991.656379155163 9992.394999689646 9993.855172103438 9995.28357516242 9994.841769509972 9994.5172413793 9994.181034482748 9995.887931034475 9996.198275862062 9993.881551724127 9993.861379310336 9994.485172413786 9994.333103448267 9995.27655172413 9995.273448275853 9994.038275862058 9994.658965517232 9994.643448275854 9994.32999999999 9993.859827586197 9994.807931034475 9995.428620534476 9995.267241224128 9995.894137775855 9995.568275862062 9995.414655172408 9996.322413793101 9995.877068965514 9995.717241379305 9996.97413793103 9996.514827586201 9995.58999984482 9994.492930879303 9993.557241224129 9993.557241379302 9994.032068810333 9994.01573487204 9993.692540679662 9992.150344672398 9991.69982743102 9992.920217630663 9991.349437386556 9992.914527975488 9992.590816541731 9992.594137620677 9990.292413637912 9989.81219585207 9995.166896551718 9997.352758620687 10000.0 9999.379310344826 9998.758620689652
10000.0 10000.0 9999.1 9992.800000000003 9967.60000000001 9944.200000000013 9933.40000000001 9940.60000000001 9943.300000000012 9933.40000000001 9937.000000000005 9960.400000000005 9977.500000000004 9966.700000000003 9965.800000000003 9967.600000000006 9976.600000000002 9981.100000000002 9974.800000000007 9970.300000000007 9976.600000000008 9972.100000000006 9976.600000000006 9972.100000000008 9961.300000000007 9956.800000000005 9966.700000000003 9969.400000000005 9962.200000000008 9958.600000000006 9972.100000000008 9975.700000000004 9990.100000000002 9987.400000000001 9988.300000000005 9983.800000000005 9989.200000000004 9990.100000000002 9991.0 9984.7 9979.300000000007 9981.100000000008 9981.100000000008 9977.500000000007 9982.900000000007 9979.300000000007 9982.000000000005 9977.500000000005 9963.100000000004 9964.000000000007 9964.900000000009 9973.900000000007 9961.300000000005 9964.000000000005 9969.400000000007 9964.900000000012 9968.500000000007 9982.900000000005 9993.7 9992.800000000001 9991.000000000002

H cap
9597.5 9303.5 9576.5 9730.5 9688.5 9699.0 9786.5 9853.0 9839.0 9786.5 9818.0 9902.0 9912.5 9933.5 9842.5 9786.5 9814.5 9839.0 9926.5 9926.5 9846.0 9814.5 9804.0 9835.5 9863.5 9863.5 9860.0 9891.5 9937.0 9902.0 9902.0 9902.0 9849.5 9874.0 9979.0 9958.0 9853.0 9755.0 9828.5 9849.5 9832.0 9874.0 9902.0 9870.5 9727.0 9772.5 9905.5 9867.0 9811.0 9839.0 9895.0 9650.0 9681.5 10000.0 10000.0 10000.0 10000.0 10000.0 10000.0 10000.0 10000.0
9956.5 9893.5 9916.5 9936.0 9904.5 9909.0 9924.0 9920.0 9932.0 9942.0 9933.0 9935.0 9933.0 9940.0 9932.5 9915.5 9929.0 9940.0 9936.0 9933.0 9925.5 9929.5 9927.0 9919.5 9922.5 9920.0 9935.0 9948.0 9945.0 9942.0 9940.0 9945.5 9948.5 9951.0 9950.0 9945.5 9931.0 9916.0 9918.0 9915.0 9920.0 9925.0 9907.5 9910.0 9881.0 9871.5 9903.0 9901.5 9893.5 9909.0 9922.5 9859.0 9905.0 10000.0 10000.0 10000.0 10000.0 10000.0 10000.0 10000.0 10000.0
9958.0 9912.5 9930.0 9954.5 9954.5 9954.5 9961.5 9965.0 9975.5 9968.5 9958.0 9979.0 9989.5 9989.5 9975.5 9965.0 9968.5 9968.5 9972.0 9975.5 9965.0 9965.0 9968.5 9968.5 9972.0 9968.5 9975.5 9986.0 9993.0 9993.0 9989.5 9986.0 9986.0 9986.0 9993.0 9989.5 9972.0 9961.5 9965.0 9972.0 9972.0 9972.0 9982.5 9986.0 9965.0 9958.0 9972.0 9972.0 9958.0 9968.5 9975.5 9940.5 9958.0 10000.0 10000.0 10000.0 10000.0 10000.0 10000.0 10000.0 10000.0
9748.5 9455.0 9574.5 9752.0 9751.5 9743.0 9813.5 9869.5 9887.0 9790.0 9742.5 9873.5 9904.0 9883.0 9850.5 9858.5 9811.0 9816.5 9859.0 9838.5 9736.5 9727.0 9772.0 9786.0 9838.5 9835.5 9891.5 9938.0 9939.5 9931.0 9931.5 9924.5 9927.0 9920.5 9931.5 9924.0 9875.5 9835.5 9833.5 9833.5 9878.5 9893.5 9870.5 9794.0 9676.5 9758.0 9889.0 9865.0 9816.5 9848.5 9845.5 9700.0 9798.5 10000.0 10000.0 10000.0 10000.0 10000.0 10000.0 10000.0 10000.0

