T P M C
61 37 4 12

base obj
1.3629720853858784

exp obj
2.8923838500917594

Objective struct
1.3629720853858784 0.0 1.529411764705881

num campaigns
637

x
0 0 0 0 1 0 0 0 1 0 0 0 1 0 0 0 1 0 0 0 1 0 0 0 1 0 0 0 1 0 0 0 1 0 0 0 1 0 0 0 1 0 0 0 0 0 1 0 0 0 0 1 0 0 0 1 0 0 0 0 0
0 0 0 0 1 0 0 0 0 1 0 0 0 0 1 0 0 0 0 1 0 0 0 0 1 0 0 0 0 1 0 0 0 0 1 0 0 0 0 0 1 0 0 0 0 1 0 0 0 0 1 0 0 0 0 1 0 0 0 0 0
0 0 0 0 1 0 0 0 1 0 0 0 1 0 0 0 1 0 0 0 0 0 1 0 0 0 1 0 0 0 1 0 0 0 1 0 0 0 0 1 0 0 0 1 0 0 0 1 0 0 0 1 0 0 0 1 0 0 0 0 0
0 0 0 0 1 0 0 0 0 1 0 0 0 0 1 0 0 0 0 1 0 0 0 0 1 0 0 0 0 1 0 0 0 0 1 0 0 0 0 1 0 0 0 0 1 0 0 0 0 1 0 0 0 0 0 1 0 0 0 0 0
0 0 0 0 1 0 0 1 0 0 1 0 0 1 0 0 0 0 0 1 0 0 1 0 0 1 0 0 1 0 0 1 0 0 1 0 0 1 0 0 1 0 0 1 0 0 1 0 0 1 0 0 1 0 0 1 0 0 0 0 0
0 0 0 0 1 0 0 0 0 1 0 0 0 0 1 0 0 0 0 1 0 0 0 0 1 0 0 0 0 1 0 0 0 0 1 0 0 0 0 0 1 0 0 0 0 1 0 0 0 0 1 0 0 0 0 1 0 0 0 0 0
0 0 0 0 1 0 0 0 0 1 0 0 0 0 1 0 0 0 0 1 0 0 0 0 0 1 0 0 0 0 1 0 0 0 0 1 0 0 0 0 1 0 0 0 0 1 0 0 0 0 1 0 0 0 0 1 0 0 0 0 0
0 0 0 0 1 0 0 0 0 0 0 0 0 0 0 0 0 0 0 0 0 1 0 0 0 0 0 0 0 0 0 0 0 0 0 0 0 0 1 0 0 0 0 0 0 0 0 0 0 0 0 0 0 0 0 1 0 0 0 0 0
0 0 0 0 1 0 0 0 0 0 0 0 0 0 0 0 0 0 0 0 0 0 0 0 0 0 0 0 0 0 0 0 0 0 0 0 0 0 0 0 0 0 0 0 0 0 0 0 0 0 0 0 0 0 0 1 0 0 0 0 0
0 0 0 0 1 0 1 0 1 0 1 0 1 0 1 0 1 0 1 0 1 0 1 0 1 0 1 0 1 0 1 0 1 0 1 0 1 0 1 0 1 0 1 0 1 0 1 0 1 0 1 0 1 0 0 1 0 0 0 0 0
0 0 0 0 1 0 0 0 0 0 0 0 0 0 0 0 1 0 0 0 0 0 0 0 0 0 0 0 0 1 0 0 0 0 0 0 0 0 0 0 0 0 1 0 0 0 0 0 0 0 0 0 0 0 0 1 0 0 0 0 0
0 0 0 0 1 0 0 0 0 0 0 0 0 0 0 0 0 0 0 0 0 1 0 0 0 0 0 0 0 0 0 0 0 0 0 0 0 0 1 0 0 0 0 0 0 0 0 0 0 0 0 0 0 0 0 1 0 0 0 0 0
0 0 0 0 1 0 0 0 0 1 0 0 0 0 1 0 0 0 0 1 0 0 0 0 1 0 0 0 0 1 0 0 0 0 1 0 0 0 0 1 0 0 0 0 1 0 0 0 0 1 0 0 0 0 0 1 0 0 0 0 0
0 0 0 0 1 0 0 0 0 1 0 0 0 0 1 0 0 0 0 1 0 0 0 0 1 0 0 0 0 0 1 0 0 0 0 1 0 0 0 0 1 0 0 0 0 1 0 0 0 0 1 0 0 0 0 1 0 0 0 0 0
0 0 0 0 1 0 0 0 0 0 0 0 1 0 0 0 0 0 0 0 1 0 0 0 0 0 0 0 1 0 0 0 0 0 0 0 1 0 0 0 0 0 0 0 1 0 0 0 0 0 0 0 0 0 0 1 0 0 0 0 0
0 0 0 0 1 0 0 0 0 0 0 0 0 0 0 0 0 0 0 0 0 0 0 0 0 0 0 0 0 0 0 0 0 0 0 0 0 0 0 0 0 0 0 0 0 0 0 0 0 0 0 0 0 0 0 0 0 0 0 0 0
0 0 0 0 1 0 0 0 0 0 0 0 0 0 1 0 0 0 0 0 0 0 0 0 1 0 0 0 0 0 0 0 0 0 1 0 0 0 0 0 0 0 0 0 1 0 0 0 0 0 0 0 0 0 0 1 0 0 0 0 0
0 0 0 0 1 0 0 0 0 0 0 0 0 0 0 0 0 0 0 0 0 0 0 0 0 0 0 0 0 1 0 0 0 0 0 0 0 0 0 0 0 0 0 0 0 0 0 0 0 0 0 0 0 0 0 1 0 0 0 0 0
0 0 0 0 1 0 1 0 1 0 1 0 1 0 1 0 1 0 1 0 0 1 0 1 0 1 0 1 0 1 0 1 0 1 0 1 0 1 0 1 0 1 0 1 0 1 0 0 0 1 0 1 0 1 0 1 0 0 0 0 0
0 0 0 0 1 0 0 0 0 0 0 0 0 0 0 0 0 0 0 0 0 0 0 0 0 0 0 0 0 0 0 0 0 0 0 0 0 0 0 0 0 0 0 0 0 0 0 0 0 0 0 0 0 0 0 1 0 0 0 0 0
0 0 0 0 1 0 0 0 0 1 0 0 0 0 0 1 0 0 0 0 1 0 0 0 0 1 0 0 0 0 1 0 0 0 0 1 0 0 0 0 1 0 0 0 0 1 0 0 0 0 1 0 0 0 0 1 0 0 0 0 0
0 0 0 0 1 0 0 0 0 0 0 0 0 0 1 0 0 0 0 0 0 0 0 0 0 1 0 0 0 0 0 0 0 0 0 1 0 0 0 0 0 0 0 0 0 1 0 0 0 0 0 0 0 0 0 1 0 0 0 0 0
0 0 0 0 1 0 0 0 0 0 0 0 0 0 0 0 0 0 0 0 0 1 0 0 0 0 0 0 0 0 0 0 0 0 0 0 0 0 1 0 0 0 0 0 0 0 0 0 0 0 0 0 0 0 0 1 0 0 0 0 0
0 0 0 0 0 1 0 0 0 0 0 1 0 0 0 0 0 1 0 0 0 0 0 1 0 0 0 0 0 1 0 0 0 0 0 1 0 0 0 0 0 0 1 0 0 0 0 0 0 1 0 0 0 0 0 1 0 0 0 0 0
0 0 0 0 1 0 0 0 0 0 0 0 0 0 1 0 0 0 0 0 0 0 0 0 1 0 0 0 0 0 0 0 0 0 0 1 0 0 0 0 0 0 0 0 0 1 0 0 0 0 0 0 0 0 0 1 0 0 0 0 0
0 0 0 0 1 0 0 0 0 0 0 1 0 0 0 0 0 0 0 0 1 0 0 0 0 0 0 1 0 0 0 0 0 0 1 0 0 0 0 0 0 1 0 0 0 0 0 0 1 0 0 0 0 0 0 1 0 0 0 0 0
0 0 0 0 1 0 0 0 0 0 1 0 0 0 0 0 1 0 0 0 0 0 1 0 0 0 0 0 1 0 0 0 0 0 0 1 0 0 0 0 0 0 0 1 0 0 0 0 0 1 0 0 0 0 0 1 0 0 0 0 0
0 0 0 0 1 0 0 0 0 0 0 0 0 0 0 0 0 0 0 0 0 0 0 0 0 0 0 0 0 0 0 0 0 0 0 0 0 0 0 0 0 0 0 0 0 0 0 0 0 0 0 0 0 0 0 1 0 0 0 0 0
0 0 0 0 1 0 0 1 0 0 1 0 0 1 0 0 1 0 0 1 0 0 1 0 0 1 0 0 1 0 0 1 0 0 1 0 0 1 0 0 1 0 0 1 0 0 1 0 0 1 0 0 1 0 0 1 0 0 0 0 0
0 0 0 0 1 1 1 1 1 1 1 1 1 1 1 1 1 1 1 1 1 1 1 1 1 1 1 1 1 1 1 1 1 1 1 1 1 1 1 1 1 1 1 1 1 1 1 1 1 1 1 1 1 1 1 1 0 0 0 0 0
0 0 0 0 1 1 1 1 1 1 1 1 1 1 1 1 1 1 1 1 1 1 1 1 1 1 1 1 1 1 1 1 1 1 1 1 1 1 1 1 1 1 1 1 1 1 1 1 1 1 1 1 1 1 1 1 0 0 0 0 0
0 0 0 0 1 1 1 1 1 1 1 1 1 1 1 1 1 1 1 1 1 1 1 1 1 1 1 1 1 1 1 1 1 1 1 1 1 1 1 1 1 1 1 1 1 1 1 1 1 1 1 1 1 1 1 1 0 0 0 0 0
0 0 0 0 1 1 1 1 1 1 1 1 1 1 1 1 1 1 1 1 1 1 1 1 1 1 1 1 1 1 1 1 1 1 1 1 1 1 1 1 1 1 1 1 1 1 1 1 1 1 1 1 1 1 1 1 0 0 0 0 0
0 0 0 0 1 1 1 1 1 1 1 1 1 1 1 1 1 1 1 1 1 1 1 1 1 1 1 1 1 1 1 1 1 1 1 1 1 1 1 1 1 1 1 1 1 1 1 1 1 1 1 1 1 1 1 1 0 0 0 0 0
0 0 0 0 1 1 1 1 1 1 1 1 1 1 1 1 1 1 1 1 1 1 1 1 1 1 1 1 1 1 1 1 1 1 1 1 1 1 1 1 1 1 1 1 1 1 1 1 1 1 1 1 1 1 1 1 0 0 0 0 0
0 0 0 0 1 1 1 1 1 1 1 1 1 1 1 1 1 1 1 1 1 1 1 1 1 1 1 1 1 1 1 1 1 1 1 1 1 1 1 1 1 1 1 1 1 1 1 1 1 1 1 1 1 1 1 1 0 0 0 0 0
0 0 0 0 1 0 0 0 0 0 0 0 0 0 1 0 0 0 0 0 0 0 0 0 0 1 0 0 0 0 0 0 0 0 0 1 0 0 0 0 0 0 0 0 0 1 0 0 0 0 0 0 0 0 0 1 0 0 0 0 0

y
0.0 0.3636363636363633 0.0 0.0 0.0 0.3636363636363633 0.3636363636363633 0.0 0.0 0.1785714285714286 0.0 0.0 0.3636363636363633 0.0 0.0 0.0 0.0 0.0 0.0 0.0 0.3636363636363633 0.0 0.0 0.33333333333333304 0.0 0.0 0.33333333333333304 0.0 0.4500000000000002 0.0 0.0 0.0 0.5048543689320388 0.0 0.0 0.0 0.0

k
0 1 0 0 0 1 1 0 0 3 0 0 1 0 0 0 0 0 0 0 1 0 0 1 0 0 1 0 3 0 0 0 52 0 0 0 0

f
0.0 0.0 0.0 0.0 0.0 0.0 0.0 0.0 0.0 0.0 0.0 0.0 0.0 0.0 0.0 0.0 0.0 0.0 0.0 0.0 0.0 0.0 0.0 0.0 0.0 0.0 0.0 0.0 0.0 0.0 0.0 0.0 0.0 0.0 0.0 0.0 0.0 0.0 0.0 0.0 0.0 0.0 0.0 0.0 0.0 0.0 0.0 0.0 0.0 0.0 0.0 0.0 0.0 0.0 0.0 0.0 0.0 0.0 0.0 0.0 0.0
0.0 0.0 0.0 0.0 0.0 0.0 0.0 0.0 0.0 0.0 0.0 0.0 0.0 0.0 0.0 0.0 0.0 0.0 0.0 0.0 0.0 0.0 0.0 0.0 0.0 0.0 0.0 0.0 0.0 0.0 0.0 0.0 0.0 0.0 0.0 0.0 0.0 0.0 0.0 0.0 0.0 0.0 0.0 0.0 0.0 0.0 0.0 0.0 0.0 0.0 0.0 0.0 0.0 0.0 0.0 0.0 0.0 0.0 0.0 0.0 0.0
0.0 0.0 0.0 0.0 0.0 0.0 0.0 0.0 0.0 0.0 0.0 0.0 0.0 0.0 0.0 0.0 0.0 0.0 0.0 0.0 0.0 0.0 0.0 0.0 0.0 0.0 0.0 0.0 0.0 0.0 0.0 0.0 0.0 0.0 0.0 0.0 0.0 0.0 0.0 0.0 0.0 0.0 0.0 0.0 0.0 0.0 0.0 0.0 0.0 0.0 0.0 0.0 0.0 0.0 0.0 0.0 0.0 0.0 0.0 0.0 0.0
0.0 0.0 0.0 0.0 0.0 0.0 0.0 0.0 0.0 0.0 0.0 0.0 0.0 0.0 0.0 0.0 0.0 0.0 0.0 0.0 0.0 0.0 0.0 0.0 0.0 0.0 0.0 0.0 0.0 0.0 0.0 0.0 0.0 0.0 0.0 0.0 0.0 0.0 0.0 0.0 0.0 0.0 0.0 0.0 0.0 0.0 0.0 0.0 0.0 0.0 0.0 0.0 0.0 0.0 0.0 0.0 0.0 0.0 0.0 0.0 0.0

L
4 5 4 5 3 5 5 17 51 2 12 17 5 5 8 0 10 25 2 51 5 10 17 6 10 7 6 51 3 1 1 1 1 1 1 1 10

g
0 0 0 0 0 0 0 0 0 0 0 0 0 0 0 0 0 0 0 0 0 0 0 0 0 0 0 0 0 0 0 0 0 0 0 0 0 0 0 0 0 0 0 0 0 0 0 0 0 0 0 0 0 0 0 0 0 0 0 0 0
0 0 0 0 0 0 0 0 0 0 0 0 0 0 0 0 0 0 0 0 0 0 0 0 0 0 0 0 0 0 0 0 0 0 0 0 0 0 0 0 0 0 0 0 0 0 0 0 0 0 0 0 0 0 0 0 0 0 0 0 0
0 0 0 0 0 0 0 0 0 0 0 0 0 0 0 0 0 0 0 0 0 0 0 0 0 0 0 0 0 0 0 0 0 0 0 0 0 0 0 0 0 0 0 0 0 0 0 0 0 0 0 0 0 0 0 0 0 0 0 0 0
0 0 0 0 0 0 0 0 0 0 0 0 0 0 0 0 0 0 0 0 0 0 0 0 0 0 0 0 0 0 0 0 0 0 0 0 0 0 0 0 0 0 0 0 0 0 0 0 0 0 0 0 0 0 0 0 0 0 0 0 0
0 0 0 0 0 0 0 0 0 0 0 0 0 0 0 0 0 0 0 0 0 0 0 0 0 0 0 0 0 0 0 0 0 0 0 0 0 0 0 0 0 0 0 0 0 0 0 0 0 0 0 0 0 0 0 0 0 0 0 0 0
0 0 0 0 0 0 0 0 0 0 0 0 0 0 0 0 0 0 0 0 0 0 0 0 0 0 0 0 0 0 0 0 0 0 0 0 0 0 0 0 0 0 0 0 0 0 0 0 0 0 0 0 0 0 0 0 0 0 0 0 0
0 0 0 0 0 0 0 0 0 0 0 0 0 0 0 0 0 0 0 0 0 0 0 0 0 0 0 0 0 0 0 0 0 0 0 0 0 0 0 0 0 0 0 0 0 0 0 0 0 0 0 0 0 0 0 0 0 0 0 0 0
0 0 0 0 0 0 0 0 0 0 0 0 0 0 0 0 0 0 0 0 0 0 0 0 0 0 0 0 0 0 0 0 0 0 0 0 0 0 0 0 0 0 0 0 0 0 0 0 0 0 0 0 0 0 0 0 0 0 0 0 0
0 0 0 0 0 0 0 0 0 0 0 0 0 0 0 0 0 0 0 0 0 0 0 0 0 0 0 0 0 0 0 0 0 0 0 0 0 0 0 0 0 0 0 0 0 0 0 0 0 0 0 0 0 0 0 0 0 0 0 0 0
0 0 0 0 0 0 0 0 0 0 0 0 0 0 0 0 0 0 0 0 0 0 0 0 0 0 0 0 0 0 0 0 0 0 0 0 0 0 0 0 0 0 0 0 0 0 0 0 0 0 0 0 0 0 0 0 0 0 0 0 0
0 0 0 0 0 0 0 0 0 0 0 0 0 0 0 0 0 0 0 0 0 0 0 0 0 0 0 0 0 0 0 0 0 0 0 0 0 0 0 0 0 0 0 0 0 0 0 0 0 0 0 0 0 0 0 0 0 0 0 0 0
0 0 0 0 0 0 0 0 0 0 0 0 0 0 0 0 0 0 0 0 0 0 0 0 0 0 0 0 0 0 0 0 0 0 0 0 0 0 0 0 0 0 0 0 0 0 0 0 0 0 0 0 0 0 0 0 0 0 0 0 0
0 0 0 0 0 0 0 0 0 0 0 0 0 0 0 0 0 0 0 0 0 0 0 0 0 0 0 0 0 0 0 0 0 0 0 0 0 0 0 0 0 0 0 0 0 0 0 0 0 0 0 0 0 0 0 0 0 0 0 0 0
0 0 0 0 0 0 0 0 0 0 0 0 0 0 0 0 0 0 0 0 0 0 0 0 0 0 0 0 0 0 0 0 0 0 0 0 0 0 0 0 0 0 0 0 0 0 0 0 0 0 0 0 0 0 0 0 0 0 0 0 0
0 0 0 0 0 0 0 0 0 0 0 0 0 0 0 0 0 0 0 0 0 0 0 0 0 0 0 0 0 0 0 0 0 0 0 0 0 0 0 0 0 0 0 0 0 0 0 0 0 0 0 0 0 0 0 0 0 0 0 0 0
0 0 0 0 0 0 0 0 0 0 0 0 0 0 0 0 0 0 0 0 0 0 0 0 0 0 0 0 0 0 0 0 0 0 0 0 0 0 0 0 0 0 0 0 0 0 0 0 0 0 0 0 0 0 0 0 0 0 0 0 0
0 0 0 0 0 0 0 0 0 0 0 0 0 0 0 0 0 0 0 0 0 0 0 0 0 0 0 0 0 0 0 0 0 0 0 0 0 0 0 0 0 0 0 0 0 0 0 0 0 0 0 0 0 0 0 0 0 0 0 0 0
0 0 0 0 0 0 0 0 0 0 0 0 0 0 0 0 0 0 0 0 0 0 0 0 0 0 0 0 0 0 0 0 0 0 0 0 0 0 0 0 0 0 0 0 0 0 0 0 0 0 0 0 0 0 0 0 0 0 0 0 0
0 0 0 0 0 0 0 0 0 0 0 0 0 0 0 0 0 0 0 0 0 0 0 0 0 0 0 0 0 0 0 0 0 0 0 0 0 0 0 0 0 0 0 0 0 0 0 0 0 0 0 0 0 0 0 0 0 0 0 0 0
0 0 0 0 0 0 0 0 0 0 0 0 0 0 0 0 0 0 0 0 0 0 0 0 0 0 0 0 0 0 0 0 0 0 0 0 0 0 0 0 0 0 0 0 0 0 0 0 0 0 0 0 0 0 0 0 0 0 0 0 0
0 0 0 0 0 0 0 0 0 0 0 0 0 0 0 0 0 0 0 0 0 0 0 0 0 0 0 0 0 0 0 0 0 0 0 0 0 0 0 0 0 0 0 0 0 0 0 0 0 0 0 0 0 0 0 0 0 0 0 0 0
0 0 0 0 0 0 0 0 0 0 0 0 0 0 0 0 0 0 0 0 0 0 0 0 0 0 0 0 0 0 0 0 0 0 0 0 0 0 0 0 0 0 0 0 0 0 0 0 0 0 0 0 0 0 0 0 0 0 0 0 0
0 0 0 0 0 0 0 0 0 0 0 0 0 0 0 0 0 0 0 0 0 0 0 0 0 0 0 0 0 0 0 0 0 0 0 0 0 0 0 0 0 0 0 0 0 0 0 0 0 0 0 0 0 0 0 0 0 0 0 0 0
0 0 0 0 0 0 0 0 0 0 0 0 0 0 0 0 0 0 0 0 0 0 0 0 0 0 0 0 0 0 0 0 0 0 0 0 0 0 0 0 0 0 0 0 0 0 0 0 0 0 0 0 0 0 0 0 0 0 0 0 0
0 0 0 0 0 0 0 0 0 0 0 0 0 0 0 0 0 0 0 0 0 0 0 0 0 0 0 0 0 0 0 0 0 0 0 0 0 0 0 0 0 0 0 0 0 0 0 0 0 0 0 0 0 0 0 0 0 0 0 0 0
0 0 0 0 0 0 0 0 0 0 0 0 0 0 0 0 0 0 0 0 0 0 0 0 0 0 0 0 0 0 0 0 0 0 0 0 0 0 0 0 0 0 0 0 0 0 0 0 0 0 0 0 0 0 0 0 0 0 0 0 0
0 0 0 0 0 0 0 0 0 0 0 0 0 0 0 0 0 0 0 0 0 0 0 0 0 0 0 0 0 0 0 0 0 0 0 0 0 0 0 0 0 0 0 0 0 0 0 0 0 0 0 0 0 0 0 0 0 0 0 0 0
0 0 0 0 0 0 0 0 0 0 0 0 0 0 0 0 0 0 0 0 0 0 0 0 0 0 0 0 0 0 0 0 0 0 0 0 0 0 0 0 0 0 0 0 0 0 0 0 0 0 0 0 0 0 0 0 0 0 0 0 0
0 0 0 0 0 0 0 0 0 0 0 0 0 0 0 0 0 0 0 0 0 0 0 0 0 0 0 0 0 0 0 0 0 0 0 0 0 0 0 0 0 0 0 0 0 0 0 0 0 0 0 0 0 0 0 0 0 0 0 0 0
0 0 0 0 0 0 0 0 0 0 0 0 0 0 0 0 0 0 0 0 0 0 0 0 0 0 0 0 0 0 0 0 0 0 0 0 0 0 0 0 0 0 0 0 0 0 0 0 0 0 0 0 0 0 0 0 0 0 0 0 0
0 0 0 0 0 0 0 0 0 0 0 0 0 0 0 0 0 0 0 0 0 0 0 0 0 0 0 0 0 0 0 0 0 0 0 0 0 0 0 0 0 0 0 0 0 0 0 0 0 0 0 0 0 0 0 0 0 0 0 0 0
0 0 0 0 0 0 0 0 0 0 0 0 0 0 0 0 0 0 0 0 0 0 0 0 0 0 0 0 0 0 0 0 0 0 0 0 0 0 0 0 0 0 0 0 0 0 0 0 0 0 0 0 0 0 0 0 0 0 0 0 0
0 0 0 0 0 0 0 0 0 0 0 0 0 0 0 0 0 0 0 0 0 0 0 0 0 0 0 0 0 0 0 0 0 0 0 0 0 0 0 0 0 0 0 0 0 0 0 0 0 0 0 0 0 0 0 0 0 0 0 0 0
0 0 0 0 0 0 0 0 0 0 0 0 0 0 0 0 0 0 0 0 0 0 0 0 0 0 0 0 0 0 0 0 0 0 0 0 0 0 0 0 0 0 0 0 0 0 0 0 0 0 0 0 0 0 0 0 0 0 0 0 0
0 0 0 0 0 0 0 0 0 0 0 0 0 0 0 0 0 0 0 0 0 0 0 0 0 0 0 0 0 0 0 0 0 0 0 0 0 0 0 0 0 0 0 0 0 0 0 0 0 0 0 0 0 0 0 0 0 0 0 0 0
0 0 0 0 0 0 0 0 0 0 0 0 0 0 0 0 0 0 0 0 0 0 0 0 0 0 0 0 0 0 0 0 0 0 0 0 0 0 0 0 0 0 0 0 0 0 0 0 0 0 0 0 0 0 0 0 0 0 0 0 0
0 0 0 0 0 0 0 0 0 0 0 0 0 0 0 0 0 0 0 0 0 0 0 0 0 0 0 0 0 0 0 0 0 0 0 0 0 0 0 0 0 0 0 0 0 0 0 0 0 0 0 0 0 0 0 0 0 0 0 0 0

I cap
10000.0 10000.0 9816.706 9719.056 8583.94 9100.378000000002 9111.286000000002 9628.174 9719.974 9236.602 9396.928000000002 9395.758 9494.506 9534.304 9025.93 9441.496000000001 9482.320000000002 9687.268000000002 9594.982000000002 9182.710000000001 9427.078000000001 9433.18 9369.316 9500.77 9227.656 9471.646000000002 9418.978 9357.256 9430.372000000001 9188.236 9377.614000000001 9486.136 9697.258000000002 9772.084 9108.514 9082.504 9237.718 9535.618000000002 9639.801999999998 9371.800000000001 9324.082000000002 9440.740000000002 9574.372000000001 9490.42 9408.663999999999 9171.964000000002 9507.7 9512.578000000001 9600.759999999998 9259.552000000001 9328.474 9573.94 9647.11 9543.556 9636.742 8654.5 9127.720000000003 9246.952000000003 9790.498000000001 10000.0 10000.0
10000.0 10000.0 9962.434000000001 9951.184000000001 9744.49 9812.331999999999 9823.023999999998 9925.426 9966.826000000001 9913.798 9928.972 9935.542 9955.594 9954.496000000001 9897.58 9921.214 9898.39 9932.032 9934.318 9885.79 9903.322 9854.019999999999 9897.184000000001 9900.730000000001 9890.344 9918.064 9924.832 9932.554 9953.127999999999 9894.663999999999 9901.486 9910.864 9963.442 9969.616 9915.886 9895.906 9883.792 9914.392 9883.198 9869.5 9872.218000000003 9901.359999999999 9939.627999999999 9926.38 9901.035999999998 9904.546 9933.31 9942.832 9957.34 9913.347999999998 9929.026000000002 9939.16 9962.29 9923.284 9948.898000000001 9745.93 9812.89 9849.357999999998 9954.802 10000.0 10000.0
10000.0 10000.0 9977.56 9966.1525 9954.5725 9969.0925 9962.792500000001 9993.7 9987.400000000001 9980.5 9974.2 9980.5 9987.400000000001 9993.7 9987.400000000001 9980.5 9974.2 9980.5 9987.400000000001 9993.7 9980.5 9980.5 9980.5 9987.400000000001 9993.7 9974.2 9980.5 9974.2 9982.292500000001 9975.992500000002 9969.0925 9962.792500000001 9980.5 9987.400000000001 9993.7 9974.2 9980.5 9974.2 9993.7 9987.400000000001 9980.5 9974.2 9980.5 9987.400000000001 9993.7 9974.2 9980.5 9980.5 10000.0 9993.7 9980.5 9974.2 9980.5 9964.960000000001 9959.8525 9948.272500000001 9969.0925 9969.0925 10000.0 10000.0 10000.0
10000.0 10000.0 9998.11 9990.109000000002 9963.469000000001 9966.736 9968.302000000001 9982.324000000002 9982.090000000002 9975.483999999999 9979.480000000001 9980.722000000002 9979.534000000001 9980.515000000001 9970.381000000001 9976.465000000002 9973.675000000001 9977.959 9979.552000000003 9977.563 9982.63 9980.074 9977.833000000002 9975.574000000002 9973.702 9976.843 9974.377000000002 9973.441000000003 9981.010000000002 9977.104 9978.400000000001 9979.102 9981.694000000001 9984.295000000002 9976.681 9971.605000000001 9971.272 9974.116000000002 9982.297000000002 9975.466000000002 9976.473999999998 9979.048 9984.592 9979.993000000002 9976.321 9970.561000000002 9977.77 9974.278000000002 9981.118 9976.789000000002 9980.686 9978.085000000001 9980.623 9979.183000000003 9984.187000000004 9968.824 9977.446 9982.252 9997.084 10000.0 10000.0
10000.0 10000.0 9999.244 9998.659 9986.248 9985.905999999999 9983.997999999998 9988.641999999996 9987.714999999997 9983.520999999997 9987.012999999997 9989.154999999997 9987.138999999997 9986.832999999997 9982.476999999997 9987.354999999998 9985.338999999998 9986.256999999998 9987.588999999996 9985.851999999997 9988.983999999999 9987.957999999999 9986.013999999997 9985.707999999997 9983.889999999996 9987.480999999998 9985.212999999998 9984.330999999998 9987.714999999997 9986.544999999996 9987.012999999997 9986.130999999998 9987.138999999997 9989.856999999996 9984.276999999996 9984.330999999998 9984.771999999999 9986.913999999999 9988.677999999998 9984.159999999996 9984.951999999997 9986.355999999996 9989.613999999998 9986.931999999997 9985.005999999998 9984.555999999997 9987.750999999998 9985.068999999998 9986.589999999998 9985.158999999996 9989.037999999997 9986.868999999997 9986.526999999998 9986.175999999998 9990.054999999997 9981.162999999999 9986.536 9991.108 9998.722 10000.0 10000.0
10000.0 10000.0 9984.529 9912.455941176471 9745.677470588233 9649.431999999999 9765.990999999998 9849.384999999997 9817.39 9862.902999999995 9821.340999999997 9775.908999999998 9858.735999999999 9836.316999999997 9740.556999999999 9778.023999999998 9780.264999999996 9796.122999999998 9853.516 9827.244999999995 9796.617999999999 9866.502999999997 9839.691999999997 9776.142999999998 9829.530999999997 9761.877999999997 9735.840999999999 9845.748999999998 9832.059999999998 9771.138999999997 9841.590999999999 9826.812999999995 9823.815999999999 9886.212999999998 9804.456999999997 9690.237999999998 9785.034999999998 9807.858999999999 9816.175 9848.430999999997 9842.157999999996 9802.449999999997 9886.464999999998 9836.172999999997 9741.663999999999 9754.137999999999 9784.467999999997 9778.644999999999 9892.629999999997 9820.440999999995 9793.170999999998 9852.849999999997 9859.131999999996 9802.431999999999 9902.511999999999 9799.148058823526 9734.005529411765 9885.295 9985.249 10000.0 10000.0
10000.0 10000.0 9956.719000000001 9804.664 9445.69 9475.210000000001 9560.836000000001 9772.246 9734.185 9665.542000000001 9686.089 9698.886999999999 9734.68 9733.231 9546.976000000002 9681.58 9646.921 9695.962 9727.426 9665.506000000001 9710.137 9738.072999999999 9692.209000000003 9637.822 9620.164 9684.757 9611.812 9699.643000000002 9726.832 9635.221 9691.219 9696.097 9736.903 9825.436 9619.696000000002 9562.816 9617.779 9703.432 9741.726999999999 9661.69 9648.280000000002 9690.723999999998 9807.139000000001 9737.893 9602.173 9588.034 9693.109 9664.417 9774.955000000002 9674.416 9689.23 9721.314999999999 9739.567000000001 9697.555 9767.08 9555.265000000001 9630.235 9719.452000000001 9933.427 10000.0 10000.0
10000.0 10000.0 9998.677000000001 9995.887000000002 9973.123000000001 9974.899000000001 9975.538000000004 9988.021000000002 9988.984000000002 9983.755000000001 9987.166000000003 9988.705000000002 9987.544000000002 9988.255000000001 9976.906000000003 9981.505000000001 9980.344000000001 9986.815 9988.606000000003 9984.889000000003 9988.597000000002 9985.438 9984.466000000004 9985.177000000003 9983.800000000003 9981.883 9979.966000000002 9979.237000000001 9988.984000000002 9986.023000000001 9987.166000000003 9986.437000000002 9987.544000000002 9990.523000000001 9984.106000000003 9979.237000000001 9979.588000000002 9981.127 9986.770000000002 9984.016000000003 9982.945000000003 9986.590000000002 9989.542000000001 9987.463000000002 9987.094000000001 9978.823000000002 9982.153 9980.074 9987.274000000001 9986.716000000002 9988.102000000003 9987.274000000001 9987.085000000001 9986.140000000003 9988.390000000003 9970.813 9979.519 9984.556000000002 9997.309000000001 10000.0 10000.0
10000.0 10000.0 9995.788 9989.614 9972.046000000002 9958.186 9975.223000000002 9985.816 9982.126 9993.925000000001 9983.854 9975.214 9986.023000000001 9985.339 9973.711000000001 9979.714 9979.57 9978.94 9985.879 9984.853000000001 9977.599 9989.659 9983.368 9973.792000000001 9984.943000000001 9977.922999999999 9971.983 9989.533000000001 9982.189 9974.998000000001 9986.554 9986.212 9983.26 9993.466 9981.991 9966.016 9977.068000000001 9979.408000000001 9978.778 9989.452000000001 9988.12 9981.946 9990.874 9984.313 9969.742 9974.980000000001 9978.463 9977.932 9994.6 9986.446 9978.265000000001 9989.821 9989.280999999999 9979.048 9989.254 9975.826000000001 9965.791 9983.458 9996.076000000001 10000.0 10000.0
10000.0 10000.0 9999.433 9997.489000000001 9991.783000000003 9990.631000000003 9990.712000000005 9995.266000000003 9994.510000000002 9993.970000000003 9993.457000000002 9993.808000000003 9995.644000000002 9994.510000000002 9991.792000000005 9991.657000000003 9992.386000000002 9995.644000000002 9994.132000000003 9993.592000000004 9993.835000000001 9993.295000000002 9994.618000000004 9993.484000000004 9993.970000000003 9992.035000000002 9992.008000000003 9993.466000000004 9994.510000000002 9993.970000000003 9993.457000000002 9993.808000000003 9995.644000000002 9994.510000000002 9993.592000000004 9991.657000000003 9992.386000000002 9993.844000000003 9994.375000000004 9992.485000000004 9992.971000000003 9994.186000000002 9995.374000000002 9995.833000000002 9993.700000000003 9992.008000000003 9992.386000000002 9993.385000000002 9995.833000000002 9993.133000000003 9993.808000000003 9994.186000000002 9995.185000000001 9995.266000000003 9993.322000000004 9989.983000000004 9992.431000000002 9994.879000000003 9999.433 10000.0 10000.0
10000.0 10000.0 10000.0 9999.362976406534 9993.849999534476 9992.632413482748 9994.171723827578 9996.514827586201 9995.74362068965 9993.23448275861 9995.102758465511 9995.878620534477 9995.43327570689 9995.124482758614 9994.1748275862 9994.631034482749 9994.797068810338 9995.11827570689 9996.043103293097 9994.637241379301 9994.803275862063 9994.792413793097 9995.121379155165 9995.894137775855 9994.790861913785 9993.861379310336 9994.792413793097 9995.577586206888 9995.74982743103 9993.557241224129 9994.168620534474 9995.257931034475 9996.053965517236 9995.422413793096 9994.48206896551 9994.326896396542 9994.797068810338 9995.124482603442 9995.431724137925 9994.33620689654 9994.79706896551 9995.102758620684 9995.406896551718 9995.583792948268 9994.65896536206 9994.326896396542 9994.800172413787 9994.792413793097 9995.732758620683 9994.652758465507 9995.56827570689 9995.101206741372 9995.41310344827 9995.738965517236 9996.508620689649 9993.530126576215 9994.850344517234 9996.728965206892 10000.0 10000.0 9998.448275862065
10000.0 10000.0 9999.1 9991.000000000004 9944.200000000012 9950.500000000007 9957.700000000008 9988.300000000003 9984.700000000006 9950.500000000007 9981.100000000006 9980.200000000004 9982.000000000005 9980.200000000004 9956.800000000005 9971.200000000004 9967.600000000008 9982.000000000005 9984.700000000004 9956.800000000003 9978.400000000007 9974.800000000005 9976.600000000008 9979.300000000005 9960.400000000003 9964.900000000005 9969.400000000007 9982.000000000005 9982.000000000007 9961.300000000007 9962.200000000006 9979.300000000005 9986.500000000004 9989.200000000004 9968.500000000007 9958.600000000006 9965.800000000007 9970.300000000003 9980.200000000006 9970.300000000007 9957.700000000006 9981.100000000006 9982.000000000004 9982.000000000005 9973.000000000005 9959.500000000004 9970.300000000007 9974.800000000005 9986.500000000005 9974.800000000007 9957.700000000004 9980.200000000004 9984.700000000004 9990.100000000004 9984.700000000004 9935.20000000001 9951.400000000007 9959.500000000007 9996.400000000001 9995.500000000002 9971.2

H cap
9408.5 9398.0 9968.5 9958.0 9895.0 9814.5 9839.0 9930.0 9853.0 9842.5 9811.0 9821.5 9867.0 9867.0 9968.5 9867.0 9762.0 9765.5 9832.0 9919.5 9814.5 9748.0 9891.5 9968.5 9835.5 9699.0 9811.0 9926.5 9905.5 9926.5 9856.5 9762.0 9779.5 9853.0 9860.0 9860.0 9793.5 9814.5 9958.0 9909.0 9856.5 9769.0 9769.0 9905.5 9979.0 9919.5 9828.5 9825.0 9895.0 9958.0 9989.5 9433.0 9433.0 10000.0 10000.0 10000.0 10000.0 10000.0 10000.0 10000.0 10000.0
9907.0 9886.0 9953.0 9946.0 9938.5 9926.0 9923.5 9943.0 9940.5 9933.5 9916.5 9923.5 9935.5 9935.5 9953.0 9926.5 9916.5 9936.0 9933.5 9940.5 9925.5 9911.5 9936.5 9950.5 9933.0 9918.5 9929.0 9936.5 9941.0 9948.0 9926.0 9911.0 9928.0 9936.0 9939.0 9936.0 9919.0 9929.0 9951.0 9938.5 9923.0 9918.5 9924.0 9938.5 9950.5 9935.5 9923.5 9933.5 9938.5 9946.0 9958.0 9889.0 9910.0 10000.0 10000.0 10000.0 10000.0 10000.0 10000.0 10000.0 10000.0
9923.0 9919.5 9989.5 9986.0 9979.0 9975.5 9972.0 9975.5 9975.5 9975.5 9965.0 9972.0 9975.5 9972.0 9989.5 9975.5 9968.5 9975.5 9972.0 9975.5 9972.0 9961.5 9975.5 9986.0 9972.0 9954.5 9968.5 9982.5 9982.5 9989.5 9965.0 9951.0 9972.0 9979.0 9979.0 9975.5 9968.5 9975.5 9982.5 9972.0 9965.0 9968.5 9972.0 9982.5 9989.5 9968.5 9968.5 9982.5 9979.0 9986.0 9996.5 9923.0 9923.0 10000.0 10000.0 10000.0 10000.0 10000.0 10000.0 10000.0 10000.0
9531.0 9497.0 9943.5 9946.0 9912.5 9860.5 9864.5 9909.5 9871.5 9878.5 9703.0 9721.0 9901.0 9880.5 9943.5 9876.0 9814.5 9849.5 9873.0 9903.0 9794.5 9677.5 9815.5 9951.5 9876.5 9801.5 9852.5 9911.0 9923.5 9944.5 9863.0 9652.5 9700.0 9889.5 9892.5 9885.0 9839.5 9863.5 9936.5 9900.5 9856.5 9687.0 9713.5 9915.0 9954.0 9892.0 9841.0 9878.0 9912.5 9946.0 9976.5 9519.5 9530.0 10000.0 10000.0 10000.0 10000.0 10000.0 10000.0 10000.0 10000.0

