T P M C
22 37 4 12

base obj
0.0

exp obj
18.08333333333333

Objective struct
0.0 0.0 18.08333333333333

num campaigns
187

x
0 0 0 0 1 1 0 0 0 0 1 0 0 1 0 0 0 0 0 0 0 0
0 0 0 0 0 1 0 0 1 0 0 0 0 1 0 0 0 0 0 0 0 0
0 0 0 0 1 0 1 0 0 0 1 0 0 0 0 0 1 0 0 0 0 0
0 0 0 0 0 1 0 0 1 0 0 0 0 1 0 0 0 0 0 0 0 0
0 0 0 0 1 1 0 1 1 0 0 0 0 0 1 0 0 0 0 0 0 0
0 0 0 0 0 1 0 0 1 0 0 0 0 1 0 0 0 0 0 0 0 0
0 0 0 0 0 1 0 0 1 0 0 0 0 1 0 0 0 0 0 0 0 0
0 0 0 0 1 0 0 0 0 0 0 0 0 0 0 0 0 0 0 0 0 0
0 0 0 0 0 0 0 0 0 0 0 0 0 1 0 0 0 0 0 0 0 0
0 0 0 0 1 0 1 0 1 0 0 0 1 1 1 1 1 0 0 0 0 0
0 0 0 0 1 0 0 0 0 0 0 0 0 0 1 0 0 0 0 0 0 0
0 0 0 0 1 0 0 0 0 0 0 0 0 0 0 0 0 0 0 0 0 0
0 0 0 0 0 1 0 0 1 0 0 0 0 1 0 0 0 0 0 0 0 0
0 0 0 0 0 1 0 0 1 0 0 0 0 1 0 0 0 0 0 0 0 0
0 0 0 0 1 0 0 0 0 0 0 0 0 0 1 0 0 0 0 0 0 0
0 0 0 0 0 0 0 0 0 0 0 0 0 0 1 0 0 0 0 0 0 0
0 0 0 0 1 0 0 0 0 0 0 0 0 0 1 0 0 0 0 0 0 0
0 0 0 0 0 0 0 0 0 0 0 0 0 0 0 0 1 0 0 0 0 0
0 0 0 0 1 0 1 0 1 1 0 1 0 0 0 1 1 0 0 0 0 0
0 0 0 0 1 0 0 0 0 0 0 0 0 0 0 0 0 0 0 0 0 0
0 0 0 0 0 1 0 0 1 0 0 0 0 1 0 0 0 0 0 0 0 0
0 0 0 0 1 0 0 0 0 0 0 0 0 0 1 0 0 0 0 0 0 0
0 0 0 0 0 1 0 0 0 0 0 0 0 0 0 0 0 0 0 0 0 0
0 0 0 0 0 1 0 0 1 0 0 0 0 1 0 0 0 0 0 0 0 0
0 0 0 0 1 0 0 0 0 0 0 0 0 0 1 0 0 0 0 0 0 0
0 0 0 0 1 0 0 0 0 0 0 0 0 0 1 0 0 0 0 0 0 0
0 0 0 0 0 1 0 0 1 0 0 0 0 1 0 0 0 0 0 0 0 0
0 0 0 0 0 0 0 0 0 0 0 0 0 0 0 0 1 0 0 0 0 0
0 0 0 0 1 0 0 1 0 0 0 1 0 1 1 1 0 0 0 0 0 0
0 0 0 0 1 1 1 1 1 1 1 1 1 1 1 1 1 0 0 0 0 0
0 0 0 0 1 1 1 1 1 1 1 1 1 1 1 1 1 0 0 0 0 0
0 0 0 0 1 1 1 1 1 1 1 1 1 1 1 1 1 0 0 0 0 0
0 0 0 0 2 2 2 2 2 2 2 2 2 2 2 2 2 0 0 0 0 0
0 0 0 0 1 1 1 1 1 1 1 1 1 1 1 1 1 0 0 0 0 0
0 0 0 0 1 1 1 1 1 1 1 1 1 1 1 1 1 0 0 0 0 0
0 0 0 0 1 1 1 1 1 1 1 1 1 1 1 1 1 0 0 0 0 0
0 0 0 0 1 0 0 0 0 0 0 0 0 0 1 0 0 0 0 0 0 0

y
0.0 0.0 0.0 0.0 0.0 0.0 0.0 0.0 0.0 0.0 0.0 0.0 0.0 0.0 0.0 0.0 0.0 0.0 0.0 0.0 0.0 0.0 0.0 0.0 0.0 0.0 0.0 0.0 0.0 0.0 0.0 0.0 0.0 0.0 0.0 0.0 0.0

k
0 0 0 0 0 0 0 0 0 0 0 0 0 0 0 0 0 0 0 0 0 0 0 0 0 0 0 0 0 0 0 0 0 0 0 0 0

f
0.0 0.0 0.0 0.0 0.0 0.0 0.0 0.0 0.0 0.0 0.0 0.0 0.0 0.0 0.0 0.0 0.0 0.0 0.0 0.0 0.0 0.0
0.0 0.0 0.0 0.0 0.0 0.0 0.0 0.0 0.0 0.0 0.0 0.0 0.0 0.0 0.0 0.0 0.0 0.0 0.0 0.0 0.0 0.0
0.0 0.0 0.0 0.0 0.0 0.0 0.0 0.0 0.0 0.0 0.0 0.0 0.0 0.0 0.0 0.0 0.0 0.0 0.0 0.0 0.0 0.0
0.0 0.0 0.0 0.0 0.0 0.0 0.0 0.0 0.0 0.0 0.0 0.0 0.0 0.0 0.0 0.0 0.0 0.0 0.0 0.0 0.0 0.0

L
1 3 2 3 1 3 3 0 0 1 10 0 3 3 10 0 10 0 1 0 3 10 0 3 10 10 3 0 1 1 1 1 0 1 1 1 10

g
0 0 0 0 0 0 0 0 0 0 0 0 0 0 0 0 0 0 0 0 0 0
0 0 0 0 0 0 0 0 0 0 0 0 0 0 0 0 0 0 0 0 0 0
0 0 0 0 0 0 0 0 0 0 0 0 0 0 0 0 0 0 0 0 0 0
0 0 0 0 0 0 0 0 0 0 0 0 0 0 0 0 0 0 0 0 0 0
0 0 0 0 0 0 0 0 0 0 0 0 0 0 0 0 0 0 0 0 0 0
0 0 0 0 0 0 0 0 0 0 0 0 0 0 0 0 0 0 0 0 0 0
0 0 0 0 0 0 0 0 0 0 0 0 0 0 0 0 0 0 0 0 0 0
0 0 0 0 0 0 0 0 0 0 0 0 0 0 0 0 0 0 0 0 0 0
0 0 0 0 0 0 0 0 0 0 0 0 0 0 0 0 0 0 0 0 0 0
0 0 0 0 0 0 0 0 0 0 0 0 0 0 0 0 0 0 0 0 0 0
0 0 0 0 0 0 0 0 0 0 0 0 0 0 0 0 0 0 0 0 0 0
0 0 0 0 0 0 0 0 0 0 0 0 0 0 0 0 0 0 0 0 0 0
0 0 0 0 0 0 0 0 0 0 0 0 0 0 0 0 0 0 0 0 0 0
0 0 0 0 0 0 0 0 0 0 0 0 0 0 0 0 0 0 0 0 0 0
0 0 0 0 0 0 0 0 0 0 0 0 0 0 0 0 0 0 0 0 0 0
0 0 0 0 0 0 0 0 0 0 0 0 0 0 0 0 0 0 0 0 0 0
0 0 0 0 0 0 0 0 0 0 0 0 0 0 0 0 0 0 0 0 0 0
0 0 0 0 0 0 0 0 0 0 0 0 0 0 0 0 0 0 0 0 0 0
0 0 0 0 0 0 0 0 0 0 0 0 0 0 0 0 0 0 0 0 0 0
0 0 0 0 0 0 0 0 0 0 0 0 0 0 0 0 0 0 0 0 0 0
0 0 0 0 0 0 0 0 0 0 0 0 0 0 0 0 0 0 0 0 0 0
0 0 0 0 0 0 0 0 0 0 0 0 0 0 0 0 0 0 0 0 0 0
0 0 0 0 0 0 0 0 0 0 0 0 0 0 0 0 0 0 0 0 0 0
0 0 0 0 0 0 0 0 0 0 0 0 0 0 0 0 0 0 0 0 0 0
0 0 0 0 0 0 0 0 0 0 0 0 0 0 0 0 0 0 0 0 0 0
0 0 0 0 0 0 0 0 0 0 0 0 0 0 0 0 0 0 0 0 0 0
0 0 0 0 0 0 0 0 0 0 0 0 0 0 0 0 0 0 0 0 0 0
0 0 0 0 0 0 0 0 0 0 0 0 0 0 0 0 0 0 0 0 0 0
0 0 0 0 0 0 0 0 0 0 0 0 0 0 0 0 0 0 0 0 0 0
0 0 0 0 0 0 0 0 0 0 0 0 0 0 0 0 0 0 0 0 0 0
0 0 0 0 0 0 0 0 0 0 0 0 0 0 0 0 0 0 0 0 0 0
0 0 0 0 0 0 0 0 0 0 0 0 0 0 0 0 0 0 0 0 0 0
0 0 0 0 0 0 0 0 0 0 0 0 0 0 0 0 0 0 0 0 0 0
0 0 0 0 0 0 0 0 0 0 0 0 0 0 0 0 0 0 0 0 0 0
0 0 0 0 0 0 0 0 0 0 0 0 0 0 0 0 0 0 0 0 0 0
0 0 0 0 0 0 0 0 0 0 0 0 0 0 0 0 0 0 0 0 0 0
0 0 0 0 0 0 0 0 0 0 0 0 0 0 0 0 0 0 0 0 0 0

I cap
10000.0 10000.0 9796.34 9713.78 9141.42 8519.84 8954.34 9253.54 8914.460000000003 9547.58 9570.4 9680.26 9587.080000000002 8919.12 9069.02 9213.700000000003 9275.620000000003 9744.42 9861.1 10000.0 10000.0 10000.0
10000.0 10000.0 9958.26 9954.82 9807.28 9779.060000000001 9801.560000000001 9891.46 9899.539999999997 9933.42 9961.6 9980.74 9945.919999999998 9845.88 9837.880000000001 9850.199999999999 9866.279999999999 9956.58 9987.9 10000.0 10000.0 10000.0
10000.0 10000.0 9975.066666666668 9975.066666666668 9976.866666666667 9978.333333333334 9971.333333333334 9978.333333333334 9971.333333333334 9971.333333333334 9971.333333333334 9986.0 9993.0 9978.333333333334 9985.333333333334 9965.658333333335 9973.325 9973.325 9980.325 10000.0 10000.0 10000.0
10000.0 10000.0 9997.900000000001 9991.320000000002 9968.93 9961.049999999996 9962.769999999999 9972.209999999997 9971.609999999999 9979.079999999998 9979.519999999997 9981.149999999998 9977.58 9968.799999999997 9966.939999999999 9967.559999999998 9974.949999999999 9991.929999999998 9996.65 10000.0 10000.0 10000.0
10000.0 10000.0 9999.160000000002 9998.600000000002 9988.67 9981.299999999997 9979.710000000001 9984.02 9981.890000000001 9988.16 9986.699999999999 9985.81 9985.910000000002 9983.369999999999 9984.819999999998 9984.93 9982.84 9989.349999999999 9994.32 10000.0 10000.0 10000.0
10000.0 10000.0 9982.81 9945.878823529412 9790.589411764706 9649.75 9749.24 9779.430000000002 9767.279999999999 9840.650000000001 9870.47 9868.45 9781.24 9730.15 9583.2 9566.53 9702.791176470588 9920.860588235295 9992.63 10000.0 10000.0 10000.0
10000.0 10000.0 9951.91 9779.5 9439.95 9255.100000000002 9346.340000000002 9443.640000000001 9397.350000000002 9598.980000000001 9552.930000000002 9570.45 9514.240000000002 9409.220000000003 9364.360000000002 9370.590000000002 9614.480000000001 9917.55 9948.41 10000.0 10000.0 10000.0
10000.0 10000.0 9998.53 9997.2 9978.346666666666 9970.109999999997 9972.519999999999 9984.169999999998 9980.74 9988.079999999998 9987.149999999998 9986.009999999998 9984.94 9979.009999999998 9976.639999999998 9977.169999999998 9977.779999999999 9992.923333333332 9997.99 10000.0 10000.0 10000.0
10000.0 10000.0 9995.320000000002 9995.320000000002 9977.83 9960.95 9975.620000000003 9977.67 9978.25 9988.69 9988.69 9988.6 9976.51 9976.220000000001 9952.730000000001 9949.19 9966.230000000001 9993.79 10000.0 10000.0 10000.0 10000.0
10000.0 10000.0 9999.37 9998.740000000002 9992.28 9989.74 9989.800000000001 9991.86 9992.880000000001 9993.36 9993.539999999999 9994.53 9992.580000000002 9991.23 9990.31 9991.03 9993.37 9998.0 10000.0 10000.0 10000.0 10000.0
10000.0 10000.0 10000.0 9998.947368421053 9993.927011321844 9990.949999827593 9991.624137758628 9993.868965344833 9994.041379137936 9992.999999827593 9994.556896379314 9994.920689655177 9994.920689655177 9992.786206724142 9991.813792931041 9991.820689482765 9993.738838303092 9998.24712626437 9998.965517068968 9998.275862068967 9999.310344827587 9999.655172413793
10000.0 10000.0 9999.0 9993.0 9963.0 9941.0 9950.0 9970.0 9968.0 9960.0 9970.0 9989.0 9990.0 9957.0 9954.0 9951.0 9966.0 9986.0 9981.0 9978.0 9998.0 9997.0

H cap
9702.5 9475.0 9741.0 9947.5 9818.0 9828.5 9926.5 9916.0 9968.5 9751.5 9576.5 9783.0 9867.0 9898.5 10000.0 10000.0 10000.0 10000.0 10000.0 10000.0 10000.0 10000.0
9932.5 9879.0 9915.0 9937.5 9915.5 9922.5 9944.5 9939.5 9942.0 9906.5 9879.5 9910.0 9934.5 9968.5 10000.0 10000.0 10000.0 10000.0 10000.0 10000.0 10000.0 10000.0
9951.0 9923.0 9961.5 9982.5 9965.0 9968.5 9989.5 9986.0 9989.5 9965.0 9933.5 9954.5 9975.5 9986.0 10000.0 10000.0 10000.0 10000.0 10000.0 10000.0 10000.0 10000.0
9678.5 9504.5 9791.0 9932.0 9835.5 9854.0 9940.0 9921.5 9945.5 9805.0 9547.5 9678.5 9915.5 9958.0 10000.0 10000.0 10000.0 10000.0 10000.0 10000.0 10000.0 10000.0

