T P M C
22 37 4 12

base obj
0.125

exp obj
10.125

Objective struct
0.125 0.8333333333333333 9.166666666666666

num campaigns
186

x
0 0 0 0 1 0 0 0 1 0 0 0 1 0 0 0 1 0 0 0 0 0
0 0 0 0 1 0 0 0 0 0 1 0 0 0 0 0 1 0 0 0 0 0
0 0 0 0 1 0 0 0 1 0 0 0 1 0 0 0 1 0 0 0 0 0
0 0 0 0 1 0 0 0 0 0 1 0 0 0 0 0 1 0 0 0 0 0
0 0 0 0 1 0 0 1 0 0 1 0 0 1 0 0 1 0 0 0 0 0
0 0 0 0 1 0 0 0 0 0 1 0 0 0 0 0 1 0 0 0 0 0
0 0 0 0 1 0 0 0 0 0 1 0 0 0 0 0 1 0 0 0 0 0
0 0 0 0 1 0 0 0 0 0 0 0 0 0 0 0 0 0 0 0 0 0
0 0 0 0 0 0 0 0 0 0 0 1 0 0 0 0 0 0 0 0 0 0
0 0 0 0 1 0 1 0 1 0 1 0 1 0 1 0 1 0 0 0 0 0
0 0 0 0 1 0 0 0 0 0 0 0 0 0 0 0 1 0 0 0 0 0
0 0 0 0 1 0 0 0 0 0 0 0 0 0 0 0 0 0 0 0 0 0
0 0 0 0 1 0 0 0 0 0 1 0 0 0 0 0 1 0 0 0 0 0
0 0 0 0 1 0 0 0 0 0 1 0 0 0 0 0 1 0 0 0 0 0
0 0 0 0 1 0 0 0 0 0 0 0 0 0 0 0 1 0 0 0 0 0
0 0 0 0 0 0 0 0 0 0 0 0 1 0 0 0 0 0 0 0 0 0
0 0 0 0 1 0 0 0 0 0 0 0 0 0 0 0 1 0 0 0 0 0
0 0 0 0 0 0 0 1 0 0 0 0 0 0 0 0 0 0 0 0 0 0
0 0 0 0 1 0 1 0 1 0 1 0 1 0 1 0 1 0 0 0 0 0
0 0 0 0 1 0 0 0 0 0 0 0 0 0 0 0 0 0 0 0 0 0
0 0 0 0 1 0 0 0 0 0 1 0 0 0 0 0 1 0 0 0 0 0
0 0 0 0 1 0 0 0 0 0 0 0 0 0 0 0 1 0 0 0 0 0
0 0 0 0 0 0 0 0 0 0 0 0 0 0 0 0 1 0 0 0 0 0
0 0 0 0 1 0 0 0 0 0 1 0 0 0 0 0 1 0 0 0 0 0
0 0 0 0 1 0 0 0 0 0 0 0 0 0 0 0 1 0 0 0 0 0
0 0 0 0 1 0 0 0 0 0 0 0 0 0 0 0 1 0 0 0 0 0
0 0 0 0 1 0 0 0 0 0 1 0 0 0 0 0 1 0 0 0 0 0
0 0 0 0 0 0 0 0 0 1 0 0 0 0 0 0 0 0 0 0 0 0
0 0 0 0 1 0 1 0 1 0 1 0 0 0 1 0 1 0 0 0 0 0
0 0 0 0 1 1 1 1 1 1 1 1 1 1 1 1 1 0 0 0 0 0
0 0 0 0 1 1 1 1 1 1 1 1 1 1 1 1 1 0 0 0 0 0
0 0 0 0 1 1 1 1 1 1 1 1 1 1 1 1 1 0 0 0 0 0
0 0 0 0 21 3 0 0 0 1 0 0 0 0 0 0 1 0 0 0 0 0
0 0 0 0 1 1 1 1 1 1 1 1 1 1 1 1 1 0 0 0 0 0
0 0 0 0 1 1 1 1 1 1 1 1 1 1 1 1 1 0 0 0 0 0
0 0 0 0 1 1 1 1 1 1 1 1 1 1 1 1 1 0 0 0 0 0
0 0 0 0 1 0 0 0 0 0 0 0 0 0 0 0 1 0 0 0 0 0

y
0.0 0.0 0.0 0.0 0.0 0.0 0.0 0.0 0.0 0.2857142857142858 0.0 0.0 0.0 0.0 0.0 0.0 0.0 0.0 0.0 0.0 0.0 0.0 0.0 0.0 0.0 0.0 0.0 0.0 0.0 0.0 0.0 0.0 0.0 0.0 0.0 0.0 0.0

k
0 0 0 0 0 0 0 0 0 1 0 0 0 0 0 0 0 0 0 0 0 0 0 0 0 0 0 0 0 0 0 0 0 0 0 0 0

f
0.0 0.0 0.0 0.0 0.0 0.0 0.0 0.0 0.0 0.0 0.0 0.0 0.0 0.0 0.0 0.0 0.0 0.0 0.0 0.0 0.0 0.0
0.0 0.0 0.0 0.0 0.0 0.0 0.0 0.0 0.0 0.0 0.0 0.0 0.0 0.0 0.0 0.0 0.0 0.0 0.0 0.0 0.0 0.0
0.0 0.0 0.0 0.0 0.0 0.0 0.0 0.0 0.0 0.0 0.0 0.0 0.0 0.0 0.0 0.0 0.0 0.0 0.0 0.0 0.0 0.0
0.0 0.0 0.0 0.0 0.0 0.0 0.0 0.0 0.0 0.0 0.0 0.0 0.0 0.0 0.0 0.0 0.0 0.0 0.0 0.0 0.0 0.0

L
4 6 4 6 3 6 6 0 0 2 12 0 6 6 12 0 12 0 2 0 6 12 0 6 12 12 6 0 2 1 1 1 0 1 1 1 12

g
0 0 0 0 0 0 0 0 0 0 0 0 0 0 0 0 0 0 0 0 0 0
0 0 0 0 0 0 0 0 0 0 0 0 0 0 0 0 0 0 0 0 0 0
0 0 0 0 0 0 0 0 0 0 0 0 0 0 0 0 0 0 0 0 0 0
0 0 0 0 0 0 0 0 0 0 0 0 0 0 0 0 0 0 0 0 0 0
0 0 0 0 0 0 0 0 0 0 0 0 0 0 0 0 0 0 0 0 0 0
0 0 0 0 0 0 0 0 0 0 0 0 0 0 0 0 0 0 0 0 0 0
0 0 0 0 0 0 0 0 0 0 0 0 0 0 0 0 0 0 0 0 0 0
0 0 0 0 0 0 0 0 0 0 0 0 0 0 0 0 0 0 0 0 0 0
0 0 0 0 0 0 0 0 0 0 0 0 0 0 0 0 0 0 0 0 0 0
0 0 0 0 0 0 0 0 0 0 0 0 0 0 0 0 0 0 0 0 0 0
0 0 0 0 0 0 0 0 0 0 0 0 0 0 0 0 0 0 0 0 0 0
0 0 0 0 0 0 0 0 0 0 0 0 0 0 0 0 0 0 0 0 0 0
0 0 0 0 0 0 0 0 0 0 0 0 0 0 0 0 0 0 0 0 0 0
0 0 0 0 0 0 0 0 0 0 0 0 0 0 0 0 0 0 0 0 0 0
0 0 0 0 0 0 0 0 0 0 0 0 0 0 0 0 0 0 0 0 0 0
0 0 0 0 0 0 0 0 0 0 0 0 0 0 0 0 0 0 0 0 0 0
0 0 0 0 0 0 0 0 0 0 0 0 0 0 0 0 0 0 0 0 0 0
0 0 0 0 0 0 0 0 0 0 0 0 0 0 0 0 0 0 0 0 0 0
0 0 0 0 0 0 0 0 0 0 0 0 0 0 0 0 0 0 0 0 0 0
0 0 0 0 0 0 0 0 0 0 0 0 0 0 0 0 0 0 0 0 0 0
0 0 0 0 0 0 0 0 0 0 0 0 0 0 0 0 0 0 0 0 0 0
0 0 0 0 0 0 0 0 0 0 0 0 0 0 0 0 0 0 0 0 0 0
0 0 0 0 0 0 0 0 0 0 0 0 0 0 0 0 0 0 0 0 0 0
0 0 0 0 0 0 0 0 0 0 0 0 0 0 0 0 0 0 0 0 0 0
0 0 0 0 0 0 0 0 0 0 0 0 0 0 0 0 0 0 0 0 0 0
0 0 0 0 0 0 0 0 0 0 0 0 0 0 0 0 0 0 0 0 0 0
0 0 0 0 0 0 0 0 0 0 0 0 0 0 0 0 0 0 0 0 0 0
0 0 0 0 0 0 0 0 0 0 0 0 0 0 0 0 0 0 0 0 0 0
0 0 0 0 0 0 0 0 0 0 0 0 0 0 0 0 0 0 0 0 0 0
0 0 0 0 0 0 0 0 0 0 0 0 0 0 0 0 0 0 0 0 0 0
0 0 0 0 0 0 0 0 0 0 0 0 0 0 0 0 0 0 0 0 0 0
0 0 0 0 0 0 0 0 0 0 0 0 0 0 0 0 0 0 0 0 0 0
0 0 0 0 19 1 0 0 0 0 0 0 0 0 0 0 0 0 0 0 0 0
0 0 0 0 0 0 0 0 0 0 0 0 0 0 0 0 0 0 0 0 0 0
0 0 0 0 0 0 0 0 0 0 0 0 0 0 0 0 0 0 0 0 0 0
0 0 0 0 0 0 0 0 0 0 0 0 0 0 0 0 0 0 0 0 0 0
0 0 0 0 0 0 0 0 0 0 0 0 0 0 0 0 0 0 0 0 0 0

I cap
10000.0 10000.0 9796.34 9749.34 8619.5 9114.699999999999 9114.920000000002 9600.060000000001 9735.86 9594.76 8925.800000000003 9368.92 9436.800000000001 9619.640000000001 9554.900000000001 9627.380000000001 8713.300000000001 9167.699999999999 9288.28 9815.42 10000.0 10000.0
10000.0 10000.0 9958.26 9958.26 9753.2 9807.200000000003 9816.98 9925.939999999999 9963.14 9953.24 9886.199999999997 9894.08 9923.199999999999 9944.359999999999 9948.099999999999 9962.619999999999 9849.6 9868.200000000003 9906.62 9993.58 10000.0 10000.0
10000.0 10000.0 9975.066666666668 9975.066666666668 9962.2 9978.333333333334 9958.658333333335 9980.325 9973.325 9980.325 9971.333333333334 9978.333333333334 9971.333333333334 9993.0 9986.0 9993.0 9971.333333333334 9978.333333333334 9978.333333333334 10000.0 10000.0 10000.0
10000.0 10000.0 9997.900000000001 9991.11 9962.769999999999 9964.999999999996 9966.46 9980.359999999999 9980.939999999999 9978.349999999997 9970.789999999999 9975.089999999998 9974.589999999998 9976.229999999996 9980.52 9982.13 9972.259999999998 9979.569999999998 9984.63 9998.09 10000.0 10000.0
10000.0 10000.0 9999.160000000002 9998.810000000001 9985.199999999999 9984.619999999999 9982.460000000003 9987.380000000001 9986.349999999999 9985.369999999997 9982.230000000001 9987.470000000001 9985.429999999998 9984.489999999998 9986.210000000001 9988.59 9981.019999999999 9986.429999999998 9991.470000000001 9999.150000000001 10000.0 10000.0
10000.0 10000.0 9982.81 9942.728823529413 9767.419411764704 9647.980000000001 9729.49 9788.650000000001 9848.24 9787.330000000002 9811.279999999999 9719.660000000002 9794.4 9833.970000000001 9809.88 9780.710000000001 9776.831176470585 9704.450588235295 9872.55 9983.61 10000.0 10000.0
10000.0 10000.0 9951.91 8266.66 8083.480000000001 9428.080000000002 9669.230000000001 9858.140000000001 9826.2 9769.710000000001 9710.330000000002 9740.390000000003 9765.270000000002 9832.69 9859.49 9790.78 9593.330000000002 9648.280000000002 9744.170000000002 9941.42 10000.0 10000.0
10000.0 10000.0 9998.53 9997.83 9973.976666666666 9974.349999999997 9974.74 9986.689999999999 9987.759999999998 9986.949999999997 9979.94 9983.609999999999 9983.919999999998 9983.429999999997 9987.34 9989.05 9975.46 9982.483333333332 9987.76 9997.77 10000.0 10000.0
10000.0 10000.0 9995.320000000002 9994.060000000001 9975.94 9958.79 9970.220000000003 9977.039999999999 9988.6 9980.14 9985.45 9970.49 9981.69 9988.75 9981.820000000002 9976.51 9974.490000000002 9963.04 9982.670000000002 9996.59 10000.0 10000.0
10000.0 10000.0 9999.37 9998.11 9992.31 9990.43 9990.400000000001 9994.740000000002 9995.16 9993.9 9991.980000000001 9991.29 9992.699999999999 9994.44 9994.740000000002 9993.480000000001 9991.3 9993.15 9995.75 9999.37 10000.0 10000.0
10000.0 10000.0 10000.0 9992.39564428313 9985.97873528737 9992.151723965524 9994.562068793108 9996.817241379313 9995.615517241382 9993.886206724144 9995.248275517246 9994.677585862073 9995.591379137933 9994.920689655177 9995.958620689658 9995.437931034487 9993.899183130676 9994.278160747132 9997.399999827589 9999.310344827587 10000.0 9998.275862068967
10000.0 10000.0 9999.0 9992.0 9946.0 9955.0 9957.0 9989.0 9982.0 9960.0 9969.0 9977.0 9971.0 9987.0 9987.0 9979.0 9945.0 9951.0 9960.0 9994.0 9995.0 9971.0

H cap
9573.0 9573.0 9968.5 9923.0 9860.0 9870.5 9793.5 9793.5 9846.0 9870.5 9958.0 9968.5 9611.5 9611.5 10000.0 10000.0 10000.0 10000.0 10000.0 10000.0 10000.0 10000.0
9853.0 9826.0 9945.0 9952.0 9944.5 9943.5 9926.5 9926.5 9945.5 9946.5 9952.0 9954.0 9902.0 9920.0 10000.0 10000.0 10000.0 10000.0 10000.0 10000.0 10000.0 10000.0
9933.5 9933.5 9989.5 9982.5 9975.5 9982.5 9968.5 9965.0 9979.0 9979.0 9986.0 9989.5 9937.0 9937.0 10000.0 10000.0 10000.0 10000.0 10000.0 10000.0 10000.0 10000.0
9545.0 9531.5 9947.0 9944.5 9911.0 9914.0 9840.0 9838.0 9908.0 9911.5 9949.0 9951.5 9563.0 9572.0 10000.0 10000.0 10000.0 10000.0 10000.0 10000.0 10000.0 10000.0

