T P M C
22 37 4 12

base obj
0.125

exp obj
9.291666666666666

Objective struct
0.125 0.0 9.166666666666666

num campaigns
186

x
0 0 0 0 1 0 0 0 1 0 0 0 1 0 0 0 1 0 0 0 0 0
0 0 0 0 1 0 0 0 0 0 1 0 0 0 0 0 1 0 0 0 0 0
0 0 0 0 1 0 0 0 1 0 0 0 1 0 0 0 1 0 0 0 0 0
0 0 0 0 1 0 0 0 0 0 1 0 0 0 0 0 1 0 0 0 0 0
0 0 0 0 1 0 0 1 0 0 1 0 0 1 0 0 1 0 0 0 0 0
0 0 0 0 1 0 0 0 0 0 1 0 0 0 0 0 1 0 0 0 0 0
0 0 0 0 1 0 0 0 0 0 1 0 0 0 0 0 1 0 0 0 0 0
0 0 0 0 1 0 0 0 0 0 0 0 0 0 0 0 0 0 0 0 0 0
0 0 0 0 0 0 0 0 0 0 0 0 0 1 0 0 0 0 0 0 0 0
0 0 0 0 1 0 1 0 1 0 1 0 1 0 1 0 1 0 0 0 0 0
0 0 0 0 1 0 0 0 0 0 0 0 0 0 0 0 1 0 0 0 0 0
0 0 0 0 1 0 0 0 0 0 0 0 0 0 0 0 0 0 0 0 0 0
0 0 0 0 1 0 0 0 0 0 1 0 0 0 0 0 1 0 0 0 0 0
0 0 0 0 1 0 0 0 0 0 1 0 0 0 0 0 1 0 0 0 0 0
0 0 0 0 1 0 0 0 0 0 0 0 0 0 0 0 1 0 0 0 0 0
0 0 0 0 0 0 0 0 1 0 0 0 0 0 0 0 0 0 0 0 0 0
0 0 0 0 1 0 0 0 0 0 0 0 0 0 0 0 1 0 0 0 0 0
0 0 0 0 0 0 1 0 0 0 0 0 0 0 0 0 0 0 0 0 0 0
0 0 0 0 1 0 1 0 1 0 1 0 1 0 1 0 1 0 0 0 0 0
0 0 0 0 1 0 0 0 0 0 0 0 0 0 0 0 0 0 0 0 0 0
0 0 0 0 1 0 0 0 0 0 1 0 0 0 0 0 1 0 0 0 0 0
0 0 0 0 1 0 0 0 0 0 0 0 0 0 0 0 1 0 0 0 0 0
0 0 0 0 0 0 0 0 0 0 0 0 1 0 0 0 0 0 0 0 0 0
0 0 0 0 1 0 0 0 0 0 1 0 0 0 0 0 1 0 0 0 0 0
0 0 0 0 1 0 0 0 0 0 0 0 0 0 0 0 1 0 0 0 0 0
0 0 0 0 1 0 0 0 0 0 0 0 0 0 0 0 1 0 0 0 0 0
0 0 0 0 1 0 0 0 0 0 1 0 0 0 0 0 1 0 0 0 0 0
0 0 0 0 0 0 0 0 0 1 0 0 0 0 0 0 0 0 0 0 0 0
0 0 0 0 1 0 1 0 1 0 1 0 0 1 0 0 1 0 0 0 0 0
0 0 0 0 1 1 1 1 1 1 1 1 1 1 1 1 1 0 0 0 0 0
0 0 0 0 1 1 1 1 1 1 1 1 1 1 1 1 1 0 0 0 0 0
0 0 0 0 1 1 1 1 1 1 1 1 1 1 1 1 1 0 0 0 0 0
0 0 0 0 2 2 2 2 2 2 2 2 2 2 2 2 2 0 0 0 0 0
0 0 0 0 1 1 1 1 1 1 1 1 1 1 1 1 1 0 0 0 0 0
0 0 0 0 1 1 1 1 1 1 1 1 1 1 1 1 1 0 0 0 0 0
0 0 0 0 1 1 1 1 1 1 1 1 1 1 1 1 1 0 0 0 0 0
0 0 0 0 1 0 0 0 0 0 0 0 0 0 0 0 1 0 0 0 0 0

y
0.0 0.0 0.0 0.0 0.0 0.0 0.0 0.0 0.0 0.2857142857142858 0.0 0.0 0.0 0.0 0.0 0.0 0.0 0.0 0.0 0.0 0.0 0.0 0.0 0.0 0.0 0.0 0.0 0.0 0.0 0.0 0.0 0.0 0.0 0.0 0.0 0.0 0.0

k
0 0 0 0 0 0 0 0 0 1 0 0 0 0 0 0 0 0 0 0 0 0 0 0 0 0 0 0 0 0 0 0 0 0 0 0 0

f
0.0 0.0 0.0 0.0 0.0 0.0 0.0 0.0 0.0 0.0 0.0 0.0 0.0 0.0 0.0 0.0 0.0 0.0 0.0 0.0 0.0 0.0
0.0 0.0 0.0 0.0 0.0 0.0 0.0 0.0 0.0 0.0 0.0 0.0 0.0 0.0 0.0 0.0 0.0 0.0 0.0 0.0 0.0 0.0
0.0 0.0 0.0 0.0 0.0 0.0 0.0 0.0 0.0 0.0 0.0 0.0 0.0 0.0 0.0 0.0 0.0 0.0 0.0 0.0 0.0 0.0
0.0 0.0 0.0 0.0 0.0 0.0 0.0 0.0 0.0 0.0 0.0 0.0 0.0 0.0 0.0 0.0 0.0 0.0 0.0 0.0 0.0 0.0

L
4 6 4 6 3 6 6 0 0 2 12 0 6 6 12 0 12 0 2 0 6 12 0 6 12 12 6 0 2 1 1 1 0 1 1 1 12

g
0 0 0 0 0 0 0 0 0 0 0 0 0 0 0 0 0 0 0 0 0 0
0 0 0 0 0 0 0 0 0 0 0 0 0 0 0 0 0 0 0 0 0 0
0 0 0 0 0 0 0 0 0 0 0 0 0 0 0 0 0 0 0 0 0 0
0 0 0 0 0 0 0 0 0 0 0 0 0 0 0 0 0 0 0 0 0 0
0 0 0 0 0 0 0 0 0 0 0 0 0 0 0 0 0 0 0 0 0 0
0 0 0 0 0 0 0 0 0 0 0 0 0 0 0 0 0 0 0 0 0 0
0 0 0 0 0 0 0 0 0 0 0 0 0 0 0 0 0 0 0 0 0 0
0 0 0 0 0 0 0 0 0 0 0 0 0 0 0 0 0 0 0 0 0 0
0 0 0 0 0 0 0 0 0 0 0 0 0 0 0 0 0 0 0 0 0 0
0 0 0 0 0 0 0 0 0 0 0 0 0 0 0 0 0 0 0 0 0 0
0 0 0 0 0 0 0 0 0 0 0 0 0 0 0 0 0 0 0 0 0 0
0 0 0 0 0 0 0 0 0 0 0 0 0 0 0 0 0 0 0 0 0 0
0 0 0 0 0 0 0 0 0 0 0 0 0 0 0 0 0 0 0 0 0 0
0 0 0 0 0 0 0 0 0 0 0 0 0 0 0 0 0 0 0 0 0 0
0 0 0 0 0 0 0 0 0 0 0 0 0 0 0 0 0 0 0 0 0 0
0 0 0 0 0 0 0 0 0 0 0 0 0 0 0 0 0 0 0 0 0 0
0 0 0 0 0 0 0 0 0 0 0 0 0 0 0 0 0 0 0 0 0 0
0 0 0 0 0 0 0 0 0 0 0 0 0 0 0 0 0 0 0 0 0 0
0 0 0 0 0 0 0 0 0 0 0 0 0 0 0 0 0 0 0 0 0 0
0 0 0 0 0 0 0 0 0 0 0 0 0 0 0 0 0 0 0 0 0 0
0 0 0 0 0 0 0 0 0 0 0 0 0 0 0 0 0 0 0 0 0 0
0 0 0 0 0 0 0 0 0 0 0 0 0 0 0 0 0 0 0 0 0 0
0 0 0 0 0 0 0 0 0 0 0 0 0 0 0 0 0 0 0 0 0 0
0 0 0 0 0 0 0 0 0 0 0 0 0 0 0 0 0 0 0 0 0 0
0 0 0 0 0 0 0 0 0 0 0 0 0 0 0 0 0 0 0 0 0 0
0 0 0 0 0 0 0 0 0 0 0 0 0 0 0 0 0 0 0 0 0 0
0 0 0 0 0 0 0 0 0 0 0 0 0 0 0 0 0 0 0 0 0 0
0 0 0 0 0 0 0 0 0 0 0 0 0 0 0 0 0 0 0 0 0 0
0 0 0 0 0 0 0 0 0 0 0 0 0 0 0 0 0 0 0 0 0 0
0 0 0 0 0 0 0 0 0 0 0 0 0 0 0 0 0 0 0 0 0 0
0 0 0 0 0 0 0 0 0 0 0 0 0 0 0 0 0 0 0 0 0 0
0 0 0 0 0 0 0 0 0 0 0 0 0 0 0 0 0 0 0 0 0 0
0 0 0 0 0 0 0 0 0 0 0 0 0 0 0 0 0 0 0 0 0 0
0 0 0 0 0 0 0 0 0 0 0 0 0 0 0 0 0 0 0 0 0 0
0 0 0 0 0 0 0 0 0 0 0 0 0 0 0 0 0 0 0 0 0 0
0 0 0 0 0 0 0 0 0 0 0 0 0 0 0 0 0 0 0 0 0 0
0 0 0 0 0 0 0 0 0 0 0 0 0 0 0 0 0 0 0 0 0 0

I cap
10000.0 10000.0 9796.34 9749.34 8619.5 9114.699999999999 9114.920000000002 9555.960000000001 9657.460000000001 9564.380000000001 8912.820000000003 9461.02 9515.2 9617.02 9581.080000000002 9612.380000000001 8700.1 9167.699999999999 9288.28 9815.42 10000.0 10000.0
10000.0 10000.0 9958.26 9958.26 9753.2 9807.200000000003 9816.98 9925.039999999999 9961.539999999999 9952.619999999999 9897.179999999997 9926.98 9924.8 9922.98 9945.919999999998 9952.619999999999 9840.800000000001 9868.200000000003 9906.62 9993.58 10000.0 10000.0
10000.0 10000.0 9975.066666666668 9975.066666666668 9962.2 9965.658333333335 9958.658333333335 9980.325 9973.325 9993.0 9971.333333333334 9978.333333333334 9971.333333333334 9993.0 9986.0 9993.0 9971.333333333334 9978.333333333334 9978.333333333334 10000.0 10000.0 10000.0
10000.0 10000.0 9997.900000000001 9991.11 9962.769999999999 9964.999999999996 9966.46 9980.359999999999 9980.939999999999 9978.349999999997 9972.89 9978.449999999999 9974.449999999997 9974.549999999996 9978.560000000001 9980.449999999999 9972.259999999998 9979.569999999998 9984.63 9998.09 10000.0 10000.0
10000.0 10000.0 9999.160000000002 9998.810000000001 9985.199999999999 9984.619999999999 9982.460000000003 9987.380000000001 9986.349999999999 9985.369999999997 9982.53 9987.95 9985.41 9984.249999999998 9985.93 9988.35 9981.019999999999 9986.429999999998 9991.470000000001 9999.150000000001 10000.0 10000.0
10000.0 10000.0 9982.81 9942.728823529413 9767.419411764704 9647.980000000001 9729.49 9748.650000000001 9798.24 9749.830000000002 9788.779999999999 9759.660000000002 9844.4 9838.470000000001 9788.38 9857.710000000001 9776.831176470585 9704.450588235295 9872.55 9983.61 10000.0 10000.0
10000.0 10000.0 9951.91 9762.91 9325.980000000001 9331.830000000002 9389.230000000001 9543.740000000002 9581.95 9518.710000000001 9435.28 9533.670000000002 9526.650000000003 9543.900000000001 9547.36 9620.49 9532.080000000002 9648.280000000002 9744.170000000002 9941.42 10000.0 10000.0
10000.0 10000.0 9998.53 9997.83 9973.976666666666 9974.349999999997 9974.74 9986.689999999999 9987.759999999998 9986.949999999997 9982.34 9987.449999999999 9983.759999999998 9981.509999999997 9985.1 9987.13 9975.46 9982.483333333332 9987.76 9997.77 10000.0 10000.0
10000.0 10000.0 9995.320000000002 9994.060000000001 9975.94 9958.79 9970.220000000003 9971.439999999999 9981.6 9974.89 9982.300000000001 9976.09 9988.69 9988.6 9977.77 9989.11 9974.490000000002 9963.04 9982.670000000002 9996.59 10000.0 10000.0
10000.0 10000.0 9999.37 9998.11 9992.31 9990.43 9990.400000000001 9994.740000000002 9995.16 9993.9 9992.880000000001 9992.730000000001 9992.64 9993.72 9993.900000000001 9992.760000000002 9991.3 9993.15 9995.75 9999.37 10000.0 10000.0
10000.0 10000.0 10000.0 9998.947368421053 9992.8752870115 9991.806896379318 9993.182758448282 9995.437931034487 9994.581034482762 9992.513792931042 9993.527585862075 9993.696551379317 9994.556896379314 9993.143103448281 9994.57586206897 9994.396551724143 9993.55435554447 9994.622988333338 9997.055172241382 9999.655172413793 10000.0 9998.275862068967
10000.0 10000.0 9999.0 9992.0 9946.0 9954.0 9956.0 9989.0 9981.0 9958.0 9968.0 9977.0 9972.0 9981.0 9983.0 9979.0 9950.0 9956.0 9964.0 9995.0 9995.0 9971.0

H cap
9573.0 9573.0 9933.5 9923.0 9860.0 9835.5 9793.5 9828.5 9881.0 9825.0 9923.0 9979.0 9646.5 9646.5 10000.0 10000.0 10000.0 10000.0 10000.0 10000.0 10000.0 10000.0
9910.0 9886.0 9942.0 9940.0 9929.5 9931.5 9917.5 9917.5 9939.5 9929.5 9937.0 9947.0 9893.0 9917.0 10000.0 10000.0 10000.0 10000.0 10000.0 10000.0 10000.0 10000.0
9933.5 9933.5 9986.0 9982.5 9975.5 9979.0 9968.5 9968.5 9982.5 9972.0 9982.5 9993.0 9940.5 9940.5 10000.0 10000.0 10000.0 10000.0 10000.0 10000.0 10000.0 10000.0
9573.5 9561.5 9941.0 9938.5 9887.0 9887.0 9835.5 9838.0 9898.5 9871.5 9937.0 9964.0 9590.5 9602.5 10000.0 10000.0 10000.0 10000.0 10000.0 10000.0 10000.0 10000.0

