T P M C
35 37 4 12

base obj
0.13333333333333333

exp obj
6.753333333333334

Objective struct
0.13333333333333333 0.8999999999999999 5.720000000000001

num campaigns
355

x
0 0 0 0 1 0 0 0 1 0 0 0 1 0 0 0 1 0 0 0 0 1 0 0 0 1 0 0 0 1 0 0 0 0 0
0 0 0 0 1 0 0 0 0 1 0 0 0 0 1 0 0 0 0 1 0 0 0 0 1 0 0 0 0 1 0 0 0 0 0
0 0 0 0 1 0 0 0 1 0 0 0 1 0 0 0 1 0 0 0 0 1 0 0 0 1 0 0 0 1 0 0 0 0 0
0 0 0 0 1 0 0 0 0 1 0 0 0 0 1 0 0 0 0 1 0 0 0 0 1 0 0 0 0 1 0 0 0 0 0
0 0 0 0 1 0 0 1 0 0 0 1 0 0 1 0 0 1 0 0 1 0 0 1 0 0 1 0 0 1 0 0 0 0 0
0 0 0 0 1 0 0 0 0 1 0 0 0 0 1 0 0 0 0 1 0 0 0 0 1 0 0 0 0 1 0 0 0 0 0
0 0 0 0 1 0 0 0 0 1 0 0 0 0 1 0 0 0 0 1 0 0 0 0 1 0 0 0 0 1 0 0 0 0 0
0 0 0 0 1 0 0 0 0 0 0 0 0 0 0 0 0 0 0 0 0 0 0 0 0 0 0 0 0 1 0 0 0 0 0
0 0 0 0 0 0 0 0 0 0 0 0 0 0 0 0 0 0 0 0 0 0 0 1 0 0 0 0 0 0 0 0 0 0 0
0 0 0 0 0 1 0 1 0 1 0 1 0 1 0 1 0 1 0 1 0 1 0 1 0 1 0 1 0 1 0 0 0 0 0
0 0 0 0 1 0 0 0 0 0 0 0 0 0 0 0 0 1 0 0 0 0 0 0 0 0 0 0 0 1 0 0 0 0 0
0 0 0 0 1 0 0 0 0 0 0 0 0 0 0 0 0 0 0 0 0 0 0 0 0 0 0 0 0 1 0 0 0 0 0
0 0 0 0 1 0 0 0 0 1 0 0 0 0 1 0 0 0 0 1 0 0 0 0 1 0 0 0 0 1 0 0 0 0 0
0 0 0 0 1 0 0 0 0 1 0 0 0 0 1 0 0 0 0 1 0 0 0 0 1 0 0 0 0 1 0 0 0 0 0
0 0 0 0 1 0 0 0 0 0 0 0 0 1 0 0 0 0 0 0 0 1 0 0 0 0 0 0 0 1 0 0 0 0 0
0 0 0 0 0 0 0 0 0 0 0 0 0 0 0 0 0 0 0 0 0 0 0 0 0 1 0 0 0 0 0 0 0 0 0
0 0 0 0 1 0 0 0 0 0 0 0 0 0 0 0 0 1 0 0 0 0 0 0 0 0 0 0 0 1 0 0 0 0 0
0 0 0 0 1 0 0 0 0 0 0 0 0 0 0 0 0 0 0 0 0 0 0 0 0 0 0 0 0 1 0 0 0 0 0
0 0 0 0 1 0 1 0 1 0 0 1 0 1 0 1 0 1 0 1 0 1 0 1 0 1 0 1 0 1 0 0 0 0 0
0 0 0 0 1 0 0 0 0 0 0 0 0 0 0 0 0 0 0 0 0 0 0 0 0 0 0 0 0 0 0 0 0 0 0
0 0 0 0 1 0 0 0 0 1 0 0 0 0 1 0 0 0 0 1 0 0 0 0 1 0 0 0 0 1 0 0 0 0 0
0 0 0 0 1 0 0 0 0 0 0 0 0 0 0 0 0 1 0 0 0 0 0 0 0 0 0 0 0 1 0 0 0 0 0
0 0 0 0 1 0 0 0 0 0 0 0 0 0 0 0 0 0 0 0 0 0 0 0 0 0 0 0 0 1 0 0 0 0 0
0 0 0 0 1 0 0 0 0 0 1 0 0 0 0 0 0 1 0 0 0 0 0 1 0 0 0 0 0 1 0 0 0 0 0
0 0 0 0 1 0 0 0 0 0 0 0 0 0 0 0 0 1 0 0 0 0 0 0 0 0 0 0 0 1 0 0 0 0 0
0 0 0 0 1 0 0 0 0 0 0 0 0 1 0 0 0 0 0 0 0 1 0 0 0 0 0 0 0 1 0 0 0 0 0
0 0 0 0 1 0 0 0 0 0 1 0 0 0 0 0 0 1 0 0 0 0 0 1 0 0 0 0 0 1 0 0 0 0 0
0 0 0 0 0 0 0 0 0 0 0 0 1 0 0 0 0 0 0 0 0 0 0 0 0 0 0 0 0 0 0 0 0 0 0
0 0 0 0 1 0 1 0 0 1 0 0 1 0 1 0 1 0 0 1 0 1 0 0 0 1 0 1 0 1 0 0 0 0 0
0 0 0 0 1 1 1 1 1 1 1 1 1 1 1 1 1 1 1 1 1 1 1 1 1 1 1 1 1 1 0 0 0 0 0
0 0 0 0 1 1 1 1 1 1 1 1 1 1 1 1 1 1 1 1 1 1 1 1 1 1 1 1 1 1 0 0 0 0 0
0 0 0 0 1 1 1 1 1 1 1 1 1 1 1 1 1 1 1 1 1 1 1 1 1 1 1 1 1 1 0 0 0 0 0
0 0 0 0 5 1 0 0 0 0 0 0 0 0 1 0 1 0 0 0 0 0 0 0 0 0 0 0 0 44 0 0 0 0 0
0 0 0 0 1 1 1 1 1 1 1 1 1 1 1 1 1 1 1 1 1 1 1 1 1 1 1 1 1 1 0 0 0 0 0
0 0 0 0 1 1 1 1 1 1 1 1 1 1 1 1 1 1 1 1 1 1 1 1 1 1 1 1 1 1 0 0 0 0 0
0 0 0 0 1 1 1 1 1 1 1 1 1 1 1 1 1 1 1 1 1 1 1 1 1 1 1 1 1 1 0 0 0 0 0
0 0 0 0 1 0 0 0 0 0 0 0 0 0 0 0 0 1 0 0 0 0 0 0 0 0 0 0 0 1 0 0 0 0 0

y
0.0 0.0 0.0 0.0 0.0 0.0 0.0 0.0 0.0 0.2142857142857142 0.0 0.0 0.0 0.0 0.0 0.0 0.0 0.0 0.0 0.0 0.0 0.0 0.0 0.0 0.0 0.0 0.0 0.0 0.0 0.0 0.0 0.0 0.0 0.0 0.0 0.0 0.0

k
0 0 0 0 0 0 0 0 0 2 0 0 0 0 0 0 0 0 0 0 0 0 0 0 0 0 0 0 0 0 0 0 0 0 0 0 0

f
0.0 0.0 0.0 0.0 0.0 0.0 0.0 0.0 0.0 0.0 0.0 0.0 0.0 0.0 0.0 0.0 0.0 0.0 0.0 0.0 0.0 0.0 0.0 0.0 0.0 0.0 0.0 0.0 0.0 0.0 0.0 0.0 0.0 0.0 0.0
0.0 0.0 0.0 0.0 0.0 0.0 0.0 0.0 0.0 0.0 0.0 0.0 0.0 0.0 0.0 0.0 0.0 0.0 0.0 0.0 0.0 0.0 0.0 0.0 0.0 0.0 0.0 0.0 0.0 0.0 0.0 0.0 0.0 0.0 0.0
0.0 0.0 0.0 0.0 0.0 0.0 0.0 0.0 0.0 0.0 0.0 0.0 0.0 0.0 0.0 0.0 0.0 0.0 0.0 0.0 0.0 0.0 0.0 0.0 0.0 0.0 0.0 0.0 0.0 0.0 0.0 0.0 0.0 0.0 0.0
0.0 0.0 0.0 0.0 0.0 0.0 0.0 0.0 0.0 0.0 0.0 0.0 0.0 0.0 0.0 0.0 0.0 0.0 0.0 0.0 0.0 0.0 0.0 0.0 0.0 0.0 0.0 0.0 0.0 0.0 0.0 0.0 0.0 0.0 0.0

L
4 5 4 5 3 5 5 25 0 2 12 25 5 5 8 0 12 25 2 0 5 12 25 6 12 8 6 0 2 1 1 1 0 1 1 1 12

g
0 0 0 0 0 0 0 0 0 0 0 0 0 0 0 0 0 0 0 0 0 0 0 0 0 0 0 0 0 0 0 0 0 0 0
0 0 0 0 0 0 0 0 0 0 0 0 0 0 0 0 0 0 0 0 0 0 0 0 0 0 0 0 0 0 0 0 0 0 0
0 0 0 0 0 0 0 0 0 0 0 0 0 0 0 0 0 0 0 0 0 0 0 0 0 0 0 0 0 0 0 0 0 0 0
0 0 0 0 0 0 0 0 0 0 0 0 0 0 0 0 0 0 0 0 0 0 0 0 0 0 0 0 0 0 0 0 0 0 0
0 0 0 0 0 0 0 0 0 0 0 0 0 0 0 0 0 0 0 0 0 0 0 0 0 0 0 0 0 0 0 0 0 0 0
0 0 0 0 0 0 0 0 0 0 0 0 0 0 0 0 0 0 0 0 0 0 0 0 0 0 0 0 0 0 0 0 0 0 0
0 0 0 0 0 0 0 0 0 0 0 0 0 0 0 0 0 0 0 0 0 0 0 0 0 0 0 0 0 0 0 0 0 0 0
0 0 0 0 0 0 0 0 0 0 0 0 0 0 0 0 0 0 0 0 0 0 0 0 0 0 0 0 0 0 0 0 0 0 0
0 0 0 0 0 0 0 0 0 0 0 0 0 0 0 0 0 0 0 0 0 0 0 0 0 0 0 0 0 0 0 0 0 0 0
0 0 0 0 0 0 0 0 0 0 0 0 0 0 0 0 0 0 0 0 0 0 0 0 0 0 0 0 0 0 0 0 0 0 0
0 0 0 0 0 0 0 0 0 0 0 0 0 0 0 0 0 0 0 0 0 0 0 0 0 0 0 0 0 0 0 0 0 0 0
0 0 0 0 0 0 0 0 0 0 0 0 0 0 0 0 0 0 0 0 0 0 0 0 0 0 0 0 0 0 0 0 0 0 0
0 0 0 0 0 0 0 0 0 0 0 0 0 0 0 0 0 0 0 0 0 0 0 0 0 0 0 0 0 0 0 0 0 0 0
0 0 0 0 0 0 0 0 0 0 0 0 0 0 0 0 0 0 0 0 0 0 0 0 0 0 0 0 0 0 0 0 0 0 0
0 0 0 0 0 0 0 0 0 0 0 0 0 0 0 0 0 0 0 0 0 0 0 0 0 0 0 0 0 0 0 0 0 0 0
0 0 0 0 0 0 0 0 0 0 0 0 0 0 0 0 0 0 0 0 0 0 0 0 0 0 0 0 0 0 0 0 0 0 0
0 0 0 0 0 0 0 0 0 0 0 0 0 0 0 0 0 0 0 0 0 0 0 0 0 0 0 0 0 0 0 0 0 0 0
0 0 0 0 0 0 0 0 0 0 0 0 0 0 0 0 0 0 0 0 0 0 0 0 0 0 0 0 0 0 0 0 0 0 0
0 0 0 0 0 0 0 0 0 0 0 0 0 0 0 0 0 0 0 0 0 0 0 0 0 0 0 0 0 0 0 0 0 0 0
0 0 0 0 0 0 0 0 0 0 0 0 0 0 0 0 0 0 0 0 0 0 0 0 0 0 0 0 0 0 0 0 0 0 0
0 0 0 0 0 0 0 0 0 0 0 0 0 0 0 0 0 0 0 0 0 0 0 0 0 0 0 0 0 0 0 0 0 0 0
0 0 0 0 0 0 0 0 0 0 0 0 0 0 0 0 0 0 0 0 0 0 0 0 0 0 0 0 0 0 0 0 0 0 0
0 0 0 0 0 0 0 0 0 0 0 0 0 0 0 0 0 0 0 0 0 0 0 0 0 0 0 0 0 0 0 0 0 0 0
0 0 0 0 0 0 0 0 0 0 0 0 0 0 0 0 0 0 0 0 0 0 0 0 0 0 0 0 0 0 0 0 0 0 0
0 0 0 0 0 0 0 0 0 0 0 0 0 0 0 0 0 0 0 0 0 0 0 0 0 0 0 0 0 0 0 0 0 0 0
0 0 0 0 0 0 0 0 0 0 0 0 0 0 0 0 0 0 0 0 0 0 0 0 0 0 0 0 0 0 0 0 0 0 0
0 0 0 0 0 0 0 0 0 0 0 0 0 0 0 0 0 0 0 0 0 0 0 0 0 0 0 0 0 0 0 0 0 0 0
0 0 0 0 0 0 0 0 0 0 0 0 0 0 0 0 0 0 0 0 0 0 0 0 0 0 0 0 0 0 0 0 0 0 0
0 0 0 0 0 0 0 0 0 0 0 0 0 0 0 0 0 0 0 0 0 0 0 0 0 0 0 0 0 0 0 0 0 0 0
0 0 0 0 0 0 0 0 0 0 0 0 0 0 0 0 0 0 0 0 0 0 0 0 0 0 0 0 0 0 0 0 0 0 0
0 0 0 0 0 0 0 0 0 0 0 0 0 0 0 0 0 0 0 0 0 0 0 0 0 0 0 0 0 0 0 0 0 0 0
0 0 0 0 0 0 0 0 0 0 0 0 0 0 0 0 0 0 0 0 0 0 0 0 0 0 0 0 0 0 0 0 0 0 0
0 0 0 0 3 0 0 0 0 0 0 0 0 0 0 0 0 0 0 0 0 0 0 0 0 0 0 0 0 42 0 0 0 0 0
0 0 0 0 0 0 0 0 0 0 0 0 0 0 0 0 0 0 0 0 0 0 0 0 0 0 0 0 0 0 0 0 0 0 0
0 0 0 0 0 0 0 0 0 0 0 0 0 0 0 0 0 0 0 0 0 0 0 0 0 0 0 0 0 0 0 0 0 0 0
0 0 0 0 0 0 0 0 0 0 0 0 0 0 0 0 0 0 0 0 0 0 0 0 0 0 0 0 0 0 0 0 0 0 0
0 0 0 0 0 0 0 0 0 0 0 0 0 0 0 0 0 0 0 0 0 0 0 0 0 0 0 0 0 0 0 0 0 0 0

I cap
10000.0 10000.0 9806.523000000001 9761.873000000001 8724.435 9164.664999999999 9153.474 9625.757 9698.716999999999 9199.891 9469.538999999999 9502.314000000002 9534.423999999999 9405.280999999999 8911.775 9424.129 9538.604000000001 9461.083999999999 9535.392999999998 9014.945 9604.211000000001 9385.654 9488.348999999997 9328.806 9062.178999999998 9451.28 9532.524 9514.416999999998 9610.860999999999 8701.065 9158.964999999998 9273.516000000001 9791.399 10000.0 10000.0
10000.0 10000.0 9960.347 9960.347 9789.479999999998 9820.64 9822.330999999998 9933.443 9961.182999999999 9912.809 9922.461 9942.885999999999 9952.575999999997 9950.618999999999 9896.925 9932.720999999998 9936.996 9911.820999999998 9913.511999999999 9871.559999999998 9937.889 9933.195999999998 9938.801 9918.793999999998 9900.421 9921.719999999998 9926.926 9922.232999999998 9929.339 9765.539999999997 9816.84 9853.338999999998 9960.651 10000.0 10000.0
10000.0 10000.0 9976.313333333334 9964.272083333333 9952.048750000002 9967.375416666668 9960.725416666668 9993.35 9986.7 9979.416666666668 9979.416666666668 9979.416666666668 9993.35 9986.7 9979.416666666668 9972.766666666668 9979.416666666668 9986.7 9993.35 9972.766666666668 9979.416666666668 9972.766666666668 9993.35 9986.7 9979.416666666668 9972.766666666668 9979.416666666668 9986.7 9981.30875 9960.725416666668 9967.375416666668 9967.375416666668 10000.0 10000.0 10000.0
10000.0 10000.0 9998.005 9991.554499999998 9967.452999999998 9967.604999999998 9967.281999999997 9982.197 9980.239999999998 9974.976999999997 9977.484999999999 9980.505999999998 9977.541999999998 9980.287499999999 9974.530499999997 9982.662499999999 9979.147499999997 9972.0795 9971.509499999998 9969.637999999997 9982.405999999999 9980.002499999997 9977.019499999999 9976.364 9973.570999999998 9976.002999999997 9978.339999999998 9978.881499999998 9981.626999999999 9970.283999999998 9978.054999999998 9982.861999999997 9996.922 10000.0 10000.0
10000.0 10000.0 9999.202 9998.869499999999 9986.880499999997 9985.673999999999 9983.051999999996 9988.295999999997 9986.747499999998 9982.890499999998 9986.006499999996 9988.837499999996 9986.139499999997 9986.386499999999 9983.118499999995 9988.837499999996 9986.139499999997 9983.878499999999 9984.913999999997 9984.049499999996 9988.751999999997 9986.424499999997 9985.208499999999 9986.443499999996 9985.398499999996 9986.196499999998 9985.493499999999 9985.692999999996 9988.561999999996 9980.572499999997 9986.054 9990.841999999999 9998.651 10000.0 10000.0
10000.0 10000.0 9983.6695 9945.592382352941 9803.814941176468 9673.085999999998 9735.510499999999 9806.722500000002 9872.89 9831.441499999999 9774.6505 9844.1145 9815.832999999997 9789.1285 9810.645999999999 9786.592 9821.494999999997 9752.069 9766.8985 9742.455 9782.877499999999 9824.439999999999 9792.206499999998 9855.353000000001 9791.807499999999 9769.007499999998 9754.073499999999 9819.386 9791.674500000001 9787.989617647057 9719.228058823526 9878.922499999999 9984.4295 10000.0 10000.0
10000.0 10000.0 9954.314499999999 9550.327 9261.812 9573.621000000001 9685.198499999999 9865.802999999998 9899.7275 9760.011 9789.081 9863.608499999998 9836.505 9745.153000000002 9688.884499999998 9763.592499999999 9775.904499999999 9762.272 9784.483000000002 9692.7605 9851.9995 9829.076 9803.8345 9823.452 9733.0975 9752.030999999999 9778.0895 9823.299999999997 6568.144 7065.4310000000005 9631.238500000001 9722.333999999999 9929.728499999997 10000.0 10000.0
10000.0 10000.0 9998.6035 9997.938499999998 9976.21833333333 9975.917499999996 9975.717999999997 9987.640499999998 9988.086999999998 9983.137499999997 9986.167999999998 9988.362499999997 9986.566999999997 9987.887499999997 9982.937999999998 9988.362499999997 9986.566999999997 9978.767499999996 9980.686499999998 9977.532499999998 9988.675999999998 9986.851999999997 9983.802499999996 9984.324999999999 9982.719499999997 9985.027999999997 9986.082499999997 9985.654999999997 9988.799499999997 9972.839499999998 9980.509166666665 9985.521999999999 9997.1595 10000.0 10000.0
10000.0 10000.0 9995.554 9994.357 9977.143 9960.8505 9971.709 9978.188 9993.103 9988.4575 9979.565499999999 9985.806999999999 9981.1615 9976.6395 9985.009 9978.396999999999 9985.446 9974.1315 9976.554 9972.478500000001 9978.396999999999 9984.192 9978.8815 9987.374499999998 9980.468 9977.4755 9976.858 9981.7315 9976.687 9974.483 9963.890500000001 9982.539 9995.858 10000.0 10000.0
10000.0 10000.0 9999.4015 9998.2045 9992.6945 9990.908500000001 9990.880000000001 9995.003 9994.205 9993.635 9993.0935 9993.464 9995.402 9994.205 9993.236 9993.0935 9993.863 9993.502 9992.504500000001 9991.336000000001 9993.692000000001 9993.863 9994.547 9992.438 9992.438 9992.808500000001 9993.863 9995.003 9993.806 9990.7945 9992.808500000001 9995.2785 9999.4015 10000.0 10000.0
10000.0 10000.0 10000.0 9998.01724137931 9992.903936454022 9993.199310181033 9994.833965353448 9996.976379310343 9996.483362068964 9993.847931034481 9995.485861905172 9996.625861905171 9995.834741051724 9995.508792939654 9993.854482594827 9995.325344827585 9995.163189655172 9995.174655008619 9995.16810328448 9994.339310181032 9995.649655172412 9995.16974137931 9995.18120689655 9996.103361905172 9994.987930870688 9994.835603284482 9994.509655172413 9996.160689655171 9982.23499999999 9979.462844663783 9993.909080295976 9997.529999836208 9999.344827586207 10000.0 9998.362068965516
10000.0 10000.0 9999.05 9991.449999999997 9943.949999999999 9951.549999999992 9958.199999999993 9989.549999999996 9986.699999999995 9946.8 9980.049999999994 9981.949999999993 9983.849999999995 9981.949999999995 9962.949999999997 9980.049999999994 9979.099999999995 9967.699999999993 9970.549999999992 9951.549999999996 9981.949999999992 9974.349999999997 9971.499999999996 9980.049999999996 9963.899999999994 9971.499999999993 9979.099999999995 9988.599999999997 9987.649999999992 9932.549999999997 9948.69999999999 9960.099999999993 9994.299999999997 9995.249999999998 9969.599999999999

H cap
9513.5 9503.0 9968.5 9958.0 9905.5 9804.0 9849.5 9940.5 9860.0 9818.0 9804.0 9856.5 9905.5 9800.5 9874.0 9867.0 9856.5 9842.5 9853.0 9905.5 9804.0 9769.0 9860.0 9958.0 9968.5 9513.5 9513.5 10000.0 10000.0 10000.0 10000.0 10000.0 10000.0 10000.0 10000.0
9906.0 9880.0 9951.0 9952.0 9949.5 9927.0 9931.5 9954.0 9944.5 9941.5 9924.5 9929.5 9943.5 9926.5 9942.0 9934.5 9932.5 9939.5 9941.5 9951.0 9931.5 9924.0 9941.5 9952.0 9954.0 9766.0 9784.0 10000.0 10000.0 10000.0 10000.0 10000.0 10000.0 10000.0 10000.0
9930.0 9926.5 9989.5 9986.0 9982.5 9972.0 9975.5 9982.5 9979.0 9975.5 9968.5 9975.5 9982.5 9958.0 9968.5 9979.0 9975.5 9972.0 9975.5 9979.0 9968.5 9968.5 9975.5 9986.0 9989.5 9930.0 9930.0 10000.0 10000.0 10000.0 10000.0 10000.0 10000.0 10000.0 10000.0
9542.0 9522.0 9950.0 9949.0 9934.0 9845.0 9849.0 9935.5 9913.0 9877.0 9836.0 9874.5 9916.5 9706.5 9760.0 9878.5 9876.0 9877.0 9879.5 9929.5 9856.5 9822.5 9893.0 9949.0 9951.5 9472.5 9481.5 10000.0 10000.0 10000.0 10000.0 10000.0 10000.0 10000.0 10000.0

