T P M C
35 37 4 12

base obj
0.6333333333333333

exp obj
5.3533333333333335

Objective struct
0.6333333333333333 0.0 4.720000000000001

num campaigns
329

x
0 0 0 0 1 0 0 0 1 0 0 0 1 0 0 0 1 0 0 0 1 0 0 0 1 0 0 0 0 1 0 0 0 0 0
0 0 0 0 1 0 0 0 0 1 0 0 0 0 1 0 0 0 0 1 0 0 0 0 1 0 0 0 0 1 0 0 0 0 0
0 0 0 0 1 0 0 0 1 0 0 0 1 0 0 0 0 1 0 0 0 1 0 0 0 1 0 0 0 1 0 0 0 0 0
0 0 0 0 1 0 0 0 0 1 0 0 0 0 1 0 0 0 0 1 0 0 0 0 1 0 0 0 0 1 0 0 0 0 0
0 0 0 0 1 0 0 1 0 0 1 0 0 0 1 0 0 1 0 0 1 0 0 1 0 0 1 0 0 1 0 0 0 0 0
0 0 0 0 1 0 0 0 0 1 0 0 0 0 1 0 0 0 0 1 0 0 0 0 1 0 0 0 0 1 0 0 0 0 0
0 0 0 0 1 0 0 0 0 1 0 0 0 0 1 0 0 0 0 1 0 0 0 0 1 0 0 0 0 1 0 0 0 0 0
0 0 0 0 1 0 0 0 0 0 0 0 0 0 0 0 0 0 0 0 0 0 0 0 0 0 0 0 0 1 0 0 0 0 0
0 0 0 0 0 0 0 0 0 0 0 0 0 0 0 0 0 0 0 1 0 0 0 0 0 0 0 0 0 0 0 0 0 0 0
0 0 0 0 0 1 0 1 0 1 0 1 0 1 0 1 0 1 0 1 0 1 0 1 0 1 0 1 0 1 0 0 0 0 0
0 0 0 0 0 1 0 0 0 0 0 0 0 0 0 0 0 1 0 0 0 0 0 0 0 0 0 0 0 1 0 0 0 0 0
0 0 0 0 1 0 0 0 0 0 0 0 0 0 0 0 0 0 0 0 0 0 0 0 0 0 0 0 0 1 0 0 0 0 0
0 0 0 0 1 0 0 0 0 1 0 0 0 0 1 0 0 0 0 1 0 0 0 0 1 0 0 0 0 1 0 0 0 0 0
0 0 0 0 1 0 0 0 0 1 0 0 0 0 1 0 0 0 0 1 0 0 0 0 1 0 0 0 0 1 0 0 0 0 0
0 0 0 0 1 0 0 0 0 0 0 0 1 0 0 0 0 0 0 0 1 0 0 0 0 0 0 0 0 1 0 0 0 0 0
0 0 0 0 0 0 0 0 0 0 0 0 0 0 0 0 0 0 0 0 0 1 0 0 0 0 0 0 0 0 0 0 0 0 0
0 0 0 0 0 1 0 0 0 0 0 0 0 0 0 0 0 1 0 0 0 0 0 0 0 0 0 0 0 1 0 0 0 0 0
0 0 0 0 1 0 0 0 0 0 0 0 0 0 0 0 0 0 0 0 0 0 0 0 0 0 0 0 0 1 0 0 0 0 0
0 0 0 0 1 0 0 1 0 1 0 1 0 1 0 1 0 1 0 1 0 1 0 1 0 1 0 1 0 1 0 0 0 0 0
0 0 0 0 1 0 0 0 0 0 0 0 0 0 0 0 0 0 0 0 0 0 0 0 0 0 0 0 0 0 0 0 0 0 0
0 0 0 0 1 0 0 0 0 1 0 0 0 0 1 0 0 0 0 1 0 0 0 0 1 0 0 0 0 1 0 0 0 0 0
0 0 0 0 0 1 0 0 0 0 0 0 0 0 0 0 0 1 0 0 0 0 0 0 0 0 0 0 0 1 0 0 0 0 0
0 0 0 0 1 0 0 0 0 0 0 0 0 0 0 0 0 0 0 0 0 0 0 0 0 0 0 0 0 1 0 0 0 0 0
0 0 0 0 1 0 0 0 0 0 1 0 0 0 0 0 0 1 0 0 0 0 0 1 0 0 0 0 0 1 0 0 0 0 0
0 0 0 0 0 1 0 0 0 0 0 0 0 0 0 0 0 1 0 0 0 0 0 0 0 0 0 0 0 1 0 0 0 0 0
0 0 0 0 1 0 0 0 0 0 0 0 1 0 0 0 0 0 0 0 1 0 0 0 0 0 0 0 0 1 0 0 0 0 0
0 0 0 0 1 0 0 0 0 0 1 0 0 0 0 0 0 1 0 0 0 0 0 1 0 0 0 0 0 1 0 0 0 0 0
0 0 0 0 0 0 0 0 0 0 0 0 0 0 0 0 0 0 0 0 0 0 0 0 0 0 1 0 0 0 0 0 0 0 0
0 0 0 0 1 0 1 0 1 0 0 1 0 1 0 1 0 1 0 0 1 0 0 1 0 0 1 0 0 1 0 0 0 0 0
0 0 0 0 1 1 1 1 1 1 1 1 1 1 1 1 1 1 1 1 1 1 1 1 1 1 1 1 1 1 0 0 0 0 0
0 0 0 0 1 1 1 1 1 1 1 1 1 1 1 1 1 1 1 1 1 1 1 1 1 1 1 1 1 1 0 0 0 0 0
0 0 0 0 1 1 1 1 1 1 1 1 1 1 1 1 1 1 1 1 1 1 1 1 1 1 1 1 1 1 0 0 0 0 0
0 0 0 0 1 1 1 1 1 1 1 1 1 1 1 1 1 1 1 1 1 1 1 1 1 1 1 1 1 1 0 0 0 0 0
0 0 0 0 1 1 1 1 1 1 1 1 1 1 1 1 1 1 1 1 1 1 1 1 1 1 1 1 1 1 0 0 0 0 0
0 0 0 0 1 1 1 1 1 1 1 1 1 1 1 1 1 1 1 1 1 1 1 1 1 1 1 1 1 1 0 0 0 0 0
0 0 0 0 1 1 1 1 1 1 1 1 1 1 1 1 1 1 1 1 1 1 1 1 1 1 1 1 1 1 0 0 0 0 0
0 0 0 0 0 1 0 0 0 0 0 0 0 0 0 0 0 1 0 0 0 0 0 0 0 0 0 0 0 1 0 0 0 0 0

y
0.0 0.0 0.0 0.0 0.0 0.0 0.0 0.0 0.0 0.2142857142857142 0.0 0.0 0.0 0.0 0.0 0.0 0.0 0.0 0.0 0.0 0.0 0.0 0.0 0.0 0.0 0.0 0.0 0.0 0.0 0.0 0.0 0.0 0.5098039215686274 0.0 0.0 0.0 0.0

k
0 0 0 0 0 0 0 0 0 2 0 0 0 0 0 0 0 0 0 0 0 0 0 0 0 0 0 0 0 0 0 0 26 0 0 0 0

f
0.0 0.0 0.0 0.0 0.0 0.0 0.0 0.0 0.0 0.0 0.0 0.0 0.0 0.0 0.0 0.0 0.0 0.0 0.0 0.0 0.0 0.0 0.0 0.0 0.0 0.0 0.0 0.0 0.0 0.0 0.0 0.0 0.0 0.0 0.0
0.0 0.0 0.0 0.0 0.0 0.0 0.0 0.0 0.0 0.0 0.0 0.0 0.0 0.0 0.0 0.0 0.0 0.0 0.0 0.0 0.0 0.0 0.0 0.0 0.0 0.0 0.0 0.0 0.0 0.0 0.0 0.0 0.0 0.0 0.0
0.0 0.0 0.0 0.0 0.0 0.0 0.0 0.0 0.0 0.0 0.0 0.0 0.0 0.0 0.0 0.0 0.0 0.0 0.0 0.0 0.0 0.0 0.0 0.0 0.0 0.0 0.0 0.0 0.0 0.0 0.0 0.0 0.0 0.0 0.0
0.0 0.0 0.0 0.0 0.0 0.0 0.0 0.0 0.0 0.0 0.0 0.0 0.0 0.0 0.0 0.0 0.0 0.0 0.0 0.0 0.0 0.0 0.0 0.0 0.0 0.0 0.0 0.0 0.0 0.0 0.0 0.0 0.0 0.0 0.0

L
4 5 4 5 3 5 5 25 0 2 12 25 5 5 8 0 12 25 2 0 5 12 25 6 12 8 6 0 2 1 1 1 1 1 1 1 12

g
0 0 0 0 0 0 0 0 0 0 0 0 0 0 0 0 0 0 0 0 0 0 0 0 0 0 0 0 0 0 0 0 0 0 0
0 0 0 0 0 0 0 0 0 0 0 0 0 0 0 0 0 0 0 0 0 0 0 0 0 0 0 0 0 0 0 0 0 0 0
0 0 0 0 0 0 0 0 0 0 0 0 0 0 0 0 0 0 0 0 0 0 0 0 0 0 0 0 0 0 0 0 0 0 0
0 0 0 0 0 0 0 0 0 0 0 0 0 0 0 0 0 0 0 0 0 0 0 0 0 0 0 0 0 0 0 0 0 0 0
0 0 0 0 0 0 0 0 0 0 0 0 0 0 0 0 0 0 0 0 0 0 0 0 0 0 0 0 0 0 0 0 0 0 0
0 0 0 0 0 0 0 0 0 0 0 0 0 0 0 0 0 0 0 0 0 0 0 0 0 0 0 0 0 0 0 0 0 0 0
0 0 0 0 0 0 0 0 0 0 0 0 0 0 0 0 0 0 0 0 0 0 0 0 0 0 0 0 0 0 0 0 0 0 0
0 0 0 0 0 0 0 0 0 0 0 0 0 0 0 0 0 0 0 0 0 0 0 0 0 0 0 0 0 0 0 0 0 0 0
0 0 0 0 0 0 0 0 0 0 0 0 0 0 0 0 0 0 0 0 0 0 0 0 0 0 0 0 0 0 0 0 0 0 0
0 0 0 0 0 0 0 0 0 0 0 0 0 0 0 0 0 0 0 0 0 0 0 0 0 0 0 0 0 0 0 0 0 0 0
0 0 0 0 0 0 0 0 0 0 0 0 0 0 0 0 0 0 0 0 0 0 0 0 0 0 0 0 0 0 0 0 0 0 0
0 0 0 0 0 0 0 0 0 0 0 0 0 0 0 0 0 0 0 0 0 0 0 0 0 0 0 0 0 0 0 0 0 0 0
0 0 0 0 0 0 0 0 0 0 0 0 0 0 0 0 0 0 0 0 0 0 0 0 0 0 0 0 0 0 0 0 0 0 0
0 0 0 0 0 0 0 0 0 0 0 0 0 0 0 0 0 0 0 0 0 0 0 0 0 0 0 0 0 0 0 0 0 0 0
0 0 0 0 0 0 0 0 0 0 0 0 0 0 0 0 0 0 0 0 0 0 0 0 0 0 0 0 0 0 0 0 0 0 0
0 0 0 0 0 0 0 0 0 0 0 0 0 0 0 0 0 0 0 0 0 0 0 0 0 0 0 0 0 0 0 0 0 0 0
0 0 0 0 0 0 0 0 0 0 0 0 0 0 0 0 0 0 0 0 0 0 0 0 0 0 0 0 0 0 0 0 0 0 0
0 0 0 0 0 0 0 0 0 0 0 0 0 0 0 0 0 0 0 0 0 0 0 0 0 0 0 0 0 0 0 0 0 0 0
0 0 0 0 0 0 0 0 0 0 0 0 0 0 0 0 0 0 0 0 0 0 0 0 0 0 0 0 0 0 0 0 0 0 0
0 0 0 0 0 0 0 0 0 0 0 0 0 0 0 0 0 0 0 0 0 0 0 0 0 0 0 0 0 0 0 0 0 0 0
0 0 0 0 0 0 0 0 0 0 0 0 0 0 0 0 0 0 0 0 0 0 0 0 0 0 0 0 0 0 0 0 0 0 0
0 0 0 0 0 0 0 0 0 0 0 0 0 0 0 0 0 0 0 0 0 0 0 0 0 0 0 0 0 0 0 0 0 0 0
0 0 0 0 0 0 0 0 0 0 0 0 0 0 0 0 0 0 0 0 0 0 0 0 0 0 0 0 0 0 0 0 0 0 0
0 0 0 0 0 0 0 0 0 0 0 0 0 0 0 0 0 0 0 0 0 0 0 0 0 0 0 0 0 0 0 0 0 0 0
0 0 0 0 0 0 0 0 0 0 0 0 0 0 0 0 0 0 0 0 0 0 0 0 0 0 0 0 0 0 0 0 0 0 0
0 0 0 0 0 0 0 0 0 0 0 0 0 0 0 0 0 0 0 0 0 0 0 0 0 0 0 0 0 0 0 0 0 0 0
0 0 0 0 0 0 0 0 0 0 0 0 0 0 0 0 0 0 0 0 0 0 0 0 0 0 0 0 0 0 0 0 0 0 0
0 0 0 0 0 0 0 0 0 0 0 0 0 0 0 0 0 0 0 0 0 0 0 0 0 0 0 0 0 0 0 0 0 0 0
0 0 0 0 0 0 0 0 0 0 0 0 0 0 0 0 0 0 0 0 0 0 0 0 0 0 0 0 0 0 0 0 0 0 0
0 0 0 0 0 0 0 0 0 0 0 0 0 0 0 0 0 0 0 0 0 0 0 0 0 0 0 0 0 0 0 0 0 0 0
0 0 0 0 0 0 0 0 0 0 0 0 0 0 0 0 0 0 0 0 0 0 0 0 0 0 0 0 0 0 0 0 0 0 0
0 0 0 0 0 0 0 0 0 0 0 0 0 0 0 0 0 0 0 0 0 0 0 0 0 0 0 0 0 0 0 0 0 0 0
0 0 0 0 0 0 0 0 0 0 0 0 0 0 0 0 0 0 0 0 0 0 0 0 0 0 0 0 0 0 0 0 0 0 0
0 0 0 0 0 0 0 0 0 0 0 0 0 0 0 0 0 0 0 0 0 0 0 0 0 0 0 0 0 0 0 0 0 0 0
0 0 0 0 0 0 0 0 0 0 0 0 0 0 0 0 0 0 0 0 0 0 0 0 0 0 0 0 0 0 0 0 0 0 0
0 0 0 0 0 0 0 0 0 0 0 0 0 0 0 0 0 0 0 0 0 0 0 0 0 0 0 0 0 0 0 0 0 0 0
0 0 0 0 0 0 0 0 0 0 0 0 0 0 0 0 0 0 0 0 0 0 0 0 0 0 0 0 0 0 0 0 0 0 0

I cap
10000.0 10000.0 9806.523000000001 9761.873000000001 8860.57 9155.164999999999 9134.474 9518.122 9698.716999999999 9199.891 9357.724 9503.264000000001 9442.672999999997 9556.407 8974.95 9536.153 9656.1 9481.604 9376.495999999997 8891.539999999999 9365.323999999999 9334.525000000001 9419.606999999996 9457.569 9230.291 9540.01 9536.286000000002 9480.103 9635.143 8701.065 9158.964999999998 9273.516000000001 9791.399 10000.0 10000.0
10000.0 10000.0 9960.347 9960.347 9833.939999999999 9820.64 9822.330999999998 9888.982999999998 9961.182999999999 9912.809 9921.225999999999 9942.885999999999 9948.376999999999 9955.293 9900.249999999998 9938.497 9944.9 9914.100999999997 9897.608999999999 9832.514999999998 9917.426 9923.524999999998 9939.142999999998 9954.381 9915.659 9932.739999999998 9933.614 9919.496999999998 9929.757 9765.539999999997 9816.84 9853.338999999998 9960.651 10000.0 10000.0
10000.0 10000.0 9976.313333333334 9964.272083333333 9952.048750000002 9967.375416666668 9967.375416666668 9993.35 9993.35 9972.766666666668 9979.416666666668 9972.766666666668 9993.35 9986.7 9979.416666666668 9972.766666666668 9979.416666666668 9986.7 9993.35 9972.766666666668 9979.416666666668 9972.766666666668 9993.35 9986.7 9979.416666666668 9972.766666666668 9979.416666666668 9986.7 9981.30875 9960.725416666668 9967.375416666668 9967.375416666668 10000.0 10000.0 10000.0
10000.0 10000.0 9998.005 9991.554499999998 9974.102999999997 9967.604999999998 9967.281999999997 9975.547 9980.239999999998 9974.976999999997 9977.484999999999 9980.505999999998 9977.541999999998 9980.287499999999 9974.530499999997 9982.662499999999 9982.329999999998 9972.886999999999 9968.108499999998 9963.263499999997 9980.3445 9978.406499999997 9978.6155 9979.555999999999 9975.831999999997 9977.598999999997 9978.539499999999 9978.881499999998 9982.225499999999 9970.283999999998 9978.054999999998 9982.861999999997 9996.922 10000.0 10000.0
10000.0 10000.0 9999.202 9998.869499999999 9988.780499999997 9985.673999999999 9983.051999999996 9986.395999999997 9986.747499999998 9982.890499999998 9986.006499999996 9988.837499999996 9986.139499999997 9986.386499999999 9983.118499999995 9988.837499999996 9988.685499999998 9984.524499999998 9983.783499999998 9981.047499999995 9988.419499999998 9986.196499999998 9985.360499999997 9986.899499999996 9985.797499999997 9986.424499999997 9985.559999999998 9985.692999999996 9988.761499999997 9980.572499999997 9986.054 9990.841999999999 9998.651 10000.0 10000.0
10000.0 10000.0 9983.6695 9945.592382352941 9854.022441176468 9710.183499999997 9710.952999999998 9743.975000000002 9841.539999999999 9789.6415 9835.260499999999 9812.7645 9770.232999999998 9834.7285 9768.846 9829.152 9798.476499999999 9795.645499999999 9675.6415 9766.8035 9781.613999999998 9738.939999999999 9827.2045 9803.388 9770.964499999998 9847.857499999998 9832.761999999999 9798.961000000001 9868.615 9787.989617647057 9719.228058823526 9878.922499999999 9984.4295 10000.0 10000.0
10000.0 10000.0 9954.314499999999 9849.577 9560.036 9523.0905 9536.124499999998 9659.121 9746.2075 9599.651000000002 9688.599499999998 9710.088499999998 9671.490000000002 9718.9805 9586.712 9733.695999999998 9737.173 9669.0675 9538.556500000002 9494.334 9682.757 9614.052999999998 9701.718999999997 9689.4165 9630.317000000003 9698.869 9707.8085 9681.322499999998 9788.9385 9567.4935 9631.238500000001 9722.333999999999 9929.728499999997 10000.0 10000.0
10000.0 10000.0 9998.6035 9997.938499999998 9983.81833333333 9975.917499999996 9975.717999999997 9980.040499999997 9988.086999999998 9983.137499999997 9986.167999999998 9988.362499999997 9986.566999999997 9987.887499999997 9982.937999999998 9988.362499999997 9988.476499999997 9979.251999999997 9977.323499999997 9971.974999999999 9986.348499999996 9985.027999999997 9985.683499999997 9987.972999999998 9985.246499999997 9986.851999999997 9986.281999999997 9985.654999999997 9989.397999999997 9972.839499999998 9980.509166666665 9985.521999999999 9997.1595 10000.0 10000.0
10000.0 10000.0 9995.554 9994.357 9983.0615 9966.921 9967.6905 9970.2175 9987.973 9981.6175 9988.086999999998 9980.677 9973.2765 9984.5245 9978.169 9985.446 9981.8455 9980.9715 9961.1355 9977.6085 9978.872 9971.747 9985.864 9979.461 9977.0575 9989.2555 9988.6855 9977.884 9988.657 9974.483 9963.890500000001 9982.539 9995.858 10000.0 10000.0
10000.0 10000.0 9999.4015 9998.2045 9994.5945 9990.908500000001 9990.880000000001 9993.103000000001 9994.205 9993.635 9993.0935 9993.464 9995.402 9994.205 9993.236 9993.0935 9993.863 9993.502 9991.051000000001 9989.968 9992.6945 9993.179 9995.003 9993.806 9993.635 9993.4925 9994.0625 9995.003 9994.4045 9990.7945 9992.808500000001 9995.2785 9999.4015 10000.0 10000.0
10000.0 10000.0 10000.0 9999.327586206897 9994.869453695403 9993.199310181033 9994.178792939654 9995.33844827586 9995.507155172412 9993.520344827584 9994.496551560344 9995.64965500862 9994.858534318964 9995.18120689655 9993.85120689655 9995.322068965515 9994.835603448275 9994.519482594826 9993.864310181032 9993.95439638793 9993.531810344826 9994.509655172413 9994.19517241379 9995.99689638793 9994.180430870689 9994.168965353447 9994.503103284482 9996.321206732757 9995.987068801722 9993.549051560343 9994.56425270977 9997.202413629311 9999.672413793103 10000.0 9998.362068965516
10000.0 10000.0 9999.05 9993.349999999997 9956.300000000001 9952.499999999993 9957.249999999993 9978.149999999994 9985.749999999996 9959.149999999998 9965.799999999994 9978.149999999992 9981.949999999995 9981.949999999997 9966.749999999998 9980.999999999993 9981.949999999993 9965.799999999996 9969.599999999991 9950.599999999993 9974.349999999995 9971.499999999995 9970.549999999997 9982.899999999994 9964.849999999995 9975.299999999994 9980.049999999996 9990.499999999995 9986.699999999992 9933.499999999998 9950.59999999999 9960.099999999993 9995.249999999998 9995.249999999998 9969.599999999999

H cap
9580.0 9503.0 9912.5 9958.0 9895.0 9804.0 9839.0 9930.0 9853.0 9853.0 9856.5 9856.5 9916.0 9800.5 9853.0 9842.5 9716.5 9807.5 9933.5 9930.0 9776.0 9814.5 9912.5 9923.0 9979.0 9513.5 9513.5 10000.0 10000.0 10000.0 10000.0 10000.0 10000.0 10000.0 10000.0
9930.0 9892.0 9936.0 9946.0 9938.5 9921.0 9928.5 9943.0 9935.5 9935.5 9926.5 9926.5 9943.0 9923.5 9928.5 9930.5 9913.5 9930.5 9947.5 9943.0 9918.5 9926.0 9943.5 9946.0 9953.0 9892.0 9913.0 10000.0 10000.0 10000.0 10000.0 10000.0 10000.0 10000.0 10000.0
9944.0 9926.5 9979.0 9986.0 9979.0 9972.0 9972.0 9979.0 9975.5 9975.5 9975.5 9975.5 9986.0 9958.0 9961.5 9979.0 9961.5 9968.5 9986.0 9979.0 9965.0 9975.5 9982.5 9986.0 9993.0 9930.0 9930.0 10000.0 10000.0 10000.0 10000.0 10000.0 10000.0 10000.0 10000.0
9723.5 9528.0 9775.5 9946.0 9912.5 9842.0 9859.5 9914.0 9876.5 9876.5 9873.0 9873.0 9926.0 9705.0 9727.5 9888.0 9806.0 9851.5 9933.5 9914.0 9818.5 9860.5 9932.5 9943.5 9967.0 9535.5 9546.0 10000.0 10000.0 10000.0 10000.0 10000.0 10000.0 10000.0 10000.0

