T P M C
22 37 4 12

base obj
11.858974358974358

exp obj
13.394230769230768

Objective struct
11.858974358974358 0.0 18.0

num campaigns
118

x
0 0 0 0 1 0 0 0 1 0 1 0 0 0 0 0 1 0 0 0 0 0
0 0 0 0 0 0 0 0 0 0 0 0 0 0 0 0 0 0 0 0 0 0
0 0 0 0 1 0 0 0 1 0 0 0 0 0 1 0 0 0 0 0 0 0
0 0 0 0 1 0 0 0 0 0 1 0 0 0 0 0 1 0 0 0 0 0
0 0 0 0 0 0 1 0 1 0 0 1 0 1 0 0 1 0 0 0 0 0
0 0 0 0 0 0 1 0 0 0 0 0 1 0 0 0 0 0 0 0 0 0
0 0 0 0 1 0 0 0 0 0 1 0 0 0 0 0 1 0 0 0 0 0
0 0 0 0 0 0 0 0 0 0 0 0 1 0 0 0 0 0 0 0 0 0
0 0 0 0 0 0 0 0 0 0 0 0 0 0 1 0 0 0 0 0 0 0
0 0 0 0 0 0 1 0 0 0 0 0 0 0 1 0 0 0 0 0 0 0
0 0 0 0 1 0 0 0 0 0 0 0 0 0 0 0 1 0 0 0 0 0
0 0 0 0 0 0 1 0 0 0 0 0 0 0 0 0 0 0 0 0 0 0
0 0 0 0 0 0 0 0 0 0 0 0 0 0 0 0 1 0 0 0 0 0
0 0 0 0 0 0 0 0 1 0 0 0 0 0 1 0 0 0 0 0 0 0
0 0 0 0 0 0 0 0 0 0 0 0 0 0 0 0 0 0 0 0 0 0
0 0 0 0 0 0 0 0 0 0 0 0 1 0 0 0 0 0 0 0 0 0
0 0 0 0 1 0 0 0 0 0 0 0 0 0 0 0 1 0 0 0 0 0
0 0 0 0 0 0 0 0 0 0 0 0 0 0 1 0 0 0 0 0 0 0
0 0 0 0 1 0 1 0 1 0 1 0 1 0 1 0 1 0 0 0 0 0
0 0 0 0 0 0 1 0 0 0 0 0 0 0 0 0 0 0 0 0 0 0
0 0 0 0 1 0 0 0 0 1 0 0 0 0 0 1 0 0 0 0 0 0
0 0 0 0 0 0 0 0 0 0 0 0 0 0 0 0 0 0 0 0 0 0
0 0 0 0 0 0 0 0 0 0 1 0 0 0 0 0 0 0 0 0 0 0
0 0 0 0 0 0 0 0 0 0 0 0 0 0 0 0 0 0 0 0 0 0
0 0 0 0 0 0 0 0 0 0 0 0 0 0 0 0 0 0 0 0 0 0
0 0 0 0 1 0 0 0 0 0 0 0 0 0 0 0 1 0 0 0 0 0
0 0 0 0 0 0 1 0 0 0 0 0 0 0 1 0 0 0 0 0 0 0
0 0 0 0 0 0 0 0 1 0 0 0 0 0 0 0 0 0 0 0 0 0
0 0 0 0 0 0 0 0 0 0 0 0 0 0 0 0 0 0 0 0 0 0
0 0 0 0 1 1 1 1 1 1 1 1 1 1 1 1 1 0 0 0 0 0
0 0 0 0 1 1 1 1 1 1 1 1 1 1 1 1 1 0 0 0 0 0
0 0 0 0 1 1 1 1 1 1 1 1 1 1 1 1 1 0 0 0 0 0
0 0 0 0 0 1 1 1 1 0 0 1 1 1 0 1 1 0 0 0 0 0
0 0 0 0 1 1 1 1 1 1 1 1 1 1 1 1 1 0 0 0 0 0
0 0 0 0 0 0 0 1 1 1 0 0 1 0 1 1 0 0 0 0 0 0
0 0 0 0 0 0 0 0 0 0 0 0 0 0 0 0 0 0 0 0 0 0
0 0 0 0 0 0 0 0 0 0 0 0 0 0 0 0 0 0 0 0 0 0

y
0.0 0.0 0.0 0.0 0.0 0.0 0.0 0.0 0.0 6.285714285714286 0.0 0.0 0.0 0.0 0.0 0.0 0.0 0.0 0.0 0.0 0.0 0.0 0.0 0.0 0.0 0.0 2.0 0.0 0.0 0.0 0.0 0.0 0.52 0.0 0.0 0.0 0.0

k
0 3 1 0 0 1 0 0 0 6 0 0 2 1 2 0 0 0 0 0 0 2 0 3 2 0 1 0 6 0 0 0 17 0 7 13 2

f
0.0 0.0 0.0 0.0 0.0 0.0 0.0 0.0 12.25 12.25 0.0 0.0 0.0 0.0 0.0 0.0 0.0 0.0 0.0 0.0 0.0 0.0
0.0 0.0 0.0 0.0 0.0 0.0 0.0 0.0 0.0 0.0 0.0 0.0 4.0 0.0 0.0 0.0 0.0 0.0 0.0 0.0 0.0 0.0
0.0 0.0 0.0 0.0 0.0 0.0 0.0 0.0 0.0 0.0 0.0 0.0 0.0 0.0 0.0 0.0 0.0 0.0 0.0 0.0 0.0 0.0
0.0 5.25 0.0 0.0 0.25 1.75 0.75 0.25 0.0 0.0 0.75 2.75 12.25 0.25 0.0 0.0 0.0 0.0 0.0 0.0 0.0 0.0

L
2 0 4 6 2 6 6 0 0 8 12 0 0 6 0 0 12 0 2 0 5 0 0 0 0 12 8 0 0 1 1 1 1 1 1 0 0

g
0 0 0 0 0 0 0 0 0 0 0 0 0 0 0 0 0 0 0 0 0 0
0 0 0 0 0 0 0 0 0 0 0 0 0 0 0 0 0 0 0 0 0 0
0 0 0 0 0 0 0 0 0 0 0 0 0 0 0 0 0 0 0 0 0 0
0 0 0 0 0 0 0 0 0 0 0 0 0 0 0 0 0 0 0 0 0 0
0 0 0 0 0 0 0 0 0 0 0 0 0 0 0 0 0 0 0 0 0 0
0 0 0 0 0 0 0 0 0 0 0 0 0 0 0 0 0 0 0 0 0 0
0 0 0 0 0 0 0 0 0 0 0 0 0 0 0 0 0 0 0 0 0 0
0 0 0 0 0 0 0 0 0 0 0 0 0 0 0 0 0 0 0 0 0 0
0 0 0 0 0 0 0 0 0 0 0 0 0 0 0 0 0 0 0 0 0 0
0 0 0 0 0 0 0 0 0 0 0 0 0 0 0 0 0 0 0 0 0 0
0 0 0 0 0 0 0 0 0 0 0 0 0 0 0 0 0 0 0 0 0 0
0 0 0 0 0 0 0 0 0 0 0 0 0 0 0 0 0 0 0 0 0 0
0 0 0 0 0 0 0 0 0 0 0 0 0 0 0 0 0 0 0 0 0 0
0 0 0 0 0 0 0 0 0 0 0 0 0 0 0 0 0 0 0 0 0 0
0 0 0 0 0 0 0 0 0 0 0 0 0 0 0 0 0 0 0 0 0 0
0 0 0 0 0 0 0 0 0 0 0 0 0 0 0 0 0 0 0 0 0 0
0 0 0 0 0 0 0 0 0 0 0 0 0 0 0 0 0 0 0 0 0 0
0 0 0 0 0 0 0 0 0 0 0 0 0 0 0 0 0 0 0 0 0 0
0 0 0 0 0 0 0 0 0 0 0 0 0 0 0 0 0 0 0 0 0 0
0 0 0 0 0 0 0 0 0 0 0 0 0 0 0 0 0 0 0 0 0 0
0 0 0 0 0 0 0 0 0 0 0 0 0 0 0 0 0 0 0 0 0 0
0 0 0 0 0 0 0 0 0 0 0 0 0 0 0 0 0 0 0 0 0 0
0 0 0 0 0 0 0 0 0 0 0 0 0 0 0 0 0 0 0 0 0 0
0 0 0 0 0 0 0 0 0 0 0 0 0 0 0 0 0 0 0 0 0 0
0 0 0 0 0 0 0 0 0 0 0 0 0 0 0 0 0 0 0 0 0 0
0 0 0 0 0 0 0 0 0 0 0 0 0 0 0 0 0 0 0 0 0 0
0 0 0 0 0 0 0 0 0 0 0 0 0 0 0 0 0 0 0 0 0 0
0 0 0 0 0 0 0 0 0 0 0 0 0 0 0 0 0 0 0 0 0 0
0 0 0 0 0 0 0 0 0 0 0 0 0 0 0 0 0 0 0 0 0 0
0 0 0 0 0 0 0 0 0 0 0 0 0 0 0 0 0 0 0 0 0 0
0 0 0 0 0 0 0 0 0 0 0 0 0 0 0 0 0 0 0 0 0 0
0 0 0 0 0 0 0 0 0 0 0 0 0 0 0 0 0 0 0 0 0 0
0 0 0 0 0 0 0 0 0 0 0 0 0 0 0 0 0 0 0 0 0 0
0 0 0 0 0 0 0 0 0 0 0 0 0 0 0 0 0 0 0 0 0 0
0 0 0 0 0 0 0 0 0 0 0 0 0 0 0 0 0 0 0 0 0 0
0 0 0 0 0 0 0 0 0 0 0 0 0 0 0 0 0 0 0 0 0 0
0 0 0 0 0 0 0 0 0 0 0 0 0 0 0 0 0 0 0 0 0 0

I cap
1058.909090909091 1058.909090909091 984.605090909091 984.605090909091 777.62 888.944 638.534 1036.0979999999995 563.366 727.8839999999999 462.7260000000001 744.8100000000001 707.328 788.07 674.1000000000001 681.8090909090911 372.4790909090909 712.103090909091 782.645090909091 984.605090909091 1058.909090909091 1058.909090909091
107.96969696969697 107.96969696969697 104.87369696969697 104.87369696969697 68.01999999999998 82.296 12.885999999999992 60.30199999999999 76.03399999999999 112.51599999999999 52.07399999999999 77.69 58.071999999999996 48.22999999999999 17.29999999999998 24.26969696969697 10.499696969696966 38.97569696969696 54.833696969696966 104.87369696969697 107.96969696969697 107.96969696969697
38.96666666666666 38.96666666666666 38.96666666666666 38.96666666666666 2.1599999999999966 0.060000000000002274 0.9800000000000004 32.2 27.300000000000008 19.700000000000006 4.999999999999997 9.900000000000002 11.899999999999999 18.692499999999995 7.492499999999999 8.059166666666663 1.7591666666666628 19.46666666666666 32.666666666666664 38.96666666666666 38.96666666666666 38.96666666666666
45.24545454545453 45.24545454545453 44.67845454545453 39.323454545454524 18.519000000000002 28.85399999999999 21.69899999999999 26.481000000000005 22.560000000000002 27.83499999999999 25.02899999999999 23.744 20.418 19.357999999999997 8.655999999999999 20.432454545454522 29.41445454545452 44.039454545454525 44.34545454545453 44.67845454545453 45.24545454545453 45.24545454545453
20.999999999999993 20.999999999999993 20.810999999999993 20.49599999999999 6.545999999999999 14.493999999999998 7.543000000000004 11.823000000000002 7.708999999999997 7.528999999999997 9.49 14.062 12.300000000000002 14.868000000000004 6.503 6.554999999999991 7.544999999999994 15.347999999999995 18.110999999999994 20.810999999999993 20.999999999999993 20.999999999999993
345.75757575757575 345.75757575757575 342.16657575757574 312.51951693404635 167.55047058823524 150.486 168.127 172.34499999999997 216.088 233.30499999999998 208.04799999999997 184.62099999999995 215.40899999999996 226.65899999999996 186.613 212.37757575757578 232.22363458110522 245.6331051693404 295.3665757575758 342.16657575757574 345.75757575757575 345.75757575757575
779.7575757575758 779.7575757575758 766.3385757575758 766.3385757575758 479.9939999999999 543.664 575.314 620.0920000000001 726.385 794.845 648.4939999999999 671.42 639.934 728.6200000000001 634.8350000000002 491.2895757575758 537.0725757575757 696.1835757575757 723.0215757575758 766.3385757575758 779.7575757575758 779.7575757575758
80.73333333333335 80.73333333333335 80.16633333333336 79.53633333333336 60.495 79.71600000000002 67.05300000000003 76.36100000000002 74.12400000000001 80.50900000000001 70.93200000000002 81.36100000000002 87.42100000000003 86.21700000000001 73.82100000000001 65.03733333333336 67.89033333333336 77.03733333333335 80.16633333333336 80.16633333333336 80.73333333333335 80.73333333333335
10.775757575757575 10.775757575757575 10.775757575757575 10.775757575757575 4.593 0.24200000000000088 1.189 1.899999999999999 0.08000000000000007 3.6999999999999997 6.335000000000001 4.515 0.10499999999999998 1.6099999999999999 2.3799999999999986 0.20075757575757436 0.12875757575757474 1.2177575757575756 5.024757575757576 10.775757575757575 10.775757575757575 10.775757575757575
2.545454545454545 2.545454545454545 1.9784545454545448 1.9784545454545448 2.0439999999999996 0.6439999999999999 0.7749999999999996 0.31799999999999984 0.8289999999999996 0.777 1.4769999999999996 0.07699999999999985 0.8329999999999999 0.7229999999999999 0.237 1.222454545454545 0.14245454545454472 0.4394545454545449 0.9794545454545447 1.9784545454545448 2.545454545454545 2.545454545454545
8.515433299825174 8.515433299825174 8.515433299825174 8.188754533944957 4.805053678160916 5.0431186206896506 4.776179086206893 6.780066224137931 7.876951413793106 7.075822862068968 7.558913465517243 7.277962241379313 6.996383620689657 5.665188620689652 5.898641999999998 5.446610362068965 5.66295792105263 6.086027758620688 6.440820172413792 7.4979288793103445 7.546136159874608 8.035367931034484
700.0 700.0 700.0 699.1 684.7000000000003 686.5000000000002 681.1000000000004 693.7000000000002 685.6000000000003 685.6000000000003 681.1000000000003 683.8000000000002 686.5000000000002 689.2000000000002 683.8000000000003 685.6000000000003 678.4000000000003 682.0000000000002 690.1000000000003 694.6 700.0 695.5

H cap
5.25 5.25 26.25 26.25 12.25 1.75 1.75 1.75 -12.25 -12.25 1.75 1.75 5.25 15.75 131.25 131.25 131.25 131.25 131.25 131.25 131.25 131.25
21.5 6.5 8.5 5.5 2.0 5.0 16.0 14.0 7.5 7.5 2.0 1.0 -4.0 14.0 52.5 52.5 52.5 52.5 52.5 52.5 52.5 52.5
38.5 38.5 45.5 45.5 49.0 49.0 49.0 45.5 49.0 49.0 38.5 42.0 35.0 35.0 63.0 63.0 63.0 63.0 63.0 63.0 63.0 63.0
2.25 -5.25 1.75 0.25 -0.25 -1.75 -0.75 -0.25 1.75 1.75 -0.75 -2.75 -12.25 -0.25 78.75 78.75 78.75 78.75 78.75 78.75 78.75 78.75

Gap
0.04649171904343906

Time
780.0012171268463

