T P M C
22 37 4 12

base obj
10.14102564102564

exp obj
18.38701923076923

Objective struct
10.14102564102564 8.791666666666668 34.333333333333336

num campaigns
132

x
0 0 0 0 0 0 0 0 1 0 0 0 0 0 1 0 2 0 0 0 0 0
0 0 0 0 1 0 0 0 0 0 0 1 0 0 0 0 0 0 0 0 0 0
0 0 0 0 0 0 0 0 1 0 0 0 0 0 3 0 0 0 0 0 0 0
0 0 0 0 0 0 0 1 0 0 0 0 0 1 1 0 0 0 0 0 0 0
0 0 0 0 0 0 4 0 0 0 1 0 0 0 0 0 0 0 0 0 0 0
0 0 0 0 1 0 0 0 0 0 2 0 0 0 0 0 0 0 0 0 0 0
0 0 0 0 0 0 0 0 0 0 0 0 3 0 0 0 0 0 0 0 0 0
0 0 0 0 0 0 0 0 0 1 0 0 0 0 0 0 0 0 0 0 0 0
0 0 0 0 0 0 0 0 1 0 0 0 0 0 0 0 0 0 0 0 0 0
0 0 0 0 0 0 0 0 0 0 0 0 0 0 0 0 0 0 0 0 0 0
0 0 0 0 0 0 1 0 0 0 0 0 0 0 1 0 0 0 0 0 0 0
0 0 0 0 1 0 0 0 0 0 0 0 0 0 0 0 0 0 0 0 0 0
0 0 0 0 0 0 0 0 0 0 0 0 0 0 0 0 0 0 0 0 0 0
0 0 0 0 0 0 0 0 0 0 0 0 3 0 0 0 0 0 0 0 0 0
0 0 0 0 0 0 0 0 0 0 0 0 0 0 0 0 0 0 0 0 0 0
0 0 0 0 1 0 0 0 0 0 0 0 0 0 0 0 0 0 0 0 0 0
0 0 0 0 0 0 0 0 0 0 0 0 0 0 1 0 1 0 0 0 0 0
0 0 0 0 0 0 0 0 0 0 0 0 1 0 0 0 0 0 0 0 0 0
0 0 0 0 1 0 2 0 0 0 0 1 0 2 0 0 1 0 0 0 0 0
0 0 0 0 0 0 1 0 0 0 0 0 0 0 0 0 0 0 0 0 0 0
0 0 0 0 0 0 0 0 1 0 0 0 0 0 0 0 2 0 0 0 0 0
0 0 0 0 0 0 0 0 0 0 0 0 0 0 0 0 0 0 0 0 0 0
0 0 0 0 0 0 1 0 0 0 0 0 0 0 0 0 0 0 0 0 0 0
0 0 0 0 0 0 0 0 0 0 0 0 0 0 0 0 0 0 0 0 0 0
0 0 0 0 0 0 0 0 0 0 0 0 0 0 0 0 0 0 0 0 0 0
0 0 0 0 1 0 0 0 1 0 0 0 0 0 0 0 0 0 0 0 0 0
0 0 0 0 0 1 0 1 0 0 1 0 0 0 0 0 0 0 0 0 0 0
0 0 0 0 0 0 0 0 0 0 0 0 1 0 0 0 0 0 0 0 0 0
0 0 0 0 0 0 0 0 0 0 0 0 0 0 0 0 0 0 0 0 0 0
0 0 0 0 5 0 0 0 5 0 0 0 1 0 0 2 0 0 0 0 0 0
0 0 0 0 3 2 0 0 0 0 4 0 0 0 0 0 4 0 0 0 0 0
0 0 0 0 2 0 1 0 4 0 0 0 0 0 0 0 6 0 0 0 0 0
0 0 0 0 0 1 0 0 8 0 9 0 1 0 0 2 0 0 0 0 0 0
0 0 0 0 1 0 11 0 0 1 0 0 0 0 0 0 0 0 0 0 0 0
0 0 0 0 0 0 0 0 1 0 1 0 1 2 0 0 0 0 0 0 0 0
0 0 0 0 0 0 0 0 0 0 0 0 0 0 0 0 0 0 0 0 0 0
0 0 0 0 0 0 0 0 0 0 0 0 0 0 0 0 0 0 0 0 0 0

y
0.0 1.0 0.0 0.0 0.0 0.0 0.0 0.0 0.0 0.0 0.0 0.0 0.0 0.0 0.0 0.0 0.0 0.0 0.0 0.0 0.0 0.0 0.0 0.0 0.0 0.0 0.0 0.0 0.0 0.0 0.0 0.0 0.0 0.0 0.0 0.0 0.0

k
0 1 0 0 0 0 0 0 0 8 0 0 3 0 2 0 0 0 0 0 0 2 0 3 2 0 0 0 6 0 0 0 5 0 8 13 2

f
0.0 0.0 0.0 1.0500000000000238 0.0 13.650000000000006 4.200000000000003 0.0 1.0500000000000114 0.0 1.050000000000022 0.0 1.0500000000000078 1.0500000000000078 0.0 0.0 0.0 0.0 0.0 0.0 0.0 0.0
0.0 0.0 0.0 0.0 10.500000000000007 12.75000000000001 0.5999999999999943 0.0 0.0 0.0 0.0 0.0 0.0 0.0 0.0 0.0 0.0 0.0 0.0 0.0 0.0 0.0
0.0 0.0 0.0 0.0 0.0 0.0 0.0 0.0 0.0 0.0 0.0 0.0 0.0 0.0 0.0 0.0 0.0 0.0 0.0 0.0 0.0 0.0
0.0 11.7 0.44999999999998685 0.900000000000011 8.43769498715119e-15 0.0 0.44999999999998863 1.4210854715202004e-14 0.0 1.687538997430238e-14 6.2999999999999865 0.0 4.949999999999978 0.0 0.0 0.0 0.0 0.0 0.0 0.0 0.0 0.0

L
0 7 0 1 0 0 0 0 0 0 8 0 0 0 0 0 2 0 0 0 0 0 0 0 0 4 2 0 0 0 0 0 0 0 0 0 0

g
0 0 0 0 0 0 0 0 0 0 0 0 0 0 0 0 1 0 0 0 0 0
0 0 0 0 0 0 0 0 0 0 0 0 0 0 0 0 0 0 0 0 0 0
0 0 0 0 0 0 0 0 0 0 0 0 0 0 2 0 0 0 0 0 0 0
0 0 0 0 0 0 0 0 0 0 0 0 0 0 0 0 0 0 0 0 0 0
0 0 0 0 0 0 3 0 0 0 0 0 0 0 0 0 0 0 0 0 0 0
0 0 0 0 0 0 0 0 0 0 1 0 0 0 0 0 0 0 0 0 0 0
0 0 0 0 0 0 0 0 0 0 0 0 2 0 0 0 0 0 0 0 0 0
0 0 0 0 0 0 0 0 0 0 0 0 0 0 0 0 0 0 0 0 0 0
0 0 0 0 0 0 0 0 0 0 0 0 0 0 0 0 0 0 0 0 0 0
0 0 0 0 0 0 0 0 0 0 0 0 0 0 0 0 0 0 0 0 0 0
0 0 0 0 0 0 0 0 0 0 0 0 0 0 0 0 0 0 0 0 0 0
0 0 0 0 0 0 0 0 0 0 0 0 0 0 0 0 0 0 0 0 0 0
0 0 0 0 0 0 0 0 0 0 0 0 0 0 0 0 0 0 0 0 0 0
0 0 0 0 0 0 0 0 0 0 0 0 2 0 0 0 0 0 0 0 0 0
0 0 0 0 0 0 0 0 0 0 0 0 0 0 0 0 0 0 0 0 0 0
0 0 0 0 0 0 0 0 0 0 0 0 0 0 0 0 0 0 0 0 0 0
0 0 0 0 0 0 0 0 0 0 0 0 0 0 0 0 0 0 0 0 0 0
0 0 0 0 0 0 0 0 0 0 0 0 0 0 0 0 0 0 0 0 0 0
0 0 0 0 0 0 1 0 0 0 0 0 0 1 0 0 0 0 0 0 0 0
0 0 0 0 0 0 0 0 0 0 0 0 0 0 0 0 0 0 0 0 0 0
0 0 0 0 0 0 0 0 0 0 0 0 0 0 0 0 1 0 0 0 0 0
0 0 0 0 0 0 0 0 0 0 0 0 0 0 0 0 0 0 0 0 0 0
0 0 0 0 0 0 0 0 0 0 0 0 0 0 0 0 0 0 0 0 0 0
0 0 0 0 0 0 0 0 0 0 0 0 0 0 0 0 0 0 0 0 0 0
0 0 0 0 0 0 0 0 0 0 0 0 0 0 0 0 0 0 0 0 0 0
0 0 0 0 0 0 0 0 0 0 0 0 0 0 0 0 0 0 0 0 0 0
0 0 0 0 0 0 0 0 0 0 0 0 0 0 0 0 0 0 0 0 0 0
0 0 0 0 0 0 0 0 0 0 0 0 0 0 0 0 0 0 0 0 0 0
0 0 0 0 0 0 0 0 0 0 0 0 0 0 0 0 0 0 0 0 0 0
0 0 0 0 4 0 0 0 4 0 0 0 0 0 0 1 0 0 0 0 0 0
0 0 0 0 2 1 0 0 0 0 3 0 0 0 0 0 3 0 0 0 0 0
0 0 0 0 1 0 0 0 3 0 0 0 0 0 0 0 5 0 0 0 0 0
0 0 0 0 0 0 0 0 6 0 7 0 0 0 0 0 0 0 0 0 0 0
0 0 0 0 0 0 10 0 0 0 0 0 0 0 0 0 0 0 0 0 0 0
0 0 0 0 0 0 0 0 0 0 0 0 0 1 0 0 0 0 0 0 0 0
0 0 0 0 0 0 0 0 0 0 0 0 0 0 0 0 0 0 0 0 0 0
0 0 0 0 0 0 0 0 0 0 0 0 0 0 0 0 0 0 0 0 0 0

I cap
1058.909090909091 1058.909090909091 1058.909090909091 967.809090909091 791.9800000000002 832.36 696.0 683.3000000000001 384.65999999999997 689.66 250.30000000000007 580.02 386.83999999999986 666.46 441.73999999999995 520.849090909091 480.7690909090912 733.4690909090909 869.7890909090911 893.7890909090911 1058.909090909091 1058.909090909091
107.96969696969697 107.96969696969697 107.96969696969697 107.06969696969696 70.62 87.24 65.80000000000001 11.699999999999996 0.3400000000000034 49.34 43.7 61.980000000000004 41.160000000000004 69.53999999999999 37.26000000000002 40.02969696969697 40.109696969696984 95.40969696969697 101.08969696969697 101.08969696969697 107.96969696969697 107.96969696969697
38.96666666666666 38.96666666666666 38.96666666666666 38.96666666666666 12.16666666666666 10.066666666666666 4.166666666666664 24.5 11.23333333333334 24.53333333333334 16.133333333333333 9.725000000000001 4.824999999999999 2.724999999999998 4.824999999999999 24.96666666666666 2.633333333333331 2.633333333333331 2.633333333333331 38.96666666666666 38.96666666666666 38.96666666666666
45.24545454545453 45.24545454545453 45.24545454545453 14.655454545454521 1.2400000000000038 40.079999999999984 38.249999999999986 4.369999999999999 0.8299999999999998 33.50999999999999 29.80999999999999 23.59 22.490000000000006 28.469999999999995 5.1499999999999995 18.645454545454523 32.885454545454515 42.93545454545452 43.98545454545452 43.98545454545452 45.24545454545453 45.24545454545453
20.999999999999993 20.999999999999993 20.999999999999993 19.249999999999986 2.0100000000000033 7.679999999999996 5.370000000000002 11.17 14.479999999999993 15.569999999999995 5.479999999999997 9.329999999999997 8.69 21.310000000000002 8.459999999999999 9.519999999999992 0.18999999999999417 8.22999999999999 8.579999999999991 20.57999999999999 20.999999999999993 20.999999999999993
345.75757575757575 345.75757575757575 345.75757575757575 232.7352228163993 157.69117647058823 163.11 248.09058823529412 103.61588235294121 194.19235294117644 192.32235294117643 272.0 271.76 308.12 322.52 254.13999999999993 42.190516934046315 102.94110516934043 125.05110516934047 298.7275757575757 337.77757575757573 345.75757575757575 345.75757575757575
779.7575757575758 779.7575757575758 779.7575757575758 713.8575757575758 447.80999999999995 613.93 762.27 38.40000000000008 281.84000000000003 40.340000000000146 38.479999999999905 656.82 695.94 758.18 449.90999999999985 371.0375757575756 527.8375757575758 682.6075757575758 724.3775757575759 749.9375757575758 779.7575757575758 779.7575757575758
80.73333333333335 80.73333333333335 80.73333333333335 77.23333333333333 55.89666666666665 83.27333333333335 38.54333333333333 42.89666666666666 77.16999999999996 82.68666666666667 68.93333333333332 85.63000000000001 94.11000000000001 93.07000000000001 78.96999999999998 69.67333333333336 72.39333333333333 78.42333333333335 79.47333333333336 79.47333333333336 80.73333333333335 80.73333333333335
10.775757575757575 10.775757575757575 10.775757575757575 3.915757575757576 0.6500000000000004 1.640000000000001 0.6399999999999997 0.8499999999999999 0.7500000000000007 0.1499999999999999 1.8899999999999995 1.0999999999999996 1.040000000000001 0.09000000000000075 1.3699999999999983 0.1557575757575762 0.15575757575757532 0.1557575757575762 4.385757575757576 10.775757575757575 10.775757575757575 10.775757575757575
2.545454545454545 2.545454545454545 2.545454545454545 1.285454545454545 1.0599999999999998 0.16999999999999993 0.9400000000000001 0.5700000000000002 0.52 0.42000000000000026 0.18999999999999995 0.019999999999999907 0.2599999999999999 0.9600000000000001 2.220446049250313e-16 0.4454545454545452 0.23545454545454525 0.23545454545454525 1.2854545454545452 1.2854545454545452 2.545454545454545 2.545454545454545
8.515433299825174 8.515433299825174 8.515433299825174 6.700551267157298 4.629648354506954 6.949440287356321 5.385949166666665 2.3502414730792447 2.348672664851777 4.072949281609191 5.588741034482753 8.475330490018148 8.152463130671505 6.81415396551724 4.378033997277673 4.6984253992740435 5.652313793103447 6.44809672413793 6.458061551724137 7.463446120689655 7.546136159874608 8.31123
700.0 700.0 700.0 698.0 689.0 688.0 677.0 682.0 676.0 681.0 684.0 691.0 679.0 680.0 671.0 675.0 683.0 679.0 691.0 698.0 700.0 698.0

H cap
17.849999999999994 2.0999999999999943 8.399999999999977 -1.0500000000000238 8.399999999999993 -13.650000000000006 -4.200000000000003 2.099999999999996 -1.0500000000000114 11.549999999999985 -1.050000000000022 27.299999999999983 -1.0500000000000078 -1.0500000000000078 131.25 131.25 131.25 131.25 131.25 131.25 131.25 131.25
13.799999999999994 2.9999999999999947 0.3000000000000087 6.150000000000008 -10.500000000000007 -12.75000000000001 -0.5999999999999943 3.9000000000000004 22.800000000000008 17.850000000000012 25.049999999999994 21.900000000000006 1.199999999999993 12.0 52.5 52.5 52.5 52.5 52.5 52.5 52.5 52.5
50.400000000000006 47.25000000000001 31.500000000000014 28.350000000000016 44.10000000000001 47.25000000000001 53.550000000000004 50.400000000000006 53.550000000000004 50.400000000000006 31.500000000000014 40.95000000000001 50.400000000000006 50.400000000000006 63.0 63.0 63.0 63.0 63.0 63.0 63.0 63.0
4.440892098500626e-16 -11.7 -0.44999999999998685 -0.900000000000011 -8.43769498715119e-15 0.44999999999998286 -0.44999999999998863 -1.4210854715202004e-14 0.44999999999998286 -1.687538997430238e-14 -6.2999999999999865 2.220446049250313e-15 -4.949999999999978 0.4500000000000015 78.75 78.75 78.75 78.75 78.75 78.75 78.75 78.75

Gap
0.0

Time
235.2673680782318

