T P M C
61 37 4 12

base obj
15.2997002997003

exp obj
19.19830463653993

Objective struct
15.2997002997003 0.6196078431372549 30.27450980392157

num campaigns
169

x
0 0 0 0 0 0 0 1 0 0 1 0 0 0 0 0 0 0 1 0 0 0 0 0 1 1 0 0 1 0 0 1 0 0 0 1 0 0 0 1 0 0 0 0 1 0 0 0 1 0 1 0 0 1 0 0 0 0 0 0 0
0 0 0 0 0 0 0 0 0 0 0 0 0 0 0 0 0 0 0 0 0 0 0 0 0 0 0 0 0 0 0 1 0 0 0 0 0 0 0 0 0 0 0 0 0 0 0 0 1 0 0 0 0 0 0 0 0 0 0 0 0
0 0 0 0 0 0 0 0 0 0 0 0 0 0 0 0 0 0 0 0 0 0 0 1 0 0 0 0 0 0 1 0 0 0 0 0 0 0 0 1 0 0 0 0 1 0 0 0 0 0 0 0 0 0 0 0 0 0 0 0 0
0 0 0 0 1 0 0 0 0 0 0 0 1 0 0 0 0 0 1 0 0 0 0 0 0 0 0 1 0 0 0 1 0 1 0 0 0 1 0 0 0 1 0 0 0 0 0 0 0 1 0 0 0 0 1 1 0 0 0 0 0
0 0 0 0 0 0 0 0 0 0 0 0 1 0 0 0 0 0 0 0 0 0 3 1 0 0 0 0 0 0 2 0 0 3 1 0 3 0 1 0 0 0 0 0 0 0 0 0 0 0 0 0 0 0 0 2 0 0 0 0 0
0 0 0 0 0 0 0 0 0 0 0 0 0 0 0 0 0 0 0 0 0 0 0 0 0 0 0 0 0 0 0 0 0 0 0 0 0 0 0 0 0 0 0 0 0 0 0 0 0 0 0 0 0 0 0 0 0 0 0 0 0
0 0 0 0 1 0 0 0 0 1 0 0 0 0 0 0 0 1 1 1 0 0 1 0 1 0 0 1 0 0 0 0 0 0 1 0 0 0 0 1 0 1 0 0 0 1 0 0 0 0 0 0 0 0 0 0 0 0 0 0 0
0 0 0 0 0 1 0 0 0 0 0 0 0 0 0 0 0 0 0 0 0 0 0 0 0 0 0 0 0 0 0 0 0 0 0 0 0 1 0 0 0 0 0 0 0 0 0 0 0 0 1 1 0 0 0 0 0 0 0 0 0
0 0 0 0 0 0 0 0 0 0 0 0 0 0 0 1 0 0 0 0 1 0 0 0 0 0 0 0 0 0 0 0 0 0 0 0 0 0 0 0 0 0 0 0 0 0 0 0 0 0 0 0 0 0 0 0 0 0 0 0 0
0 0 0 0 0 0 0 0 0 0 0 0 0 0 0 0 0 0 0 0 0 0 0 0 0 0 0 0 0 0 0 0 0 0 0 0 0 0 0 0 0 0 0 0 0 0 0 0 0 0 0 0 0 0 0 0 0 0 0 0 0
0 0 0 0 0 0 0 0 1 0 0 0 0 0 0 1 0 0 0 0 0 0 0 0 0 1 0 0 0 0 0 0 0 0 0 0 0 0 0 0 0 0 0 1 0 1 0 0 0 0 0 0 0 0 0 0 0 0 0 0 0
0 0 0 0 0 0 1 0 0 0 0 0 0 0 0 0 0 1 0 0 0 0 0 0 0 0 0 0 0 0 0 0 0 0 1 0 0 0 0 0 0 0 1 0 0 0 0 0 0 0 0 0 0 0 0 0 0 0 0 0 0
0 0 0 0 0 0 0 0 0 0 0 0 0 0 0 0 0 0 0 0 0 0 0 0 0 0 0 0 0 0 0 0 0 0 0 0 0 0 0 0 0 0 0 0 0 0 0 0 0 0 0 0 0 0 0 0 0 0 0 0 0
0 0 0 0 0 0 0 0 0 0 0 0 0 1 0 0 0 1 0 0 0 0 1 0 0 0 1 0 0 0 0 1 1 0 0 0 0 1 0 0 0 0 0 0 0 0 0 0 0 0 0 0 0 1 0 2 0 0 0 0 0
0 0 0 0 1 0 0 0 1 0 0 0 0 0 0 0 0 0 0 0 0 0 0 0 0 0 0 0 0 1 0 0 0 0 0 0 0 0 0 0 0 0 1 1 0 0 0 0 0 0 0 0 0 0 0 0 0 0 0 0 0
0 0 0 0 0 0 0 0 0 0 0 0 0 0 0 0 0 0 0 0 0 0 0 0 0 0 0 0 0 0 0 0 0 1 0 0 0 0 0 0 0 0 0 0 0 0 0 0 0 0 0 0 0 0 0 0 0 0 0 0 0
0 0 0 0 0 0 0 0 0 0 0 0 0 0 1 0 0 0 0 0 0 1 0 0 1 0 0 0 0 0 0 0 0 0 0 0 0 0 0 0 0 0 0 0 0 0 0 1 0 0 1 0 0 0 0 1 0 0 0 0 0
0 0 0 0 0 0 0 0 0 1 1 0 0 0 0 0 0 0 0 0 0 1 0 0 0 0 0 0 0 0 0 0 0 0 0 0 0 0 0 0 0 0 0 0 0 0 0 0 0 0 0 0 0 0 0 0 0 0 0 0 0
0 0 0 0 0 0 0 0 0 0 0 0 0 0 0 0 0 0 0 0 0 0 0 0 0 0 0 0 0 0 0 0 0 0 0 0 0 0 0 0 0 0 0 0 0 0 0 0 0 0 0 0 0 0 0 0 0 0 0 0 0
0 0 0 0 0 0 0 0 0 0 0 0 0 0 0 0 0 0 0 0 0 0 0 0 0 0 0 0 0 0 0 0 0 0 1 0 0 0 0 0 0 0 0 0 0 0 0 0 0 0 1 0 0 0 0 0 0 0 0 0 0
0 0 0 0 1 0 0 0 0 0 0 0 0 0 0 0 0 0 0 0 0 0 1 0 1 1 0 1 0 0 0 0 0 0 0 1 0 0 1 1 0 0 0 0 1 0 0 0 0 1 0 1 0 0 1 0 0 0 0 0 0
0 0 0 0 0 0 1 0 0 0 0 0 0 0 0 1 0 0 0 0 0 0 0 0 0 0 0 0 0 0 0 0 0 0 0 0 0 0 0 0 0 0 0 0 0 0 0 0 0 0 0 0 0 0 0 0 0 0 0 0 0
0 0 0 0 0 0 0 0 0 0 0 1 0 0 0 0 0 0 0 0 0 0 0 0 0 0 0 0 0 1 0 0 0 0 0 0 0 1 0 0 0 0 0 0 0 0 0 0 1 0 0 0 0 0 0 0 0 0 0 0 0
0 0 0 0 1 0 0 0 0 0 0 0 1 1 0 0 0 0 0 0 1 1 0 1 0 0 0 0 0 0 0 0 0 1 0 1 0 0 0 0 0 1 0 0 0 0 0 0 0 0 0 0 0 1 0 0 0 0 0 0 0
0 0 0 0 0 0 0 0 0 1 0 0 0 0 0 0 0 0 0 1 0 0 0 0 0 0 0 1 0 0 0 0 0 0 0 0 0 0 0 0 1 0 0 0 0 1 1 0 0 0 0 0 0 0 0 0 0 0 0 0 0
0 0 0 0 0 0 0 0 0 0 0 0 0 0 0 0 0 0 1 0 0 1 0 0 0 0 1 0 0 0 0 0 1 0 0 0 1 0 0 0 1 0 0 0 0 0 0 0 0 0 1 0 0 0 0 1 0 0 0 0 0
0 0 0 0 0 0 0 0 0 0 0 1 1 0 0 0 0 1 1 0 0 0 0 0 0 0 0 1 0 0 0 0 0 0 0 1 0 0 1 0 0 1 0 0 0 0 0 0 0 0 0 0 1 1 0 0 0 0 0 0 0
0 0 0 0 0 0 0 0 0 0 0 0 0 0 0 1 0 0 0 0 1 0 0 0 0 0 0 0 0 0 0 0 0 0 0 0 0 0 0 0 0 0 0 0 0 0 0 0 0 0 0 0 0 0 0 0 0 0 0 0 0
0 0 0 0 0 0 0 0 0 0 0 0 0 0 0 0 0 0 0 0 0 0 0 0 0 0 0 0 0 0 0 0 0 0 0 0 0 0 0 0 0 0 0 0 0 0 0 0 0 0 0 0 0 0 0 0 0 0 0 0 0
0 0 0 0 0 0 0 0 1 0 0 1 0 0 0 0 0 1 0 1 0 0 0 0 0 0 0 1 0 0 0 0 0 0 1 1 1 0 0 1 0 0 0 1 2 0 1 0 0 0 0 0 0 0 0 1 0 0 0 0 0
0 0 0 0 0 0 0 0 0 0 0 0 0 0 0 0 0 0 0 0 0 0 0 0 0 0 0 0 0 0 0 0 0 0 0 0 0 0 0 0 0 0 0 0 0 0 0 0 0 0 0 0 0 0 0 0 0 0 0 0 0
0 0 0 0 0 0 0 0 0 0 0 0 0 0 0 0 0 0 0 0 0 0 0 0 0 0 0 0 0 0 0 0 0 0 0 0 0 0 0 0 0 0 0 0 0 0 0 0 0 0 0 0 0 0 0 0 0 0 0 0 0
0 0 0 0 0 0 0 0 0 0 0 0 0 0 0 0 0 0 0 0 0 0 0 0 0 0 0 0 0 0 0 0 0 0 0 0 0 0 0 0 0 0 0 0 0 0 0 0 0 0 0 0 0 0 0 0 0 0 0 0 0
0 0 0 0 0 0 0 0 0 0 0 0 0 0 0 0 0 0 0 0 0 0 0 0 0 0 0 0 0 0 0 0 0 0 0 0 0 0 0 0 0 0 0 0 0 0 0 0 0 0 0 0 0 0 0 0 0 0 0 0 0
0 0 0 0 0 0 0 0 0 0 0 0 0 0 0 0 0 0 0 0 0 0 0 0 0 0 0 0 0 0 0 0 0 0 0 0 0 0 0 0 0 0 0 0 0 0 0 0 0 0 0 0 0 0 0 0 0 0 0 0 0
0 0 0 0 0 0 0 0 0 0 0 0 0 0 0 0 0 0 0 0 0 0 0 0 0 0 0 0 0 0 0 0 0 0 0 0 0 0 0 0 0 0 0 0 0 0 0 0 0 0 0 0 0 0 0 0 0 0 0 0 0
0 0 0 0 0 0 0 0 0 0 0 0 0 0 0 0 0 0 0 0 0 0 0 0 0 0 0 0 0 0 0 0 0 0 0 0 0 0 0 0 0 0 0 0 0 0 0 0 0 0 0 0 0 0 0 0 0 0 0 0 0

y
0.0 12.363636363636363 0.75 0.0 0.0 0.0 0.0 0.0 0.0 0.0 0.0 0.0 0.0 0.0 0.0 0.0 0.0 0.0 0.0 0.0 0.0 0.0 0.0 0.0 0.0 0.0 0.0 0.0 0.0 0.0 0.0 0.0 0.0 0.0 0.0 0.0 0.0

k
0 10 9 0 0 12 0 0 0 29 0 0 12 1 2 0 0 0 25 0 0 4 0 0 0 0 0 0 21 38 52 52 104 52 52 52 6

f
0.0 8.4 0.0 0.0 0.0 0.0 5.074999999999999 1.75 0.0 0.0 0.0 0.0 0.0 0.0 0.0 0.0 0.0 0.0 0.0 0.0 0.0 18.375 0.0 0.0 0.0 1.75 0.0 0.0 0.0 0.0 0.0 0.0 0.0 0.0 0.0 0.0 0.0 0.0 0.0 0.0 0.0 0.0 0.0 0.0 0.0 5.075000000000001 8.4 48.300000000000004 0.0 0.0 0.0 0.0 0.0 0.0 0.0 0.0 0.0 0.0 0.0 0.0 0.0
0.0 0.0 0.0 0.0 0.0 0.0 0.0 0.0 0.0 0.0 0.0 0.0 0.0 0.0 0.0 0.0 0.0 0.0 0.0 0.0 0.0 0.0 0.0 0.0 0.0 0.0 0.0 0.0 0.0 0.0 0.0 0.0 0.0 0.0 0.0 0.0 0.0 0.0 0.0 0.0 0.0 0.0 0.0 0.0 0.0 0.0 0.0 0.0 0.0 0.0 0.0 0.0 0.0 0.0 0.0 0.0 0.0 0.0 0.0 0.0 0.0
0.0 0.0 0.0 0.0 0.0 0.0 0.0 0.0 0.0 0.0 0.0 0.0 0.0 0.0 0.0 0.0 0.0 0.0 0.0 0.0 0.0 0.0 0.0 0.0 0.0 0.0 0.0 0.0 0.0 0.0 0.0 0.0 0.0 0.0 0.0 0.0 0.0 0.0 0.0 0.0 0.0 0.0 0.0 0.0 0.0 0.0 0.0 0.0 0.0 0.0 0.0 0.0 0.0 0.0 0.0 0.0 0.0 0.0 0.0 0.0 0.0
0.0 0.0 21.474999999999994 31.924999999999997 0.0 0.0 0.0 0.0 0.0 0.10000000000000497 0.0 29.075000000000003 11.5 0.0 0.0 0.09999999999999498 0.0 0.10000000000000853 0.0 0.0 0.0 0.0 0.0 0.0 0.0 5.324999999999996 0.0 0.0 0.0 0.09999999999999787 0.0 0.0 0.0 0.0 0.0 0.0 0.0 0.0 0.0 0.0 0.0 0.0 0.0999999999999941 0.0 0.09999999999999787 0.0 0.0 0.0 0.0 0.10000000000000142 0.0 0.0 0.0 0.0 0.0 0.0 0.0 0.0 0.0 0.0 0.0

L
1 17 5 1 0 0 1 1 5 0 2 8 0 0 1 0 3 1 0 16 1 9 8 1 1 3 1 5 0 0 0 0 0 0 0 0 0

g
0 0 0 0 0 0 0 0 0 0 0 0 0 0 0 0 0 0 0 0 0 0 0 0 0 0 0 0 0 0 0 0 0 0 0 0 0 0 0 0 0 0 0 0 0 0 0 0 0 0 0 0 0 0 0 0 0 0 0 0 0
0 0 0 0 0 0 0 0 0 0 0 0 0 0 0 0 0 0 0 0 0 0 0 0 0 0 0 0 0 0 0 0 0 0 0 0 0 0 0 0 0 0 0 0 0 0 0 0 0 0 0 0 0 0 0 0 0 0 0 0 0
0 0 0 0 0 0 0 0 0 0 0 0 0 0 0 0 0 0 0 0 0 0 0 0 0 0 0 0 0 0 0 0 0 0 0 0 0 0 0 0 0 0 0 0 0 0 0 0 0 0 0 0 0 0 0 0 0 0 0 0 0
0 0 0 0 0 0 0 0 0 0 0 0 0 0 0 0 0 0 0 0 0 0 0 0 0 0 0 0 0 0 0 0 0 0 0 0 0 0 0 0 0 0 0 0 0 0 0 0 0 0 0 0 0 0 0 0 0 0 0 0 0
0 0 0 0 0 0 0 0 0 0 0 0 0 0 0 0 0 0 0 0 0 0 2 0 0 0 0 0 0 0 1 0 0 2 0 0 2 0 0 0 0 0 0 0 0 0 0 0 0 0 0 0 0 0 0 1 0 0 0 0 0
0 0 0 0 0 0 0 0 0 0 0 0 0 0 0 0 0 0 0 0 0 0 0 0 0 0 0 0 0 0 0 0 0 0 0 0 0 0 0 0 0 0 0 0 0 0 0 0 0 0 0 0 0 0 0 0 0 0 0 0 0
0 0 0 0 0 0 0 0 0 0 0 0 0 0 0 0 0 0 0 0 0 0 0 0 0 0 0 0 0 0 0 0 0 0 0 0 0 0 0 0 0 0 0 0 0 0 0 0 0 0 0 0 0 0 0 0 0 0 0 0 0
0 0 0 0 0 0 0 0 0 0 0 0 0 0 0 0 0 0 0 0 0 0 0 0 0 0 0 0 0 0 0 0 0 0 0 0 0 0 0 0 0 0 0 0 0 0 0 0 0 0 0 0 0 0 0 0 0 0 0 0 0
0 0 0 0 0 0 0 0 0 0 0 0 0 0 0 0 0 0 0 0 0 0 0 0 0 0 0 0 0 0 0 0 0 0 0 0 0 0 0 0 0 0 0 0 0 0 0 0 0 0 0 0 0 0 0 0 0 0 0 0 0
0 0 0 0 0 0 0 0 0 0 0 0 0 0 0 0 0 0 0 0 0 0 0 0 0 0 0 0 0 0 0 0 0 0 0 0 0 0 0 0 0 0 0 0 0 0 0 0 0 0 0 0 0 0 0 0 0 0 0 0 0
0 0 0 0 0 0 0 0 0 0 0 0 0 0 0 0 0 0 0 0 0 0 0 0 0 0 0 0 0 0 0 0 0 0 0 0 0 0 0 0 0 0 0 0 0 0 0 0 0 0 0 0 0 0 0 0 0 0 0 0 0
0 0 0 0 0 0 0 0 0 0 0 0 0 0 0 0 0 0 0 0 0 0 0 0 0 0 0 0 0 0 0 0 0 0 0 0 0 0 0 0 0 0 0 0 0 0 0 0 0 0 0 0 0 0 0 0 0 0 0 0 0
0 0 0 0 0 0 0 0 0 0 0 0 0 0 0 0 0 0 0 0 0 0 0 0 0 0 0 0 0 0 0 0 0 0 0 0 0 0 0 0 0 0 0 0 0 0 0 0 0 0 0 0 0 0 0 0 0 0 0 0 0
0 0 0 0 0 0 0 0 0 0 0 0 0 0 0 0 0 0 0 0 0 0 0 0 0 0 0 0 0 0 0 0 0 0 0 0 0 0 0 0 0 0 0 0 0 0 0 0 0 0 0 0 0 0 0 1 0 0 0 0 0
0 0 0 0 0 0 0 0 0 0 0 0 0 0 0 0 0 0 0 0 0 0 0 0 0 0 0 0 0 0 0 0 0 0 0 0 0 0 0 0 0 0 0 0 0 0 0 0 0 0 0 0 0 0 0 0 0 0 0 0 0
0 0 0 0 0 0 0 0 0 0 0 0 0 0 0 0 0 0 0 0 0 0 0 0 0 0 0 0 0 0 0 0 0 0 0 0 0 0 0 0 0 0 0 0 0 0 0 0 0 0 0 0 0 0 0 0 0 0 0 0 0
0 0 0 0 0 0 0 0 0 0 0 0 0 0 0 0 0 0 0 0 0 0 0 0 0 0 0 0 0 0 0 0 0 0 0 0 0 0 0 0 0 0 0 0 0 0 0 0 0 0 0 0 0 0 0 0 0 0 0 0 0
0 0 0 0 0 0 0 0 0 0 0 0 0 0 0 0 0 0 0 0 0 0 0 0 0 0 0 0 0 0 0 0 0 0 0 0 0 0 0 0 0 0 0 0 0 0 0 0 0 0 0 0 0 0 0 0 0 0 0 0 0
0 0 0 0 0 0 0 0 0 0 0 0 0 0 0 0 0 0 0 0 0 0 0 0 0 0 0 0 0 0 0 0 0 0 0 0 0 0 0 0 0 0 0 0 0 0 0 0 0 0 0 0 0 0 0 0 0 0 0 0 0
0 0 0 0 0 0 0 0 0 0 0 0 0 0 0 0 0 0 0 0 0 0 0 0 0 0 0 0 0 0 0 0 0 0 0 0 0 0 0 0 0 0 0 0 0 0 0 0 0 0 0 0 0 0 0 0 0 0 0 0 0
0 0 0 0 0 0 0 0 0 0 0 0 0 0 0 0 0 0 0 0 0 0 0 0 0 0 0 0 0 0 0 0 0 0 0 0 0 0 0 0 0 0 0 0 0 0 0 0 0 0 0 0 0 0 0 0 0 0 0 0 0
0 0 0 0 0 0 0 0 0 0 0 0 0 0 0 0 0 0 0 0 0 0 0 0 0 0 0 0 0 0 0 0 0 0 0 0 0 0 0 0 0 0 0 0 0 0 0 0 0 0 0 0 0 0 0 0 0 0 0 0 0
0 0 0 0 0 0 0 0 0 0 0 0 0 0 0 0 0 0 0 0 0 0 0 0 0 0 0 0 0 0 0 0 0 0 0 0 0 0 0 0 0 0 0 0 0 0 0 0 0 0 0 0 0 0 0 0 0 0 0 0 0
0 0 0 0 0 0 0 0 0 0 0 0 0 0 0 0 0 0 0 0 0 0 0 0 0 0 0 0 0 0 0 0 0 0 0 0 0 0 0 0 0 0 0 0 0 0 0 0 0 0 0 0 0 0 0 0 0 0 0 0 0
0 0 0 0 0 0 0 0 0 0 0 0 0 0 0 0 0 0 0 0 0 0 0 0 0 0 0 0 0 0 0 0 0 0 0 0 0 0 0 0 0 0 0 0 0 0 0 0 0 0 0 0 0 0 0 0 0 0 0 0 0
0 0 0 0 0 0 0 0 0 0 0 0 0 0 0 0 0 0 0 0 0 0 0 0 0 0 0 0 0 0 0 0 0 0 0 0 0 0 0 0 0 0 0 0 0 0 0 0 0 0 0 0 0 0 0 0 0 0 0 0 0
0 0 0 0 0 0 0 0 0 0 0 0 0 0 0 0 0 0 0 0 0 0 0 0 0 0 0 0 0 0 0 0 0 0 0 0 0 0 0 0 0 0 0 0 0 0 0 0 0 0 0 0 0 0 0 0 0 0 0 0 0
0 0 0 0 0 0 0 0 0 0 0 0 0 0 0 0 0 0 0 0 0 0 0 0 0 0 0 0 0 0 0 0 0 0 0 0 0 0 0 0 0 0 0 0 0 0 0 0 0 0 0 0 0 0 0 0 0 0 0 0 0
0 0 0 0 0 0 0 0 0 0 0 0 0 0 0 0 0 0 0 0 0 0 0 0 0 0 0 0 0 0 0 0 0 0 0 0 0 0 0 0 0 0 0 0 0 0 0 0 0 0 0 0 0 0 0 0 0 0 0 0 0
0 0 0 0 0 0 0 0 0 0 0 0 0 0 0 0 0 0 0 0 0 0 0 0 0 0 0 0 0 0 0 0 0 0 0 0 0 0 0 0 0 0 0 0 1 0 0 0 0 0 0 0 0 0 0 0 0 0 0 0 0
0 0 0 0 0 0 0 0 0 0 0 0 0 0 0 0 0 0 0 0 0 0 0 0 0 0 0 0 0 0 0 0 0 0 0 0 0 0 0 0 0 0 0 0 0 0 0 0 0 0 0 0 0 0 0 0 0 0 0 0 0
0 0 0 0 0 0 0 0 0 0 0 0 0 0 0 0 0 0 0 0 0 0 0 0 0 0 0 0 0 0 0 0 0 0 0 0 0 0 0 0 0 0 0 0 0 0 0 0 0 0 0 0 0 0 0 0 0 0 0 0 0
0 0 0 0 0 0 0 0 0 0 0 0 0 0 0 0 0 0 0 0 0 0 0 0 0 0 0 0 0 0 0 0 0 0 0 0 0 0 0 0 0 0 0 0 0 0 0 0 0 0 0 0 0 0 0 0 0 0 0 0 0
0 0 0 0 0 0 0 0 0 0 0 0 0 0 0 0 0 0 0 0 0 0 0 0 0 0 0 0 0 0 0 0 0 0 0 0 0 0 0 0 0 0 0 0 0 0 0 0 0 0 0 0 0 0 0 0 0 0 0 0 0
0 0 0 0 0 0 0 0 0 0 0 0 0 0 0 0 0 0 0 0 0 0 0 0 0 0 0 0 0 0 0 0 0 0 0 0 0 0 0 0 0 0 0 0 0 0 0 0 0 0 0 0 0 0 0 0 0 0 0 0 0
0 0 0 0 0 0 0 0 0 0 0 0 0 0 0 0 0 0 0 0 0 0 0 0 0 0 0 0 0 0 0 0 0 0 0 0 0 0 0 0 0 0 0 0 0 0 0 0 0 0 0 0 0 0 0 0 0 0 0 0 0
0 0 0 0 0 0 0 0 0 0 0 0 0 0 0 0 0 0 0 0 0 0 0 0 0 0 0 0 0 0 0 0 0 0 0 0 0 0 0 0 0 0 0 0 0 0 0 0 0 0 0 0 0 0 0 0 0 0 0 0 0

I cap
1058.909090909091 1058.909090909091 995.209090909091 958.209090909091 939.76 1003.74 1025.44 1100.08 729.72 787.22 788.3 785.78 629.94 861.44 1016.0999999999999 937.409090909091 885.4490909090911 689.789090909091 392.3090909090909 586.6090909090909 680.349090909091 749.9490909090911 525.889090909091 477.6890909090911 464.44909090909096 674.1290909090909 610.849090909091 225.06909090909113 609.709090909091 723.129090909091 611.1890909090911 339.70909090909095 464.789090909091 317.48909090909115 23.740000000000066 202.17999999999995 218.55999999999995 170.8800000000001 329.8800000000001 550.1999999999999 312.3599999999999 152.67999999999998 452.80000000000007 657.96 658.2599999999999 489.6199999999999 674.2000000000002 894.8800000000001 725.6 587.6 532.3 506.94000000000005 652.8800000000001 778.5 895.56 852.44 734.849090909091 838.909090909091 1058.909090909091 1058.909090909091 1058.909090909091
107.96969696969697 107.96969696969697 106.66969696969697 69.66969696969697 69.24 72.26 42.56000000000001 50.92 22.28 89.78 88.7 108.22 83.06 89.56 104.9 44.46969696969697 61.42969696969698 4.0896969696969725 30.56969696969697 49.26969696969697 60.52969696969697 81.92969696969698 77.98969696969696 79.18969696969698 83.42969696969696 61.74969696969696 61.02969696969697 31.80969696969698 90.16969696969697 95.74969696969697 92.68969696969698 71.16969696969697 84.68969696969697 74.98969696969698 16.060000000000002 19.82 15.439999999999998 8.120000000000005 29.120000000000005 32.8 51.64 46.32000000000001 32.20000000000001 51.040000000000006 45.74 18.380000000000003 52.800000000000004 77.12 67.0 11.999999999999996 10.5 8.06 6.119999999999997 10.5 35.44 80.56 98.02969696969697 101.96969696969697 107.96969696969697 107.96969696969697 107.96969696969697
38.96666666666666 38.96666666666666 38.96666666666666 38.96666666666666 29.43333333333333 27.333333333333336 26.633333333333333 38.5 27.225000000000005 13.850000000000001 5.449999999999996 4.050000000000001 11.825 36.4 31.5 38.96666666666666 38.96666666666666 38.96666666666666 38.96666666666666 38.96666666666666 26.29166666666666 26.29166666666666 11.624999999999995 11.624999999999995 9.633333333333331 9.633333333333331 9.633333333333331 9.633333333333331 24.299999999999997 24.299999999999997 38.96666666666666 38.96666666666666 14.033333333333328 14.033333333333328 7.666666666666668 4.2333333333333325 3.533333333333333 8.433333333333335 12.633333333333331 1.4666666666666668 8.466666666666667 25.23333333333334 46.900000000000006 46.2 28.73333333333334 26.633333333333333 30.833333333333336 51.099999999999994 19.866666666666664 6.600000000000003 18.200000000000003 19.66666666666667 37.833333333333336 34.333333333333336 36.43333333333333 37.833333333333336 24.299999999999997 38.96666666666666 38.96666666666666 38.96666666666666 38.96666666666666
45.24545454545453 45.24545454545453 45.24545454545453 43.77545454545453 31.230000000000004 41.57999999999999 40.349999999999994 36.739999999999995 32.04999999999999 43.53999999999999 36.679999999999986 29.109999999999996 28.470000000000002 29.57 27.700000000000003 41.88545454545453 36.70545454545452 34.13545454545452 30.65545454545452 30.355454545454524 38.85545454545453 42.655454545454525 42.935454545454526 40.63545454545452 39.57545454545452 40.21545454545452 37.19545454545452 33.205454545454515 41.375454545454524 41.375454545454524 39.79545454545452 36.07545454545452 40.71545454545452 34.69545454545452 27.189999999999994 21.18999999999999 25.939999999999994 29.249999999999993 32.81999999999999 41.989999999999995 33.93 40.11999999999999 42.64 26.219999999999988 31.009999999999987 37.30999999999999 33.539999999999985 41.999999999999986 40.65999999999999 44.04999999999999 50.82999999999999 50.53999999999999 52.69999999999999 48.129999999999995 33.08 37.019999999999996 44.615454545454526 45.24545454545453 45.24545454545453 45.24545454545453 45.24545454545453
20.999999999999993 20.999999999999993 20.999999999999993 20.369999999999994 11.67 22.779999999999998 20.200000000000003 21.36 18.409999999999993 19.879999999999995 22.959999999999994 23.169999999999995 20.490000000000002 24.990000000000002 20.0 20.519999999999992 20.15999999999999 19.539999999999992 17.48999999999999 19.58999999999999 20.30999999999999 20.50999999999999 20.549999999999994 17.89999999999999 17.14999999999999 17.75999999999999 19.94999999999999 17.61999999999999 20.50999999999999 20.50999999999999 17.89999999999999 14.749999999999993 18.039999999999992 17.82999999999999 19.219999999999995 21.709999999999994 18.559999999999995 16.669999999999998 18.899999999999995 14.959999999999999 10.490000000000002 15.71 18.869999999999994 22.05999999999999 16.859999999999996 16.309999999999995 16.849999999999994 21.28 22.679999999999996 16.15 18.369999999999997 18.86 18.619999999999997 17.209999999999997 16.699999999999996 17.339999999999996 20.789999999999992 20.999999999999993 20.999999999999993 20.999999999999993 20.999999999999993
345.75757575757575 345.75757575757575 332.55757575757576 332.55757575757576 235.20000000000002 276.81 291.61 270.08000000000004 295.49 300.82 278.49 272.78000000000003 293.90999999999997 290.01 275.15 280.8575757575758 302.71757575757573 331.26757575757574 302.33757575757573 298.43757575757576 320.76757575757574 315.9175757575757 276.86757575757576 291.3575757575757 301.3575757575757 262.8475757575758 293.4075757575757 303.4875757575757 302.24757575757576 298.24757575757576 310.06757575757575 303.1575757575757 277.7775757575758 278.2875757575757 199.51999999999998 255.68 281.68 286.41999999999996 310.52 295.31 266.24 337.14 318.62 308.61 338.91 309.84000000000003 336.25 337.03 341.53999999999996 362.15 360.95 306.79999999999995 334.46999999999997 379.19 373.08 327.55999999999995 276.86757575757576 306.70757575757574 345.75757575757575 345.75757575757575 345.75757575757575
779.7575757575758 779.7575757575758 763.5875757575758 746.5775757575758 587.7199999999999 731.0500000000001 798.0100000000001 759.31 840.31 864.0100000000001 803.0400000000001 824.03 780.19 810.4900000000001 801.9800000000001 698.3975757575757 716.6075757575759 702.7775757575757 646.5375757575757 652.5375757575758 694.1675757575758 725.2475757575759 702.9275757575757 672.7875757575758 663.3675757575759 645.9275757575757 704.4975757575759 656.7575757575759 696.9975757575759 692.0975757575758 650.6775757575758 599.1675757575758 645.9475757575757 647.9875757575758 541.2 657.42 730.87 724.3100000000001 721.2700000000001 586.72 559.0800000000002 609.0600000000001 665.4100000000001 617.61 583.75 584.0799999999999 610.4 642.7600000000001 621.97 560.6800000000001 666.6600000000001 617.94 636.7000000000002 662.1100000000001 638.9300000000001 569.1700000000001 722.3675757575758 754.1975757575758 779.7575757575758 779.7575757575758 779.7575757575758
80.73333333333335 80.73333333333335 80.73333333333335 79.89333333333335 66.66 88.59000000000002 79.56 85.05999999999999 83.10999999999999 91.84 81.83 89.46 96.97000000000001 98.07 87.89999999999999 76.89333333333335 77.16333333333336 74.51333333333335 75.23333333333335 74.63333333333334 76.26333333333335 77.86333333333336 78.18333333333335 77.46333333333335 76.74333333333335 77.04333333333334 77.93333333333335 76.34333333333336 79.26333333333335 79.26333333333335 77.46333333333335 74.94333333333336 77.88333333333334 76.97333333333336 42.669999999999995 64.75999999999999 73.86 72.16000000000003 73.50000000000001 75.41 74.97999999999999 77.46000000000001 78.37000000000002 83.30999999999999 83.89 89.03999999999999 82.83000000000001 80.64000000000001 75.38999999999999 71.35000000000001 72.91000000000001 68.08 66.36 64.83 63.8 61.97 80.10333333333335 80.73333333333335 80.73333333333335 80.73333333333335 80.73333333333335
10.775757575757575 10.775757575757575 7.1457575757575755 6.095757575757575 2.62 4.820000000000001 0.7899999999999991 1.009999999999999 4.120000000000001 5.47 6.170000000000001 4.6899999999999995 3.3000000000000003 0.20000000000000107 2.169999999999999 0.1557575757575762 4.385757575757576 8.375757575757575 3.5757575757575757 1.1757575757575758 5.975757575757576 6.545757575757575 0.1557575757575762 4.385757575757576 6.545757575757575 0.1557575757575762 4.385757575757576 4.745757575757576 2.3457575757575757 1.2457575757575752 5.885757575757576 6.3957575757575755 1.2557575757575756 3.2657575757575756 3.1500000000000004 0.40000000000000036 0.45000000000000107 2.250000000000001 4.25 3.95 1.120000000000001 0.140000000000001 0.14000000000000146 0.8399999999999999 7.44 6.260000000000002 9.89 8.51 0.8800000000000008 2.8999999999999977 4.759999999999998 0.28000000000000114 2.4099999999999997 2.6999999999999984 0.6500000000000004 2.169999999999999 0.1557575757575762 4.385757575757576 10.775757575757575 10.775757575757575 10.775757575757575
2.545454545454545 2.545454545454545 2.545454545454545 2.545454545454545 2.8 0.7699999999999999 1.18 0.5400000000000003 0.6100000000000001 0.8400000000000002 1.33 0.5599999999999999 0.7699999999999999 1.4700000000000002 1.2000000000000002 1.105454545454545 1.0754545454545452 0.2054545454545451 0.9854545454545451 0.08545454545454512 0.47545454545454513 1.0754545454545452 1.195454545454545 1.2854545454545452 1.0754545454545452 0.8654545454545451 0.4454545454545452 0.6554545454545452 1.0754545454545452 1.0754545454545452 0.025454545454545174 0.3254545454545452 1.195454545454545 0.7754545454545452 0.5500000000000005 1.24 1.24 0.8400000000000002 1.54 0.5599999999999999 1.96 1.4700000000000002 0.55 0.04999999999999993 0.5400000000000003 1.96 0.8400000000000002 1.6800000000000004 0.5800000000000001 0.8200000000000001 2.2200000000000006 0.7000000000000001 1.54 2.7300000000000004 1.96 2.17 1.915454545454545 2.545454545454545 2.545454545454545 2.545454545454545 2.545454545454545
8.515433299825174 8.515433299825174 8.515433299825174 8.515433299825174 6.574536436781608 7.196566896551722 7.27100698275862 8.232607214156081 9.371479854809435 8.246512672413791 8.941282041742287 9.304731578947369 8.582590172413791 7.2624296551724115 8.547090258620688 7.539713793103447 7.347957903811252 7.500727958257712 6.617498593466424 6.274698044464608 6.630618573667711 8.311229827586207 7.003465689655171 5.99006120689655 5.606531149425287 5.493532413793102 4.67982342105263 7.977938303085298 8.567687586206898 7.796638448275861 8.060917068965516 6.996787068965517 5.897293103448275 5.403169311857228 8.529167988505748 9.812881206896552 5.283554509981849 6.411067413793102 5.1308135934664225 6.169267441016332 6.091684310344826 6.534361206896551 6.273343938294009 5.5261620417422845 4.962172123411977 5.411878248638837 5.487149854809436 6.475757413793103 5.581271034482758 5.641775172413793 6.710478275862068 6.524129310344826 7.268546379310344 8.315347931034482 8.932902386569872 5.248241751361159 7.136122954997587 7.480950541204484 8.515433299825174 8.515433299825174 8.170605713618277
700.0 700.0 700.0 699.0 689.0 688.0 685.0 688.0 687.0 680.0 685.0 670.0 684.0 681.0 682.0 681.0 688.0 684.0 681.0 679.0 671.0 679.0 673.0 679.0 678.0 685.0 682.0 675.0 684.0 682.0 685.0 678.0 683.0 676.0 677.0 682.0 682.0 673.0 677.0 681.0 685.0 681.0 681.0 688.0 687.0 684.0 684.0 680.0 680.0 683.0 678.0 686.0 685.0 687.0 686.0 672.0 685.0 688.0 697.0 700.0 692.0

H cap
41.475 -8.4 38.150000000000006 38.150000000000006 21.525000000000006 18.20000000000001 -5.074999999999999 -1.75 34.825 74.72500000000002 111.30000000000001 11.549999999999997 21.525 94.67500000000001 8.225000000000003 24.85 34.824999999999996 1.5749999999999993 28.17500000000001 51.45000000000003 21.525 -18.375 61.425000000000004 74.72500000000002 24.85 -1.75 18.199999999999996 8.225000000000003 38.150000000000006 48.125000000000014 8.22500000000001 4.900000000000002 14.875000000000002 8.224999999999996 1.5749999999999993 14.874999999999995 41.475 74.72500000000002 24.85 11.550000000000011 1.5750000000000064 31.5 91.35000000000002 111.30000000000001 4.899999999999999 -5.075000000000001 -8.4 -48.300000000000004 54.775 38.150000000000006 34.825 71.40000000000003 91.35000000000002 131.25 131.25 131.25 131.25 131.25 131.25 131.25 131.25
43.475 38.725 45.85 45.85 38.25 41.1 45.85 42.05 39.675 40.625 43.0 43.0 47.75 38.25 26.375 35.875 44.9 44.9 35.400000000000006 35.87500000000001 36.825 34.45 41.1 37.775 37.775 43.0 41.575 31.6 33.025 36.825 33.025000000000006 33.5 33.5 32.075 35.875 35.875 40.625 45.375 38.725 36.35 30.174999999999997 35.875 45.85 44.9 40.15 42.525 35.875 33.5 44.9 37.3 37.775 26.85 29.225 52.5 52.5 52.5 52.5 52.5 52.5 52.5 52.5
53.02499999999999 49.69999999999999 56.349999999999994 56.349999999999994 53.02499999999999 53.02499999999999 53.02499999999999 49.69999999999999 43.04999999999998 46.374999999999986 56.349999999999994 49.69999999999999 53.02499999999999 59.675 46.374999999999986 49.69999999999999 56.349999999999994 43.04999999999998 39.72499999999998 43.04999999999998 46.374999999999986 49.69999999999999 53.02499999999999 53.02499999999999 53.02499999999999 53.02499999999999 46.374999999999986 43.04999999999998 49.69999999999999 39.72499999999998 36.39999999999998 46.374999999999986 39.72499999999998 39.72499999999998 46.374999999999986 49.69999999999999 53.02499999999999 49.69999999999999 49.69999999999999 53.02499999999999 49.69999999999999 53.02499999999999 59.675 59.675 49.69999999999999 49.69999999999999 43.04999999999998 43.04999999999998 56.349999999999994 49.69999999999999 49.69999999999999 43.04999999999998 46.374999999999986 63.0 63.0 63.0 63.0 63.0 63.0 63.0 63.0
15.575000000000005 4.650000000000007 -21.474999999999994 -31.924999999999997 21.275000000000002 0.3750000000000002 10.825000000000006 13.200000000000003 1.3250000000000037 -0.10000000000000497 19.849999999999994 -29.075000000000003 -11.5 39.8 0.37500000000000644 -0.09999999999999498 8.925 -0.10000000000000853 0.37499999999999467 13.674999999999994 0.8499999999999996 9.400000000000002 28.875 0.37500000000000533 2.275000000000004 -5.324999999999996 0.850000000000005 8.925 0.8500000000000014 -0.09999999999999787 1.8000000000000016 1.3250000000000028 9.875 0.8500000000000059 0.37500000000000533 28.399999999999988 0.3750000000000062 1.3250000000000057 0.8500000000000043 0.8500000000000059 5.125000000000003 0.850000000000005 -0.0999999999999941 22.7 -0.09999999999999787 9.875000000000002 9.875000000000005 3.7000000000000073 56.9 -0.10000000000000142 0.3749999999999982 0.3749999999999991 7.974999999999999 78.75 78.75 78.75 78.75 78.75 78.75 78.75 78.75

