T P M C
61 37 4 12

base obj
19.105061605061604

exp obj
22.517878200231138

Objective struct
19.105061605061604 0.8151515151515153 31.94117647058824

num campaigns
124

x
0 0 0 0 0 1 1 0 0 0 0 0 1 1 0 0 0 0 0 0 0 1 0 0 1 1 0 0 0 0 0 0 0 0 0 0 1 0 1 0 0 0 1 0 0 0 0 0 0 0 0 1 0 0 1 1 0 0 0 0 0
0 0 0 0 0 0 0 0 0 0 0 0 0 0 0 0 0 0 0 0 0 0 0 0 0 0 0 0 0 0 0 0 0 0 0 0 0 0 0 0 0 0 0 0 0 0 0 0 0 0 0 0 0 0 0 0 0 0 0 0 0
0 0 0 0 0 0 0 0 0 0 0 0 0 0 0 0 0 0 0 0 0 0 0 0 0 0 0 0 0 0 0 0 0 0 0 0 0 0 0 0 0 0 0 0 0 0 0 0 0 0 0 0 0 0 0 0 0 0 0 0 0
0 0 0 0 0 0 0 0 0 0 1 1 0 1 0 0 0 0 0 0 0 0 0 0 0 0 0 0 0 1 0 0 0 0 0 0 0 1 2 0 0 3 0 1 0 0 0 0 0 0 0 0 0 0 0 0 0 0 0 0 0
0 0 0 0 0 0 0 0 0 0 0 0 0 0 0 0 0 0 0 0 0 0 0 0 0 0 0 0 0 0 0 0 0 0 0 0 0 0 0 0 0 0 0 0 0 0 0 0 0 0 0 0 0 0 0 0 0 0 0 0 0
0 0 0 0 0 0 0 0 0 0 0 0 0 0 0 0 0 0 0 0 0 0 0 0 0 0 0 0 0 0 0 0 0 0 0 0 0 0 0 0 0 0 0 0 0 0 0 0 0 0 0 0 0 0 0 0 0 0 0 0 0
0 0 0 0 0 0 0 1 2 0 0 0 0 0 0 1 0 0 0 0 0 0 0 0 0 0 0 0 0 0 0 0 0 0 1 0 0 2 1 0 0 1 0 0 0 0 0 0 0 0 0 0 1 0 0 0 0 0 0 0 0
0 0 0 0 0 0 0 0 0 0 0 1 0 0 0 0 0 0 0 0 0 1 0 0 0 0 0 0 0 0 0 0 0 1 0 0 0 0 0 0 0 0 0 0 0 0 0 0 0 0 0 0 0 1 0 0 0 0 0 0 0
0 0 0 0 0 0 0 0 0 0 0 0 0 0 0 0 0 0 0 1 0 0 0 0 0 0 0 0 0 0 0 0 0 0 0 0 0 0 0 0 0 0 0 0 0 0 0 0 0 1 0 0 0 0 0 0 0 0 0 0 0
0 0 0 0 0 0 0 0 0 0 0 0 0 0 0 0 0 0 0 0 0 0 0 0 0 0 0 0 0 0 0 0 0 0 0 0 0 0 0 0 0 0 0 0 0 0 0 0 0 0 0 0 0 0 0 0 0 0 0 0 0
0 0 0 0 0 0 1 0 0 0 0 0 0 0 0 0 0 0 1 0 0 0 0 0 0 0 0 0 1 0 1 0 0 0 0 0 0 0 0 0 0 0 0 0 0 0 1 0 0 0 0 0 0 0 0 0 0 0 0 0 0
0 0 0 0 0 0 0 0 1 0 0 0 0 0 0 0 0 0 0 0 0 0 0 0 0 0 0 0 0 0 1 0 0 0 0 0 1 0 0 0 0 0 0 0 0 0 0 0 0 0 0 0 0 1 0 0 0 0 0 0 0
0 0 0 0 0 0 0 0 0 0 0 0 0 0 0 0 0 0 0 0 0 0 0 0 0 0 0 0 0 0 0 0 0 0 0 0 0 0 0 0 0 0 0 0 0 0 0 0 0 0 0 0 0 0 0 0 0 0 0 0 0
0 0 0 0 0 0 0 0 0 0 0 0 0 0 0 0 0 0 0 0 0 0 0 0 0 0 0 0 0 0 0 0 0 0 0 0 0 0 0 0 0 0 0 0 0 0 0 0 0 0 1 0 0 0 0 0 0 0 0 0 0
0 0 0 0 1 0 0 0 0 0 0 0 0 0 1 0 0 0 0 1 0 0 0 1 0 0 0 0 0 0 0 0 1 0 0 0 0 0 0 0 0 0 0 0 0 0 0 0 0 0 0 0 0 0 0 0 0 0 0 0 0
0 0 0 0 0 0 0 0 0 0 0 0 0 0 0 0 0 0 0 0 0 0 0 0 0 0 0 0 0 0 1 0 0 0 0 0 0 0 0 0 0 0 0 0 0 0 0 0 0 0 0 0 0 0 0 0 0 0 0 0 0
0 0 0 0 0 0 0 1 0 0 0 0 0 0 0 0 0 0 0 0 0 0 0 0 0 0 0 0 0 0 0 0 0 0 0 0 0 0 1 0 1 0 0 0 1 0 0 0 0 1 0 0 0 1 0 0 0 0 0 0 0
0 0 0 0 0 0 1 0 0 0 0 0 0 0 0 0 0 0 0 0 0 1 1 0 0 0 0 0 0 0 0 0 0 0 0 0 0 0 0 0 0 0 0 0 0 0 0 0 0 0 0 0 0 0 0 0 0 0 0 0 0
0 0 0 0 0 0 0 0 0 0 0 0 0 0 0 0 0 0 0 0 0 0 0 0 0 0 0 0 0 0 0 0 0 0 0 0 0 0 0 0 0 0 0 0 0 0 0 0 0 0 0 0 0 0 0 0 0 0 0 0 0
0 0 0 0 0 0 0 0 0 0 1 0 0 0 0 0 0 0 0 0 0 0 0 0 0 0 0 0 0 0 0 0 0 0 0 1 0 0 0 0 0 0 0 0 0 0 0 0 0 0 0 0 0 0 0 0 0 0 0 0 0
0 0 0 0 0 0 0 0 0 0 0 0 0 0 0 0 0 0 0 0 0 0 0 0 0 0 0 0 0 0 0 0 0 0 0 0 0 0 0 0 0 0 0 0 0 0 0 0 0 0 0 0 0 0 0 0 0 0 0 0 0
0 0 0 0 0 0 0 0 0 0 0 0 0 0 0 0 0 1 0 0 0 0 0 0 0 0 0 1 0 0 0 0 0 0 0 0 0 0 0 0 0 0 0 0 0 1 0 0 1 0 0 0 0 0 0 0 0 0 0 0 0
0 0 0 0 0 0 0 0 0 0 0 0 0 0 0 0 0 0 0 1 0 0 0 0 0 1 0 0 0 0 0 0 0 0 0 0 0 0 0 0 0 0 0 0 0 0 0 0 0 0 0 1 0 0 0 1 0 0 0 0 0
0 0 0 0 0 0 0 1 1 1 0 0 1 0 0 0 0 0 0 0 0 0 0 0 0 0 0 0 0 0 0 0 0 0 1 0 0 0 0 1 0 0 1 1 0 0 0 0 0 0 0 0 1 0 0 0 0 0 0 0 0
0 0 0 0 0 0 0 0 0 0 1 0 0 0 0 1 0 0 0 0 0 0 0 0 0 0 0 0 0 0 1 0 0 0 1 0 1 0 0 0 1 0 0 0 0 0 0 0 0 0 0 0 0 0 0 0 0 0 0 0 0
0 0 0 0 0 0 0 0 0 0 1 0 0 1 1 0 0 0 0 0 0 0 0 1 0 0 0 0 0 0 0 1 0 1 0 0 0 0 0 0 0 1 0 1 0 0 0 0 0 0 0 0 0 0 0 0 0 0 0 0 0
0 0 0 0 0 0 0 0 0 0 0 0 0 0 0 0 0 0 0 0 0 0 0 1 0 0 0 0 0 0 0 0 0 0 0 0 0 0 0 0 0 0 0 0 0 0 0 0 0 0 0 0 0 0 0 0 0 0 0 0 0
0 0 0 0 1 0 0 0 0 0 0 0 0 0 0 0 0 0 0 0 0 0 0 0 0 0 0 0 0 0 0 0 0 0 0 0 0 0 0 0 0 0 0 0 0 0 0 0 0 0 1 0 0 0 0 0 0 0 0 0 0
0 0 0 0 0 0 0 0 0 0 0 0 0 0 0 0 0 0 0 0 0 0 0 0 0 0 0 0 0 0 0 0 0 0 0 0 0 0 0 0 0 0 0 0 0 0 0 0 0 0 0 0 0 0 0 0 0 0 0 0 0
0 0 0 0 0 0 0 0 0 0 0 4 0 0 0 0 0 0 0 0 0 0 0 6 0 0 0 0 0 0 0 0 0 0 0 0 0 0 2 0 0 0 0 0 0 0 0 0 0 0 1 0 0 9 0 0 0 0 0 0 0
0 0 0 0 0 0 0 0 0 0 0 0 0 0 0 0 0 0 0 0 0 0 0 0 0 0 0 0 0 0 0 0 0 0 0 0 0 0 0 0 0 0 0 0 0 0 0 0 0 0 0 0 0 0 0 0 0 0 0 0 0
0 0 0 0 0 0 0 0 0 0 0 0 0 0 0 0 0 0 0 0 0 0 0 0 0 0 0 0 0 0 0 0 0 0 0 0 0 0 0 0 0 0 0 0 0 0 0 0 0 0 0 0 0 0 0 0 0 0 0 0 0
0 0 0 0 0 0 0 0 0 0 0 0 0 0 0 0 0 0 0 0 0 0 0 0 0 0 0 0 0 0 0 0 0 0 0 0 0 0 0 0 0 0 0 0 0 0 0 0 0 0 0 0 0 0 0 0 0 0 0 0 0
0 0 0 0 0 0 0 0 0 0 0 0 0 0 0 0 0 0 0 0 0 0 0 0 0 0 0 0 0 0 0 0 0 0 0 0 0 0 0 0 0 0 0 0 0 0 0 0 0 0 0 0 0 0 0 0 0 0 0 0 0
0 0 0 0 0 0 0 0 0 0 0 0 0 0 0 0 0 0 0 0 0 0 0 0 0 0 0 0 0 0 0 0 0 0 0 0 0 0 0 0 0 0 0 0 0 0 0 0 0 0 0 0 0 0 0 0 0 0 0 0 0
0 0 0 0 0 0 0 0 0 0 0 0 0 0 0 0 0 0 0 0 0 0 0 0 0 0 0 0 0 0 0 0 0 0 0 0 0 0 0 0 0 0 0 0 0 0 0 0 0 0 0 0 0 0 0 0 0 0 0 0 0
0 0 0 0 0 0 0 0 0 0 0 0 0 0 0 0 0 0 0 0 0 0 0 0 0 0 0 0 0 0 0 0 1 0 0 0 0 0 0 0 0 0 0 0 0 0 0 0 0 0 0 0 0 0 0 0 0 0 0 0 0

y
0.0 0.0 0.0 0.0 0.0 0.0 0.0 0.0 0.0 0.0 0.0 0.0 0.0 0.0 0.0 0.0 0.0 0.0 0.0 0.0 0.0 0.0 0.0 0.0 0.0 0.0 0.0 0.0 0.0 0.0 0.0 0.0 0.0 0.0 0.0 0.0 0.0

k
0 12 13 0 17 12 2 0 0 29 0 0 12 10 2 0 0 0 25 0 12 2 0 1 0 0 9 0 21 30 52 52 104 52 52 52 5

f
0.0 8.75 19.25 0.0 0.0 0.0 0.0 0.0 0.0 0.0 0.0 0.0 0.0 0.0 0.0 1.75 0.0 8.75 43.75 0.0 0.0 8.75 0.0 0.0 0.0 0.0 0.0 0.0 0.0 0.0 0.0 0.0 0.0 0.0 0.0 0.0 0.0 0.0 0.0 0.0 0.0 0.0 0.0 0.0 0.0 0.0 0.0 0.0 0.0 0.0 0.0 8.75 0.0 0.0 0.0 0.0 0.0 0.0 0.0 0.0 0.0
0.0 0.0 0.0 0.0 0.0 0.0 0.0 0.0 0.0 0.0 0.0 0.0 0.0 0.0 0.0 0.0 0.0 0.0 0.0 0.0 0.0 0.0 0.0 0.0 0.0 0.0 0.0 0.0 0.0 0.0 0.0 0.0 0.0 0.0 0.0 0.0 0.0 0.0 0.0 0.0 0.0 0.0 0.0 0.0 0.0 0.0 0.0 0.0 0.0 0.0 0.0 0.0 0.0 0.0 0.0 0.0 0.0 0.0 0.0 0.0 0.0
0.0 0.0 0.0 0.0 0.0 0.0 0.0 0.0 0.0 0.0 0.0 0.0 0.0 0.0 0.0 0.0 0.0 0.0 0.0 0.0 0.0 0.0 0.0 0.0 0.0 0.0 0.0 0.0 0.0 0.0 0.0 0.0 0.0 0.0 0.0 0.0 0.0 0.0 0.0 0.0 0.0 0.0 0.0 0.0 0.0 0.0 0.0 0.0 0.0 0.0 0.0 0.0 0.0 0.0 0.0 0.0 0.0 0.0 0.0 0.0 0.0
0.0 0.0 0.0 0.0 0.0 0.0 0.75 0.0 0.0 0.0 0.0 0.0 0.0 5.25 7.75 0.0 0.0 0.0 0.0 0.0 0.0 0.0 0.0 5.25 7.75 0.0 0.25 0.0 0.0 2.75 0.75 0.0 0.25 0.0 0.0 0.0 2.25 0.0 0.0 0.25 0.0 23.75 7.75 0.0 5.25 29.75 0.0 0.0 0.25 0.0 0.0 0.0 0.0 0.0 0.0 0.0 0.0 0.0 0.0 0.0 0.0

L
1 0 0 0 0 0 0 10 30 0 2 6 0 0 4 0 2 1 0 25 0 3 4 1 2 1 0 46 0 0 0 0 0 0 0 0 0

g
0 0 0 0 0 0 0 0 0 0 0 0 0 0 0 0 0 0 0 0 0 0 0 0 0 0 0 0 0 0 0 0 0 0 0 0 0 0 0 0 0 0 0 0 0 0 0 0 0 0 0 0 0 0 0 0 0 0 0 0 0
0 0 0 0 0 0 0 0 0 0 0 0 0 0 0 0 0 0 0 0 0 0 0 0 0 0 0 0 0 0 0 0 0 0 0 0 0 0 0 0 0 0 0 0 0 0 0 0 0 0 0 0 0 0 0 0 0 0 0 0 0
0 0 0 0 0 0 0 0 0 0 0 0 0 0 0 0 0 0 0 0 0 0 0 0 0 0 0 0 0 0 0 0 0 0 0 0 0 0 0 0 0 0 0 0 0 0 0 0 0 0 0 0 0 0 0 0 0 0 0 0 0
0 0 0 0 0 0 0 0 0 0 0 0 0 0 0 0 0 0 0 0 0 0 0 0 0 0 0 0 0 0 0 0 0 0 0 0 0 0 1 0 0 2 0 0 0 0 0 0 0 0 0 0 0 0 0 0 0 0 0 0 0
0 0 0 0 0 0 0 0 0 0 0 0 0 0 0 0 0 0 0 0 0 0 0 0 0 0 0 0 0 0 0 0 0 0 0 0 0 0 0 0 0 0 0 0 0 0 0 0 0 0 0 0 0 0 0 0 0 0 0 0 0
0 0 0 0 0 0 0 0 0 0 0 0 0 0 0 0 0 0 0 0 0 0 0 0 0 0 0 0 0 0 0 0 0 0 0 0 0 0 0 0 0 0 0 0 0 0 0 0 0 0 0 0 0 0 0 0 0 0 0 0 0
0 0 0 0 0 0 0 0 1 0 0 0 0 0 0 0 0 0 0 0 0 0 0 0 0 0 0 0 0 0 0 0 0 0 0 0 0 1 0 0 0 0 0 0 0 0 0 0 0 0 0 0 0 0 0 0 0 0 0 0 0
0 0 0 0 0 0 0 0 0 0 0 0 0 0 0 0 0 0 0 0 0 0 0 0 0 0 0 0 0 0 0 0 0 0 0 0 0 0 0 0 0 0 0 0 0 0 0 0 0 0 0 0 0 0 0 0 0 0 0 0 0
0 0 0 0 0 0 0 0 0 0 0 0 0 0 0 0 0 0 0 0 0 0 0 0 0 0 0 0 0 0 0 0 0 0 0 0 0 0 0 0 0 0 0 0 0 0 0 0 0 0 0 0 0 0 0 0 0 0 0 0 0
0 0 0 0 0 0 0 0 0 0 0 0 0 0 0 0 0 0 0 0 0 0 0 0 0 0 0 0 0 0 0 0 0 0 0 0 0 0 0 0 0 0 0 0 0 0 0 0 0 0 0 0 0 0 0 0 0 0 0 0 0
0 0 0 0 0 0 0 0 0 0 0 0 0 0 0 0 0 0 0 0 0 0 0 0 0 0 0 0 0 0 0 0 0 0 0 0 0 0 0 0 0 0 0 0 0 0 0 0 0 0 0 0 0 0 0 0 0 0 0 0 0
0 0 0 0 0 0 0 0 0 0 0 0 0 0 0 0 0 0 0 0 0 0 0 0 0 0 0 0 0 0 0 0 0 0 0 0 0 0 0 0 0 0 0 0 0 0 0 0 0 0 0 0 0 0 0 0 0 0 0 0 0
0 0 0 0 0 0 0 0 0 0 0 0 0 0 0 0 0 0 0 0 0 0 0 0 0 0 0 0 0 0 0 0 0 0 0 0 0 0 0 0 0 0 0 0 0 0 0 0 0 0 0 0 0 0 0 0 0 0 0 0 0
0 0 0 0 0 0 0 0 0 0 0 0 0 0 0 0 0 0 0 0 0 0 0 0 0 0 0 0 0 0 0 0 0 0 0 0 0 0 0 0 0 0 0 0 0 0 0 0 0 0 0 0 0 0 0 0 0 0 0 0 0
0 0 0 0 0 0 0 0 0 0 0 0 0 0 0 0 0 0 0 0 0 0 0 0 0 0 0 0 0 0 0 0 0 0 0 0 0 0 0 0 0 0 0 0 0 0 0 0 0 0 0 0 0 0 0 0 0 0 0 0 0
0 0 0 0 0 0 0 0 0 0 0 0 0 0 0 0 0 0 0 0 0 0 0 0 0 0 0 0 0 0 0 0 0 0 0 0 0 0 0 0 0 0 0 0 0 0 0 0 0 0 0 0 0 0 0 0 0 0 0 0 0
0 0 0 0 0 0 0 0 0 0 0 0 0 0 0 0 0 0 0 0 0 0 0 0 0 0 0 0 0 0 0 0 0 0 0 0 0 0 0 0 0 0 0 0 0 0 0 0 0 0 0 0 0 0 0 0 0 0 0 0 0
0 0 0 0 0 0 0 0 0 0 0 0 0 0 0 0 0 0 0 0 0 0 0 0 0 0 0 0 0 0 0 0 0 0 0 0 0 0 0 0 0 0 0 0 0 0 0 0 0 0 0 0 0 0 0 0 0 0 0 0 0
0 0 0 0 0 0 0 0 0 0 0 0 0 0 0 0 0 0 0 0 0 0 0 0 0 0 0 0 0 0 0 0 0 0 0 0 0 0 0 0 0 0 0 0 0 0 0 0 0 0 0 0 0 0 0 0 0 0 0 0 0
0 0 0 0 0 0 0 0 0 0 0 0 0 0 0 0 0 0 0 0 0 0 0 0 0 0 0 0 0 0 0 0 0 0 0 0 0 0 0 0 0 0 0 0 0 0 0 0 0 0 0 0 0 0 0 0 0 0 0 0 0
0 0 0 0 0 0 0 0 0 0 0 0 0 0 0 0 0 0 0 0 0 0 0 0 0 0 0 0 0 0 0 0 0 0 0 0 0 0 0 0 0 0 0 0 0 0 0 0 0 0 0 0 0 0 0 0 0 0 0 0 0
0 0 0 0 0 0 0 0 0 0 0 0 0 0 0 0 0 0 0 0 0 0 0 0 0 0 0 0 0 0 0 0 0 0 0 0 0 0 0 0 0 0 0 0 0 0 0 0 0 0 0 0 0 0 0 0 0 0 0 0 0
0 0 0 0 0 0 0 0 0 0 0 0 0 0 0 0 0 0 0 0 0 0 0 0 0 0 0 0 0 0 0 0 0 0 0 0 0 0 0 0 0 0 0 0 0 0 0 0 0 0 0 0 0 0 0 0 0 0 0 0 0
0 0 0 0 0 0 0 0 0 0 0 0 0 0 0 0 0 0 0 0 0 0 0 0 0 0 0 0 0 0 0 0 0 0 0 0 0 0 0 0 0 0 0 0 0 0 0 0 0 0 0 0 0 0 0 0 0 0 0 0 0
0 0 0 0 0 0 0 0 0 0 0 0 0 0 0 0 0 0 0 0 0 0 0 0 0 0 0 0 0 0 0 0 0 0 0 0 0 0 0 0 0 0 0 0 0 0 0 0 0 0 0 0 0 0 0 0 0 0 0 0 0
0 0 0 0 0 0 0 0 0 0 0 0 0 0 0 0 0 0 0 0 0 0 0 0 0 0 0 0 0 0 0 0 0 0 0 0 0 0 0 0 0 0 0 0 0 0 0 0 0 0 0 0 0 0 0 0 0 0 0 0 0
0 0 0 0 0 0 0 0 0 0 0 0 0 0 0 0 0 0 0 0 0 0 0 0 0 0 0 0 0 0 0 0 0 0 0 0 0 0 0 0 0 0 0 0 0 0 0 0 0 0 0 0 0 0 0 0 0 0 0 0 0
0 0 0 0 0 0 0 0 0 0 0 0 0 0 0 0 0 0 0 0 0 0 0 0 0 0 0 0 0 0 0 0 0 0 0 0 0 0 0 0 0 0 0 0 0 0 0 0 0 0 0 0 0 0 0 0 0 0 0 0 0
0 0 0 0 0 0 0 0 0 0 0 0 0 0 0 0 0 0 0 0 0 0 0 0 0 0 0 0 0 0 0 0 0 0 0 0 0 0 0 0 0 0 0 0 0 0 0 0 0 0 0 0 0 0 0 0 0 0 0 0 0
0 0 0 0 0 0 0 0 0 0 0 3 0 0 0 0 0 0 0 0 0 0 0 5 0 0 0 0 0 0 0 0 0 0 0 0 0 0 1 0 0 0 0 0 0 0 0 0 0 0 0 0 0 8 0 0 0 0 0 0 0
0 0 0 0 0 0 0 0 0 0 0 0 0 0 0 0 0 0 0 0 0 0 0 0 0 0 0 0 0 0 0 0 0 0 0 0 0 0 0 0 0 0 0 0 0 0 0 0 0 0 0 0 0 0 0 0 0 0 0 0 0
0 0 0 0 0 0 0 0 0 0 0 0 0 0 0 0 0 0 0 0 0 0 0 0 0 0 0 0 0 0 0 0 0 0 0 0 0 0 0 0 0 0 0 0 0 0 0 0 0 0 0 0 0 0 0 0 0 0 0 0 0
0 0 0 0 0 0 0 0 0 0 0 0 0 0 0 0 0 0 0 0 0 0 0 0 0 0 0 0 0 0 0 0 0 0 0 0 0 0 0 0 0 0 0 0 0 0 0 0 0 0 0 0 0 0 0 0 0 0 0 0 0
0 0 0 0 0 0 0 0 0 0 0 0 0 0 0 0 0 0 0 0 0 0 0 0 0 0 0 0 0 0 0 0 0 0 0 0 0 0 0 0 0 0 0 0 0 0 0 0 0 0 0 0 0 0 0 0 0 0 0 0 0
0 0 0 0 0 0 0 0 0 0 0 0 0 0 0 0 0 0 0 0 0 0 0 0 0 0 0 0 0 0 0 0 0 0 0 0 0 0 0 0 0 0 0 0 0 0 0 0 0 0 0 0 0 0 0 0 0 0 0 0 0
0 0 0 0 0 0 0 0 0 0 0 0 0 0 0 0 0 0 0 0 0 0 0 0 0 0 0 0 0 0 0 0 0 0 0 0 0 0 0 0 0 0 0 0 0 0 0 0 0 0 0 0 0 0 0 0 0 0 0 0 0
0 0 0 0 0 0 0 0 0 0 0 0 0 0 0 0 0 0 0 0 0 0 0 0 0 0 0 0 0 0 0 0 0 0 0 0 0 0 0 0 0 0 0 0 0 0 0 0 0 0 0 0 0 0 0 0 0 0 0 0 0

I cap
1058.909090909091 1058.909090909091 1001.579090909091 927.275090909091 1031.6899999999998 921.0199999999998 1004.0779999999999 1080.234 716.564 993.636 636.066 582.3420000000001 704.97 530.328 614.4480000000001 539.357090909091 806.675090909091 947.7770909090909 979.6190909090909 825.9530909090911 872.0150909090911 788.1530909090909 729.797090909091 513.0950909090911 569.075090909091 659.237090909091 832.307090909091 910.301090909091 978.3050909090911 867.119090909091 862.979090909091 773.9870909090911 694.8950909090912 612.5990909090909 182.02200000000005 420.11400000000003 538.26 392.27200000000005 414.336 793.2 727.392 132.87800000000004 749.354 483.854 808.546 768.096 1043.7 1127.7 1063.04 960.496 858.186 809.854 770.8560000000001 901.548 1014.1959999999998 1162.3079999999998 854.609090909091 910.301090909091 984.605090909091 1058.909090909091 1058.909090909091
107.96969696969697 107.96969696969697 106.79969696969697 103.70369696969696 122.10999999999999 114.47999999999999 95.72199999999998 79.166 32.275999999999996 75.00399999999999 45.05399999999999 46.658 64.92999999999998 32.371999999999986 66.152 83.02169696969696 98.30369696969696 105.70169696969697 71.15969696969697 16.02569696969696 34.76369696969695 48.425696969696965 57.28169696969695 52.583696969696945 56.90369696969696 90.94169696969696 99.67169696969697 101.77769696969696 79.67369696969696 65.75969696969696 12.299696969696972 19.391696969696948 2.9936969696969475 33.629696969696965 17.327999999999996 48.106 9.64 33.328 16.464 83.8 105.80799999999999 30.121999999999986 88.046 79.54599999999999 103.054 89.50399999999999 72.8 86.8 76.36 80.104 95.314 62.44599999999999 40.54399999999998 1.9519999999999982 32.80399999999998 48.89199999999999 69.26969696969697 101.77769696969696 104.87369696969697 107.96969696969697 107.96969696969697
38.96666666666666 38.96666666666666 38.96666666666666 38.96666666666666 44.099999999999994 30.5925 29.8925 27.0925 6.052500000000004 16.76 16.279999999999998 29.400000000000002 24.5 36.4 31.5 38.96666666666666 38.96666666666666 38.96666666666666 38.96666666666666 38.96666666666666 27.559166666666663 16.151666666666664 16.151666666666664 16.151666666666664 27.559166666666663 38.96666666666666 38.96666666666666 38.96666666666666 38.96666666666666 38.96666666666666 38.96666666666666 38.96666666666666 38.96666666666666 16.52666666666666 1.3599999999999994 4.379999999999999 18.2 23.1 27.299999999999997 30.799999999999997 37.8 39.900000000000006 46.900000000000006 46.2 43.400000000000006 41.3 45.5 51.099999999999994 44.8 46.2 49.0 49.0 52.5 49.0 51.099999999999994 52.5 38.96666666666666 38.96666666666666 38.96666666666666 38.96666666666666 38.96666666666666
45.24545454545453 45.24545454545453 45.24545454545453 44.67845454545453 34.566 42.776999999999994 42.587999999999994 44.877 39.381 41.83 17.009999999999987 10.145 33.054 29.465 29.680000000000003 44.11145454545453 44.67845454545453 45.24545454545453 43.35545454545453 40.33145454545453 41.591454545454525 41.27645454545453 10.469454545454528 9.01145454545453 39.99845454545452 41.573454545454524 43.92245454545453 44.11145454545453 44.67845454545453 42.545454545454525 43.76045454545453 42.84245454545453 36.54245454545453 37.24445454545453 33.81 35.91 33.794999999999995 21.986999999999995 24.186999999999998 54.677 41.566 39.06599999999999 53.144000000000005 44.843999999999994 47.733 47.733 44.099999999999994 44.099999999999994 42.209999999999994 42.854 48.31399999999999 52.409 7.2589999999999755 2.917999999999985 44.707 45.085 42.725454545454525 44.11145454545453 44.67845454545453 45.24545454545453 45.24545454545453
20.999999999999993 20.999999999999993 20.999999999999993 20.810999999999993 14.322000000000001 23.358999999999998 21.196000000000005 22.659000000000002 19.327999999999996 19.112 19.191999999999993 19.272999999999993 22.092000000000002 21.969000000000005 19.346 20.621999999999993 20.810999999999993 20.999999999999993 20.729999999999993 19.811999999999994 19.991999999999994 19.802999999999994 18.101999999999986 17.975999999999985 19.856999999999992 20.495999999999995 20.558999999999994 20.621999999999993 20.810999999999993 18.839999999999993 20.40599999999999 20.000999999999994 18.200999999999993 18.470999999999993 18.444 23.043999999999997 18.751999999999995 16.636999999999997 14.477 18.459 14.322000000000001 14.142 20.048 21.387999999999998 20.811 20.110999999999997 20.299999999999997 21.700000000000003 23.529999999999998 19.363999999999997 19.543999999999997 19.965 16.456999999999987 14.174999999999997 18.671 18.797 20.045999999999992 20.621999999999993 20.810999999999993 20.999999999999993 20.999999999999993
345.75757575757575 345.75757575757575 333.87757575757576 330.28657575757575 236.338 273.741 300.544 258.19599999999997 256.40799999999996 283.264 291.469 287.878 315.741 308.604 298.14099999999996 326.69557575757574 330.28657575757575 322.71757575757573 333.87757575757576 326.6865757575757 330.28657575757575 317.20957575757575 314.3385757575757 310.0545757575757 303.00757575757575 305.40157575757576 326.2185757575757 338.57557575757573 342.16657575757574 303.81757575757575 288.87757575757576 300.12757575757576 285.7275757575757 309.57757575757574 205.22899999999998 279.24899999999997 299.621 307.681 285.476 262.21099999999996 249.40800000000002 308.58799999999997 338.067 353.272 351.144 287.99899999999997 328.855 378.0 420.0 393.144 336.99899999999997 345.067 383.621 385.962 356.61999999999995 340.279 337.37857575757573 338.57557575757573 342.16657575757574 345.75757575757575 345.75757575757575
779.7575757575758 779.7575757575758 765.2045757575758 751.7855757575758 626.1990000000001 738.136 838.6629999999999 786.79 841.873 840.772 766.196 786.899 827.827 781.7739999999999 810.875 738.3665757575758 751.7855757575758 751.5335757575757 743.3345757575757 697.0745757575759 716.0645757575758 695.5805757575757 704.9135757575757 690.9185757575759 678.0035757575757 700.8005757575756 734.7755757575757 752.9195757575758 766.3385757575758 707.2175757575757 702.4475757575757 703.3745757575758 663.7745757575759 698.7215757575758 539.9190000000001 706.601 749.781 763.6129999999999 636.805 637.457 641.9300000000001 580.1899999999999 750.1039999999999 661.5279999999999 678.3530000000001 648.349 683.996 721.0 713.13 650.3610000000001 697.937 675.299 695.38 677.7750000000001 668.2330000000001 587.4069999999999 734.5955757575757 752.9195757575758 766.3385757575758 779.7575757575758 779.7575757575758
80.73333333333335 80.73333333333335 80.73333333333335 80.16633333333336 68.16600000000001 88.97700000000002 82.488 88.277 84.393 89.833 76.59300000000002 84.75400000000003 97.32100000000001 94.81199999999998 88.293 79.59933333333336 80.16633333333336 80.73333333333335 78.57333333333335 75.95433333333335 77.39433333333335 77.27733333333336 74.87433333333338 74.4963333333334 78.15933333333336 79.22133333333335 79.41033333333336 79.59933333333336 80.16633333333336 79.11333333333334 78.06033333333335 78.03333333333335 70.83333333333334 72.56133333333335 39.777 68.677 73.72000000000001 70.15300000000002 68.53300000000002 78.47700000000002 77.96600000000001 75.906 82.54400000000001 85.82399999999998 89.73300000000002 92.533 86.80000000000001 81.9 75.53999999999999 71.64700000000002 73.08700000000002 68.86 61.551000000000016 56.88400000000001 63.31000000000002 60.88799999999999 78.72633333333336 79.59933333333336 80.16633333333336 80.73333333333335 80.73333333333335
10.775757575757575 10.775757575757575 7.508757575757576 7.508757575757576 4.143 6.533000000000001 5.833 2.223999999999999 0.24200000000000088 2.404 8.855 9.285 6.288 5.588000000000001 6.087999999999998 7.508757575757576 7.508757575757576 4.439757575757575 7.508757575757576 5.573757575757575 6.563757575757576 3.026757575757576 3.4947575757575744 3.4137575757575744 2.3337575757575753 3.1887575757575757 7.706757575757575 10.775757575757575 10.775757575757575 5.735757575757575 1.2087575757575757 1.8387575757575747 0.9387575757575748 4.493757575757575 2.3880000000000003 2.9859999999999993 5.445 8.4 3.892999999999999 0.24200000000000088 0.9420000000000002 0.24200000000000088 7.549000000000001 14.0 10.893 3.742000000000001 7.549000000000001 14.0 13.3 8.092999999999998 2.3419999999999987 6.604000000000001 12.355 6.877999999999998 0.6969999999999992 4.504 9.920757575757575 10.775757575757575 10.775757575757575 10.775757575757575 10.775757575757575
2.545454545454545 2.545454545454545 2.545454545454545 1.9784545454545448 1.6659999999999995 0.07699999999999985 1.2879999999999996 0.7769999999999999 0.7749999999999995 0.8849999999999999 1.5849999999999995 0.2659999999999998 0.07699999999999985 0.5880000000000001 0.777 1.4114545454545446 1.9784545454545448 2.545454545454545 1.735454545454545 0.6824545454545448 1.2224545454545448 1.141454545454545 1.222454545454545 0.8444545454545446 0.6554545454545447 1.033454545454545 1.2224545454545448 1.4114545454545446 1.9784545454545448 2.545454545454545 1.654454545454545 1.8974545454545448 0.0974545454545448 0.7454545454545449 0.43300000000000005 2.2329999999999997 0.5859999999999994 0.129 0.8289999999999996 0.07699999999999985 1.6659999999999995 0.9659999999999999 2.0439999999999996 0.6439999999999999 1.533 2.2329999999999997 2.1 4.2 1.9899999999999998 0.9369999999999996 2.877 1.3959999999999995 1.4769999999999996 1.6079999999999997 0.26199999999999934 0.6399999999999996 1.2224545454545448 1.4114545454545446 1.9784545454545448 2.545454545454545 2.545454545454545
8.515433299825174 8.515433299825174 8.515433299825174 8.515433299825174 6.953156971264367 7.459152948275861 6.413248206896551 7.86627327586207 9.81195172413793 9.170650603448276 8.885474264065337 8.041573856624323 8.397590517241381 7.060188620689654 7.346400775862068 7.857989827586207 8.438175862068967 8.51706224137931 7.527027068965517 6.524997844827585 6.621308573667711 7.267264482758621 5.991669128856622 5.525306060798551 6.767393063218391 6.323704672413792 6.180730862068965 9.045996551724139 8.803894655172416 8.375948965517242 9.019537758620691 8.977131896551725 6.579017241379309 7.099938821839079 10.697788850574716 12.424950189655172 7.045923103448276 6.912882468239564 5.462147704174228 6.301118793103447 6.522718965517241 6.155051034482757 5.6168377586206875 6.513276551724137 6.720702068965517 7.047268448275862 6.055207931034482 6.855067758620689 6.834719310344827 6.215268820326678 7.8768122313974605 6.994301568965516 5.414644400181487 5.405457168784034 8.76605155172414 6.579575862068965 7.584398817066554 8.049916058445865 8.205088472238968 8.515433299825174 8.515433299825174
700.0 700.0 700.0 699.1 696.4000000000001 692.8000000000001 691.0000000000002 687.4000000000001 684.7 685.6 682.0 683.8000000000002 683.8000000000002 687.4000000000002 687.4000000000002 686.5000000000001 690.1000000000001 690.1 691.9000000000001 685.6000000000001 686.5000000000001 685.6000000000003 680.2000000000002 689.2000000000003 690.1000000000001 687.4000000000002 688.3000000000002 687.4000000000001 691.9000000000001 691.9000000000001 688.3000000000002 687.4000000000002 675.7000000000002 690.1000000000001 683.8000000000002 682.9000000000001 684.7 686.5000000000002 682.9000000000002 691.0 686.5 680.2000000000002 684.7000000000002 685.6000000000001 685.6 686.5 691.9000000000001 692.8000000000001 692.8000000000001 687.4000000000001 674.8 685.6000000000001 684.7 673.9 687.4000000000001 685.6000000000001 692.8000000000001 694.6 697.3000000000001 700.0 700.0

H cap
43.75 -8.75 -19.25 1.75 57.75 78.75 89.25 36.75 5.25 5.25 15.75 57.75 110.25 96.25 85.75 -1.75 8.75 -8.75 -43.75 26.25 8.75 -8.75 43.75 96.25 85.75 110.25 54.25 64.75 78.75 26.25 47.25 89.25 47.25 26.25 5.25 26.25 99.75 68.25 26.25 47.25 99.75 85.75 85.75 120.75 96.25 50.75 50.75 8.75 22.75 36.75 5.25 -8.75 43.75 131.25 131.25 131.25 131.25 131.25 131.25 131.25 131.25
47.5 42.5 40.5 38.5 39.5 46.5 50.0 30.5 28.0 40.0 40.0 45.5 50.5 52.5 50.5 42.5 44.5 42.5 42.5 26.5 21.5 42.5 47.5 52.5 50.5 48.0 43.0 45.5 42.5 37.5 45.5 50.5 45.5 39.0 23.0 29.5 47.5 38.0 38.0 45.0 45.0 47.5 50.5 50.5 52.5 44.5 36.5 39.5 45.5 11.5 8.5 42.5 47.5 52.5 52.5 52.5 52.5 52.5 52.5 52.5 52.5
59.5 56.0 49.0 45.5 52.5 56.0 49.0 45.5 49.0 45.5 45.5 56.0 63.0 59.5 56.0 49.0 52.5 52.5 49.0 49.0 49.0 52.5 56.0 59.5 56.0 56.0 52.5 52.5 52.5 49.0 52.5 56.0 56.0 56.0 45.5 45.5 56.0 45.5 42.0 45.5 49.0 56.0 56.0 59.5 59.5 52.5 56.0 56.0 52.5 52.5 52.5 52.5 56.0 63.0 63.0 63.0 63.0 63.0 63.0 63.0 63.0
42.25 19.75 26.75 6.25 0.25 19.75 -0.75 0.25 10.25 0.75 8.25 0.25 38.75 -5.25 -7.75 4.25 6.75 40.25 35.75 18.25 0.25 1.75 24.25 -5.25 -7.75 71.25 -0.25 0.25 8.75 -2.75 -0.75 7.75 -0.25 0.25 16.75 0.25 -2.25 0.75 12.25 -0.25 27.25 -23.75 -7.75 76.25 -5.25 -29.75 30.25 0.25 -0.25 0.75 2.75 1.75 24.25 78.75 78.75 78.75 78.75 78.75 78.75 78.75 78.75

