T P M C
61 37 4 12

base obj
18.663003663003664

exp obj
22.33667639549993

Objective struct
18.663003663003664 0.7106357694592988 32.64705882352942

num campaigns
126

x
0 0 0 0 0 0 0 0 0 0 0 1 0 0 0 0 1 0 0 0 0 0 0 0 0 0 0 1 1 0 0 0 1 0 1 0 0 0 0 1 0 0 0 1 0 0 1 0 1 0 0 1 0 1 1 0 0 0 0 0 0
0 0 0 0 0 0 0 0 0 0 0 0 0 0 0 0 0 0 0 0 0 0 0 0 0 0 0 0 0 0 0 0 0 0 0 0 0 0 0 0 0 0 0 0 0 0 0 0 0 0 0 0 0 0 0 0 0 0 0 0 0
0 0 0 0 0 0 0 0 0 0 0 0 0 0 0 0 0 0 0 0 0 0 0 0 0 0 0 0 0 0 0 0 0 0 0 0 0 0 1 0 0 0 0 0 0 0 0 0 0 0 0 0 0 0 0 0 0 0 0 0 0
0 0 0 0 0 0 0 0 0 0 0 0 1 0 1 0 0 1 0 0 1 1 0 0 0 0 0 0 0 0 0 0 0 0 0 0 0 0 1 0 0 1 1 0 1 0 1 0 0 1 0 0 0 0 0 0 0 0 0 0 0
0 0 0 0 0 0 0 0 0 0 0 0 0 0 0 0 0 0 0 0 0 0 0 0 0 0 0 0 0 0 0 0 0 0 0 0 0 0 0 0 0 0 0 0 0 0 0 0 0 0 0 0 0 0 0 0 0 0 0 0 0
0 0 0 0 0 0 0 0 0 0 0 0 0 0 0 0 0 0 0 0 0 0 0 0 0 0 0 0 0 0 0 0 0 0 0 0 0 0 0 0 0 0 0 0 0 0 0 0 0 0 0 0 0 0 0 0 0 0 0 0 0
0 0 0 0 0 0 0 0 1 0 0 0 1 0 1 1 0 0 0 0 2 0 0 0 0 0 0 0 0 0 0 0 0 0 0 0 0 0 1 0 0 1 1 0 0 2 1 0 0 0 0 0 0 0 0 0 0 0 0 0 0
0 0 0 0 0 0 0 0 0 0 0 0 0 0 0 0 0 0 0 0 0 0 0 0 0 0 1 0 0 0 0 0 0 0 0 0 0 0 0 0 0 1 0 0 0 0 0 0 1 0 0 0 0 0 1 0 0 0 0 0 0
0 0 0 0 0 0 0 1 0 0 0 0 0 0 0 0 0 0 1 0 0 0 0 0 0 0 0 0 0 0 0 0 0 0 0 0 0 0 0 0 0 0 0 0 0 0 0 0 0 0 0 0 0 0 0 0 0 0 0 0 0
0 0 0 0 0 0 0 0 0 0 0 0 0 0 0 0 0 0 0 0 0 0 0 0 0 0 0 0 0 0 0 0 0 0 0 0 0 0 0 0 0 0 0 0 0 0 0 0 0 0 0 0 0 0 0 0 0 0 0 0 0
0 0 0 0 0 0 0 0 0 0 0 0 0 1 0 0 1 0 0 0 0 0 0 0 0 0 0 1 1 0 0 0 0 1 0 0 0 0 0 0 0 0 0 0 0 0 0 0 0 0 0 0 0 0 0 0 0 0 0 0 0
0 0 0 0 0 0 0 0 1 0 0 0 0 0 0 0 0 0 0 0 0 1 1 0 0 0 0 0 0 0 0 0 0 0 1 0 0 0 0 0 0 0 0 0 0 0 0 0 0 0 0 0 0 0 0 0 0 0 0 0 0
0 0 0 0 0 0 0 0 0 0 0 0 0 0 0 0 0 0 0 0 0 0 0 0 0 0 0 0 0 0 0 0 0 0 0 0 0 0 0 0 0 0 0 0 0 0 0 0 0 0 0 0 0 0 0 0 0 0 0 0 0
0 0 0 0 0 0 0 0 0 0 0 0 0 0 0 0 0 0 0 0 0 0 0 0 0 0 0 0 0 0 0 0 0 0 0 0 0 0 0 0 0 0 0 0 0 0 0 0 0 0 0 0 0 0 0 0 0 0 0 0 0
0 0 0 0 0 0 0 0 0 0 0 0 0 0 0 0 0 1 0 0 0 0 0 0 0 0 0 0 0 0 0 0 0 0 0 0 0 0 0 1 0 0 0 0 0 0 0 0 0 0 0 0 0 0 0 0 0 0 0 0 0
0 0 0 0 0 0 0 0 0 0 0 0 0 0 0 0 0 0 0 0 0 0 0 0 0 0 0 1 0 0 0 0 0 0 0 0 0 0 0 0 0 0 0 0 0 0 0 0 0 0 0 0 0 0 0 0 0 0 0 0 0
0 0 0 0 0 0 0 0 0 0 0 0 0 1 0 0 0 0 0 0 1 0 1 0 0 0 0 0 0 0 0 0 1 0 0 0 0 0 0 0 0 0 0 1 0 0 0 0 0 0 1 0 0 0 0 0 0 0 0 0 0
0 0 0 0 0 0 0 0 0 0 0 0 0 0 0 0 0 0 0 0 0 0 0 0 0 0 0 0 0 0 0 0 0 1 0 0 0 0 0 0 0 0 0 0 0 0 0 1 0 0 0 0 1 0 0 0 0 0 0 0 0
0 0 0 0 0 0 0 0 0 0 0 0 0 0 0 0 0 0 0 0 0 0 0 0 0 0 0 0 0 0 0 0 0 0 0 0 0 0 0 0 0 0 0 0 0 0 0 0 0 0 0 0 0 0 0 0 0 0 0 0 0
0 0 0 0 0 0 0 0 0 0 0 0 0 0 0 0 0 0 1 0 0 0 0 0 0 0 0 0 0 0 0 0 0 0 0 0 0 0 0 0 1 0 0 0 0 0 0 0 0 0 0 0 0 0 0 0 0 0 0 0 0
0 0 0 0 0 0 0 0 0 0 0 0 0 0 0 0 0 0 0 0 1 0 0 0 0 0 0 0 0 0 0 0 0 0 0 0 0 0 0 0 0 1 2 0 0 0 0 0 0 0 0 0 0 0 0 0 0 0 0 0 0
0 0 0 0 0 1 0 0 0 0 1 0 0 0 0 0 0 0 0 0 0 0 0 0 1 0 0 0 0 0 1 0 0 0 0 0 1 0 0 0 0 0 0 0 0 0 0 0 0 0 0 0 0 0 0 0 0 0 0 0 0
0 0 0 0 0 0 0 0 0 0 1 0 0 1 0 0 0 0 0 0 0 0 0 0 0 0 0 0 0 0 0 0 0 1 0 0 0 0 0 0 0 0 0 0 0 0 0 0 0 0 0 0 1 0 0 0 0 0 0 0 0
0 0 0 0 0 0 0 0 1 0 0 0 0 1 0 2 0 0 1 2 0 0 0 0 0 0 0 0 0 0 0 0 0 0 0 0 0 0 0 0 0 0 0 1 0 0 0 0 0 0 0 0 1 0 0 1 0 0 0 0 0
0 0 0 0 0 0 0 0 1 0 0 0 0 0 0 0 0 0 0 0 0 1 0 0 0 0 0 0 0 0 0 0 0 0 0 0 0 0 0 0 0 1 0 0 0 0 1 0 1 0 1 0 0 0 0 0 0 0 0 0 0
0 0 0 0 0 0 0 0 0 0 0 0 0 0 0 0 0 1 0 0 0 0 0 0 0 0 0 0 0 0 0 0 0 0 0 0 0 0 0 1 1 0 0 0 1 1 0 0 0 1 1 0 0 0 0 1 0 0 0 0 0
0 0 0 0 0 0 0 0 0 0 0 0 0 0 0 0 1 0 0 0 0 0 0 0 0 0 0 0 0 0 0 0 0 0 0 0 0 0 0 0 1 0 0 0 1 0 1 0 0 0 0 0 0 0 0 1 0 0 0 0 0
0 0 0 0 0 0 0 0 1 0 1 0 0 0 0 0 0 0 0 0 0 0 0 0 0 0 0 0 0 0 0 0 0 0 0 0 0 0 0 0 0 0 0 0 0 0 0 0 0 0 0 0 0 0 0 0 0 0 0 0 0
0 0 0 0 0 0 0 0 0 0 0 0 0 0 0 0 0 0 0 0 0 0 0 0 0 0 0 0 0 0 0 0 0 0 0 0 0 0 0 0 0 0 0 0 0 0 0 0 0 0 0 0 0 0 0 0 0 0 0 0 0
0 0 0 0 0 0 0 0 0 0 0 0 0 0 0 0 0 0 0 0 0 0 0 0 0 0 0 0 0 0 0 0 0 0 0 0 0 0 3 0 0 1 4 0 0 0 0 0 0 0 0 0 0 0 0 7 0 0 0 0 0
0 0 0 0 0 0 0 0 0 0 0 0 0 0 0 0 0 0 0 0 0 0 0 0 0 0 0 0 0 0 0 0 0 0 0 0 0 0 0 0 0 0 0 0 0 0 0 0 0 0 0 0 0 0 0 1 0 0 0 0 0
0 0 0 0 0 0 0 0 0 0 0 0 0 0 0 0 0 0 0 0 0 0 0 0 0 0 0 0 0 0 0 0 0 0 0 0 0 0 0 0 0 0 0 0 0 0 0 0 0 0 0 0 0 0 0 0 0 0 0 0 0
0 0 0 0 0 0 0 0 0 0 0 0 0 0 0 0 0 0 0 0 0 0 0 0 0 0 0 0 0 0 0 0 0 0 0 0 0 0 0 0 0 0 0 0 0 0 0 0 0 0 0 0 0 0 0 0 0 0 0 0 0
0 0 0 0 0 0 0 0 0 0 0 0 0 0 0 0 0 0 0 0 0 0 0 0 0 0 0 0 0 0 0 0 0 0 0 0 0 0 0 0 0 0 0 0 0 0 0 0 0 0 0 0 0 0 0 0 0 0 0 0 0
0 0 0 0 0 0 0 0 0 0 0 0 0 0 0 0 0 0 0 0 0 0 0 0 0 0 0 0 0 0 0 0 0 0 0 0 0 0 0 0 0 0 0 0 0 0 0 0 0 0 0 0 0 0 0 0 0 0 0 0 0
0 0 0 0 0 0 0 0 0 0 0 0 0 0 0 0 0 0 0 0 0 0 0 0 0 0 0 0 0 0 0 0 0 0 0 0 0 0 0 0 0 0 0 0 0 0 0 0 0 0 0 0 0 0 0 0 0 0 0 0 0
0 0 0 0 0 0 0 0 0 0 0 0 0 0 0 0 0 0 0 0 0 0 0 0 0 0 0 0 0 0 0 0 0 0 0 0 0 0 0 0 0 0 0 0 0 0 0 0 0 0 0 0 0 0 0 0 0 0 0 0 0

y
0.0 0.0 0.0 0.0 0.0 0.0 0.0 0.0 0.0 0.0 0.0 0.0 0.0 0.0 13.5 0.0 0.0 0.0 0.0 0.0 0.0 0.0 0.0 0.0 0.0 0.0 0.0 0.0 0.0 0.0 0.0 0.0 0.0 0.0 0.0 0.0 0.0

k
0 12 12 0 17 12 0 0 0 29 0 0 12 11 5 0 0 0 25 0 8 1 0 0 0 0 5 0 21 37 51 52 104 52 52 52 6

f
0.0 0.0 0.0 0.0 0.0 0.0 0.0 18.375 0.0 0.0 0.0 0.0 0.0 5.074999999999994 0.0 0.0 0.0 0.0 0.0 0.0 0.0 0.0 0.0 11.725 21.7 0.0 0.0 0.0 0.0 5.074999999999999 5.075000000000001 0.0 0.0 0.0 0.0 0.0 0.0 0.0 0.0 0.0 0.0 0.0 0.0 0.0 11.725 0.0 0.0 0.0 0.0 0.0 18.375 0.0 0.0 0.0 0.0 0.0 0.0 0.0 0.0 0.0 0.0
0.0 0.0 0.0 0.0 0.0 0.0 0.0 0.0 0.0 0.0 0.0 0.0 0.0 0.0 0.0 0.0 0.0 0.0 0.0 0.0 0.0 0.0 0.0 0.0 0.0 0.0 0.0 0.0 0.0 0.0 0.0 0.0 0.0 0.0 0.0 0.0 0.0 0.0 0.0 0.0 0.0 0.0 0.0 0.0 0.0 0.0 0.0 0.0 0.0 0.0 0.0 0.0 0.0 0.0 0.0 0.0 0.0 0.0 0.0 0.0 0.0
0.0 0.0 0.0 0.0 0.0 0.0 0.0 0.0 0.0 0.0 0.0 0.0 0.0 0.0 0.0 0.0 0.0 0.0 0.0 0.0 0.0 0.0 0.0 0.0 0.0 0.0 0.0 0.0 0.0 0.0 0.0 0.0 0.0 0.0 0.0 0.0 0.0 0.0 0.0 0.0 0.0 0.0 0.0 0.0 0.0 0.0 0.0 0.0 0.0 0.0 0.0 0.0 0.0 0.0 0.0 0.0 0.0 0.0 0.0 0.0 0.0
0.0 1.0499999999999972 1.0499999999999972 0.0 0.0 0.0 33.824999999999996 55.199999999999996 0.0 0.0 0.0 0.0 0.0 0.0 0.0 1.0500000000000043 0.0 0.0 0.0 0.0 1.0499999999999972 1.0499999999999972 0.0 0.0 0.0 0.0 1.0499999999999972 1.0499999999999972 0.0 0.0 0.0 0.0 1.0499999999999972 1.0499999999999972 0.0 0.0 0.0 0.0 0.0 0.0 0.0 0.0 0.0 0.0 0.0 0.0 0.0 1.5249999999999995 0.0 0.0 0.0 0.0 0.0 0.0 0.0 0.0 0.0 0.0 0.0 0.0 0.0

L
1 0 0 1 0 0 0 6 11 0 1 1 0 0 22 0 2 5 0 22 0 5 3 0 2 1 2 2 0 0 0 0 0 0 0 0 0

g
0 0 0 0 0 0 0 0 0 0 0 0 0 0 0 0 0 0 0 0 0 0 0 0 0 0 0 0 0 0 0 0 0 0 0 0 0 0 0 0 0 0 0 0 0 0 0 0 0 0 0 0 0 0 0 0 0 0 0 0 0
0 0 0 0 0 0 0 0 0 0 0 0 0 0 0 0 0 0 0 0 0 0 0 0 0 0 0 0 0 0 0 0 0 0 0 0 0 0 0 0 0 0 0 0 0 0 0 0 0 0 0 0 0 0 0 0 0 0 0 0 0
0 0 0 0 0 0 0 0 0 0 0 0 0 0 0 0 0 0 0 0 0 0 0 0 0 0 0 0 0 0 0 0 0 0 0 0 0 0 0 0 0 0 0 0 0 0 0 0 0 0 0 0 0 0 0 0 0 0 0 0 0
0 0 0 0 0 0 0 0 0 0 0 0 0 0 0 0 0 0 0 0 0 0 0 0 0 0 0 0 0 0 0 0 0 0 0 0 0 0 0 0 0 0 0 0 0 0 0 0 0 0 0 0 0 0 0 0 0 0 0 0 0
0 0 0 0 0 0 0 0 0 0 0 0 0 0 0 0 0 0 0 0 0 0 0 0 0 0 0 0 0 0 0 0 0 0 0 0 0 0 0 0 0 0 0 0 0 0 0 0 0 0 0 0 0 0 0 0 0 0 0 0 0
0 0 0 0 0 0 0 0 0 0 0 0 0 0 0 0 0 0 0 0 0 0 0 0 0 0 0 0 0 0 0 0 0 0 0 0 0 0 0 0 0 0 0 0 0 0 0 0 0 0 0 0 0 0 0 0 0 0 0 0 0
0 0 0 0 0 0 0 0 0 0 0 0 0 0 0 0 0 0 0 0 1 0 0 0 0 0 0 0 0 0 0 0 0 0 0 0 0 0 0 0 0 0 0 0 0 1 0 0 0 0 0 0 0 0 0 0 0 0 0 0 0
0 0 0 0 0 0 0 0 0 0 0 0 0 0 0 0 0 0 0 0 0 0 0 0 0 0 0 0 0 0 0 0 0 0 0 0 0 0 0 0 0 0 0 0 0 0 0 0 0 0 0 0 0 0 0 0 0 0 0 0 0
0 0 0 0 0 0 0 0 0 0 0 0 0 0 0 0 0 0 0 0 0 0 0 0 0 0 0 0 0 0 0 0 0 0 0 0 0 0 0 0 0 0 0 0 0 0 0 0 0 0 0 0 0 0 0 0 0 0 0 0 0
0 0 0 0 0 0 0 0 0 0 0 0 0 0 0 0 0 0 0 0 0 0 0 0 0 0 0 0 0 0 0 0 0 0 0 0 0 0 0 0 0 0 0 0 0 0 0 0 0 0 0 0 0 0 0 0 0 0 0 0 0
0 0 0 0 0 0 0 0 0 0 0 0 0 0 0 0 0 0 0 0 0 0 0 0 0 0 0 0 0 0 0 0 0 0 0 0 0 0 0 0 0 0 0 0 0 0 0 0 0 0 0 0 0 0 0 0 0 0 0 0 0
0 0 0 0 0 0 0 0 0 0 0 0 0 0 0 0 0 0 0 0 0 0 0 0 0 0 0 0 0 0 0 0 0 0 0 0 0 0 0 0 0 0 0 0 0 0 0 0 0 0 0 0 0 0 0 0 0 0 0 0 0
0 0 0 0 0 0 0 0 0 0 0 0 0 0 0 0 0 0 0 0 0 0 0 0 0 0 0 0 0 0 0 0 0 0 0 0 0 0 0 0 0 0 0 0 0 0 0 0 0 0 0 0 0 0 0 0 0 0 0 0 0
0 0 0 0 0 0 0 0 0 0 0 0 0 0 0 0 0 0 0 0 0 0 0 0 0 0 0 0 0 0 0 0 0 0 0 0 0 0 0 0 0 0 0 0 0 0 0 0 0 0 0 0 0 0 0 0 0 0 0 0 0
0 0 0 0 0 0 0 0 0 0 0 0 0 0 0 0 0 0 0 0 0 0 0 0 0 0 0 0 0 0 0 0 0 0 0 0 0 0 0 0 0 0 0 0 0 0 0 0 0 0 0 0 0 0 0 0 0 0 0 0 0
0 0 0 0 0 0 0 0 0 0 0 0 0 0 0 0 0 0 0 0 0 0 0 0 0 0 0 0 0 0 0 0 0 0 0 0 0 0 0 0 0 0 0 0 0 0 0 0 0 0 0 0 0 0 0 0 0 0 0 0 0
0 0 0 0 0 0 0 0 0 0 0 0 0 0 0 0 0 0 0 0 0 0 0 0 0 0 0 0 0 0 0 0 0 0 0 0 0 0 0 0 0 0 0 0 0 0 0 0 0 0 0 0 0 0 0 0 0 0 0 0 0
0 0 0 0 0 0 0 0 0 0 0 0 0 0 0 0 0 0 0 0 0 0 0 0 0 0 0 0 0 0 0 0 0 0 0 0 0 0 0 0 0 0 0 0 0 0 0 0 0 0 0 0 0 0 0 0 0 0 0 0 0
0 0 0 0 0 0 0 0 0 0 0 0 0 0 0 0 0 0 0 0 0 0 0 0 0 0 0 0 0 0 0 0 0 0 0 0 0 0 0 0 0 0 0 0 0 0 0 0 0 0 0 0 0 0 0 0 0 0 0 0 0
0 0 0 0 0 0 0 0 0 0 0 0 0 0 0 0 0 0 0 0 0 0 0 0 0 0 0 0 0 0 0 0 0 0 0 0 0 0 0 0 0 0 0 0 0 0 0 0 0 0 0 0 0 0 0 0 0 0 0 0 0
0 0 0 0 0 0 0 0 0 0 0 0 0 0 0 0 0 0 0 0 0 0 0 0 0 0 0 0 0 0 0 0 0 0 0 0 0 0 0 0 0 0 1 0 0 0 0 0 0 0 0 0 0 0 0 0 0 0 0 0 0
0 0 0 0 0 0 0 0 0 0 0 0 0 0 0 0 0 0 0 0 0 0 0 0 0 0 0 0 0 0 0 0 0 0 0 0 0 0 0 0 0 0 0 0 0 0 0 0 0 0 0 0 0 0 0 0 0 0 0 0 0
0 0 0 0 0 0 0 0 0 0 0 0 0 0 0 0 0 0 0 0 0 0 0 0 0 0 0 0 0 0 0 0 0 0 0 0 0 0 0 0 0 0 0 0 0 0 0 0 0 0 0 0 0 0 0 0 0 0 0 0 0
0 0 0 0 0 0 0 0 0 0 0 0 0 0 0 1 0 0 0 1 0 0 0 0 0 0 0 0 0 0 0 0 0 0 0 0 0 0 0 0 0 0 0 0 0 0 0 0 0 0 0 0 0 0 0 0 0 0 0 0 0
0 0 0 0 0 0 0 0 0 0 0 0 0 0 0 0 0 0 0 0 0 0 0 0 0 0 0 0 0 0 0 0 0 0 0 0 0 0 0 0 0 0 0 0 0 0 0 0 0 0 0 0 0 0 0 0 0 0 0 0 0
0 0 0 0 0 0 0 0 0 0 0 0 0 0 0 0 0 0 0 0 0 0 0 0 0 0 0 0 0 0 0 0 0 0 0 0 0 0 0 0 0 0 0 0 0 0 0 0 0 0 0 0 0 0 0 0 0 0 0 0 0
0 0 0 0 0 0 0 0 0 0 0 0 0 0 0 0 0 0 0 0 0 0 0 0 0 0 0 0 0 0 0 0 0 0 0 0 0 0 0 0 0 0 0 0 0 0 0 0 0 0 0 0 0 0 0 0 0 0 0 0 0
0 0 0 0 0 0 0 0 0 0 0 0 0 0 0 0 0 0 0 0 0 0 0 0 0 0 0 0 0 0 0 0 0 0 0 0 0 0 0 0 0 0 0 0 0 0 0 0 0 0 0 0 0 0 0 0 0 0 0 0 0
0 0 0 0 0 0 0 0 0 0 0 0 0 0 0 0 0 0 0 0 0 0 0 0 0 0 0 0 0 0 0 0 0 0 0 0 0 0 0 0 0 0 0 0 0 0 0 0 0 0 0 0 0 0 0 0 0 0 0 0 0
0 0 0 0 0 0 0 0 0 0 0 0 0 0 0 0 0 0 0 0 0 0 0 0 0 0 0 0 0 0 0 0 0 0 0 0 0 0 2 0 0 0 3 0 0 0 0 0 0 0 0 0 0 0 0 6 0 0 0 0 0
0 0 0 0 0 0 0 0 0 0 0 0 0 0 0 0 0 0 0 0 0 0 0 0 0 0 0 0 0 0 0 0 0 0 0 0 0 0 0 0 0 0 0 0 0 0 0 0 0 0 0 0 0 0 0 0 0 0 0 0 0
0 0 0 0 0 0 0 0 0 0 0 0 0 0 0 0 0 0 0 0 0 0 0 0 0 0 0 0 0 0 0 0 0 0 0 0 0 0 0 0 0 0 0 0 0 0 0 0 0 0 0 0 0 0 0 0 0 0 0 0 0
0 0 0 0 0 0 0 0 0 0 0 0 0 0 0 0 0 0 0 0 0 0 0 0 0 0 0 0 0 0 0 0 0 0 0 0 0 0 0 0 0 0 0 0 0 0 0 0 0 0 0 0 0 0 0 0 0 0 0 0 0
0 0 0 0 0 0 0 0 0 0 0 0 0 0 0 0 0 0 0 0 0 0 0 0 0 0 0 0 0 0 0 0 0 0 0 0 0 0 0 0 0 0 0 0 0 0 0 0 0 0 0 0 0 0 0 0 0 0 0 0 0
0 0 0 0 0 0 0 0 0 0 0 0 0 0 0 0 0 0 0 0 0 0 0 0 0 0 0 0 0 0 0 0 0 0 0 0 0 0 0 0 0 0 0 0 0 0 0 0 0 0 0 0 0 0 0 0 0 0 0 0 0
0 0 0 0 0 0 0 0 0 0 0 0 0 0 0 0 0 0 0 0 0 0 0 0 0 0 0 0 0 0 0 0 0 0 0 0 0 0 0 0 0 0 0 0 0 0 0 0 0 0 0 0 0 0 0 0 0 0 0 0 0
0 0 0 0 0 0 0 0 0 0 0 0 0 0 0 0 0 0 0 0 0 0 0 0 0 0 0 0 0 0 0 0 0 0 0 0 0 0 0 0 0 0 0 0 0 0 0 0 0 0 0 0 0 0 0 0 0 0 0 0 0

I cap
1058.909090909091 1058.909090909091 1058.909090909091 1058.909090909091 1316.0 1211.0 1298.6 1338.0 837.5399999999998 933.94 835.74 874.06 661.5999999999999 1002.44 718.9200000000001 824.689090909091 763.3690909090909 468.389090909091 673.449090909091 781.249090909091 648.209090909091 810.1090909090909 979.3090909090911 1026.909090909091 1005.909090909091 939.349090909091 800.6890909090911 744.509090909091 758.6490909090909 787.529090909091 804.2290909090912 893.7890909090911 866.909090909091 859.909090909091 441.3999999999999 499.0 699.44 660.1800000000001 492.48 486.88 236.75999999999985 90.22000000000007 236.64000000000016 776.56 343.5 304.46000000000015 85.48000000000006 723.5 766.5 441.94000000000005 509.8800000000001 447.94000000000005 687.44 885.44 958.56 940.5 685.7890909090911 779.849090909091 1058.909090909091 1058.909090909091 1058.909090909091
107.96969696969697 107.96969696969697 107.96969696969697 107.96969696969697 133.0 126.0 121.4 87.0 49.46000000000001 92.06 83.26 110.94 79.39999999999999 66.56 59.080000000000005 68.18969696969697 69.10969696969697 34.08969696969697 34.229696969696974 85.62969696969698 64.66969696969696 33.76969696969697 36.56969696969697 59.96969696969697 46.96969696969697 67.52969696969697 51.189696969696975 33.36969696969697 5.229696969696967 8.349696969696964 69.64969696969698 101.08969696969697 99.96969696969697 71.96969696969697 0.6000000000000014 31.0 63.56 82.82000000000001 47.120000000000005 30.72 41.04 0.7800000000000074 19.360000000000007 70.44 38.5 60.54 4.520000000000002 58.5 52.5 38.06 54.120000000000005 53.06 43.56 49.56 36.44 54.5 55.08969696969697 61.02969696969697 107.96969696969697 107.96969696969697 107.96969696969697
38.96666666666666 38.96666666666666 38.96666666666666 38.96666666666666 44.099999999999994 42.0 41.3 38.5 39.900000000000006 39.2 30.799999999999997 29.400000000000002 24.5 36.4 31.5 38.96666666666666 14.033333333333328 14.033333333333328 22.83333333333333 38.96666666666666 24.299999999999997 24.299999999999997 24.299999999999997 38.96666666666666 38.96666666666666 38.96666666666666 38.96666666666666 38.96666666666666 38.96666666666666 38.96666666666666 38.96666666666666 38.96666666666666 26.29166666666666 26.29166666666666 11.125 6.224999999999998 18.2 23.1 2.3666666666666636 5.866666666666664 21.666666666666664 25.23333333333334 2.900000000000011 2.200000000000008 14.066666666666675 41.3 32.825 38.425 32.125 33.525000000000006 49.0 36.325 39.825 36.325 38.425 52.5 38.96666666666666 38.96666666666666 38.96666666666666 38.96666666666666 38.96666666666666
45.24545454545453 45.24545454545453 45.24545454545453 45.24545454545453 35.7 44.099999999999994 41.99999999999999 42.84 38.39 41.28999999999999 42.26999999999999 36.26 31.86 34.37 27.940000000000005 44.615454545454526 43.20545454545452 36.905454545454525 38.85545454545453 42.655454545454525 40.56545454545453 40.59545454545453 42.39545454545453 42.84545454545452 42.57545454545453 43.14545454545453 42.09545454545452 42.30545454545452 42.09545454545452 42.445454545454524 43.35545454545452 43.98545454545452 43.77545454545452 43.77545454545452 38.879999999999995 35.12999999999999 35.96999999999999 18.689999999999994 17.87 49.489999999999995 29.889999999999997 9.999999999999993 21.97 45.989999999999995 41.29999999999999 44.63999999999999 33.929999999999986 38.75999999999999 38.33999999999999 45.22999999999999 53.269999999999996 52.56999999999999 54.52999999999999 52.42999999999999 3.149999999999987 3.2099999999999893 40.115454545454526 40.88545454545453 45.24545454545453 45.24545454545453 45.24545454545453
20.999999999999993 20.999999999999993 20.999999999999993 20.999999999999993 14.700000000000001 23.799999999999997 21.400000000000002 22.62 19.359999999999996 19.369999999999997 23.109999999999996 23.519999999999996 20.42 24.990000000000002 17.48 20.789999999999992 20.71999999999999 18.019999999999992 20.30999999999999 20.50999999999999 18.359999999999996 17.939999999999994 19.859999999999992 20.039999999999992 19.889999999999993 20.159999999999993 19.769999999999992 19.879999999999992 19.80999999999999 19.93999999999999 20.36999999999999 20.57999999999999 20.50999999999999 20.50999999999999 19.849999999999998 22.829999999999995 19.609999999999996 18.82999999999999 13.959999999999999 14.629999999999999 10.760000000000002 15.619999999999997 15.449999999999996 22.889999999999997 17.54 19.879999999999995 16.569999999999997 20.580000000000002 22.499999999999996 16.569999999999997 19.249999999999996 19.729999999999997 18.969999999999995 17.569999999999997 16.269999999999985 13.729999999999986 16.949999999999992 17.21999999999999 20.999999999999993 20.999999999999993 20.999999999999993
345.75757575757575 345.75757575757575 345.75757575757575 345.75757575757575 259.0 294.0 322.0 301.0 322.0 318.01 297.01 295.68 324.08 306.15999999999997 242.51999999999998 289.51757575757574 316.73757575757577 295.63757575757575 307.56757575757575 328.56757575757575 300.9075757575757 274.25757575757575 280.8575757575757 280.8575757575758 306.70757575757574 341.76757575757574 297.77757575757573 286.44757575757575 297.61757575757576 313.94757575757575 333.7875757575757 337.77757575757573 310.5975757575757 271.5475757575757 196.64 284.69 304.01 300.82 297.84 297.24 278.61 343.21999999999997 330.02 332.83 286.68999999999994 281.96999999999997 312.59999999999997 347.69 389.69 400.09999999999997 365.16999999999996 306.79999999999995 339.65 406.7 412.37 365.19 316.77757575757573 320.76757575757574 345.75757575757575 345.75757575757575 345.75757575757575
779.7575757575758 779.7575757575758 779.7575757575758 779.7575757575758 672.0 784.0 864.7 808.12 881.59 856.2099999999999 819.65 855.12 822.92 857.1700000000001 756.5 723.1175757575759 727.8075757575758 636.5075757575758 677.9975757575759 725.9975757575759 682.0075757575756 664.3475757575757 691.1075757575758 698.3975757575756 717.7475757575758 747.8375757575758 693.6675757575758 684.9575757575758 690.7375757575758 710.2275757575758 735.0275757575758 749.9375757575758 728.0475757575758 702.4875757575758 542.9200000000001 694.77 784.65 808.0100000000001 655.13 584.3599999999999 586.45 624.1400000000001 650.98 667.19 552.24 612.8200000000002 546.3900000000001 637.4000000000001 646.5400000000001 601.09 706.2500000000001 641.4300000000001 649.7300000000001 710.2900000000001 707.46 611.3000000000001 701.1275757575759 717.6575757575758 779.7575757575758 779.7575757575758 779.7575757575758
80.73333333333335 80.73333333333335 80.73333333333335 80.73333333333335 69.3 90.30000000000001 81.6 85.75999999999999 82.99 88.39 81.21000000000001 90.16 96.76 98.07 87.24000000000001 80.10333333333335 79.89333333333335 75.69333333333334 76.26333333333335 77.86333333333336 77.01333333333335 75.96333333333335 75.60333333333335 76.41333333333336 77.73333333333335 79.26333333333335 78.39333333333336 78.42333333333335 78.21333333333334 78.50333333333334 78.84333333333336 79.47333333333336 79.26333333333335 79.26333333333335 43.86 66.37 75.61000000000001 72.94000000000001 69.76 75.60000000000001 74.70999999999998 74.26 76.60000000000001 86.51999999999998 86.27000000000001 91.84 82.06000000000002 79.59 75.14999999999999 71.56000000000002 74.20000000000002 69.24 66.36 64.96000000000001 59.609999999999985 57.889999999999965 78.63333333333335 79.34333333333335 80.73333333333335 80.73333333333335 80.73333333333335
10.775757575757575 10.775757575757575 10.775757575757575 10.775757575757575 8.4 9.8 9.1 9.1 9.8 9.1 9.8 10.5 10.5 5.57 0.5800000000000001 0.7557575757575759 4.745757575757576 1.2457575757575752 2.3457575757575757 7.1457575757575755 3.135757575757575 0.1557575757575762 0.15575757575757532 0.1557575757575762 3.335757575757575 9.725757575757575 3.825757575757576 2.7257575757575747 4.475757575757575 6.675757575757576 10.775757575757575 10.775757575757575 6.545757575757575 0.1557575757575762 2.0100000000000007 7.0 6.300000000000001 4.7700000000000005 4.069999999999999 4.02 3.4199999999999995 0.02000000000000135 4.04 8.719999999999999 0.7300000000000026 2.110000000000001 5.050000000000001 8.149999999999999 7.150000000000001 10.849999999999998 6.619999999999997 1.7300000000000022 5.86 10.849999999999998 9.85 7.749999999999998 4.925757575757575 5.025757575757576 10.775757575757575 10.775757575757575 10.775757575757575
2.545454545454545 2.545454545454545 2.545454545454545 2.545454545454545 2.8 1.4 1.9 0.6600000000000001 0.97 0.03000000000000025 1.45 0.5599999999999999 0.5599999999999999 1.4700000000000002 0.8400000000000002 1.915454545454545 1.7054545454545451 0.8054545454545451 0.47545454545454513 1.0754545454545452 1.825454545454545 1.555454545454545 0.835454545454545 1.105454545454545 1.825454545454545 1.915454545454545 1.2854545454545452 1.0754545454545452 0.8654545454545451 1.0754545454545452 0.6554545454545452 1.2854545454545452 1.0754545454545452 1.0754545454545452 0.3400000000000005 0.6100000000000001 1.45 0.8400000000000002 2.17 0.5599999999999999 1.96 0.8400000000000002 1.54 0.5599999999999999 0.6300000000000002 1.54 2.220446049250313e-16 2.7300000000000004 1.33 0.7000000000000001 2.9400000000000004 0.7000000000000001 0.7000000000000001 2.1000000000000005 0.4900000000000001 1.33 1.2854545454545452 1.915454545454545 2.545454545454545 2.545454545454545 2.545454545454545
8.515433299825174 8.515433299825174 8.515433299825174 8.515433299825174 7.257295057471263 8.224153103448275 7.957213879310345 8.70937672413793 10.553330862068963 9.446512499999999 10.50253396551724 9.63658275862069 8.927417931034482 7.09001620689655 7.857435258620688 7.593162241379309 7.88852051724138 6.972234482758619 5.549440517241377 7.122066810344827 6.856480987460815 7.6215748275862065 7.693121034482758 7.714199137931034 7.497910459770115 7.212497931034482 6.766937758620689 7.964962068965518 7.36768775862069 6.931121379310343 9.088503275862069 9.591614655172414 6.954189655172414 6.817869856321838 9.906754367816093 11.87322620689655 6.989543793103448 7.218690090744102 6.237891805807621 6.158015344827586 6.080431869328492 4.0695699183303065 4.9778811433756776 6.742586896551724 5.944839827586206 6.461061379310344 5.819000689655171 6.303343448275861 5.4260984482758605 6.003844137931034 7.92944396551724 7.218956896551723 7.958201724137931 7.798106896551724 6.242975326678766 3.805410535390196 7.998191748101036 8.51543312741138 8.515433299825174 8.515433299825174 8.515433299825174
700.0 700.0 700.0 700.0 698.0 695.0 694.0 694.0 685.0 685.0 665.0 687.0 685.0 682.0 684.0 668.0 687.0 682.0 681.0 685.0 680.0 680.0 684.0 688.0 692.0 691.0 690.0 687.0 689.0 678.0 692.0 693.0 687.0 684.0 685.0 677.0 692.0 692.0 685.0 686.0 683.0 666.0 679.0 681.0 682.0 684.0 682.0 685.0 680.0 687.0 678.0 685.0 676.0 686.0 687.0 685.0 691.0 692.0 700.0 700.0 700.0

H cap
131.25 98.0 98.0 98.0 24.849999999999994 58.100000000000016 31.5 -18.375 61.425000000000004 48.125000000000014 48.125000000000014 81.37500000000003 24.85 -5.074999999999994 18.200000000000003 58.100000000000016 61.42500000000003 51.45000000000003 81.37500000000003 111.30000000000001 98.0 98.0 81.375 -11.725 -21.7 71.4 98.0 98.0 71.4 -5.074999999999999 -5.075000000000001 71.4 98.0 98.0 101.32500000000002 1.5749999999999993 4.900000000000006 14.875000000000002 1.5749999999999993 21.525 34.825 84.70000000000002 14.875000000000002 1.5749999999999993 -11.725 11.549999999999999 101.32500000000002 61.425000000000004 4.9 4.9 -18.375 4.899999999999999 104.65 131.25 131.25 131.25 131.25 131.25 131.25 131.25 131.25
52.5 52.5 52.5 49.65 45.85 48.7 52.5 47.75 43.475 41.575 41.575 46.325 41.1 35.875 42.525 49.65 41.575 37.300000000000004 41.575 45.85 52.5 52.5 47.75 38.25 36.35 45.85 52.5 52.5 43.0 41.1 43.95 45.85 52.5 52.5 37.3 27.799999999999997 40.15 37.775 24.949999999999996 27.324999999999996 37.775 43.475 36.825 40.625 43.0 40.625 45.375 43.0 47.75 47.75 38.25 17.349999999999987 26.849999999999987 52.5 52.5 52.5 52.5 52.5 52.5 52.5 52.5
63.0 59.675 59.675 59.675 56.349999999999994 59.675 56.349999999999994 53.02499999999999 56.349999999999994 46.374999999999986 46.374999999999986 53.02499999999999 46.374999999999986 43.04999999999998 43.04999999999998 46.374999999999986 49.69999999999999 53.02499999999999 56.349999999999994 59.675 59.675 59.675 59.675 49.69999999999999 46.374999999999986 56.349999999999994 59.675 59.675 56.349999999999994 46.374999999999986 49.69999999999999 59.675 59.675 59.675 56.349999999999994 46.374999999999986 43.04999999999998 46.374999999999986 53.02499999999999 49.69999999999999 43.04999999999998 49.69999999999999 49.69999999999999 49.69999999999999 53.02499999999999 49.69999999999999 49.69999999999999 53.02499999999999 49.69999999999999 49.69999999999999 53.02499999999999 46.374999999999986 53.02499999999999 63.0 63.0 63.0 63.0 63.0 63.0 63.0 63.0
78.75 -1.0499999999999972 -1.0499999999999972 73.05 0.8500000000000008 6.550000000000003 -33.824999999999996 -55.199999999999996 51.675 0.3750000000000029 0.3750000000000029 27.449999999999996 1.3249999999999986 5.600000000000005 2.275000000000002 -1.0500000000000043 7.024999999999997 0.375 0.375 51.675 -1.0499999999999972 -1.0499999999999972 67.825 22.700000000000003 9.875 55.0 -1.0499999999999972 -1.0499999999999972 39.8 2.7500000000000036 10.825000000000003 47.875 -1.0499999999999972 -1.0499999999999972 58.325 0.3750000000000062 1.3250000000000064 1.3250000000000082 3.7000000000000064 0.375 0.375 55.47499999999998 0.3750000000000049 2.275000000000005 5.125000000000007 0.3750000000000062 10.825000000000003 -1.5249999999999995 0.37500000000000355 0.37500000000000355 25.075000000000003 0.37500000000000533 32.67500000000001 78.75 78.75 78.75 78.75 78.75 78.75 78.75 78.75

