T P M C
22 37 4 12

base obj
17.95641025641026

exp obj
21.217307692307692

Objective struct
17.95641025641026 0.75 30.25

num campaigns
53

x
0 0 0 0 0 0 1 0 0 1 0 0 0 1 0 1 0 0 0 0 0 0
0 0 0 0 1 0 0 0 0 0 0 0 0 0 0 0 0 0 0 0 0 0
0 0 0 0 0 0 0 0 1 0 0 1 0 0 0 0 0 0 0 0 0 0
0 0 0 0 0 0 0 0 0 1 1 1 0 0 0 0 0 0 0 0 0 0
0 0 0 0 0 0 1 0 0 0 0 2 0 1 0 0 0 0 0 0 0 0
0 0 0 0 1 0 0 0 0 0 0 0 0 0 0 0 0 0 0 0 0 0
0 0 0 0 0 1 0 1 0 0 0 1 0 0 0 0 0 0 0 0 0 0
0 0 0 0 1 0 0 0 0 0 0 0 0 0 0 0 0 0 0 0 0 0
0 0 0 0 0 0 0 0 0 0 0 0 0 0 0 0 0 0 0 0 0 0
0 0 0 0 0 0 0 0 0 0 0 0 0 0 0 0 0 0 0 0 0 0
0 0 0 0 0 0 0 1 0 0 0 1 0 0 0 0 0 0 0 0 0 0
0 0 0 0 0 0 0 0 0 0 0 0 0 0 0 1 0 0 0 0 0 0
0 0 0 0 0 0 0 0 0 0 0 0 0 0 0 0 0 0 0 0 0 0
0 0 0 0 1 0 0 0 0 0 0 0 1 0 0 0 0 0 0 0 0 0
0 0 0 0 0 0 0 0 1 0 0 0 0 0 0 0 1 0 0 0 0 0
0 0 0 0 0 0 0 0 0 0 0 0 1 0 0 0 0 0 0 0 0 0
0 0 0 0 0 0 0 0 0 0 0 0 0 0 0 0 0 0 0 0 0 0
0 0 0 0 0 0 0 0 0 0 0 0 0 1 0 0 0 0 0 0 0 0
0 0 0 0 0 0 0 0 0 0 0 0 0 0 0 0 0 0 0 0 0 0
0 0 0 0 0 0 0 0 0 0 1 0 0 0 0 0 0 0 0 0 0 0
0 0 0 0 0 0 1 0 0 0 0 0 0 0 1 0 0 0 0 0 0 0
0 0 0 0 0 0 0 0 0 0 0 0 0 0 0 0 0 0 0 0 0 0
0 0 0 0 0 0 0 0 0 0 0 0 0 0 0 1 0 0 0 0 0 0
0 0 0 0 0 0 0 0 0 0 0 0 0 0 0 0 0 0 0 0 0 0
0 0 0 0 0 0 1 0 0 0 1 0 0 0 0 0 0 0 0 0 0 0
0 0 0 0 0 1 0 0 0 0 0 0 0 1 0 0 0 0 0 0 0 0
0 0 0 0 0 0 0 1 0 0 0 0 0 0 1 0 0 0 0 0 0 0
0 0 0 0 0 0 0 0 0 0 1 0 0 0 0 0 0 0 0 0 0 0
0 0 0 0 0 0 0 0 0 0 0 0 0 0 0 0 0 0 0 0 0 0
0 0 0 0 2 3 1 0 4 0 0 0 1 1 1 0 0 0 0 0 0 0
0 0 0 0 1 0 0 0 0 0 0 0 0 0 0 0 0 0 0 0 0 0
0 0 0 0 0 0 0 0 0 0 0 0 0 0 0 0 0 0 0 0 0 0
0 0 0 0 0 0 0 0 0 0 0 0 0 0 0 0 0 0 0 0 0 0
0 0 0 0 0 0 0 0 0 0 0 0 0 0 0 0 0 0 0 0 0 0
0 0 0 0 0 0 0 0 0 0 0 0 0 0 0 0 0 0 0 0 0 0
0 0 0 0 0 0 0 0 0 0 0 0 0 0 0 0 0 0 0 0 0 0
0 0 0 0 0 0 0 0 0 0 0 0 0 0 0 0 0 0 0 0 0 0

y
0.0 0.0 0.0 0.0 0.0 0.0 0.0 0.0 0.0 0.0 0.0 0.0 0.0 2.0 0.0 0.0 0.0 0.0 0.0 0.0 2.0 0.0 0.0 0.0 0.0 0.0 1.0 0.0 0.0 0.0 0.0 0.0 0.0 0.0 0.0 0.0 0.0

k
0 2 2 0 1 2 0 0 1 8 0 0 3 1 0 0 2 0 7 0 1 2 0 3 0 0 1 0 6 0 12 13 26 13 13 13 2

f
0.0 1.75 0.0 0.0 0.0 0.0 0.0 0.0 0.0 1.75 0.0 0.0 19.25 0.0 0.0 0.0 0.0 0.0 0.0 0.0 0.0 0.0
0.0 0.0 0.0 0.0 0.0 0.0 0.0 0.0 0.0 0.0 0.0 0.0 0.0 0.0 0.0 0.0 0.0 0.0 0.0 0.0 0.0 0.0
0.0 0.0 0.0 0.0 0.0 0.0 0.0 0.0 0.0 0.0 0.0 0.0 0.0 0.0 0.0 0.0 0.0 0.0 0.0 0.0 0.0 0.0
0.0 0.0 0.0 1.75 0.0 0.0 2.75 0.0 0.0 0.75 0.0 0.0 19.75 0.0 0.0 0.0 0.0 0.0 0.0 0.0 0.0 0.0

L
2 0 3 1 0 0 2 0 0 0 4 0 0 8 8 0 0 0 0 0 8 0 0 0 4 8 7 0 0 0 0 0 0 0 0 0 0

g
0 0 0 0 0 0 0 0 0 0 0 0 0 0 0 0 0 0 0 0 0 0
0 0 0 0 0 0 0 0 0 0 0 0 0 0 0 0 0 0 0 0 0 0
0 0 0 0 0 0 0 0 0 0 0 0 0 0 0 0 0 0 0 0 0 0
0 0 0 0 0 0 0 0 0 0 0 0 0 0 0 0 0 0 0 0 0 0
0 0 0 0 0 0 0 0 0 0 0 1 0 0 0 0 0 0 0 0 0 0
0 0 0 0 0 0 0 0 0 0 0 0 0 0 0 0 0 0 0 0 0 0
0 0 0 0 0 0 0 0 0 0 0 0 0 0 0 0 0 0 0 0 0 0
0 0 0 0 0 0 0 0 0 0 0 0 0 0 0 0 0 0 0 0 0 0
0 0 0 0 0 0 0 0 0 0 0 0 0 0 0 0 0 0 0 0 0 0
0 0 0 0 0 0 0 0 0 0 0 0 0 0 0 0 0 0 0 0 0 0
0 0 0 0 0 0 0 0 0 0 0 0 0 0 0 0 0 0 0 0 0 0
0 0 0 0 0 0 0 0 0 0 0 0 0 0 0 0 0 0 0 0 0 0
0 0 0 0 0 0 0 0 0 0 0 0 0 0 0 0 0 0 0 0 0 0
0 0 0 0 0 0 0 0 0 0 0 0 0 0 0 0 0 0 0 0 0 0
0 0 0 0 0 0 0 0 0 0 0 0 0 0 0 0 0 0 0 0 0 0
0 0 0 0 0 0 0 0 0 0 0 0 0 0 0 0 0 0 0 0 0 0
0 0 0 0 0 0 0 0 0 0 0 0 0 0 0 0 0 0 0 0 0 0
0 0 0 0 0 0 0 0 0 0 0 0 0 0 0 0 0 0 0 0 0 0
0 0 0 0 0 0 0 0 0 0 0 0 0 0 0 0 0 0 0 0 0 0
0 0 0 0 0 0 0 0 0 0 0 0 0 0 0 0 0 0 0 0 0 0
0 0 0 0 0 0 0 0 0 0 0 0 0 0 0 0 0 0 0 0 0 0
0 0 0 0 0 0 0 0 0 0 0 0 0 0 0 0 0 0 0 0 0 0
0 0 0 0 0 0 0 0 0 0 0 0 0 0 0 0 0 0 0 0 0 0
0 0 0 0 0 0 0 0 0 0 0 0 0 0 0 0 0 0 0 0 0 0
0 0 0 0 0 0 0 0 0 0 0 0 0 0 0 0 0 0 0 0 0 0
0 0 0 0 0 0 0 0 0 0 0 0 0 0 0 0 0 0 0 0 0 0
0 0 0 0 0 0 0 0 0 0 0 0 0 0 0 0 0 0 0 0 0 0
0 0 0 0 0 0 0 0 0 0 0 0 0 0 0 0 0 0 0 0 0 0
0 0 0 0 0 0 0 0 0 0 0 0 0 0 0 0 0 0 0 0 0 0
0 0 0 0 1 2 0 0 3 0 0 0 0 0 0 0 0 0 0 0 0 0
0 0 0 0 0 0 0 0 0 0 0 0 0 0 0 0 0 0 0 0 0 0
0 0 0 0 0 0 0 0 0 0 0 0 0 0 0 0 0 0 0 0 0 0
0 0 0 0 0 0 0 0 0 0 0 0 0 0 0 0 0 0 0 0 0 0
0 0 0 0 0 0 0 0 0 0 0 0 0 0 0 0 0 0 0 0 0 0
0 0 0 0 0 0 0 0 0 0 0 0 0 0 0 0 0 0 0 0 0 0
0 0 0 0 0 0 0 0 0 0 0 0 0 0 0 0 0 0 0 0 0 0
0 0 0 0 0 0 0 0 0 0 0 0 0 0 0 0 0 0 0 0 0 0

I cap
1058.909090909091 1058.909090909091 1021.909090909091 974.909090909091 933.32 774.62 792.9999999999999 671.0999999999999 610.8000000000002 555.9 544.2599999999999 272.64000000000016 571.9800000000001 478.22 564.42 545.1090909090909 707.129090909091 896.649090909091 912.649090909091 999.129090909091 1058.909090909091 1058.909090909091
107.96969696969697 107.96969696969697 70.96969696969697 70.96969696969697 74.68 68.38 81.0 26.900000000000006 72.80000000000001 65.7 89.54 46.36 63.02000000000001 44.779999999999994 97.58 42.76969696969697 71.74969696969697 79.22969696969697 103.22969696969697 106.74969696969697 107.96969696969697 107.96969696969697
38.96666666666666 38.96666666666666 38.96666666666666 38.96666666666666 44.099999999999994 42.0 26.633333333333333 23.833333333333336 0.30000000000000604 14.26666666666667 14.666666666666664 29.400000000000002 11.825 23.724999999999998 4.158333333333333 11.624999999999995 24.299999999999997 38.96666666666666 38.96666666666666 38.96666666666666 38.96666666666666 38.96666666666666
45.24545454545453 45.24545454545453 43.77545454545453 31.035454545454524 0.37000000000000277 16.579999999999988 34.219999999999985 17.119999999999994 11.189999999999998 33.72999999999999 36.90999999999999 23.539999999999996 18.34 18.279999999999994 23.580000000000005 39.725454545454525 40.17545454545452 43.41545454545452 44.615454545454526 45.24545454545453 45.24545454545453 45.24545454545453
20.999999999999993 20.999999999999993 20.369999999999994 19.66999999999999 7.650000000000002 17.91999999999999 16.8 19.999999999999993 15.799999999999992 14.049999999999997 18.439999999999998 17.949999999999996 18.619999999999997 21.33 19.459999999999997 19.84999999999999 20.02999999999999 20.30999999999999 20.789999999999992 20.999999999999993 20.999999999999993 20.999999999999993
345.75757575757575 345.75757575757575 345.75757575757575 338.61757575757576 250.76 287.12 300.59000000000003 267.99 268.45 262.65 268.51 226.64999999999998 268.78 281.82 266.49 302.24757575757576 298.24757575757576 328.56757575757575 328.56757575757575 333.3575757575758 345.75757575757575 345.75757575757575
779.7575757575758 779.7575757575758 762.7475757575758 731.2475757575758 559.51 710.85 794.71 736.2700000000001 796.72 716.3600000000001 720.16 697.8 751.5 770.37 788.7900000000001 670.2675757575759 672.6575757575757 729.2375757575758 748.6775757575758 764.5675757575757 779.7575757575758 779.7575757575758
80.73333333333335 80.73333333333335 79.89333333333335 78.49333333333334 60.889999999999986 84.43 80.02 82.96999999999998 82.12999999999998 87.31 79.35 85.23 94.22000000000001 93.81999999999998 88.13 76.29333333333335 77.10333333333335 77.94333333333336 80.10333333333335 80.73333333333335 80.73333333333335 80.73333333333335
10.775757575757575 10.775757575757575 9.725757575757575 8.465757575757575 6.300000000000001 8.24 3.9099999999999993 2.1200000000000006 0.27000000000000046 0.6699999999999999 6.170000000000001 1.4900000000000002 3.5 4.550000000000001 2.019999999999999 2.3457575757575757 1.2457575757575752 7.1457575757575755 7.1457575757575755 7.365757575757575 10.775757575757575 10.775757575757575
2.545454545454545 2.545454545454545 2.545454545454545 1.285454545454545 1.42 0.2599999999999999 1.45 0.6300000000000002 1.54 0.6300000000000002 1.96 0.1399999999999999 0.1399999999999999 0.6300000000000002 0.6300000000000002 0.08545454545454523 0.35545454545454525 1.195454545454545 1.915454545454545 2.545454545454545 2.545454545454545 2.545454545454545
8.515433299825174 8.515433299825174 8.515433299825174 7.789480486758024 4.808111754385963 6.174243847549907 6.411569596188747 6.448850235934662 7.701788212341195 7.906857327586206 8.954258103448273 7.19946842105263 7.375693793103446 5.0331196551724116 7.361790803085298 7.253506896551722 7.890244655172413 7.317062241379309 7.495992586206897 7.808273706896552 7.546136159874608 8.31123
700.0 700.0 700.0 698.0 691.0 689.0 682.0 683.0 682.0 680.0 684.0 681.0 680.0 683.0 685.0 684.0 689.0 685.0 696.0 699.0 698.0 698.0

H cap
8.75 -1.75 36.75 8.75 29.75 5.25 1.75 1.75 33.25 -1.75 5.25 5.25 -19.25 78.75 131.25 131.25 131.25 131.25 131.25 131.25 131.25 131.25
28.5 17.5 31.5 35.5 26.0 25.5 42.5 37.0 28.5 31.5 36.5 39.5 40.5 47.5 52.5 52.5 52.5 52.5 52.5 52.5 52.5 52.5
56.0 52.5 52.5 49.0 49.0 49.0 49.0 38.5 42.0 45.5 45.5 52.5 52.5 59.5 63.0 63.0 63.0 63.0 63.0 63.0 63.0 63.0
11.25 1.25 0.25 -1.75 15.75 0.25 -2.75 0.25 10.25 -0.75 30.25 1.25 -19.75 44.75 78.75 78.75 78.75 78.75 78.75 78.75 78.75 78.75

Gap
NaN

Time
NaN

