T P M C
22 37 4 12

base obj
1021.4166666666666

exp obj
775.6458333333334

Objective struct
1021.4166666666666 2.333333333333333 36.0

num campaigns
27

x
0 0 0 0 0 1 0 0 0 0 0 0 0 2 0 0 0 0 0 0 0 0
0 0 0 0 0 0 0 0 0 0 0 0 0 0 0 0 0 0 0 0 0 0
0 0 0 0 0 0 0 0 0 0 0 0 0 0 0 0 0 0 0 0 0 0
0 0 0 0 0 0 0 2 0 0 0 0 1 0 0 0 0 0 0 0 0 0
0 0 0 0 0 0 0 0 0 0 0 0 0 0 0 0 0 0 0 0 0 0
0 0 0 0 0 0 1 0 0 0 0 0 0 0 0 0 0 0 0 0 0 0
0 0 0 0 0 0 1 0 0 0 0 0 0 0 0 2 0 0 0 0 0 0
0 0 0 0 1 0 0 0 0 0 0 0 0 0 0 0 0 0 0 0 0 0
0 0 0 0 0 0 0 1 0 0 0 0 0 0 0 0 0 0 0 0 0 0
0 0 0 0 0 0 0 0 0 0 0 0 0 0 0 0 0 0 0 0 0 0
0 0 0 0 0 0 0 0 0 0 0 0 1 0 0 0 1 0 0 0 0 0
0 0 0 0 0 0 0 0 0 0 0 0 0 0 0 0 1 0 0 0 0 0
0 0 0 0 0 0 0 0 0 0 0 0 0 0 0 0 0 0 0 0 0 0
0 0 0 0 0 0 0 0 0 0 0 0 0 0 0 0 0 0 0 0 0 0
0 0 0 0 0 0 0 0 0 0 0 1 0 0 0 0 1 0 0 0 0 0
0 0 0 0 0 0 0 1 0 0 0 0 0 0 0 0 0 0 0 0 0 0
0 0 0 0 0 0 0 0 0 0 0 0 0 0 0 0 0 0 0 0 0 0
0 0 0 0 0 0 0 0 0 0 0 1 0 0 0 0 0 0 0 0 0 0
0 0 0 0 0 0 0 0 0 0 0 0 0 0 0 0 0 0 0 0 0 0
0 0 0 0 0 0 0 0 0 0 0 0 0 0 0 0 1 0 0 0 0 0
0 0 0 0 0 0 0 0 0 0 0 0 0 0 0 0 0 0 0 0 0 0
0 0 0 0 0 0 0 0 0 1 0 0 0 0 0 0 0 0 0 0 0 0
0 0 0 0 1 0 0 0 0 0 0 0 0 0 0 0 0 0 0 0 0 0
0 0 0 0 0 0 0 0 0 0 0 0 0 0 0 0 0 0 0 0 0 0
0 0 0 0 0 0 0 0 0 0 0 1 0 0 1 0 0 0 0 0 0 0
0 0 0 0 0 0 0 0 0 0 0 0 0 0 0 0 2 0 0 0 0 0
0 0 0 0 0 0 0 0 0 0 0 0 0 0 0 0 0 0 0 0 0 0
0 0 0 0 0 0 0 0 0 0 0 0 0 0 0 0 1 0 0 0 0 0
0 0 0 0 0 0 0 0 0 0 0 0 0 0 0 0 0 0 0 0 0 0
0 0 0 0 0 0 0 0 0 0 0 0 0 0 0 0 0 0 0 0 0 0
0 0 0 0 0 0 0 0 0 0 0 0 0 0 0 0 0 0 0 0 0 0
0 0 0 0 0 0 0 0 0 0 0 0 0 0 0 0 0 0 0 0 0 0
0 0 0 0 0 0 0 0 0 0 0 0 0 0 0 0 0 0 0 0 0 0
0 0 0 0 0 0 0 0 0 0 0 0 0 0 0 0 0 0 0 0 0 0
0 0 0 0 0 0 0 0 0 0 0 0 0 0 0 0 0 0 0 0 0 0
0 0 0 0 0 0 0 0 0 0 0 0 0 0 0 0 0 0 0 0 0 0
0 0 0 0 0 0 0 0 0 0 0 0 0 0 0 0 0 0 0 0 0 0

y
0.0 0.0 0.0 0.0 0.0 0.0 0.0 0.0 0.0 0.0 0.0 0.0 0.0 0.0 0.0 0.0 0.0 0.0 0.0 0.0 0.0 0.0 0.0 0.0 0.0 0.0 0.0 0.0 0.0 0.0 0.0 0.0 0.0 0.0 0.0 0.0 0.0

k
1 3 4 0 5 2 0 0 0 8 0 0 3 3 0 0 2 0 7 0 3 1 0 3 0 0 3 0 6 13 13 13 26 13 13 13 2

f
0.0 8.75 0.0 5.25 0.0 0.0 0.0 0.0 0.0 0.0 0.0 0.0 8.75 0.0 0.0 0.0 0.0 0.0 0.0 0.0 0.0 0.0
0.0 0.0 0.0 0.0 0.0 0.0 0.0 0.0 0.0 0.0 0.0 0.0 0.0 0.0 0.0 0.0 0.0 0.0 0.0 0.0 0.0 0.0
0.0 0.0 0.0 0.0 0.0 0.0 0.0 0.0 0.0 0.0 0.0 0.0 0.0 0.0 0.0 0.0 0.0 0.0 0.0 0.0 0.0 0.0
0.0 0.0 0.0 0.0 0.0 5.25 5.25 0.0 6.25 0.0 5.25 0.0 0.0 0.0 0.0 0.0 0.0 0.0 0.0 0.0 0.0 0.0

L
0 0 0 0 0 0 0 0 0 0 4 0 0 0 5 0 0 0 0 0 0 0 0 0 3 0 0 0 0 0 0 0 0 0 0 0 0

g
0 0 0 0 0 0 0 0 0 0 0 0 0 1 0 0 0 0 0 0 0 0
0 0 0 0 0 0 0 0 0 0 0 0 0 0 0 0 0 0 0 0 0 0
0 0 0 0 0 0 0 0 0 0 0 0 0 0 0 0 0 0 0 0 0 0
0 0 0 0 0 0 0 1 0 0 0 0 0 0 0 0 0 0 0 0 0 0
0 0 0 0 0 0 0 0 0 0 0 0 0 0 0 0 0 0 0 0 0 0
0 0 0 0 0 0 0 0 0 0 0 0 0 0 0 0 0 0 0 0 0 0
0 0 0 0 0 0 0 0 0 0 0 0 0 0 0 1 0 0 0 0 0 0
0 0 0 0 0 0 0 0 0 0 0 0 0 0 0 0 0 0 0 0 0 0
0 0 0 0 0 0 0 0 0 0 0 0 0 0 0 0 0 0 0 0 0 0
0 0 0 0 0 0 0 0 0 0 0 0 0 0 0 0 0 0 0 0 0 0
0 0 0 0 0 0 0 0 0 0 0 0 0 0 0 0 0 0 0 0 0 0
0 0 0 0 0 0 0 0 0 0 0 0 0 0 0 0 0 0 0 0 0 0
0 0 0 0 0 0 0 0 0 0 0 0 0 0 0 0 0 0 0 0 0 0
0 0 0 0 0 0 0 0 0 0 0 0 0 0 0 0 0 0 0 0 0 0
0 0 0 0 0 0 0 0 0 0 0 0 0 0 0 0 0 0 0 0 0 0
0 0 0 0 0 0 0 0 0 0 0 0 0 0 0 0 0 0 0 0 0 0
0 0 0 0 0 0 0 0 0 0 0 0 0 0 0 0 0 0 0 0 0 0
0 0 0 0 0 0 0 0 0 0 0 0 0 0 0 0 0 0 0 0 0 0
0 0 0 0 0 0 0 0 0 0 0 0 0 0 0 0 0 0 0 0 0 0
0 0 0 0 0 0 0 0 0 0 0 0 0 0 0 0 0 0 0 0 0 0
0 0 0 0 0 0 0 0 0 0 0 0 0 0 0 0 0 0 0 0 0 0
0 0 0 0 0 0 0 0 0 0 0 0 0 0 0 0 0 0 0 0 0 0
0 0 0 0 0 0 0 0 0 0 0 0 0 0 0 0 0 0 0 0 0 0
0 0 0 0 0 0 0 0 0 0 0 0 0 0 0 0 0 0 0 0 0 0
0 0 0 0 0 0 0 0 0 0 0 0 0 0 0 0 0 0 0 0 0 0
0 0 0 0 0 0 0 0 0 0 0 0 0 0 0 0 1 0 0 0 0 0
0 0 0 0 0 0 0 0 0 0 0 0 0 0 0 0 0 0 0 0 0 0
0 0 0 0 0 0 0 0 0 0 0 0 0 0 0 0 0 0 0 0 0 0
0 0 0 0 0 0 0 0 0 0 0 0 0 0 0 0 0 0 0 0 0 0
0 0 0 0 0 0 0 0 0 0 0 0 0 0 0 0 0 0 0 0 0 0
0 0 0 0 0 0 0 0 0 0 0 0 0 0 0 0 0 0 0 0 0 0
0 0 0 0 0 0 0 0 0 0 0 0 0 0 0 0 0 0 0 0 0 0
0 0 0 0 0 0 0 0 0 0 0 0 0 0 0 0 0 0 0 0 0 0
0 0 0 0 0 0 0 0 0 0 0 0 0 0 0 0 0 0 0 0 0 0
0 0 0 0 0 0 0 0 0 0 0 0 0 0 0 0 0 0 0 0 0 0
0 0 0 0 0 0 0 0 0 0 0 0 0 0 0 0 0 0 0 0 0 0
0 0 0 0 0 0 0 0 0 0 0 0 0 0 0 0 0 0 0 0 0 0

I cap
1058.909090909091 1058.909090909091 1021.909090909091 939.349090909091 1184.44 1064.56 885.9799999999999 754.68 870.3000000000001 982.6799999999998 994.0999999999999 770.6000000000001 653.1800000000001 802.4199999999998 734.2399999999999 627.769090909091 406.20909090909106 658.709090909091 687.209090909091 999.129090909091 1058.909090909091 1058.909090909091
107.96969696969697 107.96969696969697 70.96969696969697 67.52969696969697 80.56 84.44 66.02 8.32 100.7 119.32 115.9 110.4 57.82000000000001 59.58 79.36 85.70969696969696 5.469696969696976 38.16969696969697 39.66969696969697 106.74969696969697 107.96969696969697 107.96969696969697
38.96666666666666 38.96666666666666 38.96666666666666 38.96666666666666 44.099999999999994 42.0 41.3 38.5 39.900000000000006 39.2 18.124999999999996 16.725 11.825 23.724999999999998 6.566666666666666 14.033333333333328 22.83333333333333 38.96666666666666 38.96666666666666 38.96666666666666 38.96666666666666 38.96666666666666
45.24545454545453 45.24545454545453 43.77545454545453 43.14545454545453 33.18 41.78999999999999 37.12999999999999 33.6 38.129999999999995 41.839999999999996 44.099999999999994 35.839999999999996 31.439999999999998 33.31999999999999 30.520000000000003 43.98545454545452 42.335454545454525 44.045454545454525 44.045454545454525 45.24545454545453 45.24545454545453 45.24545454545453
20.999999999999993 20.999999999999993 20.369999999999994 20.159999999999993 13.68 22.889999999999997 19.21 16.400000000000002 19.169999999999995 19.419999999999998 23.799999999999997 23.379999999999995 20.28 24.64 19.74 20.57999999999999 19.91999999999999 20.519999999999992 20.519999999999992 20.999999999999993 20.999999999999993 20.999999999999993
345.75757575757575 345.75757575757575 345.75757575757575 341.76757575757574 255.01 288.68 276.68 233.81 280.51 286.3 287.8 275.82 308.21999999999997 312.16 285.76000000000005 324.57757575757574 320.57757575757574 332.55757575757576 332.55757575757576 333.3575757575758 345.75757575757575 345.75757575757575
779.7575757575758 779.7575757575758 762.7475757575758 747.8375757575758 635.22 747.11 736.45 613.9399999999999 832.6800000000001 826.56 837.83 824.11 796.8100000000001 833.07 803.88 733.7675757575759 702.1375757575757 744.1475757575757 744.1475757575757 764.5675757575757 779.7575757575758 779.7575757575758
80.73333333333335 80.73333333333335 79.89333333333335 79.26333333333335 67.59 88.62 76.71999999999998 79.17 83.73 89.58 84.0 89.74000000000001 96.34000000000002 97.01999999999998 88.61999999999999 79.47333333333336 76.50333333333336 78.57333333333335 78.57333333333335 80.73333333333335 80.73333333333335 80.73333333333335
10.775757575757575 10.775757575757575 9.725757575757575 9.725757575757575 7.050000000000001 8.75 2.4499999999999993 1.1500000000000004 4.550000000000001 2.3199999999999994 6.170000000000001 5.77 6.87 6.170000000000001 4.159999999999999 7.1457575757575755 6.045757575757575 7.1457575757575755 7.1457575757575755 7.365757575757575 10.775757575757575 10.775757575757575
2.545454545454545 2.545454545454545 2.545454545454545 1.915454545454545 2.17 0.5599999999999999 1.06 0.03000000000000025 1.33 1.3800000000000001 2.8 0.1399999999999999 0.1399999999999999 0.42000000000000026 0.42000000000000026 1.2854545454545452 0.2954545454545452 1.825454545454545 1.825454545454545 2.545454545454545 2.545454545454545 2.545454545454545
8.515433299825174 8.515433299825174 8.515433299825174 8.515433299825174 6.912467471264367 7.367256551724137 7.4399725 7.502480172413792 9.525744827586204 9.105133362068965 10.502534310344826 9.810720862068965 8.417073275862068 6.241740344827584 7.512607672413791 7.593162241379309 7.717830689655171 7.834303448275861 7.151164827586206 7.808273706896552 7.546136159874608 8.31123
700.0 700.0 700.0 699.0 692.0 692.0 689.0 690.0 691.0 692.0 691.0 682.0 682.0 685.0 675.0 685.0 679.0 690.0 691.0 699.0 699.0 697.0

H cap
43.75 -8.75 33.25 -5.25 40.25 96.25 96.25 33.25 12.25 5.25 15.75 99.75 -8.75 12.25 131.25 131.25 131.25 131.25 131.25 131.25 131.25 131.25
47.5 42.5 43.5 37.5 41.5 52.5 52.5 47.5 43.0 38.0 42.5 48.5 39.5 43.5 52.5 52.5 52.5 52.5 52.5 52.5 52.5 52.5
56.0 52.5 59.5 49.0 49.0 59.5 59.5 56.0 49.0 49.0 56.0 63.0 45.5 45.5 63.0 63.0 63.0 63.0 63.0 63.0 63.0 63.0
35.25 12.75 33.75 17.75 40.25 -5.25 -5.25 1.25 -6.25 26.25 -5.25 37.75 11.25 13.25 78.75 78.75 78.75 78.75 78.75 78.75 78.75 78.75

Gap
NaN

Time
NaN

