T P M C
22 37 4 12

base obj
1019.6474358974358

exp obj
773.9439102564103

Objective struct
1019.6474358974358 1.4166666666666665 35.416666666666664

num campaigns
40

x
0 0 0 0 0 1 0 0 0 0 0 0 0 2 0 0 0 0 0 0 0 0
0 0 0 0 0 0 0 0 0 0 0 0 0 0 0 0 1 0 0 0 0 0
0 0 0 0 0 0 0 0 0 0 0 0 0 0 0 0 0 0 0 0 0 0
0 0 0 0 0 0 0 0 0 0 0 0 0 0 2 0 1 0 0 0 0 0
0 0 0 0 0 0 0 0 0 0 0 0 0 0 0 0 0 0 0 0 0 0
0 0 0 0 0 0 0 0 0 0 0 1 0 0 0 0 0 0 0 0 0 0
0 0 0 0 1 0 0 0 0 0 1 1 0 0 0 0 0 0 0 0 0 0
0 0 0 0 0 0 0 1 0 0 0 0 0 0 0 0 0 0 0 0 0 0
0 0 0 0 0 0 0 1 0 0 0 0 0 0 0 0 0 0 0 0 0 0
0 0 0 0 0 0 0 0 0 0 0 0 0 0 0 0 0 0 0 0 0 0
0 0 0 0 0 0 0 0 0 0 0 0 1 0 1 0 0 0 0 0 0 0
0 0 0 0 0 0 0 0 1 0 0 0 0 0 0 0 0 0 0 0 0 0
0 0 0 0 0 0 0 0 0 0 0 0 0 0 0 0 0 0 0 0 0 0
0 0 0 0 0 0 0 0 0 0 0 1 0 0 0 0 0 0 0 0 0 0
0 0 0 0 0 1 0 0 0 0 0 1 0 0 0 0 0 0 0 0 0 0
0 0 0 0 0 0 0 0 0 0 0 0 0 0 0 1 0 0 0 0 0 0
0 0 0 0 0 0 0 0 0 0 0 0 0 0 0 0 0 0 0 0 0 0
0 0 0 0 0 0 0 0 0 0 0 0 1 0 0 0 0 0 0 0 0 0
0 0 0 0 0 0 0 0 0 0 0 0 0 0 0 0 0 0 0 0 0 0
0 0 0 0 1 0 0 0 0 0 0 0 0 0 0 0 0 0 0 0 0 0
0 0 0 0 1 0 0 0 0 0 0 0 0 0 0 0 0 0 0 0 0 0
0 0 0 0 0 0 0 0 0 1 0 0 0 0 0 0 0 0 0 0 0 0
0 0 0 0 0 0 1 0 0 0 0 0 0 0 0 0 0 0 0 0 0 0
0 0 0 0 0 0 0 0 0 0 0 0 0 0 0 0 0 0 0 0 0 0
0 0 0 0 0 0 0 1 0 0 0 0 0 0 0 1 0 0 0 0 0 0
0 0 0 0 0 0 0 0 0 0 0 0 0 0 1 1 0 0 0 0 0 0
0 0 0 0 0 0 0 0 0 0 0 0 0 0 0 0 0 0 0 0 0 0
0 0 0 0 0 0 0 0 0 0 0 0 0 0 0 0 1 0 0 0 0 0
0 0 0 0 0 0 0 0 0 0 0 0 0 0 0 0 0 0 0 0 0 0
0 0 0 0 5 0 0 0 0 0 0 0 0 0 0 0 0 0 0 0 0 0
0 0 0 0 4 0 0 0 0 0 0 0 0 0 0 0 0 0 0 0 0 0
0 0 0 0 1 0 0 0 0 0 0 0 0 0 0 0 0 0 0 0 0 0
0 0 0 0 0 0 0 0 0 0 0 0 0 0 0 0 0 0 0 0 0 0
0 0 0 0 0 0 0 0 0 0 0 0 0 0 0 0 0 0 0 0 0 0
0 0 0 0 0 0 0 0 0 0 0 0 0 0 0 0 0 0 0 0 0 0
0 0 0 0 0 0 0 0 0 0 0 0 0 0 0 0 0 0 0 0 0 0
0 0 0 0 0 0 0 0 0 0 0 0 0 0 0 0 0 0 0 0 0 0

y
0.0 0.0 0.0 0.0 0.0 0.0 0.0 0.0 0.0 0.0 0.0 0.0 0.0 0.0 0.0 0.0 0.0 0.0 0.0 0.0 0.0 0.0 0.0 0.0 0.0 0.0 0.0 0.0 0.0 0.0 0.0 0.0 0.0 0.0 0.0 0.0 0.0

k
1 2 4 0 5 2 0 0 0 8 0 0 3 2 0 0 2 0 7 0 2 1 0 3 0 0 3 0 6 8 9 12 26 13 13 13 2

f
0.0 0.0 1.75 0.0 0.0 0.0 0.0 0.0 5.074999999999994 11.725 0.0 0.0 0.0 0.0 0.0 0.0 0.0 0.0 0.0 0.0 0.0 0.0
0.0 0.0 0.0 0.0 0.0 0.0 0.0 0.0 0.0 0.0 0.0 0.0 0.0 0.0 0.0 0.0 0.0 0.0 0.0 0.0 0.0 0.0
0.0 0.0 0.0 0.0 0.0 0.0 0.0 0.0 0.0 0.0 0.0 0.0 0.0 0.0 0.0 0.0 0.0 0.0 0.0 0.0 0.0 0.0
0.0 0.09999999999999609 5.324999999999996 5.324999999999996 0.0 10.549999999999997 1.9999999999999971 0.0 0.5750000000000028 0.0 0.0 0.09999999999999432 0.5749999999999957 0.0 0.0 0.0 0.0 0.0 0.0 0.0 0.0 0.0

L
0 0 0 0 0 0 1 0 0 0 2 0 0 0 6 0 0 0 0 0 0 0 0 0 8 1 0 0 0 0 0 0 0 0 0 0 0

g
0 0 0 0 0 0 0 0 0 0 0 0 0 1 0 0 0 0 0 0 0 0
0 0 0 0 0 0 0 0 0 0 0 0 0 0 0 0 0 0 0 0 0 0
0 0 0 0 0 0 0 0 0 0 0 0 0 0 0 0 0 0 0 0 0 0
0 0 0 0 0 0 0 0 0 0 0 0 0 0 1 0 0 0 0 0 0 0
0 0 0 0 0 0 0 0 0 0 0 0 0 0 0 0 0 0 0 0 0 0
0 0 0 0 0 0 0 0 0 0 0 0 0 0 0 0 0 0 0 0 0 0
0 0 0 0 0 0 0 0 0 0 0 0 0 0 0 0 0 0 0 0 0 0
0 0 0 0 0 0 0 0 0 0 0 0 0 0 0 0 0 0 0 0 0 0
0 0 0 0 0 0 0 0 0 0 0 0 0 0 0 0 0 0 0 0 0 0
0 0 0 0 0 0 0 0 0 0 0 0 0 0 0 0 0 0 0 0 0 0
0 0 0 0 0 0 0 0 0 0 0 0 0 0 0 0 0 0 0 0 0 0
0 0 0 0 0 0 0 0 0 0 0 0 0 0 0 0 0 0 0 0 0 0
0 0 0 0 0 0 0 0 0 0 0 0 0 0 0 0 0 0 0 0 0 0
0 0 0 0 0 0 0 0 0 0 0 0 0 0 0 0 0 0 0 0 0 0
0 0 0 0 0 0 0 0 0 0 0 0 0 0 0 0 0 0 0 0 0 0
0 0 0 0 0 0 0 0 0 0 0 0 0 0 0 0 0 0 0 0 0 0
0 0 0 0 0 0 0 0 0 0 0 0 0 0 0 0 0 0 0 0 0 0
0 0 0 0 0 0 0 0 0 0 0 0 0 0 0 0 0 0 0 0 0 0
0 0 0 0 0 0 0 0 0 0 0 0 0 0 0 0 0 0 0 0 0 0
0 0 0 0 0 0 0 0 0 0 0 0 0 0 0 0 0 0 0 0 0 0
0 0 0 0 0 0 0 0 0 0 0 0 0 0 0 0 0 0 0 0 0 0
0 0 0 0 0 0 0 0 0 0 0 0 0 0 0 0 0 0 0 0 0 0
0 0 0 0 0 0 0 0 0 0 0 0 0 0 0 0 0 0 0 0 0 0
0 0 0 0 0 0 0 0 0 0 0 0 0 0 0 0 0 0 0 0 0 0
0 0 0 0 0 0 0 0 0 0 0 0 0 0 0 0 0 0 0 0 0 0
0 0 0 0 0 0 0 0 0 0 0 0 0 0 0 0 0 0 0 0 0 0
0 0 0 0 0 0 0 0 0 0 0 0 0 0 0 0 0 0 0 0 0 0
0 0 0 0 0 0 0 0 0 0 0 0 0 0 0 0 0 0 0 0 0 0
0 0 0 0 0 0 0 0 0 0 0 0 0 0 0 0 0 0 0 0 0 0
0 0 0 0 4 0 0 0 0 0 0 0 0 0 0 0 0 0 0 0 0 0
0 0 0 0 3 0 0 0 0 0 0 0 0 0 0 0 0 0 0 0 0 0
0 0 0 0 0 0 0 0 0 0 0 0 0 0 0 0 0 0 0 0 0 0
0 0 0 0 0 0 0 0 0 0 0 0 0 0 0 0 0 0 0 0 0 0
0 0 0 0 0 0 0 0 0 0 0 0 0 0 0 0 0 0 0 0 0 0
0 0 0 0 0 0 0 0 0 0 0 0 0 0 0 0 0 0 0 0 0 0
0 0 0 0 0 0 0 0 0 0 0 0 0 0 0 0 0 0 0 0 0 0
0 0 0 0 0 0 0 0 0 0 0 0 0 0 0 0 0 0 0 0 0 0

I cap
1058.909090909091 1058.909090909091 1038.509090909091 892.249090909091 1063.58 968.28 1076.4599999999998 1112.74 815.6600000000001 1002.3 862.1399999999999 578.5200000000001 771.82 739.0599999999998 288.4999999999999 465.3890909090911 260.4090909090911 818.0290909090909 971.909090909091 1058.909090909091 1058.909090909091 1058.909090909091
107.96969696969697 107.96969696969697 107.96969696969697 103.22969696969697 121.21999999999998 82.72 78.54 33.260000000000005 18.34000000000001 60.7 49.86000000000001 97.48 73.18 56.94 6.499999999999991 57.48969696969698 38.46969696969697 97.84969696969696 104.96969696969697 107.96969696969697 107.96969696969697 107.96969696969697
38.96666666666666 38.96666666666666 14.033333333333328 14.033333333333328 13.299999999999995 27.333333333333336 26.633333333333333 38.5 39.900000000000006 39.2 30.799999999999997 16.725 11.825 23.724999999999998 18.825 38.96666666666666 38.96666666666666 38.96666666666666 38.96666666666666 38.96666666666666 38.96666666666666 38.96666666666666
45.24545454545453 45.24545454545453 45.24545454545453 14.865454545454522 5.320000000000003 41.78999999999999 39.68999999999999 40.32 36.29 40.449999999999996 41.56999999999999 33.279999999999994 33.16 32.03999999999999 23.240000000000002 43.14545454545452 40.48545454545452 44.905454545454525 44.905454545454525 45.24545454545453 45.24545454545453 45.24545454545453
20.999999999999993 20.999999999999993 20.999999999999993 19.039999999999985 0.740000000000002 10.889999999999997 8.490000000000002 21.6 18.519999999999996 18.95 22.749999999999996 22.099999999999994 22.04 24.0 14.299999999999999 20.57999999999999 18.179999999999993 20.999999999999993 20.999999999999993 20.999999999999993 20.999999999999993 20.999999999999993
345.75757575757575 345.75757575757575 345.75757575757575 295.6263992869875 218.28058823529412 247.95058823529413 303.48 283.81 305.61 308.8 287.8 275.82 314.82 312.16 245.76000000000005 280.63757575757575 289.4275757575757 320.36757575757576 342.86757575757576 345.75757575757575 345.75757575757575 345.75757575757575
779.7575757575758 779.7575757575758 779.7575757575758 748.6775757575758 640.9200000000001 726.04 811.6400000000001 755.1700000000001 834.48 837.9399999999999 803.0 767.15 814.5300000000001 804.59 664.7699999999999 675.4375757575758 652.7375757575758 747.6575757575757 767.0075757575758 779.7575757575758 779.7575757575758 779.7575757575758
80.73333333333335 80.73333333333335 80.73333333333335 76.60333333333334 65.16999999999999 88.62 79.91999999999999 84.05 81.52 88.17999999999999 81.08 86.54 96.54000000000002 95.41999999999999 83.42 79.47333333333336 77.67333333333336 80.73333333333335 80.73333333333335 80.73333333333335 80.73333333333335 80.73333333333335
10.775757575757575 10.775757575757575 10.775757575757575 7.1457575757575755 4.7700000000000005 4.02 4.419999999999999 4.12 5.34 4.419999999999999 5.2200000000000015 5.77 6.87 6.170000000000001 2.1899999999999995 2.5157575757575756 4.775757575757575 7.115757575757575 10.265757575757576 10.775757575757575 10.775757575757575 10.775757575757575
2.545454545454545 2.545454545454545 2.545454545454545 1.915454545454545 2.17 0.5599999999999999 1.06 0.03000000000000025 0.3400000000000001 0.6600000000000001 2.08 0.1399999999999999 0.1399999999999999 0.42000000000000026 0.42000000000000026 0.025454545454545174 0.5354545454545452 2.035454545454545 2.035454545454545 2.545454545454545 2.545454545454545 2.545454545454545
8.515433299825174 8.515433299825174 8.515433299825174 6.700551267157298 5.480222894736839 7.259210574712643 7.102041465517241 7.505928448275861 10.20850344827586 9.446512672413792 10.15770672413793 9.810720862068965 9.106728448275861 6.586567931034481 6.478124913793101 6.558679482758619 7.010934310344827 7.468786206896552 7.47530275862069 7.808273706896552 7.201308573667712 8.656057586206897
700.0 700.0 699.0 698.0 692.0 695.0 688.0 684.0 683.0 686.0 689.0 686.0 686.0 685.0 672.0 679.0 674.0 687.0 698.0 700.0 698.0 700.0

H cap
101.32500000000002 1.5750000000000064 -1.75 4.9 28.174999999999997 88.025 88.025 28.174999999999997 -5.074999999999994 -11.725 1.5749999999999993 58.100000000000016 11.549999999999999 54.775 131.25 131.25 131.25 131.25 131.25 131.25 131.25 131.25
22.099999999999987 12.59999999999999 43.0 44.9 43.0 50.6 50.6 37.300000000000004 37.300000000000004 41.1 36.35 43.0 44.425 47.275 52.5 52.5 52.5 52.5 52.5 52.5 52.5 52.5
59.675 53.02499999999999 53.02499999999999 53.02499999999999 56.349999999999994 59.675 59.675 59.675 53.02499999999999 49.69999999999999 43.04999999999998 43.04999999999998 49.69999999999999 56.349999999999994 63.0 63.0 63.0 63.0 63.0 63.0 63.0 63.0
53.57500000000003 -0.09999999999999609 -5.324999999999996 -5.324999999999996 15.575000000000003 -10.549999999999997 -1.9999999999999971 5.1250000000000036 -0.5750000000000028 29.35 19.85 -0.09999999999999432 -0.5749999999999957 62.125 78.75 78.75 78.75 78.75 78.75 78.75 78.75 78.75

Gap
NaN

Time
NaN

