T P M C
35 37 4 12

base obj
16.284371184371185

exp obj
20.01827838827839

Objective struct
16.284371184371185 1.14 30.080000000000002

num campaigns
93

x
0 0 0 0 0 1 1 0 0 1 0 0 0 0 0 0 1 0 0 0 0 0 1 0 0 1 0 1 0 0 0 0 0 0 0
0 0 0 0 0 0 0 0 0 0 0 0 0 0 1 0 0 0 0 0 0 0 0 0 0 0 0 0 0 0 0 0 0 0 0
0 0 0 0 0 0 0 0 0 0 1 0 0 0 1 0 0 0 0 0 0 0 0 0 0 0 0 0 0 0 0 0 0 0 0
0 0 0 0 0 0 1 0 0 0 1 1 0 0 0 1 0 1 0 0 0 0 0 0 1 0 0 0 0 0 0 0 0 0 0
0 0 0 0 0 0 0 0 0 0 2 0 0 2 0 0 0 0 0 0 0 0 0 0 0 0 0 0 2 2 0 0 0 0 0
0 0 0 0 0 0 0 0 0 0 0 0 0 0 0 0 0 0 0 0 0 0 0 0 0 0 0 0 0 0 0 0 0 0 0
0 0 0 0 0 0 0 0 0 0 1 0 1 0 1 1 0 0 0 0 1 0 0 0 0 0 0 0 1 0 0 0 0 0 0
0 0 0 0 0 0 0 0 0 0 0 0 0 0 0 0 0 0 0 0 0 0 0 1 0 0 1 0 0 0 0 0 0 0 0
0 0 0 0 0 0 0 0 0 0 0 0 0 0 0 0 0 0 0 0 0 0 1 0 0 0 0 0 0 0 0 0 0 0 0
0 0 0 0 0 0 0 0 0 0 0 0 0 0 0 0 0 0 0 0 0 0 0 0 0 0 0 0 0 0 0 0 0 0 0
0 0 0 0 0 0 0 1 0 0 0 0 0 0 0 0 1 0 1 0 0 0 0 0 0 0 0 0 0 0 0 0 0 0 0
0 0 0 0 0 0 0 0 0 0 0 0 0 0 0 0 0 0 0 0 0 0 0 0 0 0 0 0 1 1 0 0 0 0 0
0 0 0 0 0 0 0 0 0 0 0 0 0 0 0 0 0 0 0 0 0 0 0 0 0 0 0 0 0 0 0 0 0 0 0
0 0 0 0 0 0 1 0 0 0 0 0 0 0 0 0 0 0 0 0 0 0 0 1 0 0 0 0 0 1 0 0 0 0 0
0 0 0 0 0 0 0 0 0 0 0 0 0 0 0 0 0 0 0 0 0 1 0 0 1 0 0 0 0 0 0 0 0 0 0
0 0 0 0 0 0 0 0 0 0 0 0 0 0 0 0 0 0 0 0 0 0 0 0 0 0 0 0 0 1 0 0 0 0 0
0 0 0 0 0 0 0 0 0 0 0 1 0 0 1 0 1 0 0 0 0 0 0 0 0 0 0 0 0 0 0 0 0 0 0
0 0 0 0 0 0 0 0 0 0 0 1 1 0 0 0 0 0 0 0 0 0 0 0 0 0 0 0 0 0 0 0 0 0 0
0 0 0 0 0 0 0 0 0 0 0 0 0 0 0 0 0 0 0 0 0 0 0 0 0 0 0 0 0 0 0 0 0 0 0
0 0 0 0 0 0 0 0 0 0 0 0 0 0 0 0 0 0 0 0 0 0 0 0 1 0 0 0 0 0 0 0 0 0 0
0 0 0 0 0 0 0 0 0 0 0 0 0 0 1 0 0 0 0 0 0 0 0 0 0 0 0 0 1 1 0 0 0 0 0
0 0 0 0 0 0 0 0 1 0 0 0 0 0 0 0 0 0 0 0 0 0 0 0 0 0 0 0 0 0 0 0 0 0 0
0 0 0 0 0 0 0 0 0 0 0 0 0 0 0 0 0 0 0 0 1 0 0 0 0 0 1 0 0 0 0 0 0 0 0
0 0 0 0 1 0 0 0 0 0 1 0 0 1 0 1 0 1 0 0 0 0 0 0 0 0 0 0 0 0 0 0 0 0 0
0 0 0 0 1 0 0 0 0 0 0 0 1 0 0 0 0 0 0 1 0 0 0 0 0 0 0 0 0 0 0 0 0 0 0
0 0 0 0 0 0 0 0 0 0 0 1 1 0 1 0 1 0 0 0 0 0 0 0 0 0 0 0 0 0 0 0 0 0 0
0 0 0 0 0 0 1 0 0 0 0 0 0 0 0 0 0 0 0 1 0 0 0 0 0 0 0 0 0 0 0 0 0 0 0
0 0 0 0 0 0 0 0 0 0 0 0 0 0 0 0 0 1 0 0 0 0 0 0 0 0 0 0 0 0 0 0 0 0 0
0 0 0 0 0 0 0 0 0 0 0 0 0 0 0 0 0 0 0 0 0 0 0 0 0 0 0 0 0 0 0 0 0 0 0
0 0 0 0 0 0 0 0 0 0 0 0 0 0 0 0 0 0 0 0 0 6 0 0 0 6 0 7 0 0 0 0 0 0 0
0 0 0 0 0 0 0 0 0 0 0 0 0 0 0 0 0 0 0 0 0 1 0 0 0 0 0 1 0 0 0 0 0 0 0
0 0 0 0 0 0 0 0 0 0 0 0 0 0 0 0 0 0 0 0 0 0 0 0 0 0 0 0 0 0 0 0 0 0 0
0 0 0 0 0 0 0 0 0 0 0 0 0 0 0 0 0 0 0 0 0 0 0 0 0 0 0 0 0 0 0 0 0 0 0
0 0 0 0 0 0 0 0 0 0 0 0 0 0 0 0 0 0 0 0 0 0 0 0 0 0 0 0 0 0 0 0 0 0 0
0 0 0 0 0 0 0 0 0 0 0 0 0 0 0 0 0 0 0 0 0 0 0 0 0 0 0 0 0 0 0 0 0 0 0
0 0 0 0 0 0 0 0 0 0 0 0 0 0 0 0 0 0 0 0 0 0 0 0 0 0 0 0 0 0 0 0 0 0 0
0 0 0 0 0 0 0 0 0 0 0 0 0 0 0 0 0 0 1 0 0 0 0 0 0 0 0 0 0 0 0 0 0 0 0

y
0.0 0.0 0.0 0.0 0.0 0.0 0.0 0.0 0.0 0.0 0.0 0.0 0.0 1.0 0.0 0.0 0.0 0.0 0.0 0.0 0.0 0.0 0.0 0.0 0.0 0.0 6.75 0.0 0.0 0.0 5.0 0.0 0.0 0.0 0.0 0.0 0.0

k
0 5 5 0 1 6 0 0 0 15 0 0 6 3 2 0 0 0 13 0 3 2 0 0 0 0 3 0 11 7 24 26 52 26 26 26 2

f
0.0 0.0 1.75 0.0 0.0 0.0 0.0 0.0 0.0 0.0 0.0 0.0 0.0 0.0 0.0 0.0 0.0 0.0 8.75 8.75 0.0 0.0 8.75 8.75 0.0 0.0 0.0 0.0 0.0 0.0 0.0 0.0 0.0 0.0 0.0
0.0 0.0 0.0 0.0 0.0 0.0 0.0 0.0 0.0 0.0 0.0 0.0 0.0 0.0 0.0 0.0 0.0 0.0 0.0 0.0 0.0 0.0 0.0 0.0 0.0 0.0 0.0 0.0 0.0 0.0 0.0 0.0 0.0 0.0 0.0
0.0 0.0 0.0 0.0 0.0 0.0 0.0 0.0 0.0 0.0 0.0 0.0 0.0 0.0 0.0 0.0 0.0 0.0 0.0 0.0 0.0 0.0 0.0 0.0 0.0 0.0 0.0 0.0 0.0 0.0 0.0 0.0 0.0 0.0 0.0
0.0 6.25 0.0 0.0 7.75 27.75 0.0 0.0 2.75 0.0 0.0 0.0 0.0 0.25 0.0 2.75 1.75 0.0 0.0 0.0 0.0 0.0 0.0 0.0 0.0 0.75 0.0 0.0 0.0 0.0 0.0 0.0 0.0 0.0 0.0

L
1 0 4 1 0 0 1 3 0 0 2 1 0 6 3 0 2 1 0 0 1 0 6 2 7 1 13 0 0 0 6 0 0 0 0 0 0

g
0 0 0 0 0 0 0 0 0 0 0 0 0 0 0 0 0 0 0 0 0 0 0 0 0 0 0 0 0 0 0 0 0 0 0
0 0 0 0 0 0 0 0 0 0 0 0 0 0 0 0 0 0 0 0 0 0 0 0 0 0 0 0 0 0 0 0 0 0 0
0 0 0 0 0 0 0 0 0 0 0 0 0 0 0 0 0 0 0 0 0 0 0 0 0 0 0 0 0 0 0 0 0 0 0
0 0 0 0 0 0 0 0 0 0 0 0 0 0 0 0 0 0 0 0 0 0 0 0 0 0 0 0 0 0 0 0 0 0 0
0 0 0 0 0 0 0 0 0 0 1 0 0 1 0 0 0 0 0 0 0 0 0 0 0 0 0 0 1 1 0 0 0 0 0
0 0 0 0 0 0 0 0 0 0 0 0 0 0 0 0 0 0 0 0 0 0 0 0 0 0 0 0 0 0 0 0 0 0 0
0 0 0 0 0 0 0 0 0 0 0 0 0 0 0 0 0 0 0 0 0 0 0 0 0 0 0 0 0 0 0 0 0 0 0
0 0 0 0 0 0 0 0 0 0 0 0 0 0 0 0 0 0 0 0 0 0 0 0 0 0 0 0 0 0 0 0 0 0 0
0 0 0 0 0 0 0 0 0 0 0 0 0 0 0 0 0 0 0 0 0 0 0 0 0 0 0 0 0 0 0 0 0 0 0
0 0 0 0 0 0 0 0 0 0 0 0 0 0 0 0 0 0 0 0 0 0 0 0 0 0 0 0 0 0 0 0 0 0 0
0 0 0 0 0 0 0 0 0 0 0 0 0 0 0 0 0 0 0 0 0 0 0 0 0 0 0 0 0 0 0 0 0 0 0
0 0 0 0 0 0 0 0 0 0 0 0 0 0 0 0 0 0 0 0 0 0 0 0 0 0 0 0 0 0 0 0 0 0 0
0 0 0 0 0 0 0 0 0 0 0 0 0 0 0 0 0 0 0 0 0 0 0 0 0 0 0 0 0 0 0 0 0 0 0
0 0 0 0 0 0 0 0 0 0 0 0 0 0 0 0 0 0 0 0 0 0 0 0 0 0 0 0 0 0 0 0 0 0 0
0 0 0 0 0 0 0 0 0 0 0 0 0 0 0 0 0 0 0 0 0 0 0 0 0 0 0 0 0 0 0 0 0 0 0
0 0 0 0 0 0 0 0 0 0 0 0 0 0 0 0 0 0 0 0 0 0 0 0 0 0 0 0 0 0 0 0 0 0 0
0 0 0 0 0 0 0 0 0 0 0 0 0 0 0 0 0 0 0 0 0 0 0 0 0 0 0 0 0 0 0 0 0 0 0
0 0 0 0 0 0 0 0 0 0 0 0 0 0 0 0 0 0 0 0 0 0 0 0 0 0 0 0 0 0 0 0 0 0 0
0 0 0 0 0 0 0 0 0 0 0 0 0 0 0 0 0 0 0 0 0 0 0 0 0 0 0 0 0 0 0 0 0 0 0
0 0 0 0 0 0 0 0 0 0 0 0 0 0 0 0 0 0 0 0 0 0 0 0 0 0 0 0 0 0 0 0 0 0 0
0 0 0 0 0 0 0 0 0 0 0 0 0 0 0 0 0 0 0 0 0 0 0 0 0 0 0 0 0 0 0 0 0 0 0
0 0 0 0 0 0 0 0 0 0 0 0 0 0 0 0 0 0 0 0 0 0 0 0 0 0 0 0 0 0 0 0 0 0 0
0 0 0 0 0 0 0 0 0 0 0 0 0 0 0 0 0 0 0 0 0 0 0 0 0 0 0 0 0 0 0 0 0 0 0
0 0 0 0 0 0 0 0 0 0 0 0 0 0 0 0 0 0 0 0 0 0 0 0 0 0 0 0 0 0 0 0 0 0 0
0 0 0 0 0 0 0 0 0 0 0 0 0 0 0 0 0 0 0 0 0 0 0 0 0 0 0 0 0 0 0 0 0 0 0
0 0 0 0 0 0 0 0 0 0 0 0 0 0 0 0 0 0 0 0 0 0 0 0 0 0 0 0 0 0 0 0 0 0 0
0 0 0 0 0 0 0 0 0 0 0 0 0 0 0 0 0 0 0 0 0 0 0 0 0 0 0 0 0 0 0 0 0 0 0
0 0 0 0 0 0 0 0 0 0 0 0 0 0 0 0 0 0 0 0 0 0 0 0 0 0 0 0 0 0 0 0 0 0 0
0 0 0 0 0 0 0 0 0 0 0 0 0 0 0 0 0 0 0 0 0 0 0 0 0 0 0 0 0 0 0 0 0 0 0
0 0 0 0 0 0 0 0 0 0 0 0 0 0 0 0 0 0 0 0 0 5 0 0 0 5 0 6 0 0 0 0 0 0 0
0 0 0 0 0 0 0 0 0 0 0 0 0 0 0 0 0 0 0 0 0 0 0 0 0 0 0 0 0 0 0 0 0 0 0
0 0 0 0 0 0 0 0 0 0 0 0 0 0 0 0 0 0 0 0 0 0 0 0 0 0 0 0 0 0 0 0 0 0 0
0 0 0 0 0 0 0 0 0 0 0 0 0 0 0 0 0 0 0 0 0 0 0 0 0 0 0 0 0 0 0 0 0 0 0
0 0 0 0 0 0 0 0 0 0 0 0 0 0 0 0 0 0 0 0 0 0 0 0 0 0 0 0 0 0 0 0 0 0 0
0 0 0 0 0 0 0 0 0 0 0 0 0 0 0 0 0 0 0 0 0 0 0 0 0 0 0 0 0 0 0 0 0 0 0
0 0 0 0 0 0 0 0 0 0 0 0 0 0 0 0 0 0 0 0 0 0 0 0 0 0 0 0 0 0 0 0 0 0 0
0 0 0 0 0 0 0 0 0 0 0 0 0 0 0 0 0 0 0 0 0 0 0 0 0 0 0 0 0 0 0 0 0 0 0

I cap
1058.909090909091 1058.909090909091 1058.909090909091 980.477090909091 1130.636 1009.5999999999999 863.9139999999999 1073.3929999999998 776.929 944.9499999999999 572.9150000000001 500.36799999999994 455.9509999999998 700.1250000000001 457.67599999999993 410.5150909090909 586.9110909090912 613.8910909090911 694.7170909090911 639.427090909091 671.290090909091 803.606090909091 733.7810909090911 673.0190909090911 514.1980909090911 654.7220909090911 736.1940909090911 784.5680909090911 578.5320909090912 601.427090909091 697.0160909090908 902.7480909090908 1058.909090909091 1058.909090909091 672.0
107.96969696969697 107.96969696969697 107.96969696969697 104.70169696969697 126.464 118.4 102.48600000000002 79.15700000000001 80.221 98.80000000000001 91.135 82.482 80.099 86.125 89.47399999999999 65.71369696969697 55.56769696969698 50.43769696969699 24.616696969696978 51.40669696969698 49.94369696969697 54.522696969696966 35.61769696969697 40.32969696969697 1.740696969696966 17.206696969696964 19.33469696969697 64.06069696969696 12.646696969696972 2.101696969696981 58.512696969696975 84.58069696969697 107.96969696969697 107.96969696969697 84.0
38.96666666666666 38.96666666666666 38.96666666666666 38.96666666666666 44.099999999999994 42.0 41.3 38.5 39.900000000000006 39.2 18.75875 5.317500000000001 0.4175000000000004 12.3175 5.52541666666667 25.03333333333333 25.03333333333333 38.96666666666666 38.96666666666666 38.96666666666666 38.96666666666666 38.96666666666666 15.279999999999994 15.279999999999994 23.639999999999993 38.96666666666666 38.96666666666666 38.96666666666666 25.03333333333333 11.1 11.1 25.03333333333333 38.96666666666666 38.96666666666666 23.8
45.24545454545453 45.24545454545453 45.24545454545453 44.64695454545453 34.503 42.70349999999999 38.51399999999999 41.925 37.924499999999995 43.403499999999994 37.269499999999994 29.6615 31.919 34.202 27.944 37.48395454545452 40.94195454545453 41.597454545454525 37.99695454545453 36.85695454545453 1.801954545454528 5.0604545454545224 39.85895454545452 40.191454545454526 2.894454545454522 6.542454545454522 1.2224545454545321 2.8849545454545265 40.88495454545452 40.67595454545452 42.366954545454526 44.10545454545453 45.24545454545453 45.24545454545453 42.0
20.999999999999993 20.999999999999993 20.999999999999993 20.800499999999992 14.301 23.3345 18.888000000000005 22.435000000000002 19.701499999999996 19.8345 18.708 18.128499999999995 20.3545 25.200000000000003 17.5545 15.328499999999991 18.187999999999995 18.453999999999994 18.900499999999994 18.900499999999994 16.905499999999996 15.071999999999994 16.829499999999996 16.648999999999994 14.90099999999999 17.142999999999994 16.895999999999997 14.758499999999996 16.458999999999996 16.325999999999993 19.888499999999993 20.543999999999993 20.999999999999993 20.999999999999993 21.0
345.75757575757575 345.75757575757575 345.75757575757575 341.96707575757574 251.41899999999998 285.1555 295.64700000000005 268.415 290.6785 313.1555 282.6745 257.604 263.55299999999994 292.1195 282.61299999999994 262.5185757575757 269.3015757575758 272.7785757575758 279.21957575757574 293.8020757575757 283.82707575757576 305.6770757575758 315.62357575757574 311.8330757575757 303.7865757575758 320.58257575757574 324.37307575757575 325.1330757575758 298.91307575757577 294.46707575757574 306.34207575757574 324.38257575757575 345.75757575757575 345.75757575757575 245.0
779.7575757575758 779.7575757575758 779.7575757575758 765.5930757575758 643.671 750.9495000000001 792.2330000000001 769.575 858.2965 876.9495000000001 742.2135000000001 739.4255 785.469 834.793 777.9385000000001 607.7885757575758 659.3925757575759 676.6255757575758 691.9110757575758 685.7265757575758 670.6215757575758 676.1220757575758 677.0530757575758 673.6615757575759 622.3045757575759 684.8620757575759 695.9485757575759 716.1170757575758 672.4740757575759 666.2610757575758 698.0195757575758 742.9070757575757 779.7575757575758 779.7575757575758 630.0
80.73333333333335 80.73333333333335 80.73333333333335 80.13483333333335 68.103 88.90350000000001 80.694 87.60499999999999 86.40449999999998 91.70349999999999 79.58250000000001 86.2975 96.89200000000001 98.69999999999999 87.792 76.03083333333335 78.02583333333335 78.22533333333335 72.53483333333335 72.53483333333335 68.54483333333332 73.0668333333333 75.48933333333335 76.18283333333335 70.41633333333331 73.1523333333333 72.93383333333331 73.8838333333333 75.71733333333334 74.53933333333335 76.03083333333333 78.68133333333334 80.73333333333335 80.73333333333335 48.300000000000004
10.775757575757575 10.775757575757575 10.775757575757575 10.775757575757575 8.4 9.8 6.82 4.54 5.240000000000001 9.1 9.8 6.4815 0.41100000000000136 2.5325000000000015 6.468999999999999 0.2022575757575768 0.2022575757575759 0.6867575757575768 2.8052575757575764 3.147257575757576 0.8672575757575762 0.7247575757575753 2.881257575757576 2.596257575757576 1.0477575757575743 5.332257575757575 5.142257575757576 6.538757575757575 4.4582575757575755 3.223257575757576 5.788257575757576 7.783257575757576 10.775757575757575 10.775757575757575 8.4
2.545454545454545 2.545454545454545 2.545454545454545 1.946954545454545 1.6029999999999998 0.0035000000000000586 1.2039999999999997 0.1050000000000002 1.0044999999999997 0.7035000000000001 2.002 0.8015 0.8015 0.9030000000000002 0.7890000000000001 1.462454545454545 1.262954545454545 1.747454545454545 0.04695454545454503 0.04695454545454503 0.04695454545454503 1.091954545454545 0.37945454545454504 0.35095454545454496 0.664454545454545 0.550454545454545 1.148954545454545 1.148954545454545 0.2084545454545449 0.3224545454545449 0.578954545454545 1.861454545454545 2.545454545454545 2.545454545454545 2.8000000000000003
8.515433299825174 8.515433299825174 8.515433299825174 8.515433299825174 7.257295057471263 7.737687586206896 6.651782681034483 7.469721387931035 10.07919293965517 8.977288534482758 8.700810172413792 8.019341551724139 8.47914224137931 7.314154137931034 7.565193879310344 6.645748448275862 6.604641379310346 7.042924146551725 5.708061387931036 6.82551475862069 4.821998065047021 6.145367767241382 7.541741724137931 6.588164655172414 3.9785999511494254 4.560170344827588 3.2271101724137927 6.033668965517245 8.278032586206898 6.86732827586207 8.319192931034483 8.612131896551725 7.811086206896552 8.024766408045977 11.298133678160921
700.0 700.0 700.0 700.0 691.4499999999999 689.55 681.95 688.5999999999999 687.6499999999999 691.4499999999999 682.8999999999999 676.2499999999999 677.1999999999998 670.5499999999998 677.1999999999999 680.0499999999997 679.0999999999999 681.9499999999999 686.6999999999998 685.7499999999999 685.7499999999998 685.75 688.5999999999999 686.7 683.8499999999999 688.5999999999998 686.7 689.5500000000001 682.8999999999997 682.8999999999997 687.6499999999996 692.3999999999997 700.0 699.05 694.3

H cap
110.25 57.75 -1.75 40.25 85.75 43.75 15.75 12.25 19.25 43.75 22.75 22.75 26.25 1.75 64.75 92.75 57.75 33.25 -8.75 -8.75 5.25 5.25 -8.75 -8.75 26.25 1.75 54.25 131.25 131.25 131.25 131.25 131.25 131.25 131.25 131.25
52.5 47.5 32.0 35.0 50.5 47.5 36.5 34.0 43.0 46.5 36.0 35.5 36.0 38.0 43.0 42.5 47.5 24.5 18.5 34.5 35.0 22.0 24.5 18.5 15.5 30.5 38.5 52.5 52.5 52.5 52.5 52.5 52.5 52.5 52.5
59.5 56.0 49.0 49.0 56.0 56.0 42.0 31.5 42.0 45.5 38.5 42.0 42.0 42.0 49.0 52.5 56.0 56.0 52.5 52.5 49.0 49.0 52.5 52.5 52.5 45.5 52.5 63.0 63.0 63.0 63.0 63.0 63.0 63.0 63.0
16.25 -6.25 0.25 20.25 -7.75 -27.75 10.75 0.75 -2.75 1.25 2.25 1.25 1.25 -0.25 13.75 -2.75 -1.75 1.25 5.75 18.75 0.75 0.75 3.75 0.75 25.25 -0.75 18.25 78.75 78.75 78.75 78.75 78.75 78.75 78.75 78.75

