T P M C
35 37 4 12

base obj
20.700000000000003

exp obj
24.180000000000003

Objective struct
20.700000000000003 1.5 33.120000000000005

num campaigns
47

x
0 0 0 0 0 1 0 0 0 0 0 0 0 1 0 2 0 0 0 0 0 0 0 0 0 1 1 0 1 0 0 0 0 0 0
0 0 0 0 0 0 0 0 0 0 0 0 0 0 0 0 0 0 0 0 0 0 0 0 0 0 0 0 0 0 0 0 0 0 0
0 0 0 0 0 0 0 0 0 0 0 0 0 0 0 0 0 0 0 0 0 0 0 0 0 0 0 0 0 0 0 0 0 0 0
0 0 0 0 0 0 0 0 0 0 0 0 0 0 0 1 0 0 1 0 0 0 0 0 0 0 0 1 0 0 0 0 0 0 0
0 0 0 0 0 0 0 0 0 0 0 0 0 0 0 0 0 0 0 0 0 0 0 0 0 0 0 0 0 0 0 0 0 0 0
0 0 0 0 0 0 0 0 0 0 0 0 0 0 0 0 0 0 0 0 0 0 0 0 0 0 0 0 0 0 0 0 0 0 0
0 0 0 0 0 0 0 0 0 0 0 1 0 0 0 0 0 1 0 0 0 0 0 0 0 0 0 1 0 0 0 0 0 0 0
0 0 0 0 2 0 0 0 0 0 0 0 0 0 0 0 0 0 0 0 0 0 0 0 0 0 0 0 0 0 0 0 0 0 0
0 0 0 0 0 0 0 0 0 1 0 0 0 0 0 0 0 0 0 0 0 0 0 0 0 0 0 0 0 0 0 0 0 0 0
0 0 0 0 0 0 0 0 0 0 0 0 0 0 0 0 0 0 0 0 0 0 0 0 0 0 0 0 0 0 0 0 0 0 0
0 0 0 0 0 0 0 0 0 1 1 0 0 0 0 0 0 0 0 1 0 0 0 0 0 0 0 0 0 0 0 0 0 0 0
0 0 0 0 0 0 0 0 1 0 0 0 0 0 0 0 0 1 0 0 0 0 0 0 0 0 0 0 0 0 0 0 0 0 0
0 0 0 0 0 0 0 0 0 0 0 0 0 0 0 0 0 0 0 0 0 0 0 0 0 0 0 0 0 0 0 0 0 0 0
0 0 0 0 0 0 0 0 0 0 0 0 0 0 0 0 0 0 0 0 0 0 0 0 0 0 0 0 0 0 0 0 0 0 0
0 0 0 0 0 0 0 0 0 0 0 1 0 0 0 0 0 0 0 0 0 0 0 0 1 0 0 0 0 0 0 0 0 0 0
0 0 0 0 0 0 0 0 0 0 0 0 0 0 0 0 0 0 0 0 0 0 0 0 0 1 0 0 0 0 0 0 0 0 0
0 0 0 0 0 0 0 0 0 0 0 0 0 0 0 0 1 0 1 0 0 0 0 0 0 0 0 0 0 1 0 0 0 0 0
0 0 0 0 0 0 1 0 0 1 0 0 0 0 0 0 0 0 0 0 0 0 0 0 0 0 0 0 0 0 0 0 0 0 0
0 0 0 0 0 0 0 0 0 0 0 0 0 0 0 0 0 0 0 0 0 0 0 0 0 0 0 0 0 0 0 0 0 0 0
0 0 0 0 0 0 0 0 0 0 0 0 0 0 0 0 0 0 0 0 0 0 0 0 0 0 0 1 0 0 0 0 0 0 0
0 0 0 0 0 0 0 0 0 0 0 0 0 0 0 0 0 0 0 0 0 0 0 0 0 0 0 0 0 0 0 0 0 0 0
0 0 0 0 0 0 0 1 0 0 0 0 0 0 0 0 0 0 0 0 1 0 1 0 0 0 0 0 0 0 0 0 0 0 0
0 0 0 0 0 0 0 0 0 0 1 0 1 0 0 0 0 0 0 0 0 0 0 0 0 0 0 0 0 0 0 0 0 0 0
0 0 0 0 0 0 0 0 0 1 0 0 0 1 1 0 0 0 0 0 0 0 0 0 0 0 0 0 0 0 0 0 0 0 0
0 0 0 0 0 0 0 0 0 0 0 0 0 0 0 0 0 1 0 0 0 0 0 0 0 0 0 1 0 1 0 0 0 0 0
0 0 0 0 0 0 0 0 0 0 0 0 0 0 1 0 2 0 1 0 0 0 0 0 0 0 0 0 0 0 0 0 0 0 0
0 0 0 0 0 0 0 0 0 0 0 1 0 0 0 0 0 0 0 0 0 0 0 0 0 0 0 0 0 0 0 0 0 0 0
0 0 0 0 0 0 0 0 0 0 0 0 0 0 0 0 0 0 0 0 0 0 0 0 0 0 0 1 0 0 0 0 0 0 0
0 0 0 0 0 0 0 0 0 0 0 0 0 0 0 0 0 0 0 0 0 0 0 0 0 0 0 0 0 0 0 0 0 0 0
0 0 0 0 0 0 0 0 0 0 0 0 0 0 0 0 0 0 0 0 0 0 0 0 0 0 0 0 0 0 0 0 0 0 0
0 0 0 0 0 0 0 0 0 0 0 0 0 0 0 0 0 0 0 0 0 0 0 0 0 0 0 0 0 0 0 0 0 0 0
0 0 0 0 0 0 0 0 0 0 0 0 0 0 0 0 0 0 0 0 0 0 0 0 0 0 0 0 0 0 0 0 0 0 0
0 0 0 0 0 0 0 0 0 0 0 0 0 0 0 0 0 0 0 0 0 0 0 0 0 0 0 0 0 0 0 0 0 0 0
0 0 0 0 0 0 0 0 0 0 0 0 0 0 0 0 0 0 0 0 0 0 0 0 0 0 0 0 0 0 0 0 0 0 0
0 0 0 0 0 0 0 0 0 0 0 0 0 0 0 0 0 0 0 0 0 0 0 0 0 0 0 0 0 0 0 0 0 0 0
0 0 0 0 0 0 0 0 0 0 0 0 0 0 0 0 0 0 0 0 0 0 0 0 0 0 0 0 0 0 0 0 0 0 0
0 0 0 0 0 0 0 0 0 0 0 0 0 0 0 0 0 0 0 0 0 0 0 0 0 0 0 0 0 0 0 0 0 0 0

y
0.0 0.0 0.0 0.0 0.0 0.0 1.0 0.0 0.0 0.0 0.0 0.0 0.0 0.0 4.666666666666666 0.0 0.0 0.0 0.0 0.0 0.0 0.0 0.0 0.0 0.0 0.0 0.0 0.0 0.0 0.0 0.0 0.0 0.0 0.0 0.0 0.0 0.0

k
0 6 7 3 9 6 3 0 0 15 0 0 6 6 2 0 0 0 13 0 6 0 0 2 0 0 4 0 11 26 26 26 52 26 26 26 3

f
0.0 26.25 0.0 0.0 0.0 0.0 5.25 0.0 0.0 0.0 0.0 0.0 0.0 0.0 0.0 0.0 0.0 0.0 0.0 0.0 0.0 8.75 8.75 0.0 0.0 0.0 0.0 0.0 0.0 0.0 0.0 0.0 0.0 0.0 0.0
0.0 0.0 0.0 0.0 0.0 0.0 0.0 0.0 0.0 0.0 0.0 0.0 0.0 0.0 0.0 0.0 0.0 0.0 0.0 0.0 0.0 0.0 0.0 0.0 0.0 0.0 0.0 0.0 0.0 0.0 0.0 0.0 0.0 0.0 0.0
0.0 0.0 0.0 0.0 0.0 0.0 0.0 0.0 0.0 0.0 0.0 0.0 0.0 0.0 0.0 0.0 0.0 0.0 0.0 0.0 0.0 0.0 0.0 0.0 0.0 0.0 0.0 0.0 0.0 0.0 0.0 0.0 0.0 0.0 0.0
0.0 0.0 0.0 9.75 15.25 0.0 0.0 0.0 0.0 0.0 0.0 0.0 0.0 0.0 0.0 0.0 7.75 5.25 5.25 5.25 0.0 0.25 0.0 0.0 0.0 1.25 0.0 0.0 0.0 0.0 0.0 0.0 0.0 0.0 0.0

L
0 0 0 3 0 0 6 0 0 0 1 9 0 0 13 0 2 3 0 0 0 2 2 1 2 0 0 0 0 0 0 0 0 0 0 0 0

g
0 0 0 0 0 0 0 0 0 0 0 0 0 0 0 1 0 0 0 0 0 0 0 0 0 0 0 0 0 0 0 0 0 0 0
0 0 0 0 0 0 0 0 0 0 0 0 0 0 0 0 0 0 0 0 0 0 0 0 0 0 0 0 0 0 0 0 0 0 0
0 0 0 0 0 0 0 0 0 0 0 0 0 0 0 0 0 0 0 0 0 0 0 0 0 0 0 0 0 0 0 0 0 0 0
0 0 0 0 0 0 0 0 0 0 0 0 0 0 0 0 0 0 0 0 0 0 0 0 0 0 0 0 0 0 0 0 0 0 0
0 0 0 0 0 0 0 0 0 0 0 0 0 0 0 0 0 0 0 0 0 0 0 0 0 0 0 0 0 0 0 0 0 0 0
0 0 0 0 0 0 0 0 0 0 0 0 0 0 0 0 0 0 0 0 0 0 0 0 0 0 0 0 0 0 0 0 0 0 0
0 0 0 0 0 0 0 0 0 0 0 0 0 0 0 0 0 0 0 0 0 0 0 0 0 0 0 0 0 0 0 0 0 0 0
0 0 0 0 1 0 0 0 0 0 0 0 0 0 0 0 0 0 0 0 0 0 0 0 0 0 0 0 0 0 0 0 0 0 0
0 0 0 0 0 0 0 0 0 0 0 0 0 0 0 0 0 0 0 0 0 0 0 0 0 0 0 0 0 0 0 0 0 0 0
0 0 0 0 0 0 0 0 0 0 0 0 0 0 0 0 0 0 0 0 0 0 0 0 0 0 0 0 0 0 0 0 0 0 0
0 0 0 0 0 0 0 0 0 0 0 0 0 0 0 0 0 0 0 0 0 0 0 0 0 0 0 0 0 0 0 0 0 0 0
0 0 0 0 0 0 0 0 0 0 0 0 0 0 0 0 0 0 0 0 0 0 0 0 0 0 0 0 0 0 0 0 0 0 0
0 0 0 0 0 0 0 0 0 0 0 0 0 0 0 0 0 0 0 0 0 0 0 0 0 0 0 0 0 0 0 0 0 0 0
0 0 0 0 0 0 0 0 0 0 0 0 0 0 0 0 0 0 0 0 0 0 0 0 0 0 0 0 0 0 0 0 0 0 0
0 0 0 0 0 0 0 0 0 0 0 0 0 0 0 0 0 0 0 0 0 0 0 0 0 0 0 0 0 0 0 0 0 0 0
0 0 0 0 0 0 0 0 0 0 0 0 0 0 0 0 0 0 0 0 0 0 0 0 0 0 0 0 0 0 0 0 0 0 0
0 0 0 0 0 0 0 0 0 0 0 0 0 0 0 0 0 0 0 0 0 0 0 0 0 0 0 0 0 0 0 0 0 0 0
0 0 0 0 0 0 0 0 0 0 0 0 0 0 0 0 0 0 0 0 0 0 0 0 0 0 0 0 0 0 0 0 0 0 0
0 0 0 0 0 0 0 0 0 0 0 0 0 0 0 0 0 0 0 0 0 0 0 0 0 0 0 0 0 0 0 0 0 0 0
0 0 0 0 0 0 0 0 0 0 0 0 0 0 0 0 0 0 0 0 0 0 0 0 0 0 0 0 0 0 0 0 0 0 0
0 0 0 0 0 0 0 0 0 0 0 0 0 0 0 0 0 0 0 0 0 0 0 0 0 0 0 0 0 0 0 0 0 0 0
0 0 0 0 0 0 0 0 0 0 0 0 0 0 0 0 0 0 0 0 0 0 0 0 0 0 0 0 0 0 0 0 0 0 0
0 0 0 0 0 0 0 0 0 0 0 0 0 0 0 0 0 0 0 0 0 0 0 0 0 0 0 0 0 0 0 0 0 0 0
0 0 0 0 0 0 0 0 0 0 0 0 0 0 0 0 0 0 0 0 0 0 0 0 0 0 0 0 0 0 0 0 0 0 0
0 0 0 0 0 0 0 0 0 0 0 0 0 0 0 0 0 0 0 0 0 0 0 0 0 0 0 0 0 0 0 0 0 0 0
0 0 0 0 0 0 0 0 0 0 0 0 0 0 0 0 1 0 0 0 0 0 0 0 0 0 0 0 0 0 0 0 0 0 0
0 0 0 0 0 0 0 0 0 0 0 0 0 0 0 0 0 0 0 0 0 0 0 0 0 0 0 0 0 0 0 0 0 0 0
0 0 0 0 0 0 0 0 0 0 0 0 0 0 0 0 0 0 0 0 0 0 0 0 0 0 0 0 0 0 0 0 0 0 0
0 0 0 0 0 0 0 0 0 0 0 0 0 0 0 0 0 0 0 0 0 0 0 0 0 0 0 0 0 0 0 0 0 0 0
0 0 0 0 0 0 0 0 0 0 0 0 0 0 0 0 0 0 0 0 0 0 0 0 0 0 0 0 0 0 0 0 0 0 0
0 0 0 0 0 0 0 0 0 0 0 0 0 0 0 0 0 0 0 0 0 0 0 0 0 0 0 0 0 0 0 0 0 0 0
0 0 0 0 0 0 0 0 0 0 0 0 0 0 0 0 0 0 0 0 0 0 0 0 0 0 0 0 0 0 0 0 0 0 0
0 0 0 0 0 0 0 0 0 0 0 0 0 0 0 0 0 0 0 0 0 0 0 0 0 0 0 0 0 0 0 0 0 0 0
0 0 0 0 0 0 0 0 0 0 0 0 0 0 0 0 0 0 0 0 0 0 0 0 0 0 0 0 0 0 0 0 0 0 0
0 0 0 0 0 0 0 0 0 0 0 0 0 0 0 0 0 0 0 0 0 0 0 0 0 0 0 0 0 0 0 0 0 0 0
0 0 0 0 0 0 0 0 0 0 0 0 0 0 0 0 0 0 0 0 0 0 0 0 0 0 0 0 0 0 0 0 0 0 0
0 0 0 0 0 0 0 0 0 0 0 0 0 0 0 0 0 0 0 0 0 0 0 0 0 0 0 0 0 0 0 0 0 0 0

I cap
1058.909090909091 1058.909090909091 988.609090909091 910.177090909091 1144.468 1036.7319999999997 1141.7319999999997 1241.068 939.018 1006.035 965.4549999999998 696.79 867.738 725.528 681.002 501.31609090909103 393.49109090909104 531.9630909090909 361.970090909091 919.7340909090908 943.959090909091 1052.259090909091 998.394090909091 919.962090909091 780.084090909091 722.134090909091 663.7850909090911 377.3980909090912 715.902090909091 793.859090909091 961.477090909091 980.477090909091 1058.909090909091 1058.909090909091 672.0
107.96969696969697 107.96969696969697 37.669696969696965 34.401696969696964 36.632000000000005 51.367999999999995 58.367999999999995 49.232 59.68200000000001 51.965 37.74500000000002 39.96000000000001 70.162 83.522 99.848 72.76269696969699 76.08769696969698 37.36569696969698 43.00869696969697 52.39469696969698 75.66969696969697 81.36969696969697 106.73469696969697 103.46669696969697 98.94469696969696 97.61469696969698 94.21369696969698 68.24069696969697 93.77669696969697 97.51969696969698 104.70169696969697 104.70169696969697 107.96969696969697 107.96969696969697 84.0
38.96666666666666 38.96666666666666 38.96666666666666 38.96666666666666 44.099999999999994 29.958750000000002 29.25875 26.458750000000002 15.817500000000008 27.158750000000005 18.75875 17.35875 24.5 36.4 31.5 38.96666666666666 38.96666666666666 38.96666666666666 38.96666666666666 38.96666666666666 38.96666666666666 38.96666666666666 38.96666666666666 38.96666666666666 38.96666666666666 15.279999999999994 15.279999999999994 23.639999999999993 38.96666666666666 38.96666666666666 38.96666666666666 38.96666666666666 38.96666666666666 38.96666666666666 23.8
45.24545454545453 45.24545454545453 42.45245454545452 41.85395454545452 31.510500000000008 40.508999999999986 40.508999999999986 43.0745 37.839 40.467999999999996 41.09799999999999 33.7655 32.8215 30.724999999999994 30.205000000000002 40.20095454545452 43.05095454545452 42.48095454545452 40.058454545454524 44.10545454545453 45.24545454545453 45.24545454545453 45.24545454545453 44.64695454545453 44.048454545454526 43.848954545454525 43.05095454545452 40.40045454545452 43.250454545454524 43.848954545454525 44.64695454545453 44.64695454545453 45.24545454545453 45.24545454545453 42.0
20.999999999999993 20.999999999999993 19.80299999999999 19.60349999999999 12.9615 22.336999999999996 20.237000000000002 21.817500000000003 19.188499999999998 19.387999999999998 23.078 23.372499999999995 22.9005 24.535000000000004 19.634999999999998 17.988499999999995 20.268499999999996 19.973999999999993 17.86499999999999 20.543999999999993 20.999999999999993 20.999999999999993 20.999999999999993 20.800499999999992 20.600999999999992 20.534499999999994 20.268499999999996 18.054999999999993 20.334999999999994 20.534499999999994 20.800499999999992 20.800499999999992 20.999999999999993 20.999999999999993 21.0
345.75757575757575 345.75757575757575 345.75757575757575 341.96707575757574 255.2095 288.946 316.946 297.2095 318.2095 309.46 288.46 270.8945 299.7195 290.875 297.58500000000004 325.5890757575758 307.3015757575758 276.52157575757576 270.2515757575758 284.1025757575758 308.6600757575758 345.75757575757575 333.21757575757573 329.4270757575757 283.83657575757576 276.87307575757575 283.6940757575758 293.6975757575758 333.12257575757576 312.35557575757576 280.3120757575757 304.8695757575757 345.75757575757575 345.75757575757575 245.0
779.7575757575758 779.7575757575758 747.4385757575758 733.2740757575758 616.2825000000001 732.7950000000001 837.7950000000001 803.5945 868.357 839.2345 798.6245 807.2460000000001 829.264 796.2135000000001 813.3545 683.9310757575759 711.7470757575759 685.6790757575758 648.7145757575759 720.9335757575758 755.4755757575757 779.7575757575758 764.3960757575758 750.2315757575758 698.7320757575759 690.4955757575758 681.8220757575758 655.8395757575757 732.5425757575758 730.6330757575759 725.2370757575758 741.3110757575757 779.7575757575758 779.7575757575758 630.0
80.73333333333335 80.73333333333335 79.13733333333334 78.53883333333334 66.6495 87.906 81.606 87.5575 82.49999999999999 87.39999999999999 79.82 88.5775 98.8015 96.70499999999998 88.30499999999999 76.82883333333335 78.53883333333334 76.71483333333335 75.77433333333335 78.68133333333334 80.73333333333335 80.73333333333335 80.73333333333335 80.13483333333335 79.53633333333335 79.33683333333335 78.53883333333334 77.02833333333335 78.73833333333334 79.33683333333335 80.13483333333335 80.13483333333335 80.73333333333335 80.73333333333335 48.300000000000004
10.775757575757575 10.775757575757575 8.780757575757574 8.780757575757574 5.835000000000001 7.805000000000001 7.1049999999999995 7.295 9.8 5.6515 6.3515000000000015 3.7265 2.491500000000001 1.7915000000000019 7.9605 10.775757575757575 6.757257575757575 0.6867575757575768 0.6867575757575759 0.6867575757575768 4.705257575757576 10.775757575757575 7.327257575757576 7.327257575757576 0.962257575757576 0.6772575757575763 2.339757575757576 4.543757575757576 10.775757575757575 6.757257575757575 0.6867575757575768 4.705257575757576 10.775757575757575 10.775757575757575 8.4
2.545454545454545 2.545454545454545 2.545454545454545 1.946954545454545 2.2015 0.602 2.002 1.5015 0.4059999999999998 0.048000000000000265 1.3179999999999998 0.11750000000000005 0.8015 0.1050000000000002 0.1050000000000002 0.3509545454545451 0.3509545454545451 0.4079545454545449 0.664454545454545 1.861454545454545 2.545454545454545 2.545454545454545 2.545454545454545 1.946954545454545 1.348454545454545 1.148954545454545 0.35095454545454496 0.550454545454545 0.550454545454545 1.148954545454545 1.946954545454545 1.946954545454545 2.545454545454545 2.545454545454545 2.8000000000000003
8.515433299825174 8.515433299825174 8.515433299825174 8.515433299825174 6.60212264367816 7.0825151724137925 7.4658345689655174 8.616273275862069 10.898158620689653 9.08539198275862 9.519775689655171 8.844858629310345 9.140866215517242 7.486136732758619 8.400538706896551 6.8357484482758615 7.107486206896553 7.206717413793104 7.182199482758621 6.825515086206897 6.890963746081505 8.000885172413794 8.727603793103448 7.73144051724138 7.5217035632183915 6.749825517241379 5.488575689655172 7.876858293103449 8.119153112068966 8.177672939655173 8.80402051724138 9.264028448275862 7.811086206896552 8.024766408045977 11.298133678160921
700.0 700.0 700.0 698.0999999999999 695.25 693.35 692.4 692.4 692.3999999999999 687.6499999999999 683.8499999999998 681.9499999999999 673.3999999999999 687.65 681.9499999999999 683.85 681.95 682.9 681.95 685.7499999999999 690.5 689.55 689.55 689.55 689.55 677.1999999999999 688.6000000000001 669.5999999999998 688.5999999999999 682.9 688.6 693.35 700.0 700.0 698.1

H cap
26.25 -26.25 43.75 61.25 85.75 29.75 -5.25 5.25 15.75 33.25 57.75 5.25 5.25 89.25 78.75 99.75 85.75 96.25 96.25 96.25 78.75 -8.75 -8.75 1.75 1.75 57.75 110.25 131.25 131.25 131.25 131.25 131.25 131.25 131.25 131.25
42.5 37.5 47.5 52.5 50.5 45.5 45.5 40.5 42.5 47.5 47.5 40.0 35.0 43.5 41.0 43.0 50.5 52.5 52.5 52.5 47.5 39.5 39.5 43.0 43.0 42.5 47.5 52.5 52.5 52.5 52.5 52.5 52.5 52.5 52.5
56.0 52.5 56.0 56.0 59.5 49.0 42.0 49.0 52.5 52.5 49.0 45.5 42.0 52.5 52.5 49.0 56.0 59.5 59.5 59.5 59.5 52.5 52.5 52.5 52.5 56.0 59.5 63.0 63.0 63.0 63.0 63.0 63.0 63.0 63.0
55.75 33.25 51.75 -9.75 -15.25 32.25 7.75 0.75 3.25 0.75 4.75 0.75 1.25 1.25 0.75 48.25 -7.75 -5.25 -5.25 -5.25 44.75 -0.25 11.25 1.25 1.25 -1.25 21.25 78.75 78.75 78.75 78.75 78.75 78.75 78.75 78.75

Gap
NaN

Time
NaN

