T P M C
35 37 4 12

base obj
15.682112332112332

exp obj
19.33408424908425

Objective struct
15.682112332112332 1.33 28.959999999999997

num campaigns
90

x
0 0 0 0 0 1 0 0 1 0 0 0 0 1 0 0 1 0 0 0 0 1 0 0 1 0 1 0 0 0 0 0 0 0 0
0 0 0 0 0 0 0 0 0 0 0 0 0 0 0 0 0 0 0 0 0 0 0 0 0 0 0 0 0 0 0 0 0 0 0
0 0 0 0 1 0 0 0 0 0 0 0 0 0 0 0 0 0 0 0 1 0 0 0 0 0 0 1 0 0 0 0 0 0 0
0 0 0 0 0 0 0 2 0 1 0 1 0 0 0 0 0 0 0 0 0 0 2 0 0 0 0 0 0 0 0 0 0 0 0
0 0 0 0 0 0 0 0 0 0 0 0 0 0 1 0 0 0 0 1 0 0 1 3 0 0 0 1 0 0 0 0 0 0 0
0 0 0 0 0 0 1 0 0 0 1 0 0 0 0 0 0 0 1 1 0 0 1 0 0 0 0 0 0 0 0 0 0 0 0
0 0 0 0 1 0 2 0 2 0 0 0 0 0 0 0 0 0 0 0 0 0 0 1 0 0 0 0 0 0 0 0 0 0 0
0 0 0 0 0 0 0 0 0 0 0 0 1 0 0 0 0 0 0 0 0 0 0 0 0 1 0 0 0 0 0 0 0 0 0
0 0 0 0 0 0 0 0 0 0 0 0 0 0 0 0 0 0 0 0 0 0 0 0 0 0 0 0 0 1 0 0 0 0 0
0 0 0 0 0 0 0 0 0 0 0 0 0 0 0 0 0 0 0 0 0 0 0 0 0 0 0 0 0 0 0 0 0 0 0
0 0 0 0 1 0 0 0 0 0 0 0 0 0 0 0 1 0 0 0 0 0 0 0 0 0 0 1 0 0 0 0 0 0 0
0 0 0 0 0 0 1 0 0 0 0 0 0 0 0 0 0 0 0 0 0 0 0 0 0 1 0 0 0 0 0 0 0 0 0
0 0 0 0 0 0 0 0 0 0 0 0 0 0 0 0 0 0 0 0 0 0 0 0 0 0 0 0 0 0 0 0 0 0 0
0 0 0 0 0 0 0 0 0 0 0 0 0 0 0 1 0 0 0 0 0 0 1 1 0 0 0 0 0 0 0 0 0 0 0
0 0 0 0 0 0 0 1 0 0 0 1 0 0 0 0 0 0 0 0 0 0 0 0 1 0 0 0 0 0 0 0 0 0 0
0 0 0 0 0 0 0 0 0 0 0 0 0 0 0 0 0 0 0 0 0 0 0 0 0 0 0 0 0 1 0 0 0 0 0
0 0 0 0 0 0 0 0 0 0 0 0 0 0 0 0 1 0 1 0 1 0 0 0 0 0 0 0 0 0 0 0 0 0 0
0 0 0 0 0 0 0 0 0 0 1 0 0 0 0 0 0 0 0 0 0 0 0 0 0 0 1 0 0 0 0 0 0 0 0
0 0 0 0 0 0 0 0 0 0 0 0 0 0 0 0 0 0 0 0 0 0 0 0 0 0 0 0 0 0 0 0 0 0 0
0 0 0 0 0 0 0 0 1 0 0 0 0 0 0 0 0 0 0 0 0 0 0 0 0 0 0 0 0 0 0 0 0 0 0
0 0 0 0 1 0 0 0 0 1 0 0 0 0 0 0 0 0 0 0 0 1 1 0 0 0 0 1 0 0 0 0 0 0 0
0 0 0 0 0 0 0 0 0 0 0 0 0 0 0 0 0 0 0 0 0 0 0 0 0 0 0 0 0 1 0 0 0 0 0
0 0 0 0 0 0 0 0 0 1 0 0 0 0 0 0 0 0 0 0 1 0 0 0 0 0 0 0 0 0 0 0 0 0 0
0 0 0 0 0 0 0 0 0 0 0 0 1 1 0 0 1 1 1 0 0 0 0 0 0 0 0 0 0 0 0 0 0 0 0
0 0 0 0 1 0 0 0 0 0 0 0 0 0 1 0 0 0 0 0 0 0 0 0 0 0 1 0 0 0 0 0 0 0 0
0 0 0 0 0 0 0 1 1 0 1 0 1 0 0 0 0 0 0 0 0 0 0 0 0 0 0 0 0 0 0 0 0 0 0
0 0 0 0 1 0 0 0 0 0 0 1 0 0 0 0 0 0 0 0 0 0 0 0 0 0 0 0 0 0 0 0 0 0 0
0 0 0 0 0 0 0 0 0 0 0 0 0 0 0 0 0 0 0 0 0 0 0 0 0 0 0 0 1 0 0 0 0 0 0
0 0 0 0 0 0 0 0 0 0 0 0 0 0 0 0 0 0 0 0 0 0 0 0 0 0 0 0 0 0 0 0 0 0 0
0 0 0 0 0 0 3 0 0 6 0 0 0 0 0 0 0 0 0 0 0 0 1 0 0 0 0 1 0 0 0 0 0 0 0
0 0 0 0 0 0 0 0 0 1 0 0 0 0 0 0 0 0 0 0 0 0 0 0 0 0 0 0 0 0 0 0 0 0 0
0 0 0 0 0 0 0 0 0 0 0 0 0 0 0 0 0 0 0 0 0 0 0 0 0 0 0 0 0 0 0 0 0 0 0
0 0 0 0 0 0 0 0 0 0 0 0 0 0 0 0 0 0 0 0 0 0 0 0 0 0 0 0 0 0 0 0 0 0 0
0 0 0 0 0 0 0 0 0 0 0 0 0 0 0 0 0 0 0 0 0 0 0 0 0 0 0 0 0 0 0 0 0 0 0
0 0 0 0 0 0 0 0 0 0 0 0 0 0 0 0 0 0 0 0 0 0 0 0 0 0 0 0 0 0 0 0 0 0 0
0 0 0 0 0 0 0 0 0 0 0 0 0 0 0 0 0 0 0 0 0 0 0 0 0 0 0 0 0 0 0 0 0 0 0
0 0 0 0 0 0 0 0 0 0 0 0 0 0 0 0 0 0 0 0 0 0 0 0 0 0 0 0 0 0 0 0 0 0 0

y
0.0 0.0 2.833333333333333 0.0 0.0 0.0 0.0 0.0 0.0 0.0 0.0 0.0 0.0 0.0 0.0 0.0 0.0 0.0 0.0 0.0 0.0 0.0 0.0 0.0 0.0 0.0 0.75 0.0 0.0 0.0 0.0 0.0 0.0 0.0 0.0 0.0 0.0

k
0 6 4 0 2 1 0 0 0 15 0 0 6 3 1 0 0 0 13 0 1 2 0 0 0 0 3 0 11 15 25 26 52 26 26 26 3

f
0.0 0.0 0.0 0.0 10.500000000000009 0.0 0.0 4.200000000000003 0.0 0.0 0.0 0.0 0.0 0.0 0.0 0.0 0.0 0.0 0.0 0.0 1.0500000000000078 19.950000000000003 13.650000000000004 0.0 0.0 0.0 0.0 0.0 0.0 0.0 0.0 0.0 0.0 0.0 0.0
0.0 0.0 0.0 0.0 0.0 0.0 0.0 0.0 0.0 0.0 0.0 0.0 0.0 0.0 0.0 0.0 0.0 0.0 0.0 0.0 0.0 0.0 0.0 0.0 0.0 0.0 0.0 0.0 0.0 0.0 0.0 0.0 0.0 0.0 0.0
0.0 0.0 0.0 0.0 0.0 0.0 0.0 0.0 0.0 0.0 0.0 0.0 0.0 0.0 0.0 0.0 0.0 0.0 0.0 0.0 0.0 0.0 0.0 0.0 0.0 0.0 0.0 0.0 0.0 0.0 0.0 0.0 0.0 0.0 0.0
0.0 1.7763568394002505e-15 0.0 0.0 0.0 0.0 0.0 0.0 0.0 0.0 3.552713678800501e-15 0.0 0.0 2.70000000000001 0.0 1.4210854715202004e-14 0.0 0.0 0.0 0.0 0.0 0.0 0.0 0.0 0.0 24.750000000000014 22.500000000000014 0.0 0.0 0.0 0.0 0.0 0.0 0.0 0.0

L
2 0 7 0 0 1 0 13 0 0 11 19 0 1 4 0 2 16 0 0 1 0 11 1 10 1 7 0 0 0 0 0 0 0 0 0 0

g
0 0 0 0 0 0 0 0 0 0 0 0 0 0 0 0 0 0 0 0 0 0 0 0 0 0 0 0 0 0 0 0 0 0 0
0 0 0 0 0 0 0 0 0 0 0 0 0 0 0 0 0 0 0 0 0 0 0 0 0 0 0 0 0 0 0 0 0 0 0
0 0 0 0 0 0 0 0 0 0 0 0 0 0 0 0 0 0 0 0 0 0 0 0 0 0 0 0 0 0 0 0 0 0 0
0 0 0 0 0 0 0 1 0 0 0 0 0 0 0 0 0 0 0 0 0 0 1 0 0 0 0 0 0 0 0 0 0 0 0
0 0 0 0 0 0 0 0 0 0 0 0 0 0 0 0 0 0 0 0 0 0 0 2 0 0 0 0 0 0 0 0 0 0 0
0 0 0 0 0 0 0 0 0 0 0 0 0 0 0 0 0 0 0 0 0 0 0 0 0 0 0 0 0 0 0 0 0 0 0
0 0 0 0 0 0 1 0 1 0 0 0 0 0 0 0 0 0 0 0 0 0 0 0 0 0 0 0 0 0 0 0 0 0 0
0 0 0 0 0 0 0 0 0 0 0 0 0 0 0 0 0 0 0 0 0 0 0 0 0 0 0 0 0 0 0 0 0 0 0
0 0 0 0 0 0 0 0 0 0 0 0 0 0 0 0 0 0 0 0 0 0 0 0 0 0 0 0 0 0 0 0 0 0 0
0 0 0 0 0 0 0 0 0 0 0 0 0 0 0 0 0 0 0 0 0 0 0 0 0 0 0 0 0 0 0 0 0 0 0
0 0 0 0 0 0 0 0 0 0 0 0 0 0 0 0 0 0 0 0 0 0 0 0 0 0 0 0 0 0 0 0 0 0 0
0 0 0 0 0 0 0 0 0 0 0 0 0 0 0 0 0 0 0 0 0 0 0 0 0 0 0 0 0 0 0 0 0 0 0
0 0 0 0 0 0 0 0 0 0 0 0 0 0 0 0 0 0 0 0 0 0 0 0 0 0 0 0 0 0 0 0 0 0 0
0 0 0 0 0 0 0 0 0 0 0 0 0 0 0 0 0 0 0 0 0 0 0 0 0 0 0 0 0 0 0 0 0 0 0
0 0 0 0 0 0 0 0 0 0 0 0 0 0 0 0 0 0 0 0 0 0 0 0 0 0 0 0 0 0 0 0 0 0 0
0 0 0 0 0 0 0 0 0 0 0 0 0 0 0 0 0 0 0 0 0 0 0 0 0 0 0 0 0 0 0 0 0 0 0
0 0 0 0 0 0 0 0 0 0 0 0 0 0 0 0 0 0 0 0 0 0 0 0 0 0 0 0 0 0 0 0 0 0 0
0 0 0 0 0 0 0 0 0 0 0 0 0 0 0 0 0 0 0 0 0 0 0 0 0 0 0 0 0 0 0 0 0 0 0
0 0 0 0 0 0 0 0 0 0 0 0 0 0 0 0 0 0 0 0 0 0 0 0 0 0 0 0 0 0 0 0 0 0 0
0 0 0 0 0 0 0 0 0 0 0 0 0 0 0 0 0 0 0 0 0 0 0 0 0 0 0 0 0 0 0 0 0 0 0
0 0 0 0 0 0 0 0 0 0 0 0 0 0 0 0 0 0 0 0 0 0 0 0 0 0 0 0 0 0 0 0 0 0 0
0 0 0 0 0 0 0 0 0 0 0 0 0 0 0 0 0 0 0 0 0 0 0 0 0 0 0 0 0 0 0 0 0 0 0
0 0 0 0 0 0 0 0 0 0 0 0 0 0 0 0 0 0 0 0 0 0 0 0 0 0 0 0 0 0 0 0 0 0 0
0 0 0 0 0 0 0 0 0 0 0 0 0 0 0 0 0 0 0 0 0 0 0 0 0 0 0 0 0 0 0 0 0 0 0
0 0 0 0 0 0 0 0 0 0 0 0 0 0 0 0 0 0 0 0 0 0 0 0 0 0 0 0 0 0 0 0 0 0 0
0 0 0 0 0 0 0 0 0 0 0 0 0 0 0 0 0 0 0 0 0 0 0 0 0 0 0 0 0 0 0 0 0 0 0
0 0 0 0 0 0 0 0 0 0 0 0 0 0 0 0 0 0 0 0 0 0 0 0 0 0 0 0 0 0 0 0 0 0 0
0 0 0 0 0 0 0 0 0 0 0 0 0 0 0 0 0 0 0 0 0 0 0 0 0 0 0 0 0 0 0 0 0 0 0
0 0 0 0 0 0 0 0 0 0 0 0 0 0 0 0 0 0 0 0 0 0 0 0 0 0 0 0 0 0 0 0 0 0 0
0 0 0 0 0 0 2 0 0 5 0 0 0 0 0 0 0 0 0 0 0 0 0 0 0 0 0 0 0 0 0 0 0 0 0
0 0 0 0 0 0 0 0 0 0 0 0 0 0 0 0 0 0 0 0 0 0 0 0 0 0 0 0 0 0 0 0 0 0 0
0 0 0 0 0 0 0 0 0 0 0 0 0 0 0 0 0 0 0 0 0 0 0 0 0 0 0 0 0 0 0 0 0 0 0
0 0 0 0 0 0 0 0 0 0 0 0 0 0 0 0 0 0 0 0 0 0 0 0 0 0 0 0 0 0 0 0 0 0 0
0 0 0 0 0 0 0 0 0 0 0 0 0 0 0 0 0 0 0 0 0 0 0 0 0 0 0 0 0 0 0 0 0 0 0
0 0 0 0 0 0 0 0 0 0 0 0 0 0 0 0 0 0 0 0 0 0 0 0 0 0 0 0 0 0 0 0 0 0 0
0 0 0 0 0 0 0 0 0 0 0 0 0 0 0 0 0 0 0 0 0 0 0 0 0 0 0 0 0 0 0 0 0 0 0
0 0 0 0 0 0 0 0 0 0 0 0 0 0 0 0 0 0 0 0 0 0 0 0 0 0 0 0 0 0 0 0 0 0 0

I cap
1058.909090909091 1058.909090909091 1058.909090909091 976.349090909091 944.58 865.8599999999999 556.8599999999999 570.34 287.81999999999994 443.41999999999985 418.34000000000003 307.7400000000001 508.38 668.6199999999999 647.22 785.7890909090911 806.909090909091 942.4690909090909 828.229090909091 635.3090909090911 732.729090909091 693.3690909090909 135.94909090909093 409.769090909091 375.70909090909106 521.3690909090909 720.209090909091 597.229090909091 655.849090909091 629.5490909090911 954.1290909090909 1013.529090909091 1045.709090909091 1058.909090909091 672.0
107.96969696969697 107.96969696969697 107.96969696969697 104.52969696969697 82.42 80.14 16.739999999999995 40.260000000000005 54.980000000000004 93.58 63.660000000000004 41.260000000000005 39.620000000000005 44.38 66.78 66.08969696969697 71.96969696969697 75.40969696969697 70.64969696969698 92.56969696969698 92.14969696969698 89.50969696969696 45.92969696969697 53.10969696969698 55.16969696969697 0.5096969696969704 37.66969696969697 2.6496969696969686 16.02969696969697 30.329696969696975 92.74969696969697 97.34969696969696 99.16969696969697 107.96969696969697 84.0
38.96666666666666 38.96666666666666 38.96666666666666 38.96666666666666 29.43333333333333 27.333333333333336 1.6999999999999975 13.566666666666666 23.766666666666673 11.858333333333336 3.4583333333333304 2.0583333333333353 11.825 36.4 31.5 38.96666666666666 38.96666666666666 38.96666666666666 38.96666666666666 38.96666666666666 38.96666666666666 24.299999999999997 9.633333333333331 9.633333333333331 24.299999999999997 26.29166666666666 26.29166666666666 11.624999999999995 11.624999999999995 24.299999999999997 38.96666666666666 38.96666666666666 38.96666666666666 38.96666666666666 23.8
45.24545454545453 45.24545454545453 45.24545454545453 44.615454545454526 30.519999999999996 18.80999999999999 14.81999999999999 36.459999999999994 2.34999999999999 3.9799999999999924 39.43999999999999 28.889999999999993 29.5 29.009999999999998 29.260000000000005 42.655454545454525 43.77545454545452 44.405454545454525 42.05545454545452 40.14545454545452 38.70545454545452 31.69545454545452 24.635454545454518 41.23545454545452 40.39545454545452 38.95545454545452 35.15545454545452 31.80545454545452 36.98545454545452 37.905454545454525 43.28545454545453 43.56545454545453 45.24545454545453 45.24545454545453 42.0
20.999999999999993 20.999999999999993 20.999999999999993 20.789999999999992 11.81 19.109999999999992 15.54 16.76 16.589999999999986 11.879999999999995 18.679999999999996 16.709999999999997 21.44 23.650000000000002 19.18 20.00999999999999 20.50999999999999 20.71999999999999 19.50999999999999 18.65999999999999 16.82999999999999 15.729999999999992 10.759999999999993 19.30999999999999 19.02999999999999 18.39999999999999 19.04999999999999 16.36999999999999 16.55999999999999 17.629999999999992 20.71999999999999 20.759999999999994 20.999999999999993 20.999999999999993 21.0
345.75757575757575 345.75757575757575 345.75757575757575 341.76757575757574 237.14 245.24 271.12 262.61999999999995 299.49 283.68 271.41 258.71999999999997 297.81 296.48 300.29 337.77757575757573 310.5975757575757 275.5375757575757 276.8675757575757 272.87757575757576 269.4975757575757 266.2975757575757 263.6275757575757 324.57757575757574 315.25757575757575 323.24757575757576 323.24757575757576 316.67757575757577 292.52757575757573 284.39757575757574 308.25757575757575 323.25757575757575 345.75757575757575 345.75757575757575 245.0
779.7575757575758 779.7575757575758 779.7575757575758 764.8475757575758 589.6 651.47 670.96 655.7899999999998 832.12 783.1 733.76 716.52 775.7700000000001 775.6600000000001 808.01 734.5475757575758 728.0475757575758 717.3975757575757 665.4075757575758 622.0175757575757 613.8175757575758 595.7575757575758 473.8075757575757 688.2775757575758 663.4975757575758 651.7175757575758 692.3475757575758 641.7375757575757 626.0775757575759 631.3775757575758 724.8275757575758 740.9675757575757 779.7575757575758 779.7575757575758 630.0
80.73333333333335 80.73333333333335 80.73333333333335 80.10333333333335 66.66 84.84 72.24999999999999 80.98000000000002 78.76999999999998 84.65999999999998 79.33 85.50000000000001 96.09000000000002 95.41999999999999 87.99 78.71333333333335 79.26333333333335 79.89333333333335 76.90333333333335 74.67333333333336 74.89333333333336 73.47333333333336 68.15333333333335 77.03333333333336 76.19333333333336 73.61333333333336 75.56333333333335 73.55333333333334 74.42333333333335 74.25333333333334 78.49333333333335 78.81333333333335 80.73333333333335 80.73333333333335 48.300000000000004
10.775757575757575 10.775757575757575 10.775757575757575 10.775757575757575 6.0 1.370000000000001 0.6699999999999999 4.369999999999999 6.170000000000001 1.8399999999999999 1.71 2.319999999999999 0.7200000000000006 0.3200000000000003 6.739999999999998 9.825757575757576 6.545757575757575 0.1557575757575762 0.15575757575757532 0.1557575757575762 0.15575757575757532 0.1557575757575762 0.7557575757575759 6.095757575757575 4.995757575757574 5.795757575757576 6.095757575757575 6.315757575757575 4.2257575757575765 3.7757575757575754 5.525757575757575 7.625757575757575 10.775757575757575 10.775757575757575 8.4
2.545454545454545 2.545454545454545 2.545454545454545 1.915454545454545 2.17 0.5599999999999999 0.3400000000000001 0.12000000000000022 0.6100000000000001 1.2600000000000002 2.17 0.1399999999999999 0.7699999999999999 1.2600000000000002 0.6300000000000002 1.2854545454545452 1.0754545454545452 1.7054545454545451 1.915454545454545 1.2854545454545452 1.915454545454545 1.7054545454545451 1.0754545454545452 1.2854545454545452 0.4454545454545452 0.08545454545454523 0.35545454545454525 0.35545454545454525 1.0154545454545452 0.47545454545454513 1.7054545454545451 1.825454545454545 2.545454545454545 2.545454545454545 2.8000000000000003
8.515433299825174 8.515433299825174 8.515433299825174 8.515433299825174 6.567639712643676 5.93349957350272 6.115108443738655 7.562824999999998 7.180644836660616 6.627819387477312 9.640465344827584 9.465893103448275 8.417073103448274 7.098636724137929 8.029849051724137 7.765576034482757 7.19886551724138 7.310165689655172 6.630475344827586 7.118618534482758 6.511653401253918 6.401701869328494 6.5043733030852975 5.127992241379308 5.6134277011494245 4.978015172413791 5.033271696914699 7.633110889292195 7.872859999999999 7.563879827586206 9.267813448275861 8.90540775862069 7.811086206896552 8.024766408045977 11.280892298850576
700.0 700.0 700.0 700.0 686.0 688.0 683.0 685.0 682.0 681.0 681.0 678.0 682.0 684.0 681.0 678.0 680.0 685.0 681.0 687.0 678.0 682.0 677.0 673.0 679.0 681.0 683.0 676.0 680.0 686.0 688.0 691.0 698.0 698.0 685.0

H cap
68.24999999999999 20.999999999999986 24.14999999999999 5.249999999999989 -10.500000000000009 5.249999999999989 17.849999999999994 -4.200000000000003 2.099999999999996 17.849999999999994 55.64999999999999 112.35 55.64999999999999 46.19999999999999 71.39999999999999 39.89999999999999 39.89999999999999 24.14999999999999 5.249999999999989 24.149999999999977 -1.0500000000000078 -19.950000000000003 -13.650000000000004 5.249999999999989 61.94999999999999 5.25 36.75 131.25 131.25 131.25 131.25 131.25 131.25 131.25 131.25
43.95 39.45 32.7 28.20000000000001 35.400000000000006 23.25 29.549999999999986 41.25 38.55 43.5 46.2 46.2 37.2 41.7 46.2 42.60000000000001 42.150000000000006 41.25 32.7 25.500000000000007 31.800000000000008 37.2 41.7 39.45 43.95 47.099999999999994 47.099999999999994 52.5 52.5 52.5 52.5 52.5 52.5 52.5 52.5
53.550000000000004 50.400000000000006 59.85 50.400000000000006 40.95000000000001 47.25000000000001 50.400000000000006 47.25000000000001 44.10000000000001 47.25000000000001 53.550000000000004 59.85 50.400000000000006 47.25000000000001 53.550000000000004 53.550000000000004 50.400000000000006 50.400000000000006 50.400000000000006 44.10000000000001 47.25000000000001 53.550000000000004 53.550000000000004 47.25000000000001 53.550000000000004 53.550000000000004 53.550000000000004 63.0 63.0 63.0 63.0 63.0 63.0 63.0 63.0
20.25 -1.7763568394002505e-15 24.299999999999997 0.899999999999999 2.2499999999999973 0.44999999999999973 5.85000000000001 8.550000000000004 0.4500000000000046 1.8000000000000043 -3.552713678800501e-15 23.4 0.4499999999999922 -2.70000000000001 0.4499999999999851 -1.4210854715202004e-14 1.7999999999999954 0.4499999999999975 3.149999999999999 0.4500000000000006 2.25 8.550000000000004 7.105427357601002e-15 0.9000000000000017 58.05 -24.750000000000014 -22.500000000000014 78.75 78.75 78.75 78.75 78.75 78.75 78.75 78.75

Gap
NaN

Time
NaN

