timeperiod P M C T
52 37 4 12 61

L_lower L_upper L_zero Q_lower Q_upper
-2 5 3 -4 -3

start stop
5 56

P_bar
1 8

S 
13 12 13 11 17 12 12 4 2 29 5 4 12 11 7 1 6 3 25 2 12 6 4 10 6 8 10 2 21 52 52 52 104 52 52 52 6

w
52.5 35.0 10.5 10.5 10.5 35.0 10.5 52.5 35.0 10.5 10.5 10.5 0.0 0.0 52.5 35.0 10.5 35.0 10.5 10.5 10.5 35.0 35.0 10.5 10.5 0.0 17.5 35.0 10.5 0.0 0.0 0.0 0.0 0.0 0.0 0.0 0.0
5.0 3.0 2.5 2.5 2.0 2.0 2.0 5.0 3.0 5.0 2.0 2.0 5.0 5.0 5.0 3.0 5.0 0.0 0.0 0.0 0.0 0.0 0.0 0.0 0.0 0.0 3.0 0.0 5.0 3.0 3.0 3.0 3.0 3.0 3.0 3.0 5.0
3.5 3.5 3.5 3.5 3.5 0.0 0.0 3.5 3.5 3.5 3.5 0.0 3.5 0.0 3.5 3.5 3.5 3.5 3.5 3.5 0.0 3.5 3.5 3.5 0.0 3.5 3.5 0.0 3.5 0.0 0.0 0.0 0.0 0.0 0.0 0.0 3.5
22.5 10.0 11.0 5.0 2.5 21.5 1.0 11.5 6.0 9.5 2.5 10.0 12.5 20.0 34.0 22.5 18.5 4.5 2.5 7.5 3.0 84.0 32.0 23.5 39.0 4.5 8.5 2.5 18.5 1.5 1.5 1.5 1.5 1.5 1.5 1.5 31.5

H
131.25 131.25 131.25 131.25 131.25 131.25 131.25 131.25 131.25 131.25 131.25 131.25 131.25 131.25 131.25 131.25 131.25 131.25 131.25 131.25 131.25 131.25 131.25 131.25 131.25 131.25 131.25 131.25 131.25 131.25 131.25 131.25 131.25 131.25 131.25 131.25 131.25 131.25 131.25 131.25 131.25 131.25 131.25 131.25 131.25 131.25 131.25 131.25 131.25 131.25 131.25 131.25 131.25 131.25 131.25 131.25 131.25 131.25 131.25 131.25 131.25
52.5 52.5 52.5 52.5 52.5 52.5 52.5 52.5 52.5 52.5 52.5 52.5 52.5 52.5 52.5 52.5 52.5 52.5 52.5 52.5 52.5 52.5 52.5 52.5 52.5 52.5 52.5 52.5 52.5 52.5 52.5 52.5 52.5 52.5 52.5 52.5 52.5 52.5 52.5 52.5 52.5 52.5 52.5 52.5 52.5 52.5 52.5 52.5 52.5 52.5 52.5 52.5 52.5 52.5 52.5 52.5 52.5 52.5 52.5 52.5 52.5
63.0 63.0 63.0 63.0 63.0 63.0 63.0 63.0 63.0 63.0 63.0 63.0 63.0 63.0 63.0 63.0 63.0 63.0 63.0 63.0 63.0 63.0 63.0 63.0 63.0 63.0 63.0 63.0 63.0 63.0 63.0 63.0 63.0 63.0 63.0 63.0 63.0 63.0 63.0 63.0 63.0 63.0 63.0 63.0 63.0 63.0 63.0 63.0 63.0 63.0 63.0 63.0 63.0 63.0 63.0 63.0 63.0 63.0 63.0 63.0 63.0
78.75 78.75 78.75 78.75 78.75 78.75 78.75 78.75 78.75 78.75 78.75 78.75 78.75 78.75 78.75 78.75 78.75 78.75 78.75 78.75 78.75 78.75 78.75 78.75 78.75 78.75 78.75 78.75 78.75 78.75 78.75 78.75 78.75 78.75 78.75 78.75 78.75 78.75 78.75 78.75 78.75 78.75 78.75 78.75 78.75 78.75 78.75 78.75 78.75 78.75 78.75 78.75 78.75 78.75 78.75 78.75 78.75 78.75 78.75 78.75 78.75

I
1058.909090909091 1058.909090909091 1058.909090909091 1058.909090909091 1316.0 1211.0 1316.0 1386.0 1064.0 1134.0 1071.0 1050.0 1071.0 1092.0 1134.0 1058.909090909091 1058.909090909091 1058.909090909091 1058.909090909091 1058.909090909091 1058.909090909091 1058.909090909091 1058.909090909091 1058.909090909091 1058.909090909091 1058.909090909091 1058.909090909091 1058.909090909091 1058.909090909091 1058.909090909091 1058.909090909091 1058.909090909091 1058.909090909091 1058.909090909091 672.0 714.0 798.0 889.0 966.0 966.0 903.0 938.0 959.0 959.0 994.0 945.0 1050.0 1134.0 1085.0 1078.0 1008.0 1015.0 1113.0 1197.0 1309.0 1407.0 1058.909090909091 1058.909090909091 1058.909090909091 1058.909090909091 1058.909090909091
107.96969696969697 107.96969696969697 107.96969696969697 107.96969696969697 133.0 126.0 133.0 119.0 119.0 133.0 126.0 119.0 112.0 98.0 119.0 107.96969696969697 107.96969696969697 107.96969696969697 107.96969696969697 107.96969696969697 107.96969696969697 107.96969696969697 107.96969696969697 107.96969696969697 107.96969696969697 107.96969696969697 107.96969696969697 107.96969696969697 107.96969696969697 107.96969696969697 107.96969696969697 107.96969696969697 107.96969696969697 107.96969696969697 84.0 91.0 91.0 91.0 84.0 91.0 112.0 98.0 98.0 112.0 112.0 98.0 98.0 112.0 112.0 112.0 112.0 112.0 98.0 98.0 98.0 112.0 107.96969696969697 107.96969696969697 107.96969696969697 107.96969696969697 107.96969696969697
38.96666666666666 38.96666666666666 38.96666666666666 38.96666666666666 44.099999999999994 42.0 41.3 38.5 39.900000000000006 39.2 30.799999999999997 29.400000000000002 24.5 36.4 31.5 38.96666666666666 38.96666666666666 38.96666666666666 38.96666666666666 38.96666666666666 38.96666666666666 38.96666666666666 38.96666666666666 38.96666666666666 38.96666666666666 38.96666666666666 38.96666666666666 38.96666666666666 38.96666666666666 38.96666666666666 38.96666666666666 38.96666666666666 38.96666666666666 38.96666666666666 23.8 18.9 18.2 23.1 27.299999999999997 30.799999999999997 37.8 39.900000000000006 46.900000000000006 46.2 43.400000000000006 41.3 45.5 51.099999999999994 44.8 46.2 49.0 49.0 52.5 49.0 51.099999999999994 52.5 38.96666666666666 38.96666666666666 38.96666666666666 38.96666666666666 38.96666666666666
45.24545454545453 45.24545454545453 45.24545454545453 45.24545454545453 35.7 44.099999999999994 44.099999999999994 46.2 42.0 44.8 44.099999999999994 37.1 35.7 35.0 32.2 45.24545454545453 45.24545454545453 45.24545454545453 45.24545454545453 45.24545454545453 45.24545454545453 45.24545454545453 45.24545454545453 45.24545454545453 45.24545454545453 45.24545454545453 45.24545454545453 45.24545454545453 45.24545454545453 45.24545454545453 45.24545454545453 45.24545454545453 45.24545454545453 45.24545454545453 42.0 37.8 37.8 37.8 42.7 56.0 42.7 48.3 53.900000000000006 48.3 48.3 48.3 44.099999999999994 44.099999999999994 44.099999999999994 51.8 56.0 56.0 58.099999999999994 56.0 49.0 49.0 45.24545454545453 45.24545454545453 45.24545454545453 45.24545454545453 45.24545454545453
20.999999999999993 20.999999999999993 20.999999999999993 20.999999999999993 14.700000000000001 23.799999999999997 21.700000000000003 23.1 20.299999999999997 20.299999999999997 23.799999999999997 23.799999999999997 23.1 25.200000000000003 20.3 20.999999999999993 20.999999999999993 20.999999999999993 20.999999999999993 20.999999999999993 20.999999999999993 20.999999999999993 20.999999999999993 20.999999999999993 20.999999999999993 20.999999999999993 20.999999999999993 20.999999999999993 20.999999999999993 20.999999999999993 20.999999999999993 20.999999999999993 20.999999999999993 20.999999999999993 21.0 23.799999999999997 20.299999999999997 20.299999999999997 20.299999999999997 18.9 14.700000000000001 21.0 20.299999999999997 23.799999999999997 21.0 20.299999999999997 20.299999999999997 21.700000000000003 23.799999999999997 20.299999999999997 20.299999999999997 21.0 20.299999999999997 18.9 20.299999999999997 20.299999999999997 20.999999999999993 20.999999999999993 20.999999999999993 20.999999999999993 20.999999999999993
345.75757575757575 345.75757575757575 345.75757575757575 345.75757575757575 259.0 294.0 322.0 301.0 322.0 322.0 301.0 301.0 336.0 336.0 322.0 345.75757575757575 345.75757575757575 345.75757575757575 345.75757575757575 345.75757575757575 345.75757575757575 345.75757575757575 345.75757575757575 345.75757575757575 345.75757575757575 345.75757575757575 345.75757575757575 345.75757575757575 345.75757575757575 345.75757575757575 345.75757575757575 345.75757575757575 345.75757575757575 345.75757575757575 245.0 294.0 308.0 322.0 329.0 329.0 315.0 392.0 378.0 364.0 378.0 350.0 364.0 378.0 420.0 420.0 399.0 385.0 392.0 420.0 427.0 385.0 345.75757575757575 345.75757575757575 345.75757575757575 345.75757575757575 345.75757575757575
779.7575757575758 779.7575757575758 779.7575757575758 779.7575757575758 672.0 784.0 889.0 847.0 931.0 910.0 854.0 875.0 889.0 889.0 875.0 779.7575757575758 779.7575757575758 779.7575757575758 779.7575757575758 779.7575757575758 779.7575757575758 779.7575757575758 779.7575757575758 779.7575757575758 779.7575757575758 779.7575757575758 779.7575757575758 779.7575757575758 779.7575757575758 779.7575757575758 779.7575757575758 779.7575757575758 779.7575757575758 779.7575757575758 630.0 749.0 819.0 854.0 784.0 707.0 707.0 770.0 791.0 721.0 707.0 700.0 707.0 721.0 735.0 714.0 770.0 749.0 742.0 777.0 784.0 679.0 779.7575757575758 779.7575757575758 779.7575757575758 779.7575757575758 779.7575757575758
80.73333333333335 80.73333333333335 80.73333333333335 80.73333333333335 69.3 90.30000000000001 84.0 89.6 88.19999999999999 93.1 84.0 91.0 99.4 98.69999999999999 90.3 80.73333333333335 80.73333333333335 80.73333333333335 80.73333333333335 80.73333333333335 80.73333333333335 80.73333333333335 80.73333333333335 80.73333333333335 80.73333333333335 80.73333333333335 80.73333333333335 80.73333333333335 80.73333333333335 80.73333333333335 80.73333333333335 80.73333333333335 80.73333333333335 80.73333333333335 48.300000000000004 70.0 78.4 76.30000000000001 76.30000000000001 79.80000000000001 79.1 81.9 83.30000000000001 88.19999999999999 90.30000000000001 93.1 86.80000000000001 81.9 77.69999999999999 76.30000000000001 76.30000000000001 72.1 69.3 67.9 67.9 65.1 80.73333333333335 80.73333333333335 80.73333333333335 80.73333333333335 80.73333333333335
10.775757575757575 10.775757575757575 10.775757575757575 10.775757575757575 8.4 9.8 9.1 9.1 9.8 9.1 9.8 10.5 10.5 9.8 11.2 10.775757575757575 10.775757575757575 10.775757575757575 10.775757575757575 10.775757575757575 10.775757575757575 10.775757575757575 10.775757575757575 10.775757575757575 10.775757575757575 10.775757575757575 10.775757575757575 10.775757575757575 10.775757575757575 10.775757575757575 10.775757575757575 10.775757575757575 10.775757575757575 10.775757575757575 8.4 7.0 6.300000000000001 8.4 7.699999999999999 9.8 10.5 9.8 13.3 14.0 14.700000000000001 13.3 13.3 14.0 13.3 11.899999999999999 11.899999999999999 13.3 13.3 11.899999999999999 11.2 11.2 10.775757575757575 10.775757575757575 10.775757575757575 10.775757575757575 10.775757575757575
2.545454545454545 2.545454545454545 2.545454545454545 2.545454545454545 2.8 1.4 2.8 2.1 2.8 2.1 2.8 1.4 1.4 2.1 2.1 2.545454545454545 2.545454545454545 2.545454545454545 2.545454545454545 2.545454545454545 2.545454545454545 2.545454545454545 2.545454545454545 2.545454545454545 2.545454545454545 2.545454545454545 2.545454545454545 2.545454545454545 2.545454545454545 2.545454545454545 2.545454545454545 2.545454545454545 2.545454545454545 2.545454545454545 2.8000000000000003 2.8 2.8 2.1 2.8 1.4 2.8 2.1 2.8 1.4 2.1 2.8 2.1 4.2 2.8 2.8 4.2 2.8 2.8 4.2 2.8 2.8 2.545454545454545 2.545454545454545 2.545454545454545 2.545454545454545 2.545454545454545
8.515433299825174 8.515433299825174 8.515433299825174 8.515433299825174 7.257295057471263 8.224153103448275 7.957213879310345 9.107652586206896 10.898158620689653 9.79134025862069 10.502534310344826 10.148651896551725 9.789487068965517 8.296912758620689 8.891918017241379 8.627645 8.745417241379311 8.51706224137931 7.8373718965517245 7.808273706896552 7.546136159874608 8.656057586206897 8.727603793103448 8.059026724137931 7.842738045977012 7.557325517241379 7.111765344827586 9.511513793103449 9.424584310344828 8.996638620689655 9.95057224137931 9.591614655172414 7.811086206896552 8.024766408045977 11.625719885057473 12.735295172413792 7.506785172413793 8.652446896551725 7.907583275862069 7.697670517241379 7.298581034482758 7.3964303448275865 7.319079137931034 7.599483448275862 7.496564137931035 7.667958103448276 6.675897586206896 7.165412586206896 7.145064137931034 7.2107406896551725 8.791512931034482 8.075853448275861 8.820270689655173 8.82741724137931 10.157948103448275 7.8163 8.515433299825174 8.515433299825174 8.515433299825174 8.515433299825174 8.515433299825174
700.0 700.0 700.0 700.0 700.0 700.0 700.0 700.0 700.0 700.0 700.0 700.0 700.0 700.0 700.0 700.0 700.0 700.0 700.0 700.0 700.0 700.0 700.0 700.0 700.0 700.0 700.0 700.0 700.0 700.0 700.0 700.0 700.0 700.0 700.0 700.0 700.0 700.0 700.0 700.0 700.0 700.0 700.0 700.0 700.0 700.0 700.0 700.0 700.0 700.0 700.0 700.0 700.0 700.0 700.0 700.0 700.0 700.0 700.0 700.0 700.0

u
70.176 70.176 93.024 93.024 70.176 70.176 0.0 0.0
0.0 39.949999999999996 93.5 25.5 25.5 0.0 0.0 0.0
0.0 0.0 54.315 72.675 69.61500000000001 0.0 0.0 0.0
0.0 0.0 137.7 0.0 0.0 0.0 0.0 0.0
0.0 0.0 45.9 45.05 45.05 0.0 0.0 0.0
0.0 0.0 119.952 53.856 53.856 35.904 0.0 0.0
0.0 0.0 68.81599999999999 0.0 0.0 0.0 0.0 0.0
31.45 31.45 41.65 31.45 31.45 29.75 0.0 0.0
0.0 14.79 40.8 14.79 12.75 11.219999999999999 0.0 0.0
0.0 0.0 32.129999999999995 37.23 0.0 0.0 0.0 0.0
0.0 0.0 5.95 5.95 5.95 0.0 0.0 0.0
0.0 0.0 26.86 13.6 13.6 0.0 0.0 0.0
0.0 0.0 42.839999999999996 57.12 42.839999999999996 0.0 0.0 0.0
0.0 0.0 0.0 0.0 0.0 0.0 0.0 0.0
54.145 54.145 71.638 54.145 54.145 50.813 0.0 0.0
0.0 37.485 66.64 25.822999999999997 25.822999999999997 0.0 0.0 0.0
0.0 0.0 0.0 0.0 0.0 0.0 0.0 0.0
0.0 0.0 0.0 0.0 0.0 0.0 0.0 0.0
0.0 0.0 0.0 0.0 0.0 0.0 0.0 0.0
17.34 17.34 11.219999999999999 0.0 0.0 0.0 0.0 0.0
0.0 0.0 10.2 10.2 10.2 0.0 0.0 0.0
0.0 0.0 0.0 0.0 0.0 0.0 0.0 0.0
0.0 0.0 0.0 0.0 0.0 0.0 0.0 0.0
0.0 0.0 0.0 0.0 0.0 0.0 0.0 0.0
0.0 0.0 25.5 17.0 0.0 0.0 0.0 0.0
0.0 0.0 121.125 104.975 96.89999999999999 0.0 0.0 0.0
0.0 0.0 80.75 40.375 40.375 0.0 0.0 0.0
0.0 0.0 56.525 56.525 48.449999999999996 0.0 0.0 0.0
0.0 0.0 0.0 0.0 0.0 0.0 0.0 0.0
0.0 0.0 0.0 0.0 0.0 0.0 0.0 0.0
0.0 0.0 0.0 0.0 0.0 0.0 0.0 0.0
0.0 0.0 0.0 0.0 0.0 0.0 0.0 0.0
0.0 0.0 0.0 0.0 0.0 0.0 0.0 0.0
0.0 0.0 0.0 0.0 0.0 0.0 0.0 0.0
0.0 0.0 0.0 0.0 0.0 0.0 0.0 0.0
0.0 0.0 0.0 0.0 0.0 0.0 0.0 0.0
0.0 0.0 90.35499999999999 90.35499999999999 90.35499999999999 0.0 0.0 0.0
2.924 2.924 3.8759999999999994 3.8759999999999994 2.924 2.924 0.0 0.0
0.0 0.0 0.0 0.0 0.0 0.0 0.0 0.0
0.0 0.0 6.034999999999999 8.075 7.734999999999999 0.0 0.0 0.0
0.0 0.0 15.299999999999999 0.0 0.0 0.0 0.0 0.0
0.0 0.0 0.0 0.0 0.0 0.0 0.0 0.0
0.0 0.0 4.998 2.244 2.244 1.496 0.0 0.0
0.0 0.0 5.984 0.0 0.0 0.0 0.0 0.0
31.45 31.45 41.65 31.45 31.45 29.75 0.0 0.0
0.0 9.86 27.2 9.86 8.5 7.48 0.0 0.0
0.0 0.0 21.419999999999998 24.82 0.0 0.0 0.0 0.0
0.0 0.0 23.8 23.8 23.8 0.0 0.0 0.0
0.0 0.0 40.29 20.4 20.4 0.0 0.0 0.0
0.0 0.0 18.36 24.48 18.36 0.0 0.0 0.0
0.0 0.0 0.0 0.0 0.0 0.0 0.0 0.0
1.105 1.105 1.462 1.105 1.105 1.037 0.0 0.0
0.0 0.765 1.36 0.527 0.527 0.0 0.0 0.0
0.0 0.0 0.0 0.0 0.0 0.0 0.0 0.0
0.0 0.0 0.0 0.0 0.0 0.0 0.0 0.0
0.0 0.0 0.0 0.0 0.0 0.0 0.0 0.0
0.0 0.0 0.0 0.0 0.0 0.0 0.0 0.0
0.0 0.0 0.0 0.0 0.0 0.0 0.0 0.0
0.0 0.0 0.0 0.0 0.0 0.0 0.0 0.0
0.0 0.0 0.0 0.0 0.0 0.0 0.0 0.0
0.0 0.0 0.0 0.0 0.0 0.0 0.0 0.0
0.0 0.0 0.0 0.0 0.0 0.0 0.0 0.0
0.0 0.0 6.375 5.5249999999999995 5.1 0.0 0.0 0.0
0.0 0.0 4.25 2.125 2.125 0.0 0.0 0.0
0.0 0.0 2.975 2.975 2.55 0.0 0.0 0.0
0.0 0.0 0.0 0.0 0.0 0.0 0.0 0.0
0.0 0.0 0.0 0.0 0.0 0.0 0.0 0.0
0.0 0.0 0.0 0.0 0.0 0.0 0.0 0.0
0.0 0.0 0.0 0.0 0.0 0.0 0.0 0.0
0.0 0.0 0.0 0.0 0.0 0.0 0.0 0.0
0.0 0.0 0.0 0.0 0.0 0.0 0.0 0.0
0.0 0.0 0.0 0.0 0.0 0.0 0.0 0.0
0.0 0.0 0.0 0.0 0.0 0.0 0.0 0.0
0.0 0.0 15.98 15.98 15.98 0.0 0.0 0.0
0.0 0.0 0.0 0.0 0.0 0.0 0.0 0.0
0.0 0.0 0.0 0.0 0.0 0.0 0.0 0.0
0.0 0.0 0.0 0.0 0.0 0.0 0.0 0.0
0.0 0.0 0.0 0.0 0.0 0.0 0.0 0.0
0.0 0.0 0.0 0.0 0.0 0.0 0.0 0.0
0.0 0.0 0.0 0.0 0.0 0.0 0.0 0.0
0.0 0.0 0.0 0.0 0.0 0.0 0.0 0.0
0.0 0.0 0.0 0.0 0.0 0.0 0.0 0.0
0.0 0.0 0.0 0.0 0.0 0.0 0.0 0.0
0.0 0.0 0.0 0.0 0.0 0.0 0.0 0.0
0.0 0.0 0.0 0.0 0.0 0.0 0.0 0.0
0.0 0.0 0.0 0.0 0.0 0.0 0.0 0.0
0.0 0.0 0.0 0.0 0.0 0.0 0.0 0.0
0.0 0.0 0.0 0.0 0.0 0.0 0.0 0.0
0.0 0.0 0.0 0.0 0.0 0.0 0.0 0.0
0.0 0.0 0.0 0.0 0.0 0.0 0.0 0.0
0.0 0.0 0.0 0.0 0.0 0.0 0.0 0.0
0.0 10.77375 10.77375 10.77375 10.77375 0.0 0.0 0.0
0.0 0.0 5.95 5.95 5.95 0.0 0.0 0.0
21.19333333333333 21.19333333333333 13.713333333333333 0.0 0.0 0.0 0.0 0.0
0.0 0.0 12.466666666666665 12.466666666666665 12.466666666666665 0.0 0.0 0.0
0.0 0.0 0.0 0.0 0.0 0.0 0.0 0.0
0.0 0.0 0.0 0.0 0.0 0.0 0.0 0.0
0.0 0.0 0.0 0.0 0.0 0.0 0.0 0.0
0.0 0.0 0.0 0.0 0.0 0.0 0.0 0.0
0.0 0.0 0.0 0.0 0.0 0.0 0.0 0.0
0.0 0.0 0.0 0.0 0.0 0.0 0.0 0.0
0.0 0.0 0.0 0.0 0.0 0.0 0.0 0.0
0.0 0.0 0.0 0.0 0.0 0.0 0.0 0.0
0.0 0.0 0.0 0.0 0.0 0.0 0.0 0.0
0.0 0.0 0.0 0.0 0.0 0.0 0.0 0.0
0.0 0.0 0.0 0.0 0.0 0.0 0.0 0.0
0.0 0.0 0.0 0.0 0.0 0.0 0.0 0.0
0.0 0.0 0.0 0.0 0.0 0.0 0.0 0.0
0.0 0.0 0.0 0.0 0.0 0.0 0.0 0.0
0.0 0.0 0.0 0.0 0.0 0.0 0.0 0.0
0.0 0.0 0.0 0.0 0.0 0.0 0.0 0.0
0.5355 0.5355 0.714 0.714 0.5355 0.5355 0.0 0.0
0.0 0.714 0.425 0.28900000000000003 0.28900000000000003 0.0 0.0 0.0
0.0 0.0 2.8475 3.57 2.8475 0.0 0.0 0.0
0.0 0.0 2.55 0.0 0.0 0.0 0.0 0.0
0.0 0.0 0.0 0.0 0.0 0.0 0.0 0.0
0.0 0.0 2.176 1.088 1.088 1.088 0.0 0.0
0.0 0.0 0.0 0.0 0.0 0.0 0.0 0.0
1.2495 1.2495 1.6064999999999998 1.2495 1.2495 1.1305 0.0 0.0
0.0 1.785 2.856 1.666 1.428 0.0 0.0 0.0
0.0 0.0 2.5245 3.2895 0.0 0.0 0.0 0.0
0.0 0.0 0.0 0.0 0.0 0.0 0.0 0.0
0.0 0.0 1.4024999999999999 1.02 1.02 0.0 0.0 0.0
0.0 0.0 0.3145 0.425 0.3145 0.0 0.0 0.0
0.0 0.0 0.0 0.0 0.0 0.0 0.0 0.0
0.0 0.0 0.0 0.0 0.0 0.0 0.0 0.0
0.0 0.0 0.0 0.0 0.0 0.0 0.0 0.0
0.0 0.0 0.0 0.0 0.0 0.0 0.0 0.0
0.0 0.0 0.0 0.0 0.0 0.0 0.0 0.0
0.0 0.0 0.0 0.0 0.0 0.0 0.0 0.0
0.0 0.0 0.0 0.0 0.0 0.0 0.0 0.0
0.0 0.0 0.0 0.0 0.0 0.0 0.0 0.0
0.0 0.0 0.0 0.0 0.0 0.0 0.0 0.0
0.0 0.0 0.0 0.0 0.0 0.0 0.0 0.0
0.0 0.0 0.0 0.0 0.0 0.0 0.0 0.0
0.0 0.0 0.0 0.0 0.0 0.0 0.0 0.0
0.0 0.0 0.0 0.0 0.0 0.0 0.0 0.0
0.0 0.0 1.02 2.04 2.04 0.0 0.0 0.0
0.0 0.0 0.0 0.0 0.0 0.0 0.0 0.0
0.0 0.0 0.0 0.0 0.0 0.0 0.0 0.0
0.0 5.0575 5.0575 0.0 0.0 0.0 0.0 0.0
0.0 0.0 0.0 0.0 0.0 0.0 0.0 0.0
0.0 0.0 0.0 0.0 0.0 0.0 0.0 0.0
0.0 0.0 0.0 0.0 0.0 0.0 0.0 0.0
0.0 0.0 0.0 0.0 0.0 0.0 0.0 0.0
0.0 0.0 0.0 0.0 0.0 0.0 0.0 0.0
0.0 0.0 0.0 0.0 0.0 0.0 0.0 0.0
0.0 0.0 5.95 5.95 5.95 0.0 0.0 0.0
0.1785 0.1785 0.23800000000000002 0.23800000000000002 0.1785 0.1785 0.0 0.0
0.0 0.0 0.0 0.0 0.0 0.0 0.0 0.0
0.0 0.0 2.278 2.856 2.278 0.0 0.0 0.0
0.0 0.0 2.04 0.0 0.0 0.0 0.0 0.0
0.0 0.0 0.0 0.0 0.0 0.0 0.0 0.0
0.0 0.0 1.088 0.544 0.544 0.544 0.0 0.0
0.0 0.0 0.0 0.0 0.0 0.0 0.0 0.0
0.5355 0.5355 0.6885 0.5355 0.5355 0.48449999999999993 0.0 0.0
0.0 0.255 0.408 0.23800000000000002 0.204 0.0 0.0 0.0
0.0 0.0 0.8415 1.0965 0.0 0.0 0.0 0.0
0.0 0.0 0.0 0.0 0.0 0.0 0.0 0.0
0.0 0.0 0.561 0.408 0.408 0.0 0.0 0.0
0.0 0.0 0.0 0.0 0.0 0.0 0.0 0.0
0.0 0.0 0.0 0.0 0.0 0.0 0.0 0.0
0.0 0.0 0.0 0.0 0.0 0.0 0.0 0.0
0.0 0.0 0.0 0.0 0.0 0.0 0.0 0.0
0.0 0.0 0.0 0.0 0.0 0.0 0.0 0.0
0.0 0.0 0.0 0.0 0.0 0.0 0.0 0.0
0.0 0.0 0.0 0.0 0.0 0.0 0.0 0.0
0.0 0.0 0.0 0.0 0.0 0.0 0.0 0.0
0.0 0.0 0.0 0.0 0.0 0.0 0.0 0.0
0.0 0.0 0.0 0.0 0.0 0.0 0.0 0.0
0.0 0.0 0.0 0.0 0.0 0.0 0.0 0.0
0.0 0.0 0.0 0.0 0.0 0.0 0.0 0.0
0.0 0.0 0.0 0.0 0.0 0.0 0.0 0.0
0.0 0.0 0.0 0.0 0.0 0.0 0.0 0.0
0.0 0.0 0.0 0.0 0.0 0.0 0.0 0.0
0.0 0.0 0.0 0.0 0.0 0.0 0.0 0.0
0.0 0.0 0.0 0.0 0.0 0.0 0.0 0.0
0.0 0.2975 0.2975 0.0 0.0 0.0 0.0 0.0
0.0 0.0 2.55 2.55 2.55 0.0 0.0 0.0
0.0 0.0 0.0 0.0 0.0 0.0 0.0 0.0
0.0 0.0 0.0 0.0 0.0 0.0 0.0 0.0
0.0 0.0 0.0 0.0 0.0 0.0 0.0 0.0
0.0 0.0 0.0 0.0 0.0 0.0 0.0 0.0
0.0 0.0 0.0 0.0 0.0 0.0 0.0 0.0
0.0 0.0 1.7 1.7 1.7 0.0 0.0 0.0
3.3915 3.3915 4.522 4.522 3.3915 3.3915 0.0 0.0
0.0 6.069 3.6125 2.4565 2.4565 0.0 0.0 0.0
0.0 0.0 6.2645 7.854 6.2645 0.0 0.0 0.0
0.0 0.0 5.609999999999999 0.0 0.0 0.0 0.0 0.0
0.0 0.0 0.0 0.0 0.0 0.0 0.0 0.0
0.0 0.0 0.0 0.0 0.0 0.0 0.0 0.0
0.0 0.0 0.0 0.0 0.0 0.0 0.0 0.0
0.0 0.0 0.0 0.0 0.0 0.0 0.0 0.0
0.0 0.0 0.0 0.0 0.0 0.0 0.0 0.0
0.0 0.0 22.1595 28.874499999999998 0.0 0.0 0.0 0.0
0.0 0.0 0.0 0.0 0.0 0.0 0.0 0.0
0.0 0.0 0.0 0.0 0.0 0.0 0.0 0.0
0.0 0.0 11.007499999999999 14.875 11.007499999999999 0.0 0.0 0.0
0.0 0.0 0.0 0.0 0.0 0.0 0.0 0.0
11.219999999999999 11.219999999999999 14.62 11.219999999999999 11.219999999999999 10.54 0.0 0.0
0.0 34.0 42.5 31.875 19.125 0.0 0.0 0.0
0.0 0.0 21.9725 55.165000000000006 33.192499999999995 0.0 0.0 0.0
0.0 0.0 0.0 0.0 0.0 0.0 0.0 0.0
0.0 0.0 0.0 0.0 0.0 0.0 0.0 0.0
0.0 0.0 0.0 0.0 0.0 0.0 0.0 0.0
0.0 0.0 0.0 0.0 0.0 0.0 0.0 0.0
0.0 0.0 0.0 0.0 0.0 0.0 0.0 0.0
0.0 0.0 0.0 0.0 0.0 0.0 0.0 0.0
0.0 0.0 0.0 0.0 0.0 0.0 0.0 0.0
0.0 0.0 0.0 0.0 0.0 0.0 0.0 0.0
0.0 0.0 0.0 0.0 0.0 0.0 0.0 0.0
0.0 0.0 8.924999999999999 17.849999999999998 17.849999999999998 0.0 0.0 0.0
0.0 0.0 0.0 0.0 0.0 0.0 0.0 0.0
0.0 0.0 28.05 65.45 0.0 0.0 0.0 0.0
0.0 0.0 0.0 0.0 0.0 0.0 0.0 0.0
0.0 0.0 0.0 0.0 0.0 0.0 0.0 0.0
0.0 27.999999999999996 20.0 20.0 0.0 0.0 0.0 0.0
0.0 0.0 0.0 0.0 0.0 0.0 0.0 0.0
0.0 0.0 0.0 0.0 0.0 0.0 0.0 0.0
0.0 0.0 0.0 0.0 0.0 0.0 0.0 0.0
0.0 0.0 0.0 0.0 0.0 0.0 0.0 0.0
0.0 0.0 22.95 22.95 22.95 0.0 0.0 0.0
12.6735 12.6735 16.898 16.898 12.6735 12.6735 0.0 0.0
0.0 26.775 15.9375 10.8375 10.8375 0.0 0.0 0.0
0.0 0.0 43.8515 54.978 43.8515 0.0 0.0 0.0
0.0 0.0 39.27 0.0 0.0 0.0 0.0 0.0
0.0 0.0 0.0 0.0 0.0 0.0 0.0 0.0
0.0 0.0 48.416 24.208 24.208 24.208 0.0 0.0
0.0 0.0 0.0 0.0 0.0 0.0 0.0 0.0
14.4585 14.4585 18.5895 14.4585 14.4585 13.0815 0.0 0.0
0.0 20.655 33.048 19.278 16.524 0.0 0.0 0.0
0.0 0.0 1.683 2.193 0.0 0.0 0.0 0.0
0.0 0.0 0.0 0.0 0.0 0.0 0.0 0.0
0.0 0.0 22.7205 16.524 16.524 0.0 0.0 0.0
0.0 0.0 19.1845 25.925 19.1845 0.0 0.0 0.0
0.0 0.0 0.0 0.0 0.0 0.0 0.0 0.0
13.7445 13.7445 17.9095 13.7445 13.7445 12.911499999999998 0.0 0.0
0.0 29.24 36.55 27.412499999999998 16.4475 0.0 0.0 0.0
0.0 0.0 14.382000000000001 36.108 21.726 0.0 0.0 0.0
0.0 0.0 0.0 0.0 0.0 0.0 0.0 0.0
0.0 0.0 0.0 0.0 0.0 0.0 0.0 0.0
0.0 0.0 0.0 0.0 0.0 0.0 0.0 0.0
0.0 0.0 0.0 0.0 0.0 0.0 0.0 0.0
0.0 0.0 0.0 0.0 0.0 0.0 0.0 0.0
0.0 0.0 0.0 0.0 0.0 0.0 0.0 0.0
0.0 0.0 0.0 0.0 0.0 0.0 0.0 0.0
0.0 0.0 0.0 0.0 0.0 0.0 0.0 0.0
0.0 0.0 0.0 0.0 0.0 0.0 0.0 0.0
0.0 0.0 13.515 27.03 27.03 0.0 0.0 0.0
0.0 0.0 0.0 0.0 0.0 0.0 0.0 0.0
0.0 0.0 18.36 42.839999999999996 0.0 0.0 0.0 0.0
0.0 0.0 0.0 0.0 0.0 0.0 0.0 0.0
0.0 0.0 0.0 0.0 0.0 0.0 0.0 0.0
0.0 0.0 0.0 0.0 0.0 0.0 0.0 0.0
0.0 66.9375 52.0625 0.0 0.0 0.0 0.0 0.0
0.0 0.0 0.0 0.0 0.0 0.0 0.0 0.0
0.0 0.0 0.0 0.0 0.0 0.0 0.0 0.0
0.0 0.0 0.0 0.0 0.0 0.0 0.0 0.0
0.0 0.0 44.199999999999996 44.199999999999996 44.199999999999996 0.0 0.0 0.0
0.5355 0.5355 0.714 0.714 0.5355 0.5355 0.0 0.0
0.0 0.0 0.0 0.0 0.0 0.0 0.0 0.0
0.0 0.0 1.7084999999999997 2.142 1.7084999999999997 0.0 0.0 0.0
0.0 0.0 1.53 0.0 0.0 0.0 0.0 0.0
0.0 0.0 0.0 0.0 0.0 0.0 0.0 0.0
0.0 0.0 2.72 1.36 1.36 1.36 0.0 0.0
0.0 0.0 0.0 0.0 0.0 0.0 0.0 0.0
0.714 0.714 0.918 0.714 0.714 0.646 0.0 0.0
0.0 2.04 3.264 1.9040000000000001 1.632 0.0 0.0 0.0
0.0 0.0 0.8415 1.0965 0.0 0.0 0.0 0.0
0.0 0.0 0.0 0.0 0.0 0.0 0.0 0.0
0.0 0.0 2.5245 1.836 1.836 0.0 0.0 0.0
0.0 0.0 0.0 0.0 0.0 0.0 0.0 0.0
0.0 0.0 0.0 0.0 0.0 0.0 0.0 0.0
0.0 0.0 0.0 0.0 0.0 0.0 0.0 0.0
0.0 0.0 0.0 0.0 0.0 0.0 0.0 0.0
0.0 0.0 0.0 0.0 0.0 0.0 0.0 0.0
0.0 0.0 0.0 0.0 0.0 0.0 0.0 0.0
0.0 0.0 0.0 0.0 0.0 0.0 0.0 0.0
0.0 0.0 0.0 0.0 0.0 0.0 0.0 0.0
0.0 0.0 0.0 0.0 0.0 0.0 0.0 0.0
0.0 0.0 0.0 0.0 0.0 0.0 0.0 0.0
0.0 0.0 0.0 0.0 0.0 0.0 0.0 0.0
0.0 0.0 0.0 0.0 0.0 0.0 0.0 0.0
0.0 0.0 0.0 0.0 0.0 0.0 0.0 0.0
0.0 0.0 0.0 0.0 0.0 0.0 0.0 0.0
0.0 0.0 0.0 0.0 0.0 0.0 0.0 0.0
0.0 0.0 0.0 0.0 0.0 0.0 0.0 0.0
0.0 0.0 0.0 0.0 0.0 0.0 0.0 0.0
0.0 0.595 0.595 0.0 0.0 0.0 0.0 0.0
0.0 0.0 0.0 0.0 0.0 0.0 0.0 0.0
0.0 0.0 0.0 0.0 0.0 0.0 0.0 0.0
0.0 0.0 0.0 0.0 0.0 0.0 0.0 0.0
0.0 0.0 3.173333333333333 2.776666666666667 0.0 0.0 0.0 0.0
0.0 0.0 0.0 0.0 0.0 0.0 0.0 0.0
0.0 0.0 0.0 0.0 0.0 0.0 0.0 0.0
0.0 0.0 6.8 6.8 6.8 0.0 0.0 0.0
0.0 0.0 0.0 0.0 0.0 0.0 0.0 0.0
0.0 1.071 0.6375 0.4335 0.4335 0.0 0.0 0.0
0.0 0.0 0.0 0.0 0.0 0.0 0.0 0.0
0.0 0.0 0.0 0.0 0.0 0.0 0.0 0.0
0.0 0.0 0.0 0.0 0.0 0.0 0.0 0.0
0.0 0.0 0.0 0.0 0.0 0.0 0.0 0.0
0.0 0.0 0.0 0.0 0.0 0.0 0.0 0.0
0.8925 0.8925 1.1475 0.8925 0.8925 0.8075 0.0 0.0
0.0 0.0 0.0 0.0 0.0 0.0 0.0 0.0
0.0 0.0 0.0 0.0 0.0 0.0 0.0 0.0
0.0 0.0 0.0 0.0 0.0 0.0 0.0 0.0
0.0 0.0 0.0 0.0 0.0 0.0 0.0 0.0
0.0 0.0 0.0 0.0 0.0 0.0 0.0 0.0
0.0 0.0 0.0 0.0 0.0 0.0 0.0 0.0
3.0854999999999997 3.0854999999999997 4.0205 3.0854999999999997 3.0854999999999997 2.8985 0.0 0.0
0.0 4.76 5.95 4.4624999999999995 2.6774999999999998 0.0 0.0 0.0
0.0 0.0 3.5955000000000004 9.027 5.4315 0.0 0.0 0.0
0.0 0.0 0.0 0.0 0.0 0.0 0.0 0.0
0.0 0.0 0.0 0.0 0.0 0.0 0.0 0.0
0.0 0.0 0.0 0.0 0.0 0.0 0.0 0.0
0.0 0.0 0.0 0.0 0.0 0.0 0.0 0.0
0.0 0.0 0.0 0.0 0.0 0.0 0.0 0.0
0.0 0.0 0.0 0.0 0.0 0.0 0.0 0.0
0.0 0.0 0.0 0.0 0.0 0.0 0.0 0.0
0.0 0.0 0.0 0.0 0.0 0.0 0.0 0.0
0.0 0.0 0.0 0.0 0.0 0.0 0.0 0.0
0.0 0.0 2.04 4.08 4.08 0.0 0.0 0.0
0.0 0.0 0.0 0.0 0.0 0.0 0.0 0.0
0.0 0.0 4.59 10.709999999999999 0.0 0.0 0.0 0.0
0.0 0.0 0.0 0.0 0.0 0.0 0.0 0.0
0.0 0.0 0.0 0.0 0.0 0.0 0.0 0.0
0.0 0.0 0.0 0.0 0.0 0.0 0.0 0.0
0.0 0.0 0.0 0.0 0.0 0.0 0.0 0.0
0.0 0.0 0.0 0.0 0.0 0.0 0.0 0.0
0.0 0.0 2.72 2.38 0.0 0.0 0.0 0.0
0.0 0.0 0.0 0.0 0.0 0.0 0.0 0.0
0.0 0.0 1.7 1.7 1.7 0.0 0.0 0.0
0.5355 0.5355 0.714 0.714 0.5355 0.5355 0.0 0.0
0.0 1.071 0.6375 0.4335 0.4335 0.0 0.0 0.0
0.0 0.0 0.0 0.0 0.0 0.0 0.0 0.0
0.0 0.0 0.0 0.0 0.0 0.0 0.0 0.0
0.0 0.0 0.0 0.0 0.0 0.0 0.0 0.0
0.0 0.0 0.0 0.0 0.0 0.0 0.0 0.0
0.0 0.0 0.0 0.0 0.0 0.0 0.0 0.0
0.0 0.0 0.0 0.0 0.0 0.0 0.0 0.0
0.0 0.765 1.224 0.714 0.612 0.0 0.0 0.0
0.0 0.0 0.0 0.0 0.0 0.0 0.0 0.0
0.0 0.0 0.0 0.0 0.0 0.0 0.0 0.0
0.0 0.0 0.8415 0.612 0.612 0.0 0.0 0.0
0.0 0.0 0.9435 1.275 0.9435 0.0 0.0 0.0
0.0 0.0 0.0 0.0 0.0 0.0 0.0 0.0
0.0 0.0 0.0 0.0 0.0 0.0 0.0 0.0
0.0 0.0 0.0 0.0 0.0 0.0 0.0 0.0
0.0 0.0 0.0 0.0 0.0 0.0 0.0 0.0
0.0 0.0 0.0 0.0 0.0 0.0 0.0 0.0
0.0 0.0 0.0 0.0 0.0 0.0 0.0 0.0
0.0 0.0 0.0 0.0 0.0 0.0 0.0 0.0
0.0 0.0 0.0 0.0 0.0 0.0 0.0 0.0
0.0 0.0 0.0 0.0 0.0 0.0 0.0 0.0
0.0 0.0 0.0 0.0 0.0 0.0 0.0 0.0
0.0 0.0 0.0 0.0 0.0 0.0 0.0 0.0
0.0 0.0 0.0 0.0 0.0 0.0 0.0 0.0
0.0 0.0 0.0 0.0 0.0 0.0 0.0 0.0
0.0 0.0 0.0 0.0 0.0 0.0 0.0 0.0
0.0 0.0 0.0 0.0 0.0 0.0 0.0 0.0
0.0 0.0 0.0 0.0 0.0 0.0 0.0 0.0
0.0 0.0 0.0 0.0 0.0 0.0 0.0 0.0
0.0 0.0 0.0 0.0 0.0 0.0 0.0 0.0
0.0 0.0 0.0 0.0 0.0 0.0 0.0 0.0
0.0 0.0 0.0 0.0 0.0 0.0 0.0 0.0
0.0 0.0 0.0 0.0 0.0 0.0 0.0 0.0
0.0 0.0 0.0 0.0 0.0 0.0 0.0 0.0
0.0 0.0 1.7 1.7 0.0 0.0 0.0 0.0
0.0 0.0 1.7 1.7 1.7 0.0 0.0 0.0
0.0 0.0 0.43525862068965515 0.4396551724137931 0.4396551724137931 0.0 0.0 0.0
0.0 0.0 0.30775862068965515 0.30775862068965515 0.30775862068965515 0.0 0.0 0.0
0.0 0.0 0.2931034482758621 0.2931034482758621 0.0 0.0 0.0 0.0
0.0 0.0 0.2931034482758621 0.2931034482758621 0.0 0.0 0.0 0.0
0.0 0.0 0.2931034482758621 0.2931034482758621 0.2931034482758621 0.0 0.0 0.0
0.0 0.0 0.0 0.0 0.0 0.0 0.0 0.0
0.0 0.0 0.0 0.0 0.0 0.0 0.0 0.0
0.0 0.0 0.2931034482758621 0.2931034482758621 0.0 0.0 0.0 0.0
0.0 0.0 0.3385344827586207 0.2931034482758621 0.2931034482758621 0.0 0.0 0.0
0.0 0.0 0.2931034482758621 0.2931034482758621 0.0 0.0 0.0 0.2931034482758621
0.0 0.0 0.2931034482758621 0.2931034482758621 0.2931034482758621 0.0 0.0 0.0
0.0 0.0 0.0 0.0 0.0 0.0 0.0 0.0
0.0 0.0 0.2931034482758621 0.2931034482758621 0.0 0.0 0.0 0.2931034482758621
0.0 0.0 0.0 0.0 0.0 0.0 0.0 0.0
0.0 0.0 0.2872413793103448 0.2872413793103448 0.29017241379310343 0.0 0.0 0.2931034482758621
0.0 0.0 0.0 0.2872413793103448 0.29017241379310343 0.0 0.0 0.2931034482758621
0.0 0.0 0.0 0.2931034482758621 0.2931034482758621 0.0 0.0 0.2931034482758621
0.0 0.0 0.0 0.0 0.0 0.0 0.0 0.0
0.0 0.0 0.0 0.0 0.0 0.0 0.0 0.0
0.0 0.0 1.4655172413793104e-7 0.0 0.0 0.0 0.0 0.0
0.0 0.0 0.0 0.0 0.0 0.0 0.0 0.0
0.0 0.0 0.0 0.0 0.0 0.0 0.0 0.0
0.0 0.0 0.0 0.0 0.0 0.0 0.0 0.0
0.0 0.0 0.0 0.0 0.0 0.0 0.0 0.0
0.0 0.0 0.0 0.0 0.0 0.0 0.0 0.0
0.0 0.0 0.0 0.0 0.0 0.0 0.0 0.0
0.0 0.0 1.4655172413793104e-7 1.4655172413793104e-7 1.4655172413793104e-7 0.0 0.0 0.0
0.0 0.0 1.4655172413793104e-7 1.4655172413793104e-7 1.4655172413793104e-7 0.0 0.0 0.0
0.0 0.0 0.2872413793103448 0.2872413793103448 0.0 0.0 0.0 0.2931034482758621
0.0 0.30852994555353896 0.2776769509981851 0.0 0.0 0.0 0.0 0.0
0.0 0.0 0.0 0.0 0.0 0.0 0.0 0.0
0.0 0.0 0.12212643678160921 0.09770114942528735 0.0 0.0 0.0 0.0
0.0 0.2931034482758621 0.2931034482758621 0.0 0.0 0.0 0.0 0.0
0.0 0.0 0.0 0.0 0.0 0.0 0.0 0.0
0.0 0.0 0.21982758620689655 0.21982758620689655 0.0 0.0 0.0 0.0
0.0 0.0 0.2931034482758621 0.2931034482758621 0.0 0.0 0.0 0.0
0.0 0.0 0.2931034482758621 0.2931034482758621 0.2931034482758621 0.0 0.0 0.0
0.0 0.85 1.7 1.7 1.7 0.0 0.0 0.0
0.0 0.85 1.7 0.85 0.85 0.0 0.0 0.0
0.0 0.0 1.7 1.7 0.0 0.0 0.0 0.0
0.0 0.0 1.7 0.85 0.0 0.0 0.0 0.0
0.0 0.0 0.85 0.85 0.85 0.0 0.0 0.0
0.0 0.0 1.7 0.85 0.85 0.85 0.85 3.4
0.0 0.0 0.85 0.0 0.0 0.0 0.0 0.0
0.0 0.85 1.7 1.7 0.85 0.0 0.0 0.0
0.0 0.0 0.85 1.7 0.85 0.0 0.0 0.0
0.0 0.0 1.7 0.85 0.85 0.0 0.0 0.85
0.0 0.0 0.85 0.85 0.85 0.0 0.0 0.0
0.0 0.0 0.85 0.85 0.85 0.0 0.0 0.85
0.0 0.0 1.7 1.7 1.7 0.0 0.0 2.55
0.0 0.0 2.55 2.55 2.55 0.0 0.0 2.55
0.0 0.85 1.7 2.55 1.7 0.85 0.85 1.7
0.0 0.85 1.7 1.7 0.85 0.0 0.0 1.7
0.0 0.0 2.55 2.55 1.7 0.0 0.0 1.7
0.0 0.85 1.7 0.85 0.0 0.0 0.0 1.7
0.0 0.0 0.85 0.85 0.85 0.0 0.0 0.0
0.85 1.7 2.55 0.0 0.0 0.0 0.0 0.0
0.0 0.0 1.7 0.85 0.85 0.0 0.0 0.0
0.0 1.7 4.25 5.1 4.25 1.7 1.7 11.049999999999999
0.0 0.0 4.25 3.4 3.4 0.0 0.0 0.0
0.0 0.0 2.55 2.55 2.55 0.0 0.0 0.0
0.0 0.0 4.25 4.25 4.25 0.0 0.0 0.0
0.0 0.0 1.7 1.7 1.7 0.0 0.0 0.0
0.0 0.0 1.7 0.85 0.85 0.0 0.0 0.0
0.0 0.0 0.85 0.85 0.85 0.0 0.0 0.0
0.0 0.0 1.7 0.85 0.0 0.0 0.85 0.85
0.0 0.0 0.0 0.0 0.0 0.0 0.0 0.0
0.0 0.0 0.0 0.0 0.0 0.0 0.0 0.0
0.0 0.0 0.0 0.0 0.0 0.0 0.0 0.0
0.0 0.0 0.0 0.0 0.0 0.0 0.0 0.0
0.0 0.0 0.0 0.0 0.0 0.0 0.0 0.0
0.0 0.0 0.0 0.0 0.0 0.0 0.0 0.0
0.0 0.0 0.0 0.0 0.0 0.0 0.0 0.0
0.0 0.0 0.85 0.85 0.85 0.0 0.0 0.0

L_l
0 0 0 0 0 0 0 0 0 0 0 0 0 0 0 0 0 0 0 0 0 0 0 0 0 0 0 0 0 0 0 0 0 0 0 0 0

L_u
0 0 0 0 0 0 0 0 0 0 0 0 0 0 0 0 0 0 0 0 0 0 0 0 0 0 0 0 0 0 0 0 0 0 0 0 0

penalty_S
0.07692307692307693 0.08333333333333333 0.07692307692307693 0.09090909090909091 0.058823529411764705 0.08333333333333333 0.08333333333333333 0.25 0.5 0.034482758620689655 0.2 0.25 0.08333333333333333 0.09090909090909091 0.14285714285714285 1.0 0.16666666666666666 0.3333333333333333 0.04 0.5 0.08333333333333333 0.16666666666666666 0.25 0.1 0.16666666666666666 0.125 0.1 0.5 0.047619047619047616 0.019230769230769232 0.019230769230769232 0.019230769230769232 0.009615384615384616 0.019230769230769232 0.019230769230769232 0.019230769230769232 0.16666666666666666

F
100.0 100.0 100.0 100.0

aimed g
1 1 1 1 1 1 1 1 1 1 1 1 1 1 1 1 1 1 1 1 1 1 1 1 1 1 1 1 1 1 1 1 2 1 1 1 1

P_names
Flagskib Kernen Perspektiv Perspektiv£(enk.) Reminder Flow-tid Flow-tid£(enk.) Flagskib Kernen Perspektiv Reminder Flow-tid Perspektiv Dilemma Flagskib Kernen Dilemma£-£Stacking Flagskib Reminder Flow-tid Identitet Flagskib Kernen Reminder Identitet Kernen Kernen Identitet Dilemma£-£Binge Kernen Kernen Kernen Kernen Kernen Kernen Kernen Flagskib

C_names
DR1 DR2 Ramasjang P1 P2 P3 P4 P5 P6 P8 Digital SOME

M_names
TV RADIO DIGITAL SOME

BC_names
DR1 DR1 DR1 DR1 DR1 DR1 DR1 DR2 DR2 DR2 DR2 DR2 DR2+ DR2+ DR3 DR3 DR3 Ramasjang Ramasjang Ramasjang Ramasjang Ultra Ultra Ultra Ultra DR DRTV DRTV DR3 P1 P2 P3 P4 P5 P6 P8 DR£Radio

campaign_type
TV TV TV TV TV TV TV TV TV TV TV TV TV TV TV TV TV TV TV TV TV TV TV TV TV TV TV TV TV RADIO RADIO RADIO RADIO RADIO RADIO RADIO RADIO

penalty_g
0.08333333333333333 0.09090909090909091 0.08333333333333333 0.1 0.0625 0.09090909090909091 0.09090909090909091 0.3333333333333333 1.0 0.03571428571428571 0.25 0.3333333333333333 0.09090909090909091 0.1 0.16666666666666666 0.0 0.2 0.5 0.041666666666666664 1.0 0.09090909090909091 0.2 0.3333333333333333 0.1111111111111111 0.2 0.14285714285714285 0.1111111111111111 1.0 0.05 0.0196078431372549 0.0196078431372549 0.0196078431372549 0.00980392156862745 0.0196078431372549 0.0196078431372549 0.0196078431372549 0.2

aimed_L
4.25 4.636363636363637 4.25 5.1 3.1875 4.636363636363637 4.636363636363637 17.0 51.0 1.8214285714285714 12.75 17.0 4.636363636363637 5.1 8.5 0.0 10.2 25.5 2.125 51.0 4.636363636363637 10.2 17.0 5.666666666666667 10.2 7.285714285714286 5.666666666666667 51.0 2.55 1.0 1.0 1.0 0.49514563106796117 1.0 1.0 1.0 10.2

weight_idle
0.23529411764705882 0.21568627450980393 0.23529411764705882 0.19607843137254902 0.3137254901960784 0.21568627450980393 0.21568627450980393 0.058823529411764705 0.0196078431372549 0.5490196078431373 0.0784313725490196 0.058823529411764705 0.21568627450980393 0.19607843137254902 0.11764705882352941 0.0 0.09803921568627451 0.0392156862745098 0.47058823529411764 0.0196078431372549 0.21568627450980393 0.09803921568627451 0.058823529411764705 0.17647058823529413 0.09803921568627451 0.13725490196078433 0.17647058823529413 0.0196078431372549 0.39215686274509803 1.0 1.0 1.0 2.019607843137255 1.0 1.0 1.0 0.09803921568627451

