timeperiod P M C T
26 37 4 12 35

L_lower L_upper L_zero Q_lower Q_upper
-2 5 3 -4 -3

start stop
5 30

P_bar
1 8

S 
7 6 7 6 9 6 6 2 1 15 3 2 6 6 4 1 3 2 13 1 6 3 2 5 3 4 5 1 11 26 26 26 52 26 26 26 3

w
52.5 35.0 10.5 10.5 10.5 35.0 10.5 52.5 35.0 10.5 10.5 10.5 0.0 0.0 52.5 35.0 10.5 35.0 10.5 10.5 10.5 35.0 35.0 10.5 10.5 0.0 17.5 35.0 10.5 0.0 0.0 0.0 0.0 0.0 0.0 0.0 0.0
5.0 3.0 2.5 2.5 2.0 2.0 2.0 5.0 3.0 5.0 2.0 2.0 5.0 5.0 5.0 3.0 5.0 0.0 0.0 0.0 0.0 0.0 0.0 0.0 0.0 0.0 3.0 0.0 5.0 3.0 3.0 3.0 3.0 3.0 3.0 3.0 5.0
3.5 3.5 3.5 3.5 3.5 0.0 0.0 3.5 3.5 3.5 3.5 0.0 3.5 0.0 3.5 3.5 3.5 3.5 3.5 3.5 0.0 3.5 3.5 3.5 0.0 3.5 3.5 0.0 3.5 0.0 0.0 0.0 0.0 0.0 0.0 0.0 3.5
22.5 10.0 11.0 5.0 2.5 21.5 1.0 11.5 6.0 9.5 2.5 10.0 12.5 20.0 34.0 22.5 18.5 4.5 2.5 7.5 3.0 84.0 32.0 23.5 39.0 4.5 8.5 2.5 18.5 1.5 1.5 1.5 1.5 1.5 1.5 1.5 31.5

H
131.25 131.25 131.25 131.25 131.25 131.25 131.25 131.25 131.25 131.25 131.25 131.25 131.25 131.25 131.25 131.25 131.25 131.25 131.25 131.25 131.25 131.25 131.25 131.25 131.25 131.25 131.25 131.25 131.25 131.25 131.25 131.25 131.25 131.25 131.25
52.5 52.5 52.5 52.5 52.5 52.5 52.5 52.5 52.5 52.5 52.5 52.5 52.5 52.5 52.5 52.5 52.5 52.5 52.5 52.5 52.5 52.5 52.5 52.5 52.5 52.5 52.5 52.5 52.5 52.5 52.5 52.5 52.5 52.5 52.5
63.0 63.0 63.0 63.0 63.0 63.0 63.0 63.0 63.0 63.0 63.0 63.0 63.0 63.0 63.0 63.0 63.0 63.0 63.0 63.0 63.0 63.0 63.0 63.0 63.0 63.0 63.0 63.0 63.0 63.0 63.0 63.0 63.0 63.0 63.0
78.75 78.75 78.75 78.75 78.75 78.75 78.75 78.75 78.75 78.75 78.75 78.75 78.75 78.75 78.75 78.75 78.75 78.75 78.75 78.75 78.75 78.75 78.75 78.75 78.75 78.75 78.75 78.75 78.75 78.75 78.75 78.75 78.75 78.75 78.75

I
1058.909090909091 1058.909090909091 1058.909090909091 1058.909090909091 1316.0 1211.0 1316.0 1386.0 1064.0 1134.0 1071.0 1050.0 1071.0 1092.0 1134.0 1058.909090909091 1058.909090909091 1058.909090909091 1058.909090909091 1058.909090909091 1058.909090909091 1058.909090909091 1058.909090909091 1058.909090909091 1058.909090909091 1058.909090909091 1058.909090909091 1058.909090909091 1058.909090909091 1058.909090909091 1058.909090909091 1058.909090909091 1058.909090909091 1058.909090909091 672.0
107.96969696969697 107.96969696969697 107.96969696969697 107.96969696969697 133.0 126.0 133.0 119.0 119.0 133.0 126.0 119.0 112.0 98.0 119.0 107.96969696969697 107.96969696969697 107.96969696969697 107.96969696969697 107.96969696969697 107.96969696969697 107.96969696969697 107.96969696969697 107.96969696969697 107.96969696969697 107.96969696969697 107.96969696969697 107.96969696969697 107.96969696969697 107.96969696969697 107.96969696969697 107.96969696969697 107.96969696969697 107.96969696969697 84.0
38.96666666666666 38.96666666666666 38.96666666666666 38.96666666666666 44.099999999999994 42.0 41.3 38.5 39.900000000000006 39.2 30.799999999999997 29.400000000000002 24.5 36.4 31.5 38.96666666666666 38.96666666666666 38.96666666666666 38.96666666666666 38.96666666666666 38.96666666666666 38.96666666666666 38.96666666666666 38.96666666666666 38.96666666666666 38.96666666666666 38.96666666666666 38.96666666666666 38.96666666666666 38.96666666666666 38.96666666666666 38.96666666666666 38.96666666666666 38.96666666666666 23.8
45.24545454545453 45.24545454545453 45.24545454545453 45.24545454545453 35.7 44.099999999999994 44.099999999999994 46.2 42.0 44.8 44.099999999999994 37.1 35.7 35.0 32.2 45.24545454545453 45.24545454545453 45.24545454545453 45.24545454545453 45.24545454545453 45.24545454545453 45.24545454545453 45.24545454545453 45.24545454545453 45.24545454545453 45.24545454545453 45.24545454545453 45.24545454545453 45.24545454545453 45.24545454545453 45.24545454545453 45.24545454545453 45.24545454545453 45.24545454545453 42.0
20.999999999999993 20.999999999999993 20.999999999999993 20.999999999999993 14.700000000000001 23.799999999999997 21.700000000000003 23.1 20.299999999999997 20.299999999999997 23.799999999999997 23.799999999999997 23.1 25.200000000000003 20.3 20.999999999999993 20.999999999999993 20.999999999999993 20.999999999999993 20.999999999999993 20.999999999999993 20.999999999999993 20.999999999999993 20.999999999999993 20.999999999999993 20.999999999999993 20.999999999999993 20.999999999999993 20.999999999999993 20.999999999999993 20.999999999999993 20.999999999999993 20.999999999999993 20.999999999999993 21.0
345.75757575757575 345.75757575757575 345.75757575757575 345.75757575757575 259.0 294.0 322.0 301.0 322.0 322.0 301.0 301.0 336.0 336.0 322.0 345.75757575757575 345.75757575757575 345.75757575757575 345.75757575757575 345.75757575757575 345.75757575757575 345.75757575757575 345.75757575757575 345.75757575757575 345.75757575757575 345.75757575757575 345.75757575757575 345.75757575757575 345.75757575757575 345.75757575757575 345.75757575757575 345.75757575757575 345.75757575757575 345.75757575757575 245.0
779.7575757575758 779.7575757575758 779.7575757575758 779.7575757575758 672.0 784.0 889.0 847.0 931.0 910.0 854.0 875.0 889.0 889.0 875.0 779.7575757575758 779.7575757575758 779.7575757575758 779.7575757575758 779.7575757575758 779.7575757575758 779.7575757575758 779.7575757575758 779.7575757575758 779.7575757575758 779.7575757575758 779.7575757575758 779.7575757575758 779.7575757575758 779.7575757575758 779.7575757575758 779.7575757575758 779.7575757575758 779.7575757575758 630.0
80.73333333333335 80.73333333333335 80.73333333333335 80.73333333333335 69.3 90.30000000000001 84.0 89.6 88.19999999999999 93.1 84.0 91.0 99.4 98.69999999999999 90.3 80.73333333333335 80.73333333333335 80.73333333333335 80.73333333333335 80.73333333333335 80.73333333333335 80.73333333333335 80.73333333333335 80.73333333333335 80.73333333333335 80.73333333333335 80.73333333333335 80.73333333333335 80.73333333333335 80.73333333333335 80.73333333333335 80.73333333333335 80.73333333333335 80.73333333333335 48.300000000000004
10.775757575757575 10.775757575757575 10.775757575757575 10.775757575757575 8.4 9.8 9.1 9.1 9.8 9.1 9.8 10.5 10.5 9.8 11.2 10.775757575757575 10.775757575757575 10.775757575757575 10.775757575757575 10.775757575757575 10.775757575757575 10.775757575757575 10.775757575757575 10.775757575757575 10.775757575757575 10.775757575757575 10.775757575757575 10.775757575757575 10.775757575757575 10.775757575757575 10.775757575757575 10.775757575757575 10.775757575757575 10.775757575757575 8.4
2.545454545454545 2.545454545454545 2.545454545454545 2.545454545454545 2.8 1.4 2.8 2.1 2.8 2.1 2.8 1.4 1.4 2.1 2.1 2.545454545454545 2.545454545454545 2.545454545454545 2.545454545454545 2.545454545454545 2.545454545454545 2.545454545454545 2.545454545454545 2.545454545454545 2.545454545454545 2.545454545454545 2.545454545454545 2.545454545454545 2.545454545454545 2.545454545454545 2.545454545454545 2.545454545454545 2.545454545454545 2.545454545454545 2.8000000000000003
8.515433299825174 8.515433299825174 8.515433299825174 8.515433299825174 7.257295057471263 8.224153103448275 7.957213879310345 9.107652586206896 10.898158620689653 9.79134025862069 10.502534310344826 10.148651896551725 9.789487068965517 8.296912758620689 8.891918017241379 8.627645 8.745417241379311 8.51706224137931 7.8373718965517245 7.808273706896552 7.546136159874608 8.656057586206897 8.727603793103448 8.059026724137931 7.842738045977012 7.557325517241379 7.111765344827586 9.511513793103449 9.424584310344828 8.996638620689655 9.95057224137931 9.591614655172414 7.811086206896552 8.024766408045977 11.625719885057473
700.0 700.0 700.0 700.0 700.0 700.0 700.0 700.0 700.0 700.0 700.0 700.0 700.0 700.0 700.0 700.0 700.0 700.0 700.0 700.0 700.0 700.0 700.0 700.0 700.0 700.0 700.0 700.0 700.0 700.0 700.0 700.0 700.0 700.0 700.0

u
78.432 78.432 103.96799999999999 103.96799999999999 78.432 78.432 0.0 0.0
0.0 44.65 104.5 28.5 28.5 0.0 0.0 0.0
0.0 0.0 60.705 81.225 77.805 0.0 0.0 0.0
0.0 0.0 153.9 0.0 0.0 0.0 0.0 0.0
0.0 0.0 51.3 50.349999999999994 50.349999999999994 0.0 0.0 0.0
0.0 0.0 134.064 60.192 60.192 40.128 0.0 0.0
0.0 0.0 76.91199999999999 0.0 0.0 0.0 0.0 0.0
35.15 35.15 46.55 35.15 35.15 33.25 0.0 0.0
0.0 16.529999999999998 45.599999999999994 16.529999999999998 14.25 12.54 0.0 0.0
0.0 0.0 35.91 41.60999999999999 0.0 0.0 0.0 0.0
0.0 0.0 6.6499999999999995 6.6499999999999995 6.6499999999999995 0.0 0.0 0.0
0.0 0.0 30.02 15.2 15.2 0.0 0.0 0.0
0.0 0.0 47.879999999999995 63.839999999999996 47.879999999999995 0.0 0.0 0.0
0.0 0.0 0.0 0.0 0.0 0.0 0.0 0.0
60.515 60.515 80.066 60.515 60.515 56.791 0.0 0.0
0.0 41.894999999999996 74.48 28.860999999999997 28.860999999999997 0.0 0.0 0.0
0.0 0.0 0.0 0.0 0.0 0.0 0.0 0.0
0.0 0.0 0.0 0.0 0.0 0.0 0.0 0.0
0.0 0.0 0.0 0.0 0.0 0.0 0.0 0.0
19.38 19.38 12.54 0.0 0.0 0.0 0.0 0.0
0.0 0.0 11.399999999999999 11.399999999999999 11.399999999999999 0.0 0.0 0.0
0.0 0.0 0.0 0.0 0.0 0.0 0.0 0.0
0.0 0.0 0.0 0.0 0.0 0.0 0.0 0.0
0.0 0.0 0.0 0.0 0.0 0.0 0.0 0.0
0.0 0.0 28.5 19.0 0.0 0.0 0.0 0.0
0.0 0.0 135.375 117.32499999999999 108.3 0.0 0.0 0.0
0.0 0.0 90.25 45.125 45.125 0.0 0.0 0.0
0.0 0.0 63.175 63.175 54.15 0.0 0.0 0.0
0.0 0.0 0.0 0.0 0.0 0.0 0.0 0.0
0.0 0.0 0.0 0.0 0.0 0.0 0.0 0.0
0.0 0.0 0.0 0.0 0.0 0.0 0.0 0.0
0.0 0.0 0.0 0.0 0.0 0.0 0.0 0.0
0.0 0.0 0.0 0.0 0.0 0.0 0.0 0.0
0.0 0.0 0.0 0.0 0.0 0.0 0.0 0.0
0.0 0.0 0.0 0.0 0.0 0.0 0.0 0.0
0.0 0.0 0.0 0.0 0.0 0.0 0.0 0.0
0.0 0.0 100.985 100.985 100.985 0.0 0.0 0.0
3.268 3.268 4.332 4.332 3.268 3.268 0.0 0.0
0.0 0.0 0.0 0.0 0.0 0.0 0.0 0.0
0.0 0.0 6.744999999999999 9.025 8.645 0.0 0.0 0.0
0.0 0.0 17.099999999999998 0.0 0.0 0.0 0.0 0.0
0.0 0.0 0.0 0.0 0.0 0.0 0.0 0.0
0.0 0.0 5.585999999999999 2.508 2.508 1.672 0.0 0.0
0.0 0.0 6.688 0.0 0.0 0.0 0.0 0.0
35.15 35.15 46.55 35.15 35.15 33.25 0.0 0.0
0.0 11.02 30.4 11.02 9.5 8.36 0.0 0.0
0.0 0.0 23.939999999999998 27.74 0.0 0.0 0.0 0.0
0.0 0.0 26.599999999999998 26.599999999999998 26.599999999999998 0.0 0.0 0.0
0.0 0.0 45.029999999999994 22.799999999999997 22.799999999999997 0.0 0.0 0.0
0.0 0.0 20.52 27.36 20.52 0.0 0.0 0.0
0.0 0.0 0.0 0.0 0.0 0.0 0.0 0.0
1.2349999999999999 1.2349999999999999 1.634 1.2349999999999999 1.2349999999999999 1.159 0.0 0.0
0.0 0.855 1.52 0.589 0.589 0.0 0.0 0.0
0.0 0.0 0.0 0.0 0.0 0.0 0.0 0.0
0.0 0.0 0.0 0.0 0.0 0.0 0.0 0.0
0.0 0.0 0.0 0.0 0.0 0.0 0.0 0.0
0.0 0.0 0.0 0.0 0.0 0.0 0.0 0.0
0.0 0.0 0.0 0.0 0.0 0.0 0.0 0.0
0.0 0.0 0.0 0.0 0.0 0.0 0.0 0.0
0.0 0.0 0.0 0.0 0.0 0.0 0.0 0.0
0.0 0.0 0.0 0.0 0.0 0.0 0.0 0.0
0.0 0.0 0.0 0.0 0.0 0.0 0.0 0.0
0.0 0.0 7.125 6.175 5.699999999999999 0.0 0.0 0.0
0.0 0.0 4.75 2.375 2.375 0.0 0.0 0.0
0.0 0.0 3.3249999999999997 3.3249999999999997 2.8499999999999996 0.0 0.0 0.0
0.0 0.0 0.0 0.0 0.0 0.0 0.0 0.0
0.0 0.0 0.0 0.0 0.0 0.0 0.0 0.0
0.0 0.0 0.0 0.0 0.0 0.0 0.0 0.0
0.0 0.0 0.0 0.0 0.0 0.0 0.0 0.0
0.0 0.0 0.0 0.0 0.0 0.0 0.0 0.0
0.0 0.0 0.0 0.0 0.0 0.0 0.0 0.0
0.0 0.0 0.0 0.0 0.0 0.0 0.0 0.0
0.0 0.0 0.0 0.0 0.0 0.0 0.0 0.0
0.0 0.0 17.86 17.86 17.86 0.0 0.0 0.0
0.0 0.0 0.0 0.0 0.0 0.0 0.0 0.0
0.0 0.0 0.0 0.0 0.0 0.0 0.0 0.0
0.0 0.0 0.0 0.0 0.0 0.0 0.0 0.0
0.0 0.0 0.0 0.0 0.0 0.0 0.0 0.0
0.0 0.0 0.0 0.0 0.0 0.0 0.0 0.0
0.0 0.0 0.0 0.0 0.0 0.0 0.0 0.0
0.0 0.0 0.0 0.0 0.0 0.0 0.0 0.0
0.0 0.0 0.0 0.0 0.0 0.0 0.0 0.0
0.0 0.0 0.0 0.0 0.0 0.0 0.0 0.0
0.0 0.0 0.0 0.0 0.0 0.0 0.0 0.0
0.0 0.0 0.0 0.0 0.0 0.0 0.0 0.0
0.0 0.0 0.0 0.0 0.0 0.0 0.0 0.0
0.0 0.0 0.0 0.0 0.0 0.0 0.0 0.0
0.0 0.0 0.0 0.0 0.0 0.0 0.0 0.0
0.0 0.0 0.0 0.0 0.0 0.0 0.0 0.0
0.0 0.0 0.0 0.0 0.0 0.0 0.0 0.0
0.0 0.0 0.0 0.0 0.0 0.0 0.0 0.0
0.0 12.04125 12.04125 12.04125 12.04125 0.0 0.0 0.0
0.0 0.0 6.6499999999999995 6.6499999999999995 6.6499999999999995 0.0 0.0 0.0
23.686666666666667 23.686666666666667 15.326666666666666 0.0 0.0 0.0 0.0 0.0
0.0 0.0 13.933333333333332 13.933333333333332 13.933333333333332 0.0 0.0 0.0
0.0 0.0 0.0 0.0 0.0 0.0 0.0 0.0
0.0 0.0 0.0 0.0 0.0 0.0 0.0 0.0
0.0 0.0 0.0 0.0 0.0 0.0 0.0 0.0
0.0 0.0 0.0 0.0 0.0 0.0 0.0 0.0
0.0 0.0 0.0 0.0 0.0 0.0 0.0 0.0
0.0 0.0 0.0 0.0 0.0 0.0 0.0 0.0
0.0 0.0 0.0 0.0 0.0 0.0 0.0 0.0
0.0 0.0 0.0 0.0 0.0 0.0 0.0 0.0
0.0 0.0 0.0 0.0 0.0 0.0 0.0 0.0
0.0 0.0 0.0 0.0 0.0 0.0 0.0 0.0
0.0 0.0 0.0 0.0 0.0 0.0 0.0 0.0
0.0 0.0 0.0 0.0 0.0 0.0 0.0 0.0
0.0 0.0 0.0 0.0 0.0 0.0 0.0 0.0
0.0 0.0 0.0 0.0 0.0 0.0 0.0 0.0
0.0 0.0 0.0 0.0 0.0 0.0 0.0 0.0
0.0 0.0 0.0 0.0 0.0 0.0 0.0 0.0
0.5984999999999999 0.5984999999999999 0.7979999999999999 0.7979999999999999 0.5984999999999999 0.5984999999999999 0.0 0.0
0.0 0.7979999999999999 0.475 0.323 0.323 0.0 0.0 0.0
0.0 0.0 3.1825 3.9899999999999998 3.1825 0.0 0.0 0.0
0.0 0.0 2.8499999999999996 0.0 0.0 0.0 0.0 0.0
0.0 0.0 0.0 0.0 0.0 0.0 0.0 0.0
0.0 0.0 2.432 1.216 1.216 1.216 0.0 0.0
0.0 0.0 0.0 0.0 0.0 0.0 0.0 0.0
1.3964999999999999 1.3964999999999999 1.7954999999999999 1.3964999999999999 1.3964999999999999 1.2635 0.0 0.0
0.0 1.9949999999999999 3.1919999999999997 1.8619999999999999 1.5959999999999999 0.0 0.0 0.0
0.0 0.0 2.8215 3.6765 0.0 0.0 0.0 0.0
0.0 0.0 0.0 0.0 0.0 0.0 0.0 0.0
0.0 0.0 1.5675 1.14 1.14 0.0 0.0 0.0
0.0 0.0 0.3515 0.475 0.3515 0.0 0.0 0.0
0.0 0.0 0.0 0.0 0.0 0.0 0.0 0.0
0.0 0.0 0.0 0.0 0.0 0.0 0.0 0.0
0.0 0.0 0.0 0.0 0.0 0.0 0.0 0.0
0.0 0.0 0.0 0.0 0.0 0.0 0.0 0.0
0.0 0.0 0.0 0.0 0.0 0.0 0.0 0.0
0.0 0.0 0.0 0.0 0.0 0.0 0.0 0.0
0.0 0.0 0.0 0.0 0.0 0.0 0.0 0.0
0.0 0.0 0.0 0.0 0.0 0.0 0.0 0.0
0.0 0.0 0.0 0.0 0.0 0.0 0.0 0.0
0.0 0.0 0.0 0.0 0.0 0.0 0.0 0.0
0.0 0.0 0.0 0.0 0.0 0.0 0.0 0.0
0.0 0.0 0.0 0.0 0.0 0.0 0.0 0.0
0.0 0.0 0.0 0.0 0.0 0.0 0.0 0.0
0.0 0.0 1.14 2.28 2.28 0.0 0.0 0.0
0.0 0.0 0.0 0.0 0.0 0.0 0.0 0.0
0.0 0.0 0.0 0.0 0.0 0.0 0.0 0.0
0.0 5.6525 5.6525 0.0 0.0 0.0 0.0 0.0
0.0 0.0 0.0 0.0 0.0 0.0 0.0 0.0
0.0 0.0 0.0 0.0 0.0 0.0 0.0 0.0
0.0 0.0 0.0 0.0 0.0 0.0 0.0 0.0
0.0 0.0 0.0 0.0 0.0 0.0 0.0 0.0
0.0 0.0 0.0 0.0 0.0 0.0 0.0 0.0
0.0 0.0 0.0 0.0 0.0 0.0 0.0 0.0
0.0 0.0 6.6499999999999995 6.6499999999999995 6.6499999999999995 0.0 0.0 0.0
0.19949999999999998 0.19949999999999998 0.266 0.266 0.19949999999999998 0.19949999999999998 0.0 0.0
0.0 0.0 0.0 0.0 0.0 0.0 0.0 0.0
0.0 0.0 2.546 3.1919999999999997 2.546 0.0 0.0 0.0
0.0 0.0 2.28 0.0 0.0 0.0 0.0 0.0
0.0 0.0 0.0 0.0 0.0 0.0 0.0 0.0
0.0 0.0 1.216 0.608 0.608 0.608 0.0 0.0
0.0 0.0 0.0 0.0 0.0 0.0 0.0 0.0
0.5984999999999999 0.5984999999999999 0.7695 0.5984999999999999 0.5984999999999999 0.5415 0.0 0.0
0.0 0.285 0.45599999999999996 0.266 0.22799999999999998 0.0 0.0 0.0
0.0 0.0 0.9405 1.2255 0.0 0.0 0.0 0.0
0.0 0.0 0.0 0.0 0.0 0.0 0.0 0.0
0.0 0.0 0.627 0.45599999999999996 0.45599999999999996 0.0 0.0 0.0
0.0 0.0 0.0 0.0 0.0 0.0 0.0 0.0
0.0 0.0 0.0 0.0 0.0 0.0 0.0 0.0
0.0 0.0 0.0 0.0 0.0 0.0 0.0 0.0
0.0 0.0 0.0 0.0 0.0 0.0 0.0 0.0
0.0 0.0 0.0 0.0 0.0 0.0 0.0 0.0
0.0 0.0 0.0 0.0 0.0 0.0 0.0 0.0
0.0 0.0 0.0 0.0 0.0 0.0 0.0 0.0
0.0 0.0 0.0 0.0 0.0 0.0 0.0 0.0
0.0 0.0 0.0 0.0 0.0 0.0 0.0 0.0
0.0 0.0 0.0 0.0 0.0 0.0 0.0 0.0
0.0 0.0 0.0 0.0 0.0 0.0 0.0 0.0
0.0 0.0 0.0 0.0 0.0 0.0 0.0 0.0
0.0 0.0 0.0 0.0 0.0 0.0 0.0 0.0
0.0 0.0 0.0 0.0 0.0 0.0 0.0 0.0
0.0 0.0 0.0 0.0 0.0 0.0 0.0 0.0
0.0 0.0 0.0 0.0 0.0 0.0 0.0 0.0
0.0 0.0 0.0 0.0 0.0 0.0 0.0 0.0
0.0 0.33249999999999996 0.33249999999999996 0.0 0.0 0.0 0.0 0.0
0.0 0.0 2.8499999999999996 2.8499999999999996 2.8499999999999996 0.0 0.0 0.0
0.0 0.0 0.0 0.0 0.0 0.0 0.0 0.0
0.0 0.0 0.0 0.0 0.0 0.0 0.0 0.0
0.0 0.0 0.0 0.0 0.0 0.0 0.0 0.0
0.0 0.0 0.0 0.0 0.0 0.0 0.0 0.0
0.0 0.0 0.0 0.0 0.0 0.0 0.0 0.0
0.0 0.0 1.9 1.9 1.9 0.0 0.0 0.0
3.7905 3.7905 5.054 5.054 3.7905 3.7905 0.0 0.0
0.0 6.7829999999999995 4.0375 2.7455 2.7455 0.0 0.0 0.0
0.0 0.0 7.0015 8.778 7.0015 0.0 0.0 0.0
0.0 0.0 6.27 0.0 0.0 0.0 0.0 0.0
0.0 0.0 0.0 0.0 0.0 0.0 0.0 0.0
0.0 0.0 0.0 0.0 0.0 0.0 0.0 0.0
0.0 0.0 0.0 0.0 0.0 0.0 0.0 0.0
0.0 0.0 0.0 0.0 0.0 0.0 0.0 0.0
0.0 0.0 0.0 0.0 0.0 0.0 0.0 0.0
0.0 0.0 24.7665 32.271499999999996 0.0 0.0 0.0 0.0
0.0 0.0 0.0 0.0 0.0 0.0 0.0 0.0
0.0 0.0 0.0 0.0 0.0 0.0 0.0 0.0
0.0 0.0 12.302499999999998 16.625 12.302499999999998 0.0 0.0 0.0
0.0 0.0 0.0 0.0 0.0 0.0 0.0 0.0
12.54 12.54 16.34 12.54 12.54 11.78 0.0 0.0
0.0 38.0 47.5 35.625 21.375 0.0 0.0 0.0
0.0 0.0 24.5575 61.655 37.0975 0.0 0.0 0.0
0.0 0.0 0.0 0.0 0.0 0.0 0.0 0.0
0.0 0.0 0.0 0.0 0.0 0.0 0.0 0.0
0.0 0.0 0.0 0.0 0.0 0.0 0.0 0.0
0.0 0.0 0.0 0.0 0.0 0.0 0.0 0.0
0.0 0.0 0.0 0.0 0.0 0.0 0.0 0.0
0.0 0.0 0.0 0.0 0.0 0.0 0.0 0.0
0.0 0.0 0.0 0.0 0.0 0.0 0.0 0.0
0.0 0.0 0.0 0.0 0.0 0.0 0.0 0.0
0.0 0.0 0.0 0.0 0.0 0.0 0.0 0.0
0.0 0.0 9.975 19.95 19.95 0.0 0.0 0.0
0.0 0.0 0.0 0.0 0.0 0.0 0.0 0.0
0.0 0.0 31.349999999999998 73.14999999999999 0.0 0.0 0.0 0.0
0.0 0.0 0.0 0.0 0.0 0.0 0.0 0.0
0.0 0.0 0.0 0.0 0.0 0.0 0.0 0.0
0.0 31.29411764705882 22.35294117647059 22.35294117647059 0.0 0.0 0.0 0.0
0.0 0.0 0.0 0.0 0.0 0.0 0.0 0.0
0.0 0.0 0.0 0.0 0.0 0.0 0.0 0.0
0.0 0.0 0.0 0.0 0.0 0.0 0.0 0.0
0.0 0.0 0.0 0.0 0.0 0.0 0.0 0.0
0.0 0.0 25.65 25.65 25.65 0.0 0.0 0.0
14.1645 14.1645 18.886 18.886 14.1645 14.1645 0.0 0.0
0.0 29.924999999999997 17.8125 12.112499999999999 12.112499999999999 0.0 0.0 0.0
0.0 0.0 49.0105 61.446000000000005 49.0105 0.0 0.0 0.0
0.0 0.0 43.89 0.0 0.0 0.0 0.0 0.0
0.0 0.0 0.0 0.0 0.0 0.0 0.0 0.0
0.0 0.0 54.111999999999995 27.055999999999997 27.055999999999997 27.055999999999997 0.0 0.0
0.0 0.0 0.0 0.0 0.0 0.0 0.0 0.0
16.1595 16.1595 20.7765 16.1595 16.1595 14.6205 0.0 0.0
0.0 23.085 36.936 21.546 18.468 0.0 0.0 0.0
0.0 0.0 1.881 2.451 0.0 0.0 0.0 0.0
0.0 0.0 0.0 0.0 0.0 0.0 0.0 0.0
0.0 0.0 25.3935 18.468 18.468 0.0 0.0 0.0
0.0 0.0 21.441499999999998 28.974999999999998 21.441499999999998 0.0 0.0 0.0
0.0 0.0 0.0 0.0 0.0 0.0 0.0 0.0
15.361500000000001 15.361500000000001 20.0165 15.361500000000001 15.361500000000001 14.430499999999999 0.0 0.0
0.0 32.68 40.85 30.6375 18.3825 0.0 0.0 0.0
0.0 0.0 16.074 40.355999999999995 24.281999999999996 0.0 0.0 0.0
0.0 0.0 0.0 0.0 0.0 0.0 0.0 0.0
0.0 0.0 0.0 0.0 0.0 0.0 0.0 0.0
0.0 0.0 0.0 0.0 0.0 0.0 0.0 0.0
0.0 0.0 0.0 0.0 0.0 0.0 0.0 0.0
0.0 0.0 0.0 0.0 0.0 0.0 0.0 0.0
0.0 0.0 0.0 0.0 0.0 0.0 0.0 0.0
0.0 0.0 0.0 0.0 0.0 0.0 0.0 0.0
0.0 0.0 0.0 0.0 0.0 0.0 0.0 0.0
0.0 0.0 0.0 0.0 0.0 0.0 0.0 0.0
0.0 0.0 15.105 30.21 30.21 0.0 0.0 0.0
0.0 0.0 0.0 0.0 0.0 0.0 0.0 0.0
0.0 0.0 20.52 47.879999999999995 0.0 0.0 0.0 0.0
0.0 0.0 0.0 0.0 0.0 0.0 0.0 0.0
0.0 0.0 0.0 0.0 0.0 0.0 0.0 0.0
0.0 0.0 0.0 0.0 0.0 0.0 0.0 0.0
0.0 74.8125 58.1875 0.0 0.0 0.0 0.0 0.0
0.0 0.0 0.0 0.0 0.0 0.0 0.0 0.0
0.0 0.0 0.0 0.0 0.0 0.0 0.0 0.0
0.0 0.0 0.0 0.0 0.0 0.0 0.0 0.0
0.0 0.0 49.4 49.4 49.4 0.0 0.0 0.0
0.5984999999999999 0.5984999999999999 0.7979999999999999 0.7979999999999999 0.5984999999999999 0.5984999999999999 0.0 0.0
0.0 0.0 0.0 0.0 0.0 0.0 0.0 0.0
0.0 0.0 1.9094999999999998 2.3939999999999997 1.9094999999999998 0.0 0.0 0.0
0.0 0.0 1.71 0.0 0.0 0.0 0.0 0.0
0.0 0.0 0.0 0.0 0.0 0.0 0.0 0.0
0.0 0.0 3.04 1.52 1.52 1.52 0.0 0.0
0.0 0.0 0.0 0.0 0.0 0.0 0.0 0.0
0.7979999999999999 0.7979999999999999 1.026 0.7979999999999999 0.7979999999999999 0.722 0.0 0.0
0.0 2.28 3.6479999999999997 2.128 1.8239999999999998 0.0 0.0 0.0
0.0 0.0 0.9405 1.2255 0.0 0.0 0.0 0.0
0.0 0.0 0.0 0.0 0.0 0.0 0.0 0.0
0.0 0.0 2.8215 2.052 2.052 0.0 0.0 0.0
0.0 0.0 0.0 0.0 0.0 0.0 0.0 0.0
0.0 0.0 0.0 0.0 0.0 0.0 0.0 0.0
0.0 0.0 0.0 0.0 0.0 0.0 0.0 0.0
0.0 0.0 0.0 0.0 0.0 0.0 0.0 0.0
0.0 0.0 0.0 0.0 0.0 0.0 0.0 0.0
0.0 0.0 0.0 0.0 0.0 0.0 0.0 0.0
0.0 0.0 0.0 0.0 0.0 0.0 0.0 0.0
0.0 0.0 0.0 0.0 0.0 0.0 0.0 0.0
0.0 0.0 0.0 0.0 0.0 0.0 0.0 0.0
0.0 0.0 0.0 0.0 0.0 0.0 0.0 0.0
0.0 0.0 0.0 0.0 0.0 0.0 0.0 0.0
0.0 0.0 0.0 0.0 0.0 0.0 0.0 0.0
0.0 0.0 0.0 0.0 0.0 0.0 0.0 0.0
0.0 0.0 0.0 0.0 0.0 0.0 0.0 0.0
0.0 0.0 0.0 0.0 0.0 0.0 0.0 0.0
0.0 0.0 0.0 0.0 0.0 0.0 0.0 0.0
0.0 0.0 0.0 0.0 0.0 0.0 0.0 0.0
0.0 0.6649999999999999 0.6649999999999999 0.0 0.0 0.0 0.0 0.0
0.0 0.0 0.0 0.0 0.0 0.0 0.0 0.0
0.0 0.0 0.0 0.0 0.0 0.0 0.0 0.0
0.0 0.0 0.0 0.0 0.0 0.0 0.0 0.0
0.0 0.0 3.546666666666666 3.1033333333333335 0.0 0.0 0.0 0.0
0.0 0.0 0.0 0.0 0.0 0.0 0.0 0.0
0.0 0.0 0.0 0.0 0.0 0.0 0.0 0.0
0.0 0.0 7.6 7.6 7.6 0.0 0.0 0.0
0.0 0.0 0.0 0.0 0.0 0.0 0.0 0.0
0.0 1.1969999999999998 0.7124999999999999 0.4845 0.4845 0.0 0.0 0.0
0.0 0.0 0.0 0.0 0.0 0.0 0.0 0.0
0.0 0.0 0.0 0.0 0.0 0.0 0.0 0.0
0.0 0.0 0.0 0.0 0.0 0.0 0.0 0.0
0.0 0.0 0.0 0.0 0.0 0.0 0.0 0.0
0.0 0.0 0.0 0.0 0.0 0.0 0.0 0.0
0.9974999999999999 0.9974999999999999 1.2825 0.9974999999999999 0.9974999999999999 0.9025 0.0 0.0
0.0 0.0 0.0 0.0 0.0 0.0 0.0 0.0
0.0 0.0 0.0 0.0 0.0 0.0 0.0 0.0
0.0 0.0 0.0 0.0 0.0 0.0 0.0 0.0
0.0 0.0 0.0 0.0 0.0 0.0 0.0 0.0
0.0 0.0 0.0 0.0 0.0 0.0 0.0 0.0
0.0 0.0 0.0 0.0 0.0 0.0 0.0 0.0
3.4484999999999997 3.4484999999999997 4.4935 3.4484999999999997 3.4484999999999997 3.2395 0.0 0.0
0.0 5.319999999999999 6.6499999999999995 4.9875 2.9924999999999997 0.0 0.0 0.0
0.0 0.0 4.0185 10.088999999999999 6.070499999999999 0.0 0.0 0.0
0.0 0.0 0.0 0.0 0.0 0.0 0.0 0.0
0.0 0.0 0.0 0.0 0.0 0.0 0.0 0.0
0.0 0.0 0.0 0.0 0.0 0.0 0.0 0.0
0.0 0.0 0.0 0.0 0.0 0.0 0.0 0.0
0.0 0.0 0.0 0.0 0.0 0.0 0.0 0.0
0.0 0.0 0.0 0.0 0.0 0.0 0.0 0.0
0.0 0.0 0.0 0.0 0.0 0.0 0.0 0.0
0.0 0.0 0.0 0.0 0.0 0.0 0.0 0.0
0.0 0.0 0.0 0.0 0.0 0.0 0.0 0.0
0.0 0.0 2.28 4.56 4.56 0.0 0.0 0.0
0.0 0.0 0.0 0.0 0.0 0.0 0.0 0.0
0.0 0.0 5.13 11.969999999999999 0.0 0.0 0.0 0.0
0.0 0.0 0.0 0.0 0.0 0.0 0.0 0.0
0.0 0.0 0.0 0.0 0.0 0.0 0.0 0.0
0.0 0.0 0.0 0.0 0.0 0.0 0.0 0.0
0.0 0.0 0.0 0.0 0.0 0.0 0.0 0.0
0.0 0.0 0.0 0.0 0.0 0.0 0.0 0.0
0.0 0.0 3.04 2.6599999999999997 0.0 0.0 0.0 0.0
0.0 0.0 0.0 0.0 0.0 0.0 0.0 0.0
0.0 0.0 1.9 1.9 1.9 0.0 0.0 0.0
0.5984999999999999 0.5984999999999999 0.7979999999999999 0.7979999999999999 0.5984999999999999 0.5984999999999999 0.0 0.0
0.0 1.1969999999999998 0.7124999999999999 0.4845 0.4845 0.0 0.0 0.0
0.0 0.0 0.0 0.0 0.0 0.0 0.0 0.0
0.0 0.0 0.0 0.0 0.0 0.0 0.0 0.0
0.0 0.0 0.0 0.0 0.0 0.0 0.0 0.0
0.0 0.0 0.0 0.0 0.0 0.0 0.0 0.0
0.0 0.0 0.0 0.0 0.0 0.0 0.0 0.0
0.0 0.0 0.0 0.0 0.0 0.0 0.0 0.0
0.0 0.855 1.3679999999999999 0.7979999999999999 0.6839999999999999 0.0 0.0 0.0
0.0 0.0 0.0 0.0 0.0 0.0 0.0 0.0
0.0 0.0 0.0 0.0 0.0 0.0 0.0 0.0
0.0 0.0 0.9405 0.6839999999999999 0.6839999999999999 0.0 0.0 0.0
0.0 0.0 1.0545 1.4249999999999998 1.0545 0.0 0.0 0.0
0.0 0.0 0.0 0.0 0.0 0.0 0.0 0.0
0.0 0.0 0.0 0.0 0.0 0.0 0.0 0.0
0.0 0.0 0.0 0.0 0.0 0.0 0.0 0.0
0.0 0.0 0.0 0.0 0.0 0.0 0.0 0.0
0.0 0.0 0.0 0.0 0.0 0.0 0.0 0.0
0.0 0.0 0.0 0.0 0.0 0.0 0.0 0.0
0.0 0.0 0.0 0.0 0.0 0.0 0.0 0.0
0.0 0.0 0.0 0.0 0.0 0.0 0.0 0.0
0.0 0.0 0.0 0.0 0.0 0.0 0.0 0.0
0.0 0.0 0.0 0.0 0.0 0.0 0.0 0.0
0.0 0.0 0.0 0.0 0.0 0.0 0.0 0.0
0.0 0.0 0.0 0.0 0.0 0.0 0.0 0.0
0.0 0.0 0.0 0.0 0.0 0.0 0.0 0.0
0.0 0.0 0.0 0.0 0.0 0.0 0.0 0.0
0.0 0.0 0.0 0.0 0.0 0.0 0.0 0.0
0.0 0.0 0.0 0.0 0.0 0.0 0.0 0.0
0.0 0.0 0.0 0.0 0.0 0.0 0.0 0.0
0.0 0.0 0.0 0.0 0.0 0.0 0.0 0.0
0.0 0.0 0.0 0.0 0.0 0.0 0.0 0.0
0.0 0.0 0.0 0.0 0.0 0.0 0.0 0.0
0.0 0.0 0.0 0.0 0.0 0.0 0.0 0.0
0.0 0.0 0.0 0.0 0.0 0.0 0.0 0.0
0.0 0.0 1.9 1.9 0.0 0.0 0.0 0.0
0.0 0.0 1.9 1.9 1.9 0.0 0.0 0.0
0.0 0.0 0.48646551724137926 0.49137931034482757 0.49137931034482757 0.0 0.0 0.0
0.0 0.0 0.3439655172413793 0.3439655172413793 0.3439655172413793 0.0 0.0 0.0
0.0 0.0 0.3275862068965517 0.3275862068965517 0.0 0.0 0.0 0.0
0.0 0.0 0.3275862068965517 0.3275862068965517 0.0 0.0 0.0 0.0
0.0 0.0 0.3275862068965517 0.3275862068965517 0.3275862068965517 0.0 0.0 0.0
0.0 0.0 0.0 0.0 0.0 0.0 0.0 0.0
0.0 0.0 0.0 0.0 0.0 0.0 0.0 0.0
0.0 0.0 0.3275862068965517 0.3275862068965517 0.0 0.0 0.0 0.0
0.0 0.0 0.3783620689655172 0.3275862068965517 0.3275862068965517 0.0 0.0 0.0
0.0 0.0 0.3275862068965517 0.3275862068965517 0.0 0.0 0.0 0.3275862068965517
0.0 0.0 0.3275862068965517 0.3275862068965517 0.3275862068965517 0.0 0.0 0.0
0.0 0.0 0.0 0.0 0.0 0.0 0.0 0.0
0.0 0.0 0.3275862068965517 0.3275862068965517 0.0 0.0 0.0 0.3275862068965517
0.0 0.0 0.0 0.0 0.0 0.0 0.0 0.0
0.0 0.0 0.3210344827586207 0.3210344827586207 0.3243103448275862 0.0 0.0 0.3275862068965517
0.0 0.0 0.0 0.3210344827586207 0.3243103448275862 0.0 0.0 0.3275862068965517
0.0 0.0 0.0 0.3275862068965517 0.3275862068965517 0.0 0.0 0.3275862068965517
0.0 0.0 0.0 0.0 0.0 0.0 0.0 0.0
0.0 0.0 0.0 0.0 0.0 0.0 0.0 0.0
0.0 0.0 1.6379310344827585e-7 0.0 0.0 0.0 0.0 0.0
0.0 0.0 0.0 0.0 0.0 0.0 0.0 0.0
0.0 0.0 0.0 0.0 0.0 0.0 0.0 0.0
0.0 0.0 0.0 0.0 0.0 0.0 0.0 0.0
0.0 0.0 0.0 0.0 0.0 0.0 0.0 0.0
0.0 0.0 0.0 0.0 0.0 0.0 0.0 0.0
0.0 0.0 0.0 0.0 0.0 0.0 0.0 0.0
0.0 0.0 1.6379310344827585e-7 1.6379310344827585e-7 1.6379310344827585e-7 0.0 0.0 0.0
0.0 0.0 1.6379310344827585e-7 1.6379310344827585e-7 1.6379310344827585e-7 0.0 0.0 0.0
0.0 0.0 0.3210344827586207 0.3210344827586207 0.0 0.0 0.0 0.3275862068965517
0.0 0.34482758620689646 0.31034482758620685 0.0 0.0 0.0 0.0 0.0
0.0 0.0 0.0 0.0 0.0 0.0 0.0 0.0
0.0 0.0 0.13649425287356323 0.10919540229885057 0.0 0.0 0.0 0.0
0.0 0.3275862068965517 0.3275862068965517 0.0 0.0 0.0 0.0 0.0
0.0 0.0 0.0 0.0 0.0 0.0 0.0 0.0
0.0 0.0 0.24568965517241378 0.24568965517241378 0.0 0.0 0.0 0.0
0.0 0.0 0.3275862068965517 0.3275862068965517 0.0 0.0 0.0 0.0
0.0 0.0 0.3275862068965517 0.3275862068965517 0.3275862068965517 0.0 0.0 0.0
0.0 0.95 1.9 1.9 1.9 0.0 0.0 0.0
0.0 0.95 1.9 0.95 0.95 0.0 0.0 0.0
0.0 0.0 1.9 1.9 0.0 0.0 0.0 0.0
0.0 0.0 1.9 0.95 0.0 0.0 0.0 0.0
0.0 0.0 0.95 0.95 0.95 0.0 0.0 0.0
0.0 0.0 1.9 0.95 0.95 0.95 0.95 3.8
0.0 0.0 0.95 0.0 0.0 0.0 0.0 0.0
0.0 0.95 1.9 1.9 0.95 0.0 0.0 0.0
0.0 0.0 0.95 1.9 0.95 0.0 0.0 0.0
0.0 0.0 1.9 0.95 0.95 0.0 0.0 0.95
0.0 0.0 0.95 0.95 0.95 0.0 0.0 0.0
0.0 0.0 0.95 0.95 0.95 0.0 0.0 0.95
0.0 0.0 1.9 1.9 1.9 0.0 0.0 2.8499999999999996
0.0 0.0 2.8499999999999996 2.8499999999999996 2.8499999999999996 0.0 0.0 2.8499999999999996
0.0 0.95 1.9 2.8499999999999996 1.9 0.95 0.95 1.9
0.0 0.95 1.9 1.9 0.95 0.0 0.0 1.9
0.0 0.0 2.8499999999999996 2.8499999999999996 1.9 0.0 0.0 1.9
0.0 0.95 1.9 0.95 0.0 0.0 0.0 1.9
0.0 0.0 0.95 0.95 0.95 0.0 0.0 0.0
0.95 1.9 2.8499999999999996 0.0 0.0 0.0 0.0 0.0
0.0 0.0 1.9 0.95 0.95 0.0 0.0 0.0
0.0 1.9 4.75 5.699999999999999 4.75 1.9 1.9 12.35
0.0 0.0 4.75 3.8 3.8 0.0 0.0 0.0
0.0 0.0 2.8499999999999996 2.8499999999999996 2.8499999999999996 0.0 0.0 0.0
0.0 0.0 4.75 4.75 4.75 0.0 0.0 0.0
0.0 0.0 1.9 1.9 1.9 0.0 0.0 0.0
0.0 0.0 1.9 0.95 0.95 0.0 0.0 0.0
0.0 0.0 0.95 0.95 0.95 0.0 0.0 0.0
0.0 0.0 1.9 0.95 0.0 0.0 0.95 0.95
0.0 0.0 0.0 0.0 0.0 0.0 0.0 0.0
0.0 0.0 0.0 0.0 0.0 0.0 0.0 0.0
0.0 0.0 0.0 0.0 0.0 0.0 0.0 0.0
0.0 0.0 0.0 0.0 0.0 0.0 0.0 0.0
0.0 0.0 0.0 0.0 0.0 0.0 0.0 0.0
0.0 0.0 0.0 0.0 0.0 0.0 0.0 0.0
0.0 0.0 0.0 0.0 0.0 0.0 0.0 0.0
0.0 0.0 0.95 0.95 0.95 0.0 0.0 0.0

L_l
0 0 0 0 0 0 0 0 0 0 0 0 0 0 0 0 0 0 0 0 0 0 0 0 0 0 0 0 0 0 0 0 0 0 0 0 0

L_u
0 0 0 0 0 0 0 0 0 0 0 0 0 0 0 0 0 0 0 0 0 0 0 0 0 0 0 0 0 0 0 0 0 0 0 0 0

penalty_S
1000.1428571428571 0.16666666666666666 0.14285714285714285 0.16666666666666666 0.1111111111111111 0.16666666666666666 0.16666666666666666 1000.5 1.0 0.06666666666666667 0.3333333333333333 0.5 0.16666666666666666 0.16666666666666666 0.25 1.0 0.3333333333333333 0.5 0.07692307692307693 1.0 0.16666666666666666 0.3333333333333333 0.5 0.2 0.3333333333333333 0.25 0.2 1.0 0.09090909090909091 0.038461538461538464 0.038461538461538464 0.038461538461538464 0.019230769230769232 0.038461538461538464 0.038461538461538464 0.038461538461538464 0.3333333333333333

F
50.0 50.0 50.0 50.0

aimed g
1 1 1 1 1 1 1 1 1 1 1 1 1 1 1 1 1 1 1 1 1 1 1 1 1 1 1 1 1 1 1 1 2 1 1 1 1

P_names
Flagskib Kernen Perspektiv Perspektiv£(enk.) Reminder Flow-tid Flow-tid£(enk.) Flagskib Kernen Perspektiv Reminder Flow-tid Perspektiv Dilemma Flagskib Kernen Dilemma£-£Stacking Flagskib Reminder Flow-tid Identitet Flagskib Kernen Reminder Identitet Kernen Kernen Identitet Dilemma£-£Binge Kernen Kernen Kernen Kernen Kernen Kernen Kernen Flagskib

C_names
DR1 DR2 Ramasjang P1 P2 P3 P4 P5 P6 P8 Digital SOME

M_names
TV RADIO DIGITAL SOME

BC_names
DR1 DR1 DR1 DR1 DR1 DR1 DR1 DR2 DR2 DR2 DR2 DR2 DR2+ DR2+ DR3 DR3 DR3 Ramasjang Ramasjang Ramasjang Ramasjang Ultra Ultra Ultra Ultra DR DRTV DRTV DR3 P1 P2 P3 P4 P5 P6 P8 DR£Radio

campaign_type
TV TV TV TV TV TV TV TV TV TV TV TV TV TV TV TV TV TV TV TV TV TV TV TV TV TV TV TV TV RADIO RADIO RADIO RADIO RADIO RADIO RADIO RADIO

penalty_g
0.16666666666666666 0.2 0.16666666666666666 0.2 0.125 0.2 0.2 1.0 0.0 0.07142857142857142 0.5 1.0 0.2 0.2 0.3333333333333333 0.0 0.5 1.0 0.08333333333333333 0.0 0.2 0.5 1.0 0.25 0.5 0.3333333333333333 0.25 0.0 0.1 0.04 0.04 0.04 0.02 0.04 0.04 0.04 0.5

aimed_L
4.166666666666667 5.0 4.166666666666667 5.0 3.125 5.0 5.0 25.0 0.0 1.7857142857142858 12.5 25.0 5.0 5.0 8.333333333333334 0.0 12.5 25.0 2.0833333333333335 0.0 5.0 12.5 25.0 6.25 12.5 8.333333333333334 6.25 0.0 2.5 1.0 1.0 1.0 0.49019607843137253 1.0 1.0 1.0 12.5

weight_idle
0.24 0.2 0.24 0.2 0.32 0.2 0.2 0.04 0.0 0.56 0.08 0.04 0.2 0.2 0.12 0.0 0.08 0.04 0.48 0.0 0.2 0.08 0.04 0.16 0.08 0.12 0.16 0.0 0.4 1.0 1.0 1.0 2.04 1.0 1.0 1.0 0.08

