T P M C
35 37 4 12

base obj
11.673443223443222

exp obj
11.835082417582417

Objective struct
11.673443223443222 0.0 12.32

num campaigns
214

x
0 0 0 0 1 0 0 1 0 0 1 0 0 0 0 1 0 0 0 1 0 0 0 1 0 0 0 1 0 0 0 0 0 0 0
0 0 0 0 0 0 0 0 0 0 0 0 0 0 0 0 0 0 1 0 0 0 0 0 0 1 0 0 0 0 0 0 0 0 0
0 0 0 0 0 0 0 0 0 1 0 0 0 1 0 0 0 1 0 0 0 0 1 0 0 0 0 0 0 0 0 0 0 0 0
0 0 0 0 0 0 0 0 0 0 0 1 0 0 1 0 0 1 0 0 1 0 0 1 0 0 1 0 0 0 0 0 0 0 0
0 0 0 0 0 0 0 0 1 1 1 1 1 1 1 0 0 1 0 0 0 0 0 0 0 0 0 1 0 0 0 0 0 0 0
0 0 0 0 0 0 0 0 0 0 0 0 0 0 0 0 1 0 0 0 0 0 0 0 0 1 0 0 0 0 0 0 0 0 0
0 0 0 0 0 0 1 0 0 0 1 0 0 0 1 0 0 0 0 0 0 1 0 0 0 1 0 0 0 1 0 0 0 0 0
0 0 0 0 1 0 0 0 0 0 0 0 0 0 0 0 0 0 0 0 0 0 0 0 0 0 0 0 0 1 0 0 0 0 0
0 0 0 0 0 0 0 0 0 0 0 0 0 0 1 0 0 0 0 0 0 0 0 0 0 0 0 0 0 0 0 0 0 0 0
0 0 0 0 0 0 0 0 0 0 0 0 0 1 0 0 0 1 0 0 0 0 0 0 0 0 0 0 0 0 0 0 0 0 0
0 0 0 0 0 0 1 0 0 0 0 0 0 0 0 0 1 0 0 0 0 0 0 0 0 0 1 0 0 0 0 0 0 0 0
0 0 0 0 0 0 1 0 0 0 0 0 0 0 0 0 0 0 0 0 0 0 0 0 0 0 0 1 0 0 0 0 0 0 0
0 0 0 0 0 0 0 0 0 0 0 0 0 0 0 0 0 0 0 0 1 0 0 0 0 0 0 0 0 1 0 0 0 0 0
0 0 0 0 0 0 0 0 0 0 1 0 0 0 1 0 0 0 1 0 0 0 0 0 0 1 0 0 0 0 0 0 0 0 0
0 0 0 0 0 0 0 0 0 0 0 0 0 0 0 0 0 0 0 0 0 0 0 0 0 0 0 0 0 0 0 0 0 0 0
0 0 0 0 1 0 0 0 0 0 0 0 0 0 0 0 0 0 0 0 0 0 0 0 0 0 0 0 0 0 0 0 0 0 0
0 0 0 0 0 0 0 0 0 0 0 0 1 0 0 0 0 0 0 1 0 0 0 0 0 0 0 1 0 0 0 0 0 0 0
0 0 0 0 0 0 0 0 1 0 0 0 0 0 0 0 0 0 0 0 0 0 0 0 0 0 0 0 0 1 0 0 0 0 0
0 0 0 0 0 0 0 0 0 1 0 1 0 1 0 1 0 1 0 1 0 1 0 0 1 0 1 0 0 0 0 0 0 0 0
0 0 0 0 0 1 0 0 0 0 0 0 0 0 0 0 0 0 0 0 0 0 0 0 0 0 0 0 0 0 0 0 0 0 0
0 0 0 0 0 0 0 0 0 0 0 1 0 0 1 0 0 0 1 0 0 1 0 0 1 0 0 1 0 0 0 0 0 0 0
0 0 0 0 0 0 0 0 0 0 0 0 0 0 0 0 0 0 0 0 0 0 0 0 0 0 0 0 0 0 0 0 0 0 0
0 0 0 0 0 0 1 0 0 0 0 0 0 0 0 0 0 0 0 0 0 0 0 0 0 0 0 0 0 1 0 0 0 0 0
0 0 0 0 0 0 0 0 0 0 0 0 1 0 0 0 0 0 0 0 0 0 0 1 0 0 0 0 0 0 0 0 0 0 0
0 0 0 0 0 0 0 0 1 0 0 0 0 0 0 0 0 0 0 0 0 1 0 0 0 0 0 0 0 0 0 0 0 0 0
0 0 0 0 1 0 0 0 0 0 0 0 1 0 0 0 0 0 0 0 1 0 0 0 0 0 0 0 1 0 0 0 0 0 0
0 0 0 0 0 0 1 0 0 0 0 0 0 0 0 0 1 0 0 0 0 0 0 1 0 0 0 0 0 0 0 0 0 0 0
0 0 0 0 0 0 0 0 0 0 0 0 0 0 0 0 0 0 0 0 0 1 0 0 0 0 0 0 0 0 0 0 0 0 0
0 0 0 0 0 0 0 0 0 0 0 0 0 0 0 0 0 0 0 0 0 0 0 0 0 0 0 0 0 0 0 0 0 0 0
0 0 0 0 0 1 1 1 1 1 1 1 1 1 1 1 1 1 1 1 1 1 1 1 1 1 1 1 1 1 0 0 0 0 0
0 0 0 0 0 1 1 1 1 1 1 1 1 1 1 1 1 1 1 1 1 1 1 1 1 1 1 1 1 1 0 0 0 0 0
0 0 0 0 0 1 1 0 1 1 1 1 1 1 1 1 1 1 1 1 1 1 1 1 1 1 1 1 1 1 0 0 0 0 0
0 0 0 0 0 0 0 0 0 1 1 1 0 0 1 1 1 1 0 0 1 1 0 0 1 1 0 1 1 0 0 0 0 0 0
0 0 0 0 0 1 1 0 1 1 1 1 1 1 1 1 1 1 1 1 1 1 1 1 1 1 1 1 1 1 0 0 0 0 0
0 0 0 0 0 1 0 0 1 1 1 1 0 0 1 1 1 0 1 0 0 1 1 0 1 1 1 0 0 1 0 0 0 0 0
0 0 0 0 0 0 0 0 0 0 0 0 0 0 0 0 0 0 0 0 0 0 0 0 0 0 0 0 0 0 0 0 0 0 0
0 0 0 0 0 0 0 0 0 0 0 0 0 0 0 0 0 0 0 0 0 0 0 0 0 0 0 0 0 0 0 0 0 0 0

y
0.0 2.0 0.0 0.0 0.0 4.0 0.0 0.0 0.0 2.2142857142857144 0.0 0.0 4.0 0.0 0.0 0.0 0.0 0.0 0.0 0.0 0.0 0.0 0.0 4.75 0.5 0.0 0.75 0.0 0.0 0.0 0.0 0.0 0.5098039215686274 0.0 0.0 0.0 0.0

k
0 4 3 0 0 4 0 0 0 13 0 0 4 2 4 0 0 0 4 0 0 3 0 3 1 0 2 0 11 1 1 2 39 2 11 26 3

f
8.75 19.25 0.0 5.25 0.0 0.0 0.0 0.0 0.0 0.0 0.0 8.75 0.0 0.0 0.0 0.0 0.0 0.0 0.0 0.0 0.0 0.0 0.0 0.0 0.0 1.75 1.75 0.0 0.0 0.0 0.0 0.0 0.0 0.0 0.0
0.0 0.0 0.0 0.0 0.0 0.0 2.0 2.0 0.0 0.0 1.5 3.0 0.0 0.0 0.0 0.0 0.0 0.0 0.0 0.0 0.0 0.0 0.0 0.0 0.0 0.0 0.0 0.0 0.0 0.0 0.0 0.0 0.0 0.0 0.0
0.0 0.0 0.0 0.0 0.0 0.0 0.0 0.0 0.0 0.0 0.0 0.0 0.0 0.0 0.0 0.0 0.0 0.0 0.0 0.0 0.0 0.0 0.0 0.0 0.0 0.0 0.0 0.0 0.0 0.0 0.0 0.0 0.0 0.0 0.0
0.0 0.0 0.0 6.75 0.25 0.0 1.25 0.0 0.0 7.75 0.0 1.75 0.0 0.75 0.0 11.25 0.25 7.75 0.0 5.25 1.25 0.0 0.25 2.75 0.0 2.25 0.0 0.0 0.0 0.0 0.0 0.0 0.0 0.0 0.0

L
3 7 4 3 1 9 4 25 0 4 10 21 9 4 0 0 7 21 2 0 3 0 23 11 13 8 7 0 0 1 1 1 1 1 1 0 0

g
0 0 0 0 0 0 0 0 0 0 0 0 0 0 0 0 0 0 0 0 0 0 0 0 0 0 0 0 0 0 0 0 0 0 0
0 0 0 0 0 0 0 0 0 0 0 0 0 0 0 0 0 0 0 0 0 0 0 0 0 0 0 0 0 0 0 0 0 0 0
0 0 0 0 0 0 0 0 0 0 0 0 0 0 0 0 0 0 0 0 0 0 0 0 0 0 0 0 0 0 0 0 0 0 0
0 0 0 0 0 0 0 0 0 0 0 0 0 0 0 0 0 0 0 0 0 0 0 0 0 0 0 0 0 0 0 0 0 0 0
0 0 0 0 0 0 0 0 0 0 0 0 0 0 0 0 0 0 0 0 0 0 0 0 0 0 0 0 0 0 0 0 0 0 0
0 0 0 0 0 0 0 0 0 0 0 0 0 0 0 0 0 0 0 0 0 0 0 0 0 0 0 0 0 0 0 0 0 0 0
0 0 0 0 0 0 0 0 0 0 0 0 0 0 0 0 0 0 0 0 0 0 0 0 0 0 0 0 0 0 0 0 0 0 0
0 0 0 0 0 0 0 0 0 0 0 0 0 0 0 0 0 0 0 0 0 0 0 0 0 0 0 0 0 0 0 0 0 0 0
0 0 0 0 0 0 0 0 0 0 0 0 0 0 0 0 0 0 0 0 0 0 0 0 0 0 0 0 0 0 0 0 0 0 0
0 0 0 0 0 0 0 0 0 0 0 0 0 0 0 0 0 0 0 0 0 0 0 0 0 0 0 0 0 0 0 0 0 0 0
0 0 0 0 0 0 0 0 0 0 0 0 0 0 0 0 0 0 0 0 0 0 0 0 0 0 0 0 0 0 0 0 0 0 0
0 0 0 0 0 0 0 0 0 0 0 0 0 0 0 0 0 0 0 0 0 0 0 0 0 0 0 0 0 0 0 0 0 0 0
0 0 0 0 0 0 0 0 0 0 0 0 0 0 0 0 0 0 0 0 0 0 0 0 0 0 0 0 0 0 0 0 0 0 0
0 0 0 0 0 0 0 0 0 0 0 0 0 0 0 0 0 0 0 0 0 0 0 0 0 0 0 0 0 0 0 0 0 0 0
0 0 0 0 0 0 0 0 0 0 0 0 0 0 0 0 0 0 0 0 0 0 0 0 0 0 0 0 0 0 0 0 0 0 0
0 0 0 0 0 0 0 0 0 0 0 0 0 0 0 0 0 0 0 0 0 0 0 0 0 0 0 0 0 0 0 0 0 0 0
0 0 0 0 0 0 0 0 0 0 0 0 0 0 0 0 0 0 0 0 0 0 0 0 0 0 0 0 0 0 0 0 0 0 0
0 0 0 0 0 0 0 0 0 0 0 0 0 0 0 0 0 0 0 0 0 0 0 0 0 0 0 0 0 0 0 0 0 0 0
0 0 0 0 0 0 0 0 0 0 0 0 0 0 0 0 0 0 0 0 0 0 0 0 0 0 0 0 0 0 0 0 0 0 0
0 0 0 0 0 0 0 0 0 0 0 0 0 0 0 0 0 0 0 0 0 0 0 0 0 0 0 0 0 0 0 0 0 0 0
0 0 0 0 0 0 0 0 0 0 0 0 0 0 0 0 0 0 0 0 0 0 0 0 0 0 0 0 0 0 0 0 0 0 0
0 0 0 0 0 0 0 0 0 0 0 0 0 0 0 0 0 0 0 0 0 0 0 0 0 0 0 0 0 0 0 0 0 0 0
0 0 0 0 0 0 0 0 0 0 0 0 0 0 0 0 0 0 0 0 0 0 0 0 0 0 0 0 0 0 0 0 0 0 0
0 0 0 0 0 0 0 0 0 0 0 0 0 0 0 0 0 0 0 0 0 0 0 0 0 0 0 0 0 0 0 0 0 0 0
0 0 0 0 0 0 0 0 0 0 0 0 0 0 0 0 0 0 0 0 0 0 0 0 0 0 0 0 0 0 0 0 0 0 0
0 0 0 0 0 0 0 0 0 0 0 0 0 0 0 0 0 0 0 0 0 0 0 0 0 0 0 0 0 0 0 0 0 0 0
0 0 0 0 0 0 0 0 0 0 0 0 0 0 0 0 0 0 0 0 0 0 0 0 0 0 0 0 0 0 0 0 0 0 0
0 0 0 0 0 0 0 0 0 0 0 0 0 0 0 0 0 0 0 0 0 0 0 0 0 0 0 0 0 0 0 0 0 0 0
0 0 0 0 0 0 0 0 0 0 0 0 0 0 0 0 0 0 0 0 0 0 0 0 0 0 0 0 0 0 0 0 0 0 0
0 0 0 0 0 0 0 0 0 0 0 0 0 0 0 0 0 0 0 0 0 0 0 0 0 0 0 0 0 0 0 0 0 0 0
0 0 0 0 0 0 0 0 0 0 0 0 0 0 0 0 0 0 0 0 0 0 0 0 0 0 0 0 0 0 0 0 0 0 0
0 0 0 0 0 0 0 0 0 0 0 0 0 0 0 0 0 0 0 0 0 0 0 0 0 0 0 0 0 0 0 0 0 0 0
0 0 0 0 0 0 0 0 0 0 0 0 0 0 0 0 0 0 0 0 0 0 0 0 0 0 0 0 0 0 0 0 0 0 0
0 0 0 0 0 0 0 0 0 0 0 0 0 0 0 0 0 0 0 0 0 0 0 0 0 0 0 0 0 0 0 0 0 0 0
0 0 0 0 0 0 0 0 0 0 0 0 0 0 0 0 0 0 0 0 0 0 0 0 0 0 0 0 0 0 0 0 0 0 0
0 0 0 0 0 0 0 0 0 0 0 0 0 0 0 0 0 0 0 0 0 0 0 0 0 0 0 0 0 0 0 0 0 0 0
0 0 0 0 0 0 0 0 0 0 0 0 0 0 0 0 0 0 0 0 0 0 0 0 0 0 0 0 0 0 0 0 0 0 0

I cap
1058.909090909091 1058.909090909091 951.305090909094 893.2550909090992 956.2340000000191 854.5280000000853 811.0460000000473 1118.2500000000362 752.1500000000239 813.5820000000094 604.3860000000276 577.1940000000243 713.6460000000296 570.2520000000325 424.06200000001616 764.8430909091051 669.6050909091132 464.1170909091179 530.3570909091175 763.1870909091125 603.203090909113 568.1570909091079 616.181090909108 590.063090909105 790.8530909090956 557.8790909090995 663.3770909090983 748.9490909090949 681.6470909090918 638.231090909091 788.2250909090922 980.2490909090976 1027.409090909091 1058.909090909091 672.0
107.96969696969697 107.96969696969697 71.57369696969695 70.76369696969695 76.60600000000144 79.09199999999677 8.853999999996866 31.249999999997982 62.749999999999545 120.41799999999971 103.91399999999936 90.50599999999942 102.15399999999941 46.447999999998544 24.337999999999028 85.2356969696966 59.873696969696624 18.761696969696075 37.12169696969579 94.09169696969634 61.47569696969583 60.521696969696166 67.39769696969645 71.91569696969592 93.42569696969665 87.899696969696 58.00169696969594 0.3296969696958074 15.431696969696812 7.547696969696035 40.25369696969385 55.22969696969651 76.46969696969697 107.96969696969697 84.0
38.96666666666666 38.96666666666666 38.96666666666666 16.526666666666667 21.659999999999993 27.48000000000013 41.30000000000018 27.092500000000086 28.492500000000092 21.492500000000035 13.092499999999992 3.6000000000000014 5.0 10.599999999999977 12.00000000000001 13.166666666666657 19.466666666666644 26.366666666666656 19.466666666666658 13.166666666666657 19.466666666666644 13.166666666666629 19.466666666666644 19.466666666666644 19.466666666666644 19.466666666666658 13.166666666666686 19.466666666666672 8.059166666666844 14.359166666666894 27.559166666666886 27.55916666666682 38.96666666666666 38.96666666666666 23.8
45.24545454545453 45.24545454545453 43.35545454545453 43.35545454545452 27.88800000000001 30.7439999999999 28.367999999999988 29.729999999999738 26.727000000000277 29.940999999999704 28.28699999999964 19.919000000000022 24.422999999999988 15.577999999999925 7.9359999999999005 29.000454545454264 28.883454545454303 20.945454545454144 22.376454545454028 29.30645454545406 30.440454545454354 32.95145454545407 30.05345454545419 26.219454545454177 27.84845454545422 28.487454545454135 29.24345454545408 29.513454545454273 30.224454545454506 36.20945454545442 42.90545454545453 43.589454545454515 44.048454545454526 45.24545454545453 42.0
20.999999999999993 20.999999999999993 20.243999999999993 20.243999999999993 13.404000000000362 19.462 14.130999999999933 12.983999999999831 10.697000000000056 8.77999999999997 11.605000000000047 10.246000000000116 14.181000000000132 12.519000000000013 4.603999999999972 9.354000000000166 10.65000000000002 5.8529999999999935 7.131000000000074 9.030000000000083 9.858000000000008 11.892000000000138 9.479999999999993 6.834000000000066 9.60600000000009 10.740000000000006 9.155999999999995 10.281000000000038 10.443000000000051 11.235000000000142 14.844000000000012 17.732999999999993 20.48699999999999 20.999999999999993 21.0
345.75757575757575 345.75757575757575 342.16657575757574 306.16657575757574 179.56494117647057 201.04747058823293 242.76505882352717 222.89747058823215 243.8974705882313 236.18499999999534 212.30499999999947 211.63900000000046 237.14399999999353 168.31199999999092 166.4349999999955 262.33657575756837 259.5195757575668 205.21357575756642 204.9615757575684 236.47057575756872 190.3635757575695 215.68057575756626 248.28757575756694 245.26357575756924 237.0105757575696 243.85057575757037 258.03457575757096 243.10357575757052 210.55957575757245 253.0136345811034 305.2401051693404 334.1025757575758 345.75757575757575 345.75757575757575 245.0
779.7575757575758 779.7575757575758 751.0295757575758 720.0695757575758 595.7250000000004 708.355 791.0710000000001 755.722 782.698 710.731 638.4769999999997 713.9719999999999 860.3530000000001 682.972 575.471 569.0225757575791 552.795575757578 525.399575757578 621.2585757575789 592.2245757575769 524.2655757575795 647.3405757575796 686.1755757575781 576.8885757575769 532.4645757575774 601.035575757576 603.3575757575768 544.1645757575782 610.0715757575773 685.8425757575758 723.5795757575758 744.1355757575758 765.9065757575758 779.7575757575758 630.0
80.73333333333335 80.73333333333335 79.41033333333336 79.41033333333336 66.94199999999988 83.60100000000003 71.87700000000002 81.44900000000001 80.313 82.59700000000002 72.84900000000002 79.25500000000001 91.27300000000002 85.14600000000002 73.668 68.59233333333336 67.80933333333337 66.27933333333337 67.17033333333337 69.16833333333335 70.79733333333336 72.03933333333337 70.2303333333334 68.52933333333337 70.60833333333336 69.15933333333338 68.97933333333337 67.54833333333336 68.27733333333336 70.32033333333337 76.47033333333336 79.97733333333335 80.04933333333335 80.73333333333335 48.300000000000004
10.775757575757575 10.775757575757575 9.830757575757575 4.790757575757575 0.8850000000000005 1.2500000000000029 0.6399999999999975 3.924999999999997 2.5999999999999996 3.7000000000000006 4.399999999999997 5.0999999999999925 4.173000000000004 0.242000000000008 2.569000000000001 5.375757575757575 3.2157575757575945 2.80175757575757 2.9007575757575728 3.9897575757575723 0.7587575757575724 2.1447575757575787 5.375757575757579 6.095757575757583 2.4417575757575776 0.3807575757575794 4.916757575757574 3.044757575757561 0.2727575757575629 0.9297575757575811 7.3107575757575685 9.830757575757577 9.920757575757575 10.775757575757575 8.4
2.545454545454545 2.545454545454545 1.9784545454545448 1.9784545454545448 2.0439999999999996 0.07699999999999985 0.7749999999999911 0.12899999999999945 0.8289999999999756 0.9659999999999994 1.4769999999999845 0.6439999999999999 0.8329999999999999 0.15599999999999947 0.23699999999999943 1.0334545454545414 1.1414545454545464 0.27745454545454007 0.7364545454544907 1.3304545454545387 0.33145454545454034 0.061454545454532994 0.4124545454545414 1.7894545454545245 0.6554545454545111 0.7364545454545445 0.9524545454545402 0.43945454545453244 1.1414545454545477 0.33145454545454367 0.6284545454545443 1.5464545454545449 2.545454545454545 2.545454545454545 2.8000000000000003
8.515433299825174 8.515433299825174 8.515433299825174 8.515433299825174 6.159409395039316 6.1613943275862 5.78790337931036 7.612307603448106 8.518848120689594 6.1447885344824975 6.860637758620466 6.812444999999837 6.996383620689508 5.271050689655247 4.6541593965517745 4.985748448275905 5.409210189655221 4.792924155172466 4.563233810344872 5.31465301724142 4.349584435736709 5.862953982758665 6.7879484655172755 5.580922965517313 5.0496344425288004 4.826290879310397 4.5359032758621085 6.086858620689417 6.86423948275839 6.530213938293867 8.993675689655172 9.591614655172414 7.500741379310345 8.024766408045977 11.315375057471266
700.0 700.0 700.0 696.4000000000001 691.0000000000002 690.1000000000001 684.7000000000003 691.0000000000001 684.7000000000002 685.6000000000003 684.7000000000002 686.5000000000002 682.9000000000001 682.0000000000002 678.4000000000003 684.7000000000002 687.4000000000002 684.7000000000004 683.8000000000003 683.8000000000001 683.8000000000002 678.4000000000003 685.6000000000003 680.2000000000002 688.3000000000002 682.9000000000001 689.2000000000002 684.7000000000002 686.5000000000002 680.2000000000004 683.8000000000001 693.7 697.3000000000001 700.0 695.5

H cap
-8.75 -19.25 36.75 -5.25 22.75 43.75 26.25 15.75 57.75 57.75 12.25 -8.75 5.25 15.75 33.25 12.25 47.25 43.75 43.75 29.75 19.25 29.75 19.25 5.25 36.75 -1.75 -1.75 131.25 131.25 131.25 131.25 131.25 131.25 131.25 131.25
39.5 24.5 16.5 20.5 24.5 13.0 -2.0 -2.0 11.0 12.0 -1.5 -3.0 4.5 0.5 2.5 7.5 8.0 10.0 15.0 12.5 12.0 4.5 3.0 4.0 8.5 10.5 25.5 52.5 52.5 52.5 52.5 52.5 52.5 52.5 52.5
49.0 45.5 49.0 49.0 52.5 45.5 45.5 45.5 38.5 35.0 38.5 45.5 49.0 38.5 42.0 49.0 42.0 49.0 56.0 45.5 45.5 56.0 49.0 42.0 49.0 45.5 49.0 63.0 63.0 63.0 63.0 63.0 63.0 63.0 63.0
17.75 2.75 3.75 -6.75 -0.25 0.25 -1.25 1.75 1.75 -7.75 0.75 -1.75 3.25 -0.75 0.25 -11.25 -0.25 -7.75 3.25 -5.25 -1.25 2.75 -0.25 -2.75 2.75 -2.25 9.75 78.75 78.75 78.75 78.75 78.75 78.75 78.75 78.75

Gap
NaN

Time
NaN

