T P M C
35 37 4 12

base obj
11.483150183150183

exp obj
11.422362637362637

Objective struct
11.483150183150183 0.0 11.24

num campaigns
224

x
0 0 0 0 1 0 0 0 1 0 0 0 1 0 0 0 1 0 0 0 0 1 0 0 0 1 0 0 0 1 0 0 0 0 0
0 0 0 0 0 0 0 0 0 0 0 0 0 0 1 0 0 0 0 0 0 0 0 1 0 0 0 0 0 0 0 0 0 0 0
0 0 0 0 0 0 0 0 0 1 0 0 0 0 1 0 0 0 1 0 0 0 0 1 0 0 0 1 0 0 0 0 0 0 0
0 0 0 0 0 0 0 0 0 0 1 0 0 0 1 0 0 1 0 0 0 1 0 0 1 0 0 1 0 0 0 0 0 0 0
0 0 0 0 0 0 1 0 1 0 1 0 1 0 1 0 0 0 1 0 1 0 0 0 1 0 1 0 0 0 0 0 0 0 0
0 0 0 0 0 0 0 0 0 0 1 0 0 0 0 0 0 0 1 0 0 0 0 0 0 0 0 0 0 0 0 0 0 0 0
0 0 0 0 0 1 0 0 0 0 1 0 0 1 0 0 1 0 0 1 0 0 0 0 0 1 0 0 0 0 0 0 0 0 0
0 0 0 0 1 0 0 0 0 0 0 0 0 0 0 0 0 0 0 0 0 0 0 0 0 0 0 0 0 1 0 0 0 0 0
0 0 0 0 0 0 0 0 0 0 0 0 0 0 0 0 0 0 0 0 1 0 0 0 0 0 0 0 0 0 0 0 0 0 0
0 0 0 0 0 0 0 0 0 0 0 0 0 1 0 0 0 1 0 0 0 0 0 0 0 1 0 0 0 0 0 0 0 0 0
0 0 0 0 1 0 0 0 0 0 0 0 0 0 0 1 0 0 0 0 0 0 0 0 0 0 1 0 0 0 0 0 0 0 0
0 0 0 0 0 0 1 0 0 0 0 0 0 0 0 0 0 0 0 0 0 0 0 0 0 0 0 0 0 1 0 0 0 0 0
0 0 0 0 0 0 0 0 0 0 0 0 0 0 0 0 1 0 0 0 0 0 0 0 0 1 0 0 0 0 0 0 0 0 0
0 0 0 0 1 0 0 0 0 0 0 0 0 1 0 0 0 0 0 0 0 0 0 1 0 0 0 0 0 0 0 0 0 0 0
0 0 0 0 0 0 0 0 0 0 0 0 0 0 0 0 0 0 0 0 0 0 0 0 0 0 0 0 0 0 0 0 0 0 0
0 0 0 0 0 0 0 0 0 0 0 0 0 0 0 1 0 0 0 0 0 0 0 0 0 0 0 0 0 0 0 0 0 0 0
0 0 0 0 0 0 0 0 0 0 0 0 0 0 0 0 0 0 0 1 0 0 0 0 0 0 0 0 0 1 0 0 0 0 0
0 0 0 0 0 0 1 0 0 0 0 0 0 0 0 0 0 0 0 0 0 0 0 0 0 0 0 1 0 0 0 0 0 0 0
0 0 0 0 1 0 1 0 1 0 1 0 0 1 0 1 0 1 0 1 0 1 0 1 0 1 0 1 0 1 0 0 0 0 0
0 0 0 0 1 0 0 0 0 0 0 0 0 0 0 0 0 0 0 0 0 0 0 0 0 0 0 0 0 0 0 0 0 0 0
0 0 0 0 0 0 1 0 0 0 1 0 0 0 0 1 0 0 0 1 0 0 0 1 0 0 0 1 0 0 0 0 0 0 0
0 0 0 0 0 0 0 0 0 0 0 0 0 0 0 0 0 0 0 0 0 0 0 0 0 0 0 0 0 0 0 0 0 0 0
0 0 0 0 0 0 1 0 0 0 0 0 0 0 0 0 0 0 0 0 0 0 0 0 0 0 0 1 0 0 0 0 0 0 0
0 0 0 0 0 0 0 0 0 0 0 1 0 0 0 0 0 0 0 0 1 0 0 0 0 0 0 0 0 0 0 0 0 0 0
0 0 0 0 0 0 0 0 1 0 0 0 0 0 0 0 0 0 0 0 0 0 1 0 0 0 0 0 0 0 0 0 0 0 0
0 0 0 0 1 0 0 0 0 0 0 0 1 0 0 0 0 0 0 0 1 0 0 0 0 0 0 0 1 0 0 0 0 0 0
0 0 0 0 0 0 1 0 0 0 0 0 0 0 0 0 0 1 0 0 0 0 0 0 1 0 0 0 0 0 0 0 0 0 0
0 0 0 0 0 0 0 0 0 0 1 0 0 0 0 0 0 0 0 0 0 0 0 0 0 0 0 0 0 0 0 0 0 0 0
0 0 0 0 0 0 0 0 0 0 0 0 0 0 0 0 0 0 0 0 0 0 0 0 0 0 0 0 0 0 0 0 0 0 0
0 0 0 0 1 1 1 1 1 1 1 1 1 1 1 1 1 1 1 1 1 1 0 1 1 1 1 1 1 1 0 0 0 0 0
0 0 0 0 1 1 1 1 0 1 1 1 1 1 1 1 1 1 1 1 1 1 1 1 1 1 1 1 1 1 0 0 0 0 0
0 0 0 0 1 1 1 1 0 1 1 1 1 1 1 1 1 1 1 1 1 1 0 1 1 1 1 1 1 1 0 0 0 0 0
0 0 0 0 0 0 1 1 0 1 1 1 1 0 1 1 1 1 1 1 1 0 0 0 1 1 0 1 0 0 0 0 0 0 0
0 0 0 0 1 1 1 1 0 1 1 1 1 1 1 1 1 1 1 1 1 1 0 1 1 1 1 1 1 1 0 0 0 0 0
0 0 0 0 1 0 0 1 0 1 1 1 1 1 1 0 1 1 1 0 0 1 0 1 1 1 1 1 1 0 0 0 0 0 0
0 0 0 0 0 0 0 0 0 0 0 0 0 0 0 0 0 0 0 0 0 0 0 0 0 0 0 0 0 0 0 0 0 0 0
0 0 0 0 0 0 0 0 0 0 0 0 0 0 0 0 0 0 0 0 0 0 0 0 0 0 0 0 0 0 0 0 0 0 0

y
0.0 4.0 0.0 0.0 0.0 3.0 0.0 0.0 0.0 2.2142857142857144 0.0 0.0 4.0 4.0 0.0 0.0 0.0 0.0 0.0 0.0 0.0 0.0 0.0 2.75 1.5 0.0 0.75 0.0 0.0 0.0 0.0 0.0 0.5098039215686274 0.0 0.0 0.0 0.0

k
0 4 2 0 0 4 0 0 0 12 0 0 4 3 4 0 1 0 0 0 0 3 0 3 1 0 2 0 11 1 1 2 36 2 8 26 3

f
5.25 15.75 8.75 0.0 0.0 0.0 1.75 1.75 0.0 0.0 0.0 1.75 0.0 0.0 0.0 0.0 0.0 0.0 0.0 0.0 0.0 0.0 0.0 1.75 0.0 5.25 5.25 0.0 0.0 0.0 0.0 0.0 0.0 0.0 0.0
0.0 0.0 0.0 0.0 0.0 0.0 0.0 0.0 0.0 0.0 2.5 0.0 0.0 6.0 0.5 0.0 0.0 0.0 0.0 0.0 0.0 8.0 1.5 0.0 0.0 0.0 0.0 0.0 0.0 0.0 0.0 0.0 0.0 0.0 0.0
0.0 0.0 0.0 0.0 0.0 0.0 0.0 0.0 0.0 0.0 0.0 0.0 0.0 0.0 0.0 0.0 0.0 0.0 0.0 0.0 0.0 0.0 0.0 0.0 0.0 0.0 0.0 0.0 0.0 0.0 0.0 0.0 0.0 0.0 0.0
0.0 6.75 0.0 0.75 0.0 9.25 0.0 0.75 0.0 0.25 0.0 0.0 4.25 0.75 0.0 0.0 0.0 2.75 0.0 15.75 0.25 3.25 0.0 0.75 0.25 4.25 0.0 0.0 0.0 0.0 0.0 0.0 0.0 0.0 0.0

L
4 9 4 3 2 8 3 25 0 4 11 23 9 9 0 0 10 21 2 0 4 0 21 9 14 8 7 0 0 1 1 1 1 1 1 0 0

g
0 0 0 0 0 0 0 0 0 0 0 0 0 0 0 0 0 0 0 0 0 0 0 0 0 0 0 0 0 0 0 0 0 0 0
0 0 0 0 0 0 0 0 0 0 0 0 0 0 0 0 0 0 0 0 0 0 0 0 0 0 0 0 0 0 0 0 0 0 0
0 0 0 0 0 0 0 0 0 0 0 0 0 0 0 0 0 0 0 0 0 0 0 0 0 0 0 0 0 0 0 0 0 0 0
0 0 0 0 0 0 0 0 0 0 0 0 0 0 0 0 0 0 0 0 0 0 0 0 0 0 0 0 0 0 0 0 0 0 0
0 0 0 0 0 0 0 0 0 0 0 0 0 0 0 0 0 0 0 0 0 0 0 0 0 0 0 0 0 0 0 0 0 0 0
0 0 0 0 0 0 0 0 0 0 0 0 0 0 0 0 0 0 0 0 0 0 0 0 0 0 0 0 0 0 0 0 0 0 0
0 0 0 0 0 0 0 0 0 0 0 0 0 0 0 0 0 0 0 0 0 0 0 0 0 0 0 0 0 0 0 0 0 0 0
0 0 0 0 0 0 0 0 0 0 0 0 0 0 0 0 0 0 0 0 0 0 0 0 0 0 0 0 0 0 0 0 0 0 0
0 0 0 0 0 0 0 0 0 0 0 0 0 0 0 0 0 0 0 0 0 0 0 0 0 0 0 0 0 0 0 0 0 0 0
0 0 0 0 0 0 0 0 0 0 0 0 0 0 0 0 0 0 0 0 0 0 0 0 0 0 0 0 0 0 0 0 0 0 0
0 0 0 0 0 0 0 0 0 0 0 0 0 0 0 0 0 0 0 0 0 0 0 0 0 0 0 0 0 0 0 0 0 0 0
0 0 0 0 0 0 0 0 0 0 0 0 0 0 0 0 0 0 0 0 0 0 0 0 0 0 0 0 0 0 0 0 0 0 0
0 0 0 0 0 0 0 0 0 0 0 0 0 0 0 0 0 0 0 0 0 0 0 0 0 0 0 0 0 0 0 0 0 0 0
0 0 0 0 0 0 0 0 0 0 0 0 0 0 0 0 0 0 0 0 0 0 0 0 0 0 0 0 0 0 0 0 0 0 0
0 0 0 0 0 0 0 0 0 0 0 0 0 0 0 0 0 0 0 0 0 0 0 0 0 0 0 0 0 0 0 0 0 0 0
0 0 0 0 0 0 0 0 0 0 0 0 0 0 0 0 0 0 0 0 0 0 0 0 0 0 0 0 0 0 0 0 0 0 0
0 0 0 0 0 0 0 0 0 0 0 0 0 0 0 0 0 0 0 0 0 0 0 0 0 0 0 0 0 0 0 0 0 0 0
0 0 0 0 0 0 0 0 0 0 0 0 0 0 0 0 0 0 0 0 0 0 0 0 0 0 0 0 0 0 0 0 0 0 0
0 0 0 0 0 0 0 0 0 0 0 0 0 0 0 0 0 0 0 0 0 0 0 0 0 0 0 0 0 0 0 0 0 0 0
0 0 0 0 0 0 0 0 0 0 0 0 0 0 0 0 0 0 0 0 0 0 0 0 0 0 0 0 0 0 0 0 0 0 0
0 0 0 0 0 0 0 0 0 0 0 0 0 0 0 0 0 0 0 0 0 0 0 0 0 0 0 0 0 0 0 0 0 0 0
0 0 0 0 0 0 0 0 0 0 0 0 0 0 0 0 0 0 0 0 0 0 0 0 0 0 0 0 0 0 0 0 0 0 0
0 0 0 0 0 0 0 0 0 0 0 0 0 0 0 0 0 0 0 0 0 0 0 0 0 0 0 0 0 0 0 0 0 0 0
0 0 0 0 0 0 0 0 0 0 0 0 0 0 0 0 0 0 0 0 0 0 0 0 0 0 0 0 0 0 0 0 0 0 0
0 0 0 0 0 0 0 0 0 0 0 0 0 0 0 0 0 0 0 0 0 0 0 0 0 0 0 0 0 0 0 0 0 0 0
0 0 0 0 0 0 0 0 0 0 0 0 0 0 0 0 0 0 0 0 0 0 0 0 0 0 0 0 0 0 0 0 0 0 0
0 0 0 0 0 0 0 0 0 0 0 0 0 0 0 0 0 0 0 0 0 0 0 0 0 0 0 0 0 0 0 0 0 0 0
0 0 0 0 0 0 0 0 0 0 0 0 0 0 0 0 0 0 0 0 0 0 0 0 0 0 0 0 0 0 0 0 0 0 0
0 0 0 0 0 0 0 0 0 0 0 0 0 0 0 0 0 0 0 0 0 0 0 0 0 0 0 0 0 0 0 0 0 0 0
0 0 0 0 0 0 0 0 0 0 0 0 0 0 0 0 0 0 0 0 0 0 0 0 0 0 0 0 0 0 0 0 0 0 0
0 0 0 0 0 0 0 0 0 0 0 0 0 0 0 0 0 0 0 0 0 0 0 0 0 0 0 0 0 0 0 0 0 0 0
0 0 0 0 0 0 0 0 0 0 0 0 0 0 0 0 0 0 0 0 0 0 0 0 0 0 0 0 0 0 0 0 0 0 0
0 0 0 0 0 0 0 0 0 0 0 0 0 0 0 0 0 0 0 0 0 0 0 0 0 0 0 0 0 0 0 0 0 0 0
0 0 0 0 0 0 0 0 0 0 0 0 0 0 0 0 0 0 0 0 0 0 0 0 0 0 0 0 0 0 0 0 0 0 0
0 0 0 0 0 0 0 0 0 0 0 0 0 0 0 0 0 0 0 0 0 0 0 0 0 0 0 0 0 0 0 0 0 0 0
0 0 0 0 0 0 0 0 0 0 0 0 0 0 0 0 0 0 0 0 0 0 0 0 0 0 0 0 0 0 0 0 0 0 0
0 0 0 0 0 0 0 0 0 0 0 0 0 0 0 0 0 0 0 0 0 0 0 0 0 0 0 0 0 0 0 0 0 0 0

I cap
1058.909090909091 1058.909090909091 932.9450909090981 932.9450909090999 1026.9740000000209 888.8900000000425 851.8520000000435 1090.2420000000595 774.2540000000103 912.294000000015 332.82000000002904 652.3080000000344 628.8300000000271 647.4540000000122 405.0720000000307 670.9910909091207 649.3370909091145 590.1710909091105 623.9570909091154 586.5530909091121 575.3210909091093 591.2870909091054 727.3130909091028 713.1110909091065 515.6510909090998 606.2090909090953 715.1630909090944 563.5310909090986 607.0010909090909 692.2130909090914 810.1130909090949 936.9050909090965 953.105090909091 1058.909090909091 672.0
107.96969696969697 107.96969696969697 71.5736969696969 71.5736969696969 52.84600000000167 51.20999999999716 15.74799999999615 57.45799999999784 91.0460000000001 122.50599999999993 80.27999999999932 99.09199999999944 96.06999999999935 57.44600000000021 57.72799999999863 66.58769696969507 44.14169696969654 8.807696969696842 45.22169696969617 71.82569696969573 58.757696969696454 69.79169696969716 89.46569696969657 87.46769696969567 72.52769696969587 44.96969696969703 24.215696969696978 1.24769696969458 27.977696969692197 3.0656969696970364 43.56569696969657 49.97369696969254 73.37369696969697 107.96969696969697 84.0
38.96666666666666 38.96666666666666 16.52666666666666 16.526666666666667 23.279999999999994 24.292500000000185 4.092500000000244 7.5925000000001335 2.6925000000000745 32.90000000000002 5.0 9.900000000000002 5.0 30.100000000000005 25.199999999999996 13.166666666666671 19.466666666666658 13.166666666666636 32.66666666666664 13.166666666666629 19.466666666666615 13.1666666666667 32.66666666666666 13.166666666666643 19.466666666666644 13.166666666666643 21.25916666666675 1.7591666666667516 8.059166666666844 1.7591666666669292 32.66666666666667 32.66666666666667 38.96666666666666 38.96666666666666 23.8
45.24545454545453 45.24545454545453 43.35545454545453 38.000454545454545 22.53300000000002 31.31099999999988 28.367999999999817 29.918999999999787 27.293999999999997 30.318999999999775 23.471999999999404 21.08899999999998 23.0819999999999 18.952999999999996 10.708000000000002 29.31545454545435 30.125454545454097 26.87645454545414 22.673454545454092 24.419454545453895 26.777454545454255 33.51845454545413 36.866454545454275 29.93645454545406 25.535454545453895 25.292454545454152 27.686454545454207 26.030454545454354 28.298454545454423 32.933454545454424 42.08645454545453 42.27545454545452 43.481454545454525 45.24545454545453 42.0
20.999999999999993 20.999999999999993 20.243999999999993 19.92899999999999 10.389000000000387 16.950999999999986 11.430999999999951 13.047000000000022 13.585999999999988 11.605999999999959 11.056000000000033 11.704000000000136 13.542000000000126 14.75100000000014 5.458999999999965 8.867999999999977 9.606000000000133 8.96700000000013 7.356000000000031 8.022000000000002 8.661000000000058 9.345000000000113 12.117000000000067 9.480000000000086 6.708000000000111 8.715000000000021 10.856999999999974 6.753000000000013 8.301000000000062 8.598000000000265 14.349000000000078 17.112 20.29799999999999 20.999999999999993 21.0
345.75757575757575 345.75757575757575 342.16657575757574 312.51951693404635 203.38847058823526 217.21199999999754 233.367999999996 232.56505882352602 247.48847058822952 259.7554705882309 207.56199999999805 215.18500000000012 259.21199999999203 229.3229999999912 159.8469999999952 210.65857575756925 214.3305757575684 194.11657575756868 202.40557575756526 216.09457575756778 205.12357575756997 257.531634581099 283.7200463458039 277.2940463458043 240.26857575756824 205.71757575757 203.74657575757058 242.347575757571 258.2595757575708 268.7186345811029 261.3831051693397 307.02157575757576 342.16657575757574 345.75757575757575 245.0
779.7575757575758 779.7575757575758 751.0295757575758 751.0295757575758 634.4250000000011 679.924 682.4860000000001 705.07 796.117 719.6769999999999 550.106 650.099 790.351 744.4689999999999 583.9939999999999 518.5325757575782 528.621575757577 533.3285757575776 491.3885757575782 477.35757575757674 565.9265757575781 651.2375757575766 716.0195757575783 618.738575757577 501.34257575757647 598.1195757575761 632.598575757577 574.1615757575759 679.3985757575759 656.4665757575757 690.8285757575758 710.5295757575758 752.4875757575758 779.7575757575758 630.0
80.73333333333335 80.73333333333335 79.41033333333336 78.78033333333336 62.95199999999998 81.22800000000002 71.87700000000002 78.27800000000002 81.3 85.915 68.53800000000003 79.05700000000003 89.64400000000002 88.053 77.01600000000002 69.77133333333337 70.60833333333336 69.90633333333334 66.75633333333339 66.1713333333334 65.9013333333334 67.97133333333335 74.67933333333336 73.17033333333336 68.15133333333337 69.71733333333336 71.25633333333334 67.85433333333337 69.01533333333337 67.59333333333336 74.33733333333335 77.46633333333335 79.48233333333336 80.73333333333335 48.300000000000004
10.775757575757575 10.775757575757575 9.830757575757575 9.830757575757575 4.3050000000000015 6.335000000000001 5.994999999999985 1.0449999999999808 2.959999999999997 6.220000000000001 4.4 5.1 5.100000000000003 3.2659999999999987 0.08500000000000796 1.4967575757575822 2.7117575757575794 0.38075757575758873 1.0557575757575837 0.12875757575757696 1.2177575757575898 2.1447575757575845 7.121757575757583 7.220757575757573 2.7567575757575824 0.5967575757575592 1.0557575757575748 4.430757575757536 4.430757575757557 3.233757575757579 0.2727575757575753 4.079757575757576 9.920757575757575 10.775757575757575 8.4
2.545454545454545 2.545454545454545 1.9784545454545448 1.9784545454545448 2.0439999999999996 0.6439999999999999 0.7749999999999907 0.3179999999999994 1.3959999999999184 1.3439999999999996 1.6659999999999808 0.2659999999999998 0.6439999999999999 0.20999999999999952 0.29099999999999926 0.9524545454545424 0.3314545454545452 0.4394545454545449 0.9794545454545368 0.6014545454545402 0.6824545454545344 1.0334545454545443 0.007454545454541273 0.7364545454545427 0.9524545454545411 0.3314545454545368 0.43945454545454177 0.41245454545454363 1.411454545454541 0.898454545454545 1.141454545454545 1.3304545454545447 1.9784545454545448 2.545454545454545 2.8000000000000003
8.515433299825174 8.515433299825174 8.515433299825174 8.188754533944957 5.192984557471276 5.741394482758628 5.396868896551753 7.4007558793102675 8.54936536206885 7.101685086206589 6.855982431034221 7.588306913792939 7.078624844827419 5.581395517241457 4.609159396551812 5.3535070689655795 5.016624137931095 4.563268982758686 3.880475189655213 5.480687344827682 4.782515470219454 5.883943248638864 6.357821578947365 5.664199137931112 4.335841339080536 3.899911568965579 3.465213465517294 6.175306896551521 6.864239482758527 7.465903593466049 8.140227413793106 8.815752586206898 7.811086206896552 8.024766408045977 11.315375057471266
700.0 700.0 699.1 696.4000000000001 687.4000000000001 688.3000000000002 678.4000000000003 690.1000000000001 683.8000000000002 687.4000000000001 681.1000000000004 688.3000000000002 688.3000000000002 684.7000000000002 682.9000000000003 681.1000000000003 689.2000000000003 686.5000000000003 684.7000000000003 687.4000000000002 684.7000000000002 681.1000000000003 682.9000000000002 680.2000000000002 681.1000000000003 684.7000000000003 690.1000000000003 680.2000000000004 682.9000000000002 684.7000000000002 686.5000000000001 693.7000000000002 698.2 700.0 697.3000000000001

H cap
-5.25 -15.75 -8.75 1.75 47.25 36.75 -1.75 -1.75 57.75 36.75 33.25 -1.75 1.75 19.25 26.25 33.25 33.25 1.75 47.25 54.25 26.25 8.75 26.25 -1.75 19.25 -5.25 -5.25 131.25 131.25 131.25 131.25 131.25 131.25 131.25 131.25
20.5 6.5 16.5 12.5 24.5 22.0 5.5 8.0 9.5 0.5 -2.5 4.5 2.5 -6.0 -0.5 6.0 10.5 10.0 27.0 24.0 1.5 -8.0 -1.5 10.5 14.5 8.5 23.5 52.5 52.5 52.5 52.5 52.5 52.5 52.5 52.5
42.0 42.0 45.5 45.5 52.5 49.0 49.0 49.0 49.0 45.5 42.0 38.5 45.5 42.0 42.0 49.0 42.0 38.5 52.5 52.5 42.0 38.5 42.0 38.5 42.0 45.5 49.0 63.0 63.0 63.0 63.0 63.0 63.0 63.0 63.0
0.25 -6.75 1.25 -0.75 1.75 -9.25 11.75 -0.75 7.75 -0.25 0.75 3.25 -4.25 -0.75 0.25 2.25 2.25 -2.75 0.75 -15.75 -0.25 -3.25 9.25 -0.75 -0.25 -4.25 7.75 78.75 78.75 78.75 78.75 78.75 78.75 78.75 78.75

Gap
NaN

Time
NaN

