T P M C
35 37 4 12

base obj
11.637545787545786

exp obj
11.638159340659339

Objective struct
11.637545787545786 0.0 11.64

num campaigns
207

x
0 0 0 0 0 0 0 0 1 0 0 0 1 0 0 1 0 0 1 0 0 1 0 0 0 1 0 0 0 1 0 0 0 0 0
0 0 0 0 0 0 0 0 0 0 0 0 0 0 0 0 1 0 0 0 0 0 0 1 0 0 0 0 0 0 0 0 0 0 0
0 0 0 0 0 0 0 0 0 1 0 0 0 0 0 0 1 0 0 0 1 0 0 0 1 0 0 0 0 0 0 0 0 0 0
0 0 0 0 0 1 0 0 0 0 0 0 1 0 0 1 0 0 1 0 0 1 0 0 1 0 0 0 0 0 0 0 0 0 0
0 0 0 0 0 0 1 0 1 0 1 0 1 0 1 0 0 1 0 1 0 0 0 1 0 1 0 0 0 0 0 0 0 0 0
0 0 0 0 0 0 0 0 0 0 0 0 0 0 0 0 0 1 0 0 0 0 1 0 0 0 0 0 0 0 0 0 0 0 0
0 0 0 0 0 0 1 0 0 0 0 0 1 0 0 0 1 0 0 0 1 0 0 0 1 0 0 0 1 0 0 0 0 0 0
0 0 0 0 1 0 0 0 0 0 0 0 0 0 0 0 0 0 0 0 0 0 0 0 0 0 0 0 0 1 0 0 0 0 0
0 0 0 0 1 0 0 0 0 0 0 0 0 0 0 0 0 0 0 0 0 0 0 0 0 0 0 0 0 0 0 0 0 0 0
0 0 0 0 0 0 0 0 0 0 0 0 0 0 0 0 0 1 0 0 1 0 0 0 0 0 0 0 0 0 0 0 0 0 0
0 0 0 0 1 0 0 0 0 0 0 0 0 0 0 1 0 0 0 0 0 0 0 0 0 0 1 0 0 0 0 0 0 0 0
0 0 0 0 0 0 1 0 0 0 0 0 0 0 0 0 0 0 0 0 0 0 0 0 0 0 0 0 0 1 0 0 0 0 0
0 0 0 0 0 0 0 0 0 0 0 0 0 0 0 0 0 0 0 1 0 0 0 0 0 1 0 0 0 0 0 0 0 0 0
0 0 0 0 0 0 0 0 1 0 0 0 0 0 1 0 0 0 0 0 0 0 0 0 0 0 0 0 0 0 0 0 0 0 0
0 0 0 0 0 0 0 0 0 0 0 0 0 0 0 0 0 0 0 0 0 0 0 0 0 0 0 0 0 0 0 0 0 0 0
0 0 0 0 0 0 0 0 0 0 0 0 0 1 0 0 0 0 0 0 0 0 0 0 0 0 0 0 0 0 0 0 0 0 0
0 0 0 0 0 0 0 1 0 0 0 0 0 0 0 0 0 0 0 0 0 1 0 0 0 0 0 0 0 1 0 0 0 0 0
0 0 0 0 0 0 1 0 0 0 0 0 0 0 0 0 0 0 0 0 0 0 0 0 0 0 0 1 0 0 0 0 0 0 0
0 0 0 0 0 0 1 0 1 0 0 0 1 0 1 0 1 0 1 0 1 0 1 0 1 0 0 1 0 0 0 0 0 0 0
0 0 0 0 0 0 0 0 0 0 0 0 0 0 0 0 0 0 0 1 0 0 0 0 0 0 0 0 0 0 0 0 0 0 0
0 0 0 0 0 0 1 0 0 0 1 0 0 0 1 0 0 0 0 1 0 0 0 0 1 0 0 0 1 0 0 0 0 0 0
0 0 0 0 0 0 0 0 0 0 0 0 0 0 0 0 0 0 0 0 0 0 0 0 0 0 0 0 0 0 0 0 0 0 0
0 0 0 0 0 0 1 0 0 0 0 0 0 0 0 0 0 0 0 0 0 0 0 0 0 0 0 1 0 0 0 0 0 0 0
0 0 0 0 1 0 0 0 0 0 0 1 0 0 0 0 0 0 0 0 0 0 0 1 0 0 0 0 0 0 0 0 0 0 0
0 0 0 0 0 0 0 0 0 0 1 0 0 0 0 0 0 0 0 0 0 0 0 0 0 0 1 0 0 0 0 0 0 0 0
0 0 0 0 1 0 0 0 0 0 0 0 1 0 0 0 0 0 0 0 1 0 0 0 0 0 0 0 1 0 0 0 0 0 0
0 0 0 0 1 0 0 0 0 1 0 0 0 0 1 0 0 0 0 1 0 0 0 0 1 0 0 0 0 0 0 0 0 0 0
0 0 0 0 0 0 0 0 1 0 0 0 0 0 0 0 0 0 0 0 0 0 0 0 0 0 0 0 0 0 0 0 0 0 0
0 0 0 0 0 0 0 0 0 0 0 0 0 0 0 0 0 0 0 0 0 0 0 0 0 0 0 0 0 0 0 0 0 0 0
0 0 0 0 1 1 1 1 1 1 1 1 1 1 1 1 1 1 1 1 1 1 1 1 1 1 0 1 1 0 0 0 0 0 0
0 0 0 0 1 1 1 1 1 1 1 1 1 1 1 1 1 1 1 1 1 1 1 1 1 1 0 1 0 1 0 0 0 0 0
0 0 0 0 1 1 1 1 1 1 1 1 1 1 1 1 1 1 1 1 1 1 1 1 1 1 0 1 1 1 0 0 0 0 0
0 0 0 0 1 1 0 0 0 1 0 0 1 1 1 1 1 1 0 1 0 0 0 1 0 0 0 0 0 0 0 0 0 0 0
0 0 0 0 1 1 1 0 1 1 1 1 1 1 1 1 1 1 1 1 1 0 1 1 1 0 0 1 1 1 0 0 0 0 0
0 0 0 0 1 0 1 0 0 0 1 1 1 0 0 0 1 1 1 1 0 0 0 1 0 0 0 0 1 0 0 0 0 0 0
0 0 0 0 0 0 0 0 0 0 0 0 0 0 0 0 0 0 0 0 0 0 0 0 0 0 0 0 0 0 0 0 0 0 0
0 0 0 0 0 0 0 0 0 0 0 0 0 0 0 0 0 0 0 0 0 0 0 0 0 0 0 0 0 0 0 0 0 0 0

y
0.0 2.0 0.0 0.0 0.0 0.0 0.0 0.0 0.0 1.2142857142857142 0.0 0.0 1.0 1.0 0.0 0.0 0.0 0.0 0.0 0.0 0.0 0.0 0.0 0.75 3.5 0.0 0.0 0.0 0.0 0.0 0.0 0.0 0.5098039215686274 0.0 0.0 0.0 0.0

k
0 4 3 0 0 4 0 0 0 13 0 0 4 4 4 0 0 0 3 0 0 3 0 2 1 0 0 0 11 2 2 1 41 4 15 26 3

f
0.0 5.25 1.75 1.75 0.0 5.25 0.0 0.0 0.0 0.0 0.0 0.0 8.75 0.0 0.0 0.0 0.0 0.0 0.0 0.0 0.0 1.75 0.0 0.0 0.0 15.75 0.0 0.0 0.0 0.0 0.0 0.0 0.0 0.0 0.0
0.0 0.0 0.0 0.0 0.0 0.0 0.0 0.0 0.0 0.0 0.0 0.0 0.0 0.0 0.0 0.0 0.0 0.0 0.0 0.0 0.0 0.0 0.0 0.0 0.0 0.0 0.0 0.0 0.0 0.0 0.0 0.0 0.0 0.0 0.0
0.0 0.0 0.0 0.0 0.0 0.0 0.0 0.0 0.0 0.0 0.0 0.0 0.0 0.0 0.0 0.0 0.0 0.0 0.0 0.0 0.0 0.0 0.0 0.0 0.0 0.0 0.0 0.0 0.0 0.0 0.0 0.0 0.0 0.0 0.0
0.0 0.0 0.0 7.25 0.25 4.25 0.25 4.25 0.0 0.0 0.0 2.75 0.0 0.0 1.25 1.75 0.0 6.25 1.75 0.0 3.25 0.25 4.75 7.75 0.0 2.75 0.0 0.0 0.0 0.0 0.0 0.0 0.0 0.0 0.0

L
3 7 4 3 2 5 4 25 0 3 11 23 6 6 0 0 8 21 2 0 4 0 21 7 16 8 5 0 0 1 1 1 1 1 1 0 0

g
0 0 0 0 0 0 0 0 0 0 0 0 0 0 0 0 0 0 0 0 0 0 0 0 0 0 0 0 0 0 0 0 0 0 0
0 0 0 0 0 0 0 0 0 0 0 0 0 0 0 0 0 0 0 0 0 0 0 0 0 0 0 0 0 0 0 0 0 0 0
0 0 0 0 0 0 0 0 0 0 0 0 0 0 0 0 0 0 0 0 0 0 0 0 0 0 0 0 0 0 0 0 0 0 0
0 0 0 0 0 0 0 0 0 0 0 0 0 0 0 0 0 0 0 0 0 0 0 0 0 0 0 0 0 0 0 0 0 0 0
0 0 0 0 0 0 0 0 0 0 0 0 0 0 0 0 0 0 0 0 0 0 0 0 0 0 0 0 0 0 0 0 0 0 0
0 0 0 0 0 0 0 0 0 0 0 0 0 0 0 0 0 0 0 0 0 0 0 0 0 0 0 0 0 0 0 0 0 0 0
0 0 0 0 0 0 0 0 0 0 0 0 0 0 0 0 0 0 0 0 0 0 0 0 0 0 0 0 0 0 0 0 0 0 0
0 0 0 0 0 0 0 0 0 0 0 0 0 0 0 0 0 0 0 0 0 0 0 0 0 0 0 0 0 0 0 0 0 0 0
0 0 0 0 0 0 0 0 0 0 0 0 0 0 0 0 0 0 0 0 0 0 0 0 0 0 0 0 0 0 0 0 0 0 0
0 0 0 0 0 0 0 0 0 0 0 0 0 0 0 0 0 0 0 0 0 0 0 0 0 0 0 0 0 0 0 0 0 0 0
0 0 0 0 0 0 0 0 0 0 0 0 0 0 0 0 0 0 0 0 0 0 0 0 0 0 0 0 0 0 0 0 0 0 0
0 0 0 0 0 0 0 0 0 0 0 0 0 0 0 0 0 0 0 0 0 0 0 0 0 0 0 0 0 0 0 0 0 0 0
0 0 0 0 0 0 0 0 0 0 0 0 0 0 0 0 0 0 0 0 0 0 0 0 0 0 0 0 0 0 0 0 0 0 0
0 0 0 0 0 0 0 0 0 0 0 0 0 0 0 0 0 0 0 0 0 0 0 0 0 0 0 0 0 0 0 0 0 0 0
0 0 0 0 0 0 0 0 0 0 0 0 0 0 0 0 0 0 0 0 0 0 0 0 0 0 0 0 0 0 0 0 0 0 0
0 0 0 0 0 0 0 0 0 0 0 0 0 0 0 0 0 0 0 0 0 0 0 0 0 0 0 0 0 0 0 0 0 0 0
0 0 0 0 0 0 0 0 0 0 0 0 0 0 0 0 0 0 0 0 0 0 0 0 0 0 0 0 0 0 0 0 0 0 0
0 0 0 0 0 0 0 0 0 0 0 0 0 0 0 0 0 0 0 0 0 0 0 0 0 0 0 0 0 0 0 0 0 0 0
0 0 0 0 0 0 0 0 0 0 0 0 0 0 0 0 0 0 0 0 0 0 0 0 0 0 0 0 0 0 0 0 0 0 0
0 0 0 0 0 0 0 0 0 0 0 0 0 0 0 0 0 0 0 0 0 0 0 0 0 0 0 0 0 0 0 0 0 0 0
0 0 0 0 0 0 0 0 0 0 0 0 0 0 0 0 0 0 0 0 0 0 0 0 0 0 0 0 0 0 0 0 0 0 0
0 0 0 0 0 0 0 0 0 0 0 0 0 0 0 0 0 0 0 0 0 0 0 0 0 0 0 0 0 0 0 0 0 0 0
0 0 0 0 0 0 0 0 0 0 0 0 0 0 0 0 0 0 0 0 0 0 0 0 0 0 0 0 0 0 0 0 0 0 0
0 0 0 0 0 0 0 0 0 0 0 0 0 0 0 0 0 0 0 0 0 0 0 0 0 0 0 0 0 0 0 0 0 0 0
0 0 0 0 0 0 0 0 0 0 0 0 0 0 0 0 0 0 0 0 0 0 0 0 0 0 0 0 0 0 0 0 0 0 0
0 0 0 0 0 0 0 0 0 0 0 0 0 0 0 0 0 0 0 0 0 0 0 0 0 0 0 0 0 0 0 0 0 0 0
0 0 0 0 0 0 0 0 0 0 0 0 0 0 0 0 0 0 0 0 0 0 0 0 0 0 0 0 0 0 0 0 0 0 0
0 0 0 0 0 0 0 0 0 0 0 0 0 0 0 0 0 0 0 0 0 0 0 0 0 0 0 0 0 0 0 0 0 0 0
0 0 0 0 0 0 0 0 0 0 0 0 0 0 0 0 0 0 0 0 0 0 0 0 0 0 0 0 0 0 0 0 0 0 0
0 0 0 0 0 0 0 0 0 0 0 0 0 0 0 0 0 0 0 0 0 0 0 0 0 0 0 0 0 0 0 0 0 0 0
0 0 0 0 0 0 0 0 0 0 0 0 0 0 0 0 0 0 0 0 0 0 0 0 0 0 0 0 0 0 0 0 0 0 0
0 0 0 0 0 0 0 0 0 0 0 0 0 0 0 0 0 0 0 0 0 0 0 0 0 0 0 0 0 0 0 0 0 0 0
0 0 0 0 0 0 0 0 0 0 0 0 0 0 0 0 0 0 0 0 0 0 0 0 0 0 0 0 0 0 0 0 0 0 0
0 0 0 0 0 0 0 0 0 0 0 0 0 0 0 0 0 0 0 0 0 0 0 0 0 0 0 0 0 0 0 0 0 0 0
0 0 0 0 0 0 0 0 0 0 0 0 0 0 0 0 0 0 0 0 0 0 0 0 0 0 0 0 0 0 0 0 0 0 0
0 0 0 0 0 0 0 0 0 0 0 0 0 0 0 0 0 0 0 0 0 0 0 0 0 0 0 0 0 0 0 0 0 0 0
0 0 0 0 0 0 0 0 0 0 0 0 0 0 0 0 0 0 0 0 0 0 0 0 0 0 0 0 0 0 0 0 0 0 0

I cap
1058.909090909091 1058.909090909091 1025.6090909090915 1009.949090909124 1008.650000000006 856.0400000000361 882.5420000000389 1195.4160000000395 784.1540000000263 784.9440000000199 617.2920000000264 708.4320000000217 478.8000000000383 689.7900000000272 662.8500000000148 563.1170909091154 549.1850909091262 572.063090909106 477.09509090911695 579.2450909091141 417.9110909091142 366.17909090911155 614.7950909091041 705.6770909091064 406.10309090909936 623.2370909090986 691.6730909090969 759.641090909095 658.7870909090927 765.9230909090915 799.3130909090943 936.9050909091031 953.1050909090917 1058.909090909091 672.0
107.96969696969697 107.96969696969697 74.66969696969693 64.22969696969693 23.65000000000001 32.759999999996054 5.757999999998862 54.883999999999105 90.14599999999902 114.8559999999998 106.30799999999954 102.36799999999965 77.79999999999914 83.50999999999864 102.34999999999958 56.561696969695845 60.59369696969598 40.05569696969616 47.72369696969629 74.45369696969594 29.867696969695757 22.199696969696202 84.98369696969627 99.40169696969605 65.9756969696965 72.04169696969612 42.30569696969589 23.837696969694914 30.19169696969428 11.255696969696828 43.56569696969546 49.973696969692895 73.37369696969697 107.96969696969697 84.0
38.96666666666666 38.96666666666666 38.96666666666666 38.96666666666667 44.099999999999994 30.592500000000186 10.392500000000151 7.592500000000111 2.6925000000000363 32.90000000000005 11.299999999999994 16.2 5.0 30.09999999999999 5.699999999999989 19.466666666666658 13.166666666666714 10.226666666666656 3.9266666666666126 4.946666666666644 13.166666666666657 19.46666666666663 26.366666666666635 32.66666666666666 13.166666666666629 19.466666666666658 8.059166666666716 21.25916666666673 8.0591666666669 8.059166666666922 25.766666666666698 38.96666666666668 38.96666666666666 38.96666666666666 23.8
45.24545454545453 45.24545454545453 43.92245454545453 36.67745454545455 19.185000000000056 25.44299999999982 26.34299999999985 32.646000000000086 29.454000000000168 29.238999999999763 26.315999999999732 20.080999999999918 21.53399999999997 22.966999999999913 19.276000000000003 27.596454545454268 27.587454545454225 24.3384545454541 22.556454545454024 30.647454545454114 23.95145454545402 20.756454545454254 27.704454545454116 31.799454545454143 25.14845454545425 31.403454545453954 33.50945454545413 31.74545454545411 37.43345454545435 41.30345454545446 42.08645454545447 42.27545454545451 43.481454545454525 45.24545454545453 42.0
20.999999999999993 20.999999999999993 20.432999999999993 19.847999999999992 10.20900000000045 14.790999999999986 11.403999999999929 13.23599999999995 10.88600000000001 8.906000000000041 11.668000000000081 12.280000000000033 11.958000000000071 16.029000000000128 11.191999999999968 9.669000000000068 9.417000000000069 6.82500000000013 5.520000000000095 11.253000000000114 8.013000000000059 5.484000000000024 8.454000000000052 11.316000000000109 6.744000000000048 8.733000000000061 12.621000000000056 14.025000000000023 17.040000000000017 14.025000000000142 17.049000000000074 17.11199999999999 20.29799999999999 20.999999999999993 21.0
345.75757575757575 345.75757575757575 345.75757575757575 316.11051693404636 198.7264705882353 197.1599999999976 227.50899999999598 202.14399999999705 186.8019999999969 193.98399999999498 194.60199999999944 196.2849999999998 217.27199999999473 210.6209999999931 199.61799999999562 213.8625757575658 236.020575757569 232.19557575756838 219.63157575756733 244.27357575756554 201.82957575756848 166.72957575756755 197.50057575756782 227.60557575756906 241.95157575756824 257.1446345810992 248.86304634580284 276.0970463458082 266.5755757575723 275.3516345811047 261.3831051693396 307.02157575757576 342.16657575757574 345.75757575757575 245.0
779.7575757575758 779.7575757575758 764.4485757575758 671.7035757575758 477.015000000001 622.954 790.099 787.0060000000001 786.505 753.2379999999999 740.33 702.2359999999999 672.5679999999999 692.9889999999999 678.8270000000001 506.4815757575793 530.5205757575778 575.0615757575788 550.1315757575767 633.0665757575783 623.0045757575843 582.1715757575782 526.7135757575783 632.283575757579 613.4915757575773 617.6135757575767 659.364575757576 717.2975757575762 737.6105757575762 702.8975757575756 690.8285757575758 710.5295757575758 752.4875757575758 779.7575757575758 630.0
80.73333333333335 80.73333333333335 79.97733333333335 77.18733333333336 60.25199999999929 78.34800000000001 70.71600000000002 82.20500000000001 80.88 82.97500000000001 73.03800000000003 80.49700000000003 89.46400000000001 89.81700000000001 81.60600000000002 70.23033333333336 70.04133333333337 66.00033333333337 65.82033333333337 70.41033333333334 67.89933333333332 70.16133333333332 70.66833333333336 70.59933333333339 67.17033333333337 72.69933333333336 77.53833333333336 74.22333333333337 71.91333333333337 70.03233333333336 74.33733333333335 77.46633333333335 79.48233333333336 80.73333333333335 48.300000000000004
10.775757575757575 10.775757575757575 9.830757575757575 9.830757575757575 2.1450000000000036 2.014999999999993 0.9549999999999863 1.9179999999999935 0.24200000000000088 1.1890000000000018 2.5999999999999894 0.7800000000000025 0.059999999999994724 0.9799999999999991 4.314999999999999 2.486757575757598 2.9007575757575834 4.916757575757586 4.916757575757577 3.2157575757575843 3.9357575757575805 2.6487575757575765 0.08375757575760545 1.4697575757575803 5.636757575757581 5.996757575757588 6.455757575757573 9.830757575757572 6.9507575757575655 3.2337575757575774 0.2727575757575753 4.079757575757576 9.920757575757575 10.775757575757575 8.4
2.545454545454545 2.545454545454545 2.545454545454545 1.735454545454545 1.5039999999999998 0.6439999999999999 0.6939999999999676 0.8849999999999995 1.3959999999999664 1.3439999999999996 1.6659999999999773 0.2659999999999998 0.6439999999999999 0.7769999999999996 0.9659999999999994 0.08845454545453746 0.5474545454545389 0.9524545454545202 0.7634545454545034 0.22345454545454124 0.06145454545453566 0.22345454545454924 0.655454545454528 0.7364545454545116 0.9524545454545282 0.3314545454545368 0.439454545454544 0.41245454545454363 1.411454545454542 0.8984545454545432 1.141454545454546 1.3304545454545447 1.9784545454545448 2.545454545454545 2.8000000000000003
8.515433299825174 8.515433299825174 8.515433299825174 7.87840970635875 4.674708695402317 5.586221913793114 5.629627517241405 7.71110086206887 8.342468810344739 7.230995120689432 8.019775379310076 8.208996568965324 6.1475905172411895 5.503809310344896 6.027435103448323 5.454368982758673 5.005761913793151 4.8549932758621495 4.179958103448313 4.472066500000075 4.753032556426351 6.100367775862121 6.1672589655172985 5.250406034482813 5.189289614942593 4.3817627486388915 4.974741596188784 7.675306896551517 8.35471135208701 7.759914482758348 8.45057224137931 8.815752586206898 7.811086206896552 8.024766408045977 11.315375057471266
700.0 700.0 700.0 699.1 690.1000000000001 687.4000000000002 679.3000000000003 688.3000000000001 682.9000000000001 687.4000000000002 682.9000000000002 686.5000000000001 680.2000000000003 686.5000000000001 683.8000000000003 687.4000000000002 684.7000000000003 687.4000000000003 687.4000000000003 682.0000000000002 683.8000000000004 682.9000000000003 682.9000000000002 689.2000000000002 681.1000000000003 683.8000000000003 683.8000000000003 679.3000000000002 682.9000000000002 685.6000000000001 687.4000000000001 694.6000000000001 698.2 700.0 697.3000000000001

H cap
5.25 -5.25 -1.75 -1.75 12.25 -5.25 71.75 89.25 26.25 1.75 47.25 8.75 -8.75 8.75 1.75 8.75 40.25 15.75 12.25 29.75 5.25 -1.75 47.25 29.75 29.75 -15.75 5.25 131.25 131.25 131.25 131.25 131.25 131.25 131.25 131.25
21.5 4.0 14.0 17.5 14.5 8.0 15.0 20.5 8.0 5.0 9.5 3.0 2.5 0.0 3.0 2.0 3.0 9.5 17.0 15.5 7.5 9.5 29.5 38.5 26.5 12.5 26.5 52.5 52.5 52.5 52.5 52.5 52.5 52.5 52.5
42.0 38.5 45.5 45.5 49.0 45.5 52.5 56.0 42.0 42.0 49.0 42.0 42.0 45.5 45.5 38.5 35.0 38.5 49.0 49.0 38.5 38.5 49.0 49.0 49.0 49.0 52.5 63.0 63.0 63.0 63.0 63.0 63.0 63.0 63.0
13.25 0.75 3.25 -7.25 -0.25 -4.25 -0.25 -4.25 0.75 1.75 4.75 -2.75 7.75 2.75 -1.25 -1.75 1.25 -6.25 -1.75 3.75 -3.25 -0.25 -4.75 -7.75 19.25 -2.75 11.75 78.75 78.75 78.75 78.75 78.75 78.75 78.75 78.75

Gap
NaN

Time
NaN

