T P M C
35 37 4 12

base obj
11.587545787545787

exp obj
11.55065934065934

Objective struct
11.587545787545787 0.0 11.440000000000001

num campaigns
213

x
0 0 0 0 1 0 0 0 1 0 0 1 0 0 1 0 0 0 1 0 0 1 0 0 0 0 1 0 0 0 0 0 0 0 0
0 0 0 0 0 0 0 0 0 0 0 0 0 0 0 0 1 0 0 0 0 0 0 1 0 0 0 0 0 0 0 0 0 0 0
0 0 0 0 0 0 0 1 0 0 0 0 1 0 0 0 0 1 0 0 0 0 0 1 0 0 0 0 0 0 0 0 0 0 0
0 0 0 0 0 0 0 1 0 0 0 0 1 0 0 1 0 0 1 0 0 1 0 0 1 0 0 0 0 0 0 0 0 0 0
0 0 0 0 0 0 1 0 1 0 1 0 1 0 0 0 1 0 1 0 1 0 1 0 1 0 0 0 0 0 0 0 0 0 0
0 0 0 0 0 0 0 0 0 0 0 0 0 1 0 0 0 0 0 0 0 0 1 0 0 0 0 0 0 0 0 0 0 0 0
0 0 0 0 0 0 1 0 0 0 1 0 0 0 0 0 1 0 0 0 1 0 0 0 1 0 0 0 0 1 0 0 0 0 0
0 0 0 0 1 0 0 0 0 0 0 0 0 0 0 0 0 0 0 0 0 0 0 0 0 0 0 0 0 1 0 0 0 0 0
0 0 0 0 0 0 0 0 0 0 0 0 0 0 0 0 0 0 0 0 0 0 0 0 0 1 0 0 0 0 0 0 0 0 0
0 0 0 0 0 0 0 0 0 0 0 0 0 0 0 1 0 0 0 0 0 0 0 1 0 0 0 0 0 0 0 0 0 0 0
0 0 0 0 0 1 0 0 0 0 0 0 1 0 0 0 0 0 0 1 0 0 0 0 0 0 0 0 0 0 0 0 0 0 0
0 0 0 0 0 0 1 0 0 0 0 0 0 0 0 0 0 0 0 0 0 0 0 0 0 0 0 0 1 0 0 0 0 0 0
0 0 0 0 0 0 0 0 0 0 0 0 0 0 0 0 0 0 0 1 0 0 0 0 0 0 0 0 0 1 0 0 0 0 0
0 0 0 0 1 0 0 0 0 0 0 0 0 0 1 0 0 0 0 1 0 0 0 0 0 0 0 0 0 1 0 0 0 0 0
0 0 0 0 0 0 0 0 0 0 0 0 0 0 0 0 0 0 0 0 0 0 0 0 0 0 0 0 0 0 0 0 0 0 0
0 0 0 0 0 0 0 0 0 0 0 0 0 0 0 0 0 0 0 0 1 0 0 0 0 0 0 0 0 0 0 0 0 0 0
0 0 0 0 0 0 0 0 0 1 0 0 0 0 0 0 0 0 0 0 0 0 0 0 0 0 0 1 0 0 0 0 0 0 0
0 0 0 0 1 0 0 0 0 0 0 0 0 0 0 0 0 0 0 0 0 0 0 0 0 0 0 0 0 1 0 0 0 0 0
0 0 0 0 0 0 0 0 0 1 0 1 0 1 0 1 0 1 0 1 0 1 0 1 0 1 0 1 0 1 0 0 0 0 0
0 0 0 0 0 0 1 0 0 0 0 0 0 0 0 0 0 0 0 0 0 0 0 0 0 0 0 0 0 0 0 0 0 0 0
0 0 0 0 0 0 1 0 0 0 1 0 0 0 0 1 0 0 0 1 0 0 0 1 0 0 0 1 0 0 0 0 0 0 0
0 0 0 0 0 0 0 0 0 0 0 0 0 0 0 0 0 0 0 0 0 0 0 0 0 0 0 0 0 0 0 0 0 0 0
0 0 0 0 0 0 1 0 0 0 0 0 0 0 0 0 0 0 0 0 0 0 0 0 0 0 0 1 0 0 0 0 0 0 0
0 0 0 0 0 0 0 0 1 0 0 0 0 0 0 0 1 0 0 0 0 0 0 0 0 0 0 0 0 0 0 0 0 0 0
0 0 0 0 0 0 0 0 0 0 1 0 0 0 0 0 0 0 0 0 0 0 0 0 0 1 0 0 0 0 0 0 0 0 0
0 0 0 0 1 0 0 0 0 0 0 0 1 0 0 0 0 0 0 0 0 1 0 0 0 0 0 0 0 1 0 0 0 0 0
0 0 0 0 0 0 1 0 0 0 0 0 1 0 0 0 0 1 0 0 0 0 0 0 1 0 0 0 0 1 0 0 0 0 0
0 0 0 0 0 0 0 0 1 0 0 0 0 0 0 0 0 0 0 0 0 0 0 0 0 0 0 0 0 0 0 0 0 0 0
0 0 0 0 0 0 0 0 0 0 0 0 0 0 0 0 0 0 0 0 0 0 0 0 0 0 0 0 0 0 0 0 0 0 0
0 0 0 0 1 1 1 1 1 1 1 1 1 1 1 1 1 1 1 0 1 1 1 1 1 1 0 1 1 1 0 0 0 0 0
0 0 0 0 1 1 1 1 1 1 1 1 1 1 1 1 1 1 1 1 1 1 1 1 1 1 1 1 1 1 0 0 0 0 0
0 0 0 0 1 1 0 1 1 1 1 1 1 1 1 1 1 1 1 1 1 1 1 1 1 1 0 1 1 1 0 0 0 0 0
0 0 0 0 1 0 0 0 0 0 0 0 1 1 0 1 1 1 1 0 1 1 1 1 1 0 0 0 0 0 0 0 0 0 0
0 0 0 0 1 1 1 0 1 1 1 1 1 1 1 1 1 1 1 1 1 1 1 1 1 1 0 0 0 0 0 0 0 0 0
0 0 0 0 1 1 0 0 0 0 0 1 1 1 1 1 1 1 0 0 1 1 1 1 1 1 0 0 0 0 0 0 0 0 0
0 0 0 0 0 0 0 0 0 0 0 0 0 0 0 0 0 0 0 0 0 0 0 0 0 0 0 0 0 0 0 0 0 0 0
0 0 0 0 0 0 0 0 0 0 0 0 0 0 0 0 0 0 0 0 0 0 0 0 0 0 0 0 0 0 0 0 0 0 0

y
0.0 2.0 0.833333333333333 0.0 0.0 4.0 0.0 0.0 0.0 6.214285714285714 0.0 0.0 5.0 0.0 0.0 0.0 5.5 0.0 0.0 0.0 0.0 0.0 0.0 1.75 2.5 0.0 0.0 0.0 0.0 0.0 0.0 0.0 0.5098039215686274 0.0 0.0 0.0 0.0

k
0 4 3 0 0 4 0 0 0 13 0 0 4 2 4 0 1 0 2 0 0 3 0 3 1 0 0 0 11 2 0 2 40 5 11 26 3

f
8.75 19.25 0.0 0.0 0.0 0.0 0.0 0.0 0.0 0.0 0.0 0.0 0.0 0.0 0.0 0.0 0.0 0.0 0.0 0.0 0.0 0.0 0.0 0.0 0.0 5.25 0.0 0.0 0.0 0.0 0.0 0.0 0.0 0.0 0.0
0.0 0.0 0.0 0.0 0.0 0.0 0.0 0.0 0.0 0.0 0.0 0.0 0.0 0.0 0.0 0.0 0.0 0.0 0.0 0.0 3.5 0.0 0.0 0.0 0.0 0.0 0.0 0.0 0.0 0.0 0.0 0.0 0.0 0.0 0.0
0.0 0.0 0.0 0.0 0.0 0.0 0.0 0.0 0.0 0.0 0.0 0.0 0.0 0.0 0.0 0.0 0.0 0.0 0.0 0.0 0.0 0.0 0.0 0.0 0.0 0.0 0.0 0.0 0.0 0.0 0.0 0.0 0.0 0.0 0.0
0.0 3.25 0.25 10.75 0.0 5.25 0.0 5.25 0.0 0.0 4.25 0.25 0.0 0.0 0.0 3.75 1.25 0.0 0.0 0.0 0.0 2.25 0.25 5.75 0.0 5.25 0.0 0.0 0.0 0.0 0.0 0.0 0.0 0.0 0.0

L
3 7 5 3 2 9 4 25 0 8 7 22 10 5 0 0 18 25 2 0 4 0 21 8 15 8 5 0 0 1 1 1 1 1 1 0 0

g
0 0 0 0 0 0 0 0 0 0 0 0 0 0 0 0 0 0 0 0 0 0 0 0 0 0 0 0 0 0 0 0 0 0 0
0 0 0 0 0 0 0 0 0 0 0 0 0 0 0 0 0 0 0 0 0 0 0 0 0 0 0 0 0 0 0 0 0 0 0
0 0 0 0 0 0 0 0 0 0 0 0 0 0 0 0 0 0 0 0 0 0 0 0 0 0 0 0 0 0 0 0 0 0 0
0 0 0 0 0 0 0 0 0 0 0 0 0 0 0 0 0 0 0 0 0 0 0 0 0 0 0 0 0 0 0 0 0 0 0
0 0 0 0 0 0 0 0 0 0 0 0 0 0 0 0 0 0 0 0 0 0 0 0 0 0 0 0 0 0 0 0 0 0 0
0 0 0 0 0 0 0 0 0 0 0 0 0 0 0 0 0 0 0 0 0 0 0 0 0 0 0 0 0 0 0 0 0 0 0
0 0 0 0 0 0 0 0 0 0 0 0 0 0 0 0 0 0 0 0 0 0 0 0 0 0 0 0 0 0 0 0 0 0 0
0 0 0 0 0 0 0 0 0 0 0 0 0 0 0 0 0 0 0 0 0 0 0 0 0 0 0 0 0 0 0 0 0 0 0
0 0 0 0 0 0 0 0 0 0 0 0 0 0 0 0 0 0 0 0 0 0 0 0 0 0 0 0 0 0 0 0 0 0 0
0 0 0 0 0 0 0 0 0 0 0 0 0 0 0 0 0 0 0 0 0 0 0 0 0 0 0 0 0 0 0 0 0 0 0
0 0 0 0 0 0 0 0 0 0 0 0 0 0 0 0 0 0 0 0 0 0 0 0 0 0 0 0 0 0 0 0 0 0 0
0 0 0 0 0 0 0 0 0 0 0 0 0 0 0 0 0 0 0 0 0 0 0 0 0 0 0 0 0 0 0 0 0 0 0
0 0 0 0 0 0 0 0 0 0 0 0 0 0 0 0 0 0 0 0 0 0 0 0 0 0 0 0 0 0 0 0 0 0 0
0 0 0 0 0 0 0 0 0 0 0 0 0 0 0 0 0 0 0 0 0 0 0 0 0 0 0 0 0 0 0 0 0 0 0
0 0 0 0 0 0 0 0 0 0 0 0 0 0 0 0 0 0 0 0 0 0 0 0 0 0 0 0 0 0 0 0 0 0 0
0 0 0 0 0 0 0 0 0 0 0 0 0 0 0 0 0 0 0 0 0 0 0 0 0 0 0 0 0 0 0 0 0 0 0
0 0 0 0 0 0 0 0 0 0 0 0 0 0 0 0 0 0 0 0 0 0 0 0 0 0 0 0 0 0 0 0 0 0 0
0 0 0 0 0 0 0 0 0 0 0 0 0 0 0 0 0 0 0 0 0 0 0 0 0 0 0 0 0 0 0 0 0 0 0
0 0 0 0 0 0 0 0 0 0 0 0 0 0 0 0 0 0 0 0 0 0 0 0 0 0 0 0 0 0 0 0 0 0 0
0 0 0 0 0 0 0 0 0 0 0 0 0 0 0 0 0 0 0 0 0 0 0 0 0 0 0 0 0 0 0 0 0 0 0
0 0 0 0 0 0 0 0 0 0 0 0 0 0 0 0 0 0 0 0 0 0 0 0 0 0 0 0 0 0 0 0 0 0 0
0 0 0 0 0 0 0 0 0 0 0 0 0 0 0 0 0 0 0 0 0 0 0 0 0 0 0 0 0 0 0 0 0 0 0
0 0 0 0 0 0 0 0 0 0 0 0 0 0 0 0 0 0 0 0 0 0 0 0 0 0 0 0 0 0 0 0 0 0 0
0 0 0 0 0 0 0 0 0 0 0 0 0 0 0 0 0 0 0 0 0 0 0 0 0 0 0 0 0 0 0 0 0 0 0
0 0 0 0 0 0 0 0 0 0 0 0 0 0 0 0 0 0 0 0 0 0 0 0 0 0 0 0 0 0 0 0 0 0 0
0 0 0 0 0 0 0 0 0 0 0 0 0 0 0 0 0 0 0 0 0 0 0 0 0 0 0 0 0 0 0 0 0 0 0
0 0 0 0 0 0 0 0 0 0 0 0 0 0 0 0 0 0 0 0 0 0 0 0 0 0 0 0 0 0 0 0 0 0 0
0 0 0 0 0 0 0 0 0 0 0 0 0 0 0 0 0 0 0 0 0 0 0 0 0 0 0 0 0 0 0 0 0 0 0
0 0 0 0 0 0 0 0 0 0 0 0 0 0 0 0 0 0 0 0 0 0 0 0 0 0 0 0 0 0 0 0 0 0 0
0 0 0 0 0 0 0 0 0 0 0 0 0 0 0 0 0 0 0 0 0 0 0 0 0 0 0 0 0 0 0 0 0 0 0
0 0 0 0 0 0 0 0 0 0 0 0 0 0 0 0 0 0 0 0 0 0 0 0 0 0 0 0 0 0 0 0 0 0 0
0 0 0 0 0 0 0 0 0 0 0 0 0 0 0 0 0 0 0 0 0 0 0 0 0 0 0 0 0 0 0 0 0 0 0
0 0 0 0 0 0 0 0 0 0 0 0 0 0 0 0 0 0 0 0 0 0 0 0 0 0 0 0 0 0 0 0 0 0 0
0 0 0 0 0 0 0 0 0 0 0 0 0 0 0 0 0 0 0 0 0 0 0 0 0 0 0 0 0 0 0 0 0 0 0
0 0 0 0 0 0 0 0 0 0 0 0 0 0 0 0 0 0 0 0 0 0 0 0 0 0 0 0 0 0 0 0 0 0 0
0 0 0 0 0 0 0 0 0 0 0 0 0 0 0 0 0 0 0 0 0 0 0 0 0 0 0 0 0 0 0 0 0 0 0
0 0 0 0 0 0 0 0 0 0 0 0 0 0 0 0 0 0 0 0 0 0 0 0 0 0 0 0 0 0 0 0 0 0 0

I cap
1058.909090909091 1058.909090909091 951.3050909090931 951.3050909090947 1026.7940000000185 943.394000000037 767.108000000044 880.6320000000446 664.4540000000188 779.9400000000139 664.1280000000244 800.700000000025 367.7400000000287 531.5340000000201 631.1160000000269 670.4690909091157 601.6010909091219 681.791090909113 571.6130909091223 619.7990909091119 592.9970909091115 474.55709090910227 556.3130909091002 575.951090909105 282.98309090910186 674.4290909090996 836.3030909090951 902.8130909090919 900.1850909090922 583.33109090909 796.829090909097 834.8990909090996 1027.409090909091 1058.909090909091 672.0
107.96969696969697 107.96969696969697 71.57369696969695 71.57369696969695 78.04600000000039 57.54599999999614 9.411999999997239 9.667999999998788 79.34599999999938 114.46000000000026 110.77199999999938 111.79999999999964 45.75999999999978 44.66599999999865 68.38399999999864 62.60969696969576 67.577696969696 90.8876969696957 76.86569696969609 44.87969696969584 42.88169696969612 32.62169696969653 92.1656969696966 68.02769696969574 27.095696969695773 64.04969696969619 91.17569696969642 61.565696969695 20.9936969696936 2.147696969696412 19.049696969695574 47.57969696969526 76.46969696969697 107.96969696969697 84.0
38.96666666666666 38.96666666666666 38.96666666666666 27.55916666666667 10.252499999999994 8.152500000000252 2.17250000000028 25.300000000000118 26.700000000000088 32.90000000000008 11.299999999999994 3.5999999999999908 5.0 23.799999999999976 25.19999999999999 13.166666666666657 19.466666666666658 13.166666666666643 32.66666666666666 13.1666666666666 19.46666666666663 13.166666666666629 32.66666666666666 13.166666666666657 19.466666666666658 13.166666666666643 32.6666666666667 13.166666666666657 8.059166666666775 1.7591666666668768 21.259166666666786 21.25916666666673 38.96666666666666 38.96666666666666 23.8
45.24545454545453 45.24545454545453 43.35545454545453 38.00045454545457 22.53299999999995 31.31099999999995 28.367999999999967 24.20399999999966 23.513999999999847 29.751999999999697 32.25599999999959 25.06699999999997 16.87199999999998 14.91199999999991 13.839999999999915 26.49845454545426 28.316454545454192 29.000454545454012 30.188454545454217 33.05945454545396 32.951454545454254 30.179454545454337 30.719454545454102 26.67845454545414 19.01045454545422 29.66645454545421 35.210454545454056 30.944454545454242 31.16045454545439 35.12945454545448 40.2324545454545 41.42945454545453 44.048454545454526 45.24545454545453 42.0
20.999999999999993 20.999999999999993 20.243999999999993 19.92899999999999 10.389000000000449 16.95099999999999 11.43099999999993 8.475000000000048 7.861999999999994 8.717000000000048 14.692000000000114 14.62900000000013 9.357000000000216 11.916000000000043 8.140999999999977 8.39100000000008 10.155000000000026 9.480000000000057 7.149000000000036 9.732000000000015 11.892000000000206 9.669000000000032 10.866000000000017 8.202000000000055 4.7010000000001275 8.976000000000194 12.081000000000085 11.234999999999996 10.920000000000087 11.235000000000184 14.601000000000031 17.73299999999999 20.48699999999999 20.999999999999993 21.0
345.75757575757575 345.75757575757575 342.16657575757574 312.51951693404635 203.38847058823526 246.8590588235274 254.54447058823263 211.521470588232 217.99599999999538 211.72299999999518 163.40799999999945 185.4760000000004 233.59799999999078 229.60199999999188 216.08799999999596 233.14057575756846 232.17757575756616 247.8915757575682 233.21257575756536 192.1905757575688 205.8255757575693 214.0335757575683 242.29357575756836 236.24557575756927 209.6955757575688 271.6796345810987 271.2460463458056 266.88104634580714 211.7565757575724 243.56363458110417 289.93110516934047 315.2025757575758 345.75757575757575 345.75757575757575 245.0
779.7575757575758 779.7575757575758 751.0295757575758 680.1545757575758 579.3000000000015 750.799 808.4860000000001 672.1839999999999 808.78 817.03 788.9300000000007 749.8100000000002 629.3679999999999 668.941 672.1310000000001 538.5215757575817 582.090575757577 554.7035757575777 566.8535757575776 551.2475757575772 560.7695757575779 531.5285757575788 538.836575757578 549.618575757577 522.3935757575775 619.1885757575784 712.8335757575769 713.8325757575756 688.740575757576 671.5325757575758 690.8825757575758 715.5155757575758 765.9065757575758 779.7575757575758 630.0
80.73333333333335 80.73333333333335 79.41033333333336 78.78033333333336 62.95199999999923 81.22800000000002 71.87700000000002 78.20900000000002 78.612 82.40800000000002 75.30600000000003 82.11700000000002 87.08800000000002 84.85800000000002 78.16800000000002 68.46633333333335 69.43833333333338 70.23033333333339 69.15933333333335 70.67133333333337 72.03933333333337 70.23033333333336 69.53733333333338 68.46633333333335 63.39033333333337 66.53133333333336 74.39133333333335 76.23333333333336 75.47733333333336 76.62033333333336 78.03333333333335 79.97733333333335 80.04933333333335 80.73333333333335 48.300000000000004
10.775757575757575 10.775757575757575 9.830757575757575 9.830757575757575 4.305 3.4549999999999925 3.4749999999999956 3.9249999999999905 5.479999999999995 5.293000000000001 0.24200000000000266 1.8689999999999962 2.9400000000000026 0.08000000000000007 1.480000000000008 4.2417575757575765 4.700757575757587 2.756757575757577 3.476757575757574 1.4157575757575804 1.5957575757575877 0.6507575757575723 1.4067575757575685 4.700757575757576 2.7567575757575864 0.5967575757575734 3.935757575757577 6.02375757575755 0.2727575757575593 1.6497575757575813 5.510757575757575 5.510757575757575 9.920757575757575 10.775757575757575 8.4
2.545454545454545 2.545454545454545 1.9784545454545448 1.9784545454545448 2.0439999999999996 0.6439999999999999 0.7749999999999747 0.3179999999999994 1.395999999999985 0.7769999999999996 1.6659999999999782 0.07699999999999985 0.07699999999999985 0.9659999999999994 0.7769999999999995 0.6554545454545431 0.7364545454545458 0.9524545454545371 1.3304545454545271 0.2234545454545448 0.0614545454545401 0.2234545454545288 0.6554545454545226 1.3034545454545432 0.1424545454545394 0.22345454545453103 1.033454545454545 1.1414545454545417 1.0874545454545435 0.33145454545454545 0.5474545454545456 1.5464545454545449 2.545454545454545 2.545454545454545 2.8000000000000003
8.515433299825174 8.515433299825174 8.515433299825174 7.87840970635875 5.192984712643674 5.81898068965518 5.914110120689667 7.116273120689508 8.342468655172265 8.162029758620431 8.252534155172157 7.6705484482756345 5.832590362068759 4.960705706896623 5.870710965517292 5.601782931034521 5.08334827586212 5.630855189655231 4.739395334845755 5.231594785843965 3.821998228840176 5.020367931034542 5.084155517241416 4.396957758620739 4.02549651149433 4.949693783121649 5.367327803085362 7.985651724137708 7.484929137930864 7.538834472776536 9.226434155172406 9.5916145 7.500741379310345 8.024766408045977 11.315375057471266
700.0 700.0 700.0 697.3000000000001 689.2000000000002 688.3000000000002 678.4000000000002 687.4000000000002 683.8000000000002 685.6 681.1000000000001 687.4000000000002 682.0000000000003 686.5000000000003 687.4000000000002 686.5000000000002 684.7000000000002 686.5000000000002 683.8000000000002 682.9000000000002 684.7000000000003 683.8000000000003 689.2000000000003 685.6000000000004 682.0000000000002 683.8000000000003 688.3000000000002 678.4000000000001 686.5000000000001 678.4000000000003 688.3000000000002 691.0000000000001 698.2 699.1 692.8

H cap
-8.75 -19.25 15.75 5.25 1.75 1.75 68.25 26.25 8.75 26.25 33.25 36.75 22.75 26.25 19.25 26.25 43.75 1.75 12.25 8.75 5.25 26.25 22.75 12.25 54.25 -5.25 5.25 131.25 131.25 131.25 131.25 131.25 131.25 131.25 131.25
19.5 2.5 17.5 20.5 19.5 16.5 19.5 16.5 2.5 2.5 7.5 2.0 2.0 4.0 4.5 7.0 6.5 2.0 5.0 2.0 -3.5 7.0 26.5 30.5 27.5 12.5 23.5 52.5 52.5 52.5 52.5 52.5 52.5 52.5 52.5
49.0 45.5 45.5 42.0 45.5 45.5 52.5 52.5 35.0 38.5 56.0 49.0 42.0 42.0 42.0 42.0 45.5 42.0 45.5 45.5 38.5 45.5 52.5 49.0 52.5 42.0 42.0 63.0 63.0 63.0 63.0 63.0 63.0 63.0 63.0
6.75 -3.25 -0.25 -10.75 1.25 -5.25 0.25 -5.25 3.25 2.75 -4.25 -0.25 3.75 1.75 10.25 -3.75 -1.25 0.25 2.25 0.75 7.75 -2.25 -0.25 -5.75 3.75 -5.25 9.25 78.75 78.75 78.75 78.75 78.75 78.75 78.75 78.75

Gap
NaN

Time
NaN

