T P M C
35 37 4 12

base obj
11.602380952380951

exp obj
11.571785714285712

Objective struct
11.602380952380951 0.0 11.479999999999999

num campaigns
212

x
0 0 0 0 1 0 0 1 0 0 0 1 0 0 1 0 0 0 1 0 0 1 0 0 0 0 0 0 0 1 0 0 0 0 0
0 0 0 0 0 0 0 0 0 1 0 0 0 0 0 0 0 0 0 0 0 0 0 1 0 0 0 0 0 0 0 0 0 0 0
0 0 0 0 0 0 0 0 1 0 0 0 1 0 0 0 1 0 0 0 0 0 0 1 0 0 0 1 0 0 0 0 0 0 0
0 0 0 0 0 0 1 0 0 0 1 0 0 0 1 0 0 0 0 1 0 0 0 0 0 1 0 0 0 1 0 0 0 0 0
0 0 0 0 0 0 1 0 1 0 1 0 1 0 0 1 0 1 0 1 0 1 0 0 0 1 0 0 0 0 0 0 0 0 0
0 0 0 0 0 0 0 0 0 0 0 0 1 0 0 0 0 0 0 1 0 0 0 0 1 0 0 0 0 0 0 0 0 0 0
0 0 0 0 0 1 0 0 1 0 0 1 0 0 0 0 1 0 0 0 0 0 0 1 0 0 1 0 0 0 0 0 0 0 0
0 0 0 0 1 0 0 0 0 0 0 0 0 0 0 0 0 0 0 0 0 0 0 0 0 0 0 0 0 1 0 0 0 0 0
0 0 0 0 0 0 0 0 0 0 0 0 0 0 0 0 0 0 0 0 1 0 0 0 0 0 0 0 0 0 0 0 0 0 0
0 0 0 0 0 0 0 0 0 0 1 0 0 1 0 1 0 0 0 0 0 0 0 0 0 0 0 0 0 0 0 0 0 0 0
0 0 0 0 0 0 0 0 1 0 0 0 0 0 0 0 0 1 0 0 0 0 0 0 0 0 1 0 0 0 0 0 0 0 0
0 0 0 0 0 0 1 0 0 0 0 0 0 1 0 0 0 0 0 0 0 0 0 0 0 0 0 0 0 0 0 0 0 0 0
0 0 0 0 0 0 0 0 0 0 0 0 0 0 0 0 1 0 0 0 0 0 0 0 0 0 0 0 0 1 0 0 0 0 0
0 0 0 0 0 0 0 0 1 0 0 0 0 0 0 0 0 0 0 0 1 0 0 0 0 0 0 0 0 0 0 0 0 0 0
0 0 0 0 0 0 0 0 0 0 0 0 0 0 0 0 0 0 0 0 0 0 0 0 0 0 0 0 0 0 0 0 0 0 0
0 0 0 0 0 0 0 0 0 0 0 0 0 0 0 1 0 0 0 0 0 0 0 0 0 0 0 0 0 0 0 0 0 0 0
0 0 0 0 0 0 0 0 0 0 1 0 0 0 0 0 0 0 0 0 0 0 0 1 0 0 0 0 0 0 0 0 0 0 0
0 0 0 0 0 0 1 0 0 0 0 0 0 0 0 0 0 0 0 0 0 0 0 0 0 0 0 1 0 0 0 0 0 0 0
0 0 0 0 0 0 1 0 1 0 1 0 1 0 1 0 1 0 0 1 0 1 0 1 0 1 0 1 0 1 0 0 0 0 0
0 0 0 0 0 0 0 0 0 0 0 0 0 0 0 0 0 0 0 0 0 0 0 0 1 0 0 0 0 0 0 0 0 0 0
0 0 0 0 0 0 0 0 0 1 0 0 0 1 0 0 1 0 0 1 0 0 0 0 0 1 0 0 1 0 0 0 0 0 0
0 0 0 0 0 0 0 0 0 0 0 0 0 0 0 0 0 0 0 0 0 0 0 0 0 0 0 0 0 0 0 0 0 0 0
0 0 0 0 1 0 0 0 0 0 0 0 0 0 0 0 0 0 0 0 0 0 0 0 0 0 0 1 0 0 0 0 0 0 0
0 0 0 0 0 0 0 0 0 0 0 0 0 0 0 0 0 1 0 0 0 0 0 0 0 1 0 0 0 0 0 0 0 0 0
0 0 0 0 0 0 1 0 0 0 0 0 0 0 0 0 0 0 0 0 0 0 1 0 0 0 0 0 0 0 0 0 0 0 0
0 0 0 0 1 0 0 0 0 0 0 1 0 0 0 0 0 0 1 0 0 0 0 0 0 1 0 0 0 0 0 0 0 0 0
0 0 0 0 0 0 0 0 1 0 0 0 0 1 0 0 0 1 0 0 0 1 0 0 0 0 1 0 0 0 0 0 0 0 0
0 0 0 0 0 0 0 0 0 0 0 0 0 0 0 0 0 0 0 0 0 0 0 0 0 1 0 0 0 0 0 0 0 0 0
0 0 0 0 0 0 0 0 0 0 0 0 0 0 0 0 0 0 0 0 0 0 0 0 0 0 0 0 0 0 0 0 0 0 0
0 0 0 0 1 1 1 0 1 1 1 1 1 1 1 1 1 1 1 1 1 1 0 1 1 1 1 1 1 1 0 0 0 0 0
0 0 0 0 1 1 1 0 1 1 1 1 1 1 1 1 1 1 1 1 1 1 0 0 1 1 1 1 1 1 0 0 0 0 0
0 0 0 0 1 1 0 0 1 1 1 1 1 1 1 1 1 1 1 1 1 1 0 0 1 1 1 1 1 1 0 0 0 0 0
0 0 0 0 0 1 0 0 1 1 1 0 0 1 1 1 0 0 1 1 1 0 0 0 0 0 1 0 1 1 0 0 0 0 0
0 0 0 0 0 1 0 0 1 1 1 1 1 1 1 1 1 1 1 1 1 1 0 0 1 1 1 1 1 1 0 0 0 0 0
0 0 0 0 0 1 0 0 1 0 0 0 1 0 0 0 1 1 1 1 1 1 0 0 0 1 1 1 1 1 0 0 0 0 0
0 0 0 0 0 0 0 0 0 0 0 0 0 0 0 0 0 0 0 0 0 0 0 0 0 1 0 1 0 0 0 0 0 0 0
0 0 0 0 0 0 0 0 0 0 0 0 0 0 0 0 0 0 0 0 0 0 0 0 0 0 0 0 0 0 0 0 0 0 0

y
0.0 9.0 0.0 0.0 0.0 0.0 0.0 0.0 0.0 0.2142857142857142 0.0 0.0 8.0 7.0 0.0 0.0 0.5 0.0 0.0 0.0 0.0 0.0 0.0 1.75 3.5 0.0 0.0 0.0 0.0 0.0 0.0 0.0 0.5098039215686274 0.0 0.0 1.0 0.0

k
0 4 2 0 0 3 0 0 0 12 0 0 4 4 4 0 1 0 1 0 0 3 0 3 1 0 0 0 11 2 3 4 39 5 12 24 3

f
8.75 19.25 0.0 8.75 0.0 0.0 0.0 0.0 0.0 0.0 0.0 0.0 0.0 0.0 0.0 0.0 0.0 0.0 0.0 0.0 0.0 1.75 0.0 0.0 0.0 5.25 0.0 0.0 0.0 0.0 0.0 0.0 0.0 0.0 0.0
0.0 0.0 0.0 0.0 0.0 0.0 0.0 0.0 0.0 0.0 0.0 0.0 0.0 0.0 0.0 0.0 0.0 0.0 0.0 0.0 0.0 0.0 0.0 0.0 0.0 1.0 0.0 0.0 0.0 0.0 0.0 0.0 0.0 0.0 0.0
0.0 0.0 0.0 0.0 0.0 0.0 0.0 0.0 0.0 0.0 0.0 0.0 0.0 0.0 0.0 0.0 0.0 0.0 0.0 0.0 0.0 0.0 0.0 0.0 0.0 0.0 0.0 0.0 0.0 0.0 0.0 0.0 0.0 0.0 0.0
0.0 6.25 0.0 10.25 0.75 0.0 0.0 0.75 0.25 4.75 0.0 0.75 0.75 3.25 1.75 0.75 0.0 0.0 3.75 4.75 0.75 8.75 0.0 1.25 0.0 0.0 0.0 0.0 0.0 0.0 0.0 0.0 0.0 0.0 0.0

L
3 14 4 4 2 5 3 25 0 2 9 7 13 12 0 0 13 21 2 0 3 0 23 8 16 7 4 0 0 1 1 1 1 1 1 2 0

g
0 0 0 0 0 0 0 0 0 0 0 0 0 0 0 0 0 0 0 0 0 0 0 0 0 0 0 0 0 0 0 0 0 0 0
0 0 0 0 0 0 0 0 0 0 0 0 0 0 0 0 0 0 0 0 0 0 0 0 0 0 0 0 0 0 0 0 0 0 0
0 0 0 0 0 0 0 0 0 0 0 0 0 0 0 0 0 0 0 0 0 0 0 0 0 0 0 0 0 0 0 0 0 0 0
0 0 0 0 0 0 0 0 0 0 0 0 0 0 0 0 0 0 0 0 0 0 0 0 0 0 0 0 0 0 0 0 0 0 0
0 0 0 0 0 0 0 0 0 0 0 0 0 0 0 0 0 0 0 0 0 0 0 0 0 0 0 0 0 0 0 0 0 0 0
0 0 0 0 0 0 0 0 0 0 0 0 0 0 0 0 0 0 0 0 0 0 0 0 0 0 0 0 0 0 0 0 0 0 0
0 0 0 0 0 0 0 0 0 0 0 0 0 0 0 0 0 0 0 0 0 0 0 0 0 0 0 0 0 0 0 0 0 0 0
0 0 0 0 0 0 0 0 0 0 0 0 0 0 0 0 0 0 0 0 0 0 0 0 0 0 0 0 0 0 0 0 0 0 0
0 0 0 0 0 0 0 0 0 0 0 0 0 0 0 0 0 0 0 0 0 0 0 0 0 0 0 0 0 0 0 0 0 0 0
0 0 0 0 0 0 0 0 0 0 0 0 0 0 0 0 0 0 0 0 0 0 0 0 0 0 0 0 0 0 0 0 0 0 0
0 0 0 0 0 0 0 0 0 0 0 0 0 0 0 0 0 0 0 0 0 0 0 0 0 0 0 0 0 0 0 0 0 0 0
0 0 0 0 0 0 0 0 0 0 0 0 0 0 0 0 0 0 0 0 0 0 0 0 0 0 0 0 0 0 0 0 0 0 0
0 0 0 0 0 0 0 0 0 0 0 0 0 0 0 0 0 0 0 0 0 0 0 0 0 0 0 0 0 0 0 0 0 0 0
0 0 0 0 0 0 0 0 0 0 0 0 0 0 0 0 0 0 0 0 0 0 0 0 0 0 0 0 0 0 0 0 0 0 0
0 0 0 0 0 0 0 0 0 0 0 0 0 0 0 0 0 0 0 0 0 0 0 0 0 0 0 0 0 0 0 0 0 0 0
0 0 0 0 0 0 0 0 0 0 0 0 0 0 0 0 0 0 0 0 0 0 0 0 0 0 0 0 0 0 0 0 0 0 0
0 0 0 0 0 0 0 0 0 0 0 0 0 0 0 0 0 0 0 0 0 0 0 0 0 0 0 0 0 0 0 0 0 0 0
0 0 0 0 0 0 0 0 0 0 0 0 0 0 0 0 0 0 0 0 0 0 0 0 0 0 0 0 0 0 0 0 0 0 0
0 0 0 0 0 0 0 0 0 0 0 0 0 0 0 0 0 0 0 0 0 0 0 0 0 0 0 0 0 0 0 0 0 0 0
0 0 0 0 0 0 0 0 0 0 0 0 0 0 0 0 0 0 0 0 0 0 0 0 0 0 0 0 0 0 0 0 0 0 0
0 0 0 0 0 0 0 0 0 0 0 0 0 0 0 0 0 0 0 0 0 0 0 0 0 0 0 0 0 0 0 0 0 0 0
0 0 0 0 0 0 0 0 0 0 0 0 0 0 0 0 0 0 0 0 0 0 0 0 0 0 0 0 0 0 0 0 0 0 0
0 0 0 0 0 0 0 0 0 0 0 0 0 0 0 0 0 0 0 0 0 0 0 0 0 0 0 0 0 0 0 0 0 0 0
0 0 0 0 0 0 0 0 0 0 0 0 0 0 0 0 0 0 0 0 0 0 0 0 0 0 0 0 0 0 0 0 0 0 0
0 0 0 0 0 0 0 0 0 0 0 0 0 0 0 0 0 0 0 0 0 0 0 0 0 0 0 0 0 0 0 0 0 0 0
0 0 0 0 0 0 0 0 0 0 0 0 0 0 0 0 0 0 0 0 0 0 0 0 0 0 0 0 0 0 0 0 0 0 0
0 0 0 0 0 0 0 0 0 0 0 0 0 0 0 0 0 0 0 0 0 0 0 0 0 0 0 0 0 0 0 0 0 0 0
0 0 0 0 0 0 0 0 0 0 0 0 0 0 0 0 0 0 0 0 0 0 0 0 0 0 0 0 0 0 0 0 0 0 0
0 0 0 0 0 0 0 0 0 0 0 0 0 0 0 0 0 0 0 0 0 0 0 0 0 0 0 0 0 0 0 0 0 0 0
0 0 0 0 0 0 0 0 0 0 0 0 0 0 0 0 0 0 0 0 0 0 0 0 0 0 0 0 0 0 0 0 0 0 0
0 0 0 0 0 0 0 0 0 0 0 0 0 0 0 0 0 0 0 0 0 0 0 0 0 0 0 0 0 0 0 0 0 0 0
0 0 0 0 0 0 0 0 0 0 0 0 0 0 0 0 0 0 0 0 0 0 0 0 0 0 0 0 0 0 0 0 0 0 0
0 0 0 0 0 0 0 0 0 0 0 0 0 0 0 0 0 0 0 0 0 0 0 0 0 0 0 0 0 0 0 0 0 0 0
0 0 0 0 0 0 0 0 0 0 0 0 0 0 0 0 0 0 0 0 0 0 0 0 0 0 0 0 0 0 0 0 0 0 0
0 0 0 0 0 0 0 0 0 0 0 0 0 0 0 0 0 0 0 0 0 0 0 0 0 0 0 0 0 0 0 0 0 0 0
0 0 0 0 0 0 0 0 0 0 0 0 0 0 0 0 0 0 0 0 0 0 0 0 0 0 0 0 0 0 0 0 0 0 0
0 0 0 0 0 0 0 0 0 0 0 0 0 0 0 0 0 0 0 0 0 0 0 0 0 0 0 0 0 0 0 0 0 0 0

I cap
1058.909090909091 1058.909090909091 951.3050909090924 951.3050909090947 1045.1540000000111 820.8860000000584 781.6520000000305 1101.6000000000213 590.3300000000097 701.8920000000084 485.71200000001625 625.4700000000055 506.2320000000183 500.3580000000116 489.9060000000109 701.2670909091066 609.3050909090987 546.6290909091058 605.5430909091021 330.3410909091001 648.9770909091021 620.8250909091008 730.7870909090946 616.5410909090969 741.7670909090955 507.8750909090951 607.7210909090912 594.3290909090936 814.5050909090925 640.6430909090909 855.8330909090947 905.945090909097 953.105090909091 1058.909090909091 672.0
107.96969696969697 107.96969696969697 71.57369696969695 71.57369696969693 78.04600000000059 73.3139999999983 29.247999999998715 58.69999999999932 50.87 90.80799999999985 45.2879999999995 75.53000000000007 87.2679999999996 5.641999999998895 34.09399999999941 54.311696969696676 42.77369696969642 37.049696969696086 42.03569696969694 35.53769696969648 65.20169696969639 83.45369696969661 91.03169696969681 81.97769696969651 91.0316969696963 71.30369696969633 60.55769696969658 28.049696969695734 35.57369696969516 15.935696969696643 44.645696969696516 52.13369696969528 73.37369696969697 107.96969696969697 84.0
38.96666666666666 38.96666666666666 38.96666666666666 38.96666666666667 44.099999999999994 30.592500000000065 23.592500000000086 20.79250000000006 15.892500000000037 19.70000000000002 4.999999999999994 9.899999999999995 11.899999999999999 16.89999999999999 5.699999999999997 19.466666666666672 13.166666666666671 19.466666666666658 19.466666666666658 19.466666666666665 19.466666666666658 13.166666666666643 10.226666666666649 3.926666666666656 18.146666666666622 13.166666666666643 8.059166666666696 1.7591666666666583 8.059166666666732 1.7591666666667383 19.466666666666715 32.666666666666714 38.96666666666666 38.96666666666666 23.8
45.24545454545453 45.24545454545453 43.35545454545453 38.00045454545453 22.53300000000001 30.743999999999957 32.10299999999995 37.244999999999905 24.603000000000073 26.56599999999985 21.401999999999923 21.844999999999978 18.34799999999994 12.985999999999937 6.576999999999966 26.714454545454377 26.570454545454318 28.091454545454386 28.271454545454407 24.158454545454312 29.22545454545441 34.57145454545429 33.554454545454306 28.343454545454282 27.578454545454367 27.36245454545426 32.30345454545427 26.31845454545437 26.705454545454447 31.38545454545448 42.71645454545454 43.0224545454545 43.481454545454525 45.24545454545453 42.0
20.999999999999993 20.999999999999993 20.243999999999993 19.92899999999999 10.389000000000234 16.762 9.585999999999993 15.998999999999912 11.173999999999957 10.86800000000001 9.229000000000049 13.657000000000043 10.365000000000016 11.007000000000026 4.388000000000002 10.119000000000018 8.31900000000007 8.868000000000016 9.606000000000066 8.247000000000018 10.88400000000005 11.316000000000038 14.241000000000064 15.069 13.304999999999993 9.822000000000056 11.694000000000095 8.525999999999993 8.490000000000038 7.032000000000118 14.781000000000041 17.543999999999997 20.29799999999999 20.999999999999993 21.0
345.75757575757575 345.75757575757575 342.16657575757574 312.51951693404635 203.38847058823526 243.26805882352772 287.7015294117641 262.97394117646854 243.87947058823195 211.77699999999507 141.01600000000064 132.6279999999996 213.8429999999973 215.5889999999974 143.5749999999989 181.60657575757148 183.96457575757148 212.80957575757108 231.7815757575713 240.5385757575715 266.57557575757124 285.5756345811012 294.46710516933564 259.8965169340426 222.0160463458079 223.43857575757343 264.3075757575727 244.63357575757396 242.95057575757377 274.38863458110467 304.04310516934044 330.51157575757577 342.16657575757574 345.75757575757575 245.0
779.7575757575758 779.7575757575758 751.0295757575758 751.0295757575758 563.5500000000006 682.255 781.216 713.467 680.521 653.455 626.9209999999999 805.0789999999998 666.1149999999999 612.1690000000001 524.648 594.5105757575773 654.8285757575771 564.6575757575795 540.5015757575768 479.11257575757645 637.1705757575776 688.0925757575767 661.7675757575761 659.1845757575766 607.1555757575768 560.7605757575766 684.6905757575774 579.4715757575759 538.1975757575758 578.7335757575755 719.1065757575758 730.7165757575758 752.4875757575758 779.7575757575758 630.0
80.73333333333335 80.73333333333335 79.41033333333336 78.78033333333336 66.31199999999998 83.60100000000003 74.24700000000001 85.019 79.071 82.13800000000002 70.98600000000002 81.52300000000001 85.82800000000003 82.73400000000001 73.44300000000001 68.14233333333333 69.06933333333339 69.77133333333335 70.60833333333336 65.19033333333337 67.14333333333337 69.02433333333336 73.23933333333336 77.09733333333337 70.39833333333337 68.30433333333336 71.73333333333336 68.60133333333337 69.58233333333337 68.64633333333336 76.28133333333335 79.41033333333336 79.48233333333336 80.73333333333335 48.300000000000004
10.775757575757575 10.775757575757575 9.830757575757575 9.830757575757575 7.1850000000000005 5.975 5.6349999999999945 8.244999999999994 3.626 1.5850000000000146 1.2140000000000004 0.48300000000000587 1.8689999999999998 5.120000000000003 1.8400000000000007 0.15575757575758065 3.170757575757576 0.3807575757575772 1.0557575757575695 1.0557575757575766 5.375757575757582 3.215757575757577 2.80175757575758 1.973757575757583 0.758757575757576 1.6857575757575813 3.2157575757575727 0.11075757575756695 0.11075757575756873 4.1607575757575805 7.310757575757576 9.830757575757575 9.920757575757575 10.775757575757575 8.4
2.545454545454545 2.545454545454545 1.9784545454545448 1.9784545454545448 2.0439999999999996 0.07699999999999985 0.774999999999988 0.12899999999999945 0.26199999999998935 0.29099999999999926 1.2069999999999967 0.18499999999999983 0.07699999999999985 0.07499999999999951 0.12899999999999945 1.141454545454545 0.41245454545454274 0.06145454545454054 0.7904545454545395 0.4124545454545441 0.1154545454545366 0.4664545454545359 0.007454545454544936 1.3034545454545294 1.5194545454545416 0.28645454545453825 0.7454545454545387 0.17845454545454342 0.1784545454545443 0.7904545454545395 0.43945454545454576 0.9794545454545448 1.9784545454545448 2.545454545454545 2.8000000000000003
8.515433299825174 8.515433299825174 8.515433299825174 8.188754533944957 5.425743333333334 6.051739310344833 6.240789196914715 7.3890772686024295 7.587813637931003 6.362029758620625 7.461154844827523 7.267100172413698 6.68603879310337 5.193464327586243 6.025883379310367 5.446610362069002 5.648175862068996 5.028786224137964 4.505820017241391 4.161721827586244 3.85148098746083 5.961529300363026 6.978511078947382 6.026267948275888 6.146186166666715 4.593532258620732 4.241075379310358 6.640823827586102 6.243549672413735 6.30211049001805 8.217813620689657 9.126097413793104 7.811086206896552 8.024766408045977 11.315375057471266
700.0 700.0 700.0 698.2 690.1000000000001 689.2000000000002 680.2000000000003 689.2000000000002 680.2000000000003 686.5000000000002 682.9000000000002 684.7000000000003 686.5000000000003 682.0000000000003 688.3000000000003 684.7000000000004 685.6000000000004 681.1000000000003 685.6000000000003 683.8000000000003 684.7000000000003 683.8000000000002 684.7000000000002 680.2000000000003 681.1 682.0000000000002 685.6000000000003 680.2000000000003 684.7000000000003 682.9000000000002 691.9000000000002 694.6000000000001 698.2 700.0 697.3

H cap
-8.75 -19.25 33.25 -8.75 8.75 15.75 33.25 15.75 1.75 15.75 8.75 1.75 33.25 40.25 29.75 1.75 19.25 5.25 29.75 43.75 8.75 -1.75 5.25 1.75 29.75 -5.25 5.25 131.25 131.25 131.25 131.25 131.25 131.25 131.25 131.25
33.5 13.5 20.0 35.0 13.0 0.0 5.0 4.0 12.0 6.0 5.0 5.0 3.0 6.0 7.5 5.0 2.0 1.5 27.5 37.0 23.0 16.0 5.0 7.0 14.0 -1.0 17.0 52.5 52.5 52.5 52.5 52.5 52.5 52.5 52.5
49.0 49.0 49.0 45.5 42.0 42.0 42.0 38.5 45.5 45.5 45.5 42.0 42.0 38.5 42.0 45.5 49.0 45.5 49.0 49.0 45.5 42.0 38.5 42.0 49.0 45.5 45.5 63.0 63.0 63.0 63.0 63.0 63.0 63.0 63.0
3.75 -6.25 2.25 -10.25 -0.75 1.25 12.75 -0.75 -0.25 -4.75 2.75 -0.75 -0.75 -3.25 -1.75 -0.75 0.25 0.25 -3.75 -4.75 -0.75 -8.75 5.25 -1.25 7.75 3.75 15.75 78.75 78.75 78.75 78.75 78.75 78.75 78.75 78.75

Gap
NaN

Time
NaN

