T P M C
35 37 4 12

base obj
11.658058608058608

exp obj
11.623543956043957

Objective struct
11.658058608058608 0.0 11.520000000000001

num campaigns
202

x
0 0 0 0 1 0 0 0 1 0 0 0 1 0 0 0 1 0 0 0 1 0 0 0 0 1 0 0 0 1 0 0 0 0 0
0 0 0 0 0 0 0 1 0 0 0 0 0 0 0 0 0 0 1 0 0 0 0 0 0 0 0 0 0 0 0 0 0 0 0
0 0 0 0 0 0 0 0 1 0 0 0 0 0 0 0 0 1 0 0 0 1 0 0 0 1 0 0 0 0 0 0 0 0 0
0 0 0 0 0 0 1 0 0 1 0 0 0 1 0 0 0 1 0 0 1 0 0 1 0 0 0 0 0 0 0 0 0 0 0
0 0 0 0 0 0 1 0 1 0 0 1 0 0 1 0 1 0 0 1 0 1 0 0 0 1 0 1 0 0 0 0 0 0 0
0 0 0 0 0 0 0 0 0 0 0 1 0 0 0 0 0 0 0 0 0 0 1 0 0 0 0 0 0 0 0 0 0 0 0
0 0 0 0 0 0 1 0 0 0 1 0 0 0 1 0 0 0 1 0 0 0 1 0 0 0 1 0 0 0 0 0 0 0 0
0 0 0 0 1 0 0 0 0 0 0 0 0 0 0 0 0 0 0 0 0 0 0 0 0 0 0 0 0 1 0 0 0 0 0
0 0 0 0 0 0 0 0 0 0 0 0 0 0 0 1 0 0 0 0 0 0 0 0 0 0 0 0 0 0 0 0 0 0 0
0 0 0 0 0 0 0 0 0 0 0 0 1 0 0 0 0 1 0 0 0 0 0 0 0 0 0 0 0 0 0 0 0 0 0
0 0 0 0 0 1 0 0 0 0 0 0 0 0 0 1 0 0 0 0 0 0 0 0 0 1 0 0 0 0 0 0 0 0 0
0 0 0 0 0 0 0 0 1 0 0 0 0 0 0 0 0 0 0 0 0 0 0 0 0 0 0 0 0 1 0 0 0 0 0
0 0 0 0 0 0 0 0 0 0 0 0 0 0 0 0 0 0 0 0 1 0 0 0 0 1 0 0 0 0 0 0 0 0 0
0 0 0 0 1 0 0 0 0 0 0 0 0 1 0 0 0 0 1 0 0 0 0 0 0 0 0 1 0 0 0 0 0 0 0
0 0 0 0 0 0 0 0 0 0 0 0 0 0 0 0 0 0 0 0 0 0 0 0 0 0 0 0 0 0 0 0 0 0 0
0 0 0 0 0 0 0 0 0 0 0 0 0 0 1 0 0 0 0 0 0 0 0 0 0 0 0 0 0 0 0 0 0 0 0
0 0 0 0 0 0 0 0 0 1 0 0 0 0 0 0 0 0 0 1 0 0 0 0 0 0 0 0 0 1 0 0 0 0 0
0 0 0 0 1 0 0 0 0 0 0 0 0 0 0 0 0 0 0 0 0 0 0 0 0 0 0 1 0 0 0 0 0 0 0
0 0 0 0 0 0 1 0 1 0 1 0 1 0 1 0 0 1 0 1 0 1 0 1 0 1 0 1 0 0 0 0 0 0 0
0 0 0 0 0 0 0 0 0 0 0 0 0 0 0 0 0 0 1 0 0 0 0 0 0 0 0 0 0 0 0 0 0 0 0
0 0 0 0 0 0 1 0 0 1 0 0 0 1 0 0 0 0 1 0 0 1 0 0 0 0 0 1 0 0 0 0 0 0 0
0 0 0 0 0 0 0 0 0 0 0 0 0 0 0 0 0 0 0 0 0 0 0 0 0 0 0 0 0 0 0 0 0 0 0
0 0 0 0 0 0 1 0 0 0 0 0 0 0 0 0 0 0 0 0 0 0 0 0 0 0 0 1 0 0 0 0 0 0 0
0 0 0 0 0 0 0 0 0 0 0 0 0 0 0 1 0 0 0 0 0 0 0 0 1 0 0 0 0 0 0 0 0 0 0
0 0 0 0 0 0 0 0 0 0 1 0 0 0 0 0 0 0 0 0 0 0 0 1 0 0 0 0 0 0 0 0 0 0 0
0 0 0 0 0 1 0 0 0 0 0 0 0 1 0 0 0 0 0 0 0 1 0 0 0 0 0 0 0 1 0 0 0 0 0
0 0 0 0 0 0 1 0 0 0 0 1 0 0 0 0 1 0 0 0 0 1 0 0 0 0 1 0 0 0 0 0 0 0 0
0 0 0 0 0 0 0 0 0 0 1 0 0 0 0 0 0 0 0 0 0 0 0 0 0 0 0 0 0 0 0 0 0 0 0
0 0 0 0 0 0 0 0 0 0 0 0 0 0 0 0 0 0 0 0 0 0 0 0 0 0 0 0 0 0 0 0 0 0 0
0 0 0 0 1 1 1 1 1 1 1 1 1 1 1 1 1 1 1 1 1 1 1 1 1 1 1 1 1 1 0 0 0 0 0
0 0 0 0 1 1 1 1 1 1 1 1 1 1 1 1 1 1 1 1 1 1 1 1 0 1 1 1 1 1 0 0 0 0 0
0 0 0 0 1 1 1 1 1 1 0 0 0 1 1 1 1 1 1 1 1 1 1 1 0 0 1 1 1 1 0 0 0 0 0
0 0 0 0 1 1 1 1 0 0 0 0 1 0 1 1 0 0 0 1 0 0 0 0 0 1 0 0 0 0 0 0 0 0 0
0 0 0 0 0 0 1 0 1 0 0 0 1 1 1 1 1 1 1 1 1 1 1 1 0 1 0 1 1 1 0 0 0 0 0
0 0 0 0 1 0 1 0 0 0 0 0 0 0 1 1 1 0 1 0 0 0 1 1 0 1 1 0 1 0 0 0 0 0 0
0 0 0 0 0 0 0 0 0 0 0 0 0 0 0 0 0 0 0 0 0 0 0 0 0 0 0 0 0 0 0 0 0 0 0
0 0 0 0 0 0 0 0 0 0 0 0 0 0 0 0 0 0 0 0 0 0 0 0 0 0 0 0 0 0 0 0 0 0 0

y
0.0 6.0 0.0 0.0 0.0 6.0 0.0 0.0 0.0 3.2142857142857144 0.0 0.0 0.0 0.0 0.0 0.0 0.0 0.0 0.0 0.0 0.0 0.0 0.0 2.75 0.5 0.0 0.0 0.0 0.0 0.0 0.0 0.0 0.5098039215686274 0.0 0.0 0.0 0.0

k
0 4 3 0 0 4 0 0 0 13 0 0 4 2 4 0 0 0 2 0 0 3 0 3 1 0 0 0 11 0 1 5 43 8 15 26 3

f
8.75 19.25 0.0 8.75 0.0 0.0 0.0 0.0 5.25 0.0 0.0 0.0 5.25 0.0 0.0 0.0 0.0 0.0 0.0 0.0 0.0 0.0 0.0 0.0 0.0 0.0 0.0 0.0 0.0 0.0 0.0 0.0 0.0 0.0 0.0
0.0 0.0 0.0 0.0 0.0 0.0 0.0 0.0 0.0 0.0 0.0 0.0 0.0 0.0 0.0 0.0 0.0 0.0 0.0 0.0 0.0 0.0 0.0 0.0 0.0 0.0 0.0 0.0 0.0 0.0 0.0 0.0 0.0 0.0 0.0
0.0 0.0 0.0 0.0 0.0 0.0 0.0 0.0 0.0 0.0 0.0 0.0 0.0 0.0 0.0 0.0 0.0 0.0 0.0 0.0 0.0 0.0 0.0 0.0 0.0 0.0 0.0 0.0 0.0 0.0 0.0 0.0 0.0 0.0 0.0
0.0 0.25 0.0 0.75 0.0 6.75 0.25 4.75 0.0 0.25 0.0 0.0 3.25 0.0 4.25 1.25 0.0 5.25 0.0 5.25 0.25 7.25 0.0 7.25 0.0 1.75 0.0 0.0 0.0 0.0 0.0 0.0 0.0 0.0 0.0

L
4 11 4 3 2 11 4 25 0 5 10 21 5 5 0 0 10 23 2 0 3 0 21 9 13 8 5 0 0 1 1 1 1 1 1 0 0

g
0 0 0 0 0 0 0 0 0 0 0 0 0 0 0 0 0 0 0 0 0 0 0 0 0 0 0 0 0 0 0 0 0 0 0
0 0 0 0 0 0 0 0 0 0 0 0 0 0 0 0 0 0 0 0 0 0 0 0 0 0 0 0 0 0 0 0 0 0 0
0 0 0 0 0 0 0 0 0 0 0 0 0 0 0 0 0 0 0 0 0 0 0 0 0 0 0 0 0 0 0 0 0 0 0
0 0 0 0 0 0 0 0 0 0 0 0 0 0 0 0 0 0 0 0 0 0 0 0 0 0 0 0 0 0 0 0 0 0 0
0 0 0 0 0 0 0 0 0 0 0 0 0 0 0 0 0 0 0 0 0 0 0 0 0 0 0 0 0 0 0 0 0 0 0
0 0 0 0 0 0 0 0 0 0 0 0 0 0 0 0 0 0 0 0 0 0 0 0 0 0 0 0 0 0 0 0 0 0 0
0 0 0 0 0 0 0 0 0 0 0 0 0 0 0 0 0 0 0 0 0 0 0 0 0 0 0 0 0 0 0 0 0 0 0
0 0 0 0 0 0 0 0 0 0 0 0 0 0 0 0 0 0 0 0 0 0 0 0 0 0 0 0 0 0 0 0 0 0 0
0 0 0 0 0 0 0 0 0 0 0 0 0 0 0 0 0 0 0 0 0 0 0 0 0 0 0 0 0 0 0 0 0 0 0
0 0 0 0 0 0 0 0 0 0 0 0 0 0 0 0 0 0 0 0 0 0 0 0 0 0 0 0 0 0 0 0 0 0 0
0 0 0 0 0 0 0 0 0 0 0 0 0 0 0 0 0 0 0 0 0 0 0 0 0 0 0 0 0 0 0 0 0 0 0
0 0 0 0 0 0 0 0 0 0 0 0 0 0 0 0 0 0 0 0 0 0 0 0 0 0 0 0 0 0 0 0 0 0 0
0 0 0 0 0 0 0 0 0 0 0 0 0 0 0 0 0 0 0 0 0 0 0 0 0 0 0 0 0 0 0 0 0 0 0
0 0 0 0 0 0 0 0 0 0 0 0 0 0 0 0 0 0 0 0 0 0 0 0 0 0 0 0 0 0 0 0 0 0 0
0 0 0 0 0 0 0 0 0 0 0 0 0 0 0 0 0 0 0 0 0 0 0 0 0 0 0 0 0 0 0 0 0 0 0
0 0 0 0 0 0 0 0 0 0 0 0 0 0 0 0 0 0 0 0 0 0 0 0 0 0 0 0 0 0 0 0 0 0 0
0 0 0 0 0 0 0 0 0 0 0 0 0 0 0 0 0 0 0 0 0 0 0 0 0 0 0 0 0 0 0 0 0 0 0
0 0 0 0 0 0 0 0 0 0 0 0 0 0 0 0 0 0 0 0 0 0 0 0 0 0 0 0 0 0 0 0 0 0 0
0 0 0 0 0 0 0 0 0 0 0 0 0 0 0 0 0 0 0 0 0 0 0 0 0 0 0 0 0 0 0 0 0 0 0
0 0 0 0 0 0 0 0 0 0 0 0 0 0 0 0 0 0 0 0 0 0 0 0 0 0 0 0 0 0 0 0 0 0 0
0 0 0 0 0 0 0 0 0 0 0 0 0 0 0 0 0 0 0 0 0 0 0 0 0 0 0 0 0 0 0 0 0 0 0
0 0 0 0 0 0 0 0 0 0 0 0 0 0 0 0 0 0 0 0 0 0 0 0 0 0 0 0 0 0 0 0 0 0 0
0 0 0 0 0 0 0 0 0 0 0 0 0 0 0 0 0 0 0 0 0 0 0 0 0 0 0 0 0 0 0 0 0 0 0
0 0 0 0 0 0 0 0 0 0 0 0 0 0 0 0 0 0 0 0 0 0 0 0 0 0 0 0 0 0 0 0 0 0 0
0 0 0 0 0 0 0 0 0 0 0 0 0 0 0 0 0 0 0 0 0 0 0 0 0 0 0 0 0 0 0 0 0 0 0
0 0 0 0 0 0 0 0 0 0 0 0 0 0 0 0 0 0 0 0 0 0 0 0 0 0 0 0 0 0 0 0 0 0 0
0 0 0 0 0 0 0 0 0 0 0 0 0 0 0 0 0 0 0 0 0 0 0 0 0 0 0 0 0 0 0 0 0 0 0
0 0 0 0 0 0 0 0 0 0 0 0 0 0 0 0 0 0 0 0 0 0 0 0 0 0 0 0 0 0 0 0 0 0 0
0 0 0 0 0 0 0 0 0 0 0 0 0 0 0 0 0 0 0 0 0 0 0 0 0 0 0 0 0 0 0 0 0 0 0
0 0 0 0 0 0 0 0 0 0 0 0 0 0 0 0 0 0 0 0 0 0 0 0 0 0 0 0 0 0 0 0 0 0 0
0 0 0 0 0 0 0 0 0 0 0 0 0 0 0 0 0 0 0 0 0 0 0 0 0 0 0 0 0 0 0 0 0 0 0
0 0 0 0 0 0 0 0 0 0 0 0 0 0 0 0 0 0 0 0 0 0 0 0 0 0 0 0 0 0 0 0 0 0 0
0 0 0 0 0 0 0 0 0 0 0 0 0 0 0 0 0 0 0 0 0 0 0 0 0 0 0 0 0 0 0 0 0 0 0
0 0 0 0 0 0 0 0 0 0 0 0 0 0 0 0 0 0 0 0 0 0 0 0 0 0 0 0 0 0 0 0 0 0 0
0 0 0 0 0 0 0 0 0 0 0 0 0 0 0 0 0 0 0 0 0 0 0 0 0 0 0 0 0 0 0 0 0 0 0
0 0 0 0 0 0 0 0 0 0 0 0 0 0 0 0 0 0 0 0 0 0 0 0 0 0 0 0 0 0 0 0 0 0 0
0 0 0 0 0 0 0 0 0 0 0 0 0 0 0 0 0 0 0 0 0 0 0 0 0 0 0 0 0 0 0 0 0 0 0

I cap
1058.909090909091 1058.909090909091 951.3050909090942 951.3050909090956 1173.4040000000098 944.6540000000188 610.7780000000256 896.7420000000318 702.7040000000048 712.8540000000075 616.0680000000135 551.6340000000156 739.710000000011 482.07000000000517 617.7420000000157 672.3590909091033 710.9510909090994 552.1730909090975 497.0570909091041 750.1910909091052 683.7530909091029 521.5730909090963 450.02309090909523 402.9170909090981 909.5810909090949 764.6270909090927 610.6190909090927 601.7810909090933 775.7510909090922 701.1230909090909 801.5630909090927 834.3050909090933 953.105090909091 1058.909090909091 672.0
107.96969696969697 107.96969696969697 71.57369696969695 71.57369696969695 84.79600000000076 56.64599999999917 35.42199999999767 48.45799999999883 63.59600000000033 82.54600000000016 80.53199999999953 99.86599999999959 77.88999999999979 39.23000000000006 87.15799999999955 41.819696969695755 63.16769696969675 22.145696969697017 50.44169696969661 93.58769696969594 68.2256969696964 60.30569696969705 57.155696969697146 67.36169696969644 102.49769696969626 51.251696969696965 33.35969696969711 13.397696969695485 66.22769696969468 10.355696969696872 43.11569696969635 44.573696969694794 73.37369696969697 107.96969696969697 84.0
38.96666666666666 38.96666666666666 38.96666666666666 27.55916666666667 32.692499999999995 30.592500000000094 10.392500000000116 19.000000000000107 14.100000000000023 19.70000000000002 5.000000000000001 9.900000000000002 11.899999999999999 16.89999999999999 5.699999999999985 19.466666666666658 10.22666666666667 10.226666666666649 4.946666666666658 13.16666666666665 19.466666666666658 13.166666666666657 19.466666666666658 13.166666666666671 32.66666666666664 26.366666666666628 21.25916666666673 1.7591666666666876 8.059166666666773 8.059166666666801 38.96666666666667 38.96666666666667 38.96666666666666 38.96666666666666 23.8
45.24545454545453 45.24545454545453 43.35545454545453 38.00045454545453 22.533000000000015 31.31099999999995 26.39699999999992 30.548999999999896 23.567999999999945 25.467999999999847 28.16099999999989 21.871999999999943 18.248999999999995 14.038999999999973 17.31400000000001 30.37745454545427 30.93545454545446 20.96345454545429 23.52845454545433 30.080454545454273 30.440454545454333 29.234454545454387 25.391454545454238 24.374454545454178 32.81645454545421 29.27945454545447 28.469454545454326 26.57045454545428 29.918454545454413 35.948454545454496 42.08645454545453 42.27545454545452 43.481454545454525 45.24545454545453 42.0
20.999999999999993 20.999999999999993 20.243999999999993 19.92899999999999 10.389000000000173 16.950999999999997 9.864999999999963 13.478999999999992 8.311999999999948 5.7020000000000435 11.847999999999999 13.540000000000056 12.651000000000009 12.320999999999959 10.345999999999993 11.460000000000042 11.76600000000009 6.339000000000017 7.707000000000017 9.479999999999979 9.858000000000029 9.606000000000002 7.904999999999996 6.744000000000024 14.204999999999998 11.730000000000068 11.694000000000074 8.913000000000036 11.325000000000042 11.01000000000008 14.34900000000006 17.111999999999995 20.29799999999999 20.999999999999993 21.0
345.75757575757575 345.75757575757575 342.16657575757574 312.51951693404635 203.38847058823526 217.21199999999925 221.00199999999873 199.09299999999823 217.07799999999688 234.7370588235272 207.59852941176473 249.22299999999984 259.2019411764658 188.97547058823048 197.8179999999975 232.82557575757102 239.26957575757262 207.60757575757174 204.96157575757226 234.07657575757264 190.36357575757262 201.99157575757263 231.2955757575721 264.7496345811021 320.9901051693374 293.03451693404435 256.6300463458071 229.38757575757202 247.67557575757294 275.35163458110486 261.3831051693402 307.02157575757576 342.16657575757574 345.75757575757575 245.0
779.7575757575758 779.7575757575758 751.0295757575758 680.1545757575758 508.4250000000007 624.799 636.613 705.691 802.5249999999999 748.117 725.003 688.7090000000001 759.949 671.1189999999999 635.96 633.7775757575768 709.728575757577 597.6065757575768 576.0155757575776 624.6605757575776 650.265575757578 650.6705757575768 607.9295757575763 610.656575757576 669.8315757575762 614.3645757575762 661.8935757575758 642.2465757575759 708.9905757575758 702.8975757575757 690.8285757575758 710.5295757575758 752.4875757575758 779.7575757575758 630.0
80.73333333333335 80.73333333333335 79.41033333333336 78.78033333333336 66.31199999999991 87.52800000000002 75.87000000000002 83.58200000000002 78.342 82.312 77.85300000000002 85.72600000000003 91.69300000000001 86.163 78.00600000000003 68.58333333333337 70.40133333333335 66.36933333333336 68.61033333333337 70.23033333333338 70.79733333333336 70.60833333333336 67.45833333333337 67.17033333333337 74.52633333333335 72.10833333333336 73.50933333333336 72.41433333333337 71.28333333333337 69.40233333333336 74.33733333333335 77.46633333333335 79.48233333333336 80.73333333333335 48.300000000000004
10.775757575757575 10.775757575757575 9.830757575757575 9.830757575757575 4.3050000000000015 6.335000000000001 1.980999999999998 0.7299999999999898 5.021000000000003 4.834000000000001 0.24200000000000088 2.5890000000000004 6.179999999999996 0.43999999999999684 2.0199999999999982 0.6507575757575692 0.38075757575757896 2.801757575757576 2.90075757575757 3.9897575757575807 0.7587575757575724 2.8647575757575865 3.5757575757575797 1.055757575757577 8.25575757575758 7.895757575757571 3.215757575757573 2.9907575757575557 2.6307575757575656 3.2337575757575734 0.27275757575757353 4.079757575757576 9.920757575757575 10.775757575757575 8.4
2.545454545454545 2.545454545454545 1.9784545454545448 1.9784545454545448 2.0439999999999996 0.6439999999999999 0.5319999999999975 0.29099999999999926 0.6939999999999353 0.23699999999999943 1.017999999999999 0.2659999999999998 0.6439999999999999 1.3439999999999996 0.15599999999999947 0.11545454545454459 1.0334545454545436 0.007454545454544936 0.7364545454545338 0.9524545454545393 0.3314545454545421 0.4394545454545449 0.9794545454545435 1.4114545454545415 1.978454545454543 0.7904545454545449 0.4394545454545449 0.4124545454545445 1.4114545454545406 0.898454545454545 1.141454545454546 1.3304545454545447 1.9784545454545448 2.545454545454545 2.8000000000000003
8.515433299825174 8.515433299825174 8.515433299825174 7.87840970635875 4.882639885057471 5.431049655172406 4.853765448275878 6.454204155172361 8.326951568965443 7.21547818965501 8.381844499999833 8.596927448275785 7.7769005517240215 5.840016051724156 5.788469741379332 5.715058793103469 5.416968810344865 4.792924155172439 4.408061241379327 5.465170258620731 4.6645844357367245 5.475022948275886 6.24484501724138 6.119371396551755 5.954807011494289 4.380946206896579 4.189351396551737 7.028755017241256 8.028032431034461 7.155558765880048 8.45057224137931 8.815752586206898 7.811086206896552 8.024766408045977 11.315375057471266
700.0 700.0 700.0 697.3000000000001 691.9000000000001 690.1000000000001 678.4000000000003 686.5000000000002 685.6000000000003 682.0000000000002 683.8000000000002 685.6000000000003 686.5000000000002 683.8000000000003 682.9000000000003 684.7000000000002 682.9000000000002 682.0000000000003 679.3000000000002 686.5000000000001 685.6000000000001 682.9000000000004 685.6000000000004 683.8000000000002 687.4000000000001 680.2000000000002 684.7000000000003 676.6000000000003 687.4000000000001 682.0000000000001 688.3000000000001 692.8000000000002 695.5 700.0 697.3000000000001

H cap
-8.75 -19.25 15.75 -8.75 1.75 5.25 33.25 1.75 -5.25 36.75 43.75 8.75 -5.25 8.75 22.75 33.25 36.75 8.75 26.25 54.25 89.25 26.25 8.75 1.75 29.75 5.25 5.25 131.25 131.25 131.25 131.25 131.25 131.25 131.25 131.25
22.5 8.5 11.0 10.0 14.0 12.5 28.0 31.5 17.5 11.0 8.0 4.5 4.5 5.5 5.5 5.5 6.0 8.5 14.0 16.0 32.0 18.0 4.0 16.5 18.5 8.5 23.5 52.5 52.5 52.5 52.5 52.5 52.5 52.5 52.5
52.5 45.5 38.5 42.0 45.5 42.0 52.5 52.5 45.5 45.5 45.5 42.0 42.0 38.5 42.0 45.5 42.0 35.0 45.5 56.0 52.5 38.5 38.5 45.5 49.0 49.0 49.0 63.0 63.0 63.0 63.0 63.0 63.0 63.0 63.0
12.75 -0.25 2.25 -0.75 8.25 -6.75 -0.25 -4.75 2.75 -0.25 2.75 0.25 -3.25 3.75 -4.25 -1.25 1.75 -5.25 10.75 -5.25 -0.25 -7.25 2.25 -7.25 0.75 -1.75 5.75 78.75 78.75 78.75 78.75 78.75 78.75 78.75 78.75

Gap
NaN

Time
NaN

