T P M C
35 37 4 12

base obj
11.507509157509155

exp obj
11.500631868131865

Objective struct
11.507509157509155 0.0 11.48

num campaigns
208

x
0 0 0 0 1 0 0 0 1 0 0 0 1 0 0 0 1 0 0 0 0 1 0 0 0 1 0 0 0 1 0 0 0 0 0
0 0 0 0 0 0 0 0 0 0 0 0 0 0 0 0 0 0 1 0 0 0 0 0 1 0 0 0 0 0 0 0 0 0 0
0 0 0 0 0 0 1 0 0 0 0 0 0 0 1 0 0 0 1 0 0 0 1 0 0 0 0 1 0 0 0 0 0 0 0
0 0 0 0 1 0 0 0 1 0 0 0 1 0 0 0 1 0 0 0 1 0 0 0 1 0 0 0 0 0 0 0 0 0 0
0 0 0 0 0 0 1 0 1 0 0 0 1 0 1 0 1 0 1 0 1 0 1 0 1 0 0 0 0 0 0 0 0 0 0
0 0 0 0 0 0 0 0 0 0 0 0 0 0 1 0 0 0 0 1 0 0 0 0 0 0 0 0 0 0 0 0 0 0 0
0 0 0 0 0 0 0 0 1 0 0 0 1 0 0 1 0 0 1 0 0 1 0 0 0 0 1 0 0 0 0 0 0 0 0
0 0 0 0 1 0 0 0 0 0 0 0 0 0 0 0 0 0 0 0 0 0 0 0 0 0 0 0 0 1 0 0 0 0 0
0 0 0 0 0 0 0 0 0 0 0 0 0 0 0 1 0 0 0 0 0 0 0 0 0 0 0 0 0 0 0 0 0 0 0
0 0 0 0 0 0 0 0 0 0 0 0 0 0 0 0 0 0 0 1 0 1 0 0 0 0 0 0 0 0 0 0 0 0 0
0 0 0 0 1 0 0 0 0 0 0 0 0 1 0 0 0 0 0 0 0 0 1 0 0 0 0 0 0 0 0 0 0 0 0
0 0 0 0 0 0 1 0 0 0 0 0 0 0 0 0 0 0 0 0 0 0 0 0 0 0 0 0 0 1 0 0 0 0 0
0 0 0 0 0 0 0 0 0 0 0 0 0 0 0 0 0 0 0 0 1 0 0 0 0 0 1 0 0 0 0 0 0 0 0
0 0 0 0 1 0 0 0 0 0 0 1 0 0 0 0 0 1 0 0 0 0 0 0 0 0 0 0 0 0 0 0 0 0 0
0 0 0 0 0 0 0 0 0 0 0 0 0 0 0 0 0 0 0 0 0 0 0 0 0 0 0 0 0 0 0 0 0 0 0
0 0 0 0 0 0 0 0 0 0 1 0 0 0 0 0 0 0 0 0 0 0 0 0 0 0 0 0 0 0 0 0 0 0 0
0 0 0 0 0 0 0 0 0 0 0 0 0 1 0 0 0 0 0 0 0 0 0 0 0 0 0 0 0 1 0 0 0 0 0
0 0 0 0 0 0 1 0 0 0 0 0 0 0 0 0 0 0 0 0 0 0 0 0 0 0 0 1 0 0 0 0 0 0 0
0 0 0 0 0 0 1 0 1 0 1 0 0 1 0 1 0 1 0 1 0 1 0 1 0 1 0 1 0 1 0 0 0 0 0
0 0 0 0 1 0 0 0 0 0 0 0 0 0 0 0 0 0 0 0 0 0 0 0 0 0 0 0 0 0 0 0 0 0 0
0 0 0 0 0 0 1 0 0 1 0 0 1 0 0 0 0 1 0 0 1 0 0 1 0 0 0 0 0 0 0 0 0 0 0
0 0 0 0 0 0 0 0 0 0 0 0 0 0 0 0 0 0 0 0 0 0 0 0 0 0 0 0 0 0 0 0 0 0 0
0 0 0 0 0 0 0 0 1 0 0 0 0 0 0 0 0 0 0 0 0 0 0 0 0 0 0 1 0 0 0 0 0 0 0
0 0 0 0 0 0 1 0 0 0 0 0 0 0 0 1 0 0 0 0 0 0 0 0 0 1 0 0 0 0 0 0 0 0 0
0 0 0 0 0 0 0 0 0 0 1 0 0 0 0 0 0 0 0 0 0 0 0 1 0 0 0 0 0 0 0 0 0 0 0
0 0 0 0 1 0 0 0 0 0 0 0 1 0 0 0 0 0 0 0 1 0 0 0 0 0 0 0 1 0 0 0 0 0 0
0 0 0 0 0 0 1 0 0 0 0 1 0 0 0 0 0 1 0 0 0 0 1 0 0 0 0 1 0 0 0 0 0 0 0
0 0 0 0 0 0 0 0 0 0 0 0 0 0 0 0 0 0 0 0 0 0 0 1 0 0 0 0 0 0 0 0 0 0 0
0 0 0 0 0 0 0 0 0 0 0 0 0 0 0 0 0 0 0 0 0 0 0 0 0 0 0 0 0 0 0 0 0 0 0
0 0 0 0 1 1 1 1 1 1 1 0 1 1 1 1 1 1 1 1 1 1 1 1 1 1 1 1 1 1 0 0 0 0 0
0 0 0 0 1 1 1 1 1 1 0 0 1 1 1 1 1 1 1 1 1 1 1 1 1 1 1 1 1 1 0 0 0 0 0
0 0 0 0 1 1 1 1 1 1 0 0 1 1 1 1 1 1 1 1 1 1 1 1 1 1 1 1 1 1 0 0 0 0 0
0 0 0 0 0 0 0 0 0 0 0 0 1 1 0 0 1 0 1 1 1 1 0 0 0 0 0 0 0 0 0 0 0 0 0
0 0 0 0 0 1 1 1 1 1 0 0 1 1 1 1 1 1 1 1 1 1 1 1 1 1 1 1 1 1 0 0 0 0 0
0 0 0 0 0 0 1 0 1 0 0 0 0 0 0 1 1 1 1 1 1 1 1 0 1 1 0 0 0 0 0 0 0 0 0
0 0 0 0 0 0 0 0 0 0 0 0 0 0 0 0 0 0 0 0 0 0 0 0 0 0 0 0 0 0 0 0 0 0 0
0 0 0 0 0 0 0 0 0 0 0 0 0 0 0 0 0 0 0 0 0 0 0 0 0 0 0 0 0 0 0 0 0 0 0

y
0.0 1.0 0.0 0.0 0.0 0.0 0.0 0.0 0.0 0.2142857142857142 0.0 0.0 1.0 1.0 0.0 0.0 3.5 0.0 0.0 0.0 0.0 0.0 0.0 2.75 0.5 0.0 0.0 0.0 0.0 0.0 0.0 0.0 0.5098039215686274 0.0 0.0 0.0 0.0

k
0 4 2 0 0 4 0 0 0 13 0 0 4 3 4 0 1 0 1 0 0 3 0 2 1 0 0 0 11 1 2 2 45 3 14 26 3

f
5.25 5.25 0.0 0.0 0.0 8.75 0.0 0.0 0.0 0.0 0.0 0.0 8.75 0.0 0.0 0.0 0.0 0.0 1.75 0.0 0.0 0.0 0.0 0.0 0.0 5.25 5.25 0.0 0.0 0.0 0.0 0.0 0.0 0.0 0.0
0.0 0.0 0.0 0.0 0.0 0.0 0.0 0.0 0.0 0.0 0.0 0.0 0.0 0.0 0.0 0.0 0.0 5.0 2.0 0.0 0.0 0.0 0.0 0.0 0.0 0.0 0.0 0.0 0.0 0.0 0.0 0.0 0.0 0.0 0.0
0.0 0.0 0.0 0.0 0.0 0.0 0.0 0.0 0.0 0.0 0.0 0.0 0.0 0.0 0.0 0.0 0.0 0.0 0.0 0.0 0.0 0.0 0.0 0.0 0.0 0.0 0.0 0.0 0.0 0.0 0.0 0.0 0.0 0.0 0.0
0.0 5.25 0.25 0.25 0.25 3.25 0.0 15.25 0.0 0.0 0.0 2.75 0.75 1.75 0.0 0.0 0.25 2.25 0.0 6.25 0.0 2.25 0.0 5.25 0.0 2.75 0.0 0.0 0.0 0.0 0.0 0.0 0.0 0.0 0.0

L
4 6 4 4 2 5 3 25 0 2 9 23 6 6 0 0 16 21 2 0 3 0 19 9 13 8 5 0 0 1 1 1 1 1 1 0 0

g
0 0 0 0 0 0 0 0 0 0 0 0 0 0 0 0 0 0 0 0 0 0 0 0 0 0 0 0 0 0 0 0 0 0 0
0 0 0 0 0 0 0 0 0 0 0 0 0 0 0 0 0 0 0 0 0 0 0 0 0 0 0 0 0 0 0 0 0 0 0
0 0 0 0 0 0 0 0 0 0 0 0 0 0 0 0 0 0 0 0 0 0 0 0 0 0 0 0 0 0 0 0 0 0 0
0 0 0 0 0 0 0 0 0 0 0 0 0 0 0 0 0 0 0 0 0 0 0 0 0 0 0 0 0 0 0 0 0 0 0
0 0 0 0 0 0 0 0 0 0 0 0 0 0 0 0 0 0 0 0 0 0 0 0 0 0 0 0 0 0 0 0 0 0 0
0 0 0 0 0 0 0 0 0 0 0 0 0 0 0 0 0 0 0 0 0 0 0 0 0 0 0 0 0 0 0 0 0 0 0
0 0 0 0 0 0 0 0 0 0 0 0 0 0 0 0 0 0 0 0 0 0 0 0 0 0 0 0 0 0 0 0 0 0 0
0 0 0 0 0 0 0 0 0 0 0 0 0 0 0 0 0 0 0 0 0 0 0 0 0 0 0 0 0 0 0 0 0 0 0
0 0 0 0 0 0 0 0 0 0 0 0 0 0 0 0 0 0 0 0 0 0 0 0 0 0 0 0 0 0 0 0 0 0 0
0 0 0 0 0 0 0 0 0 0 0 0 0 0 0 0 0 0 0 0 0 0 0 0 0 0 0 0 0 0 0 0 0 0 0
0 0 0 0 0 0 0 0 0 0 0 0 0 0 0 0 0 0 0 0 0 0 0 0 0 0 0 0 0 0 0 0 0 0 0
0 0 0 0 0 0 0 0 0 0 0 0 0 0 0 0 0 0 0 0 0 0 0 0 0 0 0 0 0 0 0 0 0 0 0
0 0 0 0 0 0 0 0 0 0 0 0 0 0 0 0 0 0 0 0 0 0 0 0 0 0 0 0 0 0 0 0 0 0 0
0 0 0 0 0 0 0 0 0 0 0 0 0 0 0 0 0 0 0 0 0 0 0 0 0 0 0 0 0 0 0 0 0 0 0
0 0 0 0 0 0 0 0 0 0 0 0 0 0 0 0 0 0 0 0 0 0 0 0 0 0 0 0 0 0 0 0 0 0 0
0 0 0 0 0 0 0 0 0 0 0 0 0 0 0 0 0 0 0 0 0 0 0 0 0 0 0 0 0 0 0 0 0 0 0
0 0 0 0 0 0 0 0 0 0 0 0 0 0 0 0 0 0 0 0 0 0 0 0 0 0 0 0 0 0 0 0 0 0 0
0 0 0 0 0 0 0 0 0 0 0 0 0 0 0 0 0 0 0 0 0 0 0 0 0 0 0 0 0 0 0 0 0 0 0
0 0 0 0 0 0 0 0 0 0 0 0 0 0 0 0 0 0 0 0 0 0 0 0 0 0 0 0 0 0 0 0 0 0 0
0 0 0 0 0 0 0 0 0 0 0 0 0 0 0 0 0 0 0 0 0 0 0 0 0 0 0 0 0 0 0 0 0 0 0
0 0 0 0 0 0 0 0 0 0 0 0 0 0 0 0 0 0 0 0 0 0 0 0 0 0 0 0 0 0 0 0 0 0 0
0 0 0 0 0 0 0 0 0 0 0 0 0 0 0 0 0 0 0 0 0 0 0 0 0 0 0 0 0 0 0 0 0 0 0
0 0 0 0 0 0 0 0 0 0 0 0 0 0 0 0 0 0 0 0 0 0 0 0 0 0 0 0 0 0 0 0 0 0 0
0 0 0 0 0 0 0 0 0 0 0 0 0 0 0 0 0 0 0 0 0 0 0 0 0 0 0 0 0 0 0 0 0 0 0
0 0 0 0 0 0 0 0 0 0 0 0 0 0 0 0 0 0 0 0 0 0 0 0 0 0 0 0 0 0 0 0 0 0 0
0 0 0 0 0 0 0 0 0 0 0 0 0 0 0 0 0 0 0 0 0 0 0 0 0 0 0 0 0 0 0 0 0 0 0
0 0 0 0 0 0 0 0 0 0 0 0 0 0 0 0 0 0 0 0 0 0 0 0 0 0 0 0 0 0 0 0 0 0 0
0 0 0 0 0 0 0 0 0 0 0 0 0 0 0 0 0 0 0 0 0 0 0 0 0 0 0 0 0 0 0 0 0 0 0
0 0 0 0 0 0 0 0 0 0 0 0 0 0 0 0 0 0 0 0 0 0 0 0 0 0 0 0 0 0 0 0 0 0 0
0 0 0 0 0 0 0 0 0 0 0 0 0 0 0 0 0 0 0 0 0 0 0 0 0 0 0 0 0 0 0 0 0 0 0
0 0 0 0 0 0 0 0 0 0 0 0 0 0 0 0 0 0 0 0 0 0 0 0 0 0 0 0 0 0 0 0 0 0 0
0 0 0 0 0 0 0 0 0 0 0 0 0 0 0 0 0 0 0 0 0 0 0 0 0 0 0 0 0 0 0 0 0 0 0
0 0 0 0 0 0 0 0 0 0 0 0 0 0 0 0 0 0 0 0 0 0 0 0 0 0 0 0 0 0 0 0 0 0 0
0 0 0 0 0 0 0 0 0 0 0 0 0 0 0 0 0 0 0 0 0 0 0 0 0 0 0 0 0 0 0 0 0 0 0
0 0 0 0 0 0 0 0 0 0 0 0 0 0 0 0 0 0 0 0 0 0 0 0 0 0 0 0 0 0 0 0 0 0 0
0 0 0 0 0 0 0 0 0 0 0 0 0 0 0 0 0 0 0 0 0 0 0 0 0 0 0 0 0 0 0 0 0 0 0
0 0 0 0 0 0 0 0 0 0 0 0 0 0 0 0 0 0 0 0 0 0 0 0 0 0 0 0 0 0 0 0 0 0 0

I cap
1058.909090909091 1058.909090909091 932.9450909090981 932.9450909091013 881.1740000000339 961.7540000000753 794.3420000000509 1013.2920000000846 508.8800000000157 937.3140000000236 766.3320000000436 759.7500000000422 496.0980000000276 774.8040000000218 569.214000000035 606.2630909091321 571.919090909123 722.5970909091094 593.5010909091229 544.073090909135 360.9410909091175 566.3750909091061 478.6070909091095 596.6510909091168 357.79109090910356 823.6130909090955 767.489090909097 673.5110909091012 583.6910909090928 660.2630909090911 810.1130909090946 936.9050909090973 953.105090909091 1058.909090909091 672.0
107.96969696969697 107.96969696969697 71.57369696969695 71.57369696969695 36.64600000000333 57.54599999999569 9.357999999995634 48.90799999999609 60.3200000000009 128.0860000000008 118.36799999999857 107.7499999999988 75.80199999999975 60.596000000000444 60.08599999999821 30.515696969693682 66.65969696969532 88.78169696969702 81.97769696969605 63.00569696969481 25.637696969695632 40.70369696969734 15.071696969696571 62.62769696969451 46.787696969695645 101.16569696969692 78.08969696969689 31.667696969693186 31.487696969690464 0.8156969696968313 43.56569696969619 49.97369696969258 73.37369696969697 107.96969696969697 84.0
38.96666666666666 38.96666666666666 16.52666666666666 16.526666666666667 29.579999999999995 30.592500000000165 10.392500000000146 7.592500000000063 2.692500000000086 19.700000000000035 4.9999999999999964 9.899999999999995 5.0 16.900000000000006 12.000000000000004 26.366666666666656 32.666666666666615 13.166666666666643 19.466666666666644 13.166666666666615 19.466666666666615 13.166666666666629 19.466666666666644 13.166666666666629 19.46666666666663 13.166666666666657 21.25916666666683 14.959166666666723 21.259166666666815 14.959166666667029 32.66666666666671 32.66666666666667 38.96666666666666 38.96666666666666 23.8
45.24545454545453 45.24545454545453 43.35545454545453 38.00045454545453 19.833000000000023 31.31099999999975 25.35300000000003 26.13900000000025 21.57900000000022 33.333999999999875 37.61099999999928 29.530999999999963 19.373999999999928 21.373999999999917 13.146999999999966 25.4454545454538 25.14845454545412 29.27945454545409 28.343454545454126 22.17845454545381 22.97945454545412 29.504454545454085 24.716454545454123 26.705454545453822 25.076454545454162 33.47345454545413 33.14045454545419 27.533454545454024 25.805454545454058 30.773454545454413 42.08645454545453 42.27545454545452 43.481454545454525 45.24545454545453 42.0
20.999999999999993 20.999999999999993 20.243999999999993 19.92899999999999 8.229000000000589 16.950999999999983 9.018999999999874 10.023 6.314000000000145 11.31800000000013 17.707000000000065 20.407000000000078 17.358000000000114 18.91800000000009 7.357999999999959 7.860000000000099 6.618000000000111 11.226000000000074 9.669000000000079 6.8250000000000055 5.77200000000009 10.55100000000018 7.869000000000217 8.868000000000023 7.320000000000027 12.01800000000015 12.0180000000001 8.913000000000071 8.30100000000011 8.598000000000315 14.349000000000089 17.112000000000002 20.29799999999999 20.999999999999993 21.0
345.75757575757575 345.75757575757575 342.16657575757574 312.51951693404635 197.44847058823527 217.21199999999715 226.73499999999373 194.6019999999946 213.7389999999914 238.85905882352256 227.64152941176383 220.9709411764707 235.29847058822384 217.04699999998857 177.77499999999355 223.11457575756512 256.3965757575624 253.09357575756377 240.80857575756502 213.29557575756502 212.76457575756316 229.75657575756557 210.65857575756596 232.93357575756843 231.27757575756667 266.3685757575693 254.71357575756934 234.74257575757025 227.7045757575713 249.81863458110422 261.38310516933956 307.02157575757576 342.16657575757574 345.75757575757575 245.0
779.7575757575758 779.7575757575758 751.0295757575758 751.0295757575758 592.8450000000015 750.799 762.0550000000001 701.9830000000001 778.9809999999999 861.1479999999999 788.4620000000003 733.9520000000001 657.4929999999999 772.135 690.365 540.2045757575805 572.6855757575781 605.2025757575794 548.4125757575774 475.56657575757936 492.5855757575778 651.8765757575773 652.8575757575779 637.7375757575795 619.4135757575765 750.3905757575767 730.0775757575761 649.4195757575759 630.465575757576 627.8465757575757 690.8285757575758 710.5295757575758 752.4875757575758 779.7575757575758 630.0
80.73333333333335 80.73333333333335 79.41033333333336 78.78033333333336 64.69199999999961 84.16800000000002 70.06800000000003 76.01000000000002 74.511 84.784 79.29600000000002 89.23600000000002 92.40400000000001 90.384 74.75700000000003 64.87533333333326 65.53233333333337 69.2493333333333 70.79733333333337 66.00033333333339 66.57633333333337 70.08633333333334 68.00733333333332 69.77133333333336 68.61033333333337 72.41733333333336 72.41733333333336 69.47433333333338 69.01533333333337 67.59333333333336 74.33733333333335 77.46633333333335 79.48233333333336 80.73333333333335 48.300000000000004
10.775757575757575 10.775757575757575 9.830757575757575 9.830757575757575 7.1850000000000005 8.854999999999993 3.1149999999999793 1.4049999999999958 2.599999999999996 1.5400000000000023 3.500000000000005 3.615000000000003 3.345000000000006 1.6730000000000018 1.6419999999999995 2.1447575757575703 5.375757575757584 2.0817575757575995 0.38075757575757585 0.596757575757584 4.91675757575759 5.375757575757591 3.2157575757575763 2.801757575757591 2.900757575757576 4.916757575757591 7.796757575757599 7.670757575757545 5.510757575757559 1.4337575757575836 0.27275757575757 4.079757575757574 9.920757575757575 10.775757575757575 8.4
2.545454545454545 2.545454545454545 1.9784545454545448 1.9784545454545448 2.0439999999999996 0.6439999999999999 0.7749999999999987 0.3179999999999994 1.3959999999997932 1.3439999999999996 1.6659999999999937 0.2659999999999998 0.6439999999999999 1.3439999999999996 0.15599999999999947 0.11545454545453704 1.0334545454545419 0.007454545454544048 1.3034545454545294 0.9524545454545389 0.5204545454545376 0.4394545454545422 0.7904545454545413 0.27745454545454007 0.736454545454528 1.3304545454545484 0.331454545454547 0.06145454545454321 0.4124545454545445 0.8984545454545467 1.141454545454546 1.3304545454545447 1.9784545454545448 2.545454545454545 2.8000000000000003
8.515433299825174 8.515433299825174 8.515433299825174 8.188754533944957 5.115398350574716 5.974153103448274 5.4744551034483315 7.400755879310272 8.42005501724117 7.618926465516679 9.329213076224566 9.207490216878236 7.030004155171995 5.736567775862149 6.02122836206907 5.320920862069057 5.413865517241463 5.491200017241492 3.8649579482759013 4.611721827586334 3.728894780564359 5.3245058620690155 5.391396741379339 5.576267793103551 4.878944632183993 4.5206012241380185 4.303144655172483 7.5718584655168195 8.260791051723986 7.698662058983012 8.760917068965513 8.505407758620692 7.811086206896552 8.024766408045977 11.315375057471266
700.0 700.0 699.1 696.4000000000001 686.5000000000001 689.2000000000002 679.3000000000003 689.2000000000002 682.0000000000002 686.5000000000001 684.7000000000002 683.8000000000002 681.1000000000003 685.6000000000001 685.6000000000003 684.7000000000003 685.6000000000001 682.9000000000002 683.8000000000003 682.9000000000002 686.5000000000003 685.6000000000004 682.0000000000003 682.0000000000003 680.2000000000003 682.0000000000001 688.3000000000002 682.0000000000002 686.5000000000002 684.7000000000002 690.1000000000001 691.0000000000001 698.2 700.0 697.3000000000001

H cap
-5.25 -5.25 15.75 15.75 1.75 -8.75 64.75 57.75 19.25 5.25 43.75 8.75 -8.75 19.25 26.25 8.75 43.75 15.75 -1.75 15.75 8.75 1.75 47.25 12.25 22.75 -5.25 -5.25 131.25 131.25 131.25 131.25 131.25 131.25 131.25 131.25
24.0 12.0 16.0 16.0 14.0 14.0 34.5 38.5 18.0 4.0 12.0 14.0 5.0 2.0 2.0 0.0 0.0 -5.0 -2.0 16.0 18.0 10.0 13.5 16.0 23.0 11.5 23.5 52.5 52.5 52.5 52.5 52.5 52.5 52.5 52.5
42.0 42.0 42.0 42.0 45.5 45.5 56.0 52.5 45.5 38.5 45.5 45.5 42.0 45.5 45.5 45.5 42.0 38.5 38.5 45.5 49.0 42.0 49.0 42.0 42.0 45.5 49.0 63.0 63.0 63.0 63.0 63.0 63.0 63.0 63.0
0.75 -5.25 -0.25 -0.25 -0.25 -3.25 4.25 -15.25 4.25 1.75 6.75 -2.75 -0.75 -1.75 3.75 2.75 -0.25 -2.25 2.25 -6.25 0.75 -2.25 3.25 -5.25 3.75 -2.75 7.75 78.75 78.75 78.75 78.75 78.75 78.75 78.75 78.75

Gap
NaN

Time
NaN

