T P M C
35 37 4 12

base obj
11.433699633699634

exp obj
11.405274725274726

Objective struct
11.433699633699634 0.0 11.32

num campaigns
217

x
0 0 0 0 1 0 0 0 1 0 0 0 1 0 0 0 1 0 0 0 0 1 0 0 0 1 0 0 0 1 0 0 0 0 0
0 0 0 0 0 0 0 0 0 0 0 0 0 0 0 0 0 0 1 0 0 0 0 0 1 0 0 0 0 0 0 0 0 0 0
0 0 0 0 0 0 0 0 0 0 1 0 0 0 1 0 0 0 1 0 0 0 1 0 0 0 0 0 0 0 0 0 0 0 0
0 0 0 0 1 0 0 0 1 0 0 0 0 0 1 0 0 0 0 0 1 0 0 0 1 0 0 0 1 0 0 0 0 0 0
0 0 0 0 0 0 1 0 1 0 1 0 1 0 1 0 1 0 0 1 0 1 0 1 0 0 0 0 0 0 0 0 0 0 0
0 0 0 0 0 0 0 0 0 0 0 0 1 0 0 0 0 1 0 0 0 0 0 0 0 0 0 0 0 0 0 0 0 0 0
0 0 0 0 1 0 0 0 0 1 0 0 0 0 1 0 0 0 1 0 0 0 1 0 0 0 1 0 0 0 0 0 0 0 0
0 0 0 0 1 0 0 0 0 0 0 0 0 0 0 0 0 0 0 0 0 0 0 0 0 0 0 0 0 1 0 0 0 0 0
0 0 0 0 0 0 0 0 0 0 0 0 0 0 0 1 0 0 0 0 0 0 0 0 0 0 0 0 0 0 0 0 0 0 0
0 0 0 0 0 0 0 0 0 0 1 0 0 0 1 0 0 0 0 1 0 1 0 0 0 0 0 0 0 0 0 0 0 0 0
0 0 0 0 1 0 0 0 0 0 0 0 0 0 0 1 0 0 0 0 0 0 0 0 0 0 1 0 0 0 0 0 0 0 0
0 0 0 0 0 0 1 0 0 0 0 0 0 0 0 0 0 0 0 0 0 0 0 0 0 0 0 0 0 1 0 0 0 0 0
0 0 0 0 0 0 0 0 0 0 0 0 0 0 0 0 0 0 0 0 1 0 0 0 0 0 1 0 0 0 0 0 0 0 0
0 0 0 0 1 0 0 0 0 0 0 0 0 0 0 0 1 0 0 0 0 0 0 0 0 0 0 0 0 0 0 0 0 0 0
0 0 0 0 0 0 0 0 0 0 0 0 0 0 0 0 0 0 0 0 0 0 0 0 0 0 0 0 0 0 0 0 0 0 0
0 0 0 0 0 0 1 0 0 0 0 0 0 0 0 0 0 0 0 0 0 0 0 0 0 0 0 0 0 0 0 0 0 0 0
0 0 0 0 0 0 0 0 0 0 0 0 0 0 0 0 0 0 0 1 0 0 0 0 0 0 0 0 0 1 0 0 0 0 0
0 0 0 0 0 0 1 0 0 0 0 0 0 0 0 0 0 0 0 0 0 0 0 0 0 0 0 1 0 0 0 0 0 0 0
0 0 0 0 0 0 1 0 1 0 1 0 1 0 0 1 0 1 0 1 0 1 0 1 0 1 0 1 0 0 0 0 0 0 0
0 0 0 0 0 0 0 0 0 0 0 0 0 0 0 0 0 0 1 0 0 0 0 0 0 0 0 0 0 0 0 0 0 0 0
0 0 0 0 0 0 1 0 0 0 0 0 0 1 0 0 0 0 1 0 0 1 0 0 1 0 0 1 0 0 0 0 0 0 0
0 0 0 0 0 0 0 0 0 0 0 0 0 0 0 0 0 0 0 0 0 0 0 0 0 0 0 0 0 0 0 0 0 0 0
0 0 0 0 0 0 0 0 1 0 0 0 0 0 0 0 0 0 0 0 0 0 0 0 0 0 0 1 0 0 0 0 0 0 0
0 0 0 0 0 0 1 0 0 0 0 0 0 0 1 0 0 0 0 0 0 0 0 0 0 1 0 0 0 0 0 0 0 0 0
0 0 0 0 0 0 0 0 0 0 1 0 0 0 0 0 0 0 0 0 0 0 0 1 0 0 0 0 0 0 0 0 0 0 0
0 0 0 0 1 0 0 0 0 0 0 0 1 0 0 0 0 0 0 0 1 0 0 0 0 0 0 0 0 1 0 0 0 0 0
0 0 0 0 0 0 0 1 0 0 0 0 1 0 0 0 0 1 0 0 0 0 1 0 0 0 0 1 0 0 0 0 0 0 0
0 0 0 0 0 0 0 0 0 0 0 0 0 0 0 0 0 0 0 0 0 0 0 1 0 0 0 0 0 0 0 0 0 0 0
0 0 0 0 0 0 0 0 0 0 0 0 0 0 0 0 0 0 0 0 0 0 0 0 0 0 0 0 0 0 0 0 0 0 0
0 0 0 0 1 1 1 1 1 1 1 1 1 1 1 1 1 1 1 1 1 1 1 1 1 1 1 1 1 1 0 0 0 0 0
0 0 0 0 1 1 1 1 1 1 1 1 1 1 1 1 1 0 1 1 1 1 1 1 1 1 1 1 1 1 0 0 0 0 0
0 0 0 0 1 1 1 0 1 1 1 1 1 1 1 1 1 1 1 1 1 1 1 1 1 1 1 1 1 0 0 0 0 0 0
0 0 0 0 1 0 0 0 0 0 0 1 0 0 1 1 0 0 1 1 1 1 1 0 0 0 0 0 1 0 0 0 0 0 0
0 0 0 0 1 1 0 0 1 1 1 1 1 1 1 1 1 1 1 1 1 1 1 1 1 1 1 1 1 1 0 0 0 0 0
0 0 0 0 1 0 0 0 0 1 1 1 1 1 1 1 1 1 0 0 0 1 1 0 1 1 1 1 0 0 0 0 0 0 0
0 0 0 0 0 0 0 0 0 0 0 0 0 0 0 0 0 0 0 0 0 0 0 0 0 0 0 0 0 0 0 0 0 0 0
0 0 0 0 0 0 0 0 0 0 0 0 0 0 0 0 0 0 0 0 0 0 0 0 0 0 0 0 0 0 0 0 0 0 0

y
0.0 1.0 0.0 0.0 0.0 0.0 0.0 0.0 0.0 0.2142857142857142 0.0 0.0 1.0 7.0 0.0 0.0 0.0 0.0 0.0 0.0 0.0 0.0 0.0 1.75 0.5 0.0 0.0 0.0 0.0 0.0 0.0 0.0 0.5098039215686274 0.0 0.0 0.0 0.0

k
0 4 3 0 0 4 0 0 0 11 0 0 4 4 4 0 1 0 2 0 0 3 0 2 1 0 0 0 11 0 1 2 42 2 10 26 3

f
5.25 5.25 0.0 8.75 5.25 0.0 0.0 0.0 0.0 5.25 0.0 0.0 0.0 0.0 8.75 0.0 0.0 0.0 1.75 0.0 0.0 0.0 0.0 0.0 0.0 5.25 0.0 0.0 0.0 0.0 0.0 0.0 0.0 0.0 0.0
0.0 0.0 0.0 0.0 0.0 0.0 0.0 0.0 0.0 0.0 0.0 2.5 0.0 0.0 0.0 0.0 0.0 0.0 3.0 0.0 0.0 0.0 0.0 0.0 0.0 0.0 0.0 0.0 0.0 0.0 0.0 0.0 0.0 0.0 0.0
0.0 0.0 0.0 0.0 0.0 0.0 0.0 0.0 0.0 0.0 0.0 0.0 0.0 0.0 0.0 0.0 0.0 0.0 0.0 0.0 0.0 0.0 0.0 0.0 0.0 0.0 0.0 0.0 0.0 0.0 0.0 0.0 0.0 0.0 0.0
0.0 3.25 0.25 5.75 3.25 0.25 1.75 2.25 0.0 1.25 0.0 2.75 0.0 12.25 0.0 1.75 0.0 0.0 0.0 3.25 0.0 2.75 0.75 2.75 0.0 5.25 0.0 0.0 0.0 0.0 0.0 0.0 0.0 0.0 0.0

L
4 6 4 4 2 5 4 25 0 2 11 23 6 12 0 0 10 21 2 0 3 0 19 8 13 8 5 0 0 1 1 1 1 1 1 0 0

g
0 0 0 0 0 0 0 0 0 0 0 0 0 0 0 0 0 0 0 0 0 0 0 0 0 0 0 0 0 0 0 0 0 0 0
0 0 0 0 0 0 0 0 0 0 0 0 0 0 0 0 0 0 0 0 0 0 0 0 0 0 0 0 0 0 0 0 0 0 0
0 0 0 0 0 0 0 0 0 0 0 0 0 0 0 0 0 0 0 0 0 0 0 0 0 0 0 0 0 0 0 0 0 0 0
0 0 0 0 0 0 0 0 0 0 0 0 0 0 0 0 0 0 0 0 0 0 0 0 0 0 0 0 0 0 0 0 0 0 0
0 0 0 0 0 0 0 0 0 0 0 0 0 0 0 0 0 0 0 0 0 0 0 0 0 0 0 0 0 0 0 0 0 0 0
0 0 0 0 0 0 0 0 0 0 0 0 0 0 0 0 0 0 0 0 0 0 0 0 0 0 0 0 0 0 0 0 0 0 0
0 0 0 0 0 0 0 0 0 0 0 0 0 0 0 0 0 0 0 0 0 0 0 0 0 0 0 0 0 0 0 0 0 0 0
0 0 0 0 0 0 0 0 0 0 0 0 0 0 0 0 0 0 0 0 0 0 0 0 0 0 0 0 0 0 0 0 0 0 0
0 0 0 0 0 0 0 0 0 0 0 0 0 0 0 0 0 0 0 0 0 0 0 0 0 0 0 0 0 0 0 0 0 0 0
0 0 0 0 0 0 0 0 0 0 0 0 0 0 0 0 0 0 0 0 0 0 0 0 0 0 0 0 0 0 0 0 0 0 0
0 0 0 0 0 0 0 0 0 0 0 0 0 0 0 0 0 0 0 0 0 0 0 0 0 0 0 0 0 0 0 0 0 0 0
0 0 0 0 0 0 0 0 0 0 0 0 0 0 0 0 0 0 0 0 0 0 0 0 0 0 0 0 0 0 0 0 0 0 0
0 0 0 0 0 0 0 0 0 0 0 0 0 0 0 0 0 0 0 0 0 0 0 0 0 0 0 0 0 0 0 0 0 0 0
0 0 0 0 0 0 0 0 0 0 0 0 0 0 0 0 0 0 0 0 0 0 0 0 0 0 0 0 0 0 0 0 0 0 0
0 0 0 0 0 0 0 0 0 0 0 0 0 0 0 0 0 0 0 0 0 0 0 0 0 0 0 0 0 0 0 0 0 0 0
0 0 0 0 0 0 0 0 0 0 0 0 0 0 0 0 0 0 0 0 0 0 0 0 0 0 0 0 0 0 0 0 0 0 0
0 0 0 0 0 0 0 0 0 0 0 0 0 0 0 0 0 0 0 0 0 0 0 0 0 0 0 0 0 0 0 0 0 0 0
0 0 0 0 0 0 0 0 0 0 0 0 0 0 0 0 0 0 0 0 0 0 0 0 0 0 0 0 0 0 0 0 0 0 0
0 0 0 0 0 0 0 0 0 0 0 0 0 0 0 0 0 0 0 0 0 0 0 0 0 0 0 0 0 0 0 0 0 0 0
0 0 0 0 0 0 0 0 0 0 0 0 0 0 0 0 0 0 0 0 0 0 0 0 0 0 0 0 0 0 0 0 0 0 0
0 0 0 0 0 0 0 0 0 0 0 0 0 0 0 0 0 0 0 0 0 0 0 0 0 0 0 0 0 0 0 0 0 0 0
0 0 0 0 0 0 0 0 0 0 0 0 0 0 0 0 0 0 0 0 0 0 0 0 0 0 0 0 0 0 0 0 0 0 0
0 0 0 0 0 0 0 0 0 0 0 0 0 0 0 0 0 0 0 0 0 0 0 0 0 0 0 0 0 0 0 0 0 0 0
0 0 0 0 0 0 0 0 0 0 0 0 0 0 0 0 0 0 0 0 0 0 0 0 0 0 0 0 0 0 0 0 0 0 0
0 0 0 0 0 0 0 0 0 0 0 0 0 0 0 0 0 0 0 0 0 0 0 0 0 0 0 0 0 0 0 0 0 0 0
0 0 0 0 0 0 0 0 0 0 0 0 0 0 0 0 0 0 0 0 0 0 0 0 0 0 0 0 0 0 0 0 0 0 0
0 0 0 0 0 0 0 0 0 0 0 0 0 0 0 0 0 0 0 0 0 0 0 0 0 0 0 0 0 0 0 0 0 0 0
0 0 0 0 0 0 0 0 0 0 0 0 0 0 0 0 0 0 0 0 0 0 0 0 0 0 0 0 0 0 0 0 0 0 0
0 0 0 0 0 0 0 0 0 0 0 0 0 0 0 0 0 0 0 0 0 0 0 0 0 0 0 0 0 0 0 0 0 0 0
0 0 0 0 0 0 0 0 0 0 0 0 0 0 0 0 0 0 0 0 0 0 0 0 0 0 0 0 0 0 0 0 0 0 0
0 0 0 0 0 0 0 0 0 0 0 0 0 0 0 0 0 0 0 0 0 0 0 0 0 0 0 0 0 0 0 0 0 0 0
0 0 0 0 0 0 0 0 0 0 0 0 0 0 0 0 0 0 0 0 0 0 0 0 0 0 0 0 0 0 0 0 0 0 0
0 0 0 0 0 0 0 0 0 0 0 0 0 0 0 0 0 0 0 0 0 0 0 0 0 0 0 0 0 0 0 0 0 0 0
0 0 0 0 0 0 0 0 0 0 0 0 0 0 0 0 0 0 0 0 0 0 0 0 0 0 0 0 0 0 0 0 0 0 0
0 0 0 0 0 0 0 0 0 0 0 0 0 0 0 0 0 0 0 0 0 0 0 0 0 0 0 0 0 0 0 0 0 0 0
0 0 0 0 0 0 0 0 0 0 0 0 0 0 0 0 0 0 0 0 0 0 0 0 0 0 0 0 0 0 0 0 0 0 0
0 0 0 0 0 0 0 0 0 0 0 0 0 0 0 0 0 0 0 0 0 0 0 0 0 0 0 0 0 0 0 0 0 0 0

I cap
1058.909090909091 1058.909090909091 951.3050909090956 951.3050909090974 820.19000000002 922.0640000000609 866.7920000000368 1020.1500000000625 628.1120000000152 872.1900000000142 707.5620000000268 719.3220000000281 461.73600000002284 724.0800000000106 350.0640000000312 647.9150909091142 750.0830909091003 619.7450909091092 573.1970909091169 613.1570909091189 428.54909090911 647.6630909090978 498.6590909091065 554.3510909091049 412.69109090909996 823.6130909090975 798.0890909090944 713.9210909090938 625.9910909090925 706.0730909090917 801.5630909090945 834.3050909090988 953.105090909091 1058.909090909091 672.0
107.96969696969697 107.96969696969697 71.57369696969695 71.57369696969695 30.310000000001423 56.73599999999662 18.807999999997172 54.6499999999978 74.2879999999997 120.31000000000105 90.73799999999947 77.97799999999957 83.16399999999939 83.41999999999973 40.73599999999837 11.3636969696954 60.035696969696716 59.87369696969671 79.60169696969578 65.92169696969552 26.42969696969662 49.4156969696968 35.519696969696255 87.82769696969562 71.98769696969636 101.1656969696967 52.889696969696416 12.857696969695215 5.387696969694552 8.105696969696716 43.11569696969534 44.573696969694424 73.37369696969697 107.96969696969697 84.0
38.96666666666666 38.96666666666666 38.96666666666666 38.96666666666667 44.099999999999994 30.59250000000017 10.392500000000146 7.59250000000012 2.6925000000000097 32.90000000000005 18.2 23.1 11.899999999999999 16.899999999999984 12.000000000000004 19.466666666666658 10.226666666666684 3.926666666666649 4.946666666666673 13.166666666666629 19.46666666666664 13.166666666666671 19.466666666666644 13.166666666666629 19.466666666666658 13.166666666666643 8.059166666666687 1.7591666666666628 8.059166666666844 8.059166666666908 38.96666666666674 38.966666666666725 38.96666666666666 38.96666666666666 23.8
45.24545454545453 45.24545454545453 43.35545454545453 38.00045454545452 19.832999999999966 31.31099999999988 29.447999999999897 30.99899999999991 24.594000000000094 31.173999999999612 26.5679999999995 17.992999999999974 17.83500000000003 20.221999999999895 6.765999999999938 21.962454545454168 29.000454545454303 28.127454545454288 27.191454545454167 23.330454545454135 22.979454545454175 30.656454545454366 25.86845454545425 26.705454545454113 25.076454545454318 33.473454545454075 33.14045454545422 30.548454545454295 26.88545454545447 33.78845454545443 42.08645454545453 42.275454545454494 43.481454545454525 45.24545454545453 42.0
20.999999999999993 20.999999999999993 20.243999999999993 19.92899999999999 8.229000000000475 16.950999999999976 11.43099999999999 13.047 8.726000000000091 11.318000000000119 11.388999999999966 10.507000000000087 10.55400000000003 15.642000000000113 4.883000000000042 6.699000000000031 9.354000000000067 13.350000000000076 11.79299999999996 10.101000000000004 5.77200000000006 11.127000000000116 8.445000000000046 8.868000000000016 7.3200000000001095 12.018000000000143 12.018000000000082 11.325000000000056 9.16500000000001 11.010000000000176 14.349000000000046 17.11199999999999 20.29799999999999 20.999999999999993 21.0
345.75757575757575 345.75757575757575 342.16657575757574 312.51951693404635 197.44847058823527 181.21199999999808 227.46505882352392 199.7944705882306 221.29847058822992 226.3119999999937 191.72199999999913 182.9290000000002 243.1289999999947 240.31199999999248 187.88199999999472 227.68657575756637 262.3365757575691 253.0935757575674 240.80857575756886 190.03057575756932 154.35457575757098 194.6115757575701 210.6585757575677 232.9335757575672 231.277575757568 266.3685757575706 254.71357575756852 241.37557575757074 259.727634581101 277.62810516933985 282.5595757575753 307.02157575757576 342.16657575757574 345.75757575757575 245.0
779.7575757575758 779.7575757575758 751.0295757575758 680.1545757575758 537.7200000000022 719.8389999999999 784.096 745.4800000000001 807.997 863.4879999999999 708.0740000000004 732.503 759.103 745.981 556.247 576.6365757575769 695.0225757575766 579.5705757575782 522.7805757575794 485.9705757575788 454.35357575757905 583.6295757575763 623.3645757575755 637.7375757575777 619.4135757575775 750.3905757575766 730.0775757575757 624.975575757576 591.9725757575759 674.2775757575757 690.8285757575758 710.5295757575758 752.4875757575758 779.7575757575758 630.0
80.73333333333335 80.73333333333335 79.41033333333336 78.78033333333336 61.33199999999961 81.22800000000002 75.23700000000002 84.57800000000002 79.25999999999999 84.784 72.60600000000002 78.87700000000002 86.39500000000002 88.944 73.68600000000002 63.71433333333297 68.59233333333336 67.80933333333336 69.35733333333337 67.44033333333337 66.57633333333338 71.52633333333333 69.44733333333339 69.77133333333336 68.61033333333336 72.41733333333336 72.41733333333336 71.28333333333333 69.66333333333337 69.40233333333336 74.33733333333335 77.46633333333335 79.48233333333336 80.73333333333335 48.300000000000004
10.775757575757575 10.775757575757575 9.830757575757575 9.830757575757575 4.3050000000000015 1.2950000000000008 1.8549999999999942 1.3599999999999808 2.6450000000000005 1.9000000000000044 4.400000000000002 5.099999999999996 2.9400000000000026 0.08000000000000185 1.4799999999999973 5.37575757575758 5.37575757575757 2.0817575757575693 3.260757575757598 2.189757575757584 0.7587575757575706 2.144757575757575 3.215757575757588 2.8017575757575766 2.9007575757575776 4.916757575757584 4.916757575757584 2.270757575757545 2.9907575757575677 1.4337575757575838 0.27275757575757176 4.079757575757576 9.920757575757575 10.775757575757575 8.4
2.545454545454545 2.545454545454545 1.9784545454545448 1.9784545454545448 2.0439999999999996 0.6439999999999999 0.7749999999999889 0.3179999999999994 1.395999999999921 1.3439999999999996 1.6659999999999933 0.2659999999999998 0.6439999999999999 1.3439999999999996 0.15599999999999947 0.11545454545454281 1.033454545454536 0.007454545454549377 1.3034545454545259 0.9524545454545423 0.5204545454545362 0.4394545454545413 0.7904545454545382 0.2774545454545365 0.73645454545454 1.3304545454545431 0.3314545454545439 0.0614545454545361 0.4124545454545432 0.8984545454545441 1.1414545454545468 1.3304545454545447 1.9784545454545448 2.545454545454545 2.8000000000000003
8.515433299825174 8.515433299825174 8.515433299825174 7.87840970635875 4.572295057471277 5.741394482758622 6.017558706896597 7.769031741379245 8.449020534482642 7.618926310344579 7.166327413792822 7.277962241379162 7.3889696724135865 5.891740189655225 4.93502131034487 4.777817413793126 5.724210344827647 5.491200017241443 4.718406068965552 4.7668942413793784 4.194412021943661 4.626230000000067 5.701741568965561 5.576267793103525 5.189289459770162 4.5206012241379785 4.07038603448278 6.79599639655148 7.4073427758619115 7.517627576224693 8.864365344827586 8.505407758620692 7.811086206896552 8.024766408045977 11.315375057471266
700.0 700.0 700.0 698.2 688.3000000000002 688.3000000000002 681.1000000000003 688.3000000000002 682.0000000000002 687.4000000000001 682.9000000000002 685.6000000000003 683.8000000000003 691.0000000000002 682.0000000000003 686.5000000000002 684.7000000000002 681.1000000000003 682.9000000000002 686.5000000000002 685.6000000000003 680.2000000000004 682.9000000000003 683.8000000000003 682.9000000000003 682.0000000000001 687.4000000000002 681.1000000000003 686.5000000000002 683.8000000000002 691.0000000000001 690.1000000000001 698.2 700.0 697.3000000000001

H cap
-5.25 -5.25 8.75 -8.75 -5.25 1.75 68.25 78.75 5.25 -5.25 57.75 12.25 12.25 5.25 -8.75 12.25 78.75 26.25 -1.75 26.25 8.75 1.75 36.75 1.75 12.25 -5.25 5.25 131.25 131.25 131.25 131.25 131.25 131.25 131.25 131.25
13.0 1.0 24.5 27.5 22.0 14.0 11.0 10.0 7.5 10.5 5.5 -2.5 2.5 8.5 13.0 3.0 3.0 0.0 -3.0 13.0 18.0 12.0 8.5 10.5 17.0 9.0 26.5 52.5 52.5 52.5 52.5 52.5 52.5 52.5 52.5
45.5 45.5 45.5 42.0 42.0 45.5 49.0 49.0 45.5 45.5 45.5 35.0 45.5 49.0 45.5 38.5 38.5 38.5 42.0 49.0 49.0 45.5 45.5 42.0 45.5 45.5 49.0 63.0 63.0 63.0 63.0 63.0 63.0 63.0 63.0
2.75 -3.25 -0.25 -5.75 -3.25 -0.25 -1.75 -2.25 0.25 -1.25 6.75 -2.75 6.25 -12.25 0.25 -1.75 8.75 0.25 0.25 -3.25 0.75 -2.75 -0.75 -2.75 8.25 -5.25 7.25 78.75 78.75 78.75 78.75 78.75 78.75 78.75 78.75

Gap
NaN

Time
NaN

