T P M C
35 37 4 12

base obj
11.802930402930402

exp obj
11.6521978021978

Objective struct
11.802930402930402 0.0 11.2

num campaigns
209

x
0 0 0 0 1 0 0 0 1 0 0 0 1 0 0 0 1 0 0 0 0 1 0 0 0 1 0 0 0 1 0 0 0 0 0
0 0 0 0 0 0 0 0 0 0 0 0 0 0 1 0 0 0 0 0 0 0 1 0 0 0 0 0 0 0 0 0 0 0 0
0 0 0 0 0 0 0 0 1 0 0 0 0 0 1 0 0 0 0 0 1 0 0 0 0 1 0 0 0 0 0 0 0 0 0
0 0 0 0 0 0 0 1 0 0 1 0 0 1 0 0 1 0 0 0 1 0 0 1 0 0 0 0 0 0 0 0 0 0 0
0 0 0 0 0 0 1 0 1 0 1 0 1 0 1 0 1 0 1 0 1 0 0 0 1 0 0 0 0 0 0 0 0 0 0
0 0 0 0 0 0 0 0 0 0 0 0 1 0 0 0 0 0 0 0 0 0 0 1 0 0 0 0 0 0 0 0 0 0 0
0 0 0 0 0 0 1 0 0 0 1 0 0 0 1 0 0 0 1 0 0 0 1 0 0 0 1 0 0 0 0 0 0 0 0
0 0 0 0 1 0 0 0 0 0 0 0 0 0 0 0 0 0 0 0 0 0 0 0 0 0 0 0 0 1 0 0 0 0 0
0 0 0 0 0 0 0 0 0 0 0 0 0 0 0 0 1 0 0 0 0 0 0 0 0 0 0 0 0 0 0 0 0 0 0
0 0 0 0 0 0 0 0 0 0 0 0 0 0 1 0 0 0 1 0 0 0 0 0 0 0 0 1 0 0 0 0 0 0 0
0 0 0 0 0 0 1 0 0 0 0 0 0 0 1 0 0 0 0 0 0 0 1 0 0 0 0 0 0 0 0 0 0 0 0
0 0 0 0 0 0 1 0 0 0 0 0 0 0 0 0 0 0 0 0 0 0 0 0 0 0 0 0 0 1 0 0 0 0 0
0 0 0 0 0 0 0 0 0 0 0 0 0 0 0 0 0 0 1 0 0 0 0 0 0 1 0 0 0 0 0 0 0 0 0
0 0 0 0 0 0 0 0 0 0 1 0 0 0 0 1 0 0 0 0 0 0 1 0 0 0 0 0 0 0 0 0 0 0 0
0 0 0 0 0 0 0 0 0 0 0 0 0 0 0 0 0 0 0 0 0 0 0 0 0 0 0 0 0 0 0 0 0 0 0
0 0 0 0 0 0 0 0 0 0 1 0 0 0 0 0 0 0 0 0 0 0 0 0 0 0 0 0 0 0 0 0 0 0 0
0 0 0 0 0 0 0 0 0 0 0 0 0 1 0 0 0 0 0 0 0 0 0 0 0 0 1 0 0 0 0 0 0 0 0
0 0 0 0 0 0 1 0 0 0 0 0 0 0 0 0 0 0 0 0 0 0 0 0 0 0 0 1 0 0 0 0 0 0 0
0 0 0 0 0 0 1 0 1 0 0 1 0 1 0 1 0 0 1 0 1 0 1 0 1 0 1 0 1 0 0 0 0 0 0
0 0 0 0 0 0 0 0 0 0 0 0 0 0 0 0 0 0 0 0 1 0 0 0 0 0 0 0 0 0 0 0 0 0 0
0 0 0 0 0 0 1 0 0 1 0 0 1 0 0 1 0 0 0 0 0 1 0 0 1 0 0 0 0 0 0 0 0 0 0
0 0 0 0 0 0 0 0 0 0 0 0 0 0 0 0 0 0 0 0 0 0 0 0 0 0 0 0 0 0 0 0 0 0 0
0 0 0 0 1 0 0 0 0 0 0 0 0 0 0 0 0 0 0 0 0 0 0 0 0 0 0 1 0 0 0 0 0 0 0
0 0 0 0 0 0 0 0 1 0 0 0 0 0 0 0 0 1 0 0 0 0 0 0 1 0 0 0 0 0 0 0 0 0 0
0 0 0 0 0 0 1 0 0 0 0 0 0 0 0 0 0 0 0 1 0 0 0 0 0 0 0 0 0 0 0 0 0 0 0
0 0 0 0 1 0 0 0 0 0 0 0 1 0 0 0 0 0 0 0 0 1 0 0 0 0 0 0 0 1 0 0 0 0 0
0 0 0 0 0 0 0 0 0 0 1 0 0 0 0 0 0 1 0 0 0 0 0 1 0 0 0 0 0 1 0 0 0 0 0
0 0 0 0 0 0 0 0 0 0 1 0 0 0 0 0 0 0 0 0 0 0 0 0 0 0 0 0 0 0 0 0 0 0 0
0 0 0 0 0 0 0 0 0 0 0 0 0 0 0 0 0 0 0 0 0 0 0 0 0 0 0 0 0 0 0 0 0 0 0
0 0 0 0 1 1 1 1 1 1 1 1 1 1 1 1 1 1 1 1 1 1 1 1 1 1 1 1 1 1 0 0 0 0 0
0 0 0 0 0 1 1 1 1 1 1 1 1 1 1 1 1 1 1 1 1 1 1 1 1 1 1 1 1 1 0 0 0 0 0
0 0 0 0 0 1 1 1 1 1 1 1 1 1 1 1 1 1 1 1 1 1 1 1 0 1 1 1 1 0 0 0 0 0 0
0 0 0 0 0 0 0 0 0 1 1 1 0 0 1 1 0 0 0 0 1 1 0 0 0 0 0 1 1 1 0 0 0 0 0
0 0 0 0 0 1 1 1 1 1 1 1 1 0 1 1 1 0 1 1 1 1 0 1 0 1 0 1 1 1 0 0 0 0 0
0 0 0 0 0 1 1 0 1 0 0 0 0 0 0 1 1 1 1 0 1 1 0 1 1 1 0 0 1 1 0 0 0 0 0
0 0 0 0 0 0 0 0 0 0 0 0 0 0 0 0 0 0 0 0 0 0 0 0 0 0 0 0 0 0 0 0 0 0 0
0 0 0 0 0 0 0 0 0 0 0 0 0 0 0 0 0 0 0 0 0 0 0 0 0 0 0 0 0 0 0 0 0 0 0

y
0.0 3.0 0.833333333333333 0.0 0.0 6.0 0.0 0.0 0.0 2.2142857142857144 0.0 0.0 2.0 0.0 0.0 0.0 0.5 0.0 0.0 0.0 0.0 0.0 0.0 0.75 0.5 0.0 0.0 0.0 0.0 0.0 0.0 0.0 0.5098039215686274 0.0 0.0 0.0 0.0

k
0 4 3 0 0 4 0 0 0 12 0 0 4 3 4 0 1 0 2 0 0 3 0 2 1 0 1 0 11 0 1 3 42 6 12 26 3

f
8.75 8.75 0.0 0.0 0.0 0.0 0.0 0.0 0.0 8.75 0.0 0.0 0.0 5.25 0.0 0.0 0.0 0.0 0.0 0.0 0.0 0.0 0.0 0.0 0.0 12.25 1.75 0.0 0.0 0.0 0.0 0.0 0.0 0.0 0.0
0.0 0.0 0.0 0.0 0.0 0.0 0.0 0.0 0.0 0.0 0.0 2.0 0.0 0.0 0.0 0.0 0.0 0.0 0.0 0.0 0.0 0.0 0.0 0.0 0.0 0.0 0.0 0.0 0.0 0.0 0.0 0.0 0.0 0.0 0.0
0.0 0.0 0.0 0.0 0.0 0.0 0.0 0.0 0.0 0.0 0.0 0.0 0.0 0.0 0.0 0.0 0.0 0.0 0.0 0.0 0.0 0.0 0.0 0.0 0.0 0.0 0.0 0.0 0.0 0.0 0.0 0.0 0.0 0.0 0.0
0.0 0.75 1.25 4.75 1.75 1.25 1.25 0.75 0.0 11.75 0.0 0.0 0.0 2.75 0.0 1.75 3.75 0.0 0.75 4.25 0.0 10.75 1.25 1.25 0.0 0.0 0.0 0.0 0.0 0.0 0.0 0.0 0.0 0.0 0.0

L
4 8 5 3 2 11 4 25 0 4 8 23 7 5 0 0 13 21 2 0 3 0 23 7 13 8 6 0 0 1 1 1 1 1 1 0 0

g
0 0 0 0 0 0 0 0 0 0 0 0 0 0 0 0 0 0 0 0 0 0 0 0 0 0 0 0 0 0 0 0 0 0 0
0 0 0 0 0 0 0 0 0 0 0 0 0 0 0 0 0 0 0 0 0 0 0 0 0 0 0 0 0 0 0 0 0 0 0
0 0 0 0 0 0 0 0 0 0 0 0 0 0 0 0 0 0 0 0 0 0 0 0 0 0 0 0 0 0 0 0 0 0 0
0 0 0 0 0 0 0 0 0 0 0 0 0 0 0 0 0 0 0 0 0 0 0 0 0 0 0 0 0 0 0 0 0 0 0
0 0 0 0 0 0 0 0 0 0 0 0 0 0 0 0 0 0 0 0 0 0 0 0 0 0 0 0 0 0 0 0 0 0 0
0 0 0 0 0 0 0 0 0 0 0 0 0 0 0 0 0 0 0 0 0 0 0 0 0 0 0 0 0 0 0 0 0 0 0
0 0 0 0 0 0 0 0 0 0 0 0 0 0 0 0 0 0 0 0 0 0 0 0 0 0 0 0 0 0 0 0 0 0 0
0 0 0 0 0 0 0 0 0 0 0 0 0 0 0 0 0 0 0 0 0 0 0 0 0 0 0 0 0 0 0 0 0 0 0
0 0 0 0 0 0 0 0 0 0 0 0 0 0 0 0 0 0 0 0 0 0 0 0 0 0 0 0 0 0 0 0 0 0 0
0 0 0 0 0 0 0 0 0 0 0 0 0 0 0 0 0 0 0 0 0 0 0 0 0 0 0 0 0 0 0 0 0 0 0
0 0 0 0 0 0 0 0 0 0 0 0 0 0 0 0 0 0 0 0 0 0 0 0 0 0 0 0 0 0 0 0 0 0 0
0 0 0 0 0 0 0 0 0 0 0 0 0 0 0 0 0 0 0 0 0 0 0 0 0 0 0 0 0 0 0 0 0 0 0
0 0 0 0 0 0 0 0 0 0 0 0 0 0 0 0 0 0 0 0 0 0 0 0 0 0 0 0 0 0 0 0 0 0 0
0 0 0 0 0 0 0 0 0 0 0 0 0 0 0 0 0 0 0 0 0 0 0 0 0 0 0 0 0 0 0 0 0 0 0
0 0 0 0 0 0 0 0 0 0 0 0 0 0 0 0 0 0 0 0 0 0 0 0 0 0 0 0 0 0 0 0 0 0 0
0 0 0 0 0 0 0 0 0 0 0 0 0 0 0 0 0 0 0 0 0 0 0 0 0 0 0 0 0 0 0 0 0 0 0
0 0 0 0 0 0 0 0 0 0 0 0 0 0 0 0 0 0 0 0 0 0 0 0 0 0 0 0 0 0 0 0 0 0 0
0 0 0 0 0 0 0 0 0 0 0 0 0 0 0 0 0 0 0 0 0 0 0 0 0 0 0 0 0 0 0 0 0 0 0
0 0 0 0 0 0 0 0 0 0 0 0 0 0 0 0 0 0 0 0 0 0 0 0 0 0 0 0 0 0 0 0 0 0 0
0 0 0 0 0 0 0 0 0 0 0 0 0 0 0 0 0 0 0 0 0 0 0 0 0 0 0 0 0 0 0 0 0 0 0
0 0 0 0 0 0 0 0 0 0 0 0 0 0 0 0 0 0 0 0 0 0 0 0 0 0 0 0 0 0 0 0 0 0 0
0 0 0 0 0 0 0 0 0 0 0 0 0 0 0 0 0 0 0 0 0 0 0 0 0 0 0 0 0 0 0 0 0 0 0
0 0 0 0 0 0 0 0 0 0 0 0 0 0 0 0 0 0 0 0 0 0 0 0 0 0 0 0 0 0 0 0 0 0 0
0 0 0 0 0 0 0 0 0 0 0 0 0 0 0 0 0 0 0 0 0 0 0 0 0 0 0 0 0 0 0 0 0 0 0
0 0 0 0 0 0 0 0 0 0 0 0 0 0 0 0 0 0 0 0 0 0 0 0 0 0 0 0 0 0 0 0 0 0 0
0 0 0 0 0 0 0 0 0 0 0 0 0 0 0 0 0 0 0 0 0 0 0 0 0 0 0 0 0 0 0 0 0 0 0
0 0 0 0 0 0 0 0 0 0 0 0 0 0 0 0 0 0 0 0 0 0 0 0 0 0 0 0 0 0 0 0 0 0 0
0 0 0 0 0 0 0 0 0 0 0 0 0 0 0 0 0 0 0 0 0 0 0 0 0 0 0 0 0 0 0 0 0 0 0
0 0 0 0 0 0 0 0 0 0 0 0 0 0 0 0 0 0 0 0 0 0 0 0 0 0 0 0 0 0 0 0 0 0 0
0 0 0 0 0 0 0 0 0 0 0 0 0 0 0 0 0 0 0 0 0 0 0 0 0 0 0 0 0 0 0 0 0 0 0
0 0 0 0 0 0 0 0 0 0 0 0 0 0 0 0 0 0 0 0 0 0 0 0 0 0 0 0 0 0 0 0 0 0 0
0 0 0 0 0 0 0 0 0 0 0 0 0 0 0 0 0 0 0 0 0 0 0 0 0 0 0 0 0 0 0 0 0 0 0
0 0 0 0 0 0 0 0 0 0 0 0 0 0 0 0 0 0 0 0 0 0 0 0 0 0 0 0 0 0 0 0 0 0 0
0 0 0 0 0 0 0 0 0 0 0 0 0 0 0 0 0 0 0 0 0 0 0 0 0 0 0 0 0 0 0 0 0 0 0
0 0 0 0 0 0 0 0 0 0 0 0 0 0 0 0 0 0 0 0 0 0 0 0 0 0 0 0 0 0 0 0 0 0 0
0 0 0 0 0 0 0 0 0 0 0 0 0 0 0 0 0 0 0 0 0 0 0 0 0 0 0 0 0 0 0 0 0 0 0
0 0 0 0 0 0 0 0 0 0 0 0 0 0 0 0 0 0 0 0 0 0 0 0 0 0 0 0 0 0 0 0 0 0 0

I cap
1058.909090909091 1058.909090909091 951.305090909092 951.3050909090981 1045.1540000000084 968.0540000000286 837.488000000022 962.8920000000343 780.1940000000093 860.3640000000065 307.00800000002016 712.9500000000161 488.75400000001275 578.7300000000125 448.9740000000194 648.4550909091055 557.3030909091057 800.7530909091045 661.451090909101 662.7110909091044 609.7550909091019 654.4130909090966 538.8890909090944 405.2930909091025 717.8270909090961 699.2690909090941 653.6030909090922 723.9110909090925 837.581090909092 674.1230909090909 758.8130909090934 791.5550909090961 953.105090909091 1058.909090909091 672.0
107.96969696969697 107.96969696969697 71.57369696969693 71.5736969696969 78.04599999999999 82.74599999999805 13.911999999999196 18.30799999999922 61.705999999999705 119.53600000000007 79.99199999999978 106.84999999999971 90.34599999999965 69.46999999999954 44.42599999999895 29.723696969696423 25.475696969696685 88.92569696969655 45.16769696969642 39.40769696969596 62.84369696969645 88.5656969696967 58.28969696969702 45.185696969695954 71.95169696969646 73.40969696969701 61.47569696969681 18.167696969695633 42.197696969694874 5.855696969696814 40.86569696969641 42.32369696969447 73.37369696969697 107.96969696969697 84.0
38.96666666666666 38.96666666666666 38.96666666666666 38.96666666666667 44.099999999999994 30.592500000000065 10.392500000000094 7.5925000000000695 2.6925000000000106 19.700000000000006 11.29999999999999 9.900000000000002 5.0 10.59999999999999 12.0 13.166666666666636 19.466666666666683 19.46666666666667 10.226666666666656 10.226666666666627 11.846666666666643 19.46666666666665 13.166666666666643 19.466666666666672 13.166666666666657 19.466666666666608 1.7591666666667303 21.259166666666715 14.959166666666736 21.25916666666682 32.66666666666673 38.96666666666669 38.96666666666666 38.96666666666666 23.8
45.24545454545453 45.24545454545453 43.35545454545453 38.000454545454545 22.53299999999998 31.31099999999985 29.44799999999997 29.37899999999998 26.439000000000064 29.553999999999792 25.460999999999768 23.095999999999897 19.76999999999991 18.925999999999977 13.065999999999963 22.790454545454438 24.73445454545429 30.935454545454167 27.290454545454253 27.308454545454364 27.92045454545431 29.243454545454235 30.314454545454367 27.011454545454242 29.783454545454234 27.119454545454307 28.397454545454384 26.057454545454295 28.595454545454547 34.86845454545457 39.92645454545453 40.115454545454526 43.481454545454525 45.24545454545453 42.0
20.999999999999993 20.999999999999993 20.243999999999993 19.92899999999999 13.089000000000222 19.651000000000003 14.131000000000014 10.887000000000011 8.474000000000046 8.29400000000004 10.119999999999994 14.692000000000053 12.966000000000001 13.482 7.312999999999965 6.861000000000021 7.014000000000019 11.766000000000066 10.974000000000075 10.730999999999977 7.508999999999982 8.99400000000001 9.606000000000094 8.58000000000003 11.316000000000013 9.030000000000031 8.418000000000117 8.022000000000029 10.164000000000007 11.010000000000115 14.349000000000057 17.111999999999995 20.29799999999999 20.999999999999993 21.0
345.75757575757575 345.75757575757575 342.16657575757574 342.16657575757574 224.56494117647057 238.38847058823427 242.8179999999981 215.87799999999731 238.57899999999626 200.89599999999646 154.79499999999936 169.16799999999975 220.06199999999757 223.58099999999615 150.48699999999818 189.94057575757245 253.7955757575706 259.51957575757086 216.14857575757185 201.3525757575721 245.93857575757139 254.22757575757163 258.5115757575723 278.2316345811007 266.2510463458067 252.95804634580807 221.63857575757305 166.4145757575729 230.5046345811035 310.34310516934005 322.0695757575755 323.26657575757577 342.16657575757574 345.75757575757575 245.0
779.7575757575758 779.7575757575758 751.0295757575758 751.0295757575758 634.4250000000006 750.7990000000001 822.796 747.235 778.3059999999999 676.9359999999999 560.1410000000001 735.392 773.809 689.443 593.21 555.2795757575769 627.3875757575754 727.1435757575762 698.1275757575778 623.6525757575772 532.0145757575764 620.1785757575764 698.5595757575763 634.290575757577 687.1925757575768 640.8695757575761 564.468575757576 504.8525757575759 586.2845757575759 648.6905757575759 700.4405757575757 704.9135757575758 752.4875757575758 779.7575757575758 630.0
80.73333333333335 80.73333333333335 79.41033333333336 78.78033333333336 66.31199999999994 84.16800000000002 71.87700000000002 76.65800000000002 76.131 82.516 71.87700000000002 82.30600000000003 88.20400000000002 90.684 80.40600000000002 65.01033333333338 65.53233333333336 73.76133333333335 72.92733333333335 70.87833333333336 69.17733333333337 70.14933333333336 73.96833333333336 70.47933333333334 73.95933333333339 72.10833333333336 72.06933333333336 71.52333333333334 70.12233333333337 69.40233333333336 74.33733333333335 77.46633333333335 79.48233333333336 80.73333333333335 48.300000000000004
10.775757575757575 10.775757575757575 9.830757575757575 9.830757575757575 7.1850000000000005 5.975 2.7549999999999897 5.724999999999984 6.92 1.5400000000000018 1.3400000000000043 1.455 3.3450000000000033 4.858999999999996 0.9670000000000023 1.685757575757581 4.916757575757581 3.215757575757577 1.0557575757575801 3.9357575757575822 7.895757575757573 4.24175757575758 7.58075757575758 5.276757575757577 0.5967575757575663 1.0557575757575801 4.448757575757581 0.27275757575757 1.1997575757575736 2.0007575757575733 2.9907575757575735 5.510757575757573 9.920757575757575 10.775757575757575 8.4
2.545454545454545 2.545454545454545 1.9784545454545448 1.9784545454545448 2.0439999999999996 0.6439999999999999 0.7749999999999889 0.3179999999999994 1.3959999999999477 1.3439999999999996 1.6659999999999933 0.2659999999999998 0.6439999999999999 0.20999999999999952 0.29099999999999926 0.14245454545454117 0.034454545454547514 1.0334545454545432 0.33145454545453346 0.061454545454549425 0.9794545454545439 0.6554545454545351 1.114454545454545 0.9524545454545402 0.9524545454545349 0.7904545454545435 0.43945454545454266 0.4124545454545445 1.4114545454545446 0.8984545454545441 1.141454545454545 1.3304545454545447 1.9784545454545448 2.545454545454545 2.8000000000000003
8.515433299825174 8.515433299825174 8.515433299825174 8.188754533944957 5.865398505747136 6.465532413793102 5.5520414655172665 7.090411206896497 7.489020689655081 6.998236810344659 7.631844344827406 8.06003089655161 7.547245379310227 6.046912758620707 4.453986982758623 5.043162241379338 5.039900000000021 5.8015448448276095 4.190820017241409 5.170342517241425 4.597860142633246 5.634850689655191 6.2293279310344865 4.9400610517241645 5.396186166666696 4.949911568965523 4.318661896551758 6.951168965517023 7.0969981034481995 7.052110334845591 8.631606568965518 8.815752431034484 7.500741379310345 8.024766408045977 11.625719885057473
700.0 700.0 700.0 698.2 690.1000000000001 690.1000000000001 679.3000000000003 687.4000000000002 682.0000000000002 689.2000000000002 682.0000000000002 686.5000000000002 684.7000000000003 686.5000000000002 681.1000000000004 680.2000000000003 685.6000000000003 682.0000000000001 683.8000000000003 684.7000000000002 679.3000000000002 684.7000000000003 686.5000000000002 681.1000000000003 684.7000000000002 687.4000000000002 682.9000000000002 681.1000000000001 685.6000000000001 686.5000000000002 689.2000000000002 691.9000000000002 697.3000000000001 700.0 699.1

H cap
-8.75 -8.75 22.75 12.25 26.25 26.25 1.75 1.75 12.25 -8.75 12.25 22.75 1.75 -5.25 61.25 78.75 68.25 15.75 1.75 1.75 26.25 26.25 36.75 19.25 40.25 -12.25 -1.75 131.25 131.25 131.25 131.25 131.25 131.25 131.25 131.25
39.5 24.5 14.5 15.0 13.5 13.0 5.0 5.0 16.5 15.0 4.5 -2.0 2.0 10.0 8.5 11.5 15.5 4.5 8.5 9.0 19.0 14.0 9.0 16.5 14.5 4.5 22.5 52.5 52.5 52.5 52.5 52.5 52.5 52.5 52.5
49.0 49.0 49.0 45.5 42.0 45.5 49.0 45.5 49.0 42.0 35.0 42.0 45.5 42.0 42.0 49.0 45.5 38.5 45.5 45.5 45.5 42.0 45.5 45.5 49.0 45.5 49.0 63.0 63.0 63.0 63.0 63.0 63.0 63.0 63.0
6.75 -0.75 -1.25 -4.75 -1.75 -1.25 -1.25 -0.75 8.75 -11.75 4.25 0.25 0.75 -2.75 5.25 -1.75 -3.75 2.25 -0.75 -4.25 0.25 -10.75 -1.25 -1.25 13.75 2.75 14.25 78.75 78.75 78.75 78.75 78.75 78.75 78.75 78.75

Gap
NaN

Time
NaN

