T P M C
35 37 4 12

base obj
11.463919413919413

exp obj
11.60793956043956

Objective struct
11.463919413919413 0.0 12.040000000000001

num campaigns
215

x
0 0 0 0 0 0 1 0 0 1 0 0 1 0 0 0 1 0 0 1 0 0 1 0 0 1 0 0 0 0 0 0 0 0 0
0 0 0 0 0 0 0 0 0 0 0 0 0 0 1 0 0 0 0 0 0 0 0 0 0 0 0 1 0 0 0 0 0 0 0
0 0 0 0 0 0 1 0 0 0 0 0 1 0 0 0 0 1 0 0 0 1 0 0 0 0 1 0 0 0 0 0 0 0 0
0 0 0 0 0 0 0 1 0 0 0 1 0 0 0 1 0 0 1 0 0 0 0 0 1 0 0 1 0 0 0 0 0 0 0
0 0 0 0 0 0 0 0 1 0 0 1 0 1 0 1 0 1 0 1 0 1 0 0 1 0 1 0 0 0 0 0 0 0 0
0 0 0 0 0 0 0 0 0 0 0 1 0 0 0 0 0 0 0 0 0 0 0 0 0 1 0 0 0 0 0 0 0 0 0
0 0 0 0 0 0 0 0 1 0 0 1 0 0 1 0 0 1 0 0 1 0 0 1 0 0 0 0 0 0 0 0 0 0 0
0 0 0 0 1 0 0 0 0 0 0 0 0 0 0 0 0 0 0 0 0 0 0 0 0 0 0 0 0 1 0 0 0 0 0
0 0 0 0 1 0 0 0 0 0 0 0 0 0 0 0 0 0 0 0 0 0 0 0 0 0 0 0 0 0 0 0 0 0 0
0 0 0 0 0 0 0 0 1 0 0 0 0 0 0 0 0 0 1 0 0 0 0 0 0 0 0 0 0 0 0 0 0 0 0
0 0 0 0 1 0 0 0 0 0 0 0 0 0 0 1 0 0 0 0 0 0 0 0 0 0 1 0 0 0 0 0 0 0 0
0 0 0 0 0 0 1 0 0 0 0 0 0 0 0 0 0 0 0 0 0 0 0 0 0 0 0 0 0 1 0 0 0 0 0
0 0 0 0 0 0 0 0 0 0 0 0 0 0 0 0 0 1 0 0 0 0 0 1 0 0 0 0 0 1 0 0 0 0 0
0 0 0 0 1 0 0 0 0 0 0 0 0 0 0 1 0 0 0 0 1 0 0 0 0 0 0 0 0 0 0 0 0 0 0
0 0 0 0 0 0 0 0 0 0 0 0 0 0 0 0 0 0 0 0 0 0 0 0 0 0 0 0 0 0 0 0 0 0 0
0 0 0 0 1 0 0 0 0 0 0 0 0 0 0 0 0 0 0 0 0 0 0 0 0 0 0 0 0 0 0 0 0 0 0
0 0 0 0 0 0 0 0 0 0 0 0 0 1 0 0 0 0 0 0 0 0 0 0 0 0 0 0 0 1 0 0 0 0 0
0 0 0 0 0 0 1 0 0 0 0 0 0 0 0 0 0 0 0 0 0 0 0 0 0 0 0 0 0 1 0 0 0 0 0
0 0 0 0 0 1 0 0 1 0 1 0 0 1 0 0 0 1 0 1 0 1 0 1 0 1 0 1 0 1 0 0 0 0 0
0 0 0 0 0 0 0 0 0 0 0 0 0 0 0 0 0 0 1 0 0 0 0 0 0 0 0 0 0 0 0 0 0 0 0
0 0 0 0 0 0 1 0 0 0 1 0 0 0 1 0 0 0 1 0 0 0 0 0 1 0 0 0 1 0 0 0 0 0 0
0 0 0 0 0 0 0 0 0 0 0 0 0 0 0 0 0 0 0 0 0 0 0 0 0 0 0 0 0 0 0 0 0 0 0
0 0 0 0 0 0 0 0 1 0 0 0 0 0 0 0 0 0 0 0 0 0 0 0 0 0 0 1 0 0 0 0 0 0 0
0 0 0 0 0 0 0 0 0 0 0 0 0 0 1 0 0 0 0 0 0 1 0 0 0 0 0 0 0 0 0 0 0 0 0
0 0 0 0 0 0 0 0 0 0 1 0 0 0 0 0 0 0 0 0 0 0 0 1 0 0 0 0 0 0 0 0 0 0 0
0 0 0 0 1 0 0 0 0 0 0 0 1 0 0 0 0 0 1 0 0 0 0 0 1 0 0 0 0 0 0 0 0 0 0
0 0 0 0 0 0 1 0 0 0 1 0 0 0 0 0 1 0 0 1 0 0 1 0 0 0 0 0 0 0 0 0 0 0 0
0 0 0 0 0 0 0 0 0 0 0 0 0 1 0 0 0 0 0 0 0 0 0 0 0 0 0 0 0 0 0 0 0 0 0
0 0 0 0 0 0 0 0 0 0 0 0 0 0 0 0 0 0 0 0 0 0 0 0 0 0 0 0 0 0 0 0 0 0 0
0 0 0 0 1 1 1 1 1 1 1 1 1 1 1 1 1 1 1 1 1 1 1 0 1 1 1 1 1 1 0 0 0 0 0
0 0 0 0 1 1 1 1 1 1 0 1 1 1 1 1 1 1 1 1 1 1 0 0 1 1 1 1 1 1 0 0 0 0 0
0 0 0 0 1 1 1 1 1 1 0 0 1 1 1 1 1 1 1 1 1 1 0 1 1 1 1 1 1 1 0 0 0 0 0
0 0 0 0 0 1 1 1 0 0 0 0 1 0 1 0 1 1 0 1 1 1 0 0 1 1 0 1 1 1 0 0 0 0 0
0 0 0 0 1 1 1 1 1 0 0 0 1 1 1 1 1 1 1 1 1 1 0 0 1 1 1 1 1 1 0 0 0 0 0
0 0 0 0 0 1 0 1 1 0 0 0 1 0 0 1 1 1 1 1 1 1 0 0 1 1 1 1 1 0 0 0 0 0 0
0 0 0 0 0 0 0 0 0 0 0 0 0 0 0 0 0 0 0 0 0 0 0 0 0 0 0 0 0 0 0 0 0 0 0
0 0 0 0 0 0 0 0 0 0 0 0 0 0 0 0 0 0 0 0 0 0 0 0 0 0 0 0 0 0 0 0 0 0 0

y
0.0 8.0 0.0 0.0 0.0 9.0 0.0 0.0 0.0 8.214285714285714 0.0 0.0 1.0 0.0 0.0 0.0 3.5 0.0 0.0 0.0 0.0 0.0 0.0 0.75 0.5 0.0 0.0 0.0 0.0 0.0 0.0 0.0 0.5098039215686274 0.0 0.0 0.0 0.0

k
0 4 2 0 0 4 0 0 0 13 0 0 3 3 4 0 1 0 2 0 0 3 0 3 1 0 0 0 11 1 3 3 37 5 10 26 3

f
1.75 12.25 15.75 15.75 0.0 0.0 0.0 0.0 0.0 0.0 1.75 0.0 0.0 0.0 0.0 1.75 0.0 0.0 0.0 0.0 0.0 0.0 0.0 0.0 0.0 0.0 0.0 0.0 0.0 0.0 0.0 0.0 0.0 0.0 0.0
0.0 0.0 0.0 0.0 0.0 0.0 0.0 0.0 0.0 0.0 0.0 0.0 0.0 3.0 0.0 0.0 0.5 0.0 0.0 0.0 0.0 0.0 0.0 0.0 0.0 0.0 0.0 0.0 0.0 0.0 0.0 0.0 0.0 0.0 0.0
0.0 0.0 0.0 0.0 0.0 0.0 0.0 0.0 0.0 0.0 0.0 0.0 0.0 0.0 0.0 0.0 0.0 0.0 0.0 0.0 0.0 0.0 0.0 0.0 0.0 0.0 0.0 0.0 0.0 0.0 0.0 0.0 0.0 0.0 0.0
0.0 5.75 0.0 2.25 0.0 3.25 2.75 8.75 1.25 0.25 0.0 3.75 0.0 0.0 0.0 3.25 0.0 0.0 2.25 10.25 1.75 0.75 0.25 3.25 0.0 0.25 0.0 0.0 0.0 0.0 0.0 0.0 0.0 0.0 0.0

L
3 13 4 3 2 14 3 25 0 10 11 23 6 5 0 0 16 23 2 0 4 0 19 7 13 6 3 0 0 1 1 1 1 1 1 0 0

g
0 0 0 0 0 0 0 0 0 0 0 0 0 0 0 0 0 0 0 0 0 0 0 0 0 0 0 0 0 0 0 0 0 0 0
0 0 0 0 0 0 0 0 0 0 0 0 0 0 0 0 0 0 0 0 0 0 0 0 0 0 0 0 0 0 0 0 0 0 0
0 0 0 0 0 0 0 0 0 0 0 0 0 0 0 0 0 0 0 0 0 0 0 0 0 0 0 0 0 0 0 0 0 0 0
0 0 0 0 0 0 0 0 0 0 0 0 0 0 0 0 0 0 0 0 0 0 0 0 0 0 0 0 0 0 0 0 0 0 0
0 0 0 0 0 0 0 0 0 0 0 0 0 0 0 0 0 0 0 0 0 0 0 0 0 0 0 0 0 0 0 0 0 0 0
0 0 0 0 0 0 0 0 0 0 0 0 0 0 0 0 0 0 0 0 0 0 0 0 0 0 0 0 0 0 0 0 0 0 0
0 0 0 0 0 0 0 0 0 0 0 0 0 0 0 0 0 0 0 0 0 0 0 0 0 0 0 0 0 0 0 0 0 0 0
0 0 0 0 0 0 0 0 0 0 0 0 0 0 0 0 0 0 0 0 0 0 0 0 0 0 0 0 0 0 0 0 0 0 0
0 0 0 0 0 0 0 0 0 0 0 0 0 0 0 0 0 0 0 0 0 0 0 0 0 0 0 0 0 0 0 0 0 0 0
0 0 0 0 0 0 0 0 0 0 0 0 0 0 0 0 0 0 0 0 0 0 0 0 0 0 0 0 0 0 0 0 0 0 0
0 0 0 0 0 0 0 0 0 0 0 0 0 0 0 0 0 0 0 0 0 0 0 0 0 0 0 0 0 0 0 0 0 0 0
0 0 0 0 0 0 0 0 0 0 0 0 0 0 0 0 0 0 0 0 0 0 0 0 0 0 0 0 0 0 0 0 0 0 0
0 0 0 0 0 0 0 0 0 0 0 0 0 0 0 0 0 0 0 0 0 0 0 0 0 0 0 0 0 0 0 0 0 0 0
0 0 0 0 0 0 0 0 0 0 0 0 0 0 0 0 0 0 0 0 0 0 0 0 0 0 0 0 0 0 0 0 0 0 0
0 0 0 0 0 0 0 0 0 0 0 0 0 0 0 0 0 0 0 0 0 0 0 0 0 0 0 0 0 0 0 0 0 0 0
0 0 0 0 0 0 0 0 0 0 0 0 0 0 0 0 0 0 0 0 0 0 0 0 0 0 0 0 0 0 0 0 0 0 0
0 0 0 0 0 0 0 0 0 0 0 0 0 0 0 0 0 0 0 0 0 0 0 0 0 0 0 0 0 0 0 0 0 0 0
0 0 0 0 0 0 0 0 0 0 0 0 0 0 0 0 0 0 0 0 0 0 0 0 0 0 0 0 0 0 0 0 0 0 0
0 0 0 0 0 0 0 0 0 0 0 0 0 0 0 0 0 0 0 0 0 0 0 0 0 0 0 0 0 0 0 0 0 0 0
0 0 0 0 0 0 0 0 0 0 0 0 0 0 0 0 0 0 0 0 0 0 0 0 0 0 0 0 0 0 0 0 0 0 0
0 0 0 0 0 0 0 0 0 0 0 0 0 0 0 0 0 0 0 0 0 0 0 0 0 0 0 0 0 0 0 0 0 0 0
0 0 0 0 0 0 0 0 0 0 0 0 0 0 0 0 0 0 0 0 0 0 0 0 0 0 0 0 0 0 0 0 0 0 0
0 0 0 0 0 0 0 0 0 0 0 0 0 0 0 0 0 0 0 0 0 0 0 0 0 0 0 0 0 0 0 0 0 0 0
0 0 0 0 0 0 0 0 0 0 0 0 0 0 0 0 0 0 0 0 0 0 0 0 0 0 0 0 0 0 0 0 0 0 0
0 0 0 0 0 0 0 0 0 0 0 0 0 0 0 0 0 0 0 0 0 0 0 0 0 0 0 0 0 0 0 0 0 0 0
0 0 0 0 0 0 0 0 0 0 0 0 0 0 0 0 0 0 0 0 0 0 0 0 0 0 0 0 0 0 0 0 0 0 0
0 0 0 0 0 0 0 0 0 0 0 0 0 0 0 0 0 0 0 0 0 0 0 0 0 0 0 0 0 0 0 0 0 0 0
0 0 0 0 0 0 0 0 0 0 0 0 0 0 0 0 0 0 0 0 0 0 0 0 0 0 0 0 0 0 0 0 0 0 0
0 0 0 0 0 0 0 0 0 0 0 0 0 0 0 0 0 0 0 0 0 0 0 0 0 0 0 0 0 0 0 0 0 0 0
0 0 0 0 0 0 0 0 0 0 0 0 0 0 0 0 0 0 0 0 0 0 0 0 0 0 0 0 0 0 0 0 0 0 0
0 0 0 0 0 0 0 0 0 0 0 0 0 0 0 0 0 0 0 0 0 0 0 0 0 0 0 0 0 0 0 0 0 0 0
0 0 0 0 0 0 0 0 0 0 0 0 0 0 0 0 0 0 0 0 0 0 0 0 0 0 0 0 0 0 0 0 0 0 0
0 0 0 0 0 0 0 0 0 0 0 0 0 0 0 0 0 0 0 0 0 0 0 0 0 0 0 0 0 0 0 0 0 0 0
0 0 0 0 0 0 0 0 0 0 0 0 0 0 0 0 0 0 0 0 0 0 0 0 0 0 0 0 0 0 0 0 0 0 0
0 0 0 0 0 0 0 0 0 0 0 0 0 0 0 0 0 0 0 0 0 0 0 0 0 0 0 0 0 0 0 0 0 0 0
0 0 0 0 0 0 0 0 0 0 0 0 0 0 0 0 0 0 0 0 0 0 0 0 0 0 0 0 0 0 0 0 0 0 0
0 0 0 0 0 0 0 0 0 0 0 0 0 0 0 0 0 0 0 0 0 0 0 0 0 0 0 0 0 0 0 0 0 0 0

I cap
1058.909090909091 1058.909090909091 1025.6090909090924 970.2590909090982 949.2860000000062 942.9440000000376 852.2120000000266 879.1200000000354 618.2480000000088 874.0800000000089 727.2000000000127 435.5700000000148 554.1660000000152 549.930000000006 480.85200000001186 572.8010909091024 764.753090909102 546.6650909091043 351.67109090910793 423.86909090910217 609.395090909104 713.7410909091062 675.9590909090989 576.7250909090965 455.6210909090979 544.0910909090971 587.5790909090944 518.5310909090953 747.7790909090909 903.209090909091 939.9290909090955 965.8490909090966 1027.409090909091 1058.909090909091 672.0
107.96969696969697 107.96969696969697 74.66969696969696 63.419696969696965 23.61400000000024 47.5559999999978 1.887999999999309 23.779999999998992 51.75199999999873 99.52000000000005 114.30000000000007 82.72999999999975 87.03399999999932 73.96999999999974 88.14799999999973 57.677696969696214 74.16569696969657 41.15369696969674 19.427696969695834 36.50969696969642 86.78369696969649 93.1376969696965 87.71969696969643 64.55369696969659 50.65769696969657 70.18769696969618 64.49969696969663 19.247696969695617 36.59969696969589 1.769696969696433 27.14969696969635 33.62969696969626 76.46969696969697 107.96969696969697 84.0
38.96666666666666 38.96666666666666 38.96666666666666 38.96666666666667 44.099999999999994 24.292500000000054 10.392500000000089 7.592500000000028 8.992500000000048 32.90000000000002 4.99999999999998 9.900000000000002 5.000000000000001 30.09999999999999 12.000000000000004 19.466666666666672 3.326666666666643 10.226666666666656 4.946666666666658 13.166666666666657 19.466666666666658 26.366666666666642 32.66666666666664 26.366666666666642 19.46666666666663 13.166666666666671 19.46666666666673 26.36666666666667 8.059166666666709 1.7591666666667578 8.059166666666716 21.259166666666694 38.96666666666666 38.96666666666666 23.8
45.24545454545453 45.24545454545453 43.92245454545453 36.67745454545454 19.698 29.73599999999988 24.218999999999927 23.25000000000002 21.22800000000005 29.283999999999818 30.986999999999973 18.091999999999953 17.339999999999932 17.845999999999997 15.738999999999962 30.395454545454133 32.393454545454276 27.70445454545424 21.638454545454252 25.301454545454312 31.052454545454392 28.226454545454263 33.70745454545428 33.05945454545433 28.091454545454297 30.575454545454278 28.8564545454544 24.563454545454366 28.172454545454276 36.06545454545454 42.392454545454505 42.50945454545452 44.048454545454526 45.24545454545453 42.0
20.999999999999993 20.999999999999993 20.432999999999993 19.847999999999992 10.02000000000018 16.761999999999986 8.92900000000003 7.799999999999997 7.456999999999964 9.967999999999902 17.32900000000007 14.080000000000018 13.64100000000003 12.618000000000112 8.203999999999997 9.732000000000074 12.018000000000065 9.417000000000012 5.817000000000013 8.256000000000103 11.829000000000018 9.479999999999995 11.82000000000011 15.13200000000004 15.132000000000037 13.376999999999978 9.030000000000033 5.75399999999999 8.526000000000042 11.26200000000006 14.601000000000017 17.300999999999995 20.48699999999999 20.999999999999993 21.0
345.75757575757575 345.75757575757575 345.75757575757575 280.11051693404636 159.58547058823527 184.65899999999894 208.87899999999829 187.46499999999762 193.82199999999818 240.69505882352627 261.9945294117623 239.33094117646894 251.26447058823004 221.20499999999666 173.94999999999763 222.8895757575726 256.9185757575728 228.19057575757108 194.2065757575726 207.06757575757086 246.47857575757197 270.6896345810997 268.78904634580704 249.3670463458075 225.98557575757158 253.72357575757152 255.91057575757162 252.085575757574 260.93257575757417 265.8836345811051 250.42110516934042 298.9575757575758 345.75757575757575 345.75757575757575 245.0
779.7575757575758 779.7575757575758 764.4485757575758 711.6185757575757 494.33100000000286 579.835 610.09 600.805 809.833 876.367 808.3790000000004 655.823 701.881 672.8110000000003 665.8670000000001 605.9855757575767 610.0805757575775 597.9575757575761 524.4005757575775 539.0705757575781 593.8265757575754 622.7435757575765 675.9245757575769 582.2075757575766 529.269575757577 621.7445757575775 590.5775757575759 482.73057575757593 541.4915757575758 633.8765757575758 681.2705757575758 703.6355757575758 765.9065757575758 779.7575757575758 630.0
80.73333333333335 80.73333333333335 79.97733333333335 77.18733333333336 59.68499999999934 79.40100000000002 68.71800000000002 74.20100000000001 74.86200000000001 86.41600000000001 81.41700000000002 84.10600000000002 90.20800000000003 86.676 78.35700000000003 70.41933333333336 72.41733333333336 70.04133333333337 67.26033333333336 68.88033333333338 71.85033333333337 70.23033333333338 73.57233333333336 76.97133333333336 73.35933333333335 68.97033333333337 69.16833333333336 66.52233333333336 68.60133333333337 70.15833333333336 75.09333333333335 78.03333333333335 80.04933333333335 80.73333333333335 48.300000000000004
10.775757575757575 10.775757575757575 9.830757575757575 4.790757575757575 0.8850000000000005 1.2499999999999993 0.6399999999999966 1.0449999999999946 0.08000000000000007 6.58 7.640000000000006 6.18 3.2999999999999994 2.338999999999998 0.9670000000000023 1.685757575757581 2.7567575757575717 1.055757575757573 1.0557575757575801 3.215757575757573 1.055757575757589 1.0557575757575766 6.095757575757567 6.455757575757575 3.57575757575758 5.375757575757573 4.2417575757575765 3.755757575757574 3.9717575757575596 2.774757575757579 0.27275757575757176 4.079757575757576 9.920757575757575 10.775757575757575 8.4
2.545454545454545 2.545454545454545 2.545454545454545 1.735454545454545 0.9369999999999995 0.07699999999999985 0.5049999999999815 0.12899999999999945 1.0180000000000002 0.7769999999999995 1.4769999999999897 0.2659999999999998 0.07699999999999985 0.20999999999999952 0.29099999999999926 0.9524545454545447 1.330454545454541 0.2234545454545439 0.06145454545454321 0.22345454545454035 1.2224545454545388 1.4114545454545433 1.2224545454545208 0.22345454545453958 0.06145454545454365 0.22345454545453403 0.6554545454545342 1.3034545454545396 1.5194545454545438 0.196454545454543 0.5474545454545452 0.8984545454545447 2.545454545454545 2.545454545454545 2.8000000000000003
8.515433299825174 8.515433299825174 8.515433299825174 8.188754533944957 5.217812298850583 5.282084137931036 4.5511792413793275 6.624893810344762 8.182641224137896 7.3132368103447165 9.002534155172318 8.13141036206882 7.1044869137929885 5.193464327586245 6.3160557931034695 5.353506913793115 5.088003293103468 4.870510362069001 3.8804750344827883 4.1663770000000335 4.830618763322891 5.630195362068987 6.705489300363 5.896140906533593 4.739289614942562 4.846463448275898 3.775558448275856 5.539099999999882 5.9176877586205965 6.980213938293919 8.916089482758618 9.281269827586208 7.811086206896552 8.024766408045977 11.00503022988506
700.0 700.0 700.0 698.2 690.1000000000001 686.5000000000002 681.1000000000004 690.1000000000003 684.7000000000003 687.4000000000001 682.9000000000002 682.0000000000003 684.7000000000003 685.6000000000003 682.9000000000002 682.9000000000002 682.0000000000001 684.7000000000003 679.3000000000004 686.5000000000003 685.6000000000001 685.6000000000001 684.7 683.8000000000002 682.9000000000003 681.1000000000003 688.3000000000003 683.8000000000003 684.7000000000002 682.9000000000002 686.5000000000001 693.7000000000002 700.0 700.0 692.8000000000001

H cap
-1.75 -12.25 -15.75 -15.75 43.75 1.75 29.75 15.75 1.75 1.75 -1.75 33.25 29.75 19.25 47.25 -1.75 29.75 78.75 19.25 29.75 68.25 1.75 1.75 8.75 29.75 1.75 12.25 131.25 131.25 131.25 131.25 131.25 131.25 131.25 131.25
22.5 4.5 7.0 4.5 8.0 14.5 32.5 32.0 12.5 8.0 13.5 6.0 0.0 -3.0 0.5 2.0 -0.5 5.0 19.0 31.5 20.0 5.0 6.0 7.5 11.0 2.5 20.5 52.5 52.5 52.5 52.5 52.5 52.5 52.5 52.5
45.5 42.0 45.5 45.5 45.5 45.5 52.5 49.0 45.5 42.0 45.5 45.5 45.5 42.0 35.0 35.0 49.0 49.0 42.0 49.0 45.5 45.5 45.5 38.5 49.0 45.5 45.5 63.0 63.0 63.0 63.0 63.0 63.0 63.0 63.0
5.75 -5.75 0.25 -2.25 9.75 -3.25 -2.75 -8.75 -1.25 -0.25 1.75 -3.75 1.25 0.25 3.25 -3.25 3.75 0.25 -2.25 -10.25 -1.75 -0.75 -0.25 -3.25 8.25 -0.25 11.75 78.75 78.75 78.75 78.75 78.75 78.75 78.75 78.75

Gap
NaN

Time
NaN

