T P M C
35 37 4 12

base obj
11.693406593406593

exp obj
11.640054945054946

Objective struct
11.693406593406593 0.0 11.48

num campaigns
213

x
0 0 0 0 0 0 0 0 1 0 0 1 0 0 1 0 0 0 1 0 0 1 0 0 1 0 0 1 0 0 0 0 0 0 0
0 0 0 0 0 0 0 0 0 0 0 0 0 0 0 0 0 0 0 1 0 0 0 0 1 0 0 0 0 0 0 0 0 0 0
0 0 0 0 0 0 0 0 1 0 0 0 1 0 0 0 1 0 0 0 1 0 0 0 0 0 1 0 0 0 0 0 0 0 0
0 0 0 0 0 1 0 0 1 0 0 0 0 0 0 0 1 0 0 0 1 0 0 1 0 0 1 0 0 0 0 0 0 0 0
0 0 0 0 0 0 1 0 1 0 1 0 1 0 0 0 0 1 0 1 0 0 1 0 0 1 0 1 0 0 0 0 0 0 0
0 0 0 0 0 0 0 0 0 1 0 0 0 0 0 1 0 0 0 0 0 0 0 0 0 0 0 0 0 0 0 0 0 0 0
0 0 0 0 1 0 0 0 1 0 0 0 1 0 0 0 1 0 0 0 1 0 0 0 0 0 1 0 0 0 0 0 0 0 0
0 0 0 0 1 0 0 0 0 0 0 0 0 0 0 0 0 0 0 0 0 0 0 0 0 0 0 0 0 1 0 0 0 0 0
0 0 0 0 0 0 0 0 0 0 0 0 0 0 0 0 1 0 0 0 0 0 0 0 0 0 0 0 0 0 0 0 0 0 0
0 0 0 0 0 0 0 0 0 0 0 0 0 0 1 0 0 1 0 1 0 1 0 1 0 0 0 0 0 0 0 0 0 0 0
0 0 0 0 1 0 0 0 0 0 0 0 0 0 1 0 0 0 0 0 0 0 0 0 1 0 0 0 0 0 0 0 0 0 0
0 0 0 0 1 0 0 0 0 0 0 0 0 0 0 0 0 0 0 0 0 0 0 0 0 0 0 1 0 0 0 0 0 0 0
0 0 0 0 0 0 1 0 0 0 0 0 0 0 0 0 0 0 0 0 0 0 0 0 0 0 0 0 0 1 0 0 0 0 0
0 0 0 0 0 0 0 0 0 0 0 0 1 0 0 0 0 1 0 0 0 0 0 0 0 0 0 0 0 0 0 0 0 0 0
0 0 0 0 0 0 0 0 0 0 0 0 0 0 0 0 0 0 0 0 0 0 0 0 0 0 0 0 0 0 0 0 0 0 0
0 0 0 0 1 0 0 0 0 0 0 0 0 0 0 0 0 0 0 0 0 0 0 0 0 0 0 0 0 0 0 0 0 0 0
0 0 0 0 0 0 0 1 0 0 0 0 0 0 0 0 0 0 0 0 0 0 0 1 0 0 0 0 0 0 0 0 0 0 0
0 0 0 0 0 0 1 0 0 0 0 0 0 0 0 0 0 0 0 0 0 0 0 0 0 0 0 0 0 1 0 0 0 0 0
0 0 0 0 0 0 1 0 1 0 1 0 0 1 0 1 0 1 0 1 0 1 0 1 0 0 0 1 0 0 0 0 0 0 0
0 0 0 0 1 0 0 0 0 0 0 0 0 0 0 0 0 0 0 0 0 0 0 0 0 0 0 0 0 0 0 0 0 0 0
0 0 0 0 0 0 1 0 0 0 1 0 0 0 1 0 0 0 1 0 0 0 1 0 0 0 0 1 0 0 0 0 0 0 0
0 0 0 0 0 0 0 0 0 0 0 0 0 0 0 0 0 0 0 0 0 0 0 0 0 0 0 0 0 0 0 0 0 0 0
0 0 0 0 0 0 1 0 0 0 0 0 0 0 0 0 0 0 0 0 0 0 0 0 0 0 0 0 0 1 0 0 0 0 0
0 0 0 0 0 0 0 0 0 0 0 0 0 1 0 0 0 0 0 0 0 0 1 0 0 0 0 0 0 0 0 0 0 0 0
0 0 0 0 0 0 0 0 0 0 1 0 0 0 0 0 0 0 0 0 0 0 0 0 0 1 0 0 0 0 0 0 0 0 0
0 0 0 0 1 0 0 0 0 0 0 0 1 0 0 0 0 0 0 1 0 0 0 0 0 0 0 1 0 0 0 0 0 0 0
0 0 0 0 0 0 0 0 0 0 0 0 1 0 0 0 1 0 0 0 1 0 0 0 0 1 0 0 0 1 0 0 0 0 0
0 0 0 0 0 0 0 0 0 0 1 0 0 0 0 0 0 0 0 0 0 0 0 0 0 0 0 0 0 0 0 0 0 0 0
0 0 0 0 0 0 0 0 0 0 0 0 0 0 0 0 0 0 0 0 0 0 0 0 0 0 0 0 0 0 0 0 0 0 0
0 0 0 0 1 1 1 1 1 1 1 1 1 1 1 1 1 1 1 1 1 1 1 1 1 0 1 1 1 1 0 0 0 0 0
0 0 0 0 1 1 1 1 1 1 1 1 1 1 1 1 1 1 1 1 1 1 1 1 0 1 1 1 1 1 0 0 0 0 0
0 0 0 0 1 1 1 1 1 0 0 1 1 1 1 1 1 1 1 1 1 1 1 1 0 0 1 1 1 1 0 0 0 0 0
0 0 0 0 1 0 0 0 1 0 0 0 0 0 1 1 1 0 1 1 1 1 1 0 0 0 1 1 0 0 0 0 0 0 0
0 0 0 0 1 1 1 1 1 1 1 0 1 1 1 1 1 1 1 1 1 1 1 1 0 1 1 1 0 1 0 0 0 0 0
0 0 0 0 0 1 0 0 0 0 0 0 1 1 1 1 1 1 0 1 1 1 1 0 0 0 1 1 1 0 0 0 0 0 0
0 0 0 0 0 0 0 0 0 0 0 0 0 0 0 0 0 0 0 0 0 0 0 0 0 0 0 0 0 0 0 0 0 0 0
0 0 0 0 0 0 0 0 0 0 0 0 0 0 0 0 0 0 0 0 0 0 0 0 0 0 0 0 0 0 0 0 0 0 0

y
0.0 0.0 0.0 0.0 0.0 1.0 0.0 0.0 0.0 0.2142857142857142 0.0 0.0 18.0 0.0 0.0 0.0 3.5 0.0 0.0 0.0 0.0 0.0 0.0 2.75 2.5 0.0 0.0 0.0 0.0 0.0 0.0 0.0 0.5098039215686274 0.0 0.0 0.0 0.0

k
0 4 2 0 0 4 0 0 0 10 0 0 4 4 4 0 1 0 3 0 0 3 0 3 1 0 0 0 11 1 1 4 40 3 12 26 3

f
0.0 8.75 0.0 0.0 0.0 8.75 0.0 0.0 0.0 0.0 0.0 0.0 0.0 0.0 0.0 0.0 0.0 0.0 0.0 0.0 8.75 5.25 0.0 0.0 0.0 8.75 8.75 0.0 0.0 0.0 0.0 0.0 0.0 0.0 0.0
0.0 0.0 0.0 0.0 0.0 0.0 0.0 0.0 0.0 0.0 0.0 0.0 0.0 5.5 0.0 0.0 3.5 3.5 0.0 0.0 0.0 0.0 0.0 0.0 0.0 0.0 0.0 0.0 0.0 0.0 0.0 0.0 0.0 0.0 0.0
0.0 0.0 0.0 0.0 0.0 0.0 0.0 0.0 0.0 0.0 0.0 0.0 0.0 0.0 0.0 0.0 0.0 0.0 0.0 0.0 0.0 0.0 0.0 0.0 0.0 0.0 0.0 0.0 0.0 0.0 0.0 0.0 0.0 0.0 0.0
0.0 0.75 0.0 8.75 0.0 0.0 1.25 2.25 3.25 9.75 1.25 0.75 0.0 3.75 0.0 0.0 0.0 0.0 2.75 0.75 0.0 10.75 0.25 1.25 0.0 2.25 0.0 0.0 0.0 0.0 0.0 0.0 0.0 0.0 0.0

L
3 5 4 3 2 6 4 25 0 2 10 23 23 5 0 0 16 23 2 0 4 0 23 9 15 7 4 0 0 1 1 1 1 1 1 0 0

g
0 0 0 0 0 0 0 0 0 0 0 0 0 0 0 0 0 0 0 0 0 0 0 0 0 0 0 0 0 0 0 0 0 0 0
0 0 0 0 0 0 0 0 0 0 0 0 0 0 0 0 0 0 0 0 0 0 0 0 0 0 0 0 0 0 0 0 0 0 0
0 0 0 0 0 0 0 0 0 0 0 0 0 0 0 0 0 0 0 0 0 0 0 0 0 0 0 0 0 0 0 0 0 0 0
0 0 0 0 0 0 0 0 0 0 0 0 0 0 0 0 0 0 0 0 0 0 0 0 0 0 0 0 0 0 0 0 0 0 0
0 0 0 0 0 0 0 0 0 0 0 0 0 0 0 0 0 0 0 0 0 0 0 0 0 0 0 0 0 0 0 0 0 0 0
0 0 0 0 0 0 0 0 0 0 0 0 0 0 0 0 0 0 0 0 0 0 0 0 0 0 0 0 0 0 0 0 0 0 0
0 0 0 0 0 0 0 0 0 0 0 0 0 0 0 0 0 0 0 0 0 0 0 0 0 0 0 0 0 0 0 0 0 0 0
0 0 0 0 0 0 0 0 0 0 0 0 0 0 0 0 0 0 0 0 0 0 0 0 0 0 0 0 0 0 0 0 0 0 0
0 0 0 0 0 0 0 0 0 0 0 0 0 0 0 0 0 0 0 0 0 0 0 0 0 0 0 0 0 0 0 0 0 0 0
0 0 0 0 0 0 0 0 0 0 0 0 0 0 0 0 0 0 0 0 0 0 0 0 0 0 0 0 0 0 0 0 0 0 0
0 0 0 0 0 0 0 0 0 0 0 0 0 0 0 0 0 0 0 0 0 0 0 0 0 0 0 0 0 0 0 0 0 0 0
0 0 0 0 0 0 0 0 0 0 0 0 0 0 0 0 0 0 0 0 0 0 0 0 0 0 0 0 0 0 0 0 0 0 0
0 0 0 0 0 0 0 0 0 0 0 0 0 0 0 0 0 0 0 0 0 0 0 0 0 0 0 0 0 0 0 0 0 0 0
0 0 0 0 0 0 0 0 0 0 0 0 0 0 0 0 0 0 0 0 0 0 0 0 0 0 0 0 0 0 0 0 0 0 0
0 0 0 0 0 0 0 0 0 0 0 0 0 0 0 0 0 0 0 0 0 0 0 0 0 0 0 0 0 0 0 0 0 0 0
0 0 0 0 0 0 0 0 0 0 0 0 0 0 0 0 0 0 0 0 0 0 0 0 0 0 0 0 0 0 0 0 0 0 0
0 0 0 0 0 0 0 0 0 0 0 0 0 0 0 0 0 0 0 0 0 0 0 0 0 0 0 0 0 0 0 0 0 0 0
0 0 0 0 0 0 0 0 0 0 0 0 0 0 0 0 0 0 0 0 0 0 0 0 0 0 0 0 0 0 0 0 0 0 0
0 0 0 0 0 0 0 0 0 0 0 0 0 0 0 0 0 0 0 0 0 0 0 0 0 0 0 0 0 0 0 0 0 0 0
0 0 0 0 0 0 0 0 0 0 0 0 0 0 0 0 0 0 0 0 0 0 0 0 0 0 0 0 0 0 0 0 0 0 0
0 0 0 0 0 0 0 0 0 0 0 0 0 0 0 0 0 0 0 0 0 0 0 0 0 0 0 0 0 0 0 0 0 0 0
0 0 0 0 0 0 0 0 0 0 0 0 0 0 0 0 0 0 0 0 0 0 0 0 0 0 0 0 0 0 0 0 0 0 0
0 0 0 0 0 0 0 0 0 0 0 0 0 0 0 0 0 0 0 0 0 0 0 0 0 0 0 0 0 0 0 0 0 0 0
0 0 0 0 0 0 0 0 0 0 0 0 0 0 0 0 0 0 0 0 0 0 0 0 0 0 0 0 0 0 0 0 0 0 0
0 0 0 0 0 0 0 0 0 0 0 0 0 0 0 0 0 0 0 0 0 0 0 0 0 0 0 0 0 0 0 0 0 0 0
0 0 0 0 0 0 0 0 0 0 0 0 0 0 0 0 0 0 0 0 0 0 0 0 0 0 0 0 0 0 0 0 0 0 0
0 0 0 0 0 0 0 0 0 0 0 0 0 0 0 0 0 0 0 0 0 0 0 0 0 0 0 0 0 0 0 0 0 0 0
0 0 0 0 0 0 0 0 0 0 0 0 0 0 0 0 0 0 0 0 0 0 0 0 0 0 0 0 0 0 0 0 0 0 0
0 0 0 0 0 0 0 0 0 0 0 0 0 0 0 0 0 0 0 0 0 0 0 0 0 0 0 0 0 0 0 0 0 0 0
0 0 0 0 0 0 0 0 0 0 0 0 0 0 0 0 0 0 0 0 0 0 0 0 0 0 0 0 0 0 0 0 0 0 0
0 0 0 0 0 0 0 0 0 0 0 0 0 0 0 0 0 0 0 0 0 0 0 0 0 0 0 0 0 0 0 0 0 0 0
0 0 0 0 0 0 0 0 0 0 0 0 0 0 0 0 0 0 0 0 0 0 0 0 0 0 0 0 0 0 0 0 0 0 0
0 0 0 0 0 0 0 0 0 0 0 0 0 0 0 0 0 0 0 0 0 0 0 0 0 0 0 0 0 0 0 0 0 0 0
0 0 0 0 0 0 0 0 0 0 0 0 0 0 0 0 0 0 0 0 0 0 0 0 0 0 0 0 0 0 0 0 0 0 0
0 0 0 0 0 0 0 0 0 0 0 0 0 0 0 0 0 0 0 0 0 0 0 0 0 0 0 0 0 0 0 0 0 0 0
0 0 0 0 0 0 0 0 0 0 0 0 0 0 0 0 0 0 0 0 0 0 0 0 0 0 0 0 0 0 0 0 0 0 0
0 0 0 0 0 0 0 0 0 0 0 0 0 0 0 0 0 0 0 0 0 0 0 0 0 0 0 0 0 0 0 0 0 0 0

I cap
1058.909090909091 1058.909090909091 1007.249090909093 967.5590909090978 953.6060000000188 872.7080000000508 952.9940000000462 1161.2160000000576 536.8700000000191 709.5420000000208 597.7080000000332 683.826000000035 357.66000000005397 664.8420000000347 643.3200000000253 761.225090909126 431.3030909091284 635.2970909091264 652.2170909091224 505.8590909091181 312.5570909091221 555.0890909091148 670.8290909091156 629.6810909091082 682.8890909091007 691.7090909091015 492.3770909090956 469.319090909097 669.3530909090919 634.1450909090919 848.075090909094 937.4990909090956 1027.409090909091 1058.909090909091 672.0
107.96969696969697 107.96969696969697 74.6696969696969 73.85969696969687 6.5140000000007845 23.291999999994857 24.405999999996986 58.48399999999788 66.53000000000033 111.95799999999957 106.09199999999925 106.27399999999949 76.539999999999 75.1579999999982 48.07999999999889 36.6536969696962 11.975696969695239 55.48169696969529 56.56169696969579 63.41969696969578 36.22169696969579 61.88969696969536 64.04969696969562 62.8976969696953 49.28969696969598 71.06969696969618 45.40169696969579 7.2596969696934925 34.92569696969307 9.833696969695616 43.40369696969509 52.97969696969316 76.46969696969697 107.96969696969697 84.0
38.96666666666666 38.96666666666666 16.52666666666666 16.526666666666667 29.579999999999995 30.592500000000285 10.392500000000314 7.592500000000204 2.692500000000032 32.90000000000009 4.99999999999999 9.899999999999999 5.0 30.099999999999962 11.99999999999999 13.166666666666643 19.466666666666715 26.366666666666628 19.46666666666663 13.166666666666607 19.466666666666644 26.366666666666642 19.46666666666663 13.166666666666647 19.46666666666663 32.66666666666664 38.96666666666671 19.466666666666658 8.059166666667014 8.059166666667073 27.559166666666833 27.559166666666812 38.96666666666666 38.96666666666666 23.8
45.24545454545453 45.24545454545453 43.92245454545453 38.56745454545458 21.80400000000011 28.286999999999942 30.08700000000004 33.27600000000007 24.486000000000068 26.682999999999556 28.088999999999604 23.91500000000003 18.41999999999988 17.216 12.318999999999914 26.102454545453988 22.430454545454026 21.872454545454122 21.70145454545397 30.089454545454107 22.81745454545415 24.29345454545369 24.5544545454538 27.272454545453872 34.63445454545372 37.181454545453846 25.220454545454157 24.464454545454213 28.36145454545448 35.12945454545438 40.745454545454535 41.429454545454504 44.048454545454526 45.24545454545453 42.0
20.999999999999993 20.999999999999993 20.432999999999993 20.11799999999999 10.047000000000603 14.610999999999983 11.781999999999982 13.667999999999946 6.7459999999999845 6.953000000000041 11.70400000000014 14.053000000000104 10.941000000000141 13.068000000000147 7.826000000000002 9.435000000000029 6.312000000000069 7.149000000000027 7.653000000000146 10.938000000000079 6.15900000000005 7.914000000000095 8.256000000000048 8.84100000000004 13.68300000000011 14.844000000000108 10.020000000000195 7.643999999999976 8.60700000000001 11.235000000000234 14.844000000000051 17.732999999999993 20.48699999999999 20.999999999999993 21.0
345.75757575757575 345.75757575757575 345.75757575757575 280.11051693404636 163.17647058823528 182.30999999999753 214.5039999999948 186.39399999999648 192.22105882352108 248.98352941175875 257.5379411764694 241.79747058823324 239.5379999999888 229.60199999998648 192.6249999999933 238.39657575756252 244.55257575756335 215.89657575756138 206.43757575756342 238.0905757575637 211.37857575756564 212.09857575756556 209.27257575756423 237.1286345810954 223.39410516932824 260.5355169340387 253.67804634580364 238.16257575757083 262.3365757575713 278.70863458110495 286.34010516934023 315.2025757575758 345.75757575757575 345.75757575757575 245.0
779.7575757575758 779.7575757575758 764.4485757575758 662.6135757575757 534.4350000000017 680.59 805.0480000000002 706.177 711.4269999999999 746.2090000000001 755.0990000000002 818.057 771.316 704.4550000000003 640.8560000000001 560.4095757575803 534.8495757575797 547.386575757579 487.01457575757837 603.7895757575789 510.80157575757903 522.3575757575783 615.9485757575803 665.979575757579 691.0175757575785 628.7825757575774 498.81357575757727 567.123575757578 682.629575757576 694.5365757575759 694.9595757575757 715.5155757575758 765.9065757575758 779.7575757575758 630.0
80.73333333333335 80.73333333333335 79.97733333333335 79.34733333333335 61.034999999999805 78.42000000000002 73.17300000000002 80.78900000000002 76.455 79.06900000000002 72.05700000000003 84.03700000000002 90.20800000000003 87.73800000000001 78.71700000000001 66.21633333333334 63.714333333333265 65.42433333333335 66.27933333333335 70.95933333333338 67.44933333333334 68.6913333333334 68.88033333333337 69.52833333333338 74.67933333333336 75.4203333333333 68.61033333333337 66.15333333333336 71.26833333333336 73.26033333333336 76.47033333333336 79.97733333333335 80.04933333333335 80.73333333333335 48.300000000000004
10.775757575757575 10.775757575757575 9.830757575757575 4.790757575757575 0.8850000000000022 1.2499999999999922 2.7999999999999723 4.4379999999999775 0.24200000000001154 3.3490000000000055 9.8 10.500000000000004 5.459999999999999 0.08000000000000362 1.48 5.37575757575758 3.2157575757575803 1.0557575757575712 2.8017575757575854 7.2207575757575615 2.756757575757573 0.5967575757575769 1.055757575757584 3.314757575757589 0.5427575757576069 2.405757575757603 3.1167575757575734 0.11075757575753853 4.430757575757566 4.880757575757588 5.510757575757575 5.510757575757575 9.920757575757575 10.775757575757575 8.4
2.545454545454545 2.545454545454545 2.545454545454545 2.545454545454545 1.9089999999999998 0.7519999999999999 0.5859999999999791 0.18299999999999939 1.0449999999999338 0.7769999999999996 1.6659999999999746 0.07699999999999985 0.07699999999999985 0.9659999999999994 0.7769999999999995 0.9794545454545334 0.11545454545453437 0.6554545454545228 0.007454545454532169 0.5474545454545424 0.9524545454545371 0.7634545454545336 1.2224545454545201 0.2774545454545294 0.547454545454529 0.7634545454545444 0.9524545454545313 0.3314545454545581 1.1414545454545442 0.33145454545454145 0.6284545454545457 1.5464545454545449 2.545454545454545 2.545454545454545 2.8000000000000003
8.515433299825174 8.515433299825174 8.515433299825174 7.87840970635875 5.576260419540251 5.902773793103454 5.322386293103529 7.3231698275860335 7.721779310344684 7.049960948275635 8.795637603447918 8.317100017241023 6.996383310344562 5.581395362069058 5.560366137931121 5.601782931034567 5.361106741379397 5.336027603448383 4.738578637931107 4.068618534482866 3.57372221159882 4.688298810344921 5.701741568965614 5.576268103448396 4.796485777374576 5.1978879754992136 3.165213465517306 6.179961913792758 6.709067068965268 6.840558610707314 9.226434155172411 9.5916145 7.811086206896552 8.024766408045977 11.315375057471266
700.0 700.0 699.1 696.4000000000001 689.2000000000002 690.1000000000003 682.0000000000003 687.4000000000001 681.1000000000003 687.4000000000003 685.6000000000003 684.7000000000002 677.5000000000003 684.7000000000002 680.2000000000002 689.2000000000002 686.5000000000003 682.9000000000002 687.4000000000002 682.9000000000003 681.1000000000004 686.5000000000003 686.5000000000001 682.9000000000002 684.7000000000002 685.6000000000003 683.8000000000003 682.9000000000003 688.3000000000003 681.1000000000004 691.0000000000001 692.8000000000001 699.1 700.0 695.5

H cap
1.75 -8.75 19.25 19.25 15.75 -8.75 19.25 1.75 29.75 61.25 26.25 1.75 1.75 15.75 36.75 1.75 15.75 8.75 26.25 57.75 -8.75 -5.25 61.25 5.25 36.75 -8.75 -8.75 131.25 131.25 131.25 131.25 131.25 131.25 131.25 131.25
23.5 6.0 16.0 16.5 6.5 12.5 30.5 27.5 9.0 8.0 7.5 2.5 1.5 -5.5 5.5 4.5 -3.5 -3.5 4.5 8.0 15.0 28.5 16.5 0.5 13.5 15.5 27.5 52.5 52.5 52.5 52.5 52.5 52.5 52.5 52.5
45.5 42.0 42.0 42.0 42.0 45.5 56.0 52.5 45.5 42.0 45.5 49.0 45.5 38.5 49.0 42.0 35.0 42.0 45.5 42.0 38.5 45.5 49.0 42.0 49.0 45.5 45.5 63.0 63.0 63.0 63.0 63.0 63.0 63.0 63.0
11.75 -0.75 3.25 -8.75 2.25 0.75 -1.25 -2.25 -3.25 -9.75 -1.25 -0.75 5.25 -3.75 3.75 7.75 6.25 0.75 -2.75 -0.75 0.75 -10.75 -0.25 -1.25 18.75 -2.25 3.75 78.75 78.75 78.75 78.75 78.75 78.75 78.75 78.75

Gap
NaN

Time
NaN

