T P M C
35 37 4 12

base obj
11.333150183150181

exp obj
11.549862637362637

Objective struct
11.333150183150181 0.0 12.2

num campaigns
221

x
0 0 0 0 0 0 1 0 0 1 0 0 1 0 0 0 0 0 1 0 0 1 0 0 0 1 0 0 0 1 0 0 0 0 0
0 0 0 0 0 0 0 0 0 0 0 0 0 0 1 0 0 0 0 1 0 0 0 0 1 0 0 0 0 0 0 0 0 0 0
0 0 0 0 0 0 0 0 1 0 0 0 0 1 0 0 0 0 1 0 0 0 0 0 1 0 0 0 1 0 0 0 0 0 0
0 0 0 0 0 0 0 1 0 0 0 1 0 0 1 0 0 1 0 0 0 1 0 0 1 0 0 0 0 0 0 0 0 0 0
0 0 0 0 0 0 1 0 1 0 1 0 1 0 1 0 1 0 1 0 0 0 1 0 0 0 1 0 0 0 0 0 0 0 0
0 0 0 0 0 0 0 0 0 0 0 0 0 0 1 0 0 0 0 0 0 0 0 1 0 0 0 0 0 0 0 0 0 0 0
0 0 0 0 0 0 1 0 1 0 1 0 1 0 1 0 0 0 0 0 0 0 0 0 1 0 0 0 0 0 0 0 0 0 0
0 0 0 0 1 0 0 0 0 0 0 0 0 0 0 0 0 0 0 0 0 0 0 0 0 0 0 0 0 1 0 0 0 0 0
0 0 0 0 1 0 0 0 0 0 0 0 0 0 0 0 0 0 0 0 0 0 0 0 0 0 0 0 0 0 0 0 0 0 0
0 0 0 0 0 0 0 0 0 0 0 0 0 1 0 0 0 0 0 1 0 0 0 1 0 0 0 0 0 0 0 0 0 0 0
0 0 0 0 0 1 0 0 0 0 0 0 0 0 0 0 0 1 0 0 0 0 0 0 0 0 0 0 0 1 0 0 0 0 0
0 0 0 0 0 0 1 0 0 0 0 0 0 0 0 0 0 0 0 0 0 0 0 0 0 0 1 0 0 0 0 0 0 0 0
0 0 0 0 0 0 0 0 0 0 0 0 0 0 0 1 0 0 0 0 0 0 0 0 0 0 0 0 0 1 0 0 0 0 0
0 0 0 0 0 0 0 0 0 0 0 0 0 0 0 0 1 0 0 0 0 0 0 0 0 0 0 0 0 1 0 0 0 0 0
0 0 0 0 0 0 0 0 0 0 0 0 0 0 0 0 0 0 0 0 0 0 0 0 0 0 0 0 0 0 0 0 0 0 0
0 0 0 0 0 0 0 0 0 0 0 0 0 0 0 0 0 0 0 0 0 0 1 0 0 0 0 0 0 0 0 0 0 0 0
0 0 0 0 0 0 0 0 0 0 1 0 0 0 0 0 0 0 0 0 0 0 0 0 0 1 0 0 0 0 0 0 0 0 0
0 0 0 0 1 0 0 0 0 0 0 0 0 0 0 0 0 0 0 0 0 0 0 0 0 0 0 1 0 0 0 0 0 0 0
0 0 0 0 0 0 1 0 1 0 0 0 1 0 0 1 0 1 0 1 0 1 0 1 0 1 0 1 0 1 0 0 0 0 0
0 0 0 0 0 0 0 0 0 0 0 1 0 0 0 0 0 0 0 0 0 0 0 0 0 0 0 0 0 0 0 0 0 0 0
0 0 0 0 0 0 1 0 0 0 0 1 0 0 1 0 0 1 0 0 0 0 0 1 0 0 1 0 0 0 0 0 0 0 0
0 0 0 0 0 0 0 0 0 0 0 0 0 0 0 0 0 0 0 0 0 0 0 0 0 0 0 0 0 0 0 0 0 0 0
0 0 0 0 0 0 0 0 1 0 0 0 0 0 0 0 0 0 0 0 0 0 0 0 0 0 0 1 0 0 0 0 0 0 0
0 0 0 0 0 0 0 0 0 0 1 0 0 0 0 0 1 0 0 0 0 0 0 0 0 0 0 0 0 0 0 0 0 0 0
0 0 0 0 1 0 0 0 0 0 0 0 0 0 0 0 0 0 0 0 1 0 0 0 0 0 0 0 0 0 0 0 0 0 0
0 0 0 0 0 0 1 0 0 0 0 0 1 0 0 0 0 0 1 0 0 0 0 0 0 0 1 0 0 0 0 0 0 0 0
0 0 0 0 0 0 1 0 0 0 0 0 1 0 0 0 0 1 0 0 0 0 1 0 0 0 0 1 0 0 0 0 0 0 0
0 0 0 0 0 0 0 0 0 0 1 0 0 0 0 0 0 0 0 0 0 0 0 0 0 0 0 0 0 0 0 0 0 0 0
0 0 0 0 0 0 0 0 0 0 0 0 0 0 0 0 0 0 0 0 0 0 0 0 0 0 0 0 0 0 0 0 0 0 0
0 0 0 0 1 1 1 1 1 1 1 1 1 1 1 1 1 1 1 1 1 1 1 1 1 1 1 1 1 1 0 0 0 0 0
0 0 0 0 1 1 1 1 1 1 1 1 1 1 1 1 1 1 1 1 1 1 1 1 1 1 1 1 1 1 0 0 0 0 0
0 0 0 0 1 1 1 1 1 1 1 1 1 1 1 1 1 1 1 1 1 1 1 1 1 0 1 1 1 1 0 0 0 0 0
0 0 0 0 0 1 1 1 1 0 1 1 1 1 1 1 0 1 1 1 0 0 0 0 0 1 1 0 0 0 0 0 0 0 0
0 0 0 0 1 1 1 1 1 0 1 1 1 1 1 1 1 1 1 1 1 1 1 1 1 1 1 1 1 0 0 0 0 0 0
0 0 0 0 1 1 0 1 1 0 0 0 0 1 1 1 1 0 1 1 1 0 0 0 1 0 0 0 0 1 0 0 0 0 0
0 0 0 0 0 0 0 0 0 0 0 0 0 0 0 0 0 0 0 0 0 0 0 0 0 0 0 0 0 0 0 0 0 0 0
0 0 0 0 0 0 0 0 0 0 0 0 0 0 0 0 0 0 0 0 0 0 0 0 0 0 0 0 0 0 0 0 0 0 0

y
0.0 0.0 0.0 0.0 0.0 4.0 0.0 0.0 0.0 2.2142857142857144 0.0 0.0 9.0 8.0 0.0 0.0 2.5 0.0 0.0 0.0 0.0 0.0 0.0 0.0 3.5 0.0 0.0 0.0 0.0 0.0 0.0 0.0 0.5098039215686274 0.0 0.0 0.0 0.0

k
0 3 2 0 0 4 0 0 0 12 0 0 4 4 4 0 1 0 2 0 0 3 0 3 1 0 0 0 11 0 0 1 37 2 13 26 3

f
1.75 12.25 1.75 1.75 0.0 0.0 0.0 0.0 1.75 0.0 1.75 0.0 0.0 0.0 1.75 0.0 0.0 0.0 5.25 0.0 1.75 8.75 0.0 0.0 0.0 5.25 0.0 0.0 0.0 0.0 0.0 0.0 0.0 0.0 0.0
0.0 0.0 0.0 0.0 0.0 0.0 0.0 0.0 0.0 0.0 2.5 0.0 0.0 0.0 0.0 1.0 0.0 0.0 0.0 0.0 0.0 0.0 0.0 0.0 0.0 0.0 0.0 0.0 0.0 0.0 0.0 0.0 0.0 0.0 0.0
0.0 0.0 0.0 0.0 0.0 0.0 0.0 0.0 0.0 0.0 0.0 0.0 0.0 0.0 0.0 0.0 0.0 0.0 0.0 0.0 0.0 0.0 0.0 0.0 0.0 0.0 0.0 0.0 0.0 0.0 0.0 0.0 0.0 0.0 0.0
0.0 1.25 0.0 0.0 0.0 6.25 3.75 0.0 0.0 0.0 2.75 0.0 0.0 3.75 0.0 1.75 0.0 3.75 0.0 3.25 0.0 5.25 0.0 2.25 0.0 15.75 0.0 0.0 0.0 0.0 0.0 0.0 0.0 0.0 0.0

L
3 5 4 3 2 9 2 25 0 4 12 20 14 13 0 0 15 23 2 0 3 0 19 6 16 6 5 0 0 1 1 1 1 1 1 0 0

g
0 0 0 0 0 0 0 0 0 0 0 0 0 0 0 0 0 0 0 0 0 0 0 0 0 0 0 0 0 0 0 0 0 0 0
0 0 0 0 0 0 0 0 0 0 0 0 0 0 0 0 0 0 0 0 0 0 0 0 0 0 0 0 0 0 0 0 0 0 0
0 0 0 0 0 0 0 0 0 0 0 0 0 0 0 0 0 0 0 0 0 0 0 0 0 0 0 0 0 0 0 0 0 0 0
0 0 0 0 0 0 0 0 0 0 0 0 0 0 0 0 0 0 0 0 0 0 0 0 0 0 0 0 0 0 0 0 0 0 0
0 0 0 0 0 0 0 0 0 0 0 0 0 0 0 0 0 0 0 0 0 0 0 0 0 0 0 0 0 0 0 0 0 0 0
0 0 0 0 0 0 0 0 0 0 0 0 0 0 0 0 0 0 0 0 0 0 0 0 0 0 0 0 0 0 0 0 0 0 0
0 0 0 0 0 0 0 0 0 0 0 0 0 0 0 0 0 0 0 0 0 0 0 0 0 0 0 0 0 0 0 0 0 0 0
0 0 0 0 0 0 0 0 0 0 0 0 0 0 0 0 0 0 0 0 0 0 0 0 0 0 0 0 0 0 0 0 0 0 0
0 0 0 0 0 0 0 0 0 0 0 0 0 0 0 0 0 0 0 0 0 0 0 0 0 0 0 0 0 0 0 0 0 0 0
0 0 0 0 0 0 0 0 0 0 0 0 0 0 0 0 0 0 0 0 0 0 0 0 0 0 0 0 0 0 0 0 0 0 0
0 0 0 0 0 0 0 0 0 0 0 0 0 0 0 0 0 0 0 0 0 0 0 0 0 0 0 0 0 0 0 0 0 0 0
0 0 0 0 0 0 0 0 0 0 0 0 0 0 0 0 0 0 0 0 0 0 0 0 0 0 0 0 0 0 0 0 0 0 0
0 0 0 0 0 0 0 0 0 0 0 0 0 0 0 0 0 0 0 0 0 0 0 0 0 0 0 0 0 0 0 0 0 0 0
0 0 0 0 0 0 0 0 0 0 0 0 0 0 0 0 0 0 0 0 0 0 0 0 0 0 0 0 0 0 0 0 0 0 0
0 0 0 0 0 0 0 0 0 0 0 0 0 0 0 0 0 0 0 0 0 0 0 0 0 0 0 0 0 0 0 0 0 0 0
0 0 0 0 0 0 0 0 0 0 0 0 0 0 0 0 0 0 0 0 0 0 0 0 0 0 0 0 0 0 0 0 0 0 0
0 0 0 0 0 0 0 0 0 0 0 0 0 0 0 0 0 0 0 0 0 0 0 0 0 0 0 0 0 0 0 0 0 0 0
0 0 0 0 0 0 0 0 0 0 0 0 0 0 0 0 0 0 0 0 0 0 0 0 0 0 0 0 0 0 0 0 0 0 0
0 0 0 0 0 0 0 0 0 0 0 0 0 0 0 0 0 0 0 0 0 0 0 0 0 0 0 0 0 0 0 0 0 0 0
0 0 0 0 0 0 0 0 0 0 0 0 0 0 0 0 0 0 0 0 0 0 0 0 0 0 0 0 0 0 0 0 0 0 0
0 0 0 0 0 0 0 0 0 0 0 0 0 0 0 0 0 0 0 0 0 0 0 0 0 0 0 0 0 0 0 0 0 0 0
0 0 0 0 0 0 0 0 0 0 0 0 0 0 0 0 0 0 0 0 0 0 0 0 0 0 0 0 0 0 0 0 0 0 0
0 0 0 0 0 0 0 0 0 0 0 0 0 0 0 0 0 0 0 0 0 0 0 0 0 0 0 0 0 0 0 0 0 0 0
0 0 0 0 0 0 0 0 0 0 0 0 0 0 0 0 0 0 0 0 0 0 0 0 0 0 0 0 0 0 0 0 0 0 0
0 0 0 0 0 0 0 0 0 0 0 0 0 0 0 0 0 0 0 0 0 0 0 0 0 0 0 0 0 0 0 0 0 0 0
0 0 0 0 0 0 0 0 0 0 0 0 0 0 0 0 0 0 0 0 0 0 0 0 0 0 0 0 0 0 0 0 0 0 0
0 0 0 0 0 0 0 0 0 0 0 0 0 0 0 0 0 0 0 0 0 0 0 0 0 0 0 0 0 0 0 0 0 0 0
0 0 0 0 0 0 0 0 0 0 0 0 0 0 0 0 0 0 0 0 0 0 0 0 0 0 0 0 0 0 0 0 0 0 0
0 0 0 0 0 0 0 0 0 0 0 0 0 0 0 0 0 0 0 0 0 0 0 0 0 0 0 0 0 0 0 0 0 0 0
0 0 0 0 0 0 0 0 0 0 0 0 0 0 0 0 0 0 0 0 0 0 0 0 0 0 0 0 0 0 0 0 0 0 0
0 0 0 0 0 0 0 0 0 0 0 0 0 0 0 0 0 0 0 0 0 0 0 0 0 0 0 0 0 0 0 0 0 0 0
0 0 0 0 0 0 0 0 0 0 0 0 0 0 0 0 0 0 0 0 0 0 0 0 0 0 0 0 0 0 0 0 0 0 0
0 0 0 0 0 0 0 0 0 0 0 0 0 0 0 0 0 0 0 0 0 0 0 0 0 0 0 0 0 0 0 0 0 0 0
0 0 0 0 0 0 0 0 0 0 0 0 0 0 0 0 0 0 0 0 0 0 0 0 0 0 0 0 0 0 0 0 0 0 0
0 0 0 0 0 0 0 0 0 0 0 0 0 0 0 0 0 0 0 0 0 0 0 0 0 0 0 0 0 0 0 0 0 0 0
0 0 0 0 0 0 0 0 0 0 0 0 0 0 0 0 0 0 0 0 0 0 0 0 0 0 0 0 0 0 0 0 0 0 0
0 0 0 0 0 0 0 0 0 0 0 0 0 0 0 0 0 0 0 0 0 0 0 0 0 0 0 0 0 0 0 0 0 0 0

I cap
1058.909090909091 1058.909090909091 1025.6090909090958 1009.9490909091141 1127.3960000000322 1063.4360000000565 789.9500000000526 790.9200000000751 518.1680000000275 818.1900000000182 577.1160000000318 625.3620000000315 453.18600000004454 647.2740000000338 246.20400000003187 723.0110909091134 733.0010909091397 605.1290909091244 576.2030909091214 457.43909090912234 592.8710909091247 655.6190909091091 755.7530909091122 578.381090909108 310.0910909091019 788.6390909090998 605.5970909090972 607.4510909090998 601.2410909090935 744.9530909090914 786.6230909090947 899.6450909091002 953.105090909091 1058.909090909091 672.0
107.96969696969697 107.96969696969697 74.66969696969693 64.2296969696969 57.004000000000744 53.963999999994485 1.1499999999964885 1.2799999999985792 70.83199999999832 117.24999999999994 101.12399999999911 93.45799999999896 84.51399999999839 56.725999999997974 45.59599999999888 74.86769696969587 76.5776969696953 37.94969696969497 63.275696969695915 36.23969696969529 61.90769696969534 83.75969696969604 97.92569696969605 70.99769696969614 41.387696969695675 92.93969696969597 44.68169696969605 36.52769696969378 32.83769696969375 4.325696969696387 11.255696969695258 26.933696969693578 73.37369696969697 107.96969696969697 84.0
38.96666666666666 38.96666666666666 38.96666666666666 27.55916666666667 32.692499999999995 30.5925000000003 10.392500000000316 19.000000000000256 14.100000000000094 10.460000000000075 2.0599999999999925 1.6799999999999962 5.0 16.899999999999984 11.999999999999996 19.466666666666637 19.466666666666658 13.166666666666657 19.466666666666647 13.166666666666629 32.66666666666666 26.36666666666667 32.66666666666663 13.166666666666657 19.466666666666658 13.166666666666636 8.059166666666645 1.7591666666666343 8.059166666666943 14.959166666667027 32.66666666666681 32.66666666666683 38.96666666666666 38.96666666666666 23.8
45.24545454545453 45.24545454545453 43.92245454545453 36.67745454545455 19.69800000000006 29.735999999999795 27.233999999999888 27.029999999999834 23.901000000000014 28.98699999999971 29.051999999999722 22.55600000000005 22.587000000000085 14.929999999999943 6.045999999999892 29.162454545454 32.060454545454164 28.703454545453916 27.848454545453997 24.149454545453814 26.597454545454003 30.206454545454136 32.699454545453904 25.50845454545391 20.441454545453883 28.541454545453817 27.821454545454234 29.918454545454104 25.823454545454336 31.160454545454353 39.70145454545451 43.022454545454494 43.481454545454525 45.24545454545453 42.0
20.999999999999993 20.999999999999993 20.432999999999993 19.847999999999992 10.020000000000543 16.76199999999997 11.340999999999969 10.824000000000083 8.348000000000088 8.105000000000128 12.21700000000012 12.53200000000017 13.929000000000151 12.915000000000198 3.8840000000000447 9.093000000000107 11.50500000000006 9.345000000000024 9.60600000000005 7.9140000000001 8.31900000000012 9.66900000000009 12.018000000000207 9.849000000000006 5.5830000000000215 8.418000000000113 8.436000000000062 10.893000000000049 8.48100000000005 8.580000000000176 12.369000000000055 17.543999999999997 20.29799999999999 20.999999999999993 21.0
345.75757575757575 345.75757575757575 345.75757575757575 316.11051693404636 204.58547058823527 218.40899999999573 235.76199999999338 195.78099999999546 217.28499999999408 233.3049999999926 190.72299999999728 157.46799999999857 211.02599999999222 203.78999999999238 178.85499999999652 249.27757575756561 251.81557575756645 243.12157575756487 237.01057575756454 210.87457575756196 226.76857575756324 220.83757575756516 214.5195757575667 184.0365757575645 210.1016345810938 255.96404634580165 222.50204634580396 221.98057575756837 241.04257575756887 259.74563458110424 297.4101051693394 330.51157575757577 342.16657575757574 345.75757575757575 245.0
779.7575757575758 779.7575757575758 764.4485757575758 742.5785757575758 533.0310000000029 608.86 673.936 588.1419999999999 756.49 749.602 635.0300000000003 642.3500000000001 694.375 639.9250000000001 536.7080000000002 607.3625757575786 630.906575757581 538.5035757575789 532.4645757575798 587.8325757575784 692.6915757575791 664.4315757575808 708.8555757575809 613.8785757575779 503.1695757575798 525.3185757575764 560.9135757575783 682.8005757575763 645.0635757575757 635.0375757575757 672.6755757575756 730.7165757575758 752.4875757575758 779.7575757575758 630.0
80.73333333333335 80.73333333333335 79.97733333333335 77.18733333333336 59.68499999999877 79.40100000000002 70.52700000000002 76.46900000000001 75.75300000000001 85.30900000000001 76.24800000000002 80.68600000000002 90.51700000000002 87.684 74.24400000000001 69.35733333333337 71.1663333333334 69.54633333333335 70.60833333333335 68.69133333333333 69.06933333333338 70.23033333333333 72.41733333333336 68.26833333333333 66.00933333333337 68.70933333333336 66.49533333333338 69.33933333333339 67.53033333333337 73.16733333333333 77.41233333333335 79.41033333333336 79.48233333333336 80.73333333333335 48.300000000000004
10.775757575757575 10.775757575757575 9.830757575757575 9.830757575757575 4.3050000000000015 3.454999999999986 3.474999999999995 1.0449999999999768 0.07999999999999652 6.580000000000002 5.993 0.9420000000000037 2.589000000000004 1.466000000000005 0.8049999999999997 4.916757575757567 4.916757575757584 6.09575757575758 2.4417575757575727 0.3807575757575745 4.916757575757579 2.7567575757575797 2.315757575757595 0.5967575757575903 0.06575757575757679 3.989757575757576 0.7587575757575706 1.9197575757575525 5.510757575757552 2.3607575757575905 7.310757575757574 9.830757575757577 9.920757575757575 10.775757575757575 8.4
2.545454545454545 2.545454545454545 2.545454545454545 1.735454545454545 0.9369999999999995 0.07699999999999985 0.5049999999999626 0.12899999999999945 1.0179999999999931 0.7769999999999995 1.4769999999999737 0.2659999999999998 0.07699999999999985 0.20999999999999952 0.8579999999999993 0.5204545454545407 0.16945454545454008 0.9794545454545182 0.6554545454545337 0.5474545454545451 0.9524545454545402 0.7634545454545167 1.7894545454545343 0.2774545454545365 0.7364545454545152 1.330454545454529 0.4394545454545502 0.7634545454545411 0.7634545454545437 0.7904545454545422 0.43945454545454754 0.9794545454545448 1.9784545454545448 2.545454545454545 2.8000000000000003
8.515433299825174 8.515433299825174 8.515433299825174 8.188754533944957 5.2953985057471415 5.353463448275848 4.858420620689721 6.0042041551722205 7.561951568965334 7.313236810344543 7.942189327585903 7.277961931034163 6.613107448275679 5.19346432758632 4.609159241379416 5.431093275862152 5.8592103448276704 5.879131051724175 3.80754415517247 4.146204586206961 4.504756849529836 6.47278172413798 6.787948465517291 5.815233465517363 4.2613585804598735 4.572325517241502 4.639351551724209 7.261513637930692 7.640101396551522 6.534868955534983 7.9074687931034395 8.815752586206898 7.811086206896552 8.024766408045977 11.315375057471266
700.0 700.0 700.0 698.2 691.0000000000001 689.2000000000002 682.0000000000003 689.2000000000003 681.1000000000004 688.3000000000002 682.9000000000001 682.9000000000001 683.8000000000003 688.3000000000003 682.0000000000005 690.1000000000003 687.4000000000001 682.0000000000002 680.2000000000003 682.0000000000003 684.7000000000002 684.7000000000002 687.4000000000002 686.5000000000003 685.6000000000004 687.4000000000002 686.5000000000002 679.3000000000004 681.1000000000003 682.9000000000002 688.3000000000002 690.1000000000001 698.2 700.0 694.5999999999999

H cap
-1.75 -12.25 -1.75 -1.75 43.75 1.75 1.75 22.75 -1.75 8.75 -1.75 8.75 99.75 50.75 -1.75 1.75 64.75 47.25 -5.25 1.75 -1.75 -8.75 26.25 1.75 22.75 -5.25 5.25 131.25 131.25 131.25 131.25 131.25 131.25 131.25 131.25
29.5 9.5 3.5 3.0 7.5 14.0 14.5 11.0 8.0 0.0 -2.5 0.0 7.5 8.0 2.5 -1.0 11.5 18.0 13.0 13.5 8.5 5.5 11.5 18.5 23.0 4.0 18.5 52.5 52.5 52.5 52.5 52.5 52.5 52.5 52.5
52.5 49.0 42.0 42.0 45.5 45.5 49.0 45.5 38.5 38.5 45.5 45.5 49.0 42.0 35.0 38.5 52.5 52.5 42.0 45.5 45.5 42.0 45.5 42.0 45.5 42.0 45.5 63.0 63.0 63.0 63.0 63.0 63.0 63.0 63.0
10.25 -1.25 5.25 2.75 6.75 -6.25 -3.75 0.25 6.75 0.25 -2.75 2.75 1.25 -3.75 0.25 -1.75 1.25 -3.75 3.25 -3.25 1.75 -5.25 1.75 -2.25 8.25 -15.75 1.25 78.75 78.75 78.75 78.75 78.75 78.75 78.75 78.75

Gap
NaN

Time
NaN

