T P M C
35 37 4 12

base obj
11.576007326007325

exp obj
11.542005494505492

Objective struct
11.576007326007325 0.0 11.440000000000001

num campaigns
218

x
0 0 0 0 0 0 1 0 0 0 1 0 0 1 0 0 0 1 0 0 1 0 0 0 1 0 0 0 0 1 0 0 0 0 0
0 0 0 0 0 0 0 0 0 0 0 0 0 0 0 1 0 0 0 0 0 0 1 0 0 0 0 0 0 0 0 0 0 0 0
0 0 0 0 0 0 0 0 0 1 0 0 0 1 0 0 0 0 1 0 0 0 1 0 0 0 0 0 0 0 0 0 0 0 0
0 0 0 0 0 0 1 0 0 1 0 0 1 0 0 1 0 0 1 0 0 0 0 0 0 1 0 0 0 0 0 0 0 0 0
0 0 0 0 0 0 1 0 1 0 1 0 1 0 1 0 1 0 0 0 1 0 1 0 1 0 0 0 0 0 0 0 0 0 0
0 0 0 0 0 0 0 0 0 0 0 0 0 0 1 0 0 0 0 0 0 0 0 1 0 0 0 0 0 0 0 0 0 0 0
0 0 0 0 0 0 1 0 0 0 1 0 0 0 1 0 0 0 1 0 0 0 1 0 0 0 0 0 0 1 0 0 0 0 0
0 0 0 0 1 0 0 0 0 0 0 0 0 0 0 0 0 0 0 0 0 0 0 0 0 0 0 1 0 0 0 0 0 0 0
0 0 0 0 1 0 0 0 0 0 0 0 0 0 0 0 0 0 0 0 0 0 0 0 0 0 0 0 0 0 0 0 0 0 0
0 0 0 0 0 0 0 0 0 0 0 0 1 0 0 1 0 0 0 0 0 0 0 0 0 0 0 0 0 0 0 0 0 0 0
0 0 0 0 0 0 0 1 0 0 0 0 0 0 0 0 0 0 1 0 0 0 0 0 0 0 0 0 0 1 0 0 0 0 0
0 0 0 0 0 0 1 0 0 0 0 0 0 0 0 0 0 0 0 0 0 0 0 0 0 0 1 0 0 0 0 0 0 0 0
0 0 0 0 0 0 0 0 0 0 0 0 0 0 0 0 0 0 1 0 0 0 0 0 0 0 0 0 1 0 0 0 0 0 0
0 0 0 0 0 0 1 0 0 0 0 1 0 0 0 0 0 0 0 1 0 0 0 0 0 0 0 0 0 1 0 0 0 0 0
0 0 0 0 0 0 0 0 0 0 0 0 0 0 0 0 0 0 0 0 0 0 0 0 0 0 0 0 0 0 0 0 0 0 0
0 0 0 0 0 0 0 0 1 0 0 0 0 0 0 0 0 0 0 0 0 0 0 0 0 0 0 0 0 0 0 0 0 0 0
0 0 0 0 0 0 0 0 0 0 1 0 0 0 0 0 0 0 0 0 0 0 0 1 0 0 0 0 0 0 0 0 0 0 0
0 0 0 0 1 0 0 0 0 0 0 0 0 0 0 0 0 0 0 0 0 0 0 0 0 0 0 0 0 1 0 0 0 0 0
0 0 0 0 0 0 1 0 1 0 0 1 0 1 0 1 0 1 0 1 0 1 0 1 0 0 1 0 1 0 0 0 0 0 0
0 0 0 0 0 0 0 0 0 0 0 0 0 0 0 0 0 0 0 0 0 0 0 0 0 1 0 0 0 0 0 0 0 0 0
0 0 0 0 0 0 1 0 0 0 1 0 0 0 0 1 0 0 0 0 1 0 0 0 0 1 0 0 0 1 0 0 0 0 0
0 0 0 0 0 0 0 0 0 0 0 0 0 0 0 0 0 0 0 0 0 0 0 0 0 0 0 0 0 0 0 0 0 0 0
0 0 0 0 0 0 0 0 1 0 0 0 0 0 0 0 0 0 0 0 0 0 0 0 0 0 0 1 0 0 0 0 0 0 0
0 0 0 0 0 0 0 0 0 0 0 0 0 0 0 0 1 0 0 0 0 0 0 0 0 1 0 0 0 0 0 0 0 0 0
0 0 0 0 1 0 0 0 0 0 0 0 0 0 0 0 0 0 0 0 0 1 0 0 0 0 0 0 0 0 0 0 0 0 0
0 0 0 0 0 1 0 0 0 0 0 1 0 0 0 0 0 1 0 0 0 0 0 0 0 1 0 0 0 0 0 0 0 0 0
0 0 0 0 1 0 0 0 0 0 0 0 1 0 0 0 0 0 0 1 0 0 0 0 0 0 1 0 0 0 0 0 0 0 0
0 0 0 0 0 0 0 0 0 0 0 0 0 0 0 0 1 0 0 0 0 0 0 0 0 0 0 0 0 0 0 0 0 0 0
0 0 0 0 0 0 0 0 0 0 0 0 0 0 0 0 0 0 0 0 0 0 0 0 0 0 0 0 0 0 0 0 0 0 0
0 0 0 0 1 0 1 1 1 1 1 1 1 1 1 1 1 1 1 1 1 1 1 1 1 1 1 1 1 1 0 0 0 0 0
0 0 0 0 0 0 1 1 1 1 1 1 1 1 1 1 1 1 1 1 1 1 1 1 1 1 1 1 1 1 0 0 0 0 0
0 0 0 0 1 0 1 1 1 1 1 1 1 1 1 1 1 1 1 1 1 1 1 1 1 1 1 1 1 1 0 0 0 0 0
0 0 0 0 1 0 0 0 0 0 0 0 1 1 1 1 1 1 1 1 1 0 0 0 0 0 0 1 1 1 0 0 0 0 0
0 0 0 0 1 0 1 1 1 1 1 1 1 1 1 1 1 1 1 1 1 1 1 1 1 1 1 1 1 1 0 0 0 0 0
0 0 0 0 1 0 1 0 1 0 0 0 0 1 1 1 1 1 1 1 1 0 1 0 0 1 1 0 1 1 0 0 0 0 0
0 0 0 0 0 0 0 0 0 0 0 0 0 0 0 0 0 0 0 0 0 0 0 0 0 0 0 0 0 0 0 0 0 0 0
0 0 0 0 0 0 0 0 0 0 0 0 0 0 0 0 0 0 0 0 0 0 0 0 0 0 0 0 0 0 0 0 0 0 0

y
0.0 2.0 0.0 0.0 0.0 4.0 0.0 0.0 0.0 1.2142857142857142 0.0 0.0 5.0 0.0 0.0 0.0 0.5 0.0 0.0 0.0 0.0 0.0 0.0 2.75 4.5 0.0 0.75 0.0 0.0 0.0 0.0 0.0 0.5098039215686274 0.0 0.0 0.0 0.0

k
0 4 3 0 0 4 0 0 0 13 0 0 4 2 4 0 1 0 2 0 0 3 0 3 1 0 1 0 11 1 2 1 39 1 10 26 3

f
19.25 19.25 0.0 0.0 0.0 0.0 0.0 0.0 0.0 0.0 0.0 1.75 1.75 0.0 0.0 0.0 0.0 0.0 0.0 0.0 0.0 0.0 0.0 0.0 0.0 0.0 0.0 0.0 0.0 0.0 0.0 0.0 0.0 0.0 0.0
0.0 0.0 0.0 0.0 0.0 0.0 0.0 0.0 0.0 0.5 0.0 0.0 0.0 0.0 2.5 5.5 0.0 0.0 0.0 0.0 0.0 0.0 0.0 0.0 0.0 2.5 0.0 0.0 0.0 0.0 0.0 0.0 0.0 0.0 0.0
0.0 0.0 0.0 0.0 0.0 0.0 0.0 0.0 0.0 0.0 0.0 0.0 0.0 0.0 0.0 0.0 0.0 0.0 0.0 0.0 0.0 0.0 0.0 0.0 0.0 0.0 0.0 0.0 0.0 0.0 0.0 0.0 0.0 0.0 0.0
0.0 2.75 0.0 3.75 0.0 10.25 0.0 7.75 0.0 0.0 0.25 0.0 0.0 0.0 0.75 2.25 0.0 5.75 0.75 1.75 0.75 3.25 0.75 0.75 0.0 7.75 0.0 0.0 0.0 0.0 0.0 0.0 0.0 0.0 0.0

L
3 7 4 3 2 9 4 23 0 3 11 20 10 5 0 0 13 25 2 0 4 0 19 9 17 6 7 0 0 1 1 1 1 1 1 0 0

g
0 0 0 0 0 0 0 0 0 0 0 0 0 0 0 0 0 0 0 0 0 0 0 0 0 0 0 0 0 0 0 0 0 0 0
0 0 0 0 0 0 0 0 0 0 0 0 0 0 0 0 0 0 0 0 0 0 0 0 0 0 0 0 0 0 0 0 0 0 0
0 0 0 0 0 0 0 0 0 0 0 0 0 0 0 0 0 0 0 0 0 0 0 0 0 0 0 0 0 0 0 0 0 0 0
0 0 0 0 0 0 0 0 0 0 0 0 0 0 0 0 0 0 0 0 0 0 0 0 0 0 0 0 0 0 0 0 0 0 0
0 0 0 0 0 0 0 0 0 0 0 0 0 0 0 0 0 0 0 0 0 0 0 0 0 0 0 0 0 0 0 0 0 0 0
0 0 0 0 0 0 0 0 0 0 0 0 0 0 0 0 0 0 0 0 0 0 0 0 0 0 0 0 0 0 0 0 0 0 0
0 0 0 0 0 0 0 0 0 0 0 0 0 0 0 0 0 0 0 0 0 0 0 0 0 0 0 0 0 0 0 0 0 0 0
0 0 0 0 0 0 0 0 0 0 0 0 0 0 0 0 0 0 0 0 0 0 0 0 0 0 0 0 0 0 0 0 0 0 0
0 0 0 0 0 0 0 0 0 0 0 0 0 0 0 0 0 0 0 0 0 0 0 0 0 0 0 0 0 0 0 0 0 0 0
0 0 0 0 0 0 0 0 0 0 0 0 0 0 0 0 0 0 0 0 0 0 0 0 0 0 0 0 0 0 0 0 0 0 0
0 0 0 0 0 0 0 0 0 0 0 0 0 0 0 0 0 0 0 0 0 0 0 0 0 0 0 0 0 0 0 0 0 0 0
0 0 0 0 0 0 0 0 0 0 0 0 0 0 0 0 0 0 0 0 0 0 0 0 0 0 0 0 0 0 0 0 0 0 0
0 0 0 0 0 0 0 0 0 0 0 0 0 0 0 0 0 0 0 0 0 0 0 0 0 0 0 0 0 0 0 0 0 0 0
0 0 0 0 0 0 0 0 0 0 0 0 0 0 0 0 0 0 0 0 0 0 0 0 0 0 0 0 0 0 0 0 0 0 0
0 0 0 0 0 0 0 0 0 0 0 0 0 0 0 0 0 0 0 0 0 0 0 0 0 0 0 0 0 0 0 0 0 0 0
0 0 0 0 0 0 0 0 0 0 0 0 0 0 0 0 0 0 0 0 0 0 0 0 0 0 0 0 0 0 0 0 0 0 0
0 0 0 0 0 0 0 0 0 0 0 0 0 0 0 0 0 0 0 0 0 0 0 0 0 0 0 0 0 0 0 0 0 0 0
0 0 0 0 0 0 0 0 0 0 0 0 0 0 0 0 0 0 0 0 0 0 0 0 0 0 0 0 0 0 0 0 0 0 0
0 0 0 0 0 0 0 0 0 0 0 0 0 0 0 0 0 0 0 0 0 0 0 0 0 0 0 0 0 0 0 0 0 0 0
0 0 0 0 0 0 0 0 0 0 0 0 0 0 0 0 0 0 0 0 0 0 0 0 0 0 0 0 0 0 0 0 0 0 0
0 0 0 0 0 0 0 0 0 0 0 0 0 0 0 0 0 0 0 0 0 0 0 0 0 0 0 0 0 0 0 0 0 0 0
0 0 0 0 0 0 0 0 0 0 0 0 0 0 0 0 0 0 0 0 0 0 0 0 0 0 0 0 0 0 0 0 0 0 0
0 0 0 0 0 0 0 0 0 0 0 0 0 0 0 0 0 0 0 0 0 0 0 0 0 0 0 0 0 0 0 0 0 0 0
0 0 0 0 0 0 0 0 0 0 0 0 0 0 0 0 0 0 0 0 0 0 0 0 0 0 0 0 0 0 0 0 0 0 0
0 0 0 0 0 0 0 0 0 0 0 0 0 0 0 0 0 0 0 0 0 0 0 0 0 0 0 0 0 0 0 0 0 0 0
0 0 0 0 0 0 0 0 0 0 0 0 0 0 0 0 0 0 0 0 0 0 0 0 0 0 0 0 0 0 0 0 0 0 0
0 0 0 0 0 0 0 0 0 0 0 0 0 0 0 0 0 0 0 0 0 0 0 0 0 0 0 0 0 0 0 0 0 0 0
0 0 0 0 0 0 0 0 0 0 0 0 0 0 0 0 0 0 0 0 0 0 0 0 0 0 0 0 0 0 0 0 0 0 0
0 0 0 0 0 0 0 0 0 0 0 0 0 0 0 0 0 0 0 0 0 0 0 0 0 0 0 0 0 0 0 0 0 0 0
0 0 0 0 0 0 0 0 0 0 0 0 0 0 0 0 0 0 0 0 0 0 0 0 0 0 0 0 0 0 0 0 0 0 0
0 0 0 0 0 0 0 0 0 0 0 0 0 0 0 0 0 0 0 0 0 0 0 0 0 0 0 0 0 0 0 0 0 0 0
0 0 0 0 0 0 0 0 0 0 0 0 0 0 0 0 0 0 0 0 0 0 0 0 0 0 0 0 0 0 0 0 0 0 0
0 0 0 0 0 0 0 0 0 0 0 0 0 0 0 0 0 0 0 0 0 0 0 0 0 0 0 0 0 0 0 0 0 0 0
0 0 0 0 0 0 0 0 0 0 0 0 0 0 0 0 0 0 0 0 0 0 0 0 0 0 0 0 0 0 0 0 0 0 0
0 0 0 0 0 0 0 0 0 0 0 0 0 0 0 0 0 0 0 0 0 0 0 0 0 0 0 0 0 0 0 0 0 0 0
0 0 0 0 0 0 0 0 0 0 0 0 0 0 0 0 0 0 0 0 0 0 0 0 0 0 0 0 0 0 0 0 0 0 0
0 0 0 0 0 0 0 0 0 0 0 0 0 0 0 0 0 0 0 0 0 0 0 0 0 0 0 0 0 0 0 0 0 0 0

I cap
1058.909090909091 1058.909090909091 1025.609090909091 1009.949090909101 1041.8960000000109 898.7360000000239 710.3000000000275 1022.6340000000137 717.0320000000144 700.7400000000107 688.2480000000089 616.7400000000068 438.82200000002445 629.2200000000108 577.332000000007 442.24709090910346 619.9070909091112 648.7970909091001 348.1250909091033 578.4710909090994 658.5890909091023 789.8630909090965 555.8270909091009 613.2830909090969 688.0190909090959 525.6590909090959 629.6990909090931 695.6510909090928 848.7950909090919 776.6690909090911 866.4530909090922 967.5050909090938 984.605090909091 1058.909090909091 672.0
107.96969696969697 107.96969696969697 74.66969696969693 64.22969696969693 52.503999999999586 70.16399999999754 13.299999999999713 22.466000000000037 64.56799999999913 78.45999999999947 106.45200000000001 96.86000000000007 56.57799999999922 50.47999999999915 92.46800000000019 52.33169696969645 69.97169696969627 92.3816969696963 18.653696969696867 32.2076969696965 45.68969696969657 101.6156969696968 89.05169696969676 87.93569696969669 93.29969696969665 45.23969696969667 16.979696969696697 28.42769696969588 28.283696969695995 13.109696969696579 27.72569696969604 79.67369696969632 104.87369696969697 107.96969696969697 84.0
38.96666666666666 38.96666666666666 38.96666666666666 27.55916666666667 32.692499999999995 30.592500000000065 10.392500000000116 19.000000000000085 14.100000000000037 32.90000000000002 11.3 9.899999999999995 5.0 23.79999999999999 25.199999999999992 13.166666666666636 19.466666666666686 13.166666666666657 32.66666666666664 26.36666666666665 19.466666666666658 13.166666666666657 19.466666666666644 3.926666666666642 10.226666666666656 4.946666666666658 19.466666666666672 19.4666666666667 14.959166666666745 8.059166666666782 8.059166666666718 14.359166666666729 38.96666666666666 38.96666666666666 23.8
45.24545454545453 45.24545454545453 43.92245454545453 36.67745454545452 23.97300000000002 32.930999999999955 23.453999999999994 32.45699999999988 29.075999999999983 27.240999999999776 28.853999999999928 22.051999999999893 17.40299999999995 14.30899999999994 11.733999999999964 23.411454545454326 28.4604545454542 32.321454545454245 27.16445454545445 28.091454545454386 27.704454545454187 30.863454545454193 29.936454545454342 27.01145454545429 29.3064545454543 28.604454545454235 28.92845454545432 28.460454545454482 29.07245454545444 37.361454545454514 42.95945454545452 44.678454545454514 44.67845454545453 45.24545454545453 42.0
20.999999999999993 20.999999999999993 20.432999999999993 19.847999999999992 13.035000000000249 22.476999999999993 14.581000000000014 15.873000000000038 10.760000000000062 6.619999999999983 11.793999999999983 12.217000000000091 10.941000000000034 12.455999999999996 7.142000000000038 5.853000000000029 10.155000000000062 11.441999999999993 7.257000000000086 8.868000000000066 9.417000000000005 12.018000000000004 9.479999999999972 7.716000000000059 9.030000000000069 8.715 10.343999999999987 10.731000000000023 11.082000000000079 11.76600000000009 14.835000000000026 18.110999999999997 20.810999999999993 20.999999999999993 21.0
345.75757575757575 345.75757575757575 345.75757575757575 316.11051693404636 224.7825294117647 220.68547058823424 241.54847058823253 188.2119999999985 197.81799999999765 196.49499999999682 172.38100000000003 155.57799999999958 182.8199999999984 199.51499999999498 211.56999999999883 226.71457575757134 233.4015757575705 266.3685757575709 241.1505757575728 233.05957575757267 228.19057575757185 243.6435757575724 256.11757575757264 232.3935757575714 201.32557575757224 227.88457575757334 260.7165757575713 247.6755757575728 239.6115757575733 282.86663458110456 308.1381051693403 342.16657575757574 342.16657575757574 345.75757575757575 245.0
779.7575757575758 779.7575757575758 764.4485757575758 671.7035757575758 534.471000000001 706.24 744.0459999999999 766.8009999999999 847.966 766.126 745.253 688.151 655.486 654.3159999999999 564.6619999999999 494.6195757575775 587.4905757575772 598.7585757575774 514.1225757575762 526.9475757575767 597.9575757575764 704.8955757575767 689.6135757575767 616.7405757575771 640.0955757575779 656.3405757575762 616.1555757575767 561.120575757576 558.600575757576 663.9815757575757 727.7015757575757 766.3385757575758 766.3385757575758 779.7575757575758 630.0
80.73333333333335 80.73333333333335 79.97733333333335 77.18733333333336 60.314999999999465 83.39100000000002 71.84700000000001 78.656 77.56200000000001 80.97700000000002 73.41600000000001 80.30800000000002 88.19500000000002 86.84700000000001 76.83600000000001 66.27933333333333 69.43833333333338 70.97733333333336 68.42133333333335 69.77133333333337 70.04133333333337 72.41733333333336 70.23033333333338 66.89133333333338 69.16833333333336 68.60133333333336 67.73733333333337 69.12333333333338 69.90633333333336 72.29133333333336 76.35333333333335 80.16633333333336 80.16633333333336 80.73333333333335 48.300000000000004
10.775757575757575 10.775757575757575 9.830757575757575 9.830757575757575 2.1449999999999996 2.0150000000000006 0.9549999999999863 0.684999999999997 0.6200000000000006 1.8550000000000009 3.1579999999999995 0.942000000000002 2.5890000000000004 2.5999999999999996 0.3460000000000001 4.700757575757574 4.91675757575757 4.916757575757577 5.375757575757584 3.2157575757575736 1.0557575757575766 2.8017575757575788 7.220757575757576 3.989757575757579 0.7587575757575777 1.1997575757575736 2.2707575757575795 2.720757575757567 2.6307575757575687 4.430757575757578 7.400757575757568 10.775757575757574 10.775757575757575 10.775757575757575 8.4
2.545454545454545 2.545454545454545 2.545454545454545 1.735454545454545 0.9369999999999995 0.07699999999999985 0.5049999999999668 0.6959999999999995 1.0179999999999931 0.9659999999999999 2.0439999999999605 0.07699999999999985 0.2659999999999998 0.7769999999999995 0.20999999999999952 0.7364545454545437 0.9524545454545446 1.3304545454545382 0.22345454545454524 0.061454545454539655 0.22345454545453414 0.6554545454545395 0.7364545454545423 0.9524545454545393 1.3304545454545222 1.7894545454545432 1.0874545454545435 0.7634545454545397 0.331454545454543 0.439454545454544 0.7904545454545453 1.9784545454545448 1.9784545454545448 2.545454545454545 2.8000000000000003
8.515433299825174 8.515433299825174 8.515433299825174 7.87840970635875 5.622077116454929 6.9405776306715055 5.58255855172416 6.624893965517156 8.41539999999995 7.159616120689614 7.639603275861872 7.898651896551541 6.298107603448214 4.577429844827612 5.555710965517257 4.655231206896577 5.238520534482777 5.169993120689683 3.8804751896552 4.161721827586243 4.524929108150505 6.79398846551725 5.918983103448256 5.715923275862096 5.27153114942532 5.074566741379336 4.3962479482759065 7.49427225862057 6.786653120689543 6.61245531760419 8.838503275862069 8.815752586206898 7.811086206896552 7.71442158045977 11.625719885057473
700.0 700.0 700.0 698.2 689.2000000000002 687.4000000000002 679.3000000000003 687.4000000000002 682.9000000000002 685.6000000000003 682.9000000000002 684.7 682.0000000000003 684.7000000000003 688.3000000000003 685.6000000000004 685.6000000000001 685.6000000000003 682.9000000000003 680.2000000000003 687.4000000000002 685.6000000000001 685.6000000000003 681.1000000000001 686.5000000000001 682.9000000000002 685.6000000000003 684.7000000000002 682.0000000000002 682.9000000000002 690.1000000000001 692.8000000000001 700.0 697.3 695.5

H cap
-19.25 -19.25 15.75 5.25 29.75 19.25 15.75 26.25 71.75 8.75 1.75 -1.75 -1.75 12.25 26.25 61.25 29.75 36.75 43.75 8.75 12.25 26.25 50.75 5.25 33.25 1.75 12.25 131.25 131.25 131.25 131.25 131.25 131.25 131.25 131.25
26.5 26.5 19.0 5.0 18.5 15.5 9.5 9.5 8.0 -0.5 3.0 0.0 4.0 9.5 -2.5 -5.5 1.5 15.5 16.0 9.0 14.5 16.0 15.0 12.5 9.5 -2.5 20.5 52.5 52.5 52.5 52.5 52.5 52.5 52.5 52.5
49.0 45.5 45.5 45.5 45.5 42.0 45.5 45.5 42.0 38.5 49.0 45.5 42.0 45.5 38.5 42.0 49.0 52.5 49.0 45.5 49.0 42.0 42.0 49.0 49.0 45.5 52.5 63.0 63.0 63.0 63.0 63.0 63.0 63.0 63.0
1.75 -2.75 0.25 -3.75 3.25 -10.25 3.25 -7.75 12.75 0.75 -0.25 5.75 2.25 2.75 -0.75 -2.25 1.75 -5.75 -0.75 -1.75 -0.75 -3.25 -0.75 -0.75 3.75 -7.75 16.25 78.75 78.75 78.75 78.75 78.75 78.75 78.75 78.75

Gap
NaN

Time
NaN

