T P M C
61 37 4 12

base obj
19.272161172161173

exp obj
23.30738142576378

Objective struct
19.272161172161173 1.5306892453951277 33.88235294117648

num campaigns
113

x
0 0 0 0 0 0 0 1 0 0 1 0 0 0 0 0 1 0 0 0 0 1 0 0 0 0 0 1 0 0 0 1 0 0 1 0 0 0 0 1 0 0 0 0 0 0 0 1 0 0 0 0 2 1 1 0 0 0 0 0 0
0 0 0 0 0 0 0 0 0 0 0 0 0 0 0 0 0 0 0 0 0 0 0 0 0 0 0 0 0 0 0 0 0 0 0 0 0 0 0 0 0 0 0 0 0 0 0 0 0 0 0 0 0 0 0 0 0 0 0 0 0
0 0 0 0 0 0 0 0 0 0 0 0 0 0 0 0 0 0 0 0 0 0 0 0 0 0 0 0 0 0 0 0 0 0 0 0 0 0 0 0 0 0 0 0 0 0 0 0 0 0 0 0 0 0 0 0 0 0 0 0 0
0 0 0 0 0 0 0 0 0 0 1 0 1 2 0 0 0 0 0 0 1 0 0 0 0 0 0 0 0 0 0 0 1 0 1 0 0 0 0 0 0 0 0 0 0 0 0 0 1 0 1 1 0 0 0 1 0 0 0 0 0
0 0 0 0 0 0 0 0 0 0 0 0 0 0 0 0 0 0 0 0 0 0 0 0 0 0 0 0 0 0 0 0 0 0 0 0 0 0 0 0 0 0 0 0 0 0 0 0 0 0 0 0 0 0 0 0 0 0 0 0 0
0 0 0 0 0 0 0 0 0 0 0 0 0 0 0 0 0 0 0 0 0 0 0 0 0 0 0 0 0 0 0 0 0 0 0 0 0 0 0 0 0 0 0 0 0 0 0 0 0 0 0 0 0 0 0 0 0 0 0 0 0
0 0 0 0 0 0 0 0 0 0 0 0 0 1 2 0 2 0 0 0 0 0 0 2 0 0 0 0 0 0 0 0 0 0 0 0 0 0 0 0 0 0 0 0 0 3 0 0 0 0 0 0 0 0 0 1 0 0 0 0 0
0 0 0 0 0 0 0 0 0 1 0 0 0 0 0 0 0 0 0 0 0 0 0 0 0 0 0 0 0 0 2 0 0 0 0 0 0 0 0 0 0 0 0 0 0 0 0 1 0 0 0 0 0 0 0 0 0 0 0 0 0
0 0 0 0 0 0 0 0 0 0 0 0 0 0 0 0 0 0 0 0 0 0 0 0 0 0 0 0 0 1 0 0 0 0 1 0 0 0 0 0 0 0 0 0 0 0 0 0 0 0 0 0 0 0 0 0 0 0 0 0 0
0 0 0 0 0 0 0 0 0 0 0 0 0 0 0 0 0 0 0 0 0 0 0 0 0 0 0 0 0 0 0 0 0 0 0 0 0 0 0 0 0 0 0 0 0 0 0 0 0 0 0 0 0 0 0 0 0 0 0 0 0
0 0 0 0 1 0 0 0 0 1 0 0 0 0 0 1 0 0 0 0 0 0 0 0 0 0 0 0 0 0 0 0 0 0 0 0 0 1 0 1 0 0 0 0 0 0 0 0 0 0 0 0 0 0 0 0 0 0 0 0 0
0 0 0 0 0 0 0 0 0 0 0 0 0 0 0 0 0 0 0 0 0 0 0 1 0 0 1 0 0 0 0 0 0 0 0 0 0 0 0 0 0 0 0 1 0 0 0 1 0 0 0 0 0 0 0 0 0 0 0 0 0
0 0 0 0 0 0 0 0 0 0 0 0 0 0 0 0 0 0 0 0 0 0 0 0 0 0 0 0 0 0 0 0 0 0 0 0 0 0 0 0 0 0 0 0 0 0 0 0 0 0 0 0 0 0 0 0 0 0 0 0 0
0 0 0 0 0 0 0 0 0 0 0 0 0 0 0 0 0 0 0 0 0 0 0 0 0 0 0 0 0 0 0 0 0 0 0 0 0 0 0 0 0 0 0 0 0 0 0 0 0 0 0 0 0 0 0 0 0 0 0 0 0
0 0 0 0 0 0 0 0 0 0 0 0 1 0 0 0 0 0 0 0 0 0 0 1 0 0 0 0 0 0 0 0 1 0 0 0 0 0 0 1 0 0 0 0 0 0 0 0 0 0 0 0 0 0 0 0 0 0 0 0 0
0 0 0 0 0 0 0 0 0 0 0 0 0 1 0 0 0 0 0 0 0 0 0 0 0 0 0 0 0 0 0 0 0 0 0 0 0 0 0 0 0 0 0 0 0 0 0 0 0 0 0 0 0 0 0 0 0 0 0 0 0
0 0 0 0 0 0 0 0 0 0 0 0 0 0 0 1 0 0 0 1 0 0 0 0 0 0 0 0 0 0 0 0 0 0 0 0 0 0 0 0 0 0 0 0 1 0 0 0 1 0 1 0 0 0 0 1 0 0 0 0 0
0 0 0 0 0 1 0 0 1 0 0 0 0 0 0 0 0 0 0 0 0 0 0 0 0 0 0 0 0 0 0 0 0 0 0 0 0 1 0 0 0 0 0 0 0 0 0 0 0 0 0 0 0 0 0 0 0 0 0 0 0
0 0 0 0 0 0 0 0 0 0 0 0 0 0 0 0 0 0 0 0 0 0 0 0 0 0 0 0 0 0 0 0 0 0 0 0 0 0 0 0 0 0 0 0 0 0 0 0 0 0 0 0 0 0 0 0 0 0 0 0 0
0 0 0 0 0 0 0 0 0 0 0 0 0 0 0 0 0 0 0 0 0 0 0 0 0 0 0 0 0 0 0 0 0 0 0 0 0 0 0 0 0 0 0 1 0 0 0 0 0 0 0 0 0 0 1 0 0 0 0 0 0
0 0 0 0 0 0 0 0 0 0 0 0 0 0 0 0 0 0 0 0 0 0 0 0 0 0 0 0 0 0 0 0 0 0 0 0 0 0 0 0 0 0 0 0 0 0 0 0 0 0 0 0 0 0 0 0 0 0 0 0 0
0 0 0 0 0 1 0 0 0 0 0 0 0 0 0 0 0 0 1 0 0 0 0 0 0 1 0 0 0 0 0 0 0 0 0 0 0 1 0 0 0 0 0 0 0 0 0 0 0 0 0 0 0 0 0 0 0 0 0 0 0
0 0 0 0 0 0 0 1 0 0 0 0 0 0 0 1 0 0 0 0 0 0 0 0 0 0 0 0 0 0 0 0 0 0 0 1 0 0 0 0 0 0 0 0 0 0 0 0 0 1 0 0 0 0 0 0 0 0 0 0 0
0 0 0 0 0 0 0 0 0 0 0 0 0 0 1 0 0 0 0 0 1 1 1 0 0 0 0 0 0 0 0 0 0 0 0 0 0 0 0 0 0 0 0 0 0 2 1 0 0 1 0 1 0 0 1 0 0 0 0 0 0
0 0 0 0 0 0 0 0 0 0 0 1 0 0 0 0 0 0 0 0 0 0 0 0 0 0 0 0 1 0 0 0 0 1 0 0 0 0 0 0 0 2 0 1 0 0 0 0 0 0 0 0 0 0 0 0 0 0 0 0 0
0 0 0 0 0 0 0 0 0 0 1 0 0 0 0 0 0 0 0 0 1 0 0 0 0 0 0 0 0 0 0 0 0 0 0 1 0 0 0 1 0 0 0 1 0 0 1 1 0 0 0 1 0 0 0 0 0 0 0 0 0
0 0 0 0 0 0 0 0 0 0 0 0 0 0 0 0 0 0 0 0 0 0 1 0 0 0 0 2 0 0 0 0 0 0 0 0 0 0 0 1 0 0 0 0 0 0 0 0 0 0 0 0 0 0 0 0 0 0 0 0 0
0 0 0 0 0 0 1 0 1 0 0 0 0 0 0 0 0 0 0 0 0 0 0 0 0 0 0 0 0 0 0 0 0 0 0 0 0 0 0 0 0 0 0 0 0 0 0 0 0 0 0 0 0 0 0 0 0 0 0 0 0
0 0 0 0 0 0 0 0 0 0 0 0 0 0 0 0 0 0 0 0 0 0 0 0 0 0 0 0 0 0 0 0 0 0 0 0 0 0 0 0 0 0 0 0 0 0 0 0 0 0 0 0 0 0 0 0 0 0 0 0 0
0 0 0 0 0 0 0 0 0 0 5 0 0 4 0 0 0 0 0 0 0 0 0 0 0 0 0 0 0 0 0 0 0 0 0 0 0 0 0 0 0 0 0 0 0 0 0 0 0 0 0 0 0 0 0 0 0 0 0 0 0
0 0 0 0 0 0 0 0 0 0 0 0 0 0 0 0 0 0 0 0 0 0 0 0 0 0 0 0 0 0 0 0 0 0 0 0 0 0 0 0 0 0 0 0 0 0 0 0 0 0 0 0 0 0 0 0 0 0 0 0 0
0 0 0 0 0 0 0 0 0 0 0 0 0 0 0 0 0 0 0 0 0 0 0 0 0 0 0 0 0 0 0 0 0 0 0 0 0 0 0 0 0 0 0 0 0 0 0 0 0 0 0 0 0 0 0 0 0 0 0 0 0
0 0 0 0 0 0 0 0 0 0 0 0 0 0 0 0 0 0 0 0 0 0 0 0 0 0 0 0 0 0 0 0 0 0 0 0 0 0 0 0 0 0 0 0 0 0 0 0 0 0 0 0 0 0 0 0 0 0 0 0 0
0 0 0 0 0 0 0 0 0 0 0 0 0 0 0 0 0 0 0 0 0 0 0 0 0 0 0 0 0 0 0 0 0 0 0 0 0 0 0 0 0 0 0 0 0 0 0 0 0 0 0 0 0 0 0 0 0 0 0 0 0
0 0 0 0 0 0 0 0 0 0 0 0 0 0 0 0 0 0 0 0 0 0 0 0 0 0 0 0 0 0 0 0 0 0 0 0 0 0 0 0 0 0 0 0 0 0 0 0 0 0 0 0 0 0 0 0 0 0 0 0 0
0 0 0 0 0 0 0 0 0 0 0 0 0 0 0 0 0 0 0 0 0 0 0 0 0 0 0 0 0 0 0 0 0 0 0 0 0 0 0 0 0 0 0 0 0 0 0 0 0 0 0 0 0 0 0 0 0 0 0 0 0
0 0 0 0 0 0 0 0 0 0 0 0 0 0 0 0 0 0 0 0 0 0 0 0 0 0 0 0 0 0 0 0 0 0 0 0 0 0 0 0 0 0 0 0 0 0 0 0 0 0 0 0 0 0 0 0 0 0 0 0 0

y
0.0 0.0 0.0 0.0 0.0 0.0 0.0 0.0 0.0 0.0 0.0 0.0 0.0 0.0 0.0 0.0 0.0 0.0 0.0 0.0 0.0 0.0 0.0 0.0 0.0 0.0 0.0 0.0 0.0 0.0 0.0 0.0 0.0 0.0 0.0 0.0 0.0

k
0 12 13 0 17 12 1 0 0 29 0 0 12 11 3 0 0 0 25 0 12 2 0 0 0 0 6 0 21 43 52 52 104 52 52 52 6

f
0.0 0.0 0.0 0.0 26.25 1.75 0.0 0.0 0.0 0.0 0.0 0.0 0.0 0.0 0.0 0.0 0.0 0.0 0.0 0.0 0.0 0.0 0.0 0.0 0.0 0.0 8.75 26.25 0.0 0.0 0.0 1.75 0.0 0.0 0.0 1.75 1.75 0.0 0.0 0.0 0.0 0.0 0.0 0.0 5.25 0.0 0.0 0.0 0.0 26.25 0.0 0.0 0.0 0.0 0.0 0.0 0.0 0.0 0.0 0.0 0.0
0.0 0.0 0.0 0.0 0.0 0.0 0.0 0.0 0.0 0.0 0.0 0.0 0.0 0.0 0.0 0.0 0.0 0.0 0.0 0.0 0.0 0.0 0.0 0.0 0.0 0.0 0.0 0.0 0.0 0.0 0.0 0.0 0.0 0.0 0.0 0.0 0.0 0.0 0.0 0.0 0.0 0.0 0.0 0.0 0.0 0.0 0.0 0.0 0.0 0.0 0.0 0.0 0.0 0.0 0.0 0.0 0.0 0.0 0.0 0.0 0.0
0.0 0.0 0.0 0.0 0.0 0.0 0.0 0.0 0.0 0.0 0.0 0.0 0.0 0.0 0.0 0.0 0.0 0.0 0.0 0.0 0.0 0.0 0.0 0.0 0.0 0.0 0.0 0.0 0.0 0.0 0.0 0.0 0.0 0.0 0.0 0.0 0.0 0.0 0.0 0.0 0.0 0.0 0.0 0.0 0.0 0.0 0.0 0.0 0.0 0.0 0.0 0.0 0.0 0.0 0.0 0.0 0.0 0.0 0.0 0.0 0.0
0.0 12.25 12.25 0.0 0.0 0.0 0.0 0.0 0.0 0.0 0.0 0.0 0.0 0.0 5.25 23.75 0.0 0.25 0.0 0.0 0.0 5.25 15.25 0.0 0.0 0.0 0.0 0.0 0.0 0.0 0.0 0.0 0.0 12.25 12.25 0.0 0.0 0.0 0.0 0.0 0.75 0.0 0.0 0.0 0.0 0.25 0.25 0.0 0.0 0.0 0.0 0.0 0.0 0.0 0.0 0.0 0.0 0.0 0.0 0.0 0.0

L
0 0 0 0 0 0 0 0 5 0 2 3 0 0 7 0 2 3 0 11 0 7 8 0 0 1 0 2 0 0 0 0 0 0 0 0 0

g
0 0 0 0 0 0 0 0 0 0 0 0 0 0 0 0 0 0 0 0 0 0 0 0 0 0 0 0 0 0 0 0 0 0 0 0 0 0 0 0 0 0 0 0 0 0 0 0 0 0 0 0 1 0 0 0 0 0 0 0 0
0 0 0 0 0 0 0 0 0 0 0 0 0 0 0 0 0 0 0 0 0 0 0 0 0 0 0 0 0 0 0 0 0 0 0 0 0 0 0 0 0 0 0 0 0 0 0 0 0 0 0 0 0 0 0 0 0 0 0 0 0
0 0 0 0 0 0 0 0 0 0 0 0 0 0 0 0 0 0 0 0 0 0 0 0 0 0 0 0 0 0 0 0 0 0 0 0 0 0 0 0 0 0 0 0 0 0 0 0 0 0 0 0 0 0 0 0 0 0 0 0 0
0 0 0 0 0 0 0 0 0 0 0 0 0 1 0 0 0 0 0 0 0 0 0 0 0 0 0 0 0 0 0 0 0 0 0 0 0 0 0 0 0 0 0 0 0 0 0 0 0 0 0 0 0 0 0 0 0 0 0 0 0
0 0 0 0 0 0 0 0 0 0 0 0 0 0 0 0 0 0 0 0 0 0 0 0 0 0 0 0 0 0 0 0 0 0 0 0 0 0 0 0 0 0 0 0 0 0 0 0 0 0 0 0 0 0 0 0 0 0 0 0 0
0 0 0 0 0 0 0 0 0 0 0 0 0 0 0 0 0 0 0 0 0 0 0 0 0 0 0 0 0 0 0 0 0 0 0 0 0 0 0 0 0 0 0 0 0 0 0 0 0 0 0 0 0 0 0 0 0 0 0 0 0
0 0 0 0 0 0 0 0 0 0 0 0 0 0 1 0 1 0 0 0 0 0 0 1 0 0 0 0 0 0 0 0 0 0 0 0 0 0 0 0 0 0 0 0 0 2 0 0 0 0 0 0 0 0 0 0 0 0 0 0 0
0 0 0 0 0 0 0 0 0 0 0 0 0 0 0 0 0 0 0 0 0 0 0 0 0 0 0 0 0 0 1 0 0 0 0 0 0 0 0 0 0 0 0 0 0 0 0 0 0 0 0 0 0 0 0 0 0 0 0 0 0
0 0 0 0 0 0 0 0 0 0 0 0 0 0 0 0 0 0 0 0 0 0 0 0 0 0 0 0 0 0 0 0 0 0 0 0 0 0 0 0 0 0 0 0 0 0 0 0 0 0 0 0 0 0 0 0 0 0 0 0 0
0 0 0 0 0 0 0 0 0 0 0 0 0 0 0 0 0 0 0 0 0 0 0 0 0 0 0 0 0 0 0 0 0 0 0 0 0 0 0 0 0 0 0 0 0 0 0 0 0 0 0 0 0 0 0 0 0 0 0 0 0
0 0 0 0 0 0 0 0 0 0 0 0 0 0 0 0 0 0 0 0 0 0 0 0 0 0 0 0 0 0 0 0 0 0 0 0 0 0 0 0 0 0 0 0 0 0 0 0 0 0 0 0 0 0 0 0 0 0 0 0 0
0 0 0 0 0 0 0 0 0 0 0 0 0 0 0 0 0 0 0 0 0 0 0 0 0 0 0 0 0 0 0 0 0 0 0 0 0 0 0 0 0 0 0 0 0 0 0 0 0 0 0 0 0 0 0 0 0 0 0 0 0
0 0 0 0 0 0 0 0 0 0 0 0 0 0 0 0 0 0 0 0 0 0 0 0 0 0 0 0 0 0 0 0 0 0 0 0 0 0 0 0 0 0 0 0 0 0 0 0 0 0 0 0 0 0 0 0 0 0 0 0 0
0 0 0 0 0 0 0 0 0 0 0 0 0 0 0 0 0 0 0 0 0 0 0 0 0 0 0 0 0 0 0 0 0 0 0 0 0 0 0 0 0 0 0 0 0 0 0 0 0 0 0 0 0 0 0 0 0 0 0 0 0
0 0 0 0 0 0 0 0 0 0 0 0 0 0 0 0 0 0 0 0 0 0 0 0 0 0 0 0 0 0 0 0 0 0 0 0 0 0 0 0 0 0 0 0 0 0 0 0 0 0 0 0 0 0 0 0 0 0 0 0 0
0 0 0 0 0 0 0 0 0 0 0 0 0 0 0 0 0 0 0 0 0 0 0 0 0 0 0 0 0 0 0 0 0 0 0 0 0 0 0 0 0 0 0 0 0 0 0 0 0 0 0 0 0 0 0 0 0 0 0 0 0
0 0 0 0 0 0 0 0 0 0 0 0 0 0 0 0 0 0 0 0 0 0 0 0 0 0 0 0 0 0 0 0 0 0 0 0 0 0 0 0 0 0 0 0 0 0 0 0 0 0 0 0 0 0 0 0 0 0 0 0 0
0 0 0 0 0 0 0 0 0 0 0 0 0 0 0 0 0 0 0 0 0 0 0 0 0 0 0 0 0 0 0 0 0 0 0 0 0 0 0 0 0 0 0 0 0 0 0 0 0 0 0 0 0 0 0 0 0 0 0 0 0
0 0 0 0 0 0 0 0 0 0 0 0 0 0 0 0 0 0 0 0 0 0 0 0 0 0 0 0 0 0 0 0 0 0 0 0 0 0 0 0 0 0 0 0 0 0 0 0 0 0 0 0 0 0 0 0 0 0 0 0 0
0 0 0 0 0 0 0 0 0 0 0 0 0 0 0 0 0 0 0 0 0 0 0 0 0 0 0 0 0 0 0 0 0 0 0 0 0 0 0 0 0 0 0 0 0 0 0 0 0 0 0 0 0 0 0 0 0 0 0 0 0
0 0 0 0 0 0 0 0 0 0 0 0 0 0 0 0 0 0 0 0 0 0 0 0 0 0 0 0 0 0 0 0 0 0 0 0 0 0 0 0 0 0 0 0 0 0 0 0 0 0 0 0 0 0 0 0 0 0 0 0 0
0 0 0 0 0 0 0 0 0 0 0 0 0 0 0 0 0 0 0 0 0 0 0 0 0 0 0 0 0 0 0 0 0 0 0 0 0 0 0 0 0 0 0 0 0 0 0 0 0 0 0 0 0 0 0 0 0 0 0 0 0
0 0 0 0 0 0 0 0 0 0 0 0 0 0 0 0 0 0 0 0 0 0 0 0 0 0 0 0 0 0 0 0 0 0 0 0 0 0 0 0 0 0 0 0 0 0 0 0 0 0 0 0 0 0 0 0 0 0 0 0 0
0 0 0 0 0 0 0 0 0 0 0 0 0 0 0 0 0 0 0 0 0 0 0 0 0 0 0 0 0 0 0 0 0 0 0 0 0 0 0 0 0 0 0 0 0 1 0 0 0 0 0 0 0 0 0 0 0 0 0 0 0
0 0 0 0 0 0 0 0 0 0 0 0 0 0 0 0 0 0 0 0 0 0 0 0 0 0 0 0 0 0 0 0 0 0 0 0 0 0 0 0 0 1 0 0 0 0 0 0 0 0 0 0 0 0 0 0 0 0 0 0 0
0 0 0 0 0 0 0 0 0 0 0 0 0 0 0 0 0 0 0 0 0 0 0 0 0 0 0 0 0 0 0 0 0 0 0 0 0 0 0 0 0 0 0 0 0 0 0 0 0 0 0 0 0 0 0 0 0 0 0 0 0
0 0 0 0 0 0 0 0 0 0 0 0 0 0 0 0 0 0 0 0 0 0 0 0 0 0 0 1 0 0 0 0 0 0 0 0 0 0 0 0 0 0 0 0 0 0 0 0 0 0 0 0 0 0 0 0 0 0 0 0 0
0 0 0 0 0 0 0 0 0 0 0 0 0 0 0 0 0 0 0 0 0 0 0 0 0 0 0 0 0 0 0 0 0 0 0 0 0 0 0 0 0 0 0 0 0 0 0 0 0 0 0 0 0 0 0 0 0 0 0 0 0
0 0 0 0 0 0 0 0 0 0 0 0 0 0 0 0 0 0 0 0 0 0 0 0 0 0 0 0 0 0 0 0 0 0 0 0 0 0 0 0 0 0 0 0 0 0 0 0 0 0 0 0 0 0 0 0 0 0 0 0 0
0 0 0 0 0 0 0 0 0 0 4 0 0 3 0 0 0 0 0 0 0 0 0 0 0 0 0 0 0 0 0 0 0 0 0 0 0 0 0 0 0 0 0 0 0 0 0 0 0 0 0 0 0 0 0 0 0 0 0 0 0
0 0 0 0 0 0 0 0 0 0 0 0 0 0 0 0 0 0 0 0 0 0 0 0 0 0 0 0 0 0 0 0 0 0 0 0 0 0 0 0 0 0 0 0 0 0 0 0 0 0 0 0 0 0 0 0 0 0 0 0 0
0 0 0 0 0 0 0 0 0 0 0 0 0 0 0 0 0 0 0 0 0 0 0 0 0 0 0 0 0 0 0 0 0 0 0 0 0 0 0 0 0 0 0 0 0 0 0 0 0 0 0 0 0 0 0 0 0 0 0 0 0
0 0 0 0 0 0 0 0 0 0 0 0 0 0 0 0 0 0 0 0 0 0 0 0 0 0 0 0 0 0 0 0 0 0 0 0 0 0 0 0 0 0 0 0 0 0 0 0 0 0 0 0 0 0 0 0 0 0 0 0 0
0 0 0 0 0 0 0 0 0 0 0 0 0 0 0 0 0 0 0 0 0 0 0 0 0 0 0 0 0 0 0 0 0 0 0 0 0 0 0 0 0 0 0 0 0 0 0 0 0 0 0 0 0 0 0 0 0 0 0 0 0
0 0 0 0 0 0 0 0 0 0 0 0 0 0 0 0 0 0 0 0 0 0 0 0 0 0 0 0 0 0 0 0 0 0 0 0 0 0 0 0 0 0 0 0 0 0 0 0 0 0 0 0 0 0 0 0 0 0 0 0 0
0 0 0 0 0 0 0 0 0 0 0 0 0 0 0 0 0 0 0 0 0 0 0 0 0 0 0 0 0 0 0 0 0 0 0 0 0 0 0 0 0 0 0 0 0 0 0 0 0 0 0 0 0 0 0 0 0 0 0 0 0
0 0 0 0 0 0 0 0 0 0 0 0 0 0 0 0 0 0 0 0 0 0 0 0 0 0 0 0 0 0 0 0 0 0 0 0 0 0 0 0 0 0 0 0 0 0 0 0 0 0 0 0 0 0 0 0 0 0 0 0 0

I cap
1058.909090909091 1058.909090909091 1058.909090909091 1058.909090909091 1309.7 1130.396 1175.546 1194.354 746.7500000000001 875.1420000000002 475.92000000000013 716.4240000000001 583.2539999999999 525.3419999999999 829.2959999999997 897.1610909090911 808.385090909091 954.113090909091 984.605090909091 910.301090909091 710.555090909091 791.933090909091 714.983090909091 691.8350909090909 870.125090909091 912.875090909091 902.3630909090909 775.013090909091 751.2530909090912 697.0010909090911 749.111090909091 822.9830909090911 585.9770909090912 747.311090909091 234.87000000000006 417.79200000000003 599.046 562.282 828.066 565.3020000000001 586.974 582.356 776.534 763.43 850.45 501.80400000000003 814.1460000000001 723.5640000000001 579.2540000000001 853.3960000000001 607.788 518.038 637.89 706.2479999999998 951.5199999999998 866.9279999999997 910.301090909091 984.605090909091 1058.909090909091 1058.909090909091 1058.909090909091
107.96969696969697 107.96969696969697 107.96969696969697 107.96969696969697 107.8 97.704 101.55399999999999 78.44599999999998 72.64999999999998 54.35799999999999 33.479999999999976 49.37599999999998 53.445999999999984 53.55799999999999 101.50399999999999 78.01769696969696 65.99369696969697 78.66569696969697 104.87369696969697 101.77769696969696 81.92369696969696 96.84569696969697 92.79569696969696 45.74369696969697 79.85369696969697 82.10369696969697 61.11569696969697 73.26569696969696 0.7256969696969549 1.8776969696969523 1.9676969696969662 27.095696969696952 8.501696969696955 27.167696969696962 30.63 68.608 73.054 45.11799999999999 54.53399999999999 23.697999999999993 73.426 60.88399999999999 93.806 62.59 84.55000000000001 15.595999999999988 54.853999999999985 8.536000000000008 25.54599999999999 48.603999999999985 55.011999999999986 79.76199999999999 77.75 77.192 83.6 76.07199999999999 101.77769696969696 104.87369696969697 107.96969696969697 107.96969696969697 107.96969696969697
38.96666666666666 38.96666666666666 38.96666666666666 38.96666666666666 32.692499999999995 30.5925 29.8925 15.685 28.492500000000007 27.792500000000004 19.3925 29.400000000000002 24.5 36.4 31.5 38.96666666666666 38.96666666666666 38.96666666666666 38.96666666666666 38.96666666666666 38.96666666666666 38.96666666666666 38.96666666666666 38.96666666666666 38.96666666666666 38.96666666666666 38.96666666666666 38.96666666666666 38.96666666666666 38.96666666666666 38.96666666666666 38.96666666666666 38.96666666666666 38.96666666666666 23.8 18.9 6.792499999999999 11.6925 15.892499999999997 19.3925 37.8 17.460000000000004 24.460000000000004 31.680000000000003 43.400000000000006 41.3 45.5 51.099999999999994 44.8 46.2 49.0 49.0 30.06 26.56 36.58 52.5 38.96666666666666 38.96666666666666 38.96666666666666 38.96666666666666 38.96666666666666
45.24545454545453 45.24545454545453 45.24545454545453 45.24545454545453 35.7 43.532999999999994 43.532999999999994 44.121 39.354 15.189999999999998 11.978999999999985 35.021 9.815999999999999 7.6129999999999995 31.633000000000003 44.67845454545453 44.48945454545453 44.48945454545453 44.67845454545453 44.11145454545453 41.978454545454525 44.48945454545453 43.40945454545453 41.03345454545453 41.43845454545453 43.59845454545453 43.19345454545453 41.24945454545453 34.55345454545453 34.121454545454526 38.945454545454524 40.33145454545453 38.576454545454524 39.82745454545452 34.952999999999996 35.279999999999994 35.721 36.666 42.133 54.164 39.784000000000006 45.57299999999999 53.333000000000006 46.815 47.22 45.33 42.209999999999994 40.157999999999994 38.24099999999999 48.83 50.401999999999994 51.599 55.45399999999999 53.165 46.354 43.842999999999996 44.11145454545453 44.67845454545453 45.24545454545453 45.24545454545453 45.24545454545453
20.999999999999993 20.999999999999993 20.999999999999993 20.999999999999993 14.700000000000001 23.610999999999997 21.511000000000003 22.281000000000002 19.291999999999998 17.61799999999999 19.05699999999999 22.980999999999998 18.977999999999994 19.430999999999997 20.111 20.810999999999993 20.747999999999994 20.747999999999994 20.810999999999993 20.621999999999993 18.650999999999993 20.747999999999994 20.747999999999994 20.21699999999999 20.378999999999994 20.378999999999994 20.21699999999999 20.315999999999995 18.911999999999995 19.055999999999994 18.911999999999995 19.397999999999993 17.264999999999993 19.32599999999999 17.967000000000002 23.296 19.894999999999996 19.921999999999997 20.110999999999997 18.648 14.448 20.811 20.110999999999997 23.205999999999996 20.568 19.112 19.543999999999997 20.125000000000004 20.389 19.112 17.059999999999995 18.273 19.418 17.955000000000002 19.418 17.320999999999998 20.621999999999993 20.810999999999993 20.999999999999993 20.999999999999993 20.999999999999993
345.75757575757575 345.75757575757575 345.75757575757575 345.75757575757575 259.0 290.409 318.409 296.212 313.621 314.818 274.801 284.332 274.989 263.649 272.779 287.49157575757573 282.5595757575757 305.82457575757576 342.16657575757574 315.31057575757575 277.8165757575757 293.94457575757576 319.63957575757576 307.78657575757575 311.38657575757577 330.28657575757575 331.0065757575757 322.06957575757576 303.1695757575758 300.7755757575758 326.69557575757574 329.08957575757574 315.9585757575757 326.69557575757574 218.801 278.05199999999996 304.409 302.938 313.529 299.282 279.432 357.629 363.24899999999997 364.0 354.735 287.99899999999997 325.264 373.212 386.007 357.99899999999997 323.877 309.87699999999995 340.097 402.04499999999996 410.24199999999996 340.234 280.1655757575757 307.02157575757576 345.75757575757575 345.75757575757575 345.75757575757575
779.7575757575758 779.7575757575758 779.7575757575758 779.7575757575758 672.0 770.581 875.581 813.799 884.38 863.479 751.247 827.246 770.227 739.1679999999999 818.003 720.0245757575758 723.6335757575757 738.8615757575757 766.3385757575758 737.6915757575758 686.5265757575758 724.3085757575757 733.0025757575758 694.6985757575758 705.6695757575758 734.2895757575758 728.6105757575757 715.7495757575758 634.6415757575758 630.0695757575759 678.5885757575758 699.1985757575758 657.2855757575758 688.7945757575758 507.564 697.0249999999999 788.085 812.609 756.028 655.835 645.935 713.408 763.91 696.943 674.2760000000001 615.5440000000001 655.268 659.3679999999999 627.495 629.5440000000001 636.08 628.931 656.3739999999999 709.9049999999999 721.3779999999999 564.043 714.6875757575758 743.3345757575757 779.7575757575758 779.7575757575758 779.7575757575758
80.73333333333335 80.73333333333335 80.73333333333335 80.73333333333335 69.3 89.73300000000002 83.433 88.088 86.121 87.84400000000004 77.15100000000002 89.488 94.00900000000003 92.373 89.733 80.16633333333336 79.97733333333335 79.97733333333335 80.16633333333336 79.59933333333336 78.54633333333335 79.97733333333335 79.97733333333335 77.49333333333335 78.22233333333335 78.22233333333335 77.49333333333335 78.03333333333335 74.36133333333335 74.63133333333336 75.63933333333337 76.73733333333335 76.27833333333335 76.07133333333337 41.901 67.228 76.10500000000002 75.16600000000003 75.73300000000002 79.04400000000001 78.344 81.33300000000001 82.73300000000002 85.52699999999999 88.35600000000001 89.833 85.47700000000002 77.49900000000001 72.62399999999998 73.03300000000002 72.29500000000003 68.77900000000001 66.65400000000001 65.06500000000001 65.25400000000002 61.022999999999996 79.59933333333336 80.16633333333336 80.73333333333335 80.73333333333335 80.73333333333335
10.775757575757575 10.775757575757575 10.775757575757575 10.775757575757575 8.4 9.8 9.1 8.155 8.855 7.885 5.588000000000001 6.288 0.347999999999999 0.23300000000000098 3.207999999999999 1.0647575757575747 1.2177575757575756 5.024757575757576 10.775757575757575 6.968757575757575 1.2177575757575756 1.757757575757576 5.348757575757576 2.1987575757575746 3.1887575757575757 7.508757575757576 7.706757575757575 6.455757575757575 0.2457575757575743 0.2457575757575743 5.078757575757576 5.618757575757575 4.628757575757574 5.798757575757575 5.133000000000001 3.9309999999999996 6.300000000000001 5.133000000000001 4.433 3.383 2.9130000000000003 2.213000000000001 10.231 14.0 10.893 2.7970000000000006 6.604000000000001 12.785 8.548 1.3969999999999985 1.4869999999999983 3.742000000000001 7.549000000000001 11.899999999999999 11.2 7.392999999999999 1.2177575757575756 5.024757575757576 10.775757575757575 10.775757575757575 10.775757575757575
2.545454545454545 2.545454545454545 2.545454545454545 2.545454545454545 2.8 0.8329999999999999 2.2329999999999997 1.344 1.4769999999999996 0.9659999999999999 1.4769999999999994 0.6439999999999999 0.8329999999999999 1.533 1.533 1.9784545454545448 1.789454545454545 1.789454545454545 1.9784545454545448 1.4114545454545446 1.9784545454545448 1.789454545454545 1.789454545454545 1.0874545454545448 1.3304545454545447 1.3304545454545447 1.0874545454545448 1.141454545454545 0.3314545454545449 0.11545454545454459 0.6554545454545446 1.141454545454545 1.2224545454545448 0.6014545454545446 0.18100000000000027 1.2879999999999996 1.5849999999999995 0.9659999999999999 2.2329999999999997 0.6439999999999999 2.0439999999999996 1.533 2.2329999999999997 0.5089999999999999 1.452 1.5849999999999995 1.533 2.553 1.3959999999999995 1.5849999999999995 2.4989999999999997 1.0989999999999993 0.15399999999999947 1.3649999999999995 0.15399999999999947 0.3429999999999993 1.4114545454545446 1.9784545454545448 2.545454545454545 2.545454545454545 2.545454545454545
8.515433299825174 8.515433299825174 8.515433299825174 8.515433299825174 6.946950229885056 7.913808275862068 7.646868896551724 8.646790362068966 10.432641068965516 7.071739377495464 7.640583156987299 9.062445000000002 7.402772005444648 5.8856967876588016 7.659849051724137 8.010058793103449 7.66386551724138 7.120510517241379 7.061509827586207 7.808273706896552 6.6151016771159865 7.574505862068966 8.262086396551725 7.289371396551724 7.228255132183908 7.250084137931034 7.111765344827586 9.050651413793105 8.648721931034485 8.17267279310345 9.019537758620691 8.199718103448278 6.731086206896551 6.944766408045976 10.188823333333337 11.64908827586207 6.7309231034482755 8.031757241379312 7.597238448275862 6.31198070689655 6.218580879310344 6.31332674137931 7.319079137931034 7.599483293103448 7.1862193103448275 7.357613275862069 6.365552758620689 6.3942056896551716 6.058857241379309 5.81418896551724 8.17082327586207 7.144818965517239 7.277856896551724 7.125175862068965 8.300534155172416 6.264575862068964 7.42922640327345 8.205088472238968 8.515433299825174 8.515433299825174 8.205088472238968
700.0 700.0 700.0 700.0 696.4000000000001 692.8000000000001 691.0000000000001 687.4000000000001 688.3000000000002 687.4000000000002 677.5000000000002 688.3000000000002 687.4000000000002 683.8000000000002 690.1000000000001 686.5 685.6 688.3000000000002 691.9000000000001 691.9 683.8000000000001 686.5000000000001 683.8000000000001 675.7 689.2 692.8000000000001 691.9000000000001 688.3000000000002 686.5000000000002 687.4000000000002 677.5000000000001 691.9000000000002 692.8000000000002 689.2 689.2000000000002 683.8000000000002 688.3000000000002 685.6000000000001 691.0000000000001 686.5000000000002 690.1000000000001 681.1000000000003 674.8000000000001 680.2 688.3000000000001 682.0 686.5 683.8000000000001 683.8000000000002 682.0000000000001 687.4 682.0 686.5000000000002 685.6000000000003 687.4000000000001 686.5000000000001 691.9 698.2 700.0 700.0 698.2

H cap
120.75 50.75 26.25 8.75 -26.25 -1.75 5.25 57.75 57.75 1.75 33.25 43.75 1.75 57.75 96.25 85.75 99.75 47.25 40.25 19.25 47.25 96.25 85.75 33.25 33.25 85.75 -8.75 -26.25 15.75 57.75 22.75 -1.75 96.25 50.75 50.75 -1.75 -1.75 110.25 110.25 99.75 89.25 68.25 68.25 5.25 -5.25 64.75 64.75 89.25 5.25 -26.25 5.25 26.25 99.75 131.25 131.25 131.25 131.25 131.25 131.25 131.25 131.25
50.5 50.5 52.5 47.5 47.5 45.5 23.0 30.0 45.0 23.0 26.5 41.5 36.5 43.5 52.5 47.5 45.0 45.0 44.5 38.5 41.5 52.5 50.5 39.5 41.5 49.5 39.5 37.5 40.0 45.0 42.0 42.0 52.5 50.5 50.5 37.5 37.5 52.5 52.5 50.5 45.5 41.5 46.5 40.5 33.0 45.0 45.0 42.5 40.0 37.5 42.5 38.0 43.0 52.5 52.5 52.5 52.5 52.5 52.5 52.5 52.5
59.5 52.5 56.0 56.0 52.5 52.5 45.5 52.5 56.0 45.5 49.0 49.0 49.0 59.5 59.5 56.0 49.0 45.5 49.0 52.5 59.5 59.5 59.5 52.5 52.5 59.5 52.5 52.5 52.5 56.0 52.5 45.5 56.0 52.5 52.5 45.5 45.5 63.0 63.0 56.0 52.5 52.5 49.0 45.5 45.5 49.0 49.0 45.5 45.5 52.5 49.0 45.5 56.0 63.0 63.0 63.0 63.0 63.0 63.0 63.0 63.0
76.25 -12.25 -12.25 21.75 17.25 57.75 25.25 0.25 0.75 0.25 13.75 0.25 1.25 54.25 -5.25 -23.75 27.25 -0.25 0.75 0.75 32.75 -5.25 -15.25 29.25 0.25 33.75 49.75 33.25 17.25 0.75 6.25 8.75 42.25 -12.25 -12.25 6.75 6.75 0.75 0.75 17.75 -0.75 10.25 0.75 2.25 6.75 -0.25 -0.25 22.25 0.75 11.25 2.75 0.75 54.25 78.75 78.75 78.75 78.75 78.75 78.75 78.75 78.75

Gap
NaN

Time
NaN

