T P M C
61 37 4 12

base obj
14.804945054945055

exp obj
18.70628603422721

Objective struct
14.804945054945055 1.351485442661913 29.058823529411764

num campaigns
198

x
0 0 0 0 0 1 0 0 0 0 0 0 0 2 0 0 0 1 0 0 1 0 0 0 0 0 0 0 1 0 1 1 0 0 0 0 0 0 1 0 0 0 0 0 0 0 2 0 0 1 1 0 0 0 0 0 0 0 0 0 0
0 0 0 0 0 0 0 0 0 0 0 0 0 0 0 0 0 0 0 0 0 0 0 0 0 0 0 0 0 0 0 0 0 0 0 0 0 0 1 0 0 0 0 0 0 0 0 0 0 0 0 0 0 0 0 0 0 0 0 0 0
0 0 0 0 0 0 0 0 0 0 0 1 0 0 0 0 0 0 0 0 0 0 0 0 0 0 0 0 1 0 0 0 0 0 0 0 0 0 0 0 0 0 0 0 0 0 0 0 1 0 0 0 0 0 0 0 0 0 0 0 0
0 0 0 0 1 1 0 0 0 0 0 1 0 0 1 0 0 0 1 0 0 0 0 0 0 0 0 0 0 0 0 0 1 1 0 0 0 0 0 0 0 0 0 0 0 0 1 0 1 0 0 0 1 1 0 0 0 0 0 0 0
0 0 0 0 0 0 0 0 0 2 1 0 0 0 0 1 1 0 2 0 0 0 0 0 0 0 0 3 0 0 0 0 0 1 1 0 0 0 0 0 0 0 1 0 1 0 0 0 1 0 0 0 1 1 0 0 0 0 0 0 0
0 0 0 0 0 0 0 0 0 0 0 0 0 0 0 0 0 0 0 0 0 0 0 0 0 0 0 0 0 0 0 0 1 0 1 0 0 0 0 0 0 0 0 0 0 0 0 0 0 0 0 0 0 0 0 0 0 0 0 0 0
0 0 0 0 0 0 0 0 1 0 0 0 0 0 0 1 0 0 0 0 0 0 1 0 1 0 0 0 0 0 0 0 0 2 0 0 0 1 0 0 0 0 0 0 1 2 0 1 0 0 0 0 1 0 0 0 0 0 0 0 0
0 0 0 0 0 0 0 0 0 0 0 0 0 0 0 0 0 0 0 1 0 0 1 0 0 0 0 0 0 0 0 0 0 0 0 0 1 0 0 0 0 1 0 0 0 0 0 0 0 0 0 0 0 0 0 0 0 0 0 0 0
0 0 0 0 0 0 0 1 0 0 0 0 0 0 0 0 0 0 0 0 0 0 0 0 0 0 0 0 0 0 0 0 0 0 0 0 0 0 0 0 0 0 0 0 0 0 0 0 0 0 0 0 1 0 0 0 0 0 0 0 0
0 0 0 0 0 0 0 0 0 0 0 0 0 0 0 0 0 0 0 0 0 0 0 0 0 0 0 0 0 0 0 0 0 0 0 0 0 0 0 0 0 0 0 0 0 0 0 0 0 0 0 0 0 0 0 0 0 0 0 0 0
0 0 0 0 0 0 0 0 0 0 0 0 0 0 0 0 0 0 0 0 0 0 0 0 0 1 0 0 0 0 0 0 1 0 0 0 1 0 0 0 0 0 0 0 0 0 0 0 0 1 0 1 0 0 0 0 0 0 0 0 0
0 0 0 0 0 0 0 0 1 0 0 0 0 0 0 0 0 1 0 0 0 0 0 1 0 0 0 0 0 0 0 0 0 0 0 0 0 0 0 0 0 0 0 0 0 0 0 0 0 0 0 0 0 0 0 1 0 0 0 0 0
0 0 0 0 0 0 0 0 0 0 0 0 0 0 0 0 0 0 0 0 0 0 0 0 0 0 0 0 0 0 0 0 0 0 0 0 0 0 0 0 0 0 0 0 0 0 0 0 0 0 0 0 0 1 0 0 0 0 0 0 0
0 0 0 0 0 0 0 0 0 0 1 1 0 0 0 0 0 0 0 0 0 0 0 1 0 0 0 0 1 0 0 0 0 1 1 0 0 0 1 0 0 0 1 0 2 0 0 0 0 0 0 0 0 1 0 0 0 0 0 0 0
0 0 0 0 0 0 0 1 0 0 0 0 1 0 0 0 0 0 0 0 1 0 0 0 0 0 0 0 0 0 0 0 0 0 0 0 1 0 0 0 0 0 0 0 0 0 0 0 0 0 0 1 0 0 0 0 0 0 0 0 0
0 0 0 0 0 0 0 0 0 0 0 0 0 0 0 0 0 0 0 0 0 0 0 0 0 0 0 0 0 0 0 0 0 0 0 0 0 0 0 0 0 0 0 0 0 0 0 0 0 0 1 0 0 0 0 0 0 0 0 0 0
0 0 0 0 0 0 0 0 0 0 0 0 0 0 0 1 0 0 0 0 0 0 0 0 0 1 0 0 0 0 0 1 0 0 0 0 0 0 0 0 0 0 0 1 0 0 1 0 0 0 0 0 0 0 1 0 0 0 0 0 0
0 0 0 0 0 0 0 0 0 1 0 0 0 0 0 0 0 0 0 0 0 0 0 0 0 0 0 0 0 0 0 0 0 0 0 0 0 0 0 1 0 0 0 0 0 0 0 0 0 0 0 0 0 0 1 0 0 0 0 0 0
0 0 0 0 0 0 0 0 0 0 0 0 0 0 0 0 1 0 0 0 0 0 0 0 0 0 0 0 0 0 0 0 1 0 0 0 0 0 0 0 0 0 1 0 1 0 0 0 1 0 0 0 0 0 0 0 0 0 0 0 0
0 0 0 0 0 0 0 0 0 0 0 0 0 0 0 0 0 0 0 0 0 0 0 0 0 0 0 0 0 0 1 0 0 0 0 0 0 0 0 0 0 0 0 0 0 0 0 0 0 0 0 0 0 0 0 1 0 0 0 0 0
0 0 0 0 0 1 0 0 1 0 0 1 0 0 1 0 1 1 0 0 0 1 0 0 1 0 0 0 0 0 0 0 1 0 0 1 0 0 0 0 0 0 0 0 2 0 0 0 0 0 0 0 0 0 0 0 0 0 0 0 0
0 0 0 0 0 0 0 0 0 0 0 0 0 0 0 0 0 0 0 0 0 0 0 0 0 0 0 0 0 0 1 0 0 0 0 0 0 0 0 0 0 0 0 0 0 0 0 0 0 0 0 0 0 0 0 0 0 0 0 0 0
0 0 0 0 0 0 1 0 0 0 0 0 0 0 0 0 0 0 0 0 0 0 1 0 0 0 0 0 0 0 0 0 0 0 0 0 0 0 0 0 1 0 0 0 0 0 0 0 1 0 0 0 0 0 0 0 0 0 0 0 0
0 0 0 0 0 0 0 0 0 0 0 0 0 0 1 1 0 1 0 0 0 1 0 0 2 0 1 0 0 0 0 0 0 0 0 0 1 0 1 0 0 0 0 0 0 0 0 0 0 0 0 0 1 0 0 0 0 0 0 0 0
0 0 0 0 1 0 0 0 0 1 0 0 0 0 0 0 0 0 0 0 0 0 0 0 0 0 1 0 0 0 0 0 0 0 0 0 0 0 0 0 1 0 1 0 0 0 0 0 0 0 0 0 0 0 0 1 0 0 0 0 0
0 0 0 0 0 0 0 0 1 1 1 0 0 0 1 0 1 0 0 0 0 0 0 0 0 0 0 0 1 0 0 0 0 0 0 0 0 0 0 0 0 0 0 0 0 0 0 0 0 1 0 0 0 0 1 0 0 0 0 0 0
0 0 0 0 1 0 0 1 0 0 0 1 0 0 0 0 0 1 0 0 0 0 1 0 0 0 0 1 1 0 0 0 0 0 0 0 0 0 0 0 0 0 0 0 1 0 0 0 0 0 0 0 0 0 0 0 0 0 0 0 0
0 0 0 0 0 0 0 0 0 1 0 0 0 0 0 0 0 0 0 0 0 0 0 0 0 0 0 0 0 0 0 0 0 0 0 0 0 0 0 0 0 0 0 0 0 0 0 0 0 0 0 0 0 1 0 0 0 0 0 0 0
0 0 0 0 0 0 0 0 0 0 0 0 0 0 0 0 0 0 0 0 0 0 0 0 0 0 0 0 0 0 0 0 0 0 0 0 0 0 0 0 0 0 0 0 0 0 0 0 0 0 0 0 0 0 0 0 0 0 0 0 0
0 0 0 0 0 0 0 1 5 0 0 0 0 0 0 0 0 1 2 0 0 0 0 0 1 0 0 0 0 0 0 0 4 2 4 2 3 2 1 0 0 0 0 0 2 0 0 6 0 0 0 0 1 0 0 0 0 0 0 0 0
0 0 0 0 0 0 0 0 0 0 0 0 0 0 0 0 0 0 0 0 0 0 0 0 0 0 0 0 0 0 0 0 0 0 0 0 0 0 0 0 0 0 0 0 0 0 0 2 0 0 0 0 0 0 0 0 0 0 0 0 0
0 0 0 0 0 0 0 0 0 0 0 0 0 0 0 0 0 0 0 0 0 0 0 0 0 0 0 0 0 0 0 0 0 0 0 0 0 0 0 0 0 0 0 0 0 0 0 0 0 0 0 0 0 0 0 0 0 0 0 0 0
0 0 0 0 0 0 0 0 0 0 0 0 0 0 0 0 0 0 0 0 0 0 0 0 0 0 0 0 0 0 0 0 0 0 0 0 0 0 0 0 0 0 0 0 0 0 0 0 0 0 0 0 0 0 0 0 0 0 0 0 0
0 0 0 0 0 0 0 0 0 0 0 0 0 0 0 0 0 0 0 0 0 0 0 0 0 0 0 0 0 0 0 0 0 0 0 0 0 0 0 0 0 0 0 0 0 0 0 0 0 0 0 0 0 0 0 0 0 0 0 0 0
0 0 0 0 0 0 0 0 0 0 0 0 0 0 0 0 0 0 0 0 0 0 0 0 0 0 0 0 0 0 0 0 0 0 0 0 0 0 0 0 0 0 0 0 0 0 0 0 0 0 0 0 0 0 0 0 0 0 0 0 0
0 0 0 0 0 0 0 0 0 0 0 0 0 0 0 0 0 0 0 0 0 0 0 0 0 0 0 0 0 0 0 0 0 0 0 0 0 0 0 0 0 0 0 0 0 0 0 0 0 0 0 0 0 0 0 0 0 0 0 0 0
0 0 0 0 0 0 0 0 0 0 0 0 0 0 0 0 0 0 0 0 0 0 0 0 0 0 0 0 0 0 0 0 0 0 0 0 0 0 0 0 0 0 0 0 0 0 0 0 0 0 0 0 0 0 0 0 0 0 0 0 0

y
0.0 0.0 12.75 0.0 0.0 0.0 0.0 0.0 0.0 0.0 0.0 0.0 0.0 0.0 0.0 0.0 0.0 0.0 0.0 0.0 0.0 0.0 0.0 0.0 0.0 0.0 0.0 0.0 0.0 0.0 0.0 0.0 0.0 0.0 0.0 0.0 0.0

k
0 11 10 0 0 10 0 0 0 29 0 0 11 0 2 0 0 0 20 0 0 5 0 0 0 0 2 0 21 15 50 52 104 52 52 52 6

f
0.0 0.0 0.0 1.75 0.0 0.0 0.0 0.0 0.0 18.375 0.0 0.0 0.0 0.0 0.0 0.0 18.375 0.0 0.0 0.0 0.0 0.0 0.0 0.0 0.0 0.0 0.0 21.700000000000003 1.7499999999999964 0.0 0.0 0.0 0.0 0.0 0.0 0.0 0.0 0.0 0.0 0.0 0.0 0.0 8.4 0.0 0.0 1.7500000000000036 11.725 11.725000000000001 1.7499999999999964 0.0 0.0 0.0 0.0 0.0 0.0 0.0 0.0 0.0 0.0 0.0 0.0
0.0 0.0 0.0 0.0 0.0 0.0 0.0 0.0 0.0 0.0 0.0 0.0 0.0 0.0 0.0 0.0 0.0 0.0 0.0 0.0 0.0 0.0 0.0 0.0 0.0 0.0 0.0 0.0 0.0 0.0 0.0 0.0 0.0 0.0 0.0 0.0 0.0 0.0 0.0 0.0 0.0 0.0 0.0 0.0 0.0 0.0 0.0 0.0 0.0 0.0 0.0 0.0 0.0 0.0 0.0 0.0 0.0 0.0 0.0 0.0 0.0
0.0 0.0 0.0 0.0 0.0 0.0 0.0 0.0 0.0 0.0 0.0 0.0 0.0 0.0 0.0 0.0 0.0 0.0 0.0 0.0 0.0 0.0 0.0 0.0 0.0 0.0 0.0 0.0 0.0 0.0 0.0 0.0 0.0 0.0 0.0 0.0 0.0 0.0 0.0 0.0 0.0 0.0 0.0 0.0 0.0 0.0 0.0 0.0 0.0 0.0 0.0 0.0 0.0 0.0 0.0 0.0 0.0 0.0 0.0 0.0 0.0
0.0 0.09999999999999609 0.0 0.0 0.0 0.0 0.0 0.0 0.0 0.0 0.0 0.0 0.0 0.0 0.0 0.0 0.0 0.09999999999999609 0.0 0.09999999999999498 0.0 0.0 0.5749999999999993 0.0 0.0 0.0 29.549999999999997 68.5 0.0 0.0 0.0 0.0 0.0 0.0 0.0 0.0 0.0 0.0 0.0 0.0 0.0 0.0 0.0 0.0 0.0 0.0 0.0 0.0 0.0 0.0 0.0 1.0500000000000052 0.0 0.0 0.0 0.0 0.0 0.0 0.0 0.0 0.0

L
0 0 17 1 0 2 0 3 45 0 2 6 0 0 5 0 3 15 2 25 0 0 8 0 2 1 1 44 0 0 0 0 0 0 0 0 0

g
0 0 0 0 0 0 0 0 0 0 0 0 0 1 0 0 0 0 0 0 0 0 0 0 0 0 0 0 0 0 0 0 0 0 0 0 0 0 0 0 0 0 0 0 0 0 1 0 0 0 0 0 0 0 0 0 0 0 0 0 0
0 0 0 0 0 0 0 0 0 0 0 0 0 0 0 0 0 0 0 0 0 0 0 0 0 0 0 0 0 0 0 0 0 0 0 0 0 0 0 0 0 0 0 0 0 0 0 0 0 0 0 0 0 0 0 0 0 0 0 0 0
0 0 0 0 0 0 0 0 0 0 0 0 0 0 0 0 0 0 0 0 0 0 0 0 0 0 0 0 0 0 0 0 0 0 0 0 0 0 0 0 0 0 0 0 0 0 0 0 0 0 0 0 0 0 0 0 0 0 0 0 0
0 0 0 0 0 0 0 0 0 0 0 0 0 0 0 0 0 0 0 0 0 0 0 0 0 0 0 0 0 0 0 0 0 0 0 0 0 0 0 0 0 0 0 0 0 0 0 0 0 0 0 0 0 0 0 0 0 0 0 0 0
0 0 0 0 0 0 0 0 0 1 0 0 0 0 0 0 0 0 1 0 0 0 0 0 0 0 0 2 0 0 0 0 0 0 0 0 0 0 0 0 0 0 0 0 0 0 0 0 0 0 0 0 0 0 0 0 0 0 0 0 0
0 0 0 0 0 0 0 0 0 0 0 0 0 0 0 0 0 0 0 0 0 0 0 0 0 0 0 0 0 0 0 0 0 0 0 0 0 0 0 0 0 0 0 0 0 0 0 0 0 0 0 0 0 0 0 0 0 0 0 0 0
0 0 0 0 0 0 0 0 0 0 0 0 0 0 0 0 0 0 0 0 0 0 0 0 0 0 0 0 0 0 0 0 0 1 0 0 0 0 0 0 0 0 0 0 0 1 0 0 0 0 0 0 0 0 0 0 0 0 0 0 0
0 0 0 0 0 0 0 0 0 0 0 0 0 0 0 0 0 0 0 0 0 0 0 0 0 0 0 0 0 0 0 0 0 0 0 0 0 0 0 0 0 0 0 0 0 0 0 0 0 0 0 0 0 0 0 0 0 0 0 0 0
0 0 0 0 0 0 0 0 0 0 0 0 0 0 0 0 0 0 0 0 0 0 0 0 0 0 0 0 0 0 0 0 0 0 0 0 0 0 0 0 0 0 0 0 0 0 0 0 0 0 0 0 0 0 0 0 0 0 0 0 0
0 0 0 0 0 0 0 0 0 0 0 0 0 0 0 0 0 0 0 0 0 0 0 0 0 0 0 0 0 0 0 0 0 0 0 0 0 0 0 0 0 0 0 0 0 0 0 0 0 0 0 0 0 0 0 0 0 0 0 0 0
0 0 0 0 0 0 0 0 0 0 0 0 0 0 0 0 0 0 0 0 0 0 0 0 0 0 0 0 0 0 0 0 0 0 0 0 0 0 0 0 0 0 0 0 0 0 0 0 0 0 0 0 0 0 0 0 0 0 0 0 0
0 0 0 0 0 0 0 0 0 0 0 0 0 0 0 0 0 0 0 0 0 0 0 0 0 0 0 0 0 0 0 0 0 0 0 0 0 0 0 0 0 0 0 0 0 0 0 0 0 0 0 0 0 0 0 0 0 0 0 0 0
0 0 0 0 0 0 0 0 0 0 0 0 0 0 0 0 0 0 0 0 0 0 0 0 0 0 0 0 0 0 0 0 0 0 0 0 0 0 0 0 0 0 0 0 0 0 0 0 0 0 0 0 0 0 0 0 0 0 0 0 0
0 0 0 0 0 0 0 0 0 0 0 0 0 0 0 0 0 0 0 0 0 0 0 0 0 0 0 0 0 0 0 0 0 0 0 0 0 0 0 0 0 0 0 0 1 0 0 0 0 0 0 0 0 0 0 0 0 0 0 0 0
0 0 0 0 0 0 0 0 0 0 0 0 0 0 0 0 0 0 0 0 0 0 0 0 0 0 0 0 0 0 0 0 0 0 0 0 0 0 0 0 0 0 0 0 0 0 0 0 0 0 0 0 0 0 0 0 0 0 0 0 0
0 0 0 0 0 0 0 0 0 0 0 0 0 0 0 0 0 0 0 0 0 0 0 0 0 0 0 0 0 0 0 0 0 0 0 0 0 0 0 0 0 0 0 0 0 0 0 0 0 0 0 0 0 0 0 0 0 0 0 0 0
0 0 0 0 0 0 0 0 0 0 0 0 0 0 0 0 0 0 0 0 0 0 0 0 0 0 0 0 0 0 0 0 0 0 0 0 0 0 0 0 0 0 0 0 0 0 0 0 0 0 0 0 0 0 0 0 0 0 0 0 0
0 0 0 0 0 0 0 0 0 0 0 0 0 0 0 0 0 0 0 0 0 0 0 0 0 0 0 0 0 0 0 0 0 0 0 0 0 0 0 0 0 0 0 0 0 0 0 0 0 0 0 0 0 0 0 0 0 0 0 0 0
0 0 0 0 0 0 0 0 0 0 0 0 0 0 0 0 0 0 0 0 0 0 0 0 0 0 0 0 0 0 0 0 0 0 0 0 0 0 0 0 0 0 0 0 0 0 0 0 0 0 0 0 0 0 0 0 0 0 0 0 0
0 0 0 0 0 0 0 0 0 0 0 0 0 0 0 0 0 0 0 0 0 0 0 0 0 0 0 0 0 0 0 0 0 0 0 0 0 0 0 0 0 0 0 0 0 0 0 0 0 0 0 0 0 0 0 0 0 0 0 0 0
0 0 0 0 0 0 0 0 0 0 0 0 0 0 0 0 0 0 0 0 0 0 0 0 0 0 0 0 0 0 0 0 0 0 0 0 0 0 0 0 0 0 0 0 1 0 0 0 0 0 0 0 0 0 0 0 0 0 0 0 0
0 0 0 0 0 0 0 0 0 0 0 0 0 0 0 0 0 0 0 0 0 0 0 0 0 0 0 0 0 0 0 0 0 0 0 0 0 0 0 0 0 0 0 0 0 0 0 0 0 0 0 0 0 0 0 0 0 0 0 0 0
0 0 0 0 0 0 0 0 0 0 0 0 0 0 0 0 0 0 0 0 0 0 0 0 0 0 0 0 0 0 0 0 0 0 0 0 0 0 0 0 0 0 0 0 0 0 0 0 0 0 0 0 0 0 0 0 0 0 0 0 0
0 0 0 0 0 0 0 0 0 0 0 0 0 0 0 0 0 0 0 0 0 0 0 0 1 0 0 0 0 0 0 0 0 0 0 0 0 0 0 0 0 0 0 0 0 0 0 0 0 0 0 0 0 0 0 0 0 0 0 0 0
0 0 0 0 0 0 0 0 0 0 0 0 0 0 0 0 0 0 0 0 0 0 0 0 0 0 0 0 0 0 0 0 0 0 0 0 0 0 0 0 0 0 0 0 0 0 0 0 0 0 0 0 0 0 0 0 0 0 0 0 0
0 0 0 0 0 0 0 0 0 0 0 0 0 0 0 0 0 0 0 0 0 0 0 0 0 0 0 0 0 0 0 0 0 0 0 0 0 0 0 0 0 0 0 0 0 0 0 0 0 0 0 0 0 0 0 0 0 0 0 0 0
0 0 0 0 0 0 0 0 0 0 0 0 0 0 0 0 0 0 0 0 0 0 0 0 0 0 0 0 0 0 0 0 0 0 0 0 0 0 0 0 0 0 0 0 0 0 0 0 0 0 0 0 0 0 0 0 0 0 0 0 0
0 0 0 0 0 0 0 0 0 0 0 0 0 0 0 0 0 0 0 0 0 0 0 0 0 0 0 0 0 0 0 0 0 0 0 0 0 0 0 0 0 0 0 0 0 0 0 0 0 0 0 0 0 0 0 0 0 0 0 0 0
0 0 0 0 0 0 0 0 0 0 0 0 0 0 0 0 0 0 0 0 0 0 0 0 0 0 0 0 0 0 0 0 0 0 0 0 0 0 0 0 0 0 0 0 0 0 0 0 0 0 0 0 0 0 0 0 0 0 0 0 0
0 0 0 0 0 0 0 0 4 0 0 0 0 0 0 0 0 0 1 0 0 0 0 0 0 0 0 0 0 0 0 0 3 1 3 1 2 1 0 0 0 0 0 0 1 0 0 5 0 0 0 0 0 0 0 0 0 0 0 0 0
0 0 0 0 0 0 0 0 0 0 0 0 0 0 0 0 0 0 0 0 0 0 0 0 0 0 0 0 0 0 0 0 0 0 0 0 0 0 0 0 0 0 0 0 0 0 0 1 0 0 0 0 0 0 0 0 0 0 0 0 0
0 0 0 0 0 0 0 0 0 0 0 0 0 0 0 0 0 0 0 0 0 0 0 0 0 0 0 0 0 0 0 0 0 0 0 0 0 0 0 0 0 0 0 0 0 0 0 0 0 0 0 0 0 0 0 0 0 0 0 0 0
0 0 0 0 0 0 0 0 0 0 0 0 0 0 0 0 0 0 0 0 0 0 0 0 0 0 0 0 0 0 0 0 0 0 0 0 0 0 0 0 0 0 0 0 0 0 0 0 0 0 0 0 0 0 0 0 0 0 0 0 0
0 0 0 0 0 0 0 0 0 0 0 0 0 0 0 0 0 0 0 0 0 0 0 0 0 0 0 0 0 0 0 0 0 0 0 0 0 0 0 0 0 0 0 0 0 0 0 0 0 0 0 0 0 0 0 0 0 0 0 0 0
0 0 0 0 0 0 0 0 0 0 0 0 0 0 0 0 0 0 0 0 0 0 0 0 0 0 0 0 0 0 0 0 0 0 0 0 0 0 0 0 0 0 0 0 0 0 0 0 0 0 0 0 0 0 0 0 0 0 0 0 0
0 0 0 0 0 0 0 0 0 0 0 0 0 0 0 0 0 0 0 0 0 0 0 0 0 0 0 0 0 0 0 0 0 0 0 0 0 0 0 0 0 0 0 0 0 0 0 0 0 0 0 0 0 0 0 0 0 0 0 0 0
0 0 0 0 0 0 0 0 0 0 0 0 0 0 0 0 0 0 0 0 0 0 0 0 0 0 0 0 0 0 0 0 0 0 0 0 0 0 0 0 0 0 0 0 0 0 0 0 0 0 0 0 0 0 0 0 0 0 0 0 0

I cap
1058.909090909091 1058.909090909091 1058.909090909091 976.349090909091 946.44 796.3599999999999 1065.9599999999998 1064.16 585.78 509.29999999999995 279.81999999999994 34.78000000000006 509.60000000000014 668.0199999999999 534.9199999999998 480.98909090909115 423.72909090909116 532.3690909090909 241.70909090909095 599.589090909091 602.629090909091 799.7690909090909 640.689090909091 788.469090909091 865.449090909091 988.909090909091 927.349090909091 692.349090909091 338.60909090909104 300.94909090909107 527.749090909091 757.4690909090909 544.789090909091 433.50909090909107 158.26000000000005 389.69999999999993 446.80000000000007 516.54 638.8599999999999 694.78 723.44 786.44 838.0 849.0 486.9200000000001 493.46000000000004 544.6199999999999 751.5999999999999 474.86000000000024 325.08000000000004 381.6199999999999 562.94 501.84000000000003 620.0399999999998 831.6199999999999 1035.1 908.909090909091 1042.909090909091 1058.909090909091 1058.909090909091 1058.909090909091
107.96969696969697 107.96969696969697 107.96969696969697 104.52969696969697 106.56 99.64 113.04 76.84 38.22000000000001 77.7 67.18 65.22000000000001 85.4 75.98 83.08 82.88969696969697 84.14969696969698 7.509696969696968 11.169696969696972 24.289696969696973 24.24969696969697 28.10969696969697 7.189696969696967 16.409696969696974 37.42969696969697 20.96969696969697 76.52969696969697 71.52969696969697 77.86969696969697 75.52969696969697 78.92969696969698 95.40969696969697 48.089696969696966 38.369696969696975 5.740000000000002 48.300000000000004 6.200000000000001 12.46 13.139999999999997 13.22 71.56 45.56 61.0 75.0 58.080000000000005 74.53999999999999 68.38 92.39999999999999 73.14000000000001 49.92 56.38 28.060000000000002 4.159999999999999 10.56000000000001 46.980000000000004 24.700000000000003 77.96969696969697 83.96969696969697 107.96969696969697 107.96969696969697 107.96969696969697
38.96666666666666 38.96666666666666 38.96666666666666 38.96666666666666 44.099999999999994 27.333333333333336 26.633333333333333 23.833333333333336 12.558333333333339 11.858333333333336 3.4583333333333304 2.0583333333333353 9.833333333333334 21.733333333333334 16.833333333333336 24.299999999999997 2.633333333333331 2.633333333333331 2.633333333333331 24.299999999999997 38.96666666666666 24.299999999999997 24.299999999999997 24.299999999999997 24.299999999999997 24.299999999999997 24.299999999999997 38.96666666666666 14.033333333333328 14.033333333333328 22.83333333333333 38.96666666666666 17.299999999999997 17.299999999999997 2.1333333333333346 4.2333333333333325 3.533333333333333 8.433333333333335 14.624999999999996 18.124999999999996 25.124999999999996 27.225000000000005 39.900000000000006 39.2 0.06666666666667531 4.966666666666667 9.166666666666671 51.099999999999994 37.8 39.2 42.0 49.0 52.5 11.391666666666666 13.49166666666666 23.691666666666666 26.29166666666666 38.96666666666666 38.96666666666666 38.96666666666666 38.96666666666666
45.24545454545453 45.24545454545453 45.24545454545453 44.615454545454526 30.869999999999997 37.85999999999999 32.80999999999999 5.309999999999998 5.610000000000002 39.519999999999996 42.89999999999999 28.289999999999992 27.84 27.569999999999993 27.520000000000003 43.35545454545452 37.40545454545452 22.235454545454523 23.805454545454523 38.49545454545452 40.835454545454525 41.46545454545453 40.195454545454524 33.14545454545453 34.225454545454525 42.71545454545453 44.615454545454526 43.41545454545452 36.82545454545452 34.14545454545452 37.39545454545452 19.135454545454518 2.51545454545452 4.005454545454522 0.35999999999999766 4.019999999999999 4.249999999999996 15.729999999999993 33.94 52.019999999999996 40.26 45.779999999999994 52.43000000000001 34.92999999999999 32.609999999999985 44.63999999999999 1.3199999999999914 6.089999999999985 35.22999999999998 44.86999999999998 50.96999999999999 46.47999999999999 44.52999999999999 50.04 46.82 46.980000000000004 44.045454545454525 44.045454545454525 45.24545454545453 45.24545454545453 45.24545454545453
20.999999999999993 20.999999999999993 20.999999999999993 20.789999999999992 12.09 21.119999999999997 20.77 20.30999999999999 17.399999999999988 19.58 23.319999999999997 18.299999999999997 19.32 21.96 17.34 20.36999999999999 20.01999999999999 18.37999999999999 16.29999999999999 19.289999999999992 19.249999999999993 19.459999999999994 19.409999999999993 19.14999999999999 19.539999999999992 19.949999999999992 20.789999999999992 20.789999999999992 17.82999999999999 16.93999999999999 17.61999999999999 18.829999999999984 14.72999999999999 15.439999999999987 16.13999999999999 20.13999999999999 16.88999999999999 17.769999999999992 19.039999999999996 17.419999999999998 13.86 19.98 19.669999999999998 22.469999999999995 19.309999999999995 19.879999999999995 15.239999999999993 12.829999999999991 11.879999999999995 10.029999999999994 17.059999999999995 19.859999999999996 16.649999999999995 16.009999999999998 20.06 19.639999999999997 20.519999999999992 20.519999999999992 20.999999999999993 20.999999999999993 20.999999999999993
345.75757575757575 345.75757575757575 345.75757575757575 341.76757575757574 237.91 247.88000000000002 282.48 269.31 283.81 287.8 275.40000000000003 255.34999999999997 280.58 283.79 291.56 295.5375757575757 268.88757575757575 290.88757575757575 295.64757575757574 303.57757575757574 319.24757575757576 327.23757575757577 318.06757575757575 308.36757575757576 324.75757575757575 319.9075757575757 276.86757575757576 292.21757575757573 297.57757575757574 281.21757575757573 304.08757575757573 305.27757575757573 264.9475757575757 292.1275757575757 227.81 280.8 286.81 297.67 306.23 308.39000000000004 308.12 388.01 378.0 338.15 294.62 281.96999999999997 299.90999999999997 298.47 351.0199999999999 340.27 317.79 320.99 341.71999999999997 383.26 371.25 307.15000000000003 306.70757575757574 345.75757575757575 345.75757575757575 345.75757575757575 345.75757575757575
779.7575757575758 779.7575757575758 779.7575757575758 764.8475757575758 594.99 669.95 796.8500000000001 756.24 818.7100000000002 823.15 803.1999999999999 715.32 741.6300000000001 749.6800000000001 772.87 702.9175757575758 692.5475757575758 674.6775757575758 614.3475757575758 660.6575757575758 689.8775757575758 709.6875757575758 695.5175757575759 674.1175757575758 711.5075757575758 728.0075757575758 722.3675757575758 723.3875757575759 645.6775757575758 601.777575757576 646.6675757575758 708.1675757575758 599.3275757575757 649.6975757575758 496.47 658.86 732.67 745.9300000000001 712.19 626.78 662.33 733.22 773.99 687.07 603.4100000000001 612.8200000000002 572.32 623.85 552.0100000000001 534.1400000000001 619.48 636.59 591.58 654.47 701.9499999999999 587.2199999999999 734.7575757575758 760.3175757575757 779.7575757575758 779.7575757575758 779.7575757575758
80.73333333333335 80.73333333333335 80.73333333333335 80.10333333333335 66.87 87.66000000000001 80.05999999999999 80.92999999999998 78.85999999999999 89.02 81.84 85.93 95.62000000000002 95.00999999999998 86.82 78.84333333333336 78.14333333333336 73.98333333333333 73.06333333333335 76.23333333333336 77.58333333333334 78.21333333333334 78.26333333333335 75.59333333333335 77.03333333333335 77.81333333333335 80.10333333333335 80.10333333333335 77.25333333333334 76.11333333333336 76.62333333333335 75.62333333333333 70.06333333333333 71.87333333333335 37.82999999999998 62.459999999999994 71.59 71.13000000000001 73.92 77.36 77.63 80.19000000000001 82.46000000000001 85.95999999999998 86.88000000000001 91.84 79.11999999999999 75.38999999999999 71.37 71.05000000000003 72.61 67.52999999999999 61.7 63.23000000000002 65.98 62.129999999999995 78.57333333333335 78.57333333333335 80.73333333333335 80.73333333333335 80.73333333333335
10.775757575757575 10.775757575757575 10.775757575757575 10.775757575757575 6.0 1.370000000000001 0.6699999999999999 1.9699999999999993 1.370000000000001 0.6699999999999999 2.7600000000000007 4.470000000000001 0.9699999999999998 1.370000000000001 7.569999999999999 3.135757575757575 0.1557575757575762 0.9357575757575751 1.295757575757575 0.9957575757575761 3.9457575757575736 5.045757575757574 2.4457575757575767 1.5157575757575747 4.925757575757575 5.595757575757576 0.1557575757575762 1.9857575757575758 3.5757575757575757 1.1757575757575758 5.975757575757576 6.545757575757575 0.1557575757575762 4.385757575757576 3.7200000000000006 2.3200000000000003 0.22000000000000064 2.460000000000001 2.2699999999999996 3.8800000000000017 8.94 8.450000000000001 12.25 8.719999999999999 0.7300000000000026 2.110000000000001 4.2700000000000005 3.380000000000001 6.910000000000001 2.669999999999999 1.2699999999999987 3.3200000000000003 6.5200000000000005 8.27 3.5599999999999987 0.5800000000000001 4.385757575757576 10.775757575757575 10.775757575757575 10.775757575757575 10.775757575757575
2.545454545454545 2.545454545454545 2.545454545454545 1.915454545454545 2.17 0.5599999999999999 1.06 0.03000000000000025 0.3400000000000001 0.6600000000000001 2.08 0.1399999999999999 0.1399999999999999 0.42000000000000026 0.42000000000000026 0.6554545454545452 0.6554545454545452 0.7154545454545451 0.35545454545454525 0.5654545454545452 1.0754545454545452 1.7054545454545451 1.915454545454545 0.9254545454545451 1.825454545454545 1.825454545454545 1.915454545454545 1.915454545454545 1.0754545454545452 0.4454545454545452 0.4454545454545452 0.23545454545454514 1.0754545454545452 1.2854545454545452 2.1700000000000004 2.8 2.17 0.2100000000000002 1.21 0.04999999999999993 1.66 1.4700000000000002 2.8 1.4 0.8400000000000002 1.54 0.42000000000000026 1.8900000000000006 0.28 0.07000000000000006 2.5200000000000005 0.43000000000000005 0.10000000000000009 1.6200000000000003 0.5800000000000001 0.6999999999999997 1.825454545454545 1.825454545454545 2.545454545454545 2.545454545454545 2.545454545454545
8.515433299825174 8.515433299825174 8.515433299825174 8.515433299825174 6.912467298850573 7.022428793103447 6.732168334845734 5.712643339382938 8.582005998185117 8.415477844827585 9.468051379310342 8.424513620689654 8.072245517241377 6.934843620689653 7.171228362068963 6.903507068965515 7.347958076225045 5.57305117967332 5.287462468239562 5.911721810344826 5.316825815047022 7.800885172413793 7.524155344827585 7.3512225589836655 7.516059107683001 6.8676703448275855 6.422110172413793 7.787375689655171 7.533204655172414 7.100086551724136 8.576433965517241 7.110398684210527 3.709452813067148 3.6781239398064103 8.213741663641867 10.30335324863884 4.083554682395643 6.60852675136116 6.0205596823956435 6.818360172413793 6.419270689655172 6.706775172413793 6.6294239655172404 6.528703049001814 5.808723675136115 6.978302758620689 2.7842458711433737 3.481202059891104 4.38644344827586 5.319361379310344 7.072547413793102 4.968049455535387 5.8642815789473675 6.072244655172411 8.433809999999998 6.781816896551723 7.825778127411381 8.515433299825174 8.170605713618277 8.170605713618277 8.515433299825174
700.0 700.0 700.0 700.0 690.0 687.0 684.0 688.0 683.0 680.0 678.0 671.0 680.0 687.0 683.0 677.0 676.0 677.0 682.0 685.0 690.0 688.0 681.0 684.0 680.0 683.0 681.0 683.0 672.0 681.0 679.0 687.0 680.0 678.0 683.0 673.0 683.0 682.0 678.0 681.0 678.0 687.0 679.0 683.0 670.0 683.0 680.0 688.0 680.0 678.0 684.0 686.0 685.0 679.0 677.0 675.0 688.0 694.0 694.0 696.0 699.0

H cap
94.67500000000001 24.85 28.174999999999997 -1.75 1.5750000000000064 4.899999999999995 24.849999999999994 74.72500000000002 34.824999999999996 -18.375 1.5749999999999993 61.42500000000003 61.42500000000003 4.900000000000002 4.900000000000002 51.45 -18.375 11.549999999999999 1.5749999999999993 11.550000000000006 81.37500000000003 71.40000000000003 91.35000000000002 64.75000000000003 8.224999999999996 54.775 38.150000000000006 -21.700000000000003 -1.7499999999999964 18.20000000000001 48.125000000000014 78.05000000000001 1.5750000000000064 1.5750000000000064 28.175000000000004 4.899999999999999 54.775 38.15 51.45 91.35000000000002 54.77500000000003 44.800000000000026 -8.4 1.5749999999999993 48.125000000000014 -1.7500000000000036 -11.725 -11.725000000000001 -1.7499999999999964 4.899999999999995 34.824999999999996 58.100000000000016 101.32500000000002 131.25 131.25 131.25 131.25 131.25 131.25 131.25 131.25
47.275 40.15 45.375 39.199999999999996 21.14999999999999 30.65 42.050000000000004 33.5 35.4 38.25 40.625 41.575 42.050000000000004 38.25 28.275 35.875 38.25 43.0 43.0 36.35 41.1 41.1 45.85 43.95 29.225 37.775 47.75 38.25 25.424999999999997 16.4 14.025 26.849999999999994 26.849999999999994 24.949999999999996 29.699999999999996 37.3 52.5 47.75 41.1 41.1 25.9 26.85 32.075 11.174999999999994 21.14999999999999 39.2 38.25 38.25 33.975 26.85 33.975 45.85 50.6 52.5 52.5 52.5 52.5 52.5 52.5 52.5 52.5
56.349999999999994 49.69999999999999 53.02499999999999 49.69999999999999 49.69999999999999 46.374999999999986 43.04999999999998 46.374999999999986 49.69999999999999 53.02499999999999 46.374999999999986 43.04999999999998 43.04999999999998 43.04999999999998 43.04999999999998 49.69999999999999 53.02499999999999 53.02499999999999 49.69999999999999 53.02499999999999 56.349999999999994 49.69999999999999 53.02499999999999 46.374999999999986 36.39999999999998 49.69999999999999 53.02499999999999 46.374999999999986 46.374999999999986 46.374999999999986 53.02499999999999 59.675 49.69999999999999 49.69999999999999 53.02499999999999 49.69999999999999 56.349999999999994 56.349999999999994 53.02499999999999 53.02499999999999 49.69999999999999 53.02499999999999 49.69999999999999 49.69999999999999 46.374999999999986 36.39999999999998 46.374999999999986 49.69999999999999 43.04999999999998 39.72499999999998 43.04999999999998 49.69999999999999 59.675 63.0 63.0 63.0 63.0 63.0 63.0 63.0 63.0
28.875 -0.09999999999999609 19.375 0.8500000000000023 6.5500000000000025 1.325000000000002 0.375 7.974999999999991 1.325000000000001 3.700000000000003 1.8000000000000025 1.3250000000000037 23.65 1.3250000000000037 0.8500000000000023 55.47500000000001 14.150000000000006 -0.09999999999999609 3.225000000000006 -0.09999999999999498 0.3749999999999982 8.924999999999997 -0.5749999999999993 4.175000000000004 0.37500000000000355 15.575000000000006 -29.549999999999997 -68.5 1.3249999999999975 9.399999999999999 0.3750000000000018 25.55 0.8500000000000076 2.750000000000007 1.3249999999999975 0.8500000000000023 7.024999999999999 0.3750000000000071 7.025000000000006 0.375 0.8499999999999961 16.525 11.775000000000002 1.3250000000000002 16.049999999999997 0.37500000000000355 7.9750000000000005 1.3250000000000028 6.550000000000002 0.8499999999999952 12.249999999999993 -1.0500000000000052 25.075000000000003 78.75 78.75 78.75 78.75 78.75 78.75 78.75 78.75

Gap
NaN

Time
NaN

