T P M C
61 37 4 12

base obj
16.09126853538618

exp obj
19.552670430060136

Objective struct
16.09126853538618 1.1525623885918004 28.7843137254902

num campaigns
151

x
0 0 0 0 0 0 1 0 0 0 0 0 0 0 0 0 0 1 0 1 0 0 0 1 1 1 0 0 1 0 0 0 0 0 0 0 0 1 0 1 0 0 1 0 1 0 0 0 0 0 1 0 0 0 0 1 0 0 0 0 0
0 0 0 0 0 0 0 0 0 0 0 0 0 1 0 0 0 0 0 0 0 0 0 0 0 0 0 0 0 0 0 0 0 0 0 0 1 0 0 0 0 0 0 0 0 0 0 0 0 0 0 0 0 0 0 0 0 0 0 0 0
0 0 0 0 0 0 0 0 0 0 0 0 1 0 0 0 0 0 0 0 0 0 0 0 0 0 0 0 0 0 0 0 0 0 0 1 0 0 0 0 0 0 0 0 0 0 0 0 0 0 0 0 0 0 0 0 0 0 0 0 0
0 0 0 0 0 0 0 0 1 0 0 0 0 1 0 0 1 0 2 0 0 0 0 0 0 0 0 0 1 0 0 0 0 0 1 2 0 0 0 1 0 0 0 0 0 0 0 1 0 0 0 0 0 0 0 0 0 0 0 0 0
0 0 0 0 0 0 0 0 0 0 0 0 1 1 0 0 0 0 0 0 0 0 0 0 0 0 0 0 1 0 0 0 0 0 1 2 0 0 0 0 0 0 0 0 0 0 0 1 0 0 0 0 0 3 0 0 0 0 0 0 0
0 0 0 0 0 0 0 0 0 0 0 0 0 0 0 0 0 0 0 0 0 0 0 0 0 0 0 0 0 0 0 0 0 0 0 0 0 0 0 0 0 0 0 0 0 0 0 0 0 0 0 0 0 0 0 0 0 0 0 0 0
0 0 0 0 0 0 0 0 0 0 0 0 1 2 0 0 1 0 0 1 0 0 0 0 0 0 0 0 1 0 0 0 0 1 0 0 0 2 0 0 0 0 0 0 0 0 0 0 0 0 0 0 2 1 0 0 0 0 0 0 0
0 0 0 0 0 0 0 1 0 0 0 0 0 0 0 1 0 0 0 0 0 0 0 0 0 0 0 0 0 0 0 0 0 0 0 0 0 0 0 0 0 0 0 0 0 0 1 0 0 0 0 0 0 0 0 1 0 0 0 0 0
0 0 0 0 1 0 0 0 0 1 0 0 0 0 0 0 0 0 0 0 0 0 0 0 0 0 0 0 0 0 0 0 0 0 0 0 0 0 0 0 0 0 0 0 0 0 0 0 0 0 0 0 0 0 0 0 0 0 0 0 0
0 0 0 0 0 0 0 0 0 0 0 0 0 0 0 0 0 0 0 0 0 0 0 0 0 0 0 0 0 0 0 0 0 0 0 0 0 0 0 0 0 0 0 0 0 0 0 0 0 0 0 0 0 0 0 0 0 0 0 0 0
0 0 0 0 0 0 0 0 1 0 0 0 0 0 0 0 0 0 1 0 0 0 0 0 1 0 0 0 0 0 0 0 0 0 0 1 0 0 0 0 0 0 1 0 0 0 0 0 0 0 0 0 0 0 0 0 0 0 0 0 0
0 0 0 0 0 0 0 0 0 0 0 0 0 0 0 0 0 0 0 0 0 1 0 0 0 0 0 0 0 0 0 0 0 0 1 0 0 0 0 0 1 0 0 0 0 0 0 0 0 0 0 0 0 1 0 0 0 0 0 0 0
0 0 0 0 0 0 0 0 0 0 0 0 0 0 0 0 0 0 0 0 0 0 0 0 0 0 0 0 1 0 0 0 0 0 0 0 0 0 0 0 0 0 0 0 0 0 0 0 0 0 0 0 0 0 0 0 0 0 0 0 0
0 0 0 0 0 0 0 0 1 0 0 2 1 0 0 0 0 0 1 0 0 0 0 0 0 0 0 0 0 0 0 0 0 0 0 0 2 0 1 0 0 0 0 0 0 0 0 0 0 0 0 0 0 0 0 0 0 0 0 0 0
0 0 0 0 0 0 0 1 0 1 0 0 0 0 0 0 0 0 0 0 0 0 0 0 0 0 0 0 0 0 0 0 0 0 0 0 0 0 0 0 0 0 0 0 0 0 0 0 1 1 0 0 0 0 0 0 0 0 0 0 0
0 0 0 0 0 0 0 0 0 0 0 0 0 0 0 0 0 0 0 0 0 0 0 0 0 0 0 0 0 0 0 0 0 0 0 0 0 0 1 0 0 0 0 0 0 0 0 0 0 0 0 0 0 0 0 0 0 0 0 0 0
0 0 0 0 0 0 0 0 0 0 0 0 0 1 0 0 0 1 0 1 0 0 0 0 0 0 0 0 0 0 1 0 0 0 0 0 0 0 0 0 0 0 0 0 0 0 0 0 0 0 0 0 0 1 0 1 0 0 0 0 0
0 0 0 0 0 0 0 0 0 0 0 0 0 0 0 0 0 0 0 0 0 0 0 0 0 0 0 0 0 0 0 0 0 1 0 0 0 0 0 1 0 0 1 0 0 0 0 0 0 0 0 0 0 0 0 0 0 0 0 0 0
0 0 0 0 0 0 0 0 0 0 0 0 0 0 0 0 0 0 0 0 0 0 0 0 0 0 0 0 0 0 0 0 0 0 0 0 0 0 0 0 0 0 0 0 0 0 0 0 0 0 0 0 0 0 0 0 0 0 0 0 0
0 0 0 0 0 0 0 0 0 0 0 0 0 0 0 0 0 0 0 0 0 0 0 0 0 0 0 0 0 0 1 0 0 0 0 0 0 0 0 0 0 0 0 0 1 0 0 0 0 0 0 0 0 0 0 0 0 0 0 0 0
0 0 0 0 0 0 0 0 0 0 0 1 0 1 0 0 1 1 0 1 0 0 0 0 0 0 0 0 1 0 0 2 0 0 0 0 0 0 0 0 0 0 0 0 0 0 0 0 0 0 0 0 0 3 0 0 0 0 0 0 0
0 0 0 0 1 0 0 0 0 0 0 0 0 0 0 0 0 0 0 0 0 0 0 0 0 0 1 0 0 0 0 0 0 0 0 0 0 0 0 0 0 0 0 0 0 0 0 0 0 0 0 0 0 0 0 0 0 0 0 0 0
0 0 0 0 0 0 0 0 0 0 0 0 0 0 1 0 0 0 0 0 0 0 1 0 0 1 0 0 0 0 0 0 0 0 0 0 0 0 0 0 0 0 0 0 0 0 0 0 0 0 0 0 0 0 1 0 0 0 0 0 0
0 0 0 0 0 0 0 0 0 0 1 0 0 0 0 1 1 0 0 0 1 0 0 1 0 0 0 0 0 1 1 0 0 0 1 0 0 0 0 0 0 0 0 0 0 0 1 0 0 0 0 0 1 0 0 0 0 0 0 0 0
0 0 0 0 0 0 0 0 0 0 0 0 0 0 0 0 0 0 0 0 0 1 0 0 0 0 0 0 0 0 0 0 1 0 0 0 0 0 0 0 1 0 1 0 0 1 0 0 0 0 0 1 0 0 0 0 0 0 0 0 0
0 0 0 0 0 0 0 1 0 0 0 0 0 0 1 0 0 0 0 0 1 0 0 0 0 0 0 0 0 0 1 0 0 0 0 0 0 1 0 0 0 0 0 0 0 0 1 0 0 1 0 0 1 0 0 0 0 0 0 0 0
0 0 0 0 0 0 0 0 0 0 1 0 0 0 0 1 0 0 0 0 0 0 0 0 0 0 0 0 1 0 0 0 0 0 1 0 0 0 0 0 0 1 0 1 1 0 0 0 0 0 1 1 0 0 0 0 0 0 0 0 0
0 0 0 0 0 0 0 0 0 0 1 0 0 0 0 0 0 0 0 0 0 0 0 0 0 0 0 0 0 0 0 0 0 0 0 0 0 0 0 0 0 0 0 0 0 0 0 0 1 0 0 0 0 0 0 0 0 0 0 0 0
0 0 0 0 0 0 0 0 0 0 0 0 0 0 0 0 0 0 0 0 0 0 0 0 0 0 0 0 0 0 0 0 0 0 0 0 0 0 0 0 0 0 0 0 0 0 0 0 0 0 0 0 0 0 0 0 0 0 0 0 0
0 0 0 0 0 0 0 0 0 0 0 0 0 0 0 0 0 1 0 0 1 0 0 0 0 0 0 0 0 0 0 0 1 0 0 0 0 0 2 0 0 1 0 1 0 0 0 0 0 0 0 0 0 0 0 0 0 0 0 0 0
0 0 0 0 0 0 0 0 0 0 0 0 0 0 0 0 0 0 0 0 0 0 0 0 0 0 0 0 0 0 0 0 0 0 0 0 0 0 0 0 0 0 0 0 0 0 0 0 0 0 0 0 0 0 0 0 0 0 0 0 0
0 0 0 0 0 0 0 0 0 0 0 0 0 0 0 0 0 0 0 0 0 0 0 0 0 0 0 0 0 0 0 0 0 0 0 0 0 0 0 0 0 0 0 0 0 0 0 0 0 0 0 0 0 0 0 0 0 0 0 0 0
0 0 0 0 0 0 0 0 0 0 0 0 0 0 0 0 0 0 0 0 0 0 0 0 0 0 0 0 0 0 0 0 0 0 0 0 0 0 0 0 0 0 0 0 0 0 0 0 0 0 0 0 0 0 0 0 0 0 0 0 0
0 0 0 0 0 0 0 0 0 0 0 0 0 0 0 0 0 0 0 0 0 0 0 0 0 0 0 0 0 0 0 0 0 0 0 0 0 0 0 0 0 0 0 0 0 0 0 0 0 0 0 0 0 0 0 0 0 0 0 0 0
0 0 0 0 0 0 0 0 0 0 0 0 0 0 0 0 0 0 0 0 0 0 0 0 0 0 0 0 0 0 0 0 0 0 0 0 0 0 0 0 0 0 0 0 0 0 0 0 0 0 0 0 0 0 0 0 0 0 0 0 0
0 0 0 0 0 0 0 0 0 0 0 0 0 0 0 0 0 0 0 0 0 0 0 0 0 0 0 0 0 0 0 0 0 0 0 0 0 0 0 0 0 0 0 0 0 0 0 0 0 0 0 0 0 0 0 0 0 0 0 0 0
0 0 0 0 0 0 0 0 0 0 0 0 0 0 0 0 0 0 0 0 0 0 0 0 0 0 0 0 0 0 0 0 1 0 0 0 0 0 0 0 0 0 0 0 0 0 0 1 0 0 0 0 0 0 0 0 0 0 0 0 0

y
0.0 18.363636363636363 18.75 0.0 0.0 0.0 0.0 0.0 0.0 0.0 0.0 0.0 0.0 0.0 0.0 0.0 0.0 0.0 0.0 0.0 0.0 11.8 0.0 0.0 0.0 0.0 0.0 0.0 0.0 0.0 0.0 0.0 0.0 0.0 0.0 0.0 4.800000000000001

k
0 10 11 0 7 12 0 0 0 29 0 0 11 3 3 0 0 0 25 0 1 4 0 0 0 0 1 0 21 45 52 52 104 52 52 52 4

f
0.0 0.0 0.0 26.25 0.0 0.0 19.25 0.0 0.0 0.0 1.75 0.0 0.0 0.0 0.0 0.0 0.0 0.0 0.0 0.0 0.0 19.25 0.0 0.0 0.0 0.0 0.0 0.0 0.0 0.0 0.0 0.0 0.0 0.0 0.0 1.75 0.0 0.0 0.0 0.0 0.0 0.0 0.0 0.0 0.0 8.75 0.0 0.0 0.0 0.0 0.0 19.25 0.0 0.0 0.0 0.0 0.0 0.0 0.0 0.0 0.0
0.0 0.0 0.0 0.0 0.0 0.0 0.0 0.0 0.0 0.0 0.0 0.0 0.0 0.0 0.0 0.0 0.0 0.0 0.0 0.0 0.0 0.0 0.0 0.0 0.0 0.0 0.0 0.0 0.0 0.0 0.0 0.0 0.0 0.0 0.0 0.0 0.0 0.0 0.0 0.0 0.0 0.0 0.0 0.0 0.0 0.0 0.0 0.0 0.0 0.0 0.0 0.0 0.0 0.0 0.0 0.0 0.0 0.0 0.0 0.0 0.0
0.0 0.0 0.0 0.0 0.0 0.0 0.0 0.0 0.0 0.0 0.0 0.0 0.0 0.0 0.0 0.0 0.0 0.0 0.0 0.0 0.0 0.0 0.0 0.0 0.0 0.0 0.0 0.0 0.0 0.0 0.0 0.0 0.0 0.0 0.0 0.0 0.0 0.0 0.0 0.0 0.0 0.0 0.0 0.0 0.0 0.0 0.0 0.0 0.0 0.0 0.0 0.0 0.0 0.0 0.0 0.0 0.0 0.0 0.0 0.0 0.0
11.25 11.25 0.0 0.0 0.0 0.0 0.0 0.0 0.0 0.0 0.0 1.25 0.0 0.0 0.0 0.0 0.0 0.0 2.25 0.0 0.0 0.75 59.75 5.25 0.0 0.0 0.0 0.0 0.0 0.0 0.0 0.0 0.0 0.25 0.0 0.0 2.25 0.0 0.0 0.0 0.0 0.0 0.0 0.0 0.0 0.0 0.0 0.0 0.0 0.0 0.0 5.75 0.0 0.0 0.0 0.0 0.0 0.0 0.0 0.0 0.0

L
1 23 23 0 0 0 0 8 5 0 6 6 0 0 1 0 2 3 0 14 0 22 3 1 2 3 1 38 0 0 0 0 0 0 0 0 15

g
0 0 0 0 0 0 0 0 0 0 0 0 0 0 0 0 0 0 0 0 0 0 0 0 0 0 0 0 0 0 0 0 0 0 0 0 0 0 0 0 0 0 0 0 0 0 0 0 0 0 0 0 0 0 0 0 0 0 0 0 0
0 0 0 0 0 0 0 0 0 0 0 0 0 0 0 0 0 0 0 0 0 0 0 0 0 0 0 0 0 0 0 0 0 0 0 0 0 0 0 0 0 0 0 0 0 0 0 0 0 0 0 0 0 0 0 0 0 0 0 0 0
0 0 0 0 0 0 0 0 0 0 0 0 0 0 0 0 0 0 0 0 0 0 0 0 0 0 0 0 0 0 0 0 0 0 0 0 0 0 0 0 0 0 0 0 0 0 0 0 0 0 0 0 0 0 0 0 0 0 0 0 0
0 0 0 0 0 0 0 0 0 0 0 0 0 0 0 0 0 0 1 0 0 0 0 0 0 0 0 0 0 0 0 0 0 0 0 1 0 0 0 0 0 0 0 0 0 0 0 0 0 0 0 0 0 0 0 0 0 0 0 0 0
0 0 0 0 0 0 0 0 0 0 0 0 0 0 0 0 0 0 0 0 0 0 0 0 0 0 0 0 0 0 0 0 0 0 0 1 0 0 0 0 0 0 0 0 0 0 0 0 0 0 0 0 0 2 0 0 0 0 0 0 0
0 0 0 0 0 0 0 0 0 0 0 0 0 0 0 0 0 0 0 0 0 0 0 0 0 0 0 0 0 0 0 0 0 0 0 0 0 0 0 0 0 0 0 0 0 0 0 0 0 0 0 0 0 0 0 0 0 0 0 0 0
0 0 0 0 0 0 0 0 0 0 0 0 0 1 0 0 0 0 0 0 0 0 0 0 0 0 0 0 0 0 0 0 0 0 0 0 0 1 0 0 0 0 0 0 0 0 0 0 0 0 0 0 1 0 0 0 0 0 0 0 0
0 0 0 0 0 0 0 0 0 0 0 0 0 0 0 0 0 0 0 0 0 0 0 0 0 0 0 0 0 0 0 0 0 0 0 0 0 0 0 0 0 0 0 0 0 0 0 0 0 0 0 0 0 0 0 0 0 0 0 0 0
0 0 0 0 0 0 0 0 0 0 0 0 0 0 0 0 0 0 0 0 0 0 0 0 0 0 0 0 0 0 0 0 0 0 0 0 0 0 0 0 0 0 0 0 0 0 0 0 0 0 0 0 0 0 0 0 0 0 0 0 0
0 0 0 0 0 0 0 0 0 0 0 0 0 0 0 0 0 0 0 0 0 0 0 0 0 0 0 0 0 0 0 0 0 0 0 0 0 0 0 0 0 0 0 0 0 0 0 0 0 0 0 0 0 0 0 0 0 0 0 0 0
0 0 0 0 0 0 0 0 0 0 0 0 0 0 0 0 0 0 0 0 0 0 0 0 0 0 0 0 0 0 0 0 0 0 0 0 0 0 0 0 0 0 0 0 0 0 0 0 0 0 0 0 0 0 0 0 0 0 0 0 0
0 0 0 0 0 0 0 0 0 0 0 0 0 0 0 0 0 0 0 0 0 0 0 0 0 0 0 0 0 0 0 0 0 0 0 0 0 0 0 0 0 0 0 0 0 0 0 0 0 0 0 0 0 0 0 0 0 0 0 0 0
0 0 0 0 0 0 0 0 0 0 0 0 0 0 0 0 0 0 0 0 0 0 0 0 0 0 0 0 0 0 0 0 0 0 0 0 0 0 0 0 0 0 0 0 0 0 0 0 0 0 0 0 0 0 0 0 0 0 0 0 0
0 0 0 0 0 0 0 0 0 0 0 1 0 0 0 0 0 0 0 0 0 0 0 0 0 0 0 0 0 0 0 0 0 0 0 0 1 0 0 0 0 0 0 0 0 0 0 0 0 0 0 0 0 0 0 0 0 0 0 0 0
0 0 0 0 0 0 0 0 0 0 0 0 0 0 0 0 0 0 0 0 0 0 0 0 0 0 0 0 0 0 0 0 0 0 0 0 0 0 0 0 0 0 0 0 0 0 0 0 0 0 0 0 0 0 0 0 0 0 0 0 0
0 0 0 0 0 0 0 0 0 0 0 0 0 0 0 0 0 0 0 0 0 0 0 0 0 0 0 0 0 0 0 0 0 0 0 0 0 0 0 0 0 0 0 0 0 0 0 0 0 0 0 0 0 0 0 0 0 0 0 0 0
0 0 0 0 0 0 0 0 0 0 0 0 0 0 0 0 0 0 0 0 0 0 0 0 0 0 0 0 0 0 0 0 0 0 0 0 0 0 0 0 0 0 0 0 0 0 0 0 0 0 0 0 0 0 0 0 0 0 0 0 0
0 0 0 0 0 0 0 0 0 0 0 0 0 0 0 0 0 0 0 0 0 0 0 0 0 0 0 0 0 0 0 0 0 0 0 0 0 0 0 0 0 0 0 0 0 0 0 0 0 0 0 0 0 0 0 0 0 0 0 0 0
0 0 0 0 0 0 0 0 0 0 0 0 0 0 0 0 0 0 0 0 0 0 0 0 0 0 0 0 0 0 0 0 0 0 0 0 0 0 0 0 0 0 0 0 0 0 0 0 0 0 0 0 0 0 0 0 0 0 0 0 0
0 0 0 0 0 0 0 0 0 0 0 0 0 0 0 0 0 0 0 0 0 0 0 0 0 0 0 0 0 0 0 0 0 0 0 0 0 0 0 0 0 0 0 0 0 0 0 0 0 0 0 0 0 0 0 0 0 0 0 0 0
0 0 0 0 0 0 0 0 0 0 0 0 0 0 0 0 0 0 0 0 0 0 0 0 0 0 0 0 0 0 0 1 0 0 0 0 0 0 0 0 0 0 0 0 0 0 0 0 0 0 0 0 0 2 0 0 0 0 0 0 0
0 0 0 0 0 0 0 0 0 0 0 0 0 0 0 0 0 0 0 0 0 0 0 0 0 0 0 0 0 0 0 0 0 0 0 0 0 0 0 0 0 0 0 0 0 0 0 0 0 0 0 0 0 0 0 0 0 0 0 0 0
0 0 0 0 0 0 0 0 0 0 0 0 0 0 0 0 0 0 0 0 0 0 0 0 0 0 0 0 0 0 0 0 0 0 0 0 0 0 0 0 0 0 0 0 0 0 0 0 0 0 0 0 0 0 0 0 0 0 0 0 0
0 0 0 0 0 0 0 0 0 0 0 0 0 0 0 0 0 0 0 0 0 0 0 0 0 0 0 0 0 0 0 0 0 0 0 0 0 0 0 0 0 0 0 0 0 0 0 0 0 0 0 0 0 0 0 0 0 0 0 0 0
0 0 0 0 0 0 0 0 0 0 0 0 0 0 0 0 0 0 0 0 0 0 0 0 0 0 0 0 0 0 0 0 0 0 0 0 0 0 0 0 0 0 0 0 0 0 0 0 0 0 0 0 0 0 0 0 0 0 0 0 0
0 0 0 0 0 0 0 0 0 0 0 0 0 0 0 0 0 0 0 0 0 0 0 0 0 0 0 0 0 0 0 0 0 0 0 0 0 0 0 0 0 0 0 0 0 0 0 0 0 0 0 0 0 0 0 0 0 0 0 0 0
0 0 0 0 0 0 0 0 0 0 0 0 0 0 0 0 0 0 0 0 0 0 0 0 0 0 0 0 0 0 0 0 0 0 0 0 0 0 0 0 0 0 0 0 0 0 0 0 0 0 0 0 0 0 0 0 0 0 0 0 0
0 0 0 0 0 0 0 0 0 0 0 0 0 0 0 0 0 0 0 0 0 0 0 0 0 0 0 0 0 0 0 0 0 0 0 0 0 0 0 0 0 0 0 0 0 0 0 0 0 0 0 0 0 0 0 0 0 0 0 0 0
0 0 0 0 0 0 0 0 0 0 0 0 0 0 0 0 0 0 0 0 0 0 0 0 0 0 0 0 0 0 0 0 0 0 0 0 0 0 0 0 0 0 0 0 0 0 0 0 0 0 0 0 0 0 0 0 0 0 0 0 0
0 0 0 0 0 0 0 0 0 0 0 0 0 0 0 0 0 0 0 0 0 0 0 0 0 0 0 0 0 0 0 0 0 0 0 0 0 0 1 0 0 0 0 0 0 0 0 0 0 0 0 0 0 0 0 0 0 0 0 0 0
0 0 0 0 0 0 0 0 0 0 0 0 0 0 0 0 0 0 0 0 0 0 0 0 0 0 0 0 0 0 0 0 0 0 0 0 0 0 0 0 0 0 0 0 0 0 0 0 0 0 0 0 0 0 0 0 0 0 0 0 0
0 0 0 0 0 0 0 0 0 0 0 0 0 0 0 0 0 0 0 0 0 0 0 0 0 0 0 0 0 0 0 0 0 0 0 0 0 0 0 0 0 0 0 0 0 0 0 0 0 0 0 0 0 0 0 0 0 0 0 0 0
0 0 0 0 0 0 0 0 0 0 0 0 0 0 0 0 0 0 0 0 0 0 0 0 0 0 0 0 0 0 0 0 0 0 0 0 0 0 0 0 0 0 0 0 0 0 0 0 0 0 0 0 0 0 0 0 0 0 0 0 0
0 0 0 0 0 0 0 0 0 0 0 0 0 0 0 0 0 0 0 0 0 0 0 0 0 0 0 0 0 0 0 0 0 0 0 0 0 0 0 0 0 0 0 0 0 0 0 0 0 0 0 0 0 0 0 0 0 0 0 0 0
0 0 0 0 0 0 0 0 0 0 0 0 0 0 0 0 0 0 0 0 0 0 0 0 0 0 0 0 0 0 0 0 0 0 0 0 0 0 0 0 0 0 0 0 0 0 0 0 0 0 0 0 0 0 0 0 0 0 0 0 0
0 0 0 0 0 0 0 0 0 0 0 0 0 0 0 0 0 0 0 0 0 0 0 0 0 0 0 0 0 0 0 0 0 0 0 0 0 0 0 0 0 0 0 0 0 0 0 0 0 0 0 0 0 0 0 0 0 0 0 0 0
0 0 0 0 0 0 0 0 0 0 0 0 0 0 0 0 0 0 0 0 0 0 0 0 0 0 0 0 0 0 0 0 0 0 0 0 0 0 0 0 0 0 0 0 0 0 0 0 0 0 0 0 0 0 0 0 0 0 0 0 0

I cap
1058.909090909091 1058.909090909091 1058.909090909091 1043.249090909091 1198.4959999999999 1030.406 1113.374 970.0919999999999 562.826 741.1139999999999 761.058 865.77 679.194 473.32200000000006 765.54 658.355090909091 576.4910909090911 788.4590909090912 535.1090909090913 785.3450909090911 740.7590909090911 732.9110909090911 700.9970909090911 797.4050909090911 781.3130909090911 781.3130909090911 731.2010909090911 835.9970909090911 458.8250909090909 780.323090909091 697.865090909091 851.8550909090911 812.0390909090911 850.7750909090911 267.98999999999995 39.93600000000007 341.19600000000014 200.12200000000007 584.4900000000001 517.4580000000001 573.114 671.4920000000001 603.0860000000001 615.2900000000001 641.4700000000001 626.4000000000001 685.266 510.51599999999996 538.394 507.54400000000004 546.894 547.5219999999999 607.4159999999998 581.688 908.896 1074.504 927.113090909091 951.3050909090911 953.105090909091 1058.909090909091 1058.909090909091
107.96969696969697 107.96969696969697 107.96969696969697 97.52969696969697 101.104 77.99399999999999 85.42599999999999 53.408 22.57399999999998 34.48599999999998 48.94199999999999 103.42999999999999 85.306 27.277999999999988 70.75999999999999 50.42369696969697 41.38769696969695 65.21969696969695 11.669696969696965 69.23369696969696 68.81969696969696 53.26769696969696 71.68169696969696 76.07369696969695 71.46569696969696 71.46569696969696 69.37769696969696 98.68169696969696 54.29369696969697 75.69569696969697 76.43369696969697 99.02369696969697 85.64969696969696 84.71369696969697 3.7200000000000024 0.06400000000000095 30.304 30.177999999999997 69.51 61.64199999999998 58.48599999999999 65.708 38.65399999999998 72.85 39.54999999999998 52.999999999999986 40.634 34.29399999999998 47.415999999999976 47.865999999999985 92.506 93.478 69.884 1.411999999999983 34.603999999999985 42.196000000000005 70.56569696969696 71.57369696969695 73.37369696969697 107.96969696969697 107.96969696969697
38.96666666666666 38.96666666666666 38.96666666666666 38.96666666666666 44.099999999999994 42.0 41.3 38.5 39.900000000000006 39.2 30.799999999999997 16.200000000000003 11.3 10.0 18.3 25.766666666666662 25.766666666666662 12.566666666666663 12.566666666666663 12.566666666666663 25.766666666666662 25.766666666666662 38.96666666666666 38.96666666666666 38.96666666666666 38.96666666666666 38.96666666666666 38.96666666666666 3.326666666666661 3.326666666666661 11.246666666666663 12.566666666666663 1.159166666666664 1.159166666666664 12.3925 7.492499999999998 18.2 23.1 15.892499999999997 19.3925 26.3925 17.085000000000008 13.052500000000004 12.352500000000001 17.472500000000004 41.3 45.5 51.099999999999994 44.8 46.2 49.0 49.0 52.5 9.399999999999999 11.499999999999993 12.899999999999999 38.96666666666666 38.96666666666666 38.96666666666666 38.96666666666666 38.96666666666666
45.24545454545453 45.24545454545453 45.24545454545453 43.35545454545453 32.109 40.44599999999999 40.50899999999999 43.743 35.519999999999996 39.885999999999996 40.05899999999999 33.428 29.769000000000005 26.747 27.556 41.59145454545453 33.14045454545452 35.08445454545452 37.32545454545452 38.567454545454524 38.567454545454524 42.62645454545453 42.46445454545453 42.27545454545453 43.16645454545453 43.16645454545453 42.78845454545453 43.54445454545453 39.80945454545453 41.87945454545452 42.18545454545453 39.323454545454524 33.590454545454534 38.94545454545453 30.435000000000006 24.821999999999996 29.76299999999999 22.445999999999998 30.361000000000008 51.977 33.97 39.650999999999996 43.415000000000006 38.38199999999999 42.414 41.334 39.672 33.209999999999994 35.91 43.736 54.164 52.004000000000005 53.212999999999994 49.897999999999996 46.03 45.463 43.16645454545453 43.35545454545453 43.481454545454525 45.24545454545453 45.24545454545453
20.999999999999993 20.999999999999993 20.999999999999993 20.729999999999993 14.079 22.791999999999998 20.665000000000003 22.119000000000003 17.113999999999997 19.112 23.034999999999997 23.583999999999996 20.688000000000002 19.449 17.321 20.081999999999994 17.76899999999999 19.676999999999992 15.725999999999992 20.243999999999993 20.243999999999993 20.02799999999999 20.000999999999994 19.937999999999995 20.306999999999995 20.306999999999995 20.180999999999994 20.432999999999993 18.398999999999994 20.747999999999994 20.810999999999993 20.49599999999999 18.88499999999999 19.199999999999992 16.445999999999998 16.447 16.654999999999998 16.816999999999997 19.228999999999996 16.299 13.161000000000001 19.875 18.923 23.043999999999997 19.992 19.291999999999998 19.381999999999998 16.984 21.243999999999996 17.797999999999995 20.048 20.748 20.110999999999997 17.360999999999997 19.112 18.887 20.180999999999994 20.243999999999993 20.29799999999999 20.999999999999993 20.999999999999993
345.75757575757575 345.75757575757575 345.75757575757575 345.75757575757575 255.409 278.529 305.332 268.852 288.709 291.049 268.51 270.22 292.88100000000003 294.65400000000005 254.35599999999997 294.9705757575758 317.32657575757577 295.21357575757577 267.0885757575757 278.96857575757576 278.9685757575757 303.43057575757575 334.9845757575757 333.7875757575757 332.5905757575757 332.5905757575757 330.1965757575757 334.9845757575757 310.3335757575758 306.31957575757576 288.3465757575758 283.7565757575757 286.31257575757576 321.45757575757574 205.31 246.57000000000002 273.36800000000005 268.387 273.02 280.931 282.78 375.368 347.13 327.271 341.271 303.821 329.629 320.409 364.74899999999997 364.74899999999997 361.002 328.822 339.449 370.653 364.99899999999997 321.802 282.5595757575757 307.02157575757576 342.16657575757574 345.75757575757575 345.75757575757575
779.7575757575758 779.7575757575758 779.7575757575758 757.8875757575757 623.589 720.307 823.75 775.909 809.716 812.7640000000001 777.203 814.331 771.9279999999999 741.796 763.553 697.8665757575758 680.8295757575758 689.2895757575758 613.2035757575757 710.2145757575757 710.2145757575757 705.8585757575757 722.0045757575758 717.5315757575758 730.5545757575757 730.5545757575757 721.6085757575757 739.5005757575758 672.2435757575757 705.7955757575756 702.1775757575758 728.1065757575758 709.9535757575758 732.9575757575758 503.2530000000001 531.5239999999999 684.378 733.8229999999999 702.5139999999999 605.084 620.798 711.3560000000001 700.154 646.759 617.45 596.14 630.725 574.7860000000001 625.9560000000001 606.4140000000001 708.692 659.954 657.67 666.9480000000001 699.5440000000001 585.697 708.3245757575758 728.0255757575758 752.4875757575758 779.7575757575758 779.7575757575758
80.73333333333335 80.73333333333335 80.73333333333335 78.57333333333335 65.277 86.96100000000001 80.76 87.872 83.097 88.321 81.3 89.272 97.59100000000001 94.05599999999998 87.735 79.19433333333336 77.16033333333336 78.02433333333336 75.48633333333335 78.78033333333336 78.78033333333336 76.92633333333336 77.08833333333337 76.89933333333336 78.65433333333335 78.65433333333335 78.27633333333337 79.03233333333337 77.79033333333335 79.97733333333335 80.16633333333336 79.53633333333336 72.90333333333335 73.53333333333335 36.807 62.44 73.62100000000001 71.90800000000003 73.71700000000003 76.85700000000001 73.90700000000001 78.19200000000002 78.83600000000003 86.247 88.22100000000002 91.021 85.26100000000002 71.757 69.17699999999999 67.84900000000002 75.54400000000001 71.344 68.733 63.33700000000002 64.63300000000001 61.428 79.22133333333335 79.41033333333336 79.48233333333336 80.73333333333335 80.73333333333335
10.775757575757575 10.775757575757575 10.775757575757575 10.775757575757575 8.4 5.588000000000001 4.888 0.36099999999999977 2.321000000000001 0.6309999999999989 0.4490000000000003 2.9130000000000003 1.9769999999999988 4.373 0.23799999999999916 1.190757575757576 5.510757575757575 1.7037575757575745 0.36275757575757517 1.2177575757575756 1.2177575757575756 5.024757575757576 10.775757575757575 10.775757575757575 10.775757575757575 10.775757575757575 10.775757575757575 10.775757575757575 8.615757575757575 6.455757575757575 2.6487575757575748 1.2177575757575756 3.224757575757576 8.975757575757575 4.44 1.5459999999999996 1.3050000000000004 2.9010000000000002 0.9409999999999994 5.075 7.665 7.640000000000001 8.98 7.52 7.275 3.715 4.498000000000001 4.721 3.0309999999999997 1.720999999999997 3.2059999999999995 0.484 1.5909999999999993 2.8279999999999976 0.6969999999999992 0.4269999999999996 0.2727575757575753 4.079757575757576 9.920757575757575 10.775757575757575 10.775757575757575
2.545454545454545 2.545454545454545 2.545454545454545 1.735454545454545 0.9369999999999996 0.07699999999999985 1.3959999999999995 1.344 1.4229999999999996 0.23699999999999988 2.0439999999999996 0.7519999999999999 0.2659999999999998 1.425 1.641 1.5194545454545447 1.9784545454545448 1.2224545454545448 1.2224545454545448 1.222454545454545 1.222454545454545 0.5204545454545446 0.19645454545454455 0.007454545454544714 0.4664545454545449 0.466454545454545 0.08845454545454456 0.8444545454545446 0.2234545454545449 0.4394545454545449 0.9794545454545447 1.9784545454545448 0.7454545454545449 0.7454545454545449 0.10900000000000021 0.4509999999999994 0.9099999999999995 0.3179999999999999 1.0179999999999996 0.07699999999999985 0.01899999999999935 0.31799999999999984 0.26199999999999946 0.07699999999999985 0.777 1.4769999999999994 1.533 1.833 0.4329999999999996 0.4329999999999996 3.444 2.0439999999999996 2.2329999999999997 2.175 1.5849999999999995 1.3959999999999995 1.789454545454545 1.9784545454545448 1.9784545454545448 2.545454545454545 2.545454545454545
8.515433299825174 8.515433299825174 8.515433299825174 8.515433299825174 6.898846781609194 7.913808275862068 7.18600698275862 8.027652586206898 9.197468965517242 8.200823017241381 9.577706413793104 9.531065379310347 8.85845227586207 6.729671379310342 7.014331810344826 7.370748293103448 7.798048665154266 7.451844300362977 5.8201305172413775 5.3138363203266765 6.165918374030687 7.88019551724138 8.417258965517242 7.598164655172414 6.29566908045977 5.855084137931033 5.870386034482758 9.045996551724139 8.032687603448279 7.600086741379311 9.174709862068967 8.95459106170599 6.896385662431941 7.4040767528735625 10.69468524712644 9.942191568965521 5.008509155172411 6.281330744101632 6.528182186932849 6.156808448275861 5.888798820326677 6.636902058983667 6.221193320326678 6.219265352087113 6.259839534482759 7.2024405517241386 5.900035362068965 5.924033275862067 5.909891568965516 5.981775017241378 7.719271241379311 7.303094517241378 8.354753137931036 7.586037775862069 8.606223965517243 5.803713793103446 7.42922640327345 7.739571230859657 8.205088472238968 8.515433299825174 8.205088472238968
700.0 700.0 700.0 698.2 694.6 691.9000000000001 691.0000000000001 691.0000000000002 683.8000000000002 676.6000000000001 685.6 684.7 679.3000000000001 673.9000000000001 681.1000000000001 683.8000000000002 675.7 682.0 681.1000000000001 682.9000000000002 686.5 685.6000000000001 682.9000000000001 682.9 686.5000000000001 684.7000000000002 686.5000000000001 688.3000000000001 683.8000000000003 686.5000000000002 679.3000000000001 674.8 685.6000000000001 687.4000000000001 685.6000000000001 682.9000000000003 680.2000000000002 684.7000000000002 682.0000000000001 685.6000000000003 687.4000000000001 683.8000000000001 683.8000000000002 682.0000000000002 683.8000000000002 690.1000000000001 686.5000000000001 682.9000000000002 688.3000000000002 690.1000000000001 689.2000000000002 686.5000000000002 683.8000000000002 674.8000000000003 678.4000000000002 682.0000000000002 690.1 695.5000000000001 697.3000000000001 700.0 698.2

H cap
61.25 61.25 78.75 -26.25 5.25 22.75 -19.25 57.75 89.25 1.75 -1.75 15.75 8.75 15.75 26.25 15.75 36.75 99.75 75.25 33.25 5.25 -19.25 8.75 96.25 19.25 8.75 89.25 78.75 99.75 75.25 26.25 8.75 33.25 22.75 22.75 -1.75 12.25 92.75 5.25 5.25 33.25 40.25 57.75 47.25 22.75 -8.75 8.75 33.25 71.75 5.25 1.75 -19.25 15.75 131.25 131.25 131.25 131.25 131.25 131.25 131.25 131.25
49.5 49.5 47.5 37.5 33.0 35.0 41.5 39.5 31.0 24.5 36.0 44.5 40.0 35.0 27.5 28.5 37.5 47.5 50.5 47.5 40.5 40.5 47.5 52.5 33.0 33.0 47.5 47.5 44.5 42.5 41.0 29.5 26.0 30.5 29.5 31.0 43.0 44.5 39.5 39.5 38.5 44.5 47.5 38.0 38.0 42.5 39.5 41.5 45.5 33.5 37.5 37.5 37.5 52.5 52.5 52.5 52.5 52.5 52.5 52.5 52.5
56.0 56.0 59.5 49.0 45.5 49.0 49.0 56.0 56.0 42.0 42.0 45.5 45.5 49.0 45.5 45.5 49.0 56.0 59.5 52.5 49.0 49.0 52.5 59.5 45.5 42.0 45.5 49.0 59.5 56.0 45.5 28.0 38.5 52.5 52.5 49.0 52.5 59.5 49.0 49.0 49.0 52.5 52.5 42.0 49.0 52.5 49.0 52.5 52.5 42.0 45.5 49.0 52.5 63.0 63.0 63.0 63.0 63.0 63.0 63.0 63.0
-11.25 -11.25 56.25 6.25 1.25 11.25 4.25 1.25 1.25 3.25 1.25 -1.25 2.75 0.75 0.75 1.25 4.25 0.25 -2.25 0.75 7.75 -0.75 -59.75 -5.25 23.75 0.25 1.25 18.75 0.75 1.25 23.75 0.75 0.25 -0.25 4.25 1.25 -2.25 19.75 0.25 0.25 30.25 1.25 0.25 0.25 3.25 3.75 9.25 0.25 1.25 2.75 0.75 -5.75 26.25 78.75 78.75 78.75 78.75 78.75 78.75 78.75 78.75

Gap
NaN

Time
NaN

