T P M C
22 37 4 12

base obj
1021.4935897435896

exp obj
774.9743589743588

Objective struct
1021.4935897435896 0.6666666666666666 34.75

num campaigns
36

x
0 0 0 0 0 1 0 0 0 0 0 1 0 0 0 1 0 0 0 0 0 0
0 0 0 0 1 0 0 0 0 0 0 0 0 0 0 0 0 0 0 0 0 0
0 0 0 0 0 0 0 0 0 0 0 0 0 0 0 0 0 0 0 0 0 0
0 0 0 0 0 0 0 1 0 0 0 1 1 0 0 0 0 0 0 0 0 0
0 0 0 0 0 0 0 0 0 0 0 0 0 0 0 0 0 0 0 0 0 0
0 0 0 0 0 0 0 0 0 0 0 0 0 0 0 0 0 0 0 0 0 0
0 0 0 0 0 0 0 0 0 0 0 0 0 0 0 0 0 0 0 0 0 0
0 0 0 0 0 0 0 0 0 0 0 0 0 0 0 0 1 0 0 0 0 0
0 0 0 0 0 0 0 0 0 0 0 0 0 0 0 0 1 0 0 0 0 0
0 0 0 0 0 0 0 0 0 0 0 0 0 0 0 0 0 0 0 0 0 0
0 0 0 0 1 1 0 0 0 0 0 0 0 0 0 0 0 0 0 0 0 0
0 0 0 0 0 0 1 0 0 0 0 0 0 0 0 0 0 0 0 0 0 0
0 0 0 0 0 0 0 0 0 0 0 0 0 0 0 0 0 0 0 0 0 0
0 0 0 0 0 0 0 0 0 0 0 0 0 0 0 0 0 0 0 0 0 0
0 0 0 0 0 0 0 0 0 0 0 0 1 1 0 0 0 0 0 0 0 0
0 0 0 0 0 0 0 1 0 0 0 0 0 0 0 0 0 0 0 0 0 0
0 0 0 0 0 0 0 0 0 0 0 0 0 0 0 0 0 0 0 0 0 0
0 0 0 0 0 0 1 0 0 0 0 0 0 0 0 0 0 0 0 0 0 0
0 0 0 0 0 0 0 0 0 0 0 0 0 0 0 0 0 0 0 0 0 0
0 0 0 0 1 0 0 0 0 0 0 0 0 0 0 0 0 0 0 0 0 0
0 0 0 0 0 0 0 0 0 0 0 0 0 0 0 0 0 0 0 0 0 0
0 0 0 0 0 0 0 0 0 1 0 0 0 0 0 0 0 0 0 0 0 0
0 0 0 0 0 0 1 0 0 0 0 0 0 0 0 0 0 0 0 0 0 0
0 0 0 0 0 0 0 0 0 0 0 0 0 0 0 0 0 0 0 0 0 0
0 0 0 0 1 0 0 0 0 0 0 0 0 0 1 0 0 0 0 0 0 0
0 0 0 0 0 0 0 0 0 0 0 0 0 1 1 0 0 0 0 0 0 0
0 0 0 0 0 0 0 0 0 0 0 0 0 0 0 0 0 0 0 0 0 0
0 0 0 0 0 0 0 0 0 0 0 0 0 0 1 0 0 0 0 0 0 0
0 0 0 0 0 0 0 0 0 0 0 0 0 0 0 0 0 0 0 0 0 0
0 0 0 0 0 0 0 4 0 0 0 3 2 0 0 0 0 0 0 0 0 0
0 0 0 0 0 0 0 0 0 0 0 3 0 0 0 0 0 0 0 0 0 0
0 0 0 0 0 0 0 0 0 0 0 0 0 0 0 0 0 0 0 0 0 0
0 0 0 0 0 0 0 0 0 0 0 0 0 0 0 0 0 0 0 0 0 0
0 0 0 0 0 0 0 0 0 0 0 0 0 0 0 0 0 0 0 0 0 0
0 0 0 0 0 0 0 0 0 0 0 0 0 0 0 0 0 0 0 0 0 0
0 0 0 0 0 0 0 0 0 0 0 0 0 0 0 0 0 0 0 0 0 0
0 0 0 0 0 0 0 0 0 0 0 0 0 0 0 0 0 0 0 0 0 0

y
0.0 0.0 0.0 0.0 0.0 0.0 0.0 0.0 0.0 0.0 0.0 0.0 0.0 0.0 0.0 0.0 0.0 0.0 0.0 0.0 0.0 0.0 0.0 0.0 0.0 0.0 0.0 0.0 0.0 0.0 0.0 0.0 0.0 0.0 0.0 0.0 0.0

k
1 2 4 0 5 3 3 0 0 8 0 0 3 3 0 0 2 0 7 0 3 1 0 3 0 0 3 0 6 4 10 13 26 13 13 13 2

f
0.0 0.0 12.25 0.0 0.0 0.0 0.0 0.0 0.0 0.0 0.0 0.0 8.75 0.0 0.0 0.0 0.0 0.0 0.0 0.0 0.0 0.0
0.0 0.0 0.0 0.0 0.0 0.0 0.0 0.0 0.0 0.0 0.0 0.0 0.0 0.0 0.0 0.0 0.0 0.0 0.0 0.0 0.0 0.0
0.0 0.0 0.0 0.0 0.0 0.0 0.0 0.0 0.0 0.0 0.0 0.0 0.0 0.0 0.0 0.0 0.0 0.0 0.0 0.0 0.0 0.0
0.0 5.25 0.0 1.25 0.0 5.25 5.25 0.0 0.0 1.75 5.75 0.0 0.0 0.0 0.0 0.0 0.0 0.0 0.0 0.0 0.0 0.0

L
4 0 0 1 0 0 0 0 0 0 1 0 0 0 1 0 0 0 0 0 0 0 0 0 10 1 0 0 0 0 0 0 0 0 0 0 0

g
0 0 0 0 0 0 0 0 0 0 0 0 0 0 0 0 0 0 0 0 0 0
0 0 0 0 0 0 0 0 0 0 0 0 0 0 0 0 0 0 0 0 0 0
0 0 0 0 0 0 0 0 0 0 0 0 0 0 0 0 0 0 0 0 0 0
0 0 0 0 0 0 0 0 0 0 0 0 0 0 0 0 0 0 0 0 0 0
0 0 0 0 0 0 0 0 0 0 0 0 0 0 0 0 0 0 0 0 0 0
0 0 0 0 0 0 0 0 0 0 0 0 0 0 0 0 0 0 0 0 0 0
0 0 0 0 0 0 0 0 0 0 0 0 0 0 0 0 0 0 0 0 0 0
0 0 0 0 0 0 0 0 0 0 0 0 0 0 0 0 0 0 0 0 0 0
0 0 0 0 0 0 0 0 0 0 0 0 0 0 0 0 0 0 0 0 0 0
0 0 0 0 0 0 0 0 0 0 0 0 0 0 0 0 0 0 0 0 0 0
0 0 0 0 0 0 0 0 0 0 0 0 0 0 0 0 0 0 0 0 0 0
0 0 0 0 0 0 0 0 0 0 0 0 0 0 0 0 0 0 0 0 0 0
0 0 0 0 0 0 0 0 0 0 0 0 0 0 0 0 0 0 0 0 0 0
0 0 0 0 0 0 0 0 0 0 0 0 0 0 0 0 0 0 0 0 0 0
0 0 0 0 0 0 0 0 0 0 0 0 0 0 0 0 0 0 0 0 0 0
0 0 0 0 0 0 0 0 0 0 0 0 0 0 0 0 0 0 0 0 0 0
0 0 0 0 0 0 0 0 0 0 0 0 0 0 0 0 0 0 0 0 0 0
0 0 0 0 0 0 0 0 0 0 0 0 0 0 0 0 0 0 0 0 0 0
0 0 0 0 0 0 0 0 0 0 0 0 0 0 0 0 0 0 0 0 0 0
0 0 0 0 0 0 0 0 0 0 0 0 0 0 0 0 0 0 0 0 0 0
0 0 0 0 0 0 0 0 0 0 0 0 0 0 0 0 0 0 0 0 0 0
0 0 0 0 0 0 0 0 0 0 0 0 0 0 0 0 0 0 0 0 0 0
0 0 0 0 0 0 0 0 0 0 0 0 0 0 0 0 0 0 0 0 0 0
0 0 0 0 0 0 0 0 0 0 0 0 0 0 0 0 0 0 0 0 0 0
0 0 0 0 0 0 0 0 0 0 0 0 0 0 0 0 0 0 0 0 0 0
0 0 0 0 0 0 0 0 0 0 0 0 0 0 0 0 0 0 0 0 0 0
0 0 0 0 0 0 0 0 0 0 0 0 0 0 0 0 0 0 0 0 0 0
0 0 0 0 0 0 0 0 0 0 0 0 0 0 0 0 0 0 0 0 0 0
0 0 0 0 0 0 0 0 0 0 0 0 0 0 0 0 0 0 0 0 0 0
0 0 0 0 0 0 0 3 0 0 0 2 1 0 0 0 0 0 0 0 0 0
0 0 0 0 0 0 0 0 0 0 0 2 0 0 0 0 0 0 0 0 0 0
0 0 0 0 0 0 0 0 0 0 0 0 0 0 0 0 0 0 0 0 0 0
0 0 0 0 0 0 0 0 0 0 0 0 0 0 0 0 0 0 0 0 0 0
0 0 0 0 0 0 0 0 0 0 0 0 0 0 0 0 0 0 0 0 0 0
0 0 0 0 0 0 0 0 0 0 0 0 0 0 0 0 0 0 0 0 0 0
0 0 0 0 0 0 0 0 0 0 0 0 0 0 0 0 0 0 0 0 0 0
0 0 0 0 0 0 0 0 0 0 0 0 0 0 0 0 0 0 0 0 0 0

I cap
1058.909090909091 1058.909090909091 1038.509090909091 908.9490909090911 1073.24 1037.56 1086.8600000000001 1040.04 935.0600000000001 1021.0600000000001 924.74 651.1599999999999 651.5799999999999 636.4000000000001 441.98 447.58909090909094 621.689090909091 921.9490909090911 924.349090909091 1010.709090909091 1058.909090909091 1058.909090909091
107.96969696969697 107.96969696969697 107.96969696969697 104.52969696969697 101.56 65.44 24.139999999999986 43.96000000000001 90.94 128.94 121.26 93.84 86.42 80.60000000000001 55.02000000000001 36.28969696969697 12.189696969696968 55.92969696969697 57.52969696969697 64.16969696969697 107.96969696969697 107.96969696969697
38.96666666666666 38.96666666666666 14.033333333333328 14.033333333333328 27.96666666666666 29.325 28.624999999999996 25.825 27.225000000000005 39.2 30.799999999999997 29.400000000000002 24.5 36.4 31.5 38.96666666666666 38.96666666666666 38.96666666666666 38.96666666666666 38.96666666666666 38.96666666666666 38.96666666666666
45.24545454545453 45.24545454545453 45.24545454545453 43.77545454545452 34.57 42.91999999999999 17.469999999999988 17.569999999999997 40.169999999999995 44.169999999999995 25.61999999999999 3.5100000000000007 19.96 33.739999999999995 29.470000000000006 40.835454545454525 39.155454545454525 41.185454545454526 41.46545454545453 43.91545454545453 45.24545454545453 45.24545454545453
20.999999999999993 20.999999999999993 20.999999999999993 20.789999999999992 14.49 23.519999999999996 19.359999999999996 18.609999999999996 19.609999999999996 20.089999999999996 22.539999999999992 10.36999999999999 10.719999999999999 15.780000000000001 19.25 19.789999999999992 19.429999999999993 19.879999999999992 19.919999999999995 20.429999999999993 20.999999999999993 20.999999999999993
345.75757575757575 345.75757575757575 345.75757575757575 334.62757575757576 250.76 285.79 273.79 240.41 280.51 295.51 283.81 262.68 293.68 297.62 287.62 314.8375757575758 328.0375757575758 341.76757575757574 341.76757575757574 345.75757575757575 345.75757575757575 345.75757575757575
779.7575757575758 779.7575757575758 779.7575757575758 733.3475757575758 638.34 751.37 795.24 723.4499999999999 864.4 875.74 822.9200000000001 776.58 785.68 821.94 795.8300000000002 687.2075757575758 683.9375757575757 725.1575757575758 728.3975757575757 764.3675757575758 779.7575757575758 779.7575757575758
80.73333333333335 80.73333333333335 80.73333333333335 80.10333333333335 68.67 89.46000000000001 77.38999999999999 82.21 85.41 92.47 81.27 84.85999999999999 95.36 97.44 88.2 76.65333333333334 74.97333333333334 77.02333333333335 77.34333333333335 79.97333333333334 80.73333333333335 80.73333333333335
10.775757575757575 10.775757575757575 10.775757575757575 9.515757575757576 7.65 9.290000000000001 2.99 2.0999999999999996 4.550000000000001 5.949999999999999 6.170000000000001 3.24 2.1399999999999997 1.4400000000000004 2.889999999999999 2.6857575757575747 6.015757575757576 9.725757575757575 9.725757575757575 9.825757575757576 10.775757575757575 10.775757575757575
2.545454545454545 2.545454545454545 2.545454545454545 0.6554545454545451 1.42 0.04999999999999993 0.45999999999999996 0.7500000000000002 1.45 1.4700000000000002 2.17 0.5599999999999999 0.5599999999999999 0.8400000000000002 0.8400000000000002 0.8054545454545451 0.26545454545454517 1.0754545454545452 1.195454545454545 2.545454545454545 2.545454545454545 2.545454545454545
8.515433299825174 8.515433299825174 8.515433299825174 8.515433299825174 6.550398333333332 6.660359999999999 4.936342735934663 6.594040970961885 10.215399999999997 9.449960948275862 9.413605090744102 7.5857662341197845 7.246474364791286 6.758981724137929 8.212607499999999 7.774196551724137 7.48507224137931 6.965338103448275 7.147716724137931 7.808273706896552 7.546136159874608 8.656057586206897
700.0 700.0 699.0 697.0 688.0 689.0 681.0 687.0 690.0 694.0 693.0 687.0 688.0 688.0 671.0 684.0 685.0 691.0 696.0 700.0 700.0 700.0

H cap
64.75 1.75 -12.25 5.25 85.75 96.25 96.25 68.25 5.25 15.75 33.25 33.25 -8.75 43.75 131.25 131.25 131.25 131.25 131.25 131.25 131.25 131.25
47.5 40.5 43.5 33.0 35.0 52.5 52.5 27.0 13.5 34.0 47.5 47.5 39.5 44.5 52.5 52.5 52.5 52.5 52.5 52.5 52.5 52.5
52.5 45.5 49.0 49.0 56.0 59.5 59.5 56.0 49.0 49.0 52.5 56.0 52.5 56.0 63.0 63.0 63.0 63.0 63.0 63.0 63.0 63.0
19.75 -5.25 7.25 -1.25 45.25 -5.25 -5.25 42.25 0.25 -1.75 -5.75 10.25 38.75 61.25 78.75 78.75 78.75 78.75 78.75 78.75 78.75 78.75

Gap
NaN

Time
NaN

