T P M C
22 37 4 12

base obj
16.851282051282052

exp obj
21.03429487179487

Objective struct
16.851282051282052 1.3333333333333333 32.25

num campaigns
58

x
0 0 0 0 0 0 2 0 0 0 0 0 1 0 0 1 0 0 0 0 0 0
0 0 0 0 0 0 0 0 0 0 0 1 0 0 0 0 0 0 0 0 0 0
0 0 0 0 0 0 0 0 0 0 0 0 0 0 0 0 0 0 0 0 0 0
0 0 0 0 1 0 0 0 0 0 0 0 0 1 1 0 0 0 0 0 0 0
0 0 0 0 1 0 0 0 0 0 0 0 0 0 0 0 0 0 0 0 0 0
0 0 0 0 0 0 0 0 1 0 0 0 0 1 0 0 0 0 0 0 0 0
0 0 0 0 1 0 0 0 0 0 1 0 0 1 0 0 0 0 0 0 0 0
0 0 0 0 0 0 0 0 0 0 1 0 0 0 0 0 0 0 0 0 0 0
0 0 0 0 0 0 0 0 0 0 0 0 0 0 0 0 1 0 0 0 0 0
0 0 0 0 0 0 0 0 0 0 0 0 0 0 0 0 0 0 0 0 0 0
0 0 0 0 0 0 0 0 0 1 0 0 0 0 1 0 0 0 0 0 0 0
0 0 0 0 0 0 0 0 1 0 0 0 0 0 0 0 0 0 0 0 0 0
0 0 0 0 0 0 0 0 0 0 0 0 0 0 0 0 0 0 0 0 0 0
0 0 0 0 0 0 0 0 0 1 1 0 1 0 0 0 0 0 0 0 0 0
0 0 0 0 1 0 0 0 0 0 0 0 0 0 1 0 0 0 0 0 0 0
0 0 0 0 0 0 0 0 0 0 0 1 0 0 0 0 0 0 0 0 0 0
0 0 0 0 0 0 0 0 0 0 0 0 0 0 0 0 0 0 0 0 0 0
0 0 0 0 0 0 0 0 1 0 0 0 0 0 0 0 0 0 0 0 0 0
0 0 0 0 0 0 0 0 0 0 0 0 0 0 0 0 0 0 0 0 0 0
0 0 0 0 0 0 1 0 0 0 0 0 0 0 0 0 0 0 0 0 0 0
0 0 0 0 1 0 0 0 0 0 0 0 1 0 0 0 1 0 0 0 0 0
0 0 0 0 0 0 0 0 0 0 0 0 0 0 0 0 0 0 0 0 0 0
0 0 0 0 0 1 0 0 0 0 0 0 0 0 0 0 0 0 0 0 0 0
0 0 0 0 0 0 0 0 0 0 0 0 0 0 0 0 0 0 0 0 0 0
0 0 0 0 0 0 0 1 0 0 0 0 0 0 0 0 1 0 0 0 0 0
0 0 0 0 0 0 0 0 1 0 0 0 0 1 0 0 0 0 0 0 0 0
0 0 0 0 0 0 0 0 0 0 0 0 0 0 0 0 1 0 0 0 0 0
0 0 0 0 0 0 0 0 1 0 0 0 0 0 0 0 0 0 0 0 0 0
0 0 0 0 0 0 0 0 0 0 0 0 0 0 0 0 0 0 0 0 0 0
0 0 0 0 2 0 0 0 0 2 4 0 0 1 3 0 0 0 0 0 0 0
0 0 0 0 0 0 0 0 0 2 4 0 0 0 0 0 0 0 0 0 0 0
0 0 0 0 0 0 0 0 0 2 1 0 0 0 0 0 0 0 0 0 0 0
0 0 0 0 0 0 0 0 0 0 0 0 0 0 0 0 0 0 0 0 0 0
0 0 0 0 0 0 0 0 0 0 0 0 0 0 0 0 0 0 0 0 0 0
0 0 0 0 0 0 0 0 0 0 0 0 0 0 0 0 0 0 0 0 0 0
0 0 0 0 0 0 0 0 0 0 0 0 0 0 0 0 0 0 0 0 0 0
0 0 0 0 0 0 0 0 0 0 0 0 0 0 0 0 0 0 0 0 0 0

y
0.0 0.0 0.0 0.0 0.0 0.0 0.0 0.0 0.0 0.0 0.0 0.0 0.0 0.0 0.0 0.0 0.0 0.0 0.0 0.0 0.0 0.0 0.0 0.0 0.0 0.0 0.0 0.0 0.0 0.0 0.0 0.0 0.0 0.0 0.0 0.0 0.0

k
0 2 4 0 4 1 0 0 0 8 0 0 3 0 0 0 2 0 7 0 0 2 0 3 0 0 2 0 6 1 7 10 26 13 13 13 2

f
0.0 0.0 19.25 0.0 0.0 0.0 0.0 1.75 1.75 0.0 0.0 0.0 0.0 0.0 0.0 0.0 0.0 0.0 0.0 0.0 0.0 0.0
0.0 0.0 0.0 0.0 0.0 0.0 11.5 0.0 0.0 0.0 0.0 0.0 0.0 0.0 0.0 0.0 0.0 0.0 0.0 0.0 0.0 0.0
0.0 0.0 0.0 0.0 0.0 0.0 0.0 0.0 0.0 0.0 0.0 0.0 0.0 0.0 0.0 0.0 0.0 0.0 0.0 0.0 0.0 0.0
0.0 1.75 5.75 12.75 3.25 0.0 0.0 0.0 0.0 0.25 0.75 0.0 0.25 0.0 0.0 0.0 0.0 0.0 0.0 0.0 0.0 0.0

L
0 0 0 1 0 5 3 0 0 0 5 0 0 1 10 0 0 0 0 0 4 0 0 0 9 5 0 0 0 0 0 0 0 0 0 0 0

g
0 0 0 0 0 0 1 0 0 0 0 0 0 0 0 0 0 0 0 0 0 0
0 0 0 0 0 0 0 0 0 0 0 0 0 0 0 0 0 0 0 0 0 0
0 0 0 0 0 0 0 0 0 0 0 0 0 0 0 0 0 0 0 0 0 0
0 0 0 0 0 0 0 0 0 0 0 0 0 0 0 0 0 0 0 0 0 0
0 0 0 0 0 0 0 0 0 0 0 0 0 0 0 0 0 0 0 0 0 0
0 0 0 0 0 0 0 0 0 0 0 0 0 0 0 0 0 0 0 0 0 0
0 0 0 0 0 0 0 0 0 0 0 0 0 0 0 0 0 0 0 0 0 0
0 0 0 0 0 0 0 0 0 0 0 0 0 0 0 0 0 0 0 0 0 0
0 0 0 0 0 0 0 0 0 0 0 0 0 0 0 0 0 0 0 0 0 0
0 0 0 0 0 0 0 0 0 0 0 0 0 0 0 0 0 0 0 0 0 0
0 0 0 0 0 0 0 0 0 0 0 0 0 0 0 0 0 0 0 0 0 0
0 0 0 0 0 0 0 0 0 0 0 0 0 0 0 0 0 0 0 0 0 0
0 0 0 0 0 0 0 0 0 0 0 0 0 0 0 0 0 0 0 0 0 0
0 0 0 0 0 0 0 0 0 0 0 0 0 0 0 0 0 0 0 0 0 0
0 0 0 0 0 0 0 0 0 0 0 0 0 0 0 0 0 0 0 0 0 0
0 0 0 0 0 0 0 0 0 0 0 0 0 0 0 0 0 0 0 0 0 0
0 0 0 0 0 0 0 0 0 0 0 0 0 0 0 0 0 0 0 0 0 0
0 0 0 0 0 0 0 0 0 0 0 0 0 0 0 0 0 0 0 0 0 0
0 0 0 0 0 0 0 0 0 0 0 0 0 0 0 0 0 0 0 0 0 0
0 0 0 0 0 0 0 0 0 0 0 0 0 0 0 0 0 0 0 0 0 0
0 0 0 0 0 0 0 0 0 0 0 0 0 0 0 0 0 0 0 0 0 0
0 0 0 0 0 0 0 0 0 0 0 0 0 0 0 0 0 0 0 0 0 0
0 0 0 0 0 0 0 0 0 0 0 0 0 0 0 0 0 0 0 0 0 0
0 0 0 0 0 0 0 0 0 0 0 0 0 0 0 0 0 0 0 0 0 0
0 0 0 0 0 0 0 0 0 0 0 0 0 0 0 0 0 0 0 0 0 0
0 0 0 0 0 0 0 0 0 0 0 0 0 0 0 0 0 0 0 0 0 0
0 0 0 0 0 0 0 0 0 0 0 0 0 0 0 0 0 0 0 0 0 0
0 0 0 0 0 0 0 0 0 0 0 0 0 0 0 0 0 0 0 0 0 0
0 0 0 0 0 0 0 0 0 0 0 0 0 0 0 0 0 0 0 0 0 0
0 0 0 0 1 0 0 0 0 1 3 0 0 0 2 0 0 0 0 0 0 0
0 0 0 0 0 0 0 0 0 1 3 0 0 0 0 0 0 0 0 0 0 0
0 0 0 0 0 0 0 0 0 1 0 0 0 0 0 0 0 0 0 0 0 0
0 0 0 0 0 0 0 0 0 0 0 0 0 0 0 0 0 0 0 0 0 0
0 0 0 0 0 0 0 0 0 0 0 0 0 0 0 0 0 0 0 0 0 0
0 0 0 0 0 0 0 0 0 0 0 0 0 0 0 0 0 0 0 0 0 0
0 0 0 0 0 0 0 0 0 0 0 0 0 0 0 0 0 0 0 0 0 0
0 0 0 0 0 0 0 0 0 0 0 0 0 0 0 0 0 0 0 0 0 0

I cap
1058.909090909091 1058.909090909091 995.209090909091 995.209090909091 737.24 896.78 955.2199999999998 1077.34 460.1600000000001 655.5200000000001 510.02000000000004 692.8000000000001 788.4799999999999 202.33999999999997 516.7400000000001 601.449090909091 651.5290909090909 819.6690909090911 901.849090909091 1045.709090909091 1058.909090909091 1058.909090909091
107.96969696969697 107.96969696969697 106.66969696969697 106.66969696969697 99.36 117.82000000000001 122.58 108.66 10.840000000000007 24.480000000000004 1.980000000000003 47.20000000000001 68.52 14.660000000000007 55.260000000000005 50.42969696969698 35.34969696969697 89.20969696969698 92.02969696969697 99.16969696969697 107.96969696969697 107.96969696969697
38.96666666666666 38.96666666666666 38.96666666666666 38.96666666666666 4.499999999999995 2.4000000000000004 10.499999999999998 25.825 27.225000000000005 26.525000000000002 18.124999999999996 29.400000000000002 9.833333333333334 21.733333333333334 16.833333333333336 38.96666666666666 24.299999999999997 24.299999999999997 24.299999999999997 38.96666666666666 38.96666666666666 38.96666666666666
45.24545454545453 45.24545454545453 45.24545454545453 33.34545454545452 19.54 42.83999999999999 42.41999999999999 44.519999999999996 23.159999999999997 3.889999999999989 14.459999999999983 33.22 27.099999999999998 2.499999999999999 8.810000000000006 40.39545454545452 38.56545454545452 40.255454545454526 40.53545454545453 45.24545454545453 45.24545454545453 45.24545454545453
20.999999999999993 20.999999999999993 20.999999999999993 20.29999999999999 11.18 23.379999999999995 21.14 22.54 16.609999999999992 10.029999999999987 2.259999999999991 4.319999999999997 9.84 19.059999999999995 15.789999999999997 19.56999999999999 19.59999999999999 20.50999999999999 20.549999999999994 20.999999999999993 20.999999999999993 20.999999999999993
345.75757575757575 345.75757575757575 332.55757575757576 332.55757575757576 227.22 272.82 298.16 277.96000000000004 248.13764705882352 234.01999999999995 179.28176470588235 219.2305882352941 277.09000000000003 281.5 290.21999999999997 323.24757575757576 316.73757575757577 308.36757575757576 320.76757575757574 345.75757575757575 345.75757575757575 345.75757575757575
779.7575757575758 779.7575757575758 763.5875757575758 763.5875757575758 574.91 738.0100000000001 833.07 792.05 800.48 815.25 703.4 752.85 790.94 687.39 749.43 676.0175757575759 660.4475757575758 695.1775757575758 713.6075757575758 779.7575757575758 779.7575757575758 779.7575757575758
80.73333333333335 80.73333333333335 80.73333333333335 79.33333333333334 64.84 89.04000000000002 82.32 87.91999999999999 78.52999999999999 83.03999999999999 75.73 87.93 97.02 88.66999999999997 83.54 75.26333333333335 74.45333333333335 77.86333333333336 78.18333333333335 80.73333333333335 80.73333333333335 80.73333333333335
10.775757575757575 10.775757575757575 7.1457575757575755 7.1457575757575755 3.67 6.170000000000001 5.47 5.6899999999999995 8.75 8.049999999999999 1.5900000000000014 1.6999999999999993 0.05999999999999939 1.5600000000000012 6.469999999999999 7.1457575757575755 4.745757575757576 2.5657575757575755 5.975757575757576 10.775757575757575 10.775757575757575 10.775757575757575
2.545454545454545 2.545454545454545 2.545454545454545 2.545454545454545 1.54 0.1399999999999999 1.12 0.42000000000000026 0.55 0.12000000000000022 0.18999999999999995 0.019999999999999907 0.04999999999999993 0.12000000000000022 0.8400000000000002 0.1754545454545452 0.26545454545454517 1.0754545454545452 1.195454545454545 2.545454545454545 2.545454545454545 2.545454545454545
8.515433299825174 8.515433299825174 8.515433299825174 7.789480486758024 5.576351318814275 7.196566896551722 6.246868879310344 8.073169827586206 9.13772287658802 6.709065434059286 8.132600683605565 8.981985229885057 8.214441696914701 5.315787531760433 6.022226547186929 7.087989827586206 6.798865344827585 7.654993103448275 7.492544137931034 7.463446120689655 7.546136159874608 8.656057586206897
700.0 700.0 700.0 699.0 691.0 685.0 685.0 685.0 682.0 682.0 683.0 685.0 685.0 677.0 681.0 687.0 682.0 684.0 687.0 698.0 700.0 700.0

H cap
36.75 1.75 -19.25 5.25 5.25 5.25 57.75 -1.75 -1.75 12.25 1.75 5.25 5.25 57.75 131.25 131.25 131.25 131.25 131.25 131.25 131.25 131.25
35.0 35.0 42.5 42.5 48.5 23.5 -11.5 7.5 36.5 33.0 24.5 29.0 41.5 46.5 52.5 52.5 52.5 52.5 52.5 52.5 52.5 52.5
52.5 49.0 49.0 52.5 56.0 52.5 56.0 52.5 52.5 52.5 45.5 49.0 52.5 56.0 63.0 63.0 63.0 63.0 63.0 63.0 63.0 63.0
30.25 -1.75 -5.75 -12.75 -3.25 4.25 1.25 0.25 0.75 -0.25 -0.75 10.25 -0.25 22.25 78.75 78.75 78.75 78.75 78.75 78.75 78.75 78.75

Gap
NaN

Time
NaN

