T P M C
22 37 4 12

base obj
16.047435897435896

exp obj
21.035576923076924

Objective struct
16.047435897435896 2.166666666666667 33.833333333333336

num campaigns
63

x
0 0 0 0 0 0 1 1 0 0 0 0 1 0 0 0 1 0 0 0 0 0
0 0 0 0 0 0 0 0 0 0 0 0 0 0 0 0 0 0 0 0 0 0
0 0 0 0 0 0 0 0 0 0 1 0 0 0 0 0 0 0 0 0 0 0
0 0 0 0 0 0 0 0 0 1 1 0 0 0 1 0 0 0 0 0 0 0
0 0 0 0 0 0 0 0 3 0 0 0 0 0 0 0 0 0 0 0 0 0
0 0 0 0 1 0 0 0 0 0 1 0 0 0 1 0 0 0 0 0 0 0
0 0 0 0 0 1 1 0 0 0 1 0 0 0 0 0 0 0 0 0 0 0
0 0 0 0 0 0 0 0 0 0 0 0 0 0 1 0 0 0 0 0 0 0
0 0 0 0 0 0 0 0 0 0 0 0 0 0 0 0 1 0 0 0 0 0
0 0 0 0 0 0 0 0 0 0 0 0 0 0 0 0 0 0 0 0 0 0
0 0 0 0 0 0 0 0 1 0 0 1 0 0 0 0 0 0 0 0 0 0
0 0 0 0 0 0 0 0 1 0 0 0 0 0 0 0 0 0 0 0 0 0
0 0 0 0 0 0 0 0 0 0 0 0 0 0 0 0 0 0 0 0 0 0
0 0 0 0 1 0 1 0 0 0 0 0 0 1 0 0 0 0 0 0 0 0
0 0 0 0 1 0 0 0 0 0 0 0 1 0 0 0 0 0 0 0 0 0
0 0 0 0 0 0 0 0 1 0 0 0 0 0 0 0 0 0 0 0 0 0
0 0 0 0 0 0 0 0 0 0 0 0 0 0 0 0 0 0 0 0 0 0
0 0 0 0 0 0 0 0 0 0 0 0 0 0 1 0 0 0 0 0 0 0
0 0 0 0 0 0 0 0 0 0 0 0 0 0 0 0 0 0 0 0 0 0
0 0 0 0 0 0 0 0 0 0 0 1 0 0 0 0 0 0 0 0 0 0
0 0 0 0 0 0 2 0 0 0 0 0 0 0 0 0 1 0 0 0 0 0
0 0 0 0 0 0 0 0 0 0 0 0 0 0 0 0 0 0 0 0 0 0
0 0 0 0 0 0 0 0 0 0 0 1 0 0 0 0 0 0 0 0 0 0
0 0 0 0 0 0 0 0 0 0 0 0 0 0 0 0 0 0 0 0 0 0
0 0 0 0 0 0 0 0 0 1 0 0 0 0 0 0 1 0 0 0 0 0
0 0 0 0 0 0 0 0 0 0 0 0 0 0 0 1 1 0 0 0 0 0
0 0 0 0 0 0 0 0 0 0 0 0 0 0 0 0 1 0 0 0 0 0
0 0 0 0 0 1 0 0 0 0 0 0 0 0 0 0 0 0 0 0 0 0
0 0 0 0 0 0 0 0 0 0 0 0 0 0 0 0 0 0 0 0 0 0
0 0 0 0 0 2 4 0 0 0 1 0 0 3 2 0 0 0 0 0 0 0
0 0 0 0 0 0 3 0 0 0 0 0 0 1 3 0 0 0 0 0 0 0
0 0 0 0 0 0 0 0 0 0 0 0 0 0 4 0 0 0 0 0 0 0
0 0 0 0 0 0 0 0 0 0 0 0 0 0 0 0 0 0 0 0 0 0
0 0 0 0 0 0 0 0 0 0 0 0 0 0 0 0 0 0 0 0 0 0
0 0 0 0 0 0 0 0 0 0 0 0 0 0 0 0 0 0 0 0 0 0
0 0 0 0 0 0 0 0 0 0 0 0 0 0 0 0 0 0 0 0 0 0
0 0 0 0 0 0 0 0 0 0 0 0 0 0 0 0 0 0 0 0 0 0

y
0.0 0.0 0.0 0.0 0.0 0.0 0.0 0.0 0.0 0.0 0.0 0.0 0.0 0.0 0.0 0.0 0.0 0.0 0.0 0.0 0.0 0.0 0.0 0.0 0.0 0.0 0.0 0.0 0.0 0.0 0.0 0.0 0.0 0.0 0.0 0.0 0.0

k
0 3 3 0 2 0 0 0 0 8 0 0 3 0 0 0 2 0 7 0 0 2 0 3 0 0 2 0 6 1 6 9 26 13 13 13 2

f
0.0 0.0 0.0 0.0 1.7499999999999964 0.0 0.0 0.0 21.699999999999996 0.0 0.0 0.0 0.0 0.0 0.0 0.0 0.0 0.0 0.0 0.0 0.0 0.0
0.0 0.0 0.0 0.0 0.0 0.0 0.0 0.0 0.0 0.0 0.0 0.0 0.0 0.0 0.0 0.0 0.0 0.0 0.0 0.0 0.0 0.0
0.0 0.0 0.0 0.0 0.0 0.0 0.0 0.0 0.0 0.0 0.0 0.0 0.0 0.0 0.0 0.0 0.0 0.0 0.0 0.0 0.0 0.0
0.0 0.0 0.0 0.0 0.0 3.424999999999997 1.0499999999999963 0.0 14.824999999999996 0.0 0.0 0.0 4.849999999999997 0.5749999999999975 0.0 0.0 0.0 0.0 0.0 0.0 0.0 0.0

L
1 0 0 1 0 4 1 0 0 0 3 0 0 2 8 0 0 0 0 0 0 0 0 0 7 1 0 0 0 0 0 0 0 0 0 0 0

g
0 0 0 0 0 0 0 0 0 0 0 0 0 0 0 0 0 0 0 0 0 0
0 0 0 0 0 0 0 0 0 0 0 0 0 0 0 0 0 0 0 0 0 0
0 0 0 0 0 0 0 0 0 0 0 0 0 0 0 0 0 0 0 0 0 0
0 0 0 0 0 0 0 0 0 0 0 0 0 0 0 0 0 0 0 0 0 0
0 0 0 0 0 0 0 0 2 0 0 0 0 0 0 0 0 0 0 0 0 0
0 0 0 0 0 0 0 0 0 0 0 0 0 0 0 0 0 0 0 0 0 0
0 0 0 0 0 0 0 0 0 0 0 0 0 0 0 0 0 0 0 0 0 0
0 0 0 0 0 0 0 0 0 0 0 0 0 0 0 0 0 0 0 0 0 0
0 0 0 0 0 0 0 0 0 0 0 0 0 0 0 0 0 0 0 0 0 0
0 0 0 0 0 0 0 0 0 0 0 0 0 0 0 0 0 0 0 0 0 0
0 0 0 0 0 0 0 0 0 0 0 0 0 0 0 0 0 0 0 0 0 0
0 0 0 0 0 0 0 0 0 0 0 0 0 0 0 0 0 0 0 0 0 0
0 0 0 0 0 0 0 0 0 0 0 0 0 0 0 0 0 0 0 0 0 0
0 0 0 0 0 0 0 0 0 0 0 0 0 0 0 0 0 0 0 0 0 0
0 0 0 0 0 0 0 0 0 0 0 0 0 0 0 0 0 0 0 0 0 0
0 0 0 0 0 0 0 0 0 0 0 0 0 0 0 0 0 0 0 0 0 0
0 0 0 0 0 0 0 0 0 0 0 0 0 0 0 0 0 0 0 0 0 0
0 0 0 0 0 0 0 0 0 0 0 0 0 0 0 0 0 0 0 0 0 0
0 0 0 0 0 0 0 0 0 0 0 0 0 0 0 0 0 0 0 0 0 0
0 0 0 0 0 0 0 0 0 0 0 0 0 0 0 0 0 0 0 0 0 0
0 0 0 0 0 0 1 0 0 0 0 0 0 0 0 0 0 0 0 0 0 0
0 0 0 0 0 0 0 0 0 0 0 0 0 0 0 0 0 0 0 0 0 0
0 0 0 0 0 0 0 0 0 0 0 0 0 0 0 0 0 0 0 0 0 0
0 0 0 0 0 0 0 0 0 0 0 0 0 0 0 0 0 0 0 0 0 0
0 0 0 0 0 0 0 0 0 0 0 0 0 0 0 0 0 0 0 0 0 0
0 0 0 0 0 0 0 0 0 0 0 0 0 0 0 0 0 0 0 0 0 0
0 0 0 0 0 0 0 0 0 0 0 0 0 0 0 0 0 0 0 0 0 0
0 0 0 0 0 0 0 0 0 0 0 0 0 0 0 0 0 0 0 0 0 0
0 0 0 0 0 0 0 0 0 0 0 0 0 0 0 0 0 0 0 0 0 0
0 0 0 0 0 1 3 0 0 0 0 0 0 2 1 0 0 0 0 0 0 0
0 0 0 0 0 0 2 0 0 0 0 0 0 0 2 0 0 0 0 0 0 0
0 0 0 0 0 0 0 0 0 0 0 0 0 0 3 0 0 0 0 0 0 0
0 0 0 0 0 0 0 0 0 0 0 0 0 0 0 0 0 0 0 0 0 0
0 0 0 0 0 0 0 0 0 0 0 0 0 0 0 0 0 0 0 0 0 0
0 0 0 0 0 0 0 0 0 0 0 0 0 0 0 0 0 0 0 0 0 0
0 0 0 0 0 0 0 0 0 0 0 0 0 0 0 0 0 0 0 0 0 0
0 0 0 0 0 0 0 0 0 0 0 0 0 0 0 0 0 0 0 0 0 0

I cap
1058.909090909091 1058.909090909091 995.209090909091 995.209090909091 1008.0400000000001 771.36 825.4799999999999 940.0 569.0 544.1000000000001 141.42000000000013 734.68 688.02 832.6199999999999 553.0600000000001 573.7490909090911 398.1090909090909 537.829090909091 787.849090909091 963.149090909091 1058.909090909091 1058.909090909091
107.96969696969697 107.96969696969697 106.66969696969697 106.66969696969697 121.96000000000001 104.64 110.52 102.99999999999999 34.0 55.5 27.18 74.12 28.979999999999997 25.379999999999995 37.940000000000005 41.12969696969697 12.769696969696966 40.04969696969697 86.02969696969697 95.72969696969697 107.96969696969697 107.96969696969697
38.96666666666666 38.96666666666666 38.96666666666666 38.96666666666666 44.099999999999994 42.0 11.966666666666667 9.16666666666667 10.566666666666675 14.26666666666667 5.866666666666664 13.26666666666667 24.5 23.724999999999998 18.825 26.29166666666666 11.624999999999995 24.299999999999997 24.299999999999997 38.96666666666666 38.96666666666666 38.96666666666666
45.24545454545453 45.24545454545453 45.24545454545453 45.24545454545453 20.61 5.859999999999988 17.549999999999986 43.239999999999995 38.879999999999995 33.389999999999986 26.779999999999983 30.99 10.91 1.6599999999999984 11.590000000000007 39.13545454545452 37.09545454545452 37.435454545454526 40.53545454545453 44.615454545454526 45.24545454545453 45.24545454545453
20.999999999999993 20.999999999999993 20.999999999999993 20.999999999999993 12.510000000000002 20.639999999999986 10.169999999999995 12.899999999999999 10.149999999999995 16.649999999999995 16.189999999999994 19.589999999999996 17.819999999999997 18.899999999999995 2.690000000000003 7.009999999999991 9.969999999999992 19.22999999999999 20.549999999999994 20.789999999999992 20.999999999999993 20.999999999999993
345.75757575757575 345.75757575757575 332.55757575757576 332.55757575757576 237.81 272.82 299.49 237.96 262.69 269.91999999999996 243.35 274.57 306.11 185.7152941176471 200.1023529411764 231.25992869875228 329.93757575757576 319.43757575757576 320.76757575757574 341.76757575757574 345.75757575757575 345.75757575757575
779.7575757575758 779.7575757575758 763.5875757575758 763.5875757575758 579.06 709.5300000000001 809.5600000000001 729.17 826.48 782.29 614.4699999999999 750.76 750.9699999999999 807.46 703.98 664.9575757575758 659.6075757575758 661.5275757575758 713.6075757575758 764.8475757575758 779.7575757575758 779.7575757575758
80.73333333333335 80.73333333333335 80.73333333333335 80.73333333333335 64.07 83.24000000000001 78.13 86.32 83.75999999999999 87.18 72.87 86.25000000000001 92.00999999999999 91.91999999999997 81.56 74.63333333333335 73.61333333333334 75.29333333333335 78.18333333333335 80.10333333333335 80.73333333333335 80.73333333333335
10.775757575757575 10.775757575757575 7.1457575757575755 7.1457575757575755 3.67 6.170000000000001 5.47 0.08999999999999986 2.8000000000000007 3.8499999999999996 3.0200000000000005 6.87 4.719999999999999 5.12 6.22 6.315757575757575 7.325757575757574 5.025757575757576 5.975757575757576 10.775757575757575 10.775757575757575 10.775757575757575
2.545454545454545 2.545454545454545 2.545454545454545 2.545454545454545 2.17 0.1399999999999999 1.33 0.42000000000000026 0.3400000000000001 0.12000000000000022 0.8200000000000001 0.7699999999999999 0.5599999999999999 1.2600000000000002 0.8400000000000002 0.38545454545454516 0.26545454545454517 0.8654545454545451 1.195454545454545 1.915454545454545 2.545454545454545 2.545454545454545
8.515433299825174 8.515433299825174 8.515433299825174 8.515433299825174 6.193411209921354 5.7809587386569845 5.797050367513609 8.078342068965517 8.484365517241375 6.504225921052629 7.420683130671503 9.11416896551724 7.505730263157895 5.046096061705986 6.115571979733814 7.478219712643677 7.8350722413793115 7.310165517241378 6.975302758620689 7.808273706896552 7.546136159874608 8.656057586206897
700.0 700.0 700.0 699.0 693.0 690.0 682.0 687.0 682.0 674.0 679.0 677.0 690.0 681.0 684.0 684.0 681.0 682.0 684.0 694.0 700.0 700.0

H cap
48.125 4.9 8.224999999999996 1.5749999999999993 -1.7499999999999964 28.17500000000001 48.125000000000014 14.875000000000016 -21.699999999999996 31.5 4.899999999999999 4.899999999999999 11.549999999999997 11.549999999999997 131.25 131.25 131.25 131.25 131.25 131.25 131.25 131.25
41.1 33.5 13.549999999999992 16.39999999999999 35.400000000000006 37.775000000000006 38.725 39.2 41.1 26.849999999999994 1.6749999999999936 17.82499999999999 42.05 42.05 52.5 52.5 52.5 52.5 52.5 52.5 52.5 52.5
59.675 59.675 59.675 56.349999999999994 43.04999999999998 43.04999999999998 53.02499999999999 46.374999999999986 46.374999999999986 56.349999999999994 53.02499999999999 49.69999999999999 46.374999999999986 49.69999999999999 63.0 63.0 63.0 63.0 63.0 63.0 63.0 63.0
7.025000000000002 0.8500000000000032 15.574999999999985 0.3749999999999982 17.0 -3.424999999999997 -1.0499999999999963 0.8500000000000023 -14.824999999999996 0.37500000000000355 0.8499999999999961 21.275000000000006 -4.849999999999997 -0.5749999999999975 78.75 78.75 78.75 78.75 78.75 78.75 78.75 78.75

Gap
NaN

Time
NaN

