T P M C
22 37 4 12

base obj
1021.75

exp obj
775.3125

Objective struct
1021.75 1.3333333333333333 34.666666666666664

num campaigns
26

x
0 0 0 0 1 0 0 0 0 0 0 0 0 2 0 0 0 0 0 0 0 0
0 0 0 0 0 0 0 0 0 0 0 0 0 0 0 0 0 0 0 0 0 0
0 0 0 0 0 0 0 0 0 0 0 0 0 0 0 0 0 0 0 0 0 0
0 0 0 0 0 0 2 0 0 0 0 0 0 0 0 1 0 0 0 0 0 0
0 0 0 0 0 0 0 0 0 0 0 0 0 0 0 0 0 0 0 0 0 0
0 0 0 0 0 0 2 0 0 0 0 0 0 0 0 0 0 0 0 0 0 0
0 0 0 0 0 0 1 0 0 0 0 0 0 0 0 0 0 0 0 0 0 0
0 0 0 0 0 0 0 0 0 0 1 0 0 0 0 0 0 0 0 0 0 0
0 0 0 0 0 0 0 1 0 0 0 0 0 0 0 0 0 0 0 0 0 0
0 0 0 0 0 0 0 0 0 0 0 0 0 0 0 0 0 0 0 0 0 0
0 0 0 0 0 1 0 0 0 1 0 0 0 0 0 0 0 0 0 0 0 0
0 0 0 0 0 0 0 0 0 0 0 0 0 0 0 1 0 0 0 0 0 0
0 0 0 0 0 0 0 0 0 0 0 0 0 0 0 0 0 0 0 0 0 0
0 0 0 0 0 0 0 0 0 0 0 0 0 0 0 0 0 0 0 0 0 0
0 0 0 0 0 0 0 0 0 0 1 0 0 0 0 0 1 0 0 0 0 0
0 0 0 0 0 1 0 0 0 0 0 0 0 0 0 0 0 0 0 0 0 0
0 0 0 0 0 0 0 0 0 0 0 0 0 0 0 0 0 0 0 0 0 0
0 0 0 0 0 0 0 0 0 0 0 0 0 0 1 0 0 0 0 0 0 0
0 0 0 0 0 0 0 0 0 0 0 0 0 0 0 0 0 0 0 0 0 0
0 0 0 0 0 0 0 0 0 0 0 0 1 0 0 0 0 0 0 0 0 0
0 0 0 0 0 0 0 0 0 0 0 0 0 0 0 0 0 0 0 0 0 0
0 0 0 0 0 0 0 0 1 0 0 0 0 0 0 0 0 0 0 0 0 0
0 0 0 0 0 0 0 0 0 0 0 1 0 0 0 0 0 0 0 0 0 0
0 0 0 0 0 0 0 0 0 0 0 0 0 0 0 0 0 0 0 0 0 0
0 0 0 0 1 0 0 0 0 0 0 0 0 0 0 1 0 0 0 0 0 0
0 0 0 0 1 0 0 0 0 0 0 1 0 0 0 0 0 0 0 0 0 0
0 0 0 0 0 0 0 0 0 0 0 0 0 0 0 0 0 0 0 0 0 0
0 0 0 0 0 0 0 0 0 0 0 0 1 0 0 0 0 0 0 0 0 0
0 0 0 0 0 0 0 0 0 0 0 0 0 0 0 0 0 0 0 0 0 0
0 0 0 0 0 0 0 0 0 0 0 0 0 0 0 0 0 0 0 0 0 0
0 0 0 0 0 0 0 0 0 0 0 0 0 0 0 0 0 0 0 0 0 0
0 0 0 0 0 0 0 0 0 0 0 0 0 0 0 0 0 0 0 0 0 0
0 0 0 0 0 0 0 0 0 0 0 0 0 0 0 0 0 0 0 0 0 0
0 0 0 0 0 0 0 0 0 0 0 0 0 0 0 0 0 0 0 0 0 0
0 0 0 0 0 0 0 0 0 0 0 0 0 0 0 0 0 0 0 0 0 0
0 0 0 0 0 0 0 0 0 0 0 0 0 0 0 0 0 0 0 0 0 0
0 0 0 0 0 0 0 0 0 0 0 0 0 0 0 0 0 0 0 0 0 0

y
0.0 0.0 0.0 0.0 0.0 0.0 0.0 0.0 0.0 0.0 0.0 0.0 0.0 0.0 0.0 0.0 0.0 0.0 0.0 0.0 0.0 0.0 0.0 0.0 0.0 0.0 0.0 0.0 0.0 0.0 0.0 0.0 0.0 0.0 0.0 0.0 0.0

k
1 3 4 0 5 1 2 0 0 8 0 0 3 3 0 0 2 0 7 0 3 1 0 3 0 0 3 0 6 13 13 13 26 13 13 13 2

f
0.0 0.0 8.399999999999983 0.0 0.0 0.0 0.0 1.75 0.0 11.725000000000001 1.75 0.0 0.0 0.0 0.0 0.0 0.0 0.0 0.0 0.0 0.0 0.0
0.0 0.0 0.0 0.0 0.0 0.0 0.0 0.0 0.0 0.0 0.0 0.0 0.0 0.0 0.0 0.0 0.0 0.0 0.0 0.0 0.0 0.0
0.0 0.0 0.0 0.0 0.0 0.0 0.0 0.0 0.0 0.0 0.0 0.0 0.0 0.0 0.0 0.0 0.0 0.0 0.0 0.0 0.0 0.0
0.0 7.699999999999997 0.0 0.0 6.75 3.424999999999997 0.0 0.0 0.0 0.0 0.0 0.0 4.849999999999994 0.0 0.0 0.0 0.0 0.0 0.0 0.0 0.0 0.0

L
0 0 0 0 0 0 0 0 0 0 4 0 0 0 6 0 0 0 0 0 0 0 0 0 11 7 0 0 0 0 0 0 0 0 0 0 0

g
0 0 0 0 0 0 0 0 0 0 0 0 0 1 0 0 0 0 0 0 0 0
0 0 0 0 0 0 0 0 0 0 0 0 0 0 0 0 0 0 0 0 0 0
0 0 0 0 0 0 0 0 0 0 0 0 0 0 0 0 0 0 0 0 0 0
0 0 0 0 0 0 1 0 0 0 0 0 0 0 0 0 0 0 0 0 0 0
0 0 0 0 0 0 0 0 0 0 0 0 0 0 0 0 0 0 0 0 0 0
0 0 0 0 0 0 1 0 0 0 0 0 0 0 0 0 0 0 0 0 0 0
0 0 0 0 0 0 0 0 0 0 0 0 0 0 0 0 0 0 0 0 0 0
0 0 0 0 0 0 0 0 0 0 0 0 0 0 0 0 0 0 0 0 0 0
0 0 0 0 0 0 0 0 0 0 0 0 0 0 0 0 0 0 0 0 0 0
0 0 0 0 0 0 0 0 0 0 0 0 0 0 0 0 0 0 0 0 0 0
0 0 0 0 0 0 0 0 0 0 0 0 0 0 0 0 0 0 0 0 0 0
0 0 0 0 0 0 0 0 0 0 0 0 0 0 0 0 0 0 0 0 0 0
0 0 0 0 0 0 0 0 0 0 0 0 0 0 0 0 0 0 0 0 0 0
0 0 0 0 0 0 0 0 0 0 0 0 0 0 0 0 0 0 0 0 0 0
0 0 0 0 0 0 0 0 0 0 0 0 0 0 0 0 0 0 0 0 0 0
0 0 0 0 0 0 0 0 0 0 0 0 0 0 0 0 0 0 0 0 0 0
0 0 0 0 0 0 0 0 0 0 0 0 0 0 0 0 0 0 0 0 0 0
0 0 0 0 0 0 0 0 0 0 0 0 0 0 0 0 0 0 0 0 0 0
0 0 0 0 0 0 0 0 0 0 0 0 0 0 0 0 0 0 0 0 0 0
0 0 0 0 0 0 0 0 0 0 0 0 0 0 0 0 0 0 0 0 0 0
0 0 0 0 0 0 0 0 0 0 0 0 0 0 0 0 0 0 0 0 0 0
0 0 0 0 0 0 0 0 0 0 0 0 0 0 0 0 0 0 0 0 0 0
0 0 0 0 0 0 0 0 0 0 0 0 0 0 0 0 0 0 0 0 0 0
0 0 0 0 0 0 0 0 0 0 0 0 0 0 0 0 0 0 0 0 0 0
0 0 0 0 0 0 0 0 0 0 0 0 0 0 0 0 0 0 0 0 0 0
0 0 0 0 0 0 0 0 0 0 0 0 0 0 0 0 0 0 0 0 0 0
0 0 0 0 0 0 0 0 0 0 0 0 0 0 0 0 0 0 0 0 0 0
0 0 0 0 0 0 0 0 0 0 0 0 0 0 0 0 0 0 0 0 0 0
0 0 0 0 0 0 0 0 0 0 0 0 0 0 0 0 0 0 0 0 0 0
0 0 0 0 0 0 0 0 0 0 0 0 0 0 0 0 0 0 0 0 0 0
0 0 0 0 0 0 0 0 0 0 0 0 0 0 0 0 0 0 0 0 0 0
0 0 0 0 0 0 0 0 0 0 0 0 0 0 0 0 0 0 0 0 0 0
0 0 0 0 0 0 0 0 0 0 0 0 0 0 0 0 0 0 0 0 0 0
0 0 0 0 0 0 0 0 0 0 0 0 0 0 0 0 0 0 0 0 0 0
0 0 0 0 0 0 0 0 0 0 0 0 0 0 0 0 0 0 0 0 0 0
0 0 0 0 0 0 0 0 0 0 0 0 0 0 0 0 0 0 0 0 0 0
0 0 0 0 0 0 0 0 0 0 0 0 0 0 0 0 0 0 0 0 0 0

I cap
1058.909090909091 1058.909090909091 976.349090909091 976.349090909091 989.96 872.66 377.45999999999987 1091.3400000000001 819.18 926.8199999999999 897.12 614.2800000000001 601.98 597.8399999999999 794.4199999999998 606.489090909091 773.5090909090911 979.209090909091 995.209090909091 999.129090909091 1058.909090909091 1058.909090909091
107.96969696969697 107.96969696969697 104.52969696969697 104.52969696969697 120.03999999999999 85.34 28.54 49.66 63.82000000000001 53.18000000000001 38.480000000000004 38.32000000000001 56.82000000000001 43.16 105.58 34.38969696969698 75.36969696969697 82.66969696969697 106.66969696969697 106.74969696969697 107.96969696969697 107.96969696969697
38.96666666666666 38.96666666666666 38.96666666666666 38.96666666666666 44.099999999999994 42.0 41.3 38.5 39.900000000000006 39.2 5.866666666666664 4.466666666666669 8.366666666666667 23.724999999999998 18.825 26.29166666666666 26.29166666666666 38.96666666666666 38.96666666666666 38.96666666666666 38.96666666666666 38.96666666666666
45.24545454545453 45.24545454545453 44.615454545454526 44.615454545454526 34.86 43.25999999999999 30.24999999999999 39.65 36.01 39.089999999999996 42.209999999999994 34.37 32.97 31.99 30.520000000000003 39.335454545454525 42.78545454545452 44.045454545454525 45.24545454545453 45.24545454545453 45.24545454545453 45.24545454545453
20.999999999999993 20.999999999999993 20.789999999999992 20.789999999999992 14.420000000000002 23.519999999999996 13.830000000000005 21.13 18.109999999999996 18.15 22.99 22.749999999999996 22.05 24.07 19.74 17.519999999999992 20.09999999999999 20.519999999999992 20.999999999999993 20.999999999999993 20.999999999999993 20.999999999999993
345.75757575757575 345.75757575757575 341.76757575757574 341.76757575757574 213.68 238.68 267.30999999999995 274.51 308.8 308.8 283.8 279.82 314.82 312.96000000000004 298.16 317.9775757575757 320.57757575757574 332.55757575757576 332.55757575757576 333.3575757575758 345.75757575757575 345.75757575757575
779.7575757575758 779.7575757575758 764.8475757575758 764.8475757575758 617.72 721.12 611.2199999999999 716.9 818.1800000000001 800.42 811.06 812.0000000000001 826.0000000000001 818.66 819.07 660.8375757575758 709.4275757575757 744.1475757575757 763.5875757575758 764.5675757575757 779.7575757575758 779.7575757575758
80.73333333333335 80.73333333333335 80.10333333333335 80.10333333333335 68.46 89.46000000000001 70.97 81.93 81.92 87.14 82.92 88.9 97.30000000000001 96.25999999999998 88.61999999999999 74.70333333333336 77.31333333333336 78.57333333333335 80.73333333333335 80.73333333333335 80.73333333333335 80.73333333333335
10.775757575757575 10.775757575757575 10.775757575757575 10.775757575757575 2.8000000000000007 2.8000000000000007 3.8499999999999996 5.949999999999999 5.12 4.419999999999999 3.7200000000000006 5.819999999999999 5.819999999999999 5.440000000000001 7.569999999999999 7.1457575757575755 6.045757575757575 7.1457575757575755 7.1457575757575755 7.365757575757575 10.775757575757575 10.775757575757575
2.545454545454545 2.545454545454545 1.915454545454545 1.915454545454545 1.96 0.5599999999999999 1.27 0.03000000000000025 1.96 1.3800000000000001 2.8 0.1399999999999999 0.1399999999999999 0.42000000000000026 0.42000000000000026 0.2954545454545452 0.5654545454545452 1.825454545454545 2.545454545454545 2.545454545454545 2.545454545454545 2.545454545454545
8.515433299825174 8.515433299825174 8.515433299825174 8.515433299825174 6.745226091954022 7.362084137931033 6.06755870689655 7.333514655172413 10.553331034482756 9.101685086206896 9.130120517241377 9.121065689655172 9.448107413793103 7.272774655172412 7.857435086206895 6.903507068965515 8.062658620689655 8.179131206896551 7.495992586206897 7.808273706896552 7.546136159874608 8.31123
700.0 700.0 700.0 699.0 690.0 688.0 679.0 691.0 691.0 688.0 685.0 675.0 683.0 674.0 692.0 684.0 691.0 691.0 698.0 697.0 698.0 698.0

H cap
71.4 28.174999999999997 -8.399999999999983 1.5750000000000117 64.75 88.025 21.525000000000006 -1.75 54.775000000000006 -11.725000000000001 -1.75 68.07500000000002 51.45 81.375 131.25 131.25 131.25 131.25 131.25 131.25 131.25 131.25
47.75 43.0 37.300000000000004 39.2 49.65 50.6 41.1 43.0 52.5 43.0 43.0 48.225 43.475 47.75 52.5 52.5 52.5 52.5 52.5 52.5 52.5 52.5
56.349999999999994 49.69999999999999 49.69999999999999 53.02499999999999 56.349999999999994 56.349999999999994 53.02499999999999 49.69999999999999 53.02499999999999 53.02499999999999 53.02499999999999 56.349999999999994 56.349999999999994 59.675 63.0 63.0 63.0 63.0 63.0 63.0 63.0 63.0
16.050000000000004 -7.699999999999997 3.6999999999999984 21.75 -6.75 -3.424999999999997 33.150000000000006 0.8500000000000076 34.575 26.5 31.725 23.174999999999997 -4.849999999999994 46.45 78.75 78.75 78.75 78.75 78.75 78.75 78.75 78.75

Gap
NaN

Time
NaN

