T P M C
35 37 4 12

base obj
20.294871794871796

exp obj
24.426153846153845

Objective struct
20.294871794871796 2.26 34.56

num campaigns
62

x
0 0 0 0 1 0 0 0 0 0 0 0 0 0 0 2 0 0 0 0 1 0 1 0 0 0 1 0 1 0 0 0 0 0 0
0 0 0 0 0 0 0 0 0 0 0 0 0 0 0 0 0 0 0 0 0 0 0 0 0 0 0 0 0 0 0 0 0 0 0
0 0 0 0 0 0 0 0 0 0 0 0 0 0 0 0 0 0 0 0 0 0 0 0 0 0 0 0 0 0 0 0 0 0 0
0 0 0 0 1 0 0 0 0 0 0 0 0 0 0 0 0 0 0 0 0 0 0 0 0 0 0 0 0 0 0 0 0 0 0
0 0 0 0 0 0 0 0 0 0 0 0 0 0 0 0 0 0 0 0 0 0 0 0 0 0 0 0 0 0 0 0 0 0 0
0 0 0 0 0 0 0 0 0 0 0 0 0 0 0 0 0 0 0 0 0 0 0 0 0 0 0 0 0 0 0 0 0 0 0
0 0 0 0 0 0 0 0 0 0 0 0 0 0 0 0 0 0 0 0 0 0 0 0 2 1 2 0 0 1 0 0 0 0 0
0 0 0 0 0 0 0 0 0 0 0 0 0 0 0 0 0 1 0 0 0 0 0 1 0 0 0 0 0 0 0 0 0 0 0
0 0 0 0 0 0 0 1 0 0 0 0 0 0 0 0 0 0 0 0 0 0 0 0 0 0 0 0 0 0 0 0 0 0 0
0 0 0 0 0 0 0 0 0 0 0 0 0 0 0 0 0 0 0 0 0 0 0 0 0 0 0 0 0 0 0 0 0 0 0
0 0 0 0 0 0 0 0 0 0 0 0 1 0 0 1 0 0 0 0 0 0 0 0 0 1 0 0 0 0 0 0 0 0 0
0 0 0 0 0 0 0 0 0 0 0 0 0 0 0 0 0 0 0 0 0 1 0 0 1 0 0 0 0 0 0 0 0 0 0
0 0 0 0 0 0 0 0 0 0 0 0 0 0 0 0 0 0 0 0 0 0 0 0 0 0 0 0 0 0 0 0 0 0 0
0 0 0 0 0 0 0 0 0 0 0 0 0 0 0 0 0 0 0 0 0 0 0 0 0 0 0 0 0 0 0 0 0 0 0
0 0 0 0 0 0 0 1 0 0 0 0 0 0 0 0 0 1 1 0 0 0 0 0 0 0 0 1 0 0 0 0 0 0 0
0 0 0 0 0 0 0 0 0 0 0 0 0 0 0 0 0 0 0 0 0 0 0 0 0 0 0 0 1 0 0 0 0 0 0
0 0 0 0 0 0 0 0 0 0 0 1 0 0 0 0 0 0 0 0 0 0 0 0 0 0 0 0 0 0 0 0 0 0 0
0 0 0 0 0 0 0 0 0 0 0 0 0 0 0 0 0 0 0 0 2 0 0 0 0 0 0 0 0 0 0 0 0 0 0
0 0 0 0 0 0 0 0 0 0 0 0 0 0 0 0 0 0 0 0 0 0 0 0 0 0 0 0 0 0 0 0 0 0 0
0 0 0 0 0 0 1 0 0 0 0 0 0 0 0 0 0 0 0 0 0 0 0 0 0 0 0 0 0 0 0 0 0 0 0
0 0 0 0 0 0 0 0 0 0 0 0 0 0 0 0 0 0 0 0 0 0 0 0 0 0 0 0 0 0 0 0 0 0 0
0 0 0 0 0 0 0 0 0 1 0 0 1 0 0 0 0 0 0 0 0 0 0 0 0 0 0 0 0 0 0 0 0 0 0
0 0 0 0 0 0 1 0 0 0 0 0 0 0 0 0 0 0 0 0 0 0 0 1 0 0 0 0 0 0 0 0 0 0 0
0 0 0 0 0 0 0 0 0 0 0 0 0 0 1 0 1 0 0 0 0 0 0 0 1 0 0 0 0 1 0 0 0 0 0
0 0 0 0 0 1 0 0 0 0 0 0 0 0 0 0 0 0 0 1 0 0 0 0 0 1 0 0 0 0 0 0 0 0 0
0 0 0 0 1 0 0 0 0 0 0 0 0 0 0 0 1 0 0 0 0 0 0 0 0 0 0 0 0 2 0 0 0 0 0
0 0 0 0 1 0 0 0 0 0 0 0 0 0 0 0 0 0 0 0 0 0 0 0 0 0 0 0 0 0 0 0 0 0 0
0 0 0 0 1 0 0 0 0 0 0 0 0 0 0 0 0 0 0 0 0 0 0 0 0 0 0 0 0 0 0 0 0 0 0
0 0 0 0 0 0 0 0 0 0 0 0 0 0 0 0 0 0 0 0 0 0 0 0 0 0 0 0 0 0 0 0 0 0 0
0 0 0 0 0 0 0 0 0 0 0 0 0 0 4 1 1 0 0 0 0 0 0 0 0 0 7 0 0 0 0 0 0 0 0
0 0 0 0 0 0 0 0 0 0 0 0 0 0 0 0 0 0 0 0 0 0 0 0 0 0 1 0 0 0 0 0 0 0 0
0 0 0 0 0 0 0 0 0 0 0 0 0 0 0 0 0 0 0 0 0 0 0 0 0 0 0 0 0 0 0 0 0 0 0
0 0 0 0 0 0 0 0 0 0 0 0 0 0 0 0 0 0 0 0 0 0 0 0 0 0 0 0 0 0 0 0 0 0 0
0 0 0 0 0 0 0 0 0 0 0 0 0 0 0 0 0 0 0 0 0 0 0 0 0 0 0 0 0 0 0 0 0 0 0
0 0 0 0 0 0 0 0 0 0 0 0 0 0 0 0 0 0 0 0 0 0 0 0 0 0 0 0 0 0 0 0 0 0 0
0 0 0 0 0 0 0 0 0 0 0 0 0 0 0 0 0 0 0 0 0 0 0 0 0 0 0 0 0 0 0 0 0 0 0
0 0 0 0 0 0 0 0 0 0 0 0 0 0 0 0 0 0 0 0 0 0 0 0 0 0 0 0 0 0 0 0 0 0 0

y
0.0 0.0 0.0 0.0 0.0 0.0 0.0 0.0 0.0 0.0 0.0 0.0 0.0 0.0 0.0 0.0 0.0 0.0 0.0 0.0 0.0 0.0 0.0 0.0 0.0 0.0 0.0 0.0 0.0 0.0 0.0 0.0 0.0 0.0 0.0 0.0 0.0

k
0 6 7 5 9 6 0 0 0 15 0 0 6 6 0 0 2 0 13 0 6 1 0 1 0 0 4 0 11 13 25 26 52 26 26 26 3

f
0.0 0.0 0.0 1.75 0.0 0.0 0.0 0.0 0.0 0.0 0.0 0.0 0.0 0.0 26.25 0.0 1.75 1.75 0.0 8.75 0.0 0.0 0.0 0.0 8.75 0.0 0.0 0.0 0.0 0.0 0.0 0.0 0.0 0.0 0.0
0.0 0.0 0.0 0.0 0.0 0.0 0.0 0.0 0.0 0.0 0.0 0.0 0.0 0.0 0.0 0.0 0.0 0.0 0.0 0.0 0.0 0.0 0.0 0.0 0.0 0.0 0.0 0.0 0.0 0.0 0.0 0.0 0.0 0.0 0.0
0.0 0.0 0.0 0.0 0.0 0.0 0.0 0.0 0.0 0.0 0.0 0.0 0.0 0.0 0.0 0.0 0.0 0.0 0.0 0.0 0.0 0.0 0.0 0.0 0.0 0.0 0.0 0.0 0.0 0.0 0.0 0.0 0.0 0.0 0.0
0.0 3.25 0.0 0.75 0.0 5.25 5.25 0.0 26.25 7.75 0.0 0.0 0.0 0.0 0.75 0.0 0.0 0.0 0.0 0.0 0.25 0.0 0.25 0.0 0.25 0.0 0.0 0.0 0.0 0.0 0.0 0.0 0.0 0.0 0.0

L
0 0 0 0 0 0 0 6 0 0 3 3 0 0 1 0 0 0 0 0 0 3 17 2 6 0 0 0 0 0 0 0 0 0 0 0 0

g
0 0 0 0 0 0 0 0 0 0 0 0 0 0 0 1 0 0 0 0 0 0 0 0 0 0 0 0 0 0 0 0 0 0 0
0 0 0 0 0 0 0 0 0 0 0 0 0 0 0 0 0 0 0 0 0 0 0 0 0 0 0 0 0 0 0 0 0 0 0
0 0 0 0 0 0 0 0 0 0 0 0 0 0 0 0 0 0 0 0 0 0 0 0 0 0 0 0 0 0 0 0 0 0 0
0 0 0 0 0 0 0 0 0 0 0 0 0 0 0 0 0 0 0 0 0 0 0 0 0 0 0 0 0 0 0 0 0 0 0
0 0 0 0 0 0 0 0 0 0 0 0 0 0 0 0 0 0 0 0 0 0 0 0 0 0 0 0 0 0 0 0 0 0 0
0 0 0 0 0 0 0 0 0 0 0 0 0 0 0 0 0 0 0 0 0 0 0 0 0 0 0 0 0 0 0 0 0 0 0
0 0 0 0 0 0 0 0 0 0 0 0 0 0 0 0 0 0 0 0 0 0 0 0 1 0 1 0 0 0 0 0 0 0 0
0 0 0 0 0 0 0 0 0 0 0 0 0 0 0 0 0 0 0 0 0 0 0 0 0 0 0 0 0 0 0 0 0 0 0
0 0 0 0 0 0 0 0 0 0 0 0 0 0 0 0 0 0 0 0 0 0 0 0 0 0 0 0 0 0 0 0 0 0 0
0 0 0 0 0 0 0 0 0 0 0 0 0 0 0 0 0 0 0 0 0 0 0 0 0 0 0 0 0 0 0 0 0 0 0
0 0 0 0 0 0 0 0 0 0 0 0 0 0 0 0 0 0 0 0 0 0 0 0 0 0 0 0 0 0 0 0 0 0 0
0 0 0 0 0 0 0 0 0 0 0 0 0 0 0 0 0 0 0 0 0 0 0 0 0 0 0 0 0 0 0 0 0 0 0
0 0 0 0 0 0 0 0 0 0 0 0 0 0 0 0 0 0 0 0 0 0 0 0 0 0 0 0 0 0 0 0 0 0 0
0 0 0 0 0 0 0 0 0 0 0 0 0 0 0 0 0 0 0 0 0 0 0 0 0 0 0 0 0 0 0 0 0 0 0
0 0 0 0 0 0 0 0 0 0 0 0 0 0 0 0 0 0 0 0 0 0 0 0 0 0 0 0 0 0 0 0 0 0 0
0 0 0 0 0 0 0 0 0 0 0 0 0 0 0 0 0 0 0 0 0 0 0 0 0 0 0 0 0 0 0 0 0 0 0
0 0 0 0 0 0 0 0 0 0 0 0 0 0 0 0 0 0 0 0 0 0 0 0 0 0 0 0 0 0 0 0 0 0 0
0 0 0 0 0 0 0 0 0 0 0 0 0 0 0 0 0 0 0 0 1 0 0 0 0 0 0 0 0 0 0 0 0 0 0
0 0 0 0 0 0 0 0 0 0 0 0 0 0 0 0 0 0 0 0 0 0 0 0 0 0 0 0 0 0 0 0 0 0 0
0 0 0 0 0 0 0 0 0 0 0 0 0 0 0 0 0 0 0 0 0 0 0 0 0 0 0 0 0 0 0 0 0 0 0
0 0 0 0 0 0 0 0 0 0 0 0 0 0 0 0 0 0 0 0 0 0 0 0 0 0 0 0 0 0 0 0 0 0 0
0 0 0 0 0 0 0 0 0 0 0 0 0 0 0 0 0 0 0 0 0 0 0 0 0 0 0 0 0 0 0 0 0 0 0
0 0 0 0 0 0 0 0 0 0 0 0 0 0 0 0 0 0 0 0 0 0 0 0 0 0 0 0 0 0 0 0 0 0 0
0 0 0 0 0 0 0 0 0 0 0 0 0 0 0 0 0 0 0 0 0 0 0 0 0 0 0 0 0 0 0 0 0 0 0
0 0 0 0 0 0 0 0 0 0 0 0 0 0 0 0 0 0 0 0 0 0 0 0 0 0 0 0 0 0 0 0 0 0 0
0 0 0 0 0 0 0 0 0 0 0 0 0 0 0 0 0 0 0 0 0 0 0 0 0 0 0 0 0 1 0 0 0 0 0
0 0 0 0 0 0 0 0 0 0 0 0 0 0 0 0 0 0 0 0 0 0 0 0 0 0 0 0 0 0 0 0 0 0 0
0 0 0 0 0 0 0 0 0 0 0 0 0 0 0 0 0 0 0 0 0 0 0 0 0 0 0 0 0 0 0 0 0 0 0
0 0 0 0 0 0 0 0 0 0 0 0 0 0 0 0 0 0 0 0 0 0 0 0 0 0 0 0 0 0 0 0 0 0 0
0 0 0 0 0 0 0 0 0 0 0 0 0 0 3 0 0 0 0 0 0 0 0 0 0 0 6 0 0 0 0 0 0 0 0
0 0 0 0 0 0 0 0 0 0 0 0 0 0 0 0 0 0 0 0 0 0 0 0 0 0 0 0 0 0 0 0 0 0 0
0 0 0 0 0 0 0 0 0 0 0 0 0 0 0 0 0 0 0 0 0 0 0 0 0 0 0 0 0 0 0 0 0 0 0
0 0 0 0 0 0 0 0 0 0 0 0 0 0 0 0 0 0 0 0 0 0 0 0 0 0 0 0 0 0 0 0 0 0 0
0 0 0 0 0 0 0 0 0 0 0 0 0 0 0 0 0 0 0 0 0 0 0 0 0 0 0 0 0 0 0 0 0 0 0
0 0 0 0 0 0 0 0 0 0 0 0 0 0 0 0 0 0 0 0 0 0 0 0 0 0 0 0 0 0 0 0 0 0 0
0 0 0 0 0 0 0 0 0 0 0 0 0 0 0 0 0 0 0 0 0 0 0 0 0 0 0 0 0 0 0 0 0 0 0
0 0 0 0 0 0 0 0 0 0 0 0 0 0 0 0 0 0 0 0 0 0 0 0 0 0 0 0 0 0 0 0 0 0 0

I cap
1058.909090909091 1058.909090909091 980.477090909091 980.477090909091 749.9519999999999 773.012 921.4079999999999 1181.902 986.955 1059.235 1001.6690000000001 1050.0 1064.35 928.486 970.486 748.6580909090911 552.7680909090911 590.939090909091 539.582090909091 795.797090909091 706.9530909090911 754.5480909090911 826.159090909091 814.759090909091 683.0510909090909 679.1180909090909 588.0700909090909 747.898090909091 741.514090909091 439.47109090909106 660.1750909090908 763.8770909090911 1058.909090909091 1058.909090909091 672.0
107.96969696969697 107.96969696969697 104.70169696969697 104.70169696969697 96.36800000000001 108.558 106.552 83.698 106.745 122.265 116.481 119.0 85.4 64.864 85.864 36.32069696969698 27.960696969696983 19.239696969696972 54.44669696969696 67.08169696969696 64.72569696969697 19.030696969696976 42.41969696969697 31.019696969696973 7.877696969696969 8.960696969696968 3.1086969696969815 71.28069696969698 97.61469696969698 77.60769696969697 90.60369696969697 93.30169696969696 107.96969696969697 107.96969696969697 84.0
38.96666666666666 38.96666666666666 38.96666666666666 38.96666666666666 20.413333333333327 18.313333333333333 25.97333333333333 38.5 39.900000000000006 39.2 30.799999999999997 29.400000000000002 24.5 36.4 31.5 38.96666666666666 38.96666666666666 38.96666666666666 38.96666666666666 14.884166666666664 14.884166666666664 14.884166666666664 14.884166666666664 38.96666666666666 38.96666666666666 38.96666666666666 38.96666666666666 38.96666666666666 38.96666666666666 38.96666666666666 38.96666666666666 38.96666666666666 38.96666666666666 38.96666666666666 23.8
45.24545454545453 45.24545454545453 44.64695454545453 44.64695454545453 30.912 41.02199999999999 39.226499999999994 42.4095 40.138 43.204 44.099999999999994 37.1 35.7 11.192999999999998 2.740500000000001 30.947954545454525 36.600454545454525 42.25295454545453 42.05345454545452 43.250454545454524 42.585454545454525 40.88495454545452 41.31245454545452 40.91345454545453 41.08445454545452 1.9444545454545263 1.8779545454545215 43.848954545454525 43.848954545454525 43.848954545454525 44.64695454545453 44.64695454545453 45.24545454545453 45.24545454545453 42.0
20.999999999999993 20.999999999999993 20.800499999999992 20.800499999999992 12.154000000000002 23.534 21.215500000000002 22.4445 20.034 20.071999999999996 23.799999999999997 23.799999999999997 23.1 23.471000000000004 18.238500000000002 19.204499999999996 19.536999999999995 19.83149999999999 19.80299999999999 20.20199999999999 19.992999999999995 19.308999999999994 19.479999999999993 19.308999999999994 19.37549999999999 17.218999999999994 14.359499999999999 17.684499999999993 17.684499999999993 20.534499999999994 20.800499999999992 20.800499999999992 20.999999999999993 20.999999999999993 21.0
345.75757575757575 345.75757575757575 341.96707575757574 341.96707575757574 237.701 256.456 285.7195 280.8695 309.46 309.46 289.22 276.4425 274.345 291.3215 314.419 323.1095757575758 310.56957575757576 309.29657575757574 305.50607575757573 316.8870757575757 312.5930757575758 325.1330757575758 336.91307575757577 336.91307575757577 338.17657575757573 325.6365757575757 324.37307575757575 282.5730757575758 276.87307575757575 288.74807575757575 308.81207575757577 341.96707575757574 345.75757575757575 345.75757575757575 245.0
779.7575757575758 779.7575757575758 765.5930757575758 765.5930757575758 594.119 719.5425 806.179 775.883 894.0925 876.1705000000001 839.5695 858.926 848.644 836.389 846.671 710.4645757575759 695.1030757575759 695.2740757575759 685.7265757575759 718.7105757575758 702.2945757575758 690.7235757575758 712.0795757575759 707.4625757575759 709.8755757575758 701.4395757575759 698.2570757575759 694.0105757575759 690.4955757575758 700.7080757575758 732.7800757575757 765.5930757575758 779.7575757575758 779.7575757575758 630.0
80.73333333333335 80.73333333333335 80.13483333333335 80.13483333333335 66.792 89.50200000000001 81.1215 85.3535 86.07199999999999 91.276 84.0 91.0 99.4 94.84299999999996 85.77799999999996 77.00933333333333 77.67433333333334 78.51033333333335 78.13983333333334 79.33683333333335 78.61483333333335 75.71733333333334 76.48683333333334 76.25883333333334 75.91683333333334 72.0313333333333 71.9078333333333 79.33683333333335 79.33683333333335 79.33683333333335 80.13483333333335 80.13483333333335 80.73333333333335 80.73333333333335 48.300000000000004
10.775757575757575 10.775757575757575 10.775757575757575 10.775757575757575 6.120000000000001 1.7915000000000019 1.0915000000000008 4.6065 6.3515000000000015 5.6515 6.560500000000001 6.4815 0.41100000000000136 3.7295000000000016 11.2 6.329757575757576 2.881257575757576 1.5512575757575755 1.8362575757575752 2.881257575757576 3.1852575757575763 6.538757575757575 9.778257575757575 9.493257575757575 9.778257575757575 6.329757575757576 6.424757575757576 0.962257575757576 0.6772575757575763 2.339757575757576 4.543757575757576 10.775757575757575 10.775757575757575 10.775757575757575 8.4
2.545454545454545 2.545454545454545 1.946954545454545 1.946954545454545 2.002 0.602 1.3464999999999998 0.13350000000000017 2.002 1.4160000000000001 2.8 1.4 1.4 0.9030000000000001 0.9030000000000001 0.949454545454545 0.949454545454545 1.348454545454545 0.749954545454545 1.946954545454545 1.148954545454545 0.2084545454545449 0.46495454545454495 0.46495454545454495 0.4079545454545449 0.664454545454545 0.46495454545454495 1.148954545454545 1.148954545454545 1.148954545454545 1.946954545454545 1.946954545454545 2.545454545454545 2.545454545454545 2.8000000000000003
8.515433299825174 8.515433299825174 8.515433299825174 8.515433299825174 6.443243005747125 7.405187258620689 7.465834077586207 8.408256034482758 10.249537931034482 9.139443706896552 10.502534310344826 10.148651896551725 8.806728448275862 6.262429999999998 6.9781249137931045 6.671955344827586 6.797141379310347 6.558096724137932 6.8677167241379315 7.1629288793103445 6.735360297805642 8.16467827586207 7.42217275862069 6.912475000000001 7.023772528735633 4.81594620689655 4.125299827586209 8.37151379310345 8.125705 7.85991448275862 9.134882586206897 9.591614655172414 7.4835 7.6971802011494255 11.625719885057473
700.0 700.0 700.0 699.05 690.5 686.6999999999999 680.9999999999999 688.6 689.5500000000001 692.4 693.3499999999999 689.55 687.65 689.55 677.1999999999998 690.5 681.9499999999999 673.4 688.6 686.6999999999998 686.7 687.6499999999997 691.4499999999999 688.6 686.6999999999999 680.0499999999998 684.7999999999997 688.5999999999999 691.45 685.75 689.55 692.4 698.1 698.1 700.0

H cap
15.75 5.25 75.25 -1.75 43.75 96.25 96.25 120.75 75.25 85.75 120.75 5.25 5.25 15.75 -26.25 68.25 -1.75 -1.75 68.25 -8.75 1.75 57.75 26.25 5.25 -8.75 22.75 110.25 131.25 131.25 131.25 131.25 131.25 131.25 131.25 131.25
42.0 42.0 52.5 44.5 44.5 52.5 52.5 47.5 45.5 50.5 40.5 25.5 34.5 39.5 37.5 47.5 47.5 45.5 45.5 42.5 41.5 42.5 15.5 14.5 39.5 42.5 50.5 52.5 52.5 52.5 52.5 52.5 52.5 52.5 52.5
49.0 49.0 56.0 49.0 56.0 59.5 59.5 59.5 52.5 56.0 59.5 49.0 45.5 49.0 52.5 59.5 52.5 52.5 59.5 52.5 52.5 56.0 56.0 56.0 52.5 45.5 52.5 63.0 63.0 63.0 63.0 63.0 63.0 63.0 63.0
35.75 -3.25 0.25 -0.75 38.75 -5.25 -5.25 60.25 -26.25 -7.75 49.25 0.25 0.25 3.75 -0.75 5.75 8.25 37.25 46.25 12.75 -0.25 0.75 -0.25 8.25 -0.25 0.25 45.25 78.75 78.75 78.75 78.75 78.75 78.75 78.75 78.75

Gap
NaN

Time
NaN

