T P M C
35 37 4 12

base obj
16.211294261294263

exp obj
19.770137362637364

Objective struct
16.211294261294263 1.0066666666666666 29.44

num campaigns
91

x
0 0 0 0 0 0 0 0 2 0 0 0 0 0 0 0 0 0 0 1 0 0 1 0 0 1 1 0 0 1 0 0 0 0 0
0 0 0 0 0 0 0 0 0 0 0 0 0 0 1 0 0 1 0 0 0 0 0 0 0 0 0 0 0 0 0 0 0 0 0
0 0 0 0 0 0 0 0 0 0 0 0 1 0 0 0 0 0 0 1 0 0 0 0 0 0 0 0 0 0 0 0 0 0 0
0 0 0 0 0 0 0 0 0 0 0 2 1 0 0 1 0 0 0 0 0 0 0 0 1 0 0 0 0 1 0 0 0 0 0
0 0 0 0 0 0 0 0 0 0 1 0 0 0 0 0 1 0 0 0 0 0 0 0 0 0 0 0 0 0 0 0 0 0 0
0 0 0 0 0 0 0 0 0 0 0 0 2 0 0 0 0 0 0 0 0 0 0 0 0 0 0 1 0 0 0 0 0 0 0
0 0 0 0 1 0 0 0 0 0 0 1 0 1 1 1 0 0 0 0 0 0 0 0 0 0 0 1 0 0 0 0 0 0 0
0 0 0 0 1 0 0 0 0 0 0 0 0 0 0 0 0 0 0 1 0 0 0 0 0 0 0 0 0 0 0 0 0 0 0
0 0 0 0 0 0 0 0 0 0 0 0 0 0 0 1 0 0 0 0 0 0 0 0 0 0 0 0 0 0 0 0 0 0 0
0 0 0 0 0 0 0 0 0 0 0 0 0 0 0 0 0 0 0 0 0 0 0 0 0 0 0 0 0 0 0 0 0 0 0
0 0 0 0 0 1 0 1 0 0 1 0 0 0 0 0 0 0 0 0 0 0 0 0 0 0 0 0 0 0 0 0 0 0 0
0 0 0 0 0 0 1 0 0 0 0 0 0 0 0 0 0 0 0 0 0 0 1 0 0 0 0 0 0 0 0 0 0 0 0
0 0 0 0 0 0 0 0 0 0 0 0 0 0 0 0 0 0 0 0 0 0 0 0 0 0 0 0 0 0 0 0 0 0 0
0 0 0 0 0 0 0 0 0 0 0 0 0 0 0 0 0 0 1 0 0 0 0 0 0 0 0 1 0 0 0 0 0 0 0
0 0 0 0 0 0 0 0 0 0 0 0 0 0 0 0 0 1 0 0 0 0 0 0 0 0 0 0 0 0 0 0 0 0 0
0 0 0 0 0 0 0 0 0 0 0 0 0 0 0 0 0 0 0 0 0 1 0 0 0 0 0 0 0 0 0 0 0 0 0
0 0 0 0 0 0 0 0 0 0 1 0 0 1 0 0 0 0 0 0 0 0 0 0 0 0 0 0 0 1 0 0 0 0 0
0 0 0 0 0 0 0 0 0 0 0 0 0 0 0 0 0 0 0 0 0 0 0 0 0 1 0 0 1 0 0 0 0 0 0
0 0 0 0 0 0 0 0 0 0 0 0 0 0 0 0 0 0 0 0 0 0 0 0 0 0 0 0 0 0 0 0 0 0 0
0 0 0 0 1 0 0 0 0 0 0 0 0 0 0 0 0 0 0 0 0 0 0 0 0 0 0 0 0 0 0 0 0 0 0
0 0 0 0 1 0 0 0 0 1 1 0 0 0 1 1 0 0 0 0 0 0 0 0 0 0 0 1 0 0 0 0 0 0 0
0 0 0 0 0 0 1 0 0 0 0 0 0 0 0 0 0 0 0 0 0 0 0 0 0 0 0 0 0 0 0 0 0 0 0
0 0 0 0 0 0 0 0 0 0 0 0 0 0 0 0 0 0 0 0 0 1 0 0 1 0 0 0 0 0 0 0 0 0 0
0 0 0 0 0 0 0 0 1 0 0 0 0 0 0 0 1 0 0 0 1 0 0 1 0 0 0 0 0 1 0 0 0 0 0
0 0 0 0 1 0 0 0 0 0 1 0 0 0 1 0 0 0 0 0 0 0 0 0 0 0 0 0 0 0 0 0 0 0 0
0 0 0 0 0 0 0 0 0 0 0 0 0 0 0 1 0 0 1 0 1 0 0 0 0 0 0 0 1 0 0 0 0 0 0
0 0 0 0 1 0 0 0 0 0 0 0 0 0 0 0 0 1 0 0 0 0 0 1 0 0 0 1 0 0 0 0 0 0 0
0 0 0 0 0 0 0 0 0 0 0 0 0 0 0 0 0 0 0 0 0 0 1 0 0 0 0 0 0 0 0 0 0 0 0
0 0 0 0 0 0 0 0 0 0 0 0 0 0 0 0 0 0 0 0 0 0 0 0 0 0 0 0 0 0 0 0 0 0 0
0 0 0 0 3 0 0 0 1 3 0 1 0 0 0 0 0 0 1 3 0 0 0 6 0 0 0 1 0 0 0 0 0 0 0
0 0 0 0 0 0 0 0 0 0 0 0 0 0 0 0 0 0 0 0 0 0 0 0 0 0 0 0 0 0 0 0 0 0 0
0 0 0 0 0 0 0 0 0 0 0 0 0 0 0 0 0 0 0 0 0 0 0 0 0 0 0 0 0 0 0 0 0 0 0
0 0 0 0 0 0 0 0 0 0 0 0 0 0 0 0 0 0 0 0 0 0 0 0 0 0 0 0 0 0 0 0 0 0 0
0 0 0 0 0 0 0 0 0 0 0 0 0 0 0 0 0 0 0 0 0 0 0 0 0 0 0 0 0 0 0 0 0 0 0
0 0 0 0 0 0 0 0 0 0 0 0 0 0 0 0 0 0 0 0 0 0 0 0 0 0 0 0 0 0 0 0 0 0 0
0 0 0 0 0 0 0 0 0 0 0 0 0 0 0 0 0 0 0 0 0 0 0 0 0 0 0 0 0 0 0 0 0 0 0
0 0 0 0 0 0 0 0 0 0 0 0 0 0 0 0 0 0 0 0 0 0 0 0 0 0 0 0 0 0 0 0 0 0 0

y
0.0 0.0 2.833333333333333 0.0 2.875 0.0 0.0 0.0 0.0 0.0 0.0 0.0 0.0 4.0 0.0 0.0 0.0 0.0 0.0 0.0 0.0 0.0 0.0 0.0 0.0 0.0 0.0 0.0 0.0 0.0 0.0 0.0 0.0 0.0 0.0 0.0 0.0

k
0 4 5 0 7 3 0 0 0 15 0 0 6 4 3 0 0 0 13 0 0 2 0 0 0 0 1 0 11 7 26 26 52 26 26 26 3

f
0.0 0.0 0.0 0.0 0.0 0.0 0.0 0.0 0.0 0.0 0.0 1.75 0.0 0.0 0.0 0.0 0.0 0.0 36.75 0.0 0.0 1.75 8.75 0.0 0.0 0.0 0.0 0.0 0.0 0.0 0.0 0.0 0.0 0.0 0.0
0.0 0.0 0.0 0.0 0.0 0.0 0.0 0.0 0.0 0.0 0.0 0.0 0.0 0.0 0.0 0.0 0.0 0.0 0.0 0.0 0.0 0.0 0.0 0.0 0.0 0.0 0.0 0.0 0.0 0.0 0.0 0.0 0.0 0.0 0.0
0.0 0.0 0.0 0.0 0.0 0.0 0.0 0.0 0.0 0.0 0.0 0.0 0.0 0.0 0.0 0.0 0.0 0.0 0.0 0.0 0.0 0.0 0.0 0.0 0.0 0.0 0.0 0.0 0.0 0.0 0.0 0.0 0.0 0.0 0.0
0.0 0.0 17.75 17.75 0.0 0.0 0.0 0.0 0.0 0.0 0.0 0.0 0.0 0.0 0.0 0.0 0.0 3.75 10.75 0.0 0.0 0.0 0.0 0.0 0.0 0.0 0.0 0.0 0.0 0.0 0.0 0.0 0.0 0.0 0.0

L
0 3 7 0 6 0 1 15 0 0 2 16 0 9 0 0 3 3 0 0 1 0 3 3 4 2 4 0 0 0 0 0 0 0 0 0 0

g
0 0 0 0 0 0 0 0 1 0 0 0 0 0 0 0 0 0 0 0 0 0 0 0 0 0 0 0 0 0 0 0 0 0 0
0 0 0 0 0 0 0 0 0 0 0 0 0 0 0 0 0 0 0 0 0 0 0 0 0 0 0 0 0 0 0 0 0 0 0
0 0 0 0 0 0 0 0 0 0 0 0 0 0 0 0 0 0 0 0 0 0 0 0 0 0 0 0 0 0 0 0 0 0 0
0 0 0 0 0 0 0 0 0 0 0 1 0 0 0 0 0 0 0 0 0 0 0 0 0 0 0 0 0 0 0 0 0 0 0
0 0 0 0 0 0 0 0 0 0 0 0 0 0 0 0 0 0 0 0 0 0 0 0 0 0 0 0 0 0 0 0 0 0 0
0 0 0 0 0 0 0 0 0 0 0 0 1 0 0 0 0 0 0 0 0 0 0 0 0 0 0 0 0 0 0 0 0 0 0
0 0 0 0 0 0 0 0 0 0 0 0 0 0 0 0 0 0 0 0 0 0 0 0 0 0 0 0 0 0 0 0 0 0 0
0 0 0 0 0 0 0 0 0 0 0 0 0 0 0 0 0 0 0 0 0 0 0 0 0 0 0 0 0 0 0 0 0 0 0
0 0 0 0 0 0 0 0 0 0 0 0 0 0 0 0 0 0 0 0 0 0 0 0 0 0 0 0 0 0 0 0 0 0 0
0 0 0 0 0 0 0 0 0 0 0 0 0 0 0 0 0 0 0 0 0 0 0 0 0 0 0 0 0 0 0 0 0 0 0
0 0 0 0 0 0 0 0 0 0 0 0 0 0 0 0 0 0 0 0 0 0 0 0 0 0 0 0 0 0 0 0 0 0 0
0 0 0 0 0 0 0 0 0 0 0 0 0 0 0 0 0 0 0 0 0 0 0 0 0 0 0 0 0 0 0 0 0 0 0
0 0 0 0 0 0 0 0 0 0 0 0 0 0 0 0 0 0 0 0 0 0 0 0 0 0 0 0 0 0 0 0 0 0 0
0 0 0 0 0 0 0 0 0 0 0 0 0 0 0 0 0 0 0 0 0 0 0 0 0 0 0 0 0 0 0 0 0 0 0
0 0 0 0 0 0 0 0 0 0 0 0 0 0 0 0 0 0 0 0 0 0 0 0 0 0 0 0 0 0 0 0 0 0 0
0 0 0 0 0 0 0 0 0 0 0 0 0 0 0 0 0 0 0 0 0 0 0 0 0 0 0 0 0 0 0 0 0 0 0
0 0 0 0 0 0 0 0 0 0 0 0 0 0 0 0 0 0 0 0 0 0 0 0 0 0 0 0 0 0 0 0 0 0 0
0 0 0 0 0 0 0 0 0 0 0 0 0 0 0 0 0 0 0 0 0 0 0 0 0 0 0 0 0 0 0 0 0 0 0
0 0 0 0 0 0 0 0 0 0 0 0 0 0 0 0 0 0 0 0 0 0 0 0 0 0 0 0 0 0 0 0 0 0 0
0 0 0 0 0 0 0 0 0 0 0 0 0 0 0 0 0 0 0 0 0 0 0 0 0 0 0 0 0 0 0 0 0 0 0
0 0 0 0 0 0 0 0 0 0 0 0 0 0 0 0 0 0 0 0 0 0 0 0 0 0 0 0 0 0 0 0 0 0 0
0 0 0 0 0 0 0 0 0 0 0 0 0 0 0 0 0 0 0 0 0 0 0 0 0 0 0 0 0 0 0 0 0 0 0
0 0 0 0 0 0 0 0 0 0 0 0 0 0 0 0 0 0 0 0 0 0 0 0 0 0 0 0 0 0 0 0 0 0 0
0 0 0 0 0 0 0 0 0 0 0 0 0 0 0 0 0 0 0 0 0 0 0 0 0 0 0 0 0 0 0 0 0 0 0
0 0 0 0 0 0 0 0 0 0 0 0 0 0 0 0 0 0 0 0 0 0 0 0 0 0 0 0 0 0 0 0 0 0 0
0 0 0 0 0 0 0 0 0 0 0 0 0 0 0 0 0 0 0 0 0 0 0 0 0 0 0 0 0 0 0 0 0 0 0
0 0 0 0 0 0 0 0 0 0 0 0 0 0 0 0 0 0 0 0 0 0 0 0 0 0 0 0 0 0 0 0 0 0 0
0 0 0 0 0 0 0 0 0 0 0 0 0 0 0 0 0 0 0 0 0 0 0 0 0 0 0 0 0 0 0 0 0 0 0
0 0 0 0 0 0 0 0 0 0 0 0 0 0 0 0 0 0 0 0 0 0 0 0 0 0 0 0 0 0 0 0 0 0 0
0 0 0 0 2 0 0 0 0 2 0 0 0 0 0 0 0 0 0 2 0 0 0 5 0 0 0 0 0 0 0 0 0 0 0
0 0 0 0 0 0 0 0 0 0 0 0 0 0 0 0 0 0 0 0 0 0 0 0 0 0 0 0 0 0 0 0 0 0 0
0 0 0 0 0 0 0 0 0 0 0 0 0 0 0 0 0 0 0 0 0 0 0 0 0 0 0 0 0 0 0 0 0 0 0
0 0 0 0 0 0 0 0 0 0 0 0 0 0 0 0 0 0 0 0 0 0 0 0 0 0 0 0 0 0 0 0 0 0 0
0 0 0 0 0 0 0 0 0 0 0 0 0 0 0 0 0 0 0 0 0 0 0 0 0 0 0 0 0 0 0 0 0 0 0
0 0 0 0 0 0 0 0 0 0 0 0 0 0 0 0 0 0 0 0 0 0 0 0 0 0 0 0 0 0 0 0 0 0 0
0 0 0 0 0 0 0 0 0 0 0 0 0 0 0 0 0 0 0 0 0 0 0 0 0 0 0 0 0 0 0 0 0 0 0
0 0 0 0 0 0 0 0 0 0 0 0 0 0 0 0 0 0 0 0 0 0 0 0 0 0 0 0 0 0 0 0 0 0 0

I cap
1058.909090909091 1058.909090909091 1004.379090909091 1004.379090909091 1049.848 1093.6749999999997 1030.7909999999997 1167.3859999999997 834.214 908.014 804.8860000000001 409.62400000000014 519.867 768.8289999999998 697.969 436.051090909091 717.2890909090912 486.211090909091 612.922090909091 596.221090909091 417.77309090909114 597.285090909091 612.9030909090911 679.023090909091 555.2380909090909 752.952090909091 850.9730909090911 485.4510909090911 571.521090909091 488.5670909090911 806.513090909091 980.477090909091 980.477090909091 1058.909090909091 672.0
107.96969696969697 107.96969696969697 72.81969696969696 72.81969696969696 75.012 61.875 17.309 3.2140000000000057 60.93600000000002 97.73600000000002 92.864 44.97600000000001 50.38300000000002 77.271 87.63100000000001 42.07769696969697 89.53969696969698 47.96769696969696 50.456696969696964 40.55769696969698 41.35569696969697 49.94369696969697 12.47569696969698 68.90569696969698 53.04069696969698 94.72669696969697 99.30569696969698 80.07769696969697 86.15769696969697 72.21169696969699 96.26569696969698 104.70169696969697 104.70169696969697 107.96969696969697 84.0
38.96666666666666 38.96666666666666 15.279999999999994 15.279999999999994 14.839999999999995 28.06666666666667 27.366666666666667 38.5 39.900000000000006 25.266666666666673 2.9333333333333353 1.5333333333333385 10.566666666666668 36.4 17.56666666666667 11.1 11.1 25.03333333333333 38.96666666666666 38.96666666666666 38.96666666666666 38.96666666666666 38.96666666666666 38.96666666666666 26.925416666666663 26.925416666666663 26.925416666666663 0.9508333333333319 12.992083333333332 12.992083333333332 26.925416666666663 38.96666666666666 38.96666666666666 38.96666666666666 23.8
45.24545454545453 45.24545454545453 43.848954545454525 26.891454545454526 15.807000000000006 40.42349999999999 37.658999999999985 36.947 16.653999999999993 26.24649999999999 37.25049999999999 24.550499999999996 24.803500000000003 27.779999999999998 24.115499999999997 36.448454545454524 42.262454545454524 34.38695454545453 18.03745454545452 19.90895454545453 38.46245454545452 39.469454545454525 7.102954545454526 7.653954545454528 37.17995454545452 40.97045454545452 37.99695454545453 34.025954545454525 39.95395454545452 37.50295454545452 43.231454545454525 44.64695454545453 44.64695454545453 45.24545454545453 42.0
20.999999999999993 20.999999999999993 20.40149999999999 19.403999999999993 12.933000000000002 23.201499999999996 20.0755 21.371000000000002 17.982000000000003 18.770500000000002 23.068499999999997 18.508499999999994 15.841999999999999 20.792 16.253 17.04799999999999 20.733999999999995 19.64149999999999 18.871999999999993 16.420999999999996 16.743999999999993 17.45649999999999 17.371 18.083499999999997 17.66549999999999 20.334999999999994 20.135499999999997 18.786499999999993 19.79349999999999 17.646499999999993 20.125999999999994 20.800499999999992 20.800499999999992 20.999999999999993 21.0
345.75757575757575 345.75757575757575 345.75757575757575 345.75757575757575 249.025 274.05 294.469 293.419 311.89200000000005 311.89200000000005 268.8615 219.22399999999996 285.63100000000003 295.88149999999996 249.306 287.1045757575758 323.6890757575757 311.6145757575757 306.73157575757574 298.46657575757575 278.3550757575758 283.6750757575757 301.28807575757577 305.56307575757575 308.16607575757575 313.17257575757577 335.6495757575758 323.14757575757574 314.43607575757574 286.1355757575758 279.0485757575758 304.8695757575757 341.96707575757574 345.75757575757575 245.0
779.7575757575758 779.7575757575758 763.5980757575758 763.5980757575758 636.1185 737.6305 788.908 785.5825000000001 874.7600000000001 872.2280000000001 809.5970000000001 718.5350000000001 663.5935000000001 727.443 690.6239999999999 593.0635757575757 700.8125757575758 678.0315757575759 691.7495757575758 633.4005757575759 621.9910757575758 645.4085757575758 676.0555757575758 694.7515757575758 644.6960757575758 702.3325757575758 741.9855757575758 663.3255757575758 679.9980757575757 629.4770757575758 693.4595757575757 741.3110757575757 765.5930757575758 779.7575757575758 630.0
80.73333333333335 80.73333333333335 79.93533333333335 77.94033333333333 66.27899999999998 89.50200000000001 79.1835 84.96399999999998 81.89199999999995 89.50899999999997 82.13799999999999 85.718 89.7005 93.26599999999999 83.07050000000001 72.33533333333337 78.60533333333335 76.84783333333334 76.67683333333332 75.00483333333334 76.14483333333334 76.82883333333335 71.80333333333331 73.2948333333333 75.17583333333334 78.73833333333334 78.47233333333334 75.03333333333333 77.41783333333335 76.10683333333336 78.41533333333335 80.13483333333335 80.13483333333335 80.73333333333335 48.300000000000004
10.775757575757575 10.775757575757575 9.778257575757575 9.778257575757575 4.8375 4.242500000000001 3.5424999999999995 8.1975 9.8 9.1 5.7815 0.41100000000000136 4.429500000000001 4.5845 0.39850000000000074 0.7722575757575767 5.645757575757576 2.292257575757575 1.2852575757575762 1.000257575757576 1.2187575757575755 3.1282575757575755 4.885757575757576 5.503257575757576 6.215757575757576 6.215757575757576 10.775757575757575 8.495757575757576 6.215757575757576 2.1972575757575754 0.6867575757575768 4.705257575757576 10.775757575757575 10.775757575757575 8.4
2.545454545454545 2.545454545454545 2.545454545454545 2.545454545454545 2.8 1.4 0.6624999999999998 0.2190000000000002 0.5199999999999998 0.5040000000000001 1.6029999999999998 0.20300000000000007 1.4 0.9030000000000002 0.5325000000000002 0.6929545454545452 0.0659545454545451 0.5504545454545451 1.462454545454545 1.262954545454545 1.148954545454545 1.348454545454545 0.2084545454545449 0.46495454545454495 0.06595454545454504 0.550454545454545 0.949454545454545 0.550454545454545 0.749954545454545 1.148954545454545 1.747454545454545 1.946954545454545 1.946954545454545 2.545454545454545 2.8000000000000003
8.515433299825174 8.515433299825174 8.515433299825174 7.480950541204484 5.998674040229885 7.568980525862068 7.62962750862069 8.107652586206896 8.252813793103446 7.549960948275864 8.519775689655171 8.20037603448276 7.496383620689656 7.641740344827586 8.220366293103448 6.922558793103448 7.418693103448277 6.852062077586207 5.17237173275862 5.0673252672413795 6.399584435736678 8.16467827586207 5.523551905172412 5.381267775862071 7.023772201149426 6.743273629310345 5.461506724137931 8.218410181034484 8.933204836206897 8.18258673275862 8.80402051724138 8.772649137931035 7.811086206896552 8.024766408045977 11.298133678160921
700.0 700.0 699.05 697.15 685.75 688.5999999999999 685.7499999999998 689.5499999999997 686.6999999999999 688.6 679.0999999999999 670.5499999999997 680.9999999999999 690.4999999999998 685.7499999999999 680.0499999999998 680.0499999999996 679.1 682.8999999999997 685.75 682.9 683.8499999999999 683.85 683.8499999999999 683.8499999999998 686.6999999999999 689.5500000000001 684.8 687.6499999999999 681.9499999999998 686.6999999999999 692.4 693.35 698.1 698.1

H cap
19.25 8.75 75.25 75.25 5.25 5.25 68.25 47.25 8.75 19.25 43.75 -1.75 43.75 5.25 26.25 15.75 5.25 50.75 -36.75 5.25 57.75 -1.75 -8.75 5.25 22.75 12.25 47.25 131.25 131.25 131.25 131.25 131.25 131.25 131.25 131.25
33.5 31.5 48.5 48.5 37.5 30.5 34.5 33.5 33.5 36.5 40.5 40.0 43.0 39.5 33.5 23.0 31.0 49.5 42.5 24.5 29.0 45.0 42.5 32.5 37.5 40.0 40.0 52.5 52.5 52.5 52.5 52.5 52.5 52.5 52.5
52.5 49.0 56.0 56.0 49.0 52.5 52.5 45.5 49.0 52.5 56.0 49.0 45.5 45.5 49.0 49.0 45.5 49.0 52.5 52.5 49.0 49.0 52.5 56.0 52.5 42.0 49.0 63.0 63.0 63.0 63.0 63.0 63.0 63.0 63.0
3.75 1.25 -17.75 -17.75 6.25 1.25 5.75 0.75 7.25 0.25 6.25 6.25 33.25 0.25 0.25 3.25 1.25 -3.75 -10.75 2.75 0.75 14.75 29.25 0.75 14.25 0.25 9.25 78.75 78.75 78.75 78.75 78.75 78.75 78.75 78.75

Gap
NaN

Time
NaN

