T P M C
35 37 4 12

base obj
20.11794871794872

exp obj
23.88512820512821

Objective struct
20.11794871794872 1.5066666666666666 33.68000000000001

num campaigns
54

x
0 0 0 0 0 0 0 0 0 1 0 0 0 1 0 0 0 0 0 0 1 0 0 1 0 0 0 0 3 0 0 0 0 0 0
0 0 0 0 0 0 0 0 0 0 0 0 0 0 0 0 0 0 0 0 0 0 0 0 0 0 0 0 0 0 0 0 0 0 0
0 0 0 0 0 0 0 0 0 0 0 0 0 0 0 0 0 0 0 0 0 0 0 0 0 0 0 0 0 0 0 0 0 0 0
0 0 0 0 0 0 0 0 0 0 0 3 0 0 0 0 0 0 0 0 0 0 0 0 1 0 0 0 0 0 0 0 0 0 0
0 0 0 0 0 0 0 0 0 0 0 0 0 0 0 0 0 0 0 0 0 0 0 0 0 0 0 0 0 0 0 0 0 0 0
0 0 0 0 0 0 0 0 0 0 0 0 0 0 0 0 0 0 0 0 0 0 0 0 0 0 0 0 0 0 0 0 0 0 0
0 0 0 0 0 0 0 0 2 0 0 0 0 0 0 0 0 1 1 0 0 0 0 0 2 0 0 0 0 0 0 0 0 0 0
0 0 0 0 0 0 0 0 0 0 0 0 0 0 0 0 0 1 0 1 0 0 0 0 0 0 0 0 0 0 0 0 0 0 0
0 0 0 0 0 0 0 0 0 0 0 0 0 0 0 1 0 0 0 0 0 0 0 0 0 0 0 0 0 0 0 0 0 0 0
0 0 0 0 0 0 0 0 0 0 0 0 0 0 0 0 0 0 0 0 0 0 0 0 0 0 0 0 0 0 0 0 0 0 0
0 0 0 0 0 0 0 0 0 0 1 0 0 0 0 0 0 0 0 0 0 0 1 0 0 0 0 0 0 1 0 0 0 0 0
0 0 0 0 0 0 1 0 0 0 0 0 0 0 0 0 0 0 0 0 0 0 0 1 0 0 0 0 0 0 0 0 0 0 0
0 0 0 0 0 0 0 0 0 0 0 0 0 0 0 0 0 0 0 0 0 0 0 0 0 0 0 0 0 0 0 0 0 0 0
0 0 0 0 0 0 0 0 0 0 0 0 0 0 0 0 0 0 0 0 0 0 0 0 0 0 0 0 0 0 0 0 0 0 0
0 0 0 0 0 0 0 0 0 0 1 0 0 0 0 0 0 0 1 0 1 0 0 0 0 0 1 0 0 0 0 0 0 0 0
0 0 0 0 0 0 0 0 0 0 0 0 0 0 0 0 0 0 0 0 0 0 0 0 0 1 0 0 0 0 0 0 0 0 0
0 0 0 0 0 0 0 0 0 0 0 0 0 1 0 0 0 0 0 0 0 0 0 0 0 0 0 0 0 0 0 0 0 0 0
0 0 0 0 0 0 0 0 0 1 0 0 0 0 0 0 0 0 0 0 0 1 0 0 0 0 0 0 0 0 0 0 0 0 0
0 0 0 0 0 0 0 0 0 0 0 0 0 0 0 0 0 0 0 0 0 0 0 0 0 0 0 0 0 0 0 0 0 0 0
0 0 0 0 0 1 0 0 0 0 0 0 0 0 0 0 0 0 0 0 0 0 0 0 0 0 0 0 0 0 0 0 0 0 0
0 0 0 0 0 0 0 0 0 0 0 0 0 0 0 0 0 0 0 0 0 0 0 0 1 0 0 0 0 0 0 0 0 0 0
0 0 0 0 1 0 0 1 0 0 0 0 0 0 0 1 0 0 0 0 0 0 0 0 0 0 0 0 0 0 0 0 0 0 0
0 0 0 0 0 0 0 0 0 0 0 0 0 1 0 0 0 0 0 0 0 0 0 1 0 0 0 0 0 0 0 0 0 0 0
0 0 0 0 0 0 0 0 0 0 0 1 0 0 0 0 0 0 0 0 0 1 1 0 0 0 0 0 0 0 0 0 0 0 0
0 0 0 0 0 0 0 0 0 0 0 0 1 0 0 0 0 0 1 0 0 0 0 0 0 1 0 0 0 0 0 0 0 0 0
0 0 0 0 0 0 0 0 0 0 2 0 0 0 0 0 0 0 0 0 0 0 0 1 1 0 0 0 0 0 0 0 0 0 0
0 0 0 0 0 0 0 0 0 0 0 0 0 0 0 0 0 0 0 0 0 0 0 0 0 0 0 0 0 0 0 0 0 0 0
0 0 0 0 0 0 0 0 0 0 0 1 0 0 0 0 0 0 0 0 0 0 0 0 0 0 0 0 0 0 0 0 0 0 0
0 0 0 0 0 0 0 0 0 0 0 0 0 0 0 0 0 0 0 0 0 0 0 0 0 0 0 0 0 0 0 0 0 0 0
0 0 0 0 0 0 0 0 1 0 0 0 0 0 0 0 0 0 0 0 0 0 0 0 2 0 0 0 0 0 0 0 0 0 0
0 0 0 0 0 0 0 0 0 0 0 0 0 0 0 0 0 0 0 0 0 0 0 0 0 0 0 0 0 0 0 0 0 0 0
0 0 0 0 0 0 0 0 0 0 0 0 0 0 0 0 0 0 0 0 0 0 0 0 0 0 0 0 0 0 0 0 0 0 0
0 0 0 0 0 0 0 0 0 0 0 0 0 0 0 0 0 0 0 0 0 0 0 0 0 0 0 0 0 0 0 0 0 0 0
0 0 0 0 0 0 0 0 0 0 0 0 0 0 0 0 0 0 0 0 0 0 0 0 0 0 0 0 0 0 0 0 0 0 0
0 0 0 0 0 0 0 0 0 0 0 0 0 0 0 0 0 0 0 0 0 0 0 0 0 0 0 0 0 0 0 0 0 0 0
0 0 0 0 0 0 0 0 0 0 0 0 0 0 0 0 0 0 0 0 0 0 0 0 0 0 0 0 0 0 0 0 0 0 0
0 0 0 0 0 0 0 0 0 0 0 0 0 0 0 0 0 0 0 0 0 0 0 0 0 0 0 0 0 0 0 0 0 0 0

y
0.0 0.0 0.0 0.0 0.0 0.0 0.0 0.0 0.0 0.0 0.0 0.0 0.0 0.0 0.0 0.0 0.0 0.0 0.0 0.0 0.0 0.0 0.0 0.0 0.0 0.0 0.0 0.0 0.0 0.0 0.0 0.0 0.0 0.0 0.0 0.0 0.0

k
0 6 7 2 9 6 0 0 0 15 0 0 6 6 0 0 2 0 13 0 5 0 0 2 0 0 5 0 11 23 26 26 52 26 26 26 3

f
0.0 0.0 0.0 0.0 0.0 0.0 4.200000000000003 0.0 0.0 0.0 0.0 0.0 0.0 0.0 0.0 0.0 10.5 4.200000000000001 0.0 0.0 0.0 0.0 0.0 0.0 10.5 19.950000000000003 0.0 0.0 0.0 0.0 0.0 0.0 0.0 0.0 0.0
0.0 0.0 0.0 0.0 0.0 0.0 0.0 0.0 0.0 0.0 0.0 0.0 0.0 0.0 0.0 0.0 0.0 0.0 0.0 0.0 0.0 0.0 0.0 0.0 0.0 0.0 0.0 0.0 0.0 0.0 0.0 0.0 0.0 0.0 0.0
0.0 0.0 0.0 0.0 0.0 0.0 0.0 0.0 0.0 0.0 0.0 0.0 0.0 0.0 0.0 0.0 0.0 0.0 0.0 0.0 0.0 0.0 0.0 0.0 0.0 0.0 0.0 0.0 0.0 0.0 0.0 0.0 0.0 0.0 0.0
0.0 3.6000000000000085 0.0 5.8500000000000085 8.43769498715119e-15 0.0 0.0 0.0 0.0 22.050000000000004 0.0 2.250000000000014 2.250000000000014 0.0 0.0 0.0 0.0 0.0 0.0 6.7500000000000036 0.0 0.0 7.200000000000003 0.0 0.0 0.0 0.0 0.0 0.0 0.0 0.0 0.0 0.0 0.0 0.0

L
0 0 0 0 0 0 0 2 0 0 7 17 0 0 2 0 0 12 0 0 0 3 10 1 6 0 0 0 0 0 0 0 0 0 0 0 0

g
0 0 0 0 0 0 0 0 0 0 0 0 0 0 0 0 0 0 0 0 0 0 0 0 0 0 0 0 2 0 0 0 0 0 0
0 0 0 0 0 0 0 0 0 0 0 0 0 0 0 0 0 0 0 0 0 0 0 0 0 0 0 0 0 0 0 0 0 0 0
0 0 0 0 0 0 0 0 0 0 0 0 0 0 0 0 0 0 0 0 0 0 0 0 0 0 0 0 0 0 0 0 0 0 0
0 0 0 0 0 0 0 0 0 0 0 2 0 0 0 0 0 0 0 0 0 0 0 0 0 0 0 0 0 0 0 0 0 0 0
0 0 0 0 0 0 0 0 0 0 0 0 0 0 0 0 0 0 0 0 0 0 0 0 0 0 0 0 0 0 0 0 0 0 0
0 0 0 0 0 0 0 0 0 0 0 0 0 0 0 0 0 0 0 0 0 0 0 0 0 0 0 0 0 0 0 0 0 0 0
0 0 0 0 0 0 0 0 1 0 0 0 0 0 0 0 0 0 0 0 0 0 0 0 1 0 0 0 0 0 0 0 0 0 0
0 0 0 0 0 0 0 0 0 0 0 0 0 0 0 0 0 0 0 0 0 0 0 0 0 0 0 0 0 0 0 0 0 0 0
0 0 0 0 0 0 0 0 0 0 0 0 0 0 0 0 0 0 0 0 0 0 0 0 0 0 0 0 0 0 0 0 0 0 0
0 0 0 0 0 0 0 0 0 0 0 0 0 0 0 0 0 0 0 0 0 0 0 0 0 0 0 0 0 0 0 0 0 0 0
0 0 0 0 0 0 0 0 0 0 0 0 0 0 0 0 0 0 0 0 0 0 0 0 0 0 0 0 0 0 0 0 0 0 0
0 0 0 0 0 0 0 0 0 0 0 0 0 0 0 0 0 0 0 0 0 0 0 0 0 0 0 0 0 0 0 0 0 0 0
0 0 0 0 0 0 0 0 0 0 0 0 0 0 0 0 0 0 0 0 0 0 0 0 0 0 0 0 0 0 0 0 0 0 0
0 0 0 0 0 0 0 0 0 0 0 0 0 0 0 0 0 0 0 0 0 0 0 0 0 0 0 0 0 0 0 0 0 0 0
0 0 0 0 0 0 0 0 0 0 0 0 0 0 0 0 0 0 0 0 0 0 0 0 0 0 0 0 0 0 0 0 0 0 0
0 0 0 0 0 0 0 0 0 0 0 0 0 0 0 0 0 0 0 0 0 0 0 0 0 0 0 0 0 0 0 0 0 0 0
0 0 0 0 0 0 0 0 0 0 0 0 0 0 0 0 0 0 0 0 0 0 0 0 0 0 0 0 0 0 0 0 0 0 0
0 0 0 0 0 0 0 0 0 0 0 0 0 0 0 0 0 0 0 0 0 0 0 0 0 0 0 0 0 0 0 0 0 0 0
0 0 0 0 0 0 0 0 0 0 0 0 0 0 0 0 0 0 0 0 0 0 0 0 0 0 0 0 0 0 0 0 0 0 0
0 0 0 0 0 0 0 0 0 0 0 0 0 0 0 0 0 0 0 0 0 0 0 0 0 0 0 0 0 0 0 0 0 0 0
0 0 0 0 0 0 0 0 0 0 0 0 0 0 0 0 0 0 0 0 0 0 0 0 0 0 0 0 0 0 0 0 0 0 0
0 0 0 0 0 0 0 0 0 0 0 0 0 0 0 0 0 0 0 0 0 0 0 0 0 0 0 0 0 0 0 0 0 0 0
0 0 0 0 0 0 0 0 0 0 0 0 0 0 0 0 0 0 0 0 0 0 0 0 0 0 0 0 0 0 0 0 0 0 0
0 0 0 0 0 0 0 0 0 0 0 0 0 0 0 0 0 0 0 0 0 0 0 0 0 0 0 0 0 0 0 0 0 0 0
0 0 0 0 0 0 0 0 0 0 0 0 0 0 0 0 0 0 0 0 0 0 0 0 0 0 0 0 0 0 0 0 0 0 0
0 0 0 0 0 0 0 0 0 0 1 0 0 0 0 0 0 0 0 0 0 0 0 0 0 0 0 0 0 0 0 0 0 0 0
0 0 0 0 0 0 0 0 0 0 0 0 0 0 0 0 0 0 0 0 0 0 0 0 0 0 0 0 0 0 0 0 0 0 0
0 0 0 0 0 0 0 0 0 0 0 0 0 0 0 0 0 0 0 0 0 0 0 0 0 0 0 0 0 0 0 0 0 0 0
0 0 0 0 0 0 0 0 0 0 0 0 0 0 0 0 0 0 0 0 0 0 0 0 0 0 0 0 0 0 0 0 0 0 0
0 0 0 0 0 0 0 0 0 0 0 0 0 0 0 0 0 0 0 0 0 0 0 0 1 0 0 0 0 0 0 0 0 0 0
0 0 0 0 0 0 0 0 0 0 0 0 0 0 0 0 0 0 0 0 0 0 0 0 0 0 0 0 0 0 0 0 0 0 0
0 0 0 0 0 0 0 0 0 0 0 0 0 0 0 0 0 0 0 0 0 0 0 0 0 0 0 0 0 0 0 0 0 0 0
0 0 0 0 0 0 0 0 0 0 0 0 0 0 0 0 0 0 0 0 0 0 0 0 0 0 0 0 0 0 0 0 0 0 0
0 0 0 0 0 0 0 0 0 0 0 0 0 0 0 0 0 0 0 0 0 0 0 0 0 0 0 0 0 0 0 0 0 0 0
0 0 0 0 0 0 0 0 0 0 0 0 0 0 0 0 0 0 0 0 0 0 0 0 0 0 0 0 0 0 0 0 0 0 0
0 0 0 0 0 0 0 0 0 0 0 0 0 0 0 0 0 0 0 0 0 0 0 0 0 0 0 0 0 0 0 0 0 0 0
0 0 0 0 0 0 0 0 0 0 0 0 0 0 0 0 0 0 0 0 0 0 0 0 0 0 0 0 0 0 0 0 0 0 0

I cap
1058.909090909091 1058.909090909091 1058.909090909091 1038.509090909091 1295.6 1197.8 1284.4 1287.44 739.8199999999999 960.8599999999999 585.28 14.680000000000064 510.68000000000006 845.78 1007.16 891.349090909091 858.249090909091 813.2490909090909 630.209090909091 742.949090909091 729.4890909090909 706.429090909091 788.089090909091 626.029090909091 216.7490909090909 538.749090909091 468.00909090909124 717.1490909090911 666.8890909090908 663.8090909090909 804.2290909090912 804.2290909090912 1058.909090909091 1058.909090909091 672.0
107.96969696969697 107.96969696969697 107.96969696969697 107.96969696969697 133.0 126.0 85.6 91.56 76.17999999999999 127.14 76.72 12.320000000000007 60.32000000000001 89.22 102.84 35.52969696969697 54.62969696969697 3.629696969696968 11.669696969696968 15.929696969696966 28.38969696969697 60.44969696969697 36.789696969696976 15.849696969696971 3.1296969696969645 65.12969696969698 85.86969696969697 95.72969696969697 92.98969696969696 65.06969696969696 69.64969696969698 69.64969696969698 107.96969696969697 107.96969696969697 84.0
38.96666666666666 38.96666666666666 38.96666666666666 14.033333333333328 19.16666666666666 25.866666666666667 41.3 38.5 27.225000000000005 26.525000000000002 18.124999999999996 16.725 24.5 36.4 31.5 38.96666666666666 38.96666666666666 38.96666666666666 38.96666666666666 38.96666666666666 26.29166666666666 26.29166666666666 26.29166666666666 26.29166666666666 24.299999999999997 24.299999999999997 24.299999999999997 38.96666666666666 38.96666666666666 38.96666666666666 38.96666666666666 38.96666666666666 38.96666666666666 38.96666666666666 23.8
45.24545454545453 45.24545454545453 45.24545454545453 45.24545454545453 35.7 44.099999999999994 42.449999999999996 38.419999999999995 34.21999999999999 43.959999999999994 43.25999999999999 26.839999999999996 34.44 34.16 29.26 39.78545454545453 41.185454545454526 40.20545454545453 41.67545454545453 41.255454545454526 41.60545454545453 42.30545454545452 42.655454545454525 30.22545454545452 28.30545454545452 43.41545454545452 42.72545454545452 43.35545454545452 42.72545454545452 42.72545454545452 43.35545454545452 43.35545454545452 45.24545454545453 45.24545454545453 42.0
20.999999999999993 20.999999999999993 20.999999999999993 20.999999999999993 14.700000000000001 23.799999999999997 21.040000000000003 22.06 19.259999999999994 20.019999999999996 23.519999999999996 16.18 22.68 24.92 19.72 19.679999999999993 19.879999999999992 19.319999999999997 19.529999999999994 19.349999999999994 19.519999999999992 19.879999999999992 20.00999999999999 19.149999999999988 17.13999999999999 20.30999999999999 20.15999999999999 20.36999999999999 20.15999999999999 20.15999999999999 20.36999999999999 20.36999999999999 20.999999999999993 20.999999999999993 21.0
345.75757575757575 345.75757575757575 345.75757575757575 345.75757575757575 259.0 294.0 322.0 297.01 304.81 303.48 278.48 260.0199999999999 314.82 292.43 251.78 302.71757575757573 328.56757575757575 332.55757575757576 311.36757575757576 315.36757575757576 310.0375757575758 310.8475757575758 324.57757575757574 324.04757575757577 280.63757575757575 278.56757575757575 275.0975757575757 298.08757575757573 316.5975757575758 317.3975757575758 333.7875757575757 333.7875757575757 345.75757575757575 345.75757575757575 245.0
779.7575757575758 779.7575757575758 779.7575757575758 779.7575757575758 672.0 784.0 862.27 812.65 880.48 873.95 813.05 690.41 843.0100000000001 837.01 788.34 683.3975757575759 708.9875757575759 705.2675757575757 693.5875757575758 693.6275757575759 690.2375757575758 696.5975757575758 718.3775757575759 703.0475757575757 643.6675757575757 686.2375757575758 666.7975757575758 699.5075757575759 703.9475757575758 704.9275757575757 735.0275757575758 735.0275757575758 779.7575757575758 779.7575757575758 630.0
80.73333333333335 80.73333333333335 80.73333333333335 80.73333333333335 69.3 90.30000000000001 81.03 86.11 84.71 92.25999999999999 83.16 84.34000000000002 98.14000000000001 97.85999999999999 87.05999999999999 75.42333333333335 77.02333333333335 76.89333333333335 78.42333333333335 78.18333333333335 78.29333333333334 78.42333333333335 78.71333333333335 74.89333333333335 74.53333333333335 77.94333333333336 78.21333333333337 78.84333333333336 78.21333333333334 78.21333333333334 78.84333333333336 78.84333333333336 80.73333333333335 80.73333333333335 48.300000000000004
10.775757575757575 10.775757575757575 10.775757575757575 10.775757575757575 8.4 9.8 9.1 9.1 6.170000000000001 5.47 5.07 6.87 6.87 2.16 0.5800000000000001 3.335757575757575 6.095757575757575 4.745757575757575 0.3157575757575737 1.1157575757575753 0.4157575757575751 2.6857575757575747 6.195757575757576 7.365757575757575 1.5457575757575759 0.14575757575757553 0.795757575757575 3.995757575757575 7.1457575757575755 7.365757575757575 10.775757575757575 10.775757575757575 10.775757575757575 10.775757575757575 8.4
2.545454545454545 2.545454545454545 2.545454545454545 2.545454545454545 2.8 1.4 1.8099999999999998 0.7500000000000002 1.45 1.2600000000000002 1.96 0.1399999999999999 0.1399999999999999 1.2600000000000002 0.3600000000000002 0.47545454545454513 1.0754545454545452 1.825454545454545 1.915454545454545 1.915454545454545 1.7054545454545451 1.0754545454545452 1.2854545454545452 0.08545454545454523 0.9854545454545451 1.195454545454545 0.025454545454545174 0.6554545454545452 0.025454545454545174 0.025454545454545174 0.6554545454545452 0.6554545454545452 2.545454545454545 2.545454545454545 2.8000000000000003
8.515433299825174 8.515433299825174 8.515433299825174 8.515433299825174 7.257295057471263 8.224152931034482 7.957213879310345 8.744676179673322 10.571479854809436 9.279271293103449 9.302534310344825 7.91416896551724 8.06879724137931 7.784843620689654 8.029849051724137 7.022472586206895 8.400589655172414 7.827407068965517 6.809785689655172 7.125515086206896 6.009929263322884 7.800885172413793 7.524155517241378 6.131349773139745 5.982483962492437 6.35042896551724 6.435903275862069 8.832203448275862 7.546998103448278 7.100086896551723 7.709192931034481 8.90195948275862 7.811086206896552 8.024766408045977 11.625719885057473
700.0 700.0 700.0 697.0 693.0 691.0 692.0 692.0 687.0 677.0 688.0 677.0 667.0 680.0 681.0 684.0 691.0 690.0 685.0 685.0 673.0 688.0 686.0 680.0 677.0 677.0 686.0 688.0 691.0 692.0 690.0 697.0 700.0 700.0 700.0

H cap
99.75 90.3 112.35 90.3 80.85 33.599999999999994 -4.200000000000003 5.249999999999989 52.499999999999986 33.599999999999994 43.05 68.25 68.25 74.55 8.399999999999993 17.849999999999994 -10.5 -4.200000000000001 71.39999999999999 24.14999999999999 5.249999999999989 52.499999999999986 43.05 84.0 -10.5 -19.950000000000003 121.8 131.25 131.25 131.25 131.25 131.25 131.25 131.25 131.25
52.5 52.5 50.7 50.7 46.2 41.7 41.7 39.45 45.75 43.5 43.5 49.8 49.8 46.2 39.900000000000006 41.7 39.0 43.5 50.7 44.400000000000006 34.95 38.55 45.3 48.0 39.0 37.2 50.7 52.5 52.5 52.5 52.5 52.5 52.5 52.5 52.5
59.85 56.7 59.85 59.85 59.85 56.7 44.10000000000001 37.80000000000001 50.400000000000006 53.550000000000004 53.550000000000004 56.7 56.7 59.85 56.7 56.7 53.550000000000004 50.400000000000006 50.400000000000006 47.25000000000001 47.25000000000001 53.550000000000004 56.7 59.85 53.550000000000004 50.400000000000006 59.85 63.0 63.0 63.0 63.0 63.0 63.0 63.0 63.0
3.1499999999999915 -3.6000000000000085 63.0 -5.8500000000000085 -8.43769498715119e-15 51.300000000000004 13.5 0.9000000000000021 6.7499999999999964 -22.050000000000004 13.049999999999997 -2.250000000000014 -2.250000000000014 67.5 0.9000000000000029 1.800000000000003 17.550000000000004 2.6999999999999993 30.149999999999995 -6.7500000000000036 0.8999999999999968 7.649999999999999 -7.200000000000003 48.15 18.0 15.75 76.5 78.75 78.75 78.75 78.75 78.75 78.75 78.75 78.75

Gap
NaN

Time
NaN

