T P M C
61 37 4 12

base obj
12.312859783894268

exp obj
11.293468367332466

Objective struct
12.312859783894268 0.0 8.235294117647058

num campaigns
359

x
0 0 0 0 0 0 0 0 1 0 0 0 1 0 0 0 0 1 0 0 0 0 0 0 0 1 0 0 0 1 0 1 0 1 0 1 0 1 0 0 0 0 0 0 1 0 0 1 0 0 1 0 0 0 0 1 0 0 0 0 0
0 0 0 0 0 0 0 0 0 0 0 0 0 0 0 0 0 0 0 0 0 0 1 0 0 0 0 0 0 0 0 0 0 0 0 0 0 0 0 0 0 0 0 0 0 0 1 0 0 0 0 0 0 0 0 0 0 0 0 0 0
0 0 0 0 0 0 0 0 1 0 0 0 0 0 1 0 0 0 0 1 0 0 0 0 0 0 1 0 0 0 0 1 0 0 0 0 1 0 0 0 0 0 1 0 0 0 0 0 0 0 0 0 1 0 0 0 0 0 0 0 0
0 0 0 0 0 0 0 1 0 1 0 1 0 1 0 0 0 0 0 0 1 0 0 1 0 0 0 0 0 0 0 1 0 0 0 0 0 1 0 0 0 0 0 0 0 0 1 0 0 0 1 0 1 0 0 0 0 0 0 0 0
0 0 0 0 0 1 0 0 0 0 1 0 1 0 1 0 1 0 1 0 0 0 1 0 1 0 1 0 0 0 0 0 1 0 1 0 0 0 0 1 0 1 0 1 0 0 0 0 1 0 1 0 1 0 0 0 0 0 0 0 0
0 0 0 0 0 0 0 0 0 0 0 0 0 0 1 0 0 0 0 1 0 0 0 0 0 0 0 0 0 0 1 0 0 0 0 0 0 0 0 1 0 0 0 0 0 0 0 0 0 0 0 0 0 0 0 0 0 0 0 0 0
0 0 0 0 1 0 0 0 0 1 0 0 0 1 0 0 0 1 0 0 0 0 0 1 0 0 0 1 0 0 0 0 1 0 0 0 1 0 0 0 1 0 0 0 1 0 0 0 0 1 0 0 0 1 0 0 0 0 0 0 0
0 0 0 0 0 0 1 0 0 0 0 0 0 0 0 0 0 0 0 0 0 0 1 0 0 0 0 0 0 0 0 0 0 0 1 0 0 0 0 0 0 0 0 0 0 0 0 0 0 0 0 1 0 0 0 0 0 0 0 0 0
0 0 0 0 0 0 0 1 0 0 0 0 0 0 0 0 0 0 0 0 0 0 0 0 0 0 0 0 0 0 0 0 0 0 0 0 0 0 0 0 0 0 0 0 0 0 0 0 0 0 0 0 0 0 1 0 0 0 0 0 0
0 0 0 0 0 0 0 0 1 0 0 0 0 1 0 0 1 0 1 0 0 0 0 0 0 0 0 0 0 0 0 0 0 0 0 0 0 0 0 1 0 1 0 0 0 1 0 0 0 0 0 0 0 0 0 0 0 0 0 0 0
0 0 0 0 1 0 0 0 0 0 0 0 0 0 0 0 0 1 0 0 0 0 0 0 0 0 0 0 0 0 1 0 0 0 0 0 0 0 0 0 0 0 0 1 0 0 0 0 0 0 0 0 0 0 0 1 0 0 0 0 0
0 0 0 0 1 0 0 0 0 0 0 0 0 0 0 0 0 0 0 0 0 1 0 0 0 0 0 0 0 0 0 0 0 0 0 0 0 0 1 0 0 0 0 0 0 0 0 0 0 0 0 0 0 0 0 1 0 0 0 0 0
0 0 0 0 0 0 0 0 0 0 0 0 0 0 0 0 0 1 0 0 0 0 0 0 0 1 0 0 0 0 0 0 0 0 0 0 0 0 0 0 0 0 0 0 0 0 0 0 0 1 0 0 0 0 0 0 0 0 0 0 0
0 0 0 0 0 0 0 0 0 0 0 0 1 0 0 0 0 0 0 0 0 0 0 1 0 0 0 0 0 0 0 0 0 0 0 0 0 0 0 0 0 0 0 1 0 0 0 0 0 0 0 1 0 0 0 0 0 0 0 0 0
0 0 0 0 0 0 0 0 0 0 0 0 0 0 0 0 0 0 0 0 1 0 0 0 0 0 0 0 0 0 0 0 0 0 0 0 0 0 0 0 0 0 0 0 0 1 0 0 0 0 0 0 0 0 0 0 0 0 0 0 0
0 0 0 0 0 0 0 0 0 0 0 0 0 0 0 0 0 0 0 0 0 0 0 0 0 0 0 0 0 0 0 0 0 0 0 0 0 0 0 1 0 0 0 0 0 0 0 0 0 0 0 0 0 0 0 0 0 0 0 0 0
0 0 0 0 0 0 0 0 0 0 0 0 0 0 1 0 0 0 0 0 0 0 0 0 0 0 0 0 0 1 0 0 0 0 0 0 0 0 0 0 0 0 0 1 0 0 0 0 0 1 0 0 0 0 0 1 0 0 0 0 0
0 0 0 0 1 0 0 0 0 0 0 0 0 0 0 0 0 0 0 0 0 0 0 0 0 0 0 0 1 0 0 0 0 0 0 0 0 0 0 0 0 0 0 0 0 0 0 0 0 0 0 0 0 1 0 0 0 0 0 0 0
0 0 0 0 1 0 0 0 0 0 0 1 0 0 0 0 0 0 1 0 0 0 0 0 1 0 1 0 0 0 1 0 1 0 0 0 0 0 0 0 0 0 0 1 0 1 0 0 1 0 0 1 0 0 0 0 0 0 0 0 0
0 0 0 0 1 0 0 0 0 0 0 0 0 0 0 0 0 0 0 0 0 0 0 0 0 0 0 0 0 0 0 0 0 0 0 0 0 0 0 0 0 0 0 0 0 0 0 0 0 0 0 0 0 0 0 1 0 0 0 0 0
0 0 0 0 0 1 0 0 1 0 0 0 1 0 0 1 0 0 1 0 0 0 0 1 0 0 0 0 0 1 0 0 1 0 0 0 0 0 0 1 0 0 1 0 0 0 1 0 0 1 0 0 0 0 0 0 0 0 0 0 0
0 0 0 0 0 0 0 0 0 0 0 0 0 0 0 0 0 0 0 0 0 0 0 0 0 0 0 0 0 0 0 0 0 0 0 0 0 0 0 0 0 0 0 0 0 0 0 0 0 0 0 0 0 0 0 0 0 0 0 0 0
0 0 0 0 0 0 0 0 0 0 1 0 0 0 0 0 0 0 0 0 0 0 0 0 1 0 0 0 0 0 0 0 0 0 0 0 0 1 0 0 0 0 0 0 0 0 0 0 0 0 0 0 0 1 0 0 0 0 0 0 0
0 0 0 0 1 0 0 0 0 0 1 0 0 0 0 0 1 0 0 0 0 1 0 0 0 0 0 0 1 0 0 0 0 1 0 0 0 0 0 0 0 0 0 0 0 0 0 0 0 0 0 0 0 0 0 0 0 0 0 0 0
0 0 0 0 0 0 1 0 0 0 0 0 0 0 0 1 0 0 0 0 0 0 0 0 0 0 0 1 0 0 0 0 0 0 0 1 0 0 0 0 0 1 0 0 0 0 0 0 1 0 0 0 0 0 0 0 0 0 0 0 0
0 0 0 0 1 0 0 0 0 0 0 1 0 0 0 0 0 0 1 0 0 0 0 0 0 0 1 0 0 0 0 0 0 1 0 0 0 0 0 0 1 0 0 0 0 0 0 1 0 0 0 0 0 0 1 0 0 0 0 0 0
0 0 0 0 0 0 1 0 0 1 0 0 1 0 0 0 0 0 1 0 0 0 1 0 0 0 1 0 0 0 0 0 1 0 0 0 0 0 0 0 1 0 0 0 0 0 0 1 0 0 0 0 1 0 0 0 0 0 0 0 0
0 0 0 0 1 0 0 0 0 0 0 0 0 0 0 0 0 0 0 0 0 0 0 0 0 0 0 0 0 0 0 0 0 0 0 0 0 0 0 0 0 0 0 0 0 0 0 0 0 0 0 0 0 0 0 1 0 0 0 0 0
0 0 0 0 0 0 0 0 0 0 0 0 0 0 0 0 0 0 0 0 0 0 0 0 0 0 0 0 0 0 0 0 0 0 0 0 0 0 0 0 0 0 0 0 0 0 0 0 0 0 0 0 0 0 0 0 0 0 0 0 0
0 0 0 0 1 1 1 1 1 1 1 1 1 1 1 1 1 1 1 1 1 1 1 1 1 1 1 1 1 1 1 1 1 1 1 1 1 1 1 1 1 1 1 1 1 1 1 1 1 1 1 1 1 1 1 1 0 0 0 0 0
0 0 0 0 1 1 1 1 1 1 0 1 1 1 1 0 0 1 1 1 1 1 1 1 1 1 1 1 1 0 1 1 1 1 1 1 1 1 1 1 1 1 1 1 1 1 1 1 1 1 1 1 1 1 1 1 0 0 0 0 0
0 0 0 0 1 1 1 1 1 0 0 1 1 0 0 0 0 1 1 1 0 0 1 1 1 1 0 0 0 0 0 0 1 1 0 0 0 1 1 1 0 0 1 1 0 1 1 1 1 1 1 1 1 1 1 1 0 0 0 0 0
0 0 0 0 1 1 1 1 1 1 0 0 0 1 1 0 0 1 0 0 0 0 0 0 0 0 0 0 0 0 0 0 0 1 0 0 0 0 0 0 0 1 0 0 0 0 1 0 0 0 0 0 0 0 0 0 0 0 0 0 0
0 0 0 0 1 1 0 1 1 1 1 0 0 0 0 0 0 0 0 0 0 0 1 1 0 1 1 1 1 1 1 1 1 1 0 0 0 0 1 1 1 1 1 1 0 1 1 1 1 1 1 1 1 1 1 1 0 0 0 0 0
0 0 0 0 1 1 0 0 1 0 1 0 0 0 0 0 0 0 0 0 0 0 0 0 1 1 1 0 0 0 0 1 0 0 0 0 0 0 0 0 0 0 0 0 0 0 1 0 0 0 0 1 0 1 0 0 0 0 0 0 0
0 0 0 0 0 0 0 0 0 0 0 0 0 0 0 0 0 0 0 0 0 0 0 0 0 0 0 0 0 0 0 0 0 0 0 0 0 0 0 0 0 1 0 0 0 0 0 0 0 0 0 0 1 0 0 0 0 0 0 0 0
0 0 0 0 0 0 0 0 0 0 0 0 0 0 0 0 0 0 0 0 0 0 0 0 0 0 0 0 0 0 0 0 0 0 0 0 0 0 0 0 0 0 0 0 0 0 0 0 0 0 0 0 0 0 0 0 0 0 0 0 0

y
0.0 19.363636363636363 0.75 0.0 0.0 0.3636363636363633 0.0 0.0 0.0 0.1785714285714286 0.0 0.0 3.3636363636363633 2.9000000000000004 16.5 0.0 0.0 0.0 0.0 0.0 0.0 0.0 0.0 0.0 0.0 0.0 0.0 0.0 0.0 0.0 0.0 0.0 0.5048543689320388 0.0 0.0 10.0 0.0

k
0 10 5 0 0 8 0 0 0 22 0 0 9 7 5 0 1 0 14 0 0 6 0 4 0 0 0 0 21 0 4 20 92 18 41 50 6

f
1.75 22.75 0.0 0.0 0.0 0.0 0.0 0.0 0.0 0.0 0.0 0.0 0.0 0.0 1.75 0.0 0.0 0.0 5.25 15.75 0.0 0.0 0.0 0.0 0.0 0.0 0.0 0.0 1.75 0.0 0.0 0.0 0.0 0.0 0.0 0.0 0.0 0.0 0.0 0.0 0.0 5.25 0.0 0.0 0.0 0.0 0.0 5.25 0.0 0.0 0.0 33.25 0.0 0.0 0.0 0.0 0.0 0.0 0.0 0.0 0.0
0.0 0.0 0.0 0.0 0.0 0.0 0.0 0.0 0.0 0.0 0.0 0.0 0.0 0.0 0.0 0.0 0.0 0.0 0.0 0.0 0.0 0.0 0.0 0.0 0.0 0.0 0.0 0.0 0.0 0.0 0.0 0.0 0.0 0.0 0.0 0.0 0.0 0.0 0.0 0.0 0.0 0.0 0.0 0.0 0.0 0.0 0.0 0.0 0.0 0.0 0.0 0.0 0.0 0.0 0.0 0.0 0.0 0.0 0.0 0.0 0.0
0.0 0.0 0.0 0.0 0.0 0.0 0.0 0.0 0.0 0.0 0.0 0.0 0.0 0.0 0.0 0.0 0.0 0.0 0.0 0.0 0.0 0.0 0.0 0.0 0.0 0.0 0.0 0.0 0.0 0.0 0.0 0.0 0.0 0.0 0.0 0.0 0.0 0.0 0.0 0.0 0.0 0.0 0.0 0.0 0.0 0.0 0.0 0.0 0.0 0.0 0.0 0.0 0.0 0.0 0.0 0.0 0.0 0.0 0.0 0.0 0.0
0.0 3.25 0.75 4.75 0.0 0.0 4.25 0.25 0.0 2.25 0.0 22.75 1.75 2.75 0.75 0.0 0.25 0.0 0.0 0.0 0.0 6.75 0.0 0.75 0.0 0.75 0.0 0.0 0.0 2.75 0.0 2.75 0.75 0.25 1.25 2.25 4.75 0.0 0.0 0.0 0.0 0.0 0.25 0.0 12.75 12.25 0.0 0.0 0.0 0.75 0.0 7.25 0.0 0.0 0.0 0.0 0.0 0.0 0.0 0.0 0.0

L
2 24 5 2 2 5 4 12 47 2 12 17 8 8 25 0 6 24 2 51 3 0 13 5 6 7 3 51 0 1 1 1 1 1 1 11 0

g
0 0 0 0 0 0 0 0 0 0 0 0 0 0 0 0 0 0 0 0 0 0 0 0 0 0 0 0 0 0 0 0 0 0 0 0 0 0 0 0 0 0 0 0 0 0 0 0 0 0 0 0 0 0 0 0 0 0 0 0 0
0 0 0 0 0 0 0 0 0 0 0 0 0 0 0 0 0 0 0 0 0 0 0 0 0 0 0 0 0 0 0 0 0 0 0 0 0 0 0 0 0 0 0 0 0 0 0 0 0 0 0 0 0 0 0 0 0 0 0 0 0
0 0 0 0 0 0 0 0 0 0 0 0 0 0 0 0 0 0 0 0 0 0 0 0 0 0 0 0 0 0 0 0 0 0 0 0 0 0 0 0 0 0 0 0 0 0 0 0 0 0 0 0 0 0 0 0 0 0 0 0 0
0 0 0 0 0 0 0 0 0 0 0 0 0 0 0 0 0 0 0 0 0 0 0 0 0 0 0 0 0 0 0 0 0 0 0 0 0 0 0 0 0 0 0 0 0 0 0 0 0 0 0 0 0 0 0 0 0 0 0 0 0
0 0 0 0 0 0 0 0 0 0 0 0 0 0 0 0 0 0 0 0 0 0 0 0 0 0 0 0 0 0 0 0 0 0 0 0 0 0 0 0 0 0 0 0 0 0 0 0 0 0 0 0 0 0 0 0 0 0 0 0 0
0 0 0 0 0 0 0 0 0 0 0 0 0 0 0 0 0 0 0 0 0 0 0 0 0 0 0 0 0 0 0 0 0 0 0 0 0 0 0 0 0 0 0 0 0 0 0 0 0 0 0 0 0 0 0 0 0 0 0 0 0
0 0 0 0 0 0 0 0 0 0 0 0 0 0 0 0 0 0 0 0 0 0 0 0 0 0 0 0 0 0 0 0 0 0 0 0 0 0 0 0 0 0 0 0 0 0 0 0 0 0 0 0 0 0 0 0 0 0 0 0 0
0 0 0 0 0 0 0 0 0 0 0 0 0 0 0 0 0 0 0 0 0 0 0 0 0 0 0 0 0 0 0 0 0 0 0 0 0 0 0 0 0 0 0 0 0 0 0 0 0 0 0 0 0 0 0 0 0 0 0 0 0
0 0 0 0 0 0 0 0 0 0 0 0 0 0 0 0 0 0 0 0 0 0 0 0 0 0 0 0 0 0 0 0 0 0 0 0 0 0 0 0 0 0 0 0 0 0 0 0 0 0 0 0 0 0 0 0 0 0 0 0 0
0 0 0 0 0 0 0 0 0 0 0 0 0 0 0 0 0 0 0 0 0 0 0 0 0 0 0 0 0 0 0 0 0 0 0 0 0 0 0 0 0 0 0 0 0 0 0 0 0 0 0 0 0 0 0 0 0 0 0 0 0
0 0 0 0 0 0 0 0 0 0 0 0 0 0 0 0 0 0 0 0 0 0 0 0 0 0 0 0 0 0 0 0 0 0 0 0 0 0 0 0 0 0 0 0 0 0 0 0 0 0 0 0 0 0 0 0 0 0 0 0 0
0 0 0 0 0 0 0 0 0 0 0 0 0 0 0 0 0 0 0 0 0 0 0 0 0 0 0 0 0 0 0 0 0 0 0 0 0 0 0 0 0 0 0 0 0 0 0 0 0 0 0 0 0 0 0 0 0 0 0 0 0
0 0 0 0 0 0 0 0 0 0 0 0 0 0 0 0 0 0 0 0 0 0 0 0 0 0 0 0 0 0 0 0 0 0 0 0 0 0 0 0 0 0 0 0 0 0 0 0 0 0 0 0 0 0 0 0 0 0 0 0 0
0 0 0 0 0 0 0 0 0 0 0 0 0 0 0 0 0 0 0 0 0 0 0 0 0 0 0 0 0 0 0 0 0 0 0 0 0 0 0 0 0 0 0 0 0 0 0 0 0 0 0 0 0 0 0 0 0 0 0 0 0
0 0 0 0 0 0 0 0 0 0 0 0 0 0 0 0 0 0 0 0 0 0 0 0 0 0 0 0 0 0 0 0 0 0 0 0 0 0 0 0 0 0 0 0 0 0 0 0 0 0 0 0 0 0 0 0 0 0 0 0 0
0 0 0 0 0 0 0 0 0 0 0 0 0 0 0 0 0 0 0 0 0 0 0 0 0 0 0 0 0 0 0 0 0 0 0 0 0 0 0 0 0 0 0 0 0 0 0 0 0 0 0 0 0 0 0 0 0 0 0 0 0
0 0 0 0 0 0 0 0 0 0 0 0 0 0 0 0 0 0 0 0 0 0 0 0 0 0 0 0 0 0 0 0 0 0 0 0 0 0 0 0 0 0 0 0 0 0 0 0 0 0 0 0 0 0 0 0 0 0 0 0 0
0 0 0 0 0 0 0 0 0 0 0 0 0 0 0 0 0 0 0 0 0 0 0 0 0 0 0 0 0 0 0 0 0 0 0 0 0 0 0 0 0 0 0 0 0 0 0 0 0 0 0 0 0 0 0 0 0 0 0 0 0
0 0 0 0 0 0 0 0 0 0 0 0 0 0 0 0 0 0 0 0 0 0 0 0 0 0 0 0 0 0 0 0 0 0 0 0 0 0 0 0 0 0 0 0 0 0 0 0 0 0 0 0 0 0 0 0 0 0 0 0 0
0 0 0 0 0 0 0 0 0 0 0 0 0 0 0 0 0 0 0 0 0 0 0 0 0 0 0 0 0 0 0 0 0 0 0 0 0 0 0 0 0 0 0 0 0 0 0 0 0 0 0 0 0 0 0 0 0 0 0 0 0
0 0 0 0 0 0 0 0 0 0 0 0 0 0 0 0 0 0 0 0 0 0 0 0 0 0 0 0 0 0 0 0 0 0 0 0 0 0 0 0 0 0 0 0 0 0 0 0 0 0 0 0 0 0 0 0 0 0 0 0 0
0 0 0 0 0 0 0 0 0 0 0 0 0 0 0 0 0 0 0 0 0 0 0 0 0 0 0 0 0 0 0 0 0 0 0 0 0 0 0 0 0 0 0 0 0 0 0 0 0 0 0 0 0 0 0 0 0 0 0 0 0
0 0 0 0 0 0 0 0 0 0 0 0 0 0 0 0 0 0 0 0 0 0 0 0 0 0 0 0 0 0 0 0 0 0 0 0 0 0 0 0 0 0 0 0 0 0 0 0 0 0 0 0 0 0 0 0 0 0 0 0 0
0 0 0 0 0 0 0 0 0 0 0 0 0 0 0 0 0 0 0 0 0 0 0 0 0 0 0 0 0 0 0 0 0 0 0 0 0 0 0 0 0 0 0 0 0 0 0 0 0 0 0 0 0 0 0 0 0 0 0 0 0
0 0 0 0 0 0 0 0 0 0 0 0 0 0 0 0 0 0 0 0 0 0 0 0 0 0 0 0 0 0 0 0 0 0 0 0 0 0 0 0 0 0 0 0 0 0 0 0 0 0 0 0 0 0 0 0 0 0 0 0 0
0 0 0 0 0 0 0 0 0 0 0 0 0 0 0 0 0 0 0 0 0 0 0 0 0 0 0 0 0 0 0 0 0 0 0 0 0 0 0 0 0 0 0 0 0 0 0 0 0 0 0 0 0 0 0 0 0 0 0 0 0
0 0 0 0 0 0 0 0 0 0 0 0 0 0 0 0 0 0 0 0 0 0 0 0 0 0 0 0 0 0 0 0 0 0 0 0 0 0 0 0 0 0 0 0 0 0 0 0 0 0 0 0 0 0 0 0 0 0 0 0 0
0 0 0 0 0 0 0 0 0 0 0 0 0 0 0 0 0 0 0 0 0 0 0 0 0 0 0 0 0 0 0 0 0 0 0 0 0 0 0 0 0 0 0 0 0 0 0 0 0 0 0 0 0 0 0 0 0 0 0 0 0
0 0 0 0 0 0 0 0 0 0 0 0 0 0 0 0 0 0 0 0 0 0 0 0 0 0 0 0 0 0 0 0 0 0 0 0 0 0 0 0 0 0 0 0 0 0 0 0 0 0 0 0 0 0 0 0 0 0 0 0 0
0 0 0 0 0 0 0 0 0 0 0 0 0 0 0 0 0 0 0 0 0 0 0 0 0 0 0 0 0 0 0 0 0 0 0 0 0 0 0 0 0 0 0 0 0 0 0 0 0 0 0 0 0 0 0 0 0 0 0 0 0
0 0 0 0 0 0 0 0 0 0 0 0 0 0 0 0 0 0 0 0 0 0 0 0 0 0 0 0 0 0 0 0 0 0 0 0 0 0 0 0 0 0 0 0 0 0 0 0 0 0 0 0 0 0 0 0 0 0 0 0 0
0 0 0 0 0 0 0 0 0 0 0 0 0 0 0 0 0 0 0 0 0 0 0 0 0 0 0 0 0 0 0 0 0 0 0 0 0 0 0 0 0 0 0 0 0 0 0 0 0 0 0 0 0 0 0 0 0 0 0 0 0
0 0 0 0 0 0 0 0 0 0 0 0 0 0 0 0 0 0 0 0 0 0 0 0 0 0 0 0 0 0 0 0 0 0 0 0 0 0 0 0 0 0 0 0 0 0 0 0 0 0 0 0 0 0 0 0 0 0 0 0 0
0 0 0 0 0 0 0 0 0 0 0 0 0 0 0 0 0 0 0 0 0 0 0 0 0 0 0 0 0 0 0 0 0 0 0 0 0 0 0 0 0 0 0 0 0 0 0 0 0 0 0 0 0 0 0 0 0 0 0 0 0
0 0 0 0 0 0 0 0 0 0 0 0 0 0 0 0 0 0 0 0 0 0 0 0 0 0 0 0 0 0 0 0 0 0 0 0 0 0 0 0 0 0 0 0 0 0 0 0 0 0 0 0 0 0 0 0 0 0 0 0 0
0 0 0 0 0 0 0 0 0 0 0 0 0 0 0 0 0 0 0 0 0 0 0 0 0 0 0 0 0 0 0 0 0 0 0 0 0 0 0 0 0 0 0 0 0 0 0 0 0 0 0 0 0 0 0 0 0 0 0 0 0
0 0 0 0 0 0 0 0 0 0 0 0 0 0 0 0 0 0 0 0 0 0 0 0 0 0 0 0 0 0 0 0 0 0 0 0 0 0 0 0 0 0 0 0 0 0 0 0 0 0 0 0 0 0 0 0 0 0 0 0 0

I cap
1058.909090909091 1058.909090909091 1038.509090909091 1038.509090909091 937.24 895.0 783.04 923.94 738.9600000000002 495.29999999999995 697.28 479.88000000000005 624.06 475.2999999999999 636.1200000000001 649.929090909091 654.2890909090911 660.069090909091 417.26909090909095 370.42909090909114 317.70909090909106 734.3490909090909 628.9690909090909 478.109090909091 742.849090909091 799.069090909091 473.8690909090909 422.92909090909103 577.389090909091 854.909090909091 706.7890909090909 476.0890909090911 349.52909090909105 368.2090909090911 58.440000000000055 205.44000000000005 268.58000000000004 414.5 616.4000000000001 544.1200000000001 283.44000000000005 486.46000000000004 480.00000000000006 601.24 586.0 523.9200000000001 493.38000000000005 598.8 536.22 498.02 430.79999999999995 741.1600000000001 565.5400000000001 690.12 798.14 1038.36 730.9690909090909 883.149090909091 976.349090909091 1058.909090909091 1058.909090909091
107.96969696969697 107.96969696969697 107.96969696969697 107.96969696969697 2.559999999999995 27.0 2.9600000000000004 26.06 31.040000000000003 14.699999999999996 98.72000000000001 84.12 95.94 34.7 70.88000000000001 88.94969696969697 67.58969696969697 15.809696969696951 7.60969696969697 2.449696969696971 27.16969696969697 10.529696969696978 26.909696969696967 14.769696969696971 65.02969696969697 46.809696969696965 55.009696969696975 53.94969696969698 83.48969696969698 99.96969696969697 66.08969696969697 40.78969696969697 7.349696969696971 38.66969696969697 14.56 36.56 28.419999999999998 20.5 18.60000000000001 30.880000000000003 32.56 60.53999999999999 47.99999999999999 69.76 62.00000000000001 35.08 42.620000000000005 90.2 93.78 30.97999999999999 20.200000000000003 36.84 27.46 23.48 8.459999999999999 10.440000000000005 31.909696969696967 40.729696969696974 104.52969696969697 107.96969696969697 107.96969696969697
38.96666666666666 38.96666666666666 14.033333333333328 1.3583333333333272 8.29166666666666 7.658333333333333 6.95833333333333 23.833333333333336 25.23333333333334 24.53333333333334 16.133333333333333 22.400000000000002 2.833333333333334 14.733333333333333 16.833333333333336 24.299999999999997 24.299999999999997 24.299999999999997 17.299999999999997 17.299999999999997 17.299999999999997 38.96666666666666 38.96666666666666 24.299999999999997 17.299999999999997 17.299999999999997 24.96666666666666 19.29166666666666 19.29166666666666 11.624999999999995 4.624999999999995 17.299999999999997 10.299999999999995 17.299999999999997 2.1333333333333346 18.9 18.2 23.1 27.299999999999997 16.133333333333333 23.133333333333333 25.23333333333334 32.23333333333334 24.53333333333334 21.73333333333334 27.299999999999997 23.833333333333336 29.43333333333333 23.133333333333333 24.53333333333334 27.333333333333336 27.333333333333336 32.825 4.391666666666666 13.491666666666664 23.69166666666667 38.96666666666666 38.96666666666666 38.96666666666666 38.96666666666666 38.96666666666666
45.24545454545453 45.24545454545453 45.24545454545453 39.295454545454525 20.680000000000007 29.52999999999999 25.179999999999986 23.44000000000001 17.11 16.779999999999998 25.189999999999994 18.540000000000003 21.759999999999998 13.89 7.490000000000005 26.60545454545452 25.11545454545453 26.985454545454527 27.83545454545452 20.16545454545453 20.365454545454526 24.755454545454523 27.27545454545452 24.305454545454527 28.505454545454523 30.805454545454527 27.45545454545452 25.11545454545453 26.33545454545452 31.87545454545452 29.315454545454518 23.615454545454522 23.09545454545452 22.745454545454525 23.709999999999997 22.329999999999995 18.979999999999993 15.899999999999999 24.33 36.73999999999999 22.619999999999997 29.749999999999996 30.470000000000006 31.56999999999999 32.20999999999999 31.11999999999999 23.569999999999997 29.18999999999998 27.989999999999988 34.39999999999999 37.65999999999999 40.99999999999999 36.54999999999998 32.66999999999999 26.03 38.599999999999994 41.52545454545452 43.41545454545452 44.615454545454526 45.24545454545453 45.24545454545453
20.999999999999993 20.999999999999993 20.999999999999993 20.64999999999999 9.71 15.989999999999997 10.200000000000001 9.680000000000001 5.739999999999998 2.4599999999999986 13.999999999999996 14.279999999999996 16.119999999999997 11.830000000000004 5.140000000000002 9.879999999999992 12.779999999999992 15.089999999999991 13.029999999999992 5.8399999999999945 4.0599999999999925 6.689999999999993 9.369999999999992 7.579999999999994 10.459999999999994 10.449999999999994 8.339999999999993 7.519999999999993 8.199999999999992 13.809999999999993 12.529999999999989 7.879999999999991 5.969999999999992 6.649999999999993 9.789999999999997 12.769999999999994 6.589999999999997 3.779999999999997 6.769999999999998 6.239999999999998 2.3799999999999986 9.67 5.7799999999999985 10.529999999999998 8.340000000000002 9.119999999999996 6.4899999999999975 11.510000000000003 13.609999999999994 9.549999999999995 7.079999999999997 10.209999999999999 4.679999999999998 4.49 6.6599999999999975 9.729999999999997 13.999999999999993 17.30999999999999 20.789999999999992 20.999999999999993 20.999999999999993
345.75757575757575 345.75757575757575 345.75757575757575 312.8163992869875 202.52941176470588 214.00000000000003 227.51000000000005 189.41000000000003 215.18117647058827 232.84058823529415 231.70882352941175 208.94941176470584 273.12117647058824 253.48058823529408 229.81999999999996 263.63757575757575 236.3363992869875 237.04698752228165 193.16757575757575 206.21875222816402 264.19816399286987 285.10639928698754 261.3369875222816 218.87757575757578 237.8775757575758 280.42875222816406 281.53816399286984 294.58757575757573 309.4075757575757 310.5975757575757 271.5475757575757 246.49639928698747 256.2469875222816 257.02875222816397 187.1705882352941 280.7 254.38882352941175 240.37941176470582 192.32 201.88117647058826 205.51058823529408 289.4888235294118 255.19941176470587 264.66117647058826 230.73941176470595 194.7594117647059 217.99999999999991 262.09999999999997 294.40000000000003 272.21999999999997 220.69000000000003 247.68 283.54 301.78000000000003 314.64000000000004 306.7711764705882 252.00816399286984 302.71757575757573 341.76757575757574 345.75757575757575 345.75757575757575
779.7575757575758 779.7575757575758 779.7575757575758 701.0075757575758 488.26 607.55 652.58 558.2 646.0600000000001 664.6799999999998 740.7900000000001 767.1800000000001 774.47 649.14 638.99 614.2975757575758 578.4875757575758 644.9975757575756 695.3275757575758 583.1775757575757 555.6075757575758 608.2775757575757 659.1475757575757 622.4575757575757 703.2875757575758 721.9175757575757 661.8875757575757 630.8875757575757 666.5475757575758 728.0475757575758 645.5275757575757 578.2275757575758 525.2375757575758 539.9275757575758 526.6300000000001 682.2900000000001 700.7 692.9399999999999 636.49 570.7099999999999 514.6899999999999 627.14 661.64 608.32 576.88 506.34999999999997 532.23 641.3900000000001 640.47 595.8800000000001 599.02 659.12 596.39 609.3900000000002 631.4300000000001 592.7900000000001 678.5175757575756 719.8475757575758 764.8475757575758 779.7575757575758 779.7575757575758
80.73333333333335 80.73333333333335 80.73333333333335 80.03333333333335 60.356666666666655 78.9 73.06333333333333 77.35666666666665 72.87999999999998 75.56999999999998 72.33 83.27333333333334 97.16 93.66999999999999 81.76999999999998 73.95333333333336 74.10333333333335 75.60333333333334 77.50333333333334 72.20333333333333 71.94333333333336 71.91333333333334 70.76000000000002 66.90333333333335 74.59666666666668 74.0 69.48333333333333 68.55333333333336 69.06333333333335 70.86333333333334 67.66333333333334 64.82333333333335 65.27333333333335 65.78333333333335 40.453333333333326 65.66 72.05 68.35000000000001 64.71666666666667 64.42000000000002 65.02 70.91000000000001 69.37 76.64999999999999 82.78333333333333 85.50666666666666 74.05000000000001 72.03 67.82999999999998 65.80000000000001 63.790000000000006 61.77999999999999 55.62 52.48 52.259999999999984 51.34999999999999 72.54666666666668 77.94333333333336 80.10333333333335 80.73333333333335 80.73333333333335
10.775757575757575 10.775757575757575 10.775757575757575 10.775757575757575 4.15 2.750000000000001 2.5499999999999994 3.249999999999999 0.75 2.9500000000000006 1.8000000000000007 2.9000000000000004 8.1 5.000000000000001 2.169999999999999 0.1557575757575762 4.385757575757576 10.775757575757575 4.745757575757575 2.3457575757575757 0.19575757575757513 4.835757575757576 2.645757575757575 1.0057575757575759 1.215757575757575 3.825757575757576 2.375757575757576 3.175757575757576 5.975757575757576 6.545757575757575 0.1557575757575762 1.1857575757575756 4.525757575757576 4.925757575757576 2.2500000000000004 5.95 5.250000000000001 7.45 2.0999999999999996 2.8000000000000007 2.85 1.8500000000000005 8.5 6.14 0.45000000000000195 0.9200000000000006 5.7200000000000015 4.660000000000002 4.580000000000001 1.8199999999999983 0.22999999999999932 2.3600000000000003 7.049999999999999 2.849999999999998 2.6500000000000004 6.969999999999999 0.1557575757575762 4.385757575757576 10.775757575757575 10.775757575757575 10.775757575757575
2.545454545454545 2.545454545454545 2.545454545454545 2.545454545454545 1.8099999999999998 0.6799999999999999 0.5500000000000002 0.030000000000000138 1.12 0.5400000000000001 1.54 0.1399999999999999 0.5599999999999999 1.2600000000000002 1.4700000000000002 1.2854545454545452 1.915454545454545 0.595454545454545 0.2054545454545451 0.805454545454545 1.915454545454545 0.29545454545454497 1.075454545454545 0.685454545454545 1.4054545454545453 0.595454545454545 0.2054545454545451 0.17545454545454497 1.2854545454545452 1.0754545454545452 1.0754545454545452 0.4454545454545452 0.4454545454545452 0.4454545454545452 0.7000000000000005 0.7000000000000001 0.7000000000000001 0.6300000000000002 0.3400000000000001 0.04999999999999993 1.45 0.10000000000000009 0.16999999999999982 0.7699999999999999 1.2600000000000002 0.06999999999999995 0.09000000000000019 2.2200000000000006 0.8200000000000002 0.4299999999999998 1.2300000000000004 0.8499999999999998 0.16999999999999993 0.04000000000000026 0.7299999999999999 0.13000000000000012 0.26545454545454505 1.195454545454545 1.915454545454545 2.545454545454545 2.545454545454545
8.515433299825174 8.515433299825174 8.515433299825174 7.807629307084703 5.1308579310344795 5.379325344827583 5.026179051724135 6.036962758620687 7.1102274137931 6.486742385057468 8.34736172413793 8.367042528735633 6.94983172413793 4.9061079885057435 5.6160557758620655 6.903507068965515 6.331624137931033 5.447522011494251 4.302888965517239 4.618618362068963 5.36912449320794 6.938816206896551 6.156339252873562 5.369371379310343 5.239289597701148 4.545256551724136 3.8933743678160893 7.35634120689655 8.390101379310346 7.794914482758622 7.709192931034482 6.234718103448274 4.477752701149423 5.357524856321837 8.924570287356323 10.326674482758621 5.610233448275861 6.1001480459770105 6.097238448275861 5.542498103448274 5.12156936781609 4.641257758620688 5.1064352873563195 5.271897241379309 4.4557595402298835 4.255314425287354 2.8724493103448268 4.398171034482757 4.627822586206895 5.055568103448274 4.917374999999997 4.97240517241379 5.027167068965515 6.2412101724137905 7.518292758620688 6.029276061705987 6.848766460744713 7.308536575687242 8.515433299825174 8.515433299825174 8.170605713618277
700.0 700.0 699.0 697.0 685.0 686.0 680.0 686.0 682.0 685.0 685.0 685.0 678.0 683.0 682.0 685.0 683.0 679.0 678.0 677.0 686.0 688.0 683.0 680.0 678.0 684.0 681.0 682.0 681.0 684.0 683.0 686.0 684.0 683.0 682.0 679.0 687.0 682.0 691.0 684.0 688.0 684.0 685.0 678.0 679.0 684.0 685.0 687.0 680.0 678.0 678.0 685.0 683.0 681.0 682.0 681.0 686.0 693.0 698.0 700.0 697.0

H cap
-1.75 -22.75 29.75 5.25 1.75 8.75 36.75 54.25 19.25 8.75 33.25 43.75 78.75 26.25 -1.75 26.25 22.75 47.25 -5.25 -15.75 43.75 22.75 29.75 61.25 64.75 12.25 1.75 1.75 -1.75 8.75 5.25 5.25 47.25 12.25 22.75 19.25 1.75 71.75 78.75 68.25 26.25 -5.25 1.75 5.25 29.75 68.25 26.25 -5.25 19.25 1.75 15.75 -33.25 1.75 131.25 131.25 131.25 131.25 131.25 131.25 131.25 131.25
28.5 8.5 12.5 12.0 1.5 2.5 22.0 30.0 17.0 10.0 13.5 29.0 39.5 16.5 7.5 20.0 25.5 31.0 19.5 6.0 17.0 13.5 8.0 22.0 32.5 27.5 23.5 17.5 11.5 13.5 19.5 28.5 31.0 25.5 22.0 14.5 14.5 16.5 16.0 12.0 13.5 17.5 7.0 9.0 18.5 14.5 7.0 6.0 2.5 10.5 20.5 11.5 26.5 52.5 52.5 52.5 52.5 52.5 52.5 52.5 52.5
42.0 38.5 52.5 49.0 45.5 45.5 45.5 42.0 42.0 45.5 45.5 52.5 52.5 42.0 35.0 42.0 52.5 52.5 45.5 45.5 49.0 45.5 38.5 45.5 56.0 49.0 49.0 45.5 42.0 42.0 45.5 52.5 56.0 49.0 52.5 52.5 45.5 49.0 52.5 45.5 45.5 49.0 45.5 45.5 45.5 49.0 45.5 45.5 42.0 42.0 49.0 42.0 49.0 63.0 63.0 63.0 63.0 63.0 63.0 63.0 63.0
11.25 -3.25 -0.75 -4.75 5.25 3.25 -4.25 -0.25 1.25 -2.25 0.75 -22.75 -1.75 -2.75 -0.75 6.75 -0.25 0.25 3.75 5.25 0.75 -6.75 1.25 -0.75 1.75 -0.75 0.75 3.25 10.75 -2.75 3.75 -2.75 -0.75 -0.25 -1.25 -2.25 -4.75 1.75 0.25 6.75 0.25 0.25 -0.25 10.25 -12.75 -12.25 1.75 1.25 2.75 -0.75 17.25 -7.25 9.25 78.75 78.75 78.75 78.75 78.75 78.75 78.75 78.75

Gap
0.2659224890348155

Time
3120.0463531017303

