T P M C
61 37 4 12

base obj
10.464302921554443

exp obj
9.931560524499165

Objective struct
10.464302921554443 0.0 8.333333333333332

num campaigns
436

x
0 0 0 0 0 0 1 0 0 0 1 0 0 0 0 1 0 1 0 0 0 1 0 0 0 1 0 0 0 1 0 0 0 1 0 1 0 1 0 0 0 0 0 0 0 0 0 1 0 0 1 0 0 0 0 1 0 0 0 0 0
0 0 0 0 0 0 0 0 0 0 0 0 0 0 0 0 0 0 0 0 0 0 0 0 0 0 0 0 0 0 0 0 1 0 0 0 0 0 0 1 0 0 0 0 0 0 0 0 1 0 0 0 0 0 0 0 0 0 0 0 0
0 0 0 0 0 0 0 0 1 0 1 0 1 0 1 0 1 0 0 0 0 0 0 1 0 0 0 0 0 0 0 0 1 0 0 1 0 0 0 0 1 0 1 0 0 1 0 0 1 0 0 1 0 0 0 0 0 0 0 0 0
0 0 0 0 0 0 0 1 0 0 1 0 0 0 1 0 0 1 0 0 0 0 1 0 0 0 0 0 1 0 0 1 0 0 0 0 0 0 1 0 0 0 0 0 0 1 0 0 1 0 0 0 1 0 0 0 0 0 0 0 0
0 0 0 0 0 1 0 0 0 1 0 0 1 0 0 0 1 0 0 0 0 0 1 0 0 1 0 0 1 0 0 0 1 0 0 0 0 0 0 0 0 0 1 0 0 0 1 0 0 0 0 0 1 0 0 1 0 0 0 0 0
0 0 0 0 0 0 0 0 0 0 0 0 0 0 0 0 0 0 0 1 0 0 0 0 1 0 0 0 0 1 0 0 0 0 0 0 1 0 0 0 0 0 0 1 0 0 0 0 0 0 0 0 0 0 0 0 0 0 0 0 0
0 0 0 0 0 0 0 1 0 0 1 0 0 0 0 1 0 0 0 0 1 0 0 1 0 0 0 1 0 0 0 1 0 0 0 0 0 0 0 0 1 0 0 1 0 0 1 0 0 1 0 0 0 1 0 0 0 0 0 0 0
0 0 0 0 0 1 0 0 0 0 0 0 0 0 0 0 0 0 0 0 0 0 1 0 0 0 0 0 0 0 0 0 0 0 0 0 0 1 0 0 0 0 0 0 0 0 0 0 0 0 0 1 0 0 0 0 0 0 0 0 0
0 0 0 0 0 0 0 0 1 0 0 0 0 0 0 0 0 0 0 0 0 0 0 0 0 0 0 0 0 0 0 0 0 0 0 0 0 0 0 0 0 0 0 0 0 0 0 0 0 0 0 0 0 0 1 0 0 0 0 0 0
0 0 0 0 0 0 0 0 0 0 0 1 0 0 1 0 0 0 0 0 0 0 0 0 0 0 1 0 0 0 0 0 1 0 0 0 0 0 0 0 0 0 0 0 0 0 0 0 0 0 0 1 0 0 0 0 0 0 0 0 0
0 0 0 0 1 0 0 0 0 0 0 0 0 0 0 0 1 0 0 0 0 0 0 0 0 0 0 0 0 0 0 1 0 0 0 0 0 0 0 0 0 0 0 1 0 0 0 0 0 0 0 0 0 0 0 1 0 0 0 0 0
0 0 0 0 1 0 0 0 0 0 0 0 0 0 0 0 0 0 0 0 0 0 0 0 0 1 0 0 0 0 0 0 0 0 0 0 0 0 0 0 1 0 0 0 0 0 0 0 0 0 0 0 0 0 0 1 0 0 0 0 0
0 0 0 0 0 0 0 0 0 0 0 0 0 0 0 0 0 0 0 0 0 1 0 0 0 0 0 0 1 0 0 0 0 0 0 0 0 0 0 0 0 0 0 0 0 0 0 0 0 0 0 0 0 0 0 0 0 0 0 0 0
0 0 0 0 0 0 0 0 0 1 0 0 0 0 0 0 1 0 0 0 0 0 1 0 0 0 0 0 0 0 0 1 0 0 0 0 1 0 0 0 0 1 0 0 0 0 1 0 0 0 0 0 0 1 0 0 0 0 0 0 0
0 0 0 0 0 0 0 0 0 0 0 0 0 0 0 0 0 0 0 0 1 0 0 0 0 0 0 0 0 0 0 0 0 0 0 0 0 0 0 1 0 0 0 0 0 0 0 0 0 0 0 0 0 0 0 0 0 0 0 0 0
0 0 0 0 1 0 0 0 0 0 0 0 0 0 0 0 0 0 0 0 0 0 0 0 0 0 0 0 0 0 0 0 0 0 0 0 0 0 0 0 0 0 0 0 0 0 0 0 0 0 0 0 0 0 0 0 0 0 0 0 0
0 0 0 0 0 0 0 0 0 0 0 0 0 1 0 0 0 0 0 0 0 0 0 0 0 0 1 0 0 0 0 0 0 0 0 0 0 0 0 0 0 0 1 0 0 0 0 1 0 0 0 1 0 0 0 1 0 0 0 0 0
0 0 0 0 0 0 0 1 0 0 0 0 0 0 0 0 0 0 0 0 0 0 0 0 0 0 0 0 0 0 1 0 0 0 0 0 0 0 0 0 0 0 0 0 0 0 0 0 0 0 0 0 0 1 0 0 0 0 0 0 0
0 0 0 0 1 0 0 1 0 1 0 1 0 1 0 0 1 0 0 0 1 0 1 0 0 1 0 0 1 0 0 1 0 0 0 0 0 0 0 0 0 0 0 1 0 0 1 0 0 1 0 0 1 0 0 0 0 0 0 0 0
0 0 0 0 1 0 0 0 0 0 0 0 0 0 0 0 0 0 0 0 0 0 0 0 0 0 0 0 0 0 0 0 0 0 0 0 0 0 0 0 0 0 0 0 0 0 0 0 0 0 0 0 0 0 0 1 0 0 0 0 0
0 0 0 0 1 0 0 0 0 0 1 0 0 1 0 0 0 1 0 0 1 0 0 0 0 0 0 1 0 0 1 0 0 1 0 0 0 0 0 0 1 0 0 1 0 0 1 0 0 1 0 0 0 0 0 0 0 0 0 0 0
0 0 0 0 0 0 0 0 0 0 0 0 0 0 0 0 0 0 0 0 0 0 0 0 0 0 0 0 0 0 0 0 0 0 0 0 0 0 0 0 0 0 0 0 0 0 0 0 0 0 0 0 0 0 0 0 0 0 0 0 0
0 0 0 0 0 0 0 0 1 0 0 0 0 0 0 0 0 0 0 0 0 0 0 1 0 0 0 0 0 0 0 0 0 0 0 0 0 0 1 0 0 0 0 0 0 0 0 0 0 0 0 0 0 1 0 0 0 0 0 0 0
0 0 0 0 1 0 0 0 0 0 0 0 0 0 1 0 0 0 0 0 0 0 0 0 0 0 0 0 0 0 1 0 0 0 0 0 0 0 0 0 0 1 0 0 0 0 0 0 0 1 0 0 0 0 0 0 0 0 0 0 0
0 0 0 0 0 0 1 0 0 0 0 0 1 0 0 0 0 0 1 0 0 0 0 0 0 0 0 1 0 0 0 0 0 0 1 0 0 0 0 0 0 0 0 0 1 0 0 0 0 0 0 0 0 0 0 0 0 0 0 0 0
0 0 0 0 1 0 0 0 0 0 0 1 0 0 0 0 0 0 0 1 0 0 0 0 0 0 1 0 0 0 0 0 0 1 0 0 0 0 0 0 1 0 0 0 0 0 0 0 1 0 0 0 0 0 0 1 0 0 0 0 0
0 0 0 0 0 0 0 1 0 0 0 1 0 0 0 0 0 0 0 1 0 0 0 0 1 0 0 0 1 0 0 0 1 0 0 0 0 0 0 1 0 0 0 1 0 0 0 0 0 1 0 0 0 1 0 0 0 0 0 0 0
0 0 0 0 1 0 0 0 0 0 0 0 0 0 0 0 0 0 0 0 0 0 0 0 0 0 0 0 0 0 0 0 0 0 0 0 0 0 0 0 0 0 0 0 0 0 0 0 0 0 0 0 0 0 0 1 0 0 0 0 0
0 0 0 0 0 0 0 0 0 0 0 0 0 0 0 0 0 0 0 0 0 0 0 0 0 0 0 0 0 0 0 0 0 0 0 0 0 0 0 0 0 0 0 0 0 1 0 0 0 0 0 0 0 0 0 0 0 0 0 0 0
0 0 0 0 1 1 1 1 1 1 1 1 1 1 1 1 1 1 1 1 1 1 1 1 1 1 1 1 1 1 1 1 1 1 1 1 1 1 1 1 1 1 1 1 1 1 1 1 1 1 1 1 1 1 1 1 0 0 0 0 0
0 0 0 0 1 1 1 1 1 1 1 1 1 1 1 1 1 1 1 1 1 1 1 1 1 1 1 1 1 1 1 1 1 1 1 1 1 1 1 1 1 1 1 1 1 1 1 1 1 1 1 1 1 1 1 1 0 0 0 0 0
0 0 0 0 1 1 1 1 1 1 1 1 1 1 1 1 1 1 1 1 1 1 1 1 1 1 1 1 1 1 1 1 1 1 1 1 1 1 1 1 1 1 1 1 1 1 1 1 1 1 1 1 1 1 1 1 0 0 0 0 0
0 0 0 0 1 1 1 1 1 1 1 1 0 1 0 1 1 1 1 0 0 0 0 0 0 1 0 0 1 0 0 1 1 1 1 0 0 1 1 0 1 0 1 1 0 1 1 1 1 1 1 1 1 1 1 1 0 0 0 0 0
0 0 0 0 1 1 1 1 1 1 1 1 1 1 1 1 1 1 1 1 1 1 1 1 1 1 1 1 1 1 1 1 1 1 1 1 1 1 1 1 1 1 1 1 1 1 1 1 1 1 1 1 1 1 1 1 0 0 0 0 0
0 0 0 0 0 1 0 1 0 1 1 0 0 0 0 1 1 1 1 0 0 0 0 0 1 0 0 0 0 0 1 1 0 1 0 1 0 0 0 0 0 0 0 0 1 0 0 0 0 0 1 0 0 0 0 0 0 0 0 0 0
0 0 0 0 0 0 0 0 0 0 0 0 0 0 0 0 0 0 0 0 0 0 0 0 0 0 0 0 0 0 0 0 0 0 0 0 0 0 0 0 0 0 0 0 1 0 0 0 0 0 0 0 1 0 0 0 0 0 0 0 0
0 0 0 0 0 0 0 0 0 0 0 0 0 0 0 0 0 0 0 0 0 0 0 0 0 0 0 0 0 0 0 0 0 0 0 0 0 0 0 0 0 0 0 0 0 0 0 0 0 0 0 0 0 0 0 0 0 0 0 0 0

y
0.0 2.3636363636363633 0.0 0.0 0.0 0.3636363636363633 0.0 0.0 0.0 1.1785714285714286 0.0 0.0 2.3636363636363633 0.0 10.5 0.0 0.0 0.0 0.0 0.0 0.0 0.0 0.0 2.333333333333333 0.0 0.0 0.0 0.0 0.0 0.0 0.0 0.0 0.5048543689320388 0.0 0.0 7.0 0.0

k
0 9 0 0 5 7 0 0 0 24 0 0 10 3 5 0 0 0 10 0 0 6 0 5 0 0 0 0 20 0 0 0 69 0 37 50 6

f
0.0 45.15000000000002 0.0 1.0500000000000096 16.80000000000001 0.0 0.0 0.0 0.0 0.0 0.0 0.0 0.0 0.0 0.0 0.0 0.0 0.0 0.0 0.0 0.0 0.0 0.0 0.0 0.0 0.0 0.0 0.0 0.0 1.0500000000000096 0.0 0.0 0.0 0.0 4.200000000000003 4.200000000000003 1.0500000000000078 0.0 0.0 0.0 0.0 0.0 0.0 0.0 0.0 0.0 0.0 0.0 0.0 0.0 0.0 26.25000000000001 0.0 0.0 0.0 0.0 0.0 0.0 0.0 0.0 0.0
0.0 0.0 0.0 0.0 0.0 0.0 0.0 0.0 0.0 0.0 0.0 0.0 0.0 0.0 0.0 0.0 0.0 0.0 0.0 0.0 0.0 0.0 0.0 0.0 0.0 0.0 0.0 0.0 1.5 0.0 0.0 0.0 0.0 0.0 0.0 0.0 0.0 0.0 0.0 0.0 0.0 0.0 0.0 0.0 0.0 0.0 0.0 0.0 0.0 0.0 0.0 0.0 0.0 0.0 0.0 0.0 0.0 0.0 0.0 0.0 0.0
0.0 0.0 0.0 0.0 0.0 0.0 0.0 0.0 0.0 0.0 0.0 0.0 0.0 0.0 0.0 0.0 0.0 0.0 0.0 0.0 0.0 0.0 0.0 0.0 0.0 0.0 0.0 0.0 0.0 0.0 0.0 0.0 0.0 0.0 0.0 0.0 0.0 0.0 0.0 0.0 0.0 0.0 0.0 0.0 0.0 0.0 0.0 0.0 0.0 0.0 0.0 0.0 0.0 0.0 0.0 0.0 0.0 0.0 0.0 0.0 0.0
0.0 19.350000000000005 4.049999999999997 10.800000000000008 0.0 2.7000000000000157 0.0 0.0 3.1500000000000004 2.2500000000000155 0.0 1.3766765505351941e-14 0.0 0.0 1.199040866595169e-14 0.9000000000000128 0.0 1.554312234475219e-14 0.9000000000000075 9.000000000000004 1.554312234475219e-14 0.0 0.0 8.43769498715119e-15 1.554312234475219e-14 0.9000000000000075 0.9000000000000092 0.0 1.3500000000000139 0.45000000000000817 0.0 8.43769498715119e-15 0.9000000000000075 1.3500000000000068 0.0 13.950000000000005 7.200000000000005 0.0 1.350000000000012 0.0 6.30000000000001 2.250000000000011 0.0 0.0 0.0 0.0 0.0 1.8000000000000118 0.0 4.499999999999977 0.0 3.5999999999999797 0.0 0.0 0.0 0.0 0.0 0.0 0.0 0.0 0.0

L
2 7 2 3 3 5 3 14 46 3 12 15 7 5 19 0 4 23 2 51 3 0 15 8 6 7 4 51 0 1 1 1 1 1 1 8 0

g
0 0 0 0 0 0 0 0 0 0 0 0 0 0 0 0 0 0 0 0 0 0 0 0 0 0 0 0 0 0 0 0 0 0 0 0 0 0 0 0 0 0 0 0 0 0 0 0 0 0 0 0 0 0 0 0 0 0 0 0 0
0 0 0 0 0 0 0 0 0 0 0 0 0 0 0 0 0 0 0 0 0 0 0 0 0 0 0 0 0 0 0 0 0 0 0 0 0 0 0 0 0 0 0 0 0 0 0 0 0 0 0 0 0 0 0 0 0 0 0 0 0
0 0 0 0 0 0 0 0 0 0 0 0 0 0 0 0 0 0 0 0 0 0 0 0 0 0 0 0 0 0 0 0 0 0 0 0 0 0 0 0 0 0 0 0 0 0 0 0 0 0 0 0 0 0 0 0 0 0 0 0 0
0 0 0 0 0 0 0 0 0 0 0 0 0 0 0 0 0 0 0 0 0 0 0 0 0 0 0 0 0 0 0 0 0 0 0 0 0 0 0 0 0 0 0 0 0 0 0 0 0 0 0 0 0 0 0 0 0 0 0 0 0
0 0 0 0 0 0 0 0 0 0 0 0 0 0 0 0 0 0 0 0 0 0 0 0 0 0 0 0 0 0 0 0 0 0 0 0 0 0 0 0 0 0 0 0 0 0 0 0 0 0 0 0 0 0 0 0 0 0 0 0 0
0 0 0 0 0 0 0 0 0 0 0 0 0 0 0 0 0 0 0 0 0 0 0 0 0 0 0 0 0 0 0 0 0 0 0 0 0 0 0 0 0 0 0 0 0 0 0 0 0 0 0 0 0 0 0 0 0 0 0 0 0
0 0 0 0 0 0 0 0 0 0 0 0 0 0 0 0 0 0 0 0 0 0 0 0 0 0 0 0 0 0 0 0 0 0 0 0 0 0 0 0 0 0 0 0 0 0 0 0 0 0 0 0 0 0 0 0 0 0 0 0 0
0 0 0 0 0 0 0 0 0 0 0 0 0 0 0 0 0 0 0 0 0 0 0 0 0 0 0 0 0 0 0 0 0 0 0 0 0 0 0 0 0 0 0 0 0 0 0 0 0 0 0 0 0 0 0 0 0 0 0 0 0
0 0 0 0 0 0 0 0 0 0 0 0 0 0 0 0 0 0 0 0 0 0 0 0 0 0 0 0 0 0 0 0 0 0 0 0 0 0 0 0 0 0 0 0 0 0 0 0 0 0 0 0 0 0 0 0 0 0 0 0 0
0 0 0 0 0 0 0 0 0 0 0 0 0 0 0 0 0 0 0 0 0 0 0 0 0 0 0 0 0 0 0 0 0 0 0 0 0 0 0 0 0 0 0 0 0 0 0 0 0 0 0 0 0 0 0 0 0 0 0 0 0
0 0 0 0 0 0 0 0 0 0 0 0 0 0 0 0 0 0 0 0 0 0 0 0 0 0 0 0 0 0 0 0 0 0 0 0 0 0 0 0 0 0 0 0 0 0 0 0 0 0 0 0 0 0 0 0 0 0 0 0 0
0 0 0 0 0 0 0 0 0 0 0 0 0 0 0 0 0 0 0 0 0 0 0 0 0 0 0 0 0 0 0 0 0 0 0 0 0 0 0 0 0 0 0 0 0 0 0 0 0 0 0 0 0 0 0 0 0 0 0 0 0
0 0 0 0 0 0 0 0 0 0 0 0 0 0 0 0 0 0 0 0 0 0 0 0 0 0 0 0 0 0 0 0 0 0 0 0 0 0 0 0 0 0 0 0 0 0 0 0 0 0 0 0 0 0 0 0 0 0 0 0 0
0 0 0 0 0 0 0 0 0 0 0 0 0 0 0 0 0 0 0 0 0 0 0 0 0 0 0 0 0 0 0 0 0 0 0 0 0 0 0 0 0 0 0 0 0 0 0 0 0 0 0 0 0 0 0 0 0 0 0 0 0
0 0 0 0 0 0 0 0 0 0 0 0 0 0 0 0 0 0 0 0 0 0 0 0 0 0 0 0 0 0 0 0 0 0 0 0 0 0 0 0 0 0 0 0 0 0 0 0 0 0 0 0 0 0 0 0 0 0 0 0 0
0 0 0 0 0 0 0 0 0 0 0 0 0 0 0 0 0 0 0 0 0 0 0 0 0 0 0 0 0 0 0 0 0 0 0 0 0 0 0 0 0 0 0 0 0 0 0 0 0 0 0 0 0 0 0 0 0 0 0 0 0
0 0 0 0 0 0 0 0 0 0 0 0 0 0 0 0 0 0 0 0 0 0 0 0 0 0 0 0 0 0 0 0 0 0 0 0 0 0 0 0 0 0 0 0 0 0 0 0 0 0 0 0 0 0 0 0 0 0 0 0 0
0 0 0 0 0 0 0 0 0 0 0 0 0 0 0 0 0 0 0 0 0 0 0 0 0 0 0 0 0 0 0 0 0 0 0 0 0 0 0 0 0 0 0 0 0 0 0 0 0 0 0 0 0 0 0 0 0 0 0 0 0
0 0 0 0 0 0 0 0 0 0 0 0 0 0 0 0 0 0 0 0 0 0 0 0 0 0 0 0 0 0 0 0 0 0 0 0 0 0 0 0 0 0 0 0 0 0 0 0 0 0 0 0 0 0 0 0 0 0 0 0 0
0 0 0 0 0 0 0 0 0 0 0 0 0 0 0 0 0 0 0 0 0 0 0 0 0 0 0 0 0 0 0 0 0 0 0 0 0 0 0 0 0 0 0 0 0 0 0 0 0 0 0 0 0 0 0 0 0 0 0 0 0
0 0 0 0 0 0 0 0 0 0 0 0 0 0 0 0 0 0 0 0 0 0 0 0 0 0 0 0 0 0 0 0 0 0 0 0 0 0 0 0 0 0 0 0 0 0 0 0 0 0 0 0 0 0 0 0 0 0 0 0 0
0 0 0 0 0 0 0 0 0 0 0 0 0 0 0 0 0 0 0 0 0 0 0 0 0 0 0 0 0 0 0 0 0 0 0 0 0 0 0 0 0 0 0 0 0 0 0 0 0 0 0 0 0 0 0 0 0 0 0 0 0
0 0 0 0 0 0 0 0 0 0 0 0 0 0 0 0 0 0 0 0 0 0 0 0 0 0 0 0 0 0 0 0 0 0 0 0 0 0 0 0 0 0 0 0 0 0 0 0 0 0 0 0 0 0 0 0 0 0 0 0 0
0 0 0 0 0 0 0 0 0 0 0 0 0 0 0 0 0 0 0 0 0 0 0 0 0 0 0 0 0 0 0 0 0 0 0 0 0 0 0 0 0 0 0 0 0 0 0 0 0 0 0 0 0 0 0 0 0 0 0 0 0
0 0 0 0 0 0 0 0 0 0 0 0 0 0 0 0 0 0 0 0 0 0 0 0 0 0 0 0 0 0 0 0 0 0 0 0 0 0 0 0 0 0 0 0 0 0 0 0 0 0 0 0 0 0 0 0 0 0 0 0 0
0 0 0 0 0 0 0 0 0 0 0 0 0 0 0 0 0 0 0 0 0 0 0 0 0 0 0 0 0 0 0 0 0 0 0 0 0 0 0 0 0 0 0 0 0 0 0 0 0 0 0 0 0 0 0 0 0 0 0 0 0
0 0 0 0 0 0 0 0 0 0 0 0 0 0 0 0 0 0 0 0 0 0 0 0 0 0 0 0 0 0 0 0 0 0 0 0 0 0 0 0 0 0 0 0 0 0 0 0 0 0 0 0 0 0 0 0 0 0 0 0 0
0 0 0 0 0 0 0 0 0 0 0 0 0 0 0 0 0 0 0 0 0 0 0 0 0 0 0 0 0 0 0 0 0 0 0 0 0 0 0 0 0 0 0 0 0 0 0 0 0 0 0 0 0 0 0 0 0 0 0 0 0
0 0 0 0 0 0 0 0 0 0 0 0 0 0 0 0 0 0 0 0 0 0 0 0 0 0 0 0 0 0 0 0 0 0 0 0 0 0 0 0 0 0 0 0 0 0 0 0 0 0 0 0 0 0 0 0 0 0 0 0 0
0 0 0 0 0 0 0 0 0 0 0 0 0 0 0 0 0 0 0 0 0 0 0 0 0 0 0 0 0 0 0 0 0 0 0 0 0 0 0 0 0 0 0 0 0 0 0 0 0 0 0 0 0 0 0 0 0 0 0 0 0
0 0 0 0 0 0 0 0 0 0 0 0 0 0 0 0 0 0 0 0 0 0 0 0 0 0 0 0 0 0 0 0 0 0 0 0 0 0 0 0 0 0 0 0 0 0 0 0 0 0 0 0 0 0 0 0 0 0 0 0 0
0 0 0 0 0 0 0 0 0 0 0 0 0 0 0 0 0 0 0 0 0 0 0 0 0 0 0 0 0 0 0 0 0 0 0 0 0 0 0 0 0 0 0 0 0 0 0 0 0 0 0 0 0 0 0 0 0 0 0 0 0
0 0 0 0 0 0 0 0 0 0 0 0 0 0 0 0 0 0 0 0 0 0 0 0 0 0 0 0 0 0 0 0 0 0 0 0 0 0 0 0 0 0 0 0 0 0 0 0 0 0 0 0 0 0 0 0 0 0 0 0 0
0 0 0 0 0 0 0 0 0 0 0 0 0 0 0 0 0 0 0 0 0 0 0 0 0 0 0 0 0 0 0 0 0 0 0 0 0 0 0 0 0 0 0 0 0 0 0 0 0 0 0 0 0 0 0 0 0 0 0 0 0
0 0 0 0 0 0 0 0 0 0 0 0 0 0 0 0 0 0 0 0 0 0 0 0 0 0 0 0 0 0 0 0 0 0 0 0 0 0 0 0 0 0 0 0 0 0 0 0 0 0 0 0 0 0 0 0 0 0 0 0 0
0 0 0 0 0 0 0 0 0 0 0 0 0 0 0 0 0 0 0 0 0 0 0 0 0 0 0 0 0 0 0 0 0 0 0 0 0 0 0 0 0 0 0 0 0 0 0 0 0 0 0 0 0 0 0 0 0 0 0 0 0
0 0 0 0 0 0 0 0 0 0 0 0 0 0 0 0 0 0 0 0 0 0 0 0 0 0 0 0 0 0 0 0 0 0 0 0 0 0 0 0 0 0 0 0 0 0 0 0 0 0 0 0 0 0 0 0 0 0 0 0 0

I cap
1058.909090909091 1058.909090909091 1038.509090909091 957.409090909091 845.24 770.06 850.1799999999998 811.1999999999999 704.48 764.48 492.8000000000001 501.55999999999995 531.8400000000001 594.8800000000001 640.8399999999999 644.649090909091 660.109090909091 547.409090909091 619.3090909090911 419.46909090909105 445.189090909091 561.509090909091 499.32909090909084 548.7490909090911 482.16909090909104 636.1090909090909 589.3090909090911 492.28909090909104 386.38909090909107 628.6490909090909 723.2090909090911 521.4690909090909 471.8490909090911 445.609090909091 102.10000000000002 192.54000000000008 259.82 439.04 400.9400000000001 514.9200000000001 313.28000000000003 559.8 557.4200000000001 484.41999999999996 699.24 486.68 692.74 830.6599999999999 349.59999999999997 448.92 493.60000000000014 695.36 648.1400000000001 646.2199999999999 1022.5400000000001 917.8599999999999 668.4690909090909 716.149090909091 976.349090909091 1058.909090909091 1058.909090909091
107.96969696969697 107.96969696969697 107.96969696969697 70.06969696969696 4.5600000000000005 10.939999999999996 29.819999999999997 35.8 35.52000000000001 102.52000000000001 70.2 58.44 54.160000000000004 73.12 56.16000000000001 54.22969696969697 55.76969696969698 44.46969696969697 61.56969696969698 81.40969696969698 43.68969696969697 32.369696969696975 4.549696969696967 27.129696969696976 43.70969696969697 6.769696969696966 41.56969696969696 32.589696969696966 50.48969696969697 66.22969696969697 76.66969696969697 45.40969696969697 34.02969696969697 23.269696969696962 57.900000000000006 29.460000000000008 27.180000000000007 20.960000000000004 17.06 42.08 0.720000000000006 54.2 50.580000000000005 56.58 69.76 36.32 76.25999999999999 98.34 71.4 40.08 49.400000000000006 23.640000000000004 0.860000000000003 21.380000000000006 25.06 6.940000000000005 31.409696969696967 34.729696969696974 104.52969696969697 107.96969696969697 107.96969696969697
38.96666666666666 38.96666666666666 14.033333333333328 14.033333333333328 6.299999999999995 20.333333333333336 6.958333333333332 18.825 20.225000000000005 12.525000000000002 9.133333333333331 0.7333333333333361 2.833333333333334 7.7333333333333325 9.833333333333334 17.299999999999997 31.96666666666666 17.299999999999997 17.299999999999997 24.299999999999997 17.299999999999997 17.299999999999997 10.299999999999997 31.96666666666666 31.96666666666666 31.96666666666666 31.96666666666666 17.299999999999997 17.299999999999997 4.6249999999999964 4.624999999999995 4.624999999999995 4.624999999999995 17.299999999999997 9.133333333333335 4.2333333333333325 18.2 23.1 27.299999999999997 30.799999999999997 23.133333333333333 25.23333333333334 32.23333333333334 24.53333333333334 21.73333333333334 19.633333333333333 23.833333333333336 29.43333333333333 23.133333333333333 24.53333333333334 27.333333333333336 27.333333333333336 32.825 4.391666666666666 6.49166666666666 23.69166666666667 38.96666666666666 38.96666666666666 38.96666666666666 38.96666666666666 38.96666666666666
45.24545454545453 45.24545454545453 45.24545454545453 37.82545454545453 20.050000000000008 28.479999999999986 28.689999999999987 25.689999999999994 18.400000000000002 23.079999999999995 19.97999999999999 15.989999999999998 10.2 15.24 7.000000000000001 23.805454545454527 25.175454545454524 24.67545454545452 28.52545454545452 28.32545454545452 26.935454545454522 26.985454545454527 25.835454545454525 26.895454545454527 22.65545454545452 22.49545454545453 24.655454545454525 25.735454545454523 27.51545454545452 27.045454545454522 28.455454545454526 26.96545454545452 22.785454545454524 21.065454545454525 22.539999999999996 18.979999999999993 15.569999999999993 17.909999999999993 22.74 39.01999999999999 21.1 28.259999999999987 34.099999999999994 28.439999999999987 29.369999999999994 25.739999999999995 26.089999999999986 27.169999999999984 23.879999999999992 31.42999999999998 35.069999999999986 32.64999999999999 33.02999999999999 34.719999999999985 29.38 36.199999999999996 41.52545454545452 43.41545454545452 44.615454545454526 45.24545454545453 45.24545454545453
20.999999999999993 20.999999999999993 20.999999999999993 20.019999999999992 9.5 15.599999999999996 10.610000000000005 9.790000000000001 6.449999999999997 6.539999999999998 5.82 9.469999999999997 6.540000000000003 11.720000000000002 1.640000000000001 6.159999999999996 5.449999999999995 5.049999999999994 8.129999999999994 9.599999999999993 9.60999999999999 9.749999999999993 7.169999999999991 7.569999999999994 5.609999999999995 6.4699999999999935 8.909999999999991 8.469999999999992 8.479999999999992 9.739999999999995 10.379999999999992 7.839999999999992 6.569999999999992 6.159999999999996 8.13 10.089999999999995 4.629999999999997 5.979999999999997 6.439999999999994 7.719999999999999 0.8800000000000004 7.460000000000001 4.759999999999998 9.459999999999999 7.98 4.669999999999997 6.389999999999998 9.040000000000004 8.529999999999996 6.189999999999998 6.799999999999998 6.539999999999999 2.709999999999995 5.169999999999998 9.339999999999996 9.729999999999997 13.999999999999993 17.30999999999999 20.789999999999992 20.999999999999993 20.999999999999993
345.75757575757575 345.75757575757575 345.75757575757575 272.8163992869875 148.53941176470587 172.51 214.18000000000004 198.57999999999996 205.65 203.78 194.34000000000003 169.86999999999998 182.29999999999995 191.93 125.69999999999999 174.18757575757576 241.70757575757574 240.60757575757572 235.87757575757576 234.0775757575758 219.57757575757574 213.28757575757575 223.1375757575758 225.05757575757576 238.03757575757578 232.06757575757575 187.51757575757574 158.9075757575757 188.67757575757568 221.9375757575758 226.48757575757583 244.03757575757578 209.58757575757576 189.34757575757573 124.43 193.33 205.45999999999995 212.12 212.75 213.06000000000003 186.55 265.67 245.01000000000005 199.36000000000004 230.57999999999998 198.04 193.76999999999998 252.32 247.57 270.34 278.43 219.38999999999996 193.3 275.09999999999997 322.01000000000005 285.7711764705882 252.00816399286984 302.71757575757573 341.76757575757574 345.75757575757575 345.75757575757575
779.7575757575758 779.7575757575758 779.7575757575758 649.5975757575758 430.34999999999997 555.53 673.3199999999999 583.71 623.5200000000001 621.0200000000002 525.2999999999998 711.3100000000001 657.78 684.5300000000002 587.4999999999999 512.1475757575757 501.7875757575757 494.0875757575758 615.9575757575758 660.9075757575758 651.5775757575758 643.8475757575758 616.6575757575757 643.5775757575757 516.6375757575759 544.6375757575757 661.2575757575758 578.2075757575757 578.4575757575758 640.6175757575758 598.2775757575757 503.7575757575757 493.23757575757577 493.15757575757567 437.82 630.7 551.9 561.1 548.6 512.13 476.4100000000001 546.4100000000001 496.26999999999987 479.7299999999999 490.82000000000005 365.4199999999999 408.5299999999999 461.11 401.1899999999999 408.28000000000014 482.06000000000006 464.96000000000004 414.14 472.8200000000001 543.0200000000001 499.7400000000001 678.5175757575756 719.8475757575758 764.8475757575758 779.7575757575758 779.7575757575758
80.73333333333335 80.73333333333335 80.73333333333335 79.19333333333334 59.72666666666665 78.03000000000002 71.75999999999999 75.31999999999998 71.92999999999998 78.68 67.01999999999998 78.25 85.05999999999999 86.52 74.46 67.05333333333334 66.84333333333333 66.54333333333335 68.85333333333334 67.87333333333335 68.63333333333335 69.05333333333334 67.01333333333335 68.22333333333334 64.51333333333335 64.15333333333334 66.74333333333335 66.02333333333335 69.27333333333335 68.29333333333334 69.89333333333335 67.67333333333336 66.47333333333336 67.05333333333334 36.419999999999995 56.64999999999999 61.339999999999996 61.74000000000001 62.19000000000001 68.33000000000001 64.32999999999998 68.82000000000001 68.72 74.07999999999998 78.29 78.66 73.65000000000002 70.64999999999999 64.01999999999998 63.280000000000015 63.58 58.77999999999998 53.81999999999999 52.989999999999995 54.26999999999999 51.34999999999999 72.54666666666668 77.94333333333336 80.10333333333335 80.73333333333335 80.73333333333335
10.775757575757575 10.775757575757575 10.775757575757575 4.125757575757576 0.3500000000000003 4.440892098500626e-16 2.0999999999999996 2.4499999999999984 1.2500000000000018 1.0999999999999996 3.8000000000000007 5.300000000000001 5.7 0.7700000000000005 0.5800000000000001 1.1857575757575756 4.775757575757575 4.775757575757575 1.1457575757575755 1.9457575757575762 0.19575757575757513 1.2957575757575757 5.795757575757575 6.3157575757575755 4.125757575757574 2.2257575757575765 1.7457575757575752 0.1557575757575762 1.9857575757575758 5.975757575757576 2.7757575757575754 3.5157575757575756 4.825757575757576 2.2657575757575756 0.2900000000000009 2.75 2.450000000000001 3.420000000000001 1.7599999999999998 0.8699999999999997 0.6100000000000012 0.8600000000000012 5.66 0.9800000000000009 0.3100000000000023 0.2999999999999998 0.7000000000000011 8.51 1.9300000000000015 1.5499999999999992 2.339999999999999 0.11999999999999922 1.6300000000000008 2.0599999999999983 5.45 2.169999999999999 0.1557575757575762 4.385757575757576 10.775757575757575 10.775757575757575 10.775757575757575
2.545454545454545 2.545454545454545 2.545454545454545 2.545454545454545 1.1799999999999997 0.04999999999999993 1.2400000000000002 0.3600000000000002 0.09999999999999998 2.220446049250313e-16 1.2400000000000002 0.5599999999999999 0.7699999999999999 0.8400000000000002 1.4700000000000002 1.0754545454545452 1.0754545454545452 1.0754545454545452 1.0754545454545452 1.2854545454545452 1.2854545454545452 0.595454545454545 0.2054545454545451 0.17545454545454497 1.2854545454545452 0.7154545454545451 0.9854545454545451 0.5654545454545451 0.17545454545454497 0.205454545454545 0.5954545454545449 0.025454545454545063 0.5354545454545451 0.5654545454545453 0.8200000000000002 0.7000000000000001 0.7000000000000001 0.6300000000000002 0.07000000000000006 0.019999999999999907 0.6699999999999999 0.8700000000000001 2.08 1.4 0.10000000000000009 0.16999999999999982 1.4700000000000002 2.1000000000000005 0.58 1.0299999999999998 2.2200000000000006 1.96 0.16999999999999993 0.04000000000000026 0.7299999999999999 0.13000000000000012 0.26545454545454505 1.195454545454545 1.915454545454545 2.545454545454545 2.545454545454545
8.515433299825174 8.515433299825174 8.515433299825174 7.807629307084703 5.389478620689652 4.9551874137931 4.172730948275859 6.004204137931032 7.396434310344824 6.515478017241376 6.455982586206893 6.700375862068963 6.944659310344825 6.314153965517239 5.874676637931032 4.839713965517238 4.693693103448274 3.9532691379310316 4.130475344827584 5.7393080172413775 6.25992909090909 6.51295396551724 5.541396896551722 5.214199137931033 5.6013585632183895 4.803877068965515 4.611765172413791 6.66668620689655 6.752170344827585 6.501810862068964 7.53677896551724 5.539890517241377 3.828327413793101 3.5299386494252847 8.849857643678162 10.154260689655173 5.092992068965516 5.295550344827585 5.407583275862067 4.842497931034481 4.960649827586206 5.055050862068964 4.991492931034481 4.927069482758618 4.220701896551722 4.054164827586204 3.665552758620688 4.325757413793101 3.248512413793101 3.6590163793103425 5.675995517241376 4.6275774137931 3.9064775862068934 5.8101756896551695 7.776913448275861 5.3396207168784 5.814283702124023 6.963708989480345 8.515433299825174 8.515433299825174 8.170605713618277
700.0 700.0 699.0 697.0 683.0 684.0 678.0 683.0 681.0 681.0 681.0 682.0 682.0 681.0 676.0 686.0 684.0 684.0 683.0 684.0 684.0 683.0 682.0 678.0 678.0 687.0 683.0 677.0 679.0 679.0 684.0 680.0 679.0 679.0 681.0 684.0 681.0 689.0 683.0 685.0 682.0 677.0 683.0 678.0 685.0 683.0 678.0 685.0 677.0 679.0 687.0 680.0 683.0 679.0 685.0 676.0 685.0 690.0 695.0 700.0 697.0

H cap
11.549999999999983 -45.15000000000002 17.849999999999994 -1.0500000000000096 -16.80000000000001 39.89999999999999 27.299999999999983 11.549999999999983 68.24999999999999 74.54999999999998 65.09999999999998 36.749999999999986 36.749999999999986 27.299999999999983 55.64999999999999 74.55 8.399999999999993 8.399999999999991 8.399999999999993 5.249999999999986 33.599999999999994 8.399999999999993 36.749999999999986 83.99999999999999 58.79999999999998 8.399999999999991 2.099999999999998 43.04999999999998 17.84999999999998 -1.0500000000000096 65.1 65.1 43.05 5.25 -4.200000000000003 -4.200000000000003 -1.0500000000000078 83.99999999999999 93.44999999999999 17.84999999999998 36.749999999999986 93.44999999999999 65.09999999999998 36.749999999999986 24.14999999999999 27.299999999999983 30.44999999999999 8.399999999999993 27.299999999999983 14.699999999999989 11.549999999999997 -26.25000000000001 5.249999999999986 131.25 131.25 131.25 131.25 131.25 131.25 131.25 131.25
32.69999999999999 10.199999999999992 11.999999999999993 11.54999999999999 11.09999999999999 11.54999999999999 2.999999999999991 4.799999999999999 16.94999999999999 19.649999999999995 14.699999999999989 10.199999999999992 3.4499999999999904 3.0000000000000018 13.34999999999999 20.99999999999999 20.099999999999994 15.599999999999994 8.84999999999999 13.8 19.649999999999995 12.899999999999988 11.099999999999998 20.09999999999999 15.149999999999999 10.649999999999995 21.89999999999999 12.449999999999996 -1.5 4.349999999999996 18.29999999999999 18.74999999999999 15.149999999999988 12.899999999999995 14.249999999999993 16.049999999999986 12.449999999999989 17.849999999999994 15.149999999999995 8.849999999999994 14.7 13.799999999999986 8.399999999999991 8.399999999999999 9.299999999999994 13.79999999999999 13.79999999999999 2.5499999999999874 3.0000000000000018 9.74999999999999 13.799999999999994 8.399999999999984 24.600000000000005 52.5 52.5 52.5 52.5 52.5 52.5 52.5 52.5
44.10000000000001 37.80000000000001 53.550000000000004 47.25000000000001 40.95000000000001 47.25000000000001 47.25000000000001 40.95000000000001 44.10000000000001 50.400000000000006 44.10000000000001 47.25000000000001 47.25000000000001 44.10000000000001 56.7 56.7 50.400000000000006 50.400000000000006 44.10000000000001 44.10000000000001 53.550000000000004 50.400000000000006 44.10000000000001 53.550000000000004 47.25000000000001 44.10000000000001 53.550000000000004 47.25000000000001 37.80000000000001 40.95000000000001 56.7 56.7 56.7 56.7 50.400000000000006 47.25000000000001 47.25000000000001 53.550000000000004 50.400000000000006 44.10000000000001 53.550000000000004 53.550000000000004 47.25000000000001 50.400000000000006 44.10000000000001 40.95000000000001 50.400000000000006 47.25000000000001 40.95000000000001 44.10000000000001 50.400000000000006 40.95000000000001 44.10000000000001 63.0 63.0 63.0 63.0 63.0 63.0 63.0 63.0
1.3499999999999952 -19.350000000000005 -4.049999999999997 -10.800000000000008 0.44999999999999263 -2.7000000000000157 1.7999999999999927 3.149999999999991 -3.1500000000000004 -2.2500000000000155 0.899999999999983 -1.3766765505351941e-14 6.7499999999999964 0.4499999999999873 -1.199040866595169e-14 -0.9000000000000128 0.4499999999999962 -1.554312234475219e-14 -0.9000000000000075 -9.000000000000004 -1.554312234475219e-14 4.499999999999995 3.5999999999999903 -8.43769498715119e-15 -1.554312234475219e-14 -0.9000000000000075 -0.9000000000000092 8.09999999999999 -1.3500000000000139 -0.45000000000000817 1.799999999999991 -8.43769498715119e-15 -0.9000000000000075 -1.3500000000000068 1.3499999999999917 -13.950000000000005 -7.200000000000005 0.8999999999999795 -1.350000000000012 1.3499999999999828 -6.30000000000001 -2.250000000000011 8.099999999999985 2.249999999999983 0.8999999999999884 3.1499999999999946 8.999999999999982 -1.8000000000000118 9.449999999999976 -4.499999999999977 0.44999999999999263 -3.5999999999999797 8.549999999999999 78.75 78.75 78.75 78.75 78.75 78.75 78.75 78.75

Gap
0.25667547133239593

Time
3120.0131430625916

