T P M C
61 37 4 12

base obj
9.015384615384615

exp obj
17.71279578264872

Objective struct
9.015384615384615 10.58934300993123 33.21568627450981

num campaigns
531

x
0 0 0 0 0 0 0 0 1 0 0 0 0 0 0 0 0 1 1 1 0 0 0 0 0 0 1 0 0 0 0 0 0 0 0 0 0 0 1 0 0 0 1 0 0 0 1 2 0 0 0 0 0 1 0 2 0 0 0 0 0
0 0 0 0 1 0 0 0 1 0 0 0 0 1 0 0 0 0 0 0 0 0 0 0 0 0 0 0 0 0 0 0 0 0 0 0 0 0 1 0 0 0 0 0 0 0 0 0 0 0 0 1 0 0 0 0 0 0 0 0 0
0 0 0 0 0 0 0 0 0 0 0 0 7 0 0 0 0 0 0 0 0 0 1 0 0 0 0 0 0 0 0 0 0 0 0 0 0 0 0 0 1 0 0 0 2 2 0 0 0 0 0 0 0 0 0 0 0 0 0 0 0
0 0 0 0 0 0 0 0 0 0 2 0 0 0 0 0 0 0 0 0 4 0 0 0 0 0 0 0 0 0 0 0 0 0 0 0 0 0 0 0 0 0 0 2 0 0 0 0 0 0 0 3 0 0 0 0 0 0 0 0 0
0 0 0 0 0 0 0 0 0 0 0 0 0 0 0 0 0 2 0 0 0 8 0 7 0 0 0 0 0 0 0 0 0 0 0 0 0 0 0 0 0 0 0 0 0 0 0 0 0 0 0 0 0 0 0 0 0 0 0 0 0
0 0 0 0 0 0 0 0 0 0 0 0 0 0 0 0 0 0 0 0 0 0 0 0 0 0 0 0 0 0 0 0 0 0 0 0 0 0 0 0 0 0 0 0 0 0 0 0 0 0 0 0 0 0 0 0 0 0 0 0 0
0 0 0 0 0 0 0 0 0 0 0 1 0 0 0 0 2 0 0 0 0 0 0 0 0 0 1 0 0 0 0 0 0 1 0 0 0 0 0 0 4 0 0 1 0 0 0 0 0 2 0 0 0 0 0 0 0 0 0 0 0
0 0 0 0 1 1 0 0 0 0 0 0 0 0 0 0 0 0 0 0 0 0 0 0 0 0 0 0 0 0 0 0 1 0 0 0 0 0 0 0 0 0 0 0 1 0 0 0 0 0 0 0 0 0 0 0 0 0 0 0 0
0 0 0 0 1 0 0 0 0 0 0 0 0 0 0 0 0 0 0 0 0 0 0 0 0 0 0 0 0 0 0 0 0 1 0 0 0 0 0 0 0 0 0 0 0 0 0 0 0 0 0 0 0 0 0 0 0 0 0 0 0
0 0 0 0 0 0 0 0 0 0 0 0 0 0 0 0 0 0 0 0 0 0 0 0 0 0 0 0 0 0 0 0 0 0 0 0 0 0 0 0 0 0 0 0 0 0 0 0 0 0 0 0 0 0 0 0 0 0 0 0 0
0 0 0 0 0 0 0 0 0 0 1 0 0 0 0 0 0 0 0 0 0 0 0 1 0 0 0 0 0 0 0 0 0 0 0 0 0 0 0 0 0 0 0 0 0 0 0 0 0 0 0 0 0 0 0 3 0 0 0 0 0
0 0 0 0 0 0 0 0 1 0 0 0 0 0 0 0 0 0 0 0 0 0 0 0 0 0 0 0 0 0 0 1 0 0 0 0 0 0 0 0 1 0 0 0 0 0 0 0 0 0 0 1 0 0 0 0 0 0 0 0 0
0 0 0 0 0 0 0 0 0 0 0 0 0 1 0 0 0 0 0 0 0 1 0 1 0 0 1 0 0 1 0 0 0 0 1 0 0 0 0 0 0 0 0 0 0 0 0 0 0 0 0 0 0 0 0 0 0 0 0 0 0
0 0 0 0 1 0 0 0 0 0 1 0 0 0 0 0 1 0 0 0 0 0 0 0 2 0 0 0 0 1 0 0 0 1 0 0 0 0 0 0 0 0 0 1 0 0 0 0 1 0 0 1 0 1 0 0 0 0 0 0 0
0 0 0 0 0 0 0 0 0 0 0 0 0 0 0 0 0 0 0 0 0 0 0 0 0 0 0 0 0 0 0 0 0 0 0 0 0 0 0 0 0 0 0 0 0 0 0 0 0 0 0 0 0 0 0 0 0 0 0 0 0
0 0 0 0 0 0 0 0 0 0 0 0 0 0 0 0 0 0 0 0 0 0 0 0 0 0 0 0 0 0 0 0 0 0 0 0 0 0 0 0 0 0 0 0 0 0 0 0 0 0 0 0 0 1 0 0 0 0 0 0 0
0 0 0 0 0 0 0 0 0 0 0 0 0 0 0 0 1 0 0 0 1 0 0 0 1 0 1 0 1 0 0 0 0 0 0 0 0 0 0 0 0 0 0 0 0 0 0 0 0 0 1 0 0 0 0 0 0 0 0 0 0
0 0 0 0 0 0 0 0 0 0 0 0 0 0 0 0 0 0 0 0 0 0 0 0 0 1 0 0 0 0 0 0 0 0 0 0 0 0 0 0 0 0 0 0 0 0 0 0 0 2 0 0 0 0 0 0 0 0 0 0 0
0 0 0 0 0 0 3 0 0 0 2 0 0 0 0 3 0 0 0 3 0 0 2 0 0 3 0 0 0 0 0 4 1 0 1 0 0 0 0 0 0 1 0 1 0 0 0 0 0 1 0 0 0 0 0 0 0 0 0 0 0
0 0 0 0 0 0 1 0 0 0 0 0 0 0 0 1 0 0 0 0 0 0 0 0 0 0 0 0 0 0 0 0 0 0 0 0 0 0 0 0 0 0 0 0 0 0 0 0 0 0 0 0 0 0 0 0 0 0 0 0 0
0 0 0 0 0 0 0 0 0 1 0 0 0 0 0 0 1 0 0 0 1 0 0 0 0 0 0 0 2 0 0 0 0 0 0 0 0 0 0 2 0 0 0 0 0 2 0 0 0 0 0 0 3 0 0 0 0 0 0 0 0
0 0 0 0 0 0 0 0 0 0 0 0 0 0 0 0 0 0 0 0 0 0 0 0 0 0 0 0 0 0 0 0 0 0 0 0 0 0 0 0 0 0 0 0 0 0 0 0 0 0 0 0 0 0 0 0 0 0 0 0 0
0 0 0 0 0 0 0 0 0 0 0 0 0 0 1 0 0 0 0 0 0 0 0 0 0 0 0 0 0 0 0 0 0 0 0 1 0 1 0 1 0 0 0 0 0 0 0 0 0 0 0 0 0 0 0 0 0 0 0 0 0
0 0 0 0 1 0 0 0 1 0 0 0 0 0 0 0 0 0 0 0 0 0 1 0 0 0 0 1 0 0 0 0 1 0 1 0 0 0 0 0 0 0 0 0 0 0 0 0 0 0 0 0 0 0 0 0 0 0 0 0 0
0 0 0 0 0 0 1 0 0 0 0 0 0 0 0 0 0 0 0 0 0 0 0 0 0 0 0 0 0 0 1 0 0 0 0 0 1 0 0 0 0 1 0 0 0 0 0 0 0 1 0 0 0 0 0 0 0 0 0 0 0
0 0 0 0 0 0 0 0 0 0 4 0 0 0 0 2 0 0 1 0 0 0 0 0 0 0 0 0 1 0 0 0 0 0 0 0 0 0 0 0 0 0 0 0 0 0 0 0 0 0 0 0 0 0 0 0 0 0 0 0 0
0 0 0 0 0 0 0 1 0 0 0 0 0 0 1 0 0 0 0 0 0 0 0 0 0 0 0 0 0 0 0 0 0 0 0 0 1 0 0 0 0 0 2 0 0 2 0 0 1 0 0 0 0 0 0 2 0 0 0 0 0
0 0 0 0 0 0 0 0 0 0 0 0 0 0 0 0 0 0 0 0 0 0 0 0 0 0 0 0 2 0 0 0 0 0 0 0 0 0 0 0 0 0 0 0 0 0 0 0 0 0 0 0 0 0 0 0 0 0 0 0 0
0 0 0 0 0 0 0 0 0 0 0 0 0 0 0 0 0 0 0 0 0 0 0 0 0 0 0 0 0 0 0 0 0 0 0 0 0 0 0 0 0 0 0 0 0 0 0 0 0 0 0 0 0 0 0 0 0 0 0 0 0
0 0 0 0 0 0 0 0 0 0 4 0 0 0 0 0 6 0 6 0 0 0 5 0 0 4 0 0 3 0 2 0 0 0 3 0 0 0 4 0 1 2 0 4 0 0 2 0 0 0 0 0 2 0 0 4 0 0 0 0 0
0 0 0 0 4 0 0 2 0 0 0 0 0 0 0 0 0 1 3 0 0 0 4 0 0 5 0 0 6 0 0 6 0 0 6 0 0 0 0 0 0 0 0 2 0 0 2 0 3 2 0 0 0 0 6 0 0 0 0 0 0
0 0 0 0 0 0 0 0 0 0 0 3 1 0 1 1 0 3 0 0 9 0 0 0 0 3 2 0 0 0 0 0 0 0 0 0 2 0 0 4 0 0 0 2 0 4 1 0 0 6 0 5 0 5 0 0 0 0 0 0 0
0 0 0 0 6 0 3 0 7 1 8 2 0 0 0 5 0 1 7 0 0 0 0 0 0 0 0 6 0 0 7 0 9 1 0 2 0 9 2 0 8 0 0 0 1 0 0 4 0 2 0 0 0 3 0 8 0 0 0 0 0
0 0 0 0 0 0 11 0 0 4 0 0 0 3 10 0 1 0 0 0 0 0 0 0 0 0 0 0 5 0 0 1 0 2 0 0 0 0 0 0 0 0 0 1 2 0 4 0 0 1 0 7 0 0 0 0 0 0 0 0 0
0 0 0 0 1 1 0 1 0 1 2 1 2 1 1 0 0 0 1 2 0 0 1 2 0 0 0 0 0 0 1 2 1 2 0 1 0 0 0 2 1 2 0 1 0 0 0 1 2 0 0 0 0 1 0 0 0 0 0 0 0
0 0 0 0 0 0 0 0 0 0 0 0 0 0 0 0 0 0 0 0 0 0 0 0 0 0 0 0 0 0 0 0 0 0 0 0 0 0 0 0 0 0 0 0 0 0 0 0 0 0 0 0 0 0 0 0 0 0 0 0 0
0 0 0 0 0 0 0 0 0 0 0 0 0 0 0 0 0 0 0 0 0 0 0 0 0 0 0 0 0 0 0 0 0 0 0 0 0 0 0 0 0 0 0 0 0 0 0 0 0 0 0 0 0 0 0 0 0 0 0 0 0

y
0.0 0.0 0.0 0.0 0.0 0.0 0.0 0.0 0.0 0.0 0.0 0.0 0.0 0.0 0.0 0.0 0.0 0.0 0.0 0.0 0.0 0.0 0.0 0.0 0.0 0.0 0.0 0.0 0.0 0.0 0.0 0.0 0.0 0.0 0.0 0.0 0.0

k
0 7 0 0 0 12 0 0 0 29 0 0 6 0 7 0 0 0 0 0 0 6 0 4 1 0 0 0 21 0 0 0 2 0 18 52 6

f
0.0 35.7 0.0 0.0 0.0 0.0 0.0 0.0 0.0 0.0 0.0 0.0 0.0 0.0 0.0 0.0 1.050000000000022 1.0500000000000362 0.0 0.0 0.0 0.0 0.0 0.0 0.0 0.0 0.0 0.0 0.0 0.0 0.0 0.0 0.0 0.0 0.0 0.0 0.0 0.0 0.0 0.0 0.0 4.200000000000017 0.0 10.5 0.0 0.0 0.0 0.0 0.0 0.0 0.0 23.10000000000001 23.10000000000001 0.0 0.0 0.0 0.0 0.0 0.0 0.0 0.0
0.0 0.0 0.0 0.0 0.0 0.0 12.300000000000015 14.099999999999998 0.0 0.0 0.6000000000000085 0.0 0.0 0.5999999999999979 19.5 7.800000000000009 0.0 4.200000000000002 0.0 1.0500000000000203 0.0 0.0 0.6000000000000174 0.0 6.000000000000012 0.0 0.0 0.6000000000000156 5.100000000000009 1.5000000000000107 0.0 0.0 0.0 0.0 0.0 0.0 1.9500000000000135 0.0 0.0 0.0 2.4000000000000012 0.0 0.0 0.0 0.0 1.5000000000000107 0.0 0.14999999999999503 1.0499999999999972 0.0 0.0 15.900000000000016 0.0 0.0 0.0 0.0 0.0 0.0 0.0 0.0 0.0
0.0 0.0 0.0 0.0 0.0 0.0 0.0 0.0 0.0 0.0 0.0 0.0 0.0 0.0 0.0 0.0 0.0 0.0 0.0 0.0 0.0 0.0 0.0 0.0 0.0 0.0 0.0 0.0 0.0 0.0 0.0 0.0 0.0 0.0 0.0 0.0 0.0 0.0 0.0 0.0 0.0 0.0 0.0 0.0 0.0 0.0 0.0 0.0 0.0 0.0 0.0 0.0 0.0 0.0 0.0 0.0 0.0 0.0 0.0 0.0 0.0
0.0 11.7 0.44999999999998863 0.45000000000001483 1.7999999999999905 0.9000000000000039 0.8999999999999702 0.0 3.5999999999999654 20.250000000000004 0.0 3.600000000000014 0.0 1.3500000000000298 1.199040866595169e-14 0.0 0.45000000000000284 2.1316282072803006e-14 0.0 2.2500000000000258 5.850000000000005 0.9000000000000004 8.881784197001252e-16 2.2500000000000058 1.9095836023552692e-14 2.842170943040401e-14 0.0 1.3766765505351941e-14 0.0 0.0 0.0 0.9000000000000195 0.0 7.650000000000004 0.0 0.9000000000000146 0.0 4.39648317751562e-14 0.0 0.44999999999999396 0.0 1.3500000000000068 0.0 0.9000000000000128 0.9000000000000075 15.749999999999996 2.4868995751603507e-14 3.600000000000004 0.0 2.699999999999996 1.3322676295501878e-15 8.099999999999966 0.0 0.0 0.0 0.0 0.0 0.0 0.0 0.0 0.0

L
0 4 0 0 0 0 0 1 29 0 0 9 2 0 0 0 2 0 0 9 0 0 2 2 5 0 0 0 0 0 0 0 0 0 0 0 0

g
0 0 0 0 0 0 0 0 0 0 0 0 0 0 0 0 0 0 0 0 0 0 0 0 0 0 0 0 0 0 0 0 0 0 0 0 0 0 0 0 0 0 0 0 0 0 0 1 0 0 0 0 0 0 0 1 0 0 0 0 0
0 0 0 0 0 0 0 0 0 0 0 0 0 0 0 0 0 0 0 0 0 0 0 0 0 0 0 0 0 0 0 0 0 0 0 0 0 0 0 0 0 0 0 0 0 0 0 0 0 0 0 0 0 0 0 0 0 0 0 0 0
0 0 0 0 0 0 0 0 0 0 0 0 6 0 0 0 0 0 0 0 0 0 0 0 0 0 0 0 0 0 0 0 0 0 0 0 0 0 0 0 0 0 0 0 1 1 0 0 0 0 0 0 0 0 0 0 0 0 0 0 0
0 0 0 0 0 0 0 0 0 0 1 0 0 0 0 0 0 0 0 0 3 0 0 0 0 0 0 0 0 0 0 0 0 0 0 0 0 0 0 0 0 0 0 1 0 0 0 0 0 0 0 2 0 0 0 0 0 0 0 0 0
0 0 0 0 0 0 0 0 0 0 0 0 0 0 0 0 0 1 0 0 0 7 0 6 0 0 0 0 0 0 0 0 0 0 0 0 0 0 0 0 0 0 0 0 0 0 0 0 0 0 0 0 0 0 0 0 0 0 0 0 0
0 0 0 0 0 0 0 0 0 0 0 0 0 0 0 0 0 0 0 0 0 0 0 0 0 0 0 0 0 0 0 0 0 0 0 0 0 0 0 0 0 0 0 0 0 0 0 0 0 0 0 0 0 0 0 0 0 0 0 0 0
0 0 0 0 0 0 0 0 0 0 0 0 0 0 0 0 1 0 0 0 0 0 0 0 0 0 0 0 0 0 0 0 0 0 0 0 0 0 0 0 3 0 0 0 0 0 0 0 0 1 0 0 0 0 0 0 0 0 0 0 0
0 0 0 0 0 0 0 0 0 0 0 0 0 0 0 0 0 0 0 0 0 0 0 0 0 0 0 0 0 0 0 0 0 0 0 0 0 0 0 0 0 0 0 0 0 0 0 0 0 0 0 0 0 0 0 0 0 0 0 0 0
0 0 0 0 0 0 0 0 0 0 0 0 0 0 0 0 0 0 0 0 0 0 0 0 0 0 0 0 0 0 0 0 0 0 0 0 0 0 0 0 0 0 0 0 0 0 0 0 0 0 0 0 0 0 0 0 0 0 0 0 0
0 0 0 0 0 0 0 0 0 0 0 0 0 0 0 0 0 0 0 0 0 0 0 0 0 0 0 0 0 0 0 0 0 0 0 0 0 0 0 0 0 0 0 0 0 0 0 0 0 0 0 0 0 0 0 0 0 0 0 0 0
0 0 0 0 0 0 0 0 0 0 0 0 0 0 0 0 0 0 0 0 0 0 0 0 0 0 0 0 0 0 0 0 0 0 0 0 0 0 0 0 0 0 0 0 0 0 0 0 0 0 0 0 0 0 0 2 0 0 0 0 0
0 0 0 0 0 0 0 0 0 0 0 0 0 0 0 0 0 0 0 0 0 0 0 0 0 0 0 0 0 0 0 0 0 0 0 0 0 0 0 0 0 0 0 0 0 0 0 0 0 0 0 0 0 0 0 0 0 0 0 0 0
0 0 0 0 0 0 0 0 0 0 0 0 0 0 0 0 0 0 0 0 0 0 0 0 0 0 0 0 0 0 0 0 0 0 0 0 0 0 0 0 0 0 0 0 0 0 0 0 0 0 0 0 0 0 0 0 0 0 0 0 0
0 0 0 0 0 0 0 0 0 0 0 0 0 0 0 0 0 0 0 0 0 0 0 0 1 0 0 0 0 0 0 0 0 0 0 0 0 0 0 0 0 0 0 0 0 0 0 0 0 0 0 0 0 0 0 0 0 0 0 0 0
0 0 0 0 0 0 0 0 0 0 0 0 0 0 0 0 0 0 0 0 0 0 0 0 0 0 0 0 0 0 0 0 0 0 0 0 0 0 0 0 0 0 0 0 0 0 0 0 0 0 0 0 0 0 0 0 0 0 0 0 0
0 0 0 0 0 0 0 0 0 0 0 0 0 0 0 0 0 0 0 0 0 0 0 0 0 0 0 0 0 0 0 0 0 0 0 0 0 0 0 0 0 0 0 0 0 0 0 0 0 0 0 0 0 0 0 0 0 0 0 0 0
0 0 0 0 0 0 0 0 0 0 0 0 0 0 0 0 0 0 0 0 0 0 0 0 0 0 0 0 0 0 0 0 0 0 0 0 0 0 0 0 0 0 0 0 0 0 0 0 0 0 0 0 0 0 0 0 0 0 0 0 0
0 0 0 0 0 0 0 0 0 0 0 0 0 0 0 0 0 0 0 0 0 0 0 0 0 0 0 0 0 0 0 0 0 0 0 0 0 0 0 0 0 0 0 0 0 0 0 0 0 1 0 0 0 0 0 0 0 0 0 0 0
0 0 0 0 0 0 2 0 0 0 1 0 0 0 0 2 0 0 0 2 0 0 1 0 0 2 0 0 0 0 0 3 0 0 0 0 0 0 0 0 0 0 0 0 0 0 0 0 0 0 0 0 0 0 0 0 0 0 0 0 0
0 0 0 0 0 0 0 0 0 0 0 0 0 0 0 0 0 0 0 0 0 0 0 0 0 0 0 0 0 0 0 0 0 0 0 0 0 0 0 0 0 0 0 0 0 0 0 0 0 0 0 0 0 0 0 0 0 0 0 0 0
0 0 0 0 0 0 0 0 0 0 0 0 0 0 0 0 0 0 0 0 0 0 0 0 0 0 0 0 1 0 0 0 0 0 0 0 0 0 0 1 0 0 0 0 0 1 0 0 0 0 0 0 2 0 0 0 0 0 0 0 0
0 0 0 0 0 0 0 0 0 0 0 0 0 0 0 0 0 0 0 0 0 0 0 0 0 0 0 0 0 0 0 0 0 0 0 0 0 0 0 0 0 0 0 0 0 0 0 0 0 0 0 0 0 0 0 0 0 0 0 0 0
0 0 0 0 0 0 0 0 0 0 0 0 0 0 0 0 0 0 0 0 0 0 0 0 0 0 0 0 0 0 0 0 0 0 0 0 0 0 0 0 0 0 0 0 0 0 0 0 0 0 0 0 0 0 0 0 0 0 0 0 0
0 0 0 0 0 0 0 0 0 0 0 0 0 0 0 0 0 0 0 0 0 0 0 0 0 0 0 0 0 0 0 0 0 0 0 0 0 0 0 0 0 0 0 0 0 0 0 0 0 0 0 0 0 0 0 0 0 0 0 0 0
0 0 0 0 0 0 0 0 0 0 0 0 0 0 0 0 0 0 0 0 0 0 0 0 0 0 0 0 0 0 0 0 0 0 0 0 0 0 0 0 0 0 0 0 0 0 0 0 0 0 0 0 0 0 0 0 0 0 0 0 0
0 0 0 0 0 0 0 0 0 0 3 0 0 0 0 1 0 0 0 0 0 0 0 0 0 0 0 0 0 0 0 0 0 0 0 0 0 0 0 0 0 0 0 0 0 0 0 0 0 0 0 0 0 0 0 0 0 0 0 0 0
0 0 0 0 0 0 0 0 0 0 0 0 0 0 0 0 0 0 0 0 0 0 0 0 0 0 0 0 0 0 0 0 0 0 0 0 0 0 0 0 0 0 1 0 0 1 0 0 0 0 0 0 0 0 0 1 0 0 0 0 0
0 0 0 0 0 0 0 0 0 0 0 0 0 0 0 0 0 0 0 0 0 0 0 0 0 0 0 0 1 0 0 0 0 0 0 0 0 0 0 0 0 0 0 0 0 0 0 0 0 0 0 0 0 0 0 0 0 0 0 0 0
0 0 0 0 0 0 0 0 0 0 0 0 0 0 0 0 0 0 0 0 0 0 0 0 0 0 0 0 0 0 0 0 0 0 0 0 0 0 0 0 0 0 0 0 0 0 0 0 0 0 0 0 0 0 0 0 0 0 0 0 0
0 0 0 0 0 0 0 0 0 0 3 0 0 0 0 0 5 0 5 0 0 0 4 0 0 3 0 0 2 0 1 0 0 0 2 0 0 0 3 0 0 1 0 3 0 0 1 0 0 0 0 0 1 0 0 3 0 0 0 0 0
0 0 0 0 3 0 0 1 0 0 0 0 0 0 0 0 0 0 2 0 0 0 3 0 0 4 0 0 5 0 0 5 0 0 5 0 0 0 0 0 0 0 0 1 0 0 1 0 2 1 0 0 0 0 5 0 0 0 0 0 0
0 0 0 0 0 0 0 0 0 0 0 2 0 0 0 0 0 2 0 0 8 0 0 0 0 2 1 0 0 0 0 0 0 0 0 0 1 0 0 3 0 0 0 1 0 3 0 0 0 5 0 4 0 4 0 0 0 0 0 0 0
0 0 0 0 4 0 1 0 5 0 6 0 0 0 0 3 0 0 5 0 0 0 0 0 0 0 0 4 0 0 5 0 7 0 0 0 0 7 0 0 6 0 0 0 0 0 0 2 0 0 0 0 0 1 0 6 0 0 0 0 0
0 0 0 0 0 0 10 0 0 3 0 0 0 2 9 0 0 0 0 0 0 0 0 0 0 0 0 0 4 0 0 0 0 1 0 0 0 0 0 0 0 0 0 0 1 0 3 0 0 0 0 6 0 0 0 0 0 0 0 0 0
0 0 0 0 0 0 0 0 0 0 1 0 1 0 0 0 0 0 0 1 0 0 0 1 0 0 0 0 0 0 0 1 0 1 0 0 0 0 0 1 0 1 0 0 0 0 0 0 1 0 0 0 0 0 0 0 0 0 0 0 0
0 0 0 0 0 0 0 0 0 0 0 0 0 0 0 0 0 0 0 0 0 0 0 0 0 0 0 0 0 0 0 0 0 0 0 0 0 0 0 0 0 0 0 0 0 0 0 0 0 0 0 0 0 0 0 0 0 0 0 0 0
0 0 0 0 0 0 0 0 0 0 0 0 0 0 0 0 0 0 0 0 0 0 0 0 0 0 0 0 0 0 0 0 0 0 0 0 0 0 0 0 0 0 0 0 0 0 0 0 0 0 0 0 0 0 0 0 0 0 0 0 0

I cap
1058.909090909091 1058.909090909091 1021.909090909091 920.509090909091 1051.6 1057.1999999999998 1071.24 1056.24 730.4599999999999 919.06 29.440000000000055 373.4800000000001 113.7000000000001 312.70000000000005 348.1000000000001 550.2490909090909 425.3690909090909 436.349090909091 496.9690909090909 527.9690909090909 10.349090909091046 399.3890909090911 409.2490909090911 63.609090909091016 449.24909090909097 547.949090909091 818.1090909090909 882.2690909090909 626.4490909090911 645.4490909090911 672.709090909091 919.909090909091 976.509090909091 876.949090909091 567.2 596.8 526.8399999999999 691.94 699.06 802.56 264.54 617.3800000000001 504.6600000000001 312.59999999999997 557.0800000000002 64.9600000000001 284.64000000000004 487.87999999999994 688.56 590.9000000000001 728.3800000000001 304.84 904.34 762.04 968.06 864.1799999999998 641.4690909090909 777.7890909090911 893.7890909090911 1058.909090909091 1058.909090909091
107.96969696969697 107.96969696969697 70.96969696969697 22.369696969696967 15.0 28.400000000000006 45.56 29.76 29.54 101.94 4.560000000000002 54.52 10.299999999999992 9.899999999999999 21.500000000000032 65.42969696969698 71.50969696969696 84.52969696969697 87.90969696969697 88.90969696969697 18.52969696969697 79.48969696969698 68.62969696969698 27.269696969696973 38.62969696969698 54.92969696969697 74.76969696969695 74.60969696969697 68.42969696969698 69.42969696969698 30.16969696969697 1.969696969696976 23.369696969696967 7.92969696969697 13.799999999999997 17.2 52.160000000000004 85.06 76.94 86.44 22.459999999999983 57.620000000000005 13.340000000000003 22.4 36.920000000000016 4.040000000000001 7.360000000000014 40.12 94.44 85.1 102.62 7.160000000000002 69.66 60.96000000000001 85.94 4.819999999999993 6.409696969696967 12.089696969696973 101.08969696969697 107.96969696969697 107.96969696969697
38.96666666666666 38.96666666666666 38.96666666666666 38.96666666666666 19.16666666666666 17.066666666666666 4.166666666666664 17.5 18.900000000000006 24.53333333333334 2.133333333333333 0.7333333333333361 10.5 11.466666666666665 6.566666666666666 1.8333333333333286 3.2999999999999954 3.2999999999999954 24.299999999999997 17.96666666666666 3.2999999999999954 3.2999999999999954 10.299999999999997 24.96666666666666 12.29166666666666 5.291666666666661 5.291666666666661 5.291666666666661 9.633333333333331 9.633333333333331 9.633333333333331 10.966666666666661 3.9666666666666615 3.9666666666666615 9.8 11.899999999999999 11.2 23.1 27.299999999999997 1.4666666666666668 8.466666666666667 3.5666666666666753 39.900000000000006 32.2 36.400000000000006 4.966666666666667 16.16666666666667 21.766666666666666 19.45 13.850000000000005 16.650000000000002 16.650000000000002 8.500000000000005 5.000000000000005 7.1 52.5 38.96666666666666 38.96666666666666 38.96666666666666 38.96666666666666 38.96666666666666
45.24545454545453 45.24545454545453 43.77545454545453 39.365454545454526 28.480000000000004 38.43999999999999 38.50999999999999 40.73 35.28 16.219999999999988 12.129999999999988 36.47 11.409999999999997 4.730000000000004 6.709999999999998 5.805454545454529 5.88545454545453 7.445454545454523 7.235454545454521 42.93545454545452 31.14545454545452 13.865454545454526 11.015454545454524 40.30545454545453 16.965454545454527 20.445454545454528 44.03545454545453 26.05545454545452 26.395454545454523 32.34545454545452 31.375454545454524 41.75545454545453 40.05545454545452 21.365454545454526 20.35 34.29 35.599999999999994 10.129999999999995 15.16 48.86999999999999 18.25 29.739999999999988 20.83999999999999 11.389999999999999 33.64999999999999 14.90999999999999 8.729999999999997 28.749999999999996 40.58999999999998 47.50999999999999 51.49999999999999 32.31999999999999 44.02999999999998 52.359999999999985 23.099999999999987 20.48999999999998 38.13545454545452 39.185454545454526 43.98545454545452 45.24545454545453 45.24545454545453
20.999999999999993 20.999999999999993 20.369999999999994 19.439999999999994 0.7800000000000001 10.079999999999997 7.990000000000005 15.690000000000001 12.789999999999997 12.139999999999999 16.909999999999993 23.589999999999996 4.340000000000003 1.6800000000000064 1.5400000000000023 18.689999999999984 18.479999999999983 15.199999999999985 6.129999999999986 8.229999999999992 1.6999999999999909 18.829999999999984 4.359999999999985 5.6399999999999935 4.709999999999995 4.389999999999987 5.719999999999993 4.669999999999994 1.7399999999999878 2.089999999999992 1.6699999999999928 1.7099999999999929 1.4099999999999924 0.35999999999999255 1.0399999999999956 4.989999999999998 2.089999999999997 18.68999999999999 18.61999999999999 18.269999999999996 9.89 16.039999999999996 14.829999999999993 10.689999999999992 8.409999999999998 0.04999999999999691 0.1899999999999986 8.930000000000005 8.029999999999994 4.669999999999995 4.8799999999999955 6.2299999999999995 18.909999999999993 17.719999999999995 0.19999999999999607 0.12999999999999623 2.2299999999999915 20.57999999999999 20.57999999999999 20.999999999999993 20.999999999999993
345.75757575757575 345.75757575757575 345.75757575757575 338.61757575757576 254.75 291.11 315.12 279.37 291.43 292.79 182.09647058823526 193.48058823529414 183.15235294117653 197.64941176470583 183.04941176470587 257.868752228164 168.57463458110516 196.9693404634581 221.48934046345812 34.65698752228167 68.44286987522264 48.162869875222796 277.8475757575757 310.61757575757576 192.22404634581102 127.4469875222816 144.94051693404634 210.97875222816396 263.9175757575757 263.9175757575758 289.20757575757574 332.80757575757576 345.75757575757575 345.75757575757575 232.05 210.61764705882354 233.5011764705882 242.81117647058826 166.66529411764708 226.67235294117648 202.6423529411765 374.78 278.42764705882354 256.4211764705882 134.45647058823533 152.7611764705882 157.83294117647057 281.7705882352941 197.2229411764706 245.8535294117648 31.14764705882365 174.41294117647055 23.71705882352944 236.16294117647064 258.55294117647065 326.87 289.12757575757576 295.77757575757573 337.77757575757573 345.75757575757575 345.75757575757575
779.7575757575758 779.7575757575758 762.7475757575758 217.43757575757581 207.99 473.44000000000005 624.13 201.04000000000008 310.95000000000005 134.88 66.99999999999989 737.59 496.3699999999998 394.9199999999997 60.9699999999998 391.4775757575757 622.4675757575759 75.07757575757577 270.7775757575758 725.0875757575758 528.3375757575757 684.8875757575757 657.1975757575758 669.9375757575757 665.8375757575758 699.7975757575757 222.3275757575758 319.39757575757574 699.7975757575758 148.54757575757571 277.9375757575758 4.697575757575692 84.14757575757568 643.1775757575757 410.24 561.17 56.869999999999976 67.04000000000002 591.07 44.370000000000005 96.10999999999999 656.0600000000001 651.28 449.36 427.28000000000003 359.00999999999993 29.149999999999807 234.19000000000005 506.93000000000006 514.9700000000001 659.9600000000002 507.5299999999998 398.69000000000005 468.3599999999999 72.05000000000007 83.18000000000006 661.4875757575759 686.3375757575759 749.9375757575758 779.7575757575758 779.7575757575758
80.73333333333335 80.73333333333335 79.89333333333335 76.65333333333334 63.53999999999999 86.14000000000001 38.70333333333331 51.43666666666666 83.62999999999998 72.36666666666665 61.74333333333334 90.37 85.32999999999997 69.86000000000001 29.09666666666662 43.23666666666667 71.54 71.16666666666667 74.22333333333333 78.42333333333335 71.43333333333337 75.97333333333334 74.59333333333333 78.21333333333335 75.29333333333334 77.30333333333334 79.89333333333335 77.79333333333334 59.33666666666667 62.37000000000002 78.49333333333334 73.19000000000001 71.82666666666668 64.32666666666667 36.58666666666666 67.32 77.77000000000001 72.87 72.66 78.26 70.75999999999999 74.56000000000002 74.64999999999999 76.38666666666664 73.20666666666668 72.74666666666667 58.466666666666654 61.53333333333332 75.38999999999999 70.67666666666669 71.77333333333335 35.566666666666656 42.24333333333333 63.64000000000001 63.0 59.98999999999998 78.42333333333335 79.47333333333336 79.47333333333336 80.73333333333335 80.73333333333335
10.775757575757575 10.775757575757575 9.725757575757575 7.415757575757575 2.0500000000000007 0.8899999999999997 3.6900000000000004 0.24000000000000088 0.5000000000000018 0.5899999999999999 0.09000000000000075 1.7000000000000002 0.039999999999999813 0.2500000000000009 2.29 2.665757575757576 1.7457575757575752 0.1557575757575762 1.1857575757575756 1.5757575757575752 0.9457575757575754 0.1557575757575762 1.1857575757575756 1.5757575757575752 0.9457575757575754 0.1557575757575762 0.15575757575757532 0.1557575757575762 0.15575757575757532 0.1557575757575762 0.13575757575757552 0.5257575757575752 0.6257575757575755 0.5257575757575745 1.7500000000000009 2.8499999999999996 1.100000000000001 2.3400000000000007 2.1499999999999995 2.8900000000000006 1.1900000000000004 0.6000000000000005 1.8500000000000008 0.14999999999999925 0.9500000000000024 7.449999999999999 2.6500000000000004 0.25 1.6999999999999993 1.4999999999999991 1.6099999999999983 1.9300000000000015 0.8000000000000016 1.1899999999999986 3.1499999999999995 3.2499999999999987 1.1757575757575758 1.1757575757575758 10.775757575757575 10.775757575757575 10.775757575757575
2.545454545454545 2.545454545454545 2.545454545454545 0.38545454545454494 0.6099999999999999 0.04999999999999993 0.9400000000000001 0.2100000000000002 0.21999999999999997 0.03000000000000025 0.94 0.7699999999999999 0.1399999999999999 0.24 0.09000000000000008 0.2954545454545451 1.2854545454545452 0.4454545454545452 0.23545454545454514 0.23545454545454525 0.4454545454545452 0.17545454545454509 0.4154545454545451 0.3254545454545448 0.41545454545454497 0.8054545454545449 0.595454545454545 0.2054545454545451 0.805454545454545 0.805454545454545 1.045454545454545 0.4454545454545449 0.925454545454545 0.38545454545454505 0.8500000000000003 0.5800000000000001 1.0599999999999996 0.2100000000000002 1.21 0.04999999999999993 0.039999999999999925 0.12000000000000022 1.2400000000000002 0.5599999999999999 0.8400000000000002 0.28 2.220446049250313e-16 1.6800000000000006 0.4900000000000001 0.91 1.6800000000000004 0.4299999999999998 0.9400000000000001 0.8700000000000009 0.7000000000000001 0.4900000000000001 0.23545454545454525 1.2854545454545452 1.2854545454545452 2.545454545454545 2.545454545454545
8.515433299825174 8.515433299825174 8.515433299825174 6.4464677825837935 3.8245364367816066 5.275877241379308 5.612386120689654 6.435238620689653 7.00677913793103 4.098055149727763 3.057888212341191 7.217617413793102 5.766498563218388 4.285418505747123 5.799963821839077 3.8463379401088886 6.32557435874168 1.602996905626131 0.4514372323048976 4.7962047413793085 3.3219982288401226 0.11703762250453342 3.042485825771321 1.076268103448272 2.770142764670294 2.3713001088929193 2.864064195402296 4.916837447065938 7.237651116152448 4.822409600725949 5.935145399274045 5.022649137931031 3.2421206896551693 4.727216498790077 8.404304277071992 11.097364137931033 3.8573597126436754 3.1775525922565 5.037074936479127 2.2599814670296396 1.0275586509376857 5.622383157894736 4.837862822141559 4.195066890502114 4.421851149425285 4.643154370840893 2.8380569509981814 3.871159367816089 4.127822586206894 4.107292241379308 8.101857586206895 4.8901305202661804 4.816338445251056 5.941785057471262 4.258916040532362 0.48889493647912574 6.446467437756207 6.446467437756207 8.170605713618277 8.515433299825174 8.515433299825174
700.0 700.0 700.0 698.0 687.0 685.0 678.0 687.0 683.0 687.0 674.0 682.0 671.0 680.0 688.0 679.0 677.0 681.0 682.0 687.0 678.0 672.0 680.0 673.0 675.0 673.0 677.0 687.0 677.0 675.0 680.0 679.0 684.0 682.0 678.0 685.0 682.0 683.0 683.0 681.0 684.0 684.0 687.0 680.0 684.0 676.0 687.0 690.0 684.0 680.0 684.0 679.0 682.0 682.0 684.0 681.0 687.0 691.0 695.0 700.0 700.0

H cap
11.549999999999999 -35.7 36.749999999999986 68.24999999999999 17.849999999999994 24.14999999999999 74.54999999999998 74.54999999999998 55.64999999999998 33.59999999999998 52.5 46.19999999999999 55.64999999999998 27.299999999999983 17.849999999999994 8.399999999999993 -1.050000000000022 -1.0500000000000362 17.849999999999966 17.849999999999966 46.199999999999974 61.94999999999999 5.249999999999989 55.64999999999999 30.44999999999999 39.89999999999999 121.8 74.54999999999998 17.84999999999998 24.14999999999999 71.39999999999999 80.85 74.55 74.55 21.0 2.0999999999999943 24.149999999999977 55.64999999999998 33.599999999999994 14.69999999999999 27.299999999999983 -4.200000000000017 14.699999999999989 -10.5 21.0 14.69999999999999 20.999999999999986 52.499999999999986 33.59999999999998 24.14999999999999 52.5 -23.10000000000001 -23.10000000000001 131.25 131.25 131.25 131.25 131.25 131.25 131.25 131.25
8.399999999999995 1.1999999999999948 7.499999999999992 3.899999999999986 13.799999999999994 8.399999999999995 -12.300000000000015 -14.099999999999998 10.649999999999988 10.650000000000002 -0.6000000000000085 1.199999999999986 4.799999999999992 -0.5999999999999979 -19.5 -7.800000000000009 4.799999999999999 -4.200000000000002 4.350000000000028 -1.0500000000000203 14.700000000000024 6.6000000000000005 -0.6000000000000174 15.600000000000005 -6.000000000000012 1.1999999999999922 16.499999999999993 -0.6000000000000156 -5.100000000000009 -1.5000000000000107 1.199999999999993 15.59999999999999 36.29999999999998 20.099999999999984 4.799999999999985 12.899999999999991 -1.9500000000000135 3.4500000000000117 31.799999999999986 4.8000000000000025 -2.4000000000000012 14.699999999999996 2.999999999999991 1.1999999999999895 9.299999999999994 -1.5000000000000107 14.699999999999992 -0.14999999999999503 -1.0499999999999972 11.099999999999994 0.2999999999999945 -15.900000000000016 0.3000000000000087 52.5 52.5 52.5 52.5 52.5 52.5 52.5 52.5
50.400000000000006 47.25000000000001 47.25000000000001 47.25000000000001 50.400000000000006 53.550000000000004 34.65000000000001 34.65000000000001 40.95000000000001 34.65000000000001 50.400000000000006 37.80000000000001 40.95000000000001 50.400000000000006 47.25000000000001 44.10000000000001 34.65000000000001 18.90000000000002 22.05000000000002 22.05000000000002 31.500000000000014 47.25000000000001 40.95000000000001 50.400000000000006 53.550000000000004 53.550000000000004 59.85 50.400000000000006 40.95000000000001 50.400000000000006 50.400000000000006 50.400000000000006 56.7 56.7 53.550000000000004 53.550000000000004 56.7 56.7 50.400000000000006 44.10000000000001 44.10000000000001 40.95000000000001 47.25000000000001 53.550000000000004 53.550000000000004 50.400000000000006 50.400000000000006 47.25000000000001 50.400000000000006 56.7 56.7 40.95000000000001 40.95000000000001 63.0 63.0 63.0 63.0 63.0 63.0 63.0 63.0
4.440892098500626e-16 -11.7 -0.44999999999998863 -0.45000000000001483 -1.7999999999999905 -0.9000000000000039 -0.8999999999999702 0.8999999999999972 -3.5999999999999654 -20.250000000000004 0.4499999999999944 -3.600000000000014 0.44999999999999973 -1.3500000000000298 -1.199040866595169e-14 1.7999999999999785 -0.45000000000000284 -2.1316282072803006e-14 0.4500000000000015 -2.2500000000000258 -5.850000000000005 -0.9000000000000004 -8.881784197001252e-16 -2.2500000000000058 -1.9095836023552692e-14 -2.842170943040401e-14 0.9000000000000008 -1.3766765505351941e-14 1.3499999999999863 0.4499999999999891 0.8999999999999813 -0.9000000000000195 0.4499999999999966 -7.650000000000004 0.44999999999999085 -0.9000000000000146 0.44999999999999796 -4.39648317751562e-14 0.4499999999999922 -0.44999999999999396 0.8999999999999813 -1.3500000000000068 0.4499999999999891 -0.9000000000000128 -0.9000000000000075 -15.749999999999996 -2.4868995751603507e-14 -3.600000000000004 2.2499999999999867 -2.699999999999996 -1.3322676295501878e-15 -8.099999999999966 5.773159728050814e-15 78.75 78.75 78.75 78.75 78.75 78.75 78.75 78.75

Gap
0.05089442571056329

Time
3120.0022790431976

