T P M C
61 37 4 12

base obj
10.059498834498834

exp obj
17.75716285348638

Objective struct
10.059498834498834 8.457998047703922 32.3921568627451

num campaigns
516

x
0 0 0 0 0 0 0 0 0 0 0 0 1 0 0 0 0 1 0 0 0 0 0 1 0 2 0 0 0 2 0 1 0 0 0 0 0 0 0 1 0 0 0 0 1 0 0 0 0 0 1 1 0 0 1 0 0 0 0 0 0
0 0 0 0 1 0 0 0 0 0 0 0 0 0 0 0 0 0 0 0 0 0 0 0 0 0 0 0 0 0 0 0 0 0 0 0 1 1 0 0 0 1 0 0 0 1 0 0 1 0 0 1 0 0 0 0 0 0 0 0 0
0 0 0 0 1 0 0 0 0 0 1 0 0 0 0 0 0 0 0 2 0 2 0 0 0 0 0 0 0 0 0 0 0 0 0 3 0 0 0 1 0 0 0 0 0 0 1 0 0 0 0 0 0 0 0 2 0 0 0 0 0
0 0 0 0 0 0 0 0 0 0 0 0 0 0 2 0 0 0 0 0 0 0 0 0 0 0 0 0 0 3 0 2 0 0 0 0 0 0 0 0 0 0 0 3 0 0 0 0 0 0 0 0 0 1 0 0 0 0 0 0 0
0 0 0 0 0 0 0 0 0 0 0 0 0 0 0 4 0 0 0 0 0 3 4 0 0 0 0 0 0 0 0 0 0 0 0 0 0 0 5 0 1 0 0 0 0 0 0 0 0 0 0 0 0 0 0 0 0 0 0 0 0
0 0 0 0 0 0 0 0 0 0 0 0 0 0 0 0 0 0 0 0 0 0 0 0 0 0 0 0 0 0 0 0 0 0 0 0 0 0 0 0 0 0 0 0 0 0 0 0 0 0 0 0 0 0 0 0 0 0 0 0 0
0 0 0 0 0 0 8 0 0 0 0 0 0 0 0 0 0 0 0 0 0 0 0 0 1 0 0 3 0 0 0 0 0 0 0 0 0 0 0 0 0 0 0 0 0 0 0 0 0 0 0 0 0 0 0 0 0 0 0 0 0
0 0 0 0 0 0 0 0 0 0 1 0 0 0 0 0 0 0 0 0 1 0 0 0 0 0 0 0 0 0 0 0 0 0 0 0 0 0 0 0 0 0 0 0 0 0 0 1 0 0 0 0 0 0 0 1 0 0 0 0 0
0 0 0 0 1 0 0 0 0 0 0 0 0 0 1 0 0 0 0 0 0 0 0 0 0 0 0 0 0 0 0 0 0 0 0 0 0 0 0 0 0 0 0 0 0 0 0 0 0 0 0 0 0 0 0 0 0 0 0 0 0
0 0 0 0 0 0 0 0 0 0 0 0 0 0 0 0 0 0 0 0 0 0 0 0 0 0 0 0 0 0 0 0 0 0 0 0 0 0 0 0 0 0 0 0 0 0 0 0 0 0 0 0 0 0 0 0 0 0 0 0 0
0 0 0 0 0 0 0 0 0 0 0 0 0 0 0 2 0 0 0 0 0 0 0 0 0 0 0 1 0 0 0 2 0 0 0 0 0 0 0 0 0 0 0 0 0 0 0 0 0 0 0 0 0 0 0 0 0 0 0 0 0
0 0 0 0 0 0 1 0 0 1 0 0 0 0 0 0 0 0 0 0 0 0 0 0 0 0 0 0 0 0 0 0 0 0 0 0 0 0 0 0 0 0 0 0 0 1 0 0 1 0 0 0 0 0 0 0 0 0 0 0 0
0 0 0 0 0 0 0 1 0 0 0 0 0 0 0 0 0 1 0 0 1 0 0 0 0 0 0 0 0 0 0 0 0 0 0 0 0 0 0 0 0 0 0 0 0 0 0 0 0 0 0 0 0 0 0 1 0 0 0 0 0
0 0 0 0 0 0 0 0 0 0 0 0 0 0 1 0 0 0 0 0 0 0 0 0 1 0 0 1 0 0 0 0 0 3 0 1 0 0 0 0 0 0 1 0 0 1 0 0 0 1 0 0 0 0 0 0 0 0 0 0 0
0 0 0 0 0 0 0 0 0 0 0 0 0 0 0 0 0 0 0 0 0 0 0 0 0 0 0 0 0 0 0 0 0 0 0 0 0 0 0 0 0 0 0 0 0 0 0 0 0 0 0 0 0 0 0 0 0 0 0 0 0
0 0 0 0 1 0 0 0 0 0 0 0 0 0 0 0 0 0 0 0 0 0 0 0 0 0 0 0 0 0 0 0 0 0 0 0 0 0 0 0 0 0 0 0 0 0 0 0 0 0 0 0 0 0 0 0 0 0 0 0 0
0 0 0 0 0 0 0 0 0 0 0 0 0 0 0 0 0 0 0 0 0 0 0 1 0 1 0 1 0 0 0 1 0 0 0 0 0 0 0 0 0 0 0 1 0 0 0 0 0 0 0 1 0 0 0 0 0 0 0 0 0
0 0 0 0 0 0 0 0 0 0 0 0 0 0 0 0 0 0 0 0 0 0 0 0 0 0 0 1 0 0 0 0 0 0 0 0 0 0 0 0 0 0 0 1 0 0 0 0 0 1 0 0 0 0 0 0 0 0 0 0 0
0 0 0 0 0 0 0 0 0 1 3 0 0 4 0 0 1 0 0 4 1 0 0 0 0 0 0 1 0 0 0 0 1 0 0 0 0 3 0 1 4 0 0 0 0 0 1 0 0 0 0 0 0 0 0 0 0 0 0 0 0
0 0 0 0 0 0 0 0 0 0 0 0 0 0 0 0 0 0 0 0 0 0 0 0 0 0 0 1 0 0 0 0 0 0 0 0 0 0 0 0 0 0 0 0 0 0 0 0 0 1 0 0 0 0 0 0 0 0 0 0 0
0 0 0 0 1 0 0 0 0 0 0 0 0 0 0 0 2 0 0 0 0 0 2 0 0 0 0 0 1 0 0 2 0 0 1 0 0 0 0 0 0 0 0 0 0 0 0 0 0 0 0 0 3 0 0 0 0 0 0 0 0
0 0 0 0 0 0 0 0 0 0 0 0 0 0 0 0 0 0 0 0 0 0 0 0 0 0 0 0 0 0 0 0 0 0 0 0 0 0 0 0 0 0 0 0 0 0 0 0 0 0 0 0 0 0 0 0 0 0 0 0 0
0 0 0 0 0 0 0 0 1 0 0 0 1 0 0 0 1 0 0 0 0 0 0 0 0 0 0 0 0 0 0 0 0 0 0 0 0 0 0 0 0 1 0 0 0 0 0 0 0 0 0 0 0 0 0 0 0 0 0 0 0
0 0 0 0 0 0 0 0 0 0 0 0 0 0 0 0 0 0 1 0 0 0 0 0 0 0 0 0 0 0 0 0 0 0 0 0 0 1 0 0 0 0 0 0 0 0 0 1 0 0 0 0 0 1 0 0 0 0 0 0 0
0 0 0 0 0 0 1 0 0 0 0 0 0 0 0 0 0 0 0 0 0 0 0 0 0 0 0 0 0 0 0 0 0 0 0 0 0 0 0 0 0 0 0 0 0 0 0 0 0 0 0 0 0 0 0 0 0 0 0 0 0
0 0 0 0 0 0 0 0 0 0 2 0 0 0 2 0 0 0 0 0 0 0 1 0 0 0 0 0 0 0 0 0 0 0 0 0 0 1 0 2 0 0 0 0 0 0 0 0 0 0 0 0 0 0 0 0 0 0 0 0 0
0 0 0 0 0 1 0 0 1 0 1 0 0 0 1 0 0 0 0 0 0 1 0 0 0 0 0 0 0 0 0 0 0 0 0 0 0 0 0 0 0 0 0 0 0 1 0 1 0 0 0 0 0 1 0 2 0 0 0 0 0
0 0 0 0 0 0 0 0 1 0 0 0 0 0 0 0 0 0 0 0 0 0 0 0 0 0 0 0 0 0 0 0 0 0 0 0 0 0 0 0 0 0 0 0 0 0 0 0 0 1 0 0 0 0 0 0 0 0 0 0 0
0 0 0 0 0 0 0 0 0 0 0 0 0 0 0 0 0 0 0 0 0 0 0 0 0 0 0 0 0 0 0 0 0 0 0 0 0 0 0 0 0 0 0 0 0 0 0 0 0 0 0 0 0 0 0 0 0 0 0 0 0
0 0 0 0 4 0 0 0 6 0 2 3 0 0 0 0 0 0 0 0 3 0 2 0 5 0 0 0 0 0 0 0 0 0 0 0 0 0 0 0 1 4 1 0 0 0 0 5 0 2 0 1 8 0 0 5 0 0 0 0 0
0 0 0 0 0 0 1 0 0 0 2 0 4 0 0 6 0 0 4 0 0 2 1 1 3 0 3 0 3 0 0 0 0 1 0 0 0 0 0 0 3 0 0 5 0 0 4 0 0 4 0 1 0 0 0 4 0 0 0 0 0
0 0 0 0 1 0 0 0 0 0 0 2 2 0 0 0 0 0 5 0 1 0 7 0 2 0 0 0 0 0 0 0 3 0 0 5 0 0 2 1 0 6 0 0 1 1 0 1 0 3 0 0 0 9 0 0 0 0 0 0 0
0 0 0 0 8 0 8 0 7 2 7 3 0 7 0 0 8 2 0 3 0 0 0 0 0 0 8 2 1 0 0 0 7 0 7 0 0 6 0 0 0 0 0 0 0 3 2 1 0 0 0 1 1 1 0 0 0 0 0 0 0
0 0 0 0 0 0 0 0 0 0 0 1 0 0 0 0 0 0 0 1 2 0 0 1 0 0 0 0 5 0 9 0 0 0 1 0 4 3 1 7 0 0 0 5 0 1 0 0 3 3 0 1 0 3 0 1 0 0 0 0 0
0 0 0 0 0 0 0 1 1 0 0 1 0 2 1 0 1 2 1 2 1 1 0 0 0 0 0 0 0 1 2 0 0 0 2 0 1 1 1 2 0 2 2 1 0 0 0 1 1 0 2 0 0 0 0 0 0 0 0 0 0
0 0 0 0 0 0 0 0 0 0 0 0 0 0 0 0 0 0 0 0 0 0 0 0 0 0 0 0 0 0 0 0 0 0 0 0 0 0 0 0 0 0 0 0 0 0 0 0 0 0 0 0 0 0 0 0 0 0 0 0 0
0 0 0 0 0 0 0 0 0 0 0 0 0 0 0 0 0 0 0 0 0 0 0 0 0 0 0 0 0 0 0 0 0 0 0 0 0 0 0 0 0 0 0 0 0 0 0 0 0 0 0 0 0 0 0 0 0 0 0 0 0

y
0.0 0.0 0.0 0.0 0.0 0.0 0.0 0.0 0.0 0.0 0.0 0.0 0.0 0.0 0.0 0.0 0.0 0.0 0.0 0.0 0.0 0.0 0.0 0.33333333333333304 0.0 0.0 0.0 0.0 0.0 0.0 0.0 0.0 0.0 0.0 0.0 0.0 0.0

k
0 5 0 0 0 12 0 0 0 29 0 0 8 1 7 0 0 0 0 0 0 6 0 6 5 0 0 0 21 0 0 0 9 0 19 52 6

f
0.0 12.25 0.0 0.0 0.0 0.0 1.75 0.0 0.0 0.0 0.0 5.25 0.0 0.0 0.0 0.0 0.0 1.75 1.75 0.0 0.0 0.0 0.0 0.0 0.0 15.75 5.25 0.0 5.25 0.0 0.0 0.0 0.0 0.0 0.0 0.0 0.0 0.0 0.0 0.0 0.0 0.0 0.0 0.0 0.0 0.0 1.75 19.25 0.0 0.0 0.0 29.75 0.0 0.0 0.0 0.0 0.0 0.0 0.0 0.0 0.0
0.0 1.0 0.0 0.5 0.5 0.5 0.0 21.0 0.5 0.0 0.0 0.0 4.5 0.0 0.0 0.5 1.5 1.5 8.5 1.5 0.5 0.0 0.0 4.5 0.0 0.0 1.0 0.0 0.0 0.0 0.0 5.0 0.0 0.0 2.5 7.0 0.0 0.5 0.5 7.0 1.0 0.0 0.0 0.0 0.0 5.5 0.0 0.0 0.0 19.0 0.0 3.5 0.0 0.0 0.0 0.0 0.0 0.0 0.0 0.0 0.0
0.0 0.0 0.0 0.0 0.0 0.0 0.0 0.0 0.0 0.0 0.0 0.0 0.0 0.0 0.0 0.0 0.0 0.0 0.0 0.0 0.0 0.0 0.0 0.0 0.0 0.0 0.0 0.0 0.0 0.0 0.0 0.0 0.0 0.0 0.0 0.0 0.0 0.0 0.0 0.0 0.0 0.0 0.0 0.0 0.0 0.0 0.0 0.0 0.0 0.0 0.0 0.0 0.0 0.0 0.0 0.0 0.0 0.0 0.0 0.0 0.0
0.0 1.75 0.25 5.75 0.0 0.75 0.75 0.25 0.0 8.25 0.0 0.25 0.0 16.25 0.75 0.75 0.0 0.75 0.0 0.75 1.25 20.75 1.25 0.0 0.0 0.0 0.0 0.0 0.75 0.25 0.75 0.0 0.0 0.0 0.25 0.0 0.0 0.0 5.75 0.25 0.0 1.25 0.0 0.0 2.75 0.0 0.0 3.75 0.75 0.25 0.25 21.75 0.0 0.0 0.0 0.0 0.0 0.0 0.0 0.0 0.0

L
0 1 0 0 0 0 0 8 10 0 0 3 3 0 0 0 2 6 0 22 0 0 4 6 0 0 0 41 0 0 0 0 0 0 0 0 0

g
0 0 0 0 0 0 0 0 0 0 0 0 0 0 0 0 0 0 0 0 0 0 0 0 0 1 0 0 0 1 0 0 0 0 0 0 0 0 0 0 0 0 0 0 0 0 0 0 0 0 0 0 0 0 0 0 0 0 0 0 0
0 0 0 0 0 0 0 0 0 0 0 0 0 0 0 0 0 0 0 0 0 0 0 0 0 0 0 0 0 0 0 0 0 0 0 0 0 0 0 0 0 0 0 0 0 0 0 0 0 0 0 0 0 0 0 0 0 0 0 0 0
0 0 0 0 0 0 0 0 0 0 0 0 0 0 0 0 0 0 0 1 0 1 0 0 0 0 0 0 0 0 0 0 0 0 0 2 0 0 0 0 0 0 0 0 0 0 0 0 0 0 0 0 0 0 0 1 0 0 0 0 0
0 0 0 0 0 0 0 0 0 0 0 0 0 0 1 0 0 0 0 0 0 0 0 0 0 0 0 0 0 2 0 1 0 0 0 0 0 0 0 0 0 0 0 2 0 0 0 0 0 0 0 0 0 0 0 0 0 0 0 0 0
0 0 0 0 0 0 0 0 0 0 0 0 0 0 0 3 0 0 0 0 0 2 3 0 0 0 0 0 0 0 0 0 0 0 0 0 0 0 4 0 0 0 0 0 0 0 0 0 0 0 0 0 0 0 0 0 0 0 0 0 0
0 0 0 0 0 0 0 0 0 0 0 0 0 0 0 0 0 0 0 0 0 0 0 0 0 0 0 0 0 0 0 0 0 0 0 0 0 0 0 0 0 0 0 0 0 0 0 0 0 0 0 0 0 0 0 0 0 0 0 0 0
0 0 0 0 0 0 7 0 0 0 0 0 0 0 0 0 0 0 0 0 0 0 0 0 0 0 0 2 0 0 0 0 0 0 0 0 0 0 0 0 0 0 0 0 0 0 0 0 0 0 0 0 0 0 0 0 0 0 0 0 0
0 0 0 0 0 0 0 0 0 0 0 0 0 0 0 0 0 0 0 0 0 0 0 0 0 0 0 0 0 0 0 0 0 0 0 0 0 0 0 0 0 0 0 0 0 0 0 0 0 0 0 0 0 0 0 0 0 0 0 0 0
0 0 0 0 0 0 0 0 0 0 0 0 0 0 0 0 0 0 0 0 0 0 0 0 0 0 0 0 0 0 0 0 0 0 0 0 0 0 0 0 0 0 0 0 0 0 0 0 0 0 0 0 0 0 0 0 0 0 0 0 0
0 0 0 0 0 0 0 0 0 0 0 0 0 0 0 0 0 0 0 0 0 0 0 0 0 0 0 0 0 0 0 0 0 0 0 0 0 0 0 0 0 0 0 0 0 0 0 0 0 0 0 0 0 0 0 0 0 0 0 0 0
0 0 0 0 0 0 0 0 0 0 0 0 0 0 0 1 0 0 0 0 0 0 0 0 0 0 0 0 0 0 0 1 0 0 0 0 0 0 0 0 0 0 0 0 0 0 0 0 0 0 0 0 0 0 0 0 0 0 0 0 0
0 0 0 0 0 0 0 0 0 0 0 0 0 0 0 0 0 0 0 0 0 0 0 0 0 0 0 0 0 0 0 0 0 0 0 0 0 0 0 0 0 0 0 0 0 0 0 0 0 0 0 0 0 0 0 0 0 0 0 0 0
0 0 0 0 0 0 0 0 0 0 0 0 0 0 0 0 0 0 0 0 0 0 0 0 0 0 0 0 0 0 0 0 0 0 0 0 0 0 0 0 0 0 0 0 0 0 0 0 0 0 0 0 0 0 0 0 0 0 0 0 0
0 0 0 0 0 0 0 0 0 0 0 0 0 0 0 0 0 0 0 0 0 0 0 0 0 0 0 0 0 0 0 0 0 2 0 0 0 0 0 0 0 0 0 0 0 0 0 0 0 0 0 0 0 0 0 0 0 0 0 0 0
0 0 0 0 0 0 0 0 0 0 0 0 0 0 0 0 0 0 0 0 0 0 0 0 0 0 0 0 0 0 0 0 0 0 0 0 0 0 0 0 0 0 0 0 0 0 0 0 0 0 0 0 0 0 0 0 0 0 0 0 0
0 0 0 0 0 0 0 0 0 0 0 0 0 0 0 0 0 0 0 0 0 0 0 0 0 0 0 0 0 0 0 0 0 0 0 0 0 0 0 0 0 0 0 0 0 0 0 0 0 0 0 0 0 0 0 0 0 0 0 0 0
0 0 0 0 0 0 0 0 0 0 0 0 0 0 0 0 0 0 0 0 0 0 0 0 0 0 0 0 0 0 0 0 0 0 0 0 0 0 0 0 0 0 0 0 0 0 0 0 0 0 0 0 0 0 0 0 0 0 0 0 0
0 0 0 0 0 0 0 0 0 0 0 0 0 0 0 0 0 0 0 0 0 0 0 0 0 0 0 0 0 0 0 0 0 0 0 0 0 0 0 0 0 0 0 0 0 0 0 0 0 0 0 0 0 0 0 0 0 0 0 0 0
0 0 0 0 0 0 0 0 0 0 2 0 0 3 0 0 0 0 0 3 0 0 0 0 0 0 0 0 0 0 0 0 0 0 0 0 0 2 0 0 3 0 0 0 0 0 0 0 0 0 0 0 0 0 0 0 0 0 0 0 0
0 0 0 0 0 0 0 0 0 0 0 0 0 0 0 0 0 0 0 0 0 0 0 0 0 0 0 0 0 0 0 0 0 0 0 0 0 0 0 0 0 0 0 0 0 0 0 0 0 0 0 0 0 0 0 0 0 0 0 0 0
0 0 0 0 0 0 0 0 0 0 0 0 0 0 0 0 1 0 0 0 0 0 1 0 0 0 0 0 0 0 0 1 0 0 0 0 0 0 0 0 0 0 0 0 0 0 0 0 0 0 0 0 2 0 0 0 0 0 0 0 0
0 0 0 0 0 0 0 0 0 0 0 0 0 0 0 0 0 0 0 0 0 0 0 0 0 0 0 0 0 0 0 0 0 0 0 0 0 0 0 0 0 0 0 0 0 0 0 0 0 0 0 0 0 0 0 0 0 0 0 0 0
0 0 0 0 0 0 0 0 0 0 0 0 0 0 0 0 0 0 0 0 0 0 0 0 0 0 0 0 0 0 0 0 0 0 0 0 0 0 0 0 0 0 0 0 0 0 0 0 0 0 0 0 0 0 0 0 0 0 0 0 0
0 0 0 0 0 0 0 0 0 0 0 0 0 0 0 0 0 0 0 0 0 0 0 0 0 0 0 0 0 0 0 0 0 0 0 0 0 0 0 0 0 0 0 0 0 0 0 0 0 0 0 0 0 0 0 0 0 0 0 0 0
0 0 0 0 0 0 0 0 0 0 0 0 0 0 0 0 0 0 0 0 0 0 0 0 0 0 0 0 0 0 0 0 0 0 0 0 0 0 0 0 0 0 0 0 0 0 0 0 0 0 0 0 0 0 0 0 0 0 0 0 0
0 0 0 0 0 0 0 0 0 0 1 0 0 0 1 0 0 0 0 0 0 0 0 0 0 0 0 0 0 0 0 0 0 0 0 0 0 0 0 1 0 0 0 0 0 0 0 0 0 0 0 0 0 0 0 0 0 0 0 0 0
0 0 0 0 0 0 0 0 0 0 0 0 0 0 0 0 0 0 0 0 0 0 0 0 0 0 0 0 0 0 0 0 0 0 0 0 0 0 0 0 0 0 0 0 0 0 0 0 0 0 0 0 0 0 0 1 0 0 0 0 0
0 0 0 0 0 0 0 0 0 0 0 0 0 0 0 0 0 0 0 0 0 0 0 0 0 0 0 0 0 0 0 0 0 0 0 0 0 0 0 0 0 0 0 0 0 0 0 0 0 0 0 0 0 0 0 0 0 0 0 0 0
0 0 0 0 0 0 0 0 0 0 0 0 0 0 0 0 0 0 0 0 0 0 0 0 0 0 0 0 0 0 0 0 0 0 0 0 0 0 0 0 0 0 0 0 0 0 0 0 0 0 0 0 0 0 0 0 0 0 0 0 0
0 0 0 0 3 0 0 0 5 0 1 2 0 0 0 0 0 0 0 0 2 0 1 0 4 0 0 0 0 0 0 0 0 0 0 0 0 0 0 0 0 3 0 0 0 0 0 4 0 1 0 0 7 0 0 4 0 0 0 0 0
0 0 0 0 0 0 0 0 0 0 1 0 3 0 0 5 0 0 3 0 0 1 0 0 2 0 2 0 2 0 0 0 0 0 0 0 0 0 0 0 2 0 0 4 0 0 3 0 0 3 0 0 0 0 0 3 0 0 0 0 0
0 0 0 0 0 0 0 0 0 0 0 1 1 0 0 0 0 0 4 0 0 0 6 0 1 0 0 0 0 0 0 0 2 0 0 4 0 0 1 0 0 5 0 0 0 0 0 0 0 2 0 0 0 8 0 0 0 0 0 0 0
0 0 0 0 6 0 6 0 5 0 5 1 0 5 0 0 6 0 0 1 0 0 0 0 0 0 6 0 0 0 0 0 5 0 5 0 0 4 0 0 0 0 0 0 0 1 0 0 0 0 0 0 0 0 0 0 0 0 0 0 0
0 0 0 0 0 0 0 0 0 0 0 0 0 0 0 0 0 0 0 0 1 0 0 0 0 0 0 0 4 0 8 0 0 0 0 0 3 2 0 6 0 0 0 4 0 0 0 0 2 2 0 0 0 2 0 0 0 0 0 0 0
0 0 0 0 0 0 0 0 0 0 0 0 0 1 0 0 0 1 0 1 0 0 0 0 0 0 0 0 0 0 1 0 0 0 1 0 0 0 0 1 0 1 1 0 0 0 0 0 0 0 1 0 0 0 0 0 0 0 0 0 0
0 0 0 0 0 0 0 0 0 0 0 0 0 0 0 0 0 0 0 0 0 0 0 0 0 0 0 0 0 0 0 0 0 0 0 0 0 0 0 0 0 0 0 0 0 0 0 0 0 0 0 0 0 0 0 0 0 0 0 0 0
0 0 0 0 0 0 0 0 0 0 0 0 0 0 0 0 0 0 0 0 0 0 0 0 0 0 0 0 0 0 0 0 0 0 0 0 0 0 0 0 0 0 0 0 0 0 0 0 0 0 0 0 0 0 0 0 0 0 0 0 0

I cap
1058.909090909091 1058.909090909091 1058.909090909091 950.409090909091 1003.6999999999999 940.7199999999998 389.93999999999954 1238.8999999999999 782.3 900.9999999999999 375.04 534.44 567.1600000000001 930.16 299.44000000000005 351.88909090909107 435.849090909091 635.8690909090909 821.2690909090909 761.1490909090911 705.9490909090911 323.54909090909103 128.949090909091 19.549090909091035 353.3890909090909 737.069090909091 737.069090909091 465.589090909091 709.6690909090912 252.46909090909088 745.4690909090909 422.34909090909105 746.349090909091 938.349090909091 577.44 463.30000000000007 372.5 278.24000000000007 429.94 98.66000000000003 95.05999999999995 382.5400000000001 710.8800000000001 360.44 837.56 561.9599999999999 773.0400000000001 661.0400000000001 674.04 702.6800000000001 621.5 629.1199999999999 772.44 589.3200000000002 996.5 832.8599999999998 606.149090909091 630.1490909090911 1023.909090909091 1058.909090909091 1058.909090909091
107.96969696969697 107.96969696969697 107.96969696969697 95.46969696969697 92.30000000000001 99.28 7.059999999999967 62.1 20.700000000000003 21.000000000000007 16.960000000000004 29.56 46.84 46.839999999999996 27.560000000000002 17.989696969696976 24.029696969696968 17.009696969696968 37.60969696969697 31.729696969696988 14.92969696969697 1.329696969696982 16.929696969696966 34.32969696969697 83.48969696969696 95.40969696969697 95.40969696969697 45.08969696969696 66.20969696969698 13.409696969696965 95.40969696969697 4.529696969696971 40.52969696969697 48.52969696969697 80.56 69.70000000000002 62.5 52.76000000000001 74.06 58.34 84.94 73.46000000000001 91.12 54.56 107.44 4.039999999999999 23.96 18.560000000000002 12.560000000000008 38.120000000000005 41.5 99.88 86.56 27.680000000000007 50.5 10.140000000000008 14.72969696969697 22.72969696969698 72.96969696969697 107.96969696969697 107.96969696969697
38.96666666666666 38.96666666666666 38.96666666666666 38.96666666666666 29.43333333333333 27.333333333333336 26.633333333333333 38.5 39.900000000000006 32.2 2.799999999999997 1.4000000000000021 3.5 8.399999999999999 3.5 10.966666666666661 2.633333333333331 2.633333333333331 2.633333333333331 10.966666666666661 3.9666666666666615 3.9666666666666615 2.633333333333331 9.633333333333331 9.633333333333331 14.033333333333328 1.3583333333333272 3.158333333333328 4.624999999999995 4.624999999999995 24.299999999999997 9.633333333333331 2.633333333333331 2.633333333333331 2.1333333333333346 4.2333333333333325 3.533333333333333 2.1000000000000014 6.299999999999997 2.799999999999997 2.799999999999997 4.900000000000006 6.225000000000005 33.525000000000006 30.725000000000005 28.624999999999996 38.5 19.16666666666666 0.19166666666666288 17.391666666666673 36.325 36.325 8.500000000000005 5.000000000000005 7.1 52.5 38.96666666666666 38.96666666666666 38.96666666666666 38.96666666666666 38.96666666666666
45.24545454545453 45.24545454545453 45.24545454545453 18.505454545454523 4.690000000000004 36.399999999999984 34.67999999999999 6.530000000000004 1.9299999999999942 27.01 3.679999999999991 9.350000000000003 27.640000000000004 30.729999999999997 21.010000000000005 39.625454545454524 40.53545454545453 44.03545454545453 42.435454545454526 18.22545454545453 16.105454545454524 16.145454545454527 20.07545454545453 2.965454545454528 13.39545454545452 42.93545454545452 42.93545454545452 42.72545454545452 42.72545454545452 33.93545454545452 42.93545454545452 37.14545454545452 43.14545454545452 44.615454545454526 41.37 26.909999999999993 23.859999999999996 26.279999999999994 41.38999999999999 45.51999999999999 7.069999999999999 14.069999999999993 46.349999999999994 38.32999999999999 46.61999999999999 42.63999999999999 4.959999999999989 1.6499999999999835 22.2 33.22999999999998 44.86999999999998 0.26999999999998714 8.059999999999976 48.09999999999999 13.909999999999997 4.649999999999994 29.445454545454524 31.27545454545453 43.91545454545453 45.24545454545453 45.24545454545453
20.999999999999993 20.999999999999993 20.999999999999993 19.299999999999986 10.140000000000002 20.159999999999997 15.120000000000005 17.519999999999992 14.089999999999995 18.309999999999995 11.869999999999996 12.069999999999999 1.5100000000000033 12.05 2.8099999999999996 2.299999999999991 2.5499999999999945 2.7199999999999926 8.089999999999991 1.749999999999992 0.20999999999999275 2.739999999999993 3.7399999999999958 0.6199999999999926 3.5499999999999936 8.229999999999993 2.2299999999999933 11.15999999999999 2.1599999999999913 4.029999999999993 11.229999999999993 15.499999999999991 20.29999999999999 17.789999999999992 17.79 12.759999999999998 10.219999999999999 12.049999999999997 20.089999999999996 15.589999999999998 0.3100000000000025 7.360000000000001 10.529999999999996 1.3900000000000015 5.72 3.729999999999997 2.549999999999996 3.090000000000002 6.919999999999997 6.069999999999995 6.409999999999997 2.2900000000000023 13.799999999999994 12.239999999999995 17.42999999999999 0.09999999999999787 1.4399999999999924 2.799999999999992 20.429999999999993 20.999999999999993 20.999999999999993
345.75757575757575 345.75757575757575 345.75757575757575 265.67639928698753 173.8505882352941 210.34058823529412 268.24 267.05 294.0 288.05 192.25764705882352 153.82882352941175 208.19235294117652 283.62117647058824 294.30999999999995 316.77757575757573 320.76757575757574 162.7816934046346 205.29051693404634 163.48934046345812 286.8081639928698 30.16992869875225 124.63169340463453 40.279340463458155 220.49875222816394 219.16875222816395 266.2275757575758 264.8975757575757 264.89757575757574 272.2775757575757 331.12757575757576 194.58404634581098 196.96934046345805 232.12934046345805 76.30411764705883 147.10294117647058 151.2429411764706 222.87764705882353 239.23000000000008 242.83176470588242 72.12352941176471 235.21352941176482 225.9535294117648 278.5288235294117 244.1694117647059 243.82117647058826 272.2794117647059 299.71058823529415 261.03705882352943 317.54176470588243 309.07176470588246 344.26 14.43941176470589 137.22529411764705 184.9252941176472 309.99 263.7875757575757 272.07757575757574 345.75757575757575 345.75757575757575 345.75757575757575
779.7575757575758 779.7575757575758 779.7575757575758 59.55757575757582 29.779999999999973 5.740000000000009 237.33999999999992 221.93999999999994 261.9 138.14 33.48999999999998 543.41 217.47000000000003 400.68 712.91 65.45757575757588 66.10757575757575 614.8075757575757 476.11757575757576 438.3375757575757 591.0475757575757 495.07757575757563 564.1075757575758 562.7675757575759 687.5775757575758 52.60757575757589 35.10757575757577 476.38757575757586 616.3875757575759 560.9275757575757 725.0875757575758 69.48757575757577 258.8275757575758 188.03757575757584 186.34000000000003 562.7299999999999 102.20999999999981 285.3199999999999 743.59 622.78 590.94 684.75 748.4300000000001 537.8199999999999 376.89 234.92000000000007 358.25 446.9000000000001 574.21 603.1800000000001 577.38 533.57 497.07 553.6000000000001 700.4000000000001 447.90000000000003 524.3775757575759 558.4875757575758 764.3675757575758 779.7575757575758 779.7575757575758
80.73333333333335 80.73333333333335 80.73333333333335 75.53333333333333 60.64999999999998 85.54000000000002 77.1 83.23999999999998 80.99999999999997 87.88999999999999 74.61999999999999 79.01666666666667 92.44333333333333 94.69999999999997 82.23 77.23333333333336 78.18333333333335 79.89333333333335 79.05333333333334 69.41 61.15000000000002 63.289999999999985 72.82333333333335 66.61999999999999 71.86666666666667 78.42333333333335 78.42333333333335 78.21333333333337 59.54666666666668 56.69000000000002 44.82333333333333 45.63333333333337 78.63333333333335 80.10333333333335 43.93666666666667 60.70333333333333 55.90666666666668 45.37333333333333 62.13666666666668 46.849999999999994 49.37333333333332 75.75999999999999 81.34000000000002 63.50333333333332 73.12666666666668 84.71666666666665 74.39333333333333 72.01 58.64999999999997 49.64 61.410000000000004 60.38666666666663 58.33333333333331 52.17000000000001 52.28999999999999 51.92666666666665 70.95666666666669 75.24333333333334 79.97333333333334 80.73333333333335 80.73333333333335
10.775757575757575 10.775757575757575 10.775757575757575 3.915757575757576 0.6500000000000004 1.640000000000001 0.6399999999999997 1.0999999999999996 0.3500000000000012 0.44999999999999996 1.2500000000000009 1.4499999999999993 1.8499999999999996 2.450000000000001 -1.3322676295501878e-15 3.175757575757576 2.7757575757575754 1.5757575757575752 0.9257575757575756 0.5257575757575752 0.6257575757575755 1.3257575757575752 2.125757575757575 0.7957575757575759 0.1557575757575762 0.15575757575757532 0.1557575757575762 0.15575757575757532 0.1557575757575762 1.1857575757575756 1.5757575757575752 0.9457575757575754 0.1557575757575762 4.385757575757576 2.0 0.14000000000000035 1.0900000000000005 1.1400000000000006 0.6799999999999997 0.09000000000000075 3.6400000000000006 2.6500000000000004 0.7900000000000018 0.46000000000000085 0.020000000000002016 2.710000000000001 6.940000000000001 0.4800000000000011 0.7000000000000002 2.7399999999999984 2.7799999999999994 2.7199999999999998 2.1700000000000017 1.5499999999999992 5.35 0.2499999999999991 0.12575757575757507 0.12575757575757507 9.825757575757576 10.775757575757575 10.775757575757575
2.545454545454545 2.545454545454545 2.545454545454545 0.38545454545454494 0.6099999999999999 0.04999999999999993 0.5800000000000001 0.27 0.5800000000000001 0.0 1.4500000000000002 0.04999999999999993 0.5599999999999999 0.3600000000000002 0.03000000000000025 0.4454545454545452 1.1954545454545449 0.595454545454545 0.2054545454545451 0.805454545454545 0.805454545454545 0.41545454545454497 0.8054545454545449 0.4454545454545452 0.4454545454545452 0.23545454545454525 0.23545454545454525 0.025454545454545174 0.025454545454545174 0.23545454545454514 0.23545454545454514 0.4454545454545452 0.4454545454545452 1.915454545454545 2.1700000000000004 1.5399999999999998 0.7899999999999998 0.21000000000000008 1.15 0.04999999999999993 0.7 0.7200000000000002 1.0299999999999998 0.2599999999999999 2.220446049250313e-16 0.21999999999999997 0.2400000000000002 1.0800000000000007 0.4299999999999998 0.31000000000000005 0.24000000000000088 0.3700000000000001 0.19000000000000006 1.8000000000000007 1.33 0.8499999999999999 0.4154545454545451 0.805454545454545 2.545454545454545 2.545454545454545 2.545454545454545
8.515433299825174 8.515433299825174 8.515433299825174 4.304906984035699 1.9431087295825729 3.960934540229882 4.150317155172411 3.912552595281304 4.972568439201449 5.358490549001812 4.622316007259523 6.898500483968542 5.742935172413791 4.618751839080456 6.510883362068963 2.5069551724137877 2.6247274137930994 4.12568293103448 4.446567298850573 3.127390464307317 4.267249287521309 4.8841275892316975 3.3616024107682954 2.5136847489413157 3.680608584392012 2.3377852873563185 2.284179137931031 6.752892931034481 8.045273965517241 5.989742068965516 6.760917068965515 3.734718103448272 2.3800517241379273 3.714421580459767 8.69468540229885 10.465180229885055 2.8631070114942503 5.342102068965516 4.654709712643677 3.2421653750756176 1.956778251663639 3.123290598911068 4.561365889292194 5.427069655172413 4.168403218390803 4.461061379310343 2.48745216273442 3.733167837265574 4.735203106473078 5.505658502722321 6.347501869328491 2.2470873956442796 3.7758060798548057 5.620520517241377 6.451686588021777 4.2863539292195965 6.274053644652758 8.515432954997587 8.515433299825174 8.515433299825174 8.170605713618277
700.0 700.0 700.0 698.0 691.0 690.0 681.0 691.0 684.0 687.0 679.0 684.0 681.0 690.0 675.0 678.0 674.0 683.0 686.0 681.0 684.0 682.0 674.0 683.0 681.0 682.0 687.0 678.0 685.0 679.0 689.0 681.0 681.0 682.0 688.0 680.0 685.0 686.0 675.0 677.0 677.0 681.0 686.0 680.0 687.0 688.0 688.0 679.0 683.0 683.0 685.0 687.0 686.0 683.0 684.0 682.0 686.0 695.0 700.0 700.0 697.0

H cap
5.25 -12.25 8.75 26.25 43.75 22.75 -1.75 19.25 43.75 1.75 15.75 -5.25 1.75 12.25 68.25 57.75 5.25 -1.75 -1.75 5.25 57.75 5.25 15.75 22.75 12.25 -15.75 -5.25 5.25 -5.25 120.75 120.75 89.25 64.75 19.25 1.75 5.25 5.25 8.75 61.25 54.25 1.75 15.75 47.25 29.75 5.25 5.25 -1.75 -19.25 1.75 61.25 40.25 -29.75 22.75 131.25 131.25 131.25 131.25 131.25 131.25 131.25 131.25
2.0 -1.0 4.5 -0.5 -0.5 -0.5 1.0 -21.0 -0.5 2.5 6.5 3.5 -4.5 3.5 0.5 -0.5 -1.5 -1.5 -8.5 -1.5 -0.5 0.5 4.5 -4.5 1.5 5.0 -1.0 0.5 3.5 4.5 4.5 -5.0 7.0 1.5 -2.5 -7.0 1.0 -0.5 -0.5 -7.0 -1.0 16.5 4.0 0.0 3.5 -5.5 0.5 16.5 0.5 -19.0 3.0 -3.5 1.5 52.5 52.5 52.5 52.5 52.5 52.5 52.5 52.5
49.0 45.5 59.5 59.5 52.5 52.5 31.5 35.0 56.0 42.0 28.0 21.0 35.0 49.0 52.5 38.5 31.5 31.5 24.5 38.5 56.0 52.5 52.5 45.5 45.5 45.5 45.5 42.0 38.5 59.5 63.0 52.5 49.0 38.5 24.5 28.0 28.0 38.5 56.0 45.5 42.0 52.5 49.0 45.5 49.0 52.5 52.5 49.0 52.5 52.5 49.0 38.5 42.0 63.0 63.0 63.0 63.0 63.0 63.0 63.0 63.0
6.75 -1.75 -0.25 -5.75 0.75 -0.75 -0.75 -0.25 0.25 -8.25 0.25 -0.25 0.75 -16.25 -0.75 -0.75 0.75 -0.75 0.75 -0.75 -1.25 -20.75 -1.25 0.75 0.75 0.75 0.75 0.25 -0.75 -0.25 -0.75 0.25 0.75 0.75 -0.25 0.25 0.25 0.25 -5.75 -0.25 0.25 -1.25 0.25 0.75 -2.75 0.25 0.75 -3.75 -0.75 -0.25 -0.25 -21.75 0.75 78.75 78.75 78.75 78.75 78.75 78.75 78.75 78.75

Gap
0.044588730317647506

Time
3120.0085899829865

