T P M C
22 37 4 12

base obj
12.167582417582418

exp obj
13.459020146520146

Objective struct
12.167582417582418 0.0 17.333333333333332

num campaigns
112

x
0 0 0 0 1 0 0 0 1 0 0 0 1 0 0 0 1 0 0 0 0 0
0 0 0 0 1 0 0 0 0 0 0 0 0 0 1 0 0 0 0 0 0 0
0 0 0 0 0 0 1 0 0 0 0 0 1 0 0 0 0 0 0 0 0 0
0 0 0 0 1 0 0 0 0 0 1 0 0 0 0 0 1 0 0 0 0 0
0 0 0 0 1 0 0 1 0 0 1 0 0 1 0 0 1 0 0 0 0 0
0 0 0 0 0 0 1 0 0 0 0 0 1 0 0 0 0 0 0 0 0 0
0 0 0 0 1 0 0 0 0 0 1 0 0 0 0 0 1 0 0 0 0 0
0 0 0 0 0 0 0 0 0 0 1 0 0 0 0 0 0 0 0 0 0 0
0 0 0 0 0 0 0 0 1 0 0 0 0 0 0 0 0 0 0 0 0 0
0 0 0 0 0 0 1 0 0 0 0 0 0 0 1 0 0 0 0 0 0 0
0 0 0 0 1 0 0 0 0 0 0 0 0 0 0 0 1 0 0 0 0 0
0 0 0 0 0 0 0 0 0 0 0 0 0 0 0 0 1 0 0 0 0 0
0 0 0 0 0 0 0 0 0 0 0 0 0 0 0 0 0 0 0 0 0 0
0 0 0 0 1 0 0 0 0 0 1 0 0 0 1 0 0 0 0 0 0 0
0 0 0 0 0 0 0 0 0 0 0 0 0 0 0 0 0 0 0 0 0 0
0 0 0 0 0 0 0 0 0 0 1 0 0 0 0 0 0 0 0 0 0 0
0 0 0 0 0 0 0 0 0 0 0 0 0 0 1 0 1 0 0 0 0 0
0 0 0 0 0 0 0 0 0 0 0 0 0 0 1 0 0 0 0 0 0 0
0 0 0 0 0 0 0 0 0 1 0 0 0 1 0 1 0 0 0 0 0 0
0 0 0 0 0 0 1 0 0 0 0 0 0 0 0 0 0 0 0 0 0 0
0 0 0 0 0 0 1 0 0 0 0 1 0 0 0 0 1 0 0 0 0 0
0 0 0 0 0 0 0 0 0 0 0 0 0 0 0 0 0 0 0 0 0 0
0 0 0 0 0 0 0 0 1 0 0 0 0 0 0 0 0 0 0 0 0 0
0 0 0 0 0 0 0 0 0 0 0 0 0 0 0 0 0 0 0 0 0 0
0 0 0 0 0 0 0 0 0 0 0 0 0 0 0 0 0 0 0 0 0 0
0 0 0 0 1 0 0 0 0 0 0 0 0 0 0 0 1 0 0 0 0 0
0 0 0 0 0 0 1 0 0 0 0 0 1 0 0 0 0 0 0 0 0 0
0 0 0 0 0 0 1 0 0 0 0 0 0 0 0 0 0 0 0 0 0 0
0 0 0 0 0 0 0 0 0 0 0 0 0 0 0 0 0 0 0 0 0 0
0 0 0 0 1 1 1 1 1 1 1 1 1 1 1 1 1 0 0 0 0 0
0 0 0 0 1 1 1 1 1 1 1 1 1 1 1 1 1 0 0 0 0 0
0 0 0 0 1 1 1 1 1 1 1 1 1 1 1 1 1 0 0 0 0 0
0 0 0 0 1 0 0 1 1 1 1 0 0 0 1 0 1 0 0 0 0 0
0 0 0 0 1 1 1 1 1 1 1 1 1 1 1 1 1 0 0 0 0 0
0 0 0 0 1 1 1 0 1 0 0 1 0 0 0 0 0 0 0 0 0 0
0 0 0 0 0 0 0 0 0 0 0 0 0 0 0 0 0 0 0 0 0 0
0 0 0 0 0 0 0 0 0 0 0 0 0 0 0 0 0 0 0 0 0 0

y
0.0 4.0 2.0 0.0 0.0 0.0 0.0 0.0 0.0 6.285714285714286 0.0 0.0 0.0 0.0 0.0 0.0 0.0 0.0 0.0 0.0 0.0 0.0 0.0 0.0 0.0 0.0 0.0 0.0 0.0 0.0 0.0 0.0 0.52 0.0 0.0 0.0 0.0

k
0 1 2 0 0 1 0 0 0 6 0 0 3 0 2 0 0 0 4 0 0 2 0 3 2 0 1 0 6 0 0 0 19 0 8 13 2

f
0.0 0.0 0.0 8.75 1.75 1.75 0.0 0.0 0.0 5.25 0.0 0.0 5.25 0.0 0.0 0.0 0.0 0.0 0.0 0.0 0.0 0.0
0.0 2.0 0.0 0.0 0.0 0.0 0.0 0.0 0.0 0.0 0.0 0.0 0.0 0.0 0.0 0.0 0.0 0.0 0.0 0.0 0.0 0.0
0.0 0.0 0.0 0.0 0.0 0.0 0.0 0.0 0.0 0.0 0.0 0.0 0.0 0.0 0.0 0.0 0.0 0.0 0.0 0.0 0.0 0.0
0.0 5.75 0.0 2.25 0.75 0.75 1.25 1.75 1.25 1.75 2.25 0.0 6.75 0.0 0.0 0.0 0.0 0.0 0.0 0.0 0.0 0.0

L
4 10 6 6 3 6 6 0 0 8 12 0 0 4 0 0 2 0 2 0 5 0 0 0 0 12 6 0 0 1 1 1 1 1 1 0 0

g
0 0 0 0 0 0 0 0 0 0 0 0 0 0 0 0 0 0 0 0 0 0
0 0 0 0 0 0 0 0 0 0 0 0 0 0 0 0 0 0 0 0 0 0
0 0 0 0 0 0 0 0 0 0 0 0 0 0 0 0 0 0 0 0 0 0
0 0 0 0 0 0 0 0 0 0 0 0 0 0 0 0 0 0 0 0 0 0
0 0 0 0 0 0 0 0 0 0 0 0 0 0 0 0 0 0 0 0 0 0
0 0 0 0 0 0 0 0 0 0 0 0 0 0 0 0 0 0 0 0 0 0
0 0 0 0 0 0 0 0 0 0 0 0 0 0 0 0 0 0 0 0 0 0
0 0 0 0 0 0 0 0 0 0 0 0 0 0 0 0 0 0 0 0 0 0
0 0 0 0 0 0 0 0 0 0 0 0 0 0 0 0 0 0 0 0 0 0
0 0 0 0 0 0 0 0 0 0 0 0 0 0 0 0 0 0 0 0 0 0
0 0 0 0 0 0 0 0 0 0 0 0 0 0 0 0 0 0 0 0 0 0
0 0 0 0 0 0 0 0 0 0 0 0 0 0 0 0 0 0 0 0 0 0
0 0 0 0 0 0 0 0 0 0 0 0 0 0 0 0 0 0 0 0 0 0
0 0 0 0 0 0 0 0 0 0 0 0 0 0 0 0 0 0 0 0 0 0
0 0 0 0 0 0 0 0 0 0 0 0 0 0 0 0 0 0 0 0 0 0
0 0 0 0 0 0 0 0 0 0 0 0 0 0 0 0 0 0 0 0 0 0
0 0 0 0 0 0 0 0 0 0 0 0 0 0 0 0 0 0 0 0 0 0
0 0 0 0 0 0 0 0 0 0 0 0 0 0 0 0 0 0 0 0 0 0
0 0 0 0 0 0 0 0 0 0 0 0 0 0 0 0 0 0 0 0 0 0
0 0 0 0 0 0 0 0 0 0 0 0 0 0 0 0 0 0 0 0 0 0
0 0 0 0 0 0 0 0 0 0 0 0 0 0 0 0 0 0 0 0 0 0
0 0 0 0 0 0 0 0 0 0 0 0 0 0 0 0 0 0 0 0 0 0
0 0 0 0 0 0 0 0 0 0 0 0 0 0 0 0 0 0 0 0 0 0
0 0 0 0 0 0 0 0 0 0 0 0 0 0 0 0 0 0 0 0 0 0
0 0 0 0 0 0 0 0 0 0 0 0 0 0 0 0 0 0 0 0 0 0
0 0 0 0 0 0 0 0 0 0 0 0 0 0 0 0 0 0 0 0 0 0
0 0 0 0 0 0 0 0 0 0 0 0 0 0 0 0 0 0 0 0 0 0
0 0 0 0 0 0 0 0 0 0 0 0 0 0 0 0 0 0 0 0 0 0
0 0 0 0 0 0 0 0 0 0 0 0 0 0 0 0 0 0 0 0 0 0
0 0 0 0 0 0 0 0 0 0 0 0 0 0 0 0 0 0 0 0 0 0
0 0 0 0 0 0 0 0 0 0 0 0 0 0 0 0 0 0 0 0 0 0
0 0 0 0 0 0 0 0 0 0 0 0 0 0 0 0 0 0 0 0 0 0
0 0 0 0 0 0 0 0 0 0 0 0 0 0 0 0 0 0 0 0 0 0
0 0 0 0 0 0 0 0 0 0 0 0 0 0 0 0 0 0 0 0 0 0
0 0 0 0 0 0 0 0 0 0 0 0 0 0 0 0 0 0 0 0 0 0
0 0 0 0 0 0 0 0 0 0 0 0 0 0 0 0 0 0 0 0 0 0
0 0 0 0 0 0 0 0 0 0 0 0 0 0 0 0 0 0 0 0 0 0

I cap
1058.909090909091 1058.909090909091 980.477090909091 935.827090909091 664.015 884.8270000000001 557.2920000000001 858.5790000000002 580.26 845.9790000000003 496.744 754.835 556.2520000000001 660.89 603.2539999999999 741.4570909090909 460.8840909090911 754.016090909091 788.577090909091 980.477090909091 1058.909090909091 1058.909090909091
107.96969696969697 107.96969696969697 104.70169696969697 104.70169696969697 71.15500000000002 88.89300000000001 49.818 56.471000000000004 32.740000000000016 79.97100000000002 38.106 68.36500000000001 54.848 46.51 74.99600000000001 72.02169696969698 1.0946969696969902 48.06269696969699 49.601696969696974 104.70169696969697 107.96969696969697 107.96969696969697
38.96666666666666 38.96666666666666 38.96666666666666 38.96666666666666 20.413333333333327 18.313333333333333 12.039999999999997 24.56666666666667 25.966666666666676 32.550000000000004 24.15 8.816666666666672 10.566666666666668 3.77541666666667 12.808750000000002 13.625416666666666 6.342083333333333 18.383333333333333 25.03333333333333 38.96666666666666 38.96666666666666 38.96666666666666
45.24545454545453 45.24545454545453 44.64695454545453 38.19645454545453 20.272 31.673999999999996 21.69899999999999 20.540499999999998 18.63 28.222499999999986 25.356499999999997 23.201499999999996 15.445999999999998 13.349499999999999 9.722999999999997 27.527954545454524 34.05445454545452 43.307454545454526 43.506954545454526 44.64695454545453 45.24545454545453 45.24545454545453
20.999999999999993 20.999999999999993 20.800499999999992 20.467999999999993 8.639000000000003 17.169 7.383500000000004 8.1755 6.6105 9.346500000000004 10.908499999999993 13.587499999999993 9.258500000000002 11.377500000000005 6.591500000000003 9.552499999999995 8.944499999999993 14.577999999999994 17.494499999999995 20.800499999999992 20.999999999999993 20.999999999999993
345.75757575757575 345.75757575757575 341.96707575757574 303.8899581105169 189.9914411764706 210.20050000000003 193.93049999999997 156.4195 213.99450000000002 202.946 163.649 181.794 216.59449999999998 219.435 158.10599999999994 165.50457575757576 225.32719340463464 256.6956345811052 304.8695757575757 341.96707575757574 345.75757575757575 345.75757575757575
779.7575757575758 779.7575757575758 765.5930757575758 660.8555757575758 533.224 753.0015000000001 653.6375000000002 541.4229999999999 619.742 660.6725 643.499 799.874 717.3445 632.044 646.4395000000001 594.6405757575758 580.9320757575758 702.0475757575758 722.8430757575758 765.5930757575758 779.7575757575758 779.7575757575758
80.73333333333335 80.73333333333335 80.13483333333335 79.46983333333334 61.91533333333333 81.52199999999999 68.93299999999998 73.00349999999997 71.54649999999998 79.87599999999998 70.26299999999999 81.02499999999998 84.87449999999998 85.28599999999997 76.75299999999999 68.81083333333333 68.08883333333334 74.78 78.08283333333334 80.13483333333335 80.73333333333335 80.73333333333335
10.775757575757575 10.775757575757575 10.775757575757575 9.578757575757576 4.6475 3.6155 0.6354999999999991 1.8800000000000003 1.202500000000001 0.1225000000000005 1.8675000000000006 1.4749999999999996 1.5700000000000003 3.140500000000001 1.9089999999999998 0.2022575757575762 0.2022575757575753 0.6867575757575768 4.705257575757576 10.775757575757575 10.775757575757575 10.775757575757575
2.545454545454545 2.545454545454545 1.946954545454545 0.7499545454545451 1.2894999999999999 0.1175 1.1185 0.048000000000000154 0.6339999999999999 0.5040000000000001 0.9189999999999999 0.20300000000000007 0.602 0.1050000000000002 0.19050000000000022 0.8639545454545451 0.32245454545454477 1.063454545454545 1.262954545454545 1.946954545454545 2.545454545454545 2.545454545454545
8.515433299825174 8.515433299825174 8.515433299825174 7.843019506721726 4.0791628735632175 5.013808275862069 4.091696146551725 6.3231695000000006 7.904020362068964 6.843064396551725 7.472361896551725 7.370720862068967 7.176986905172415 5.921912594827585 6.172952336206896 5.744886379310344 5.721020689655173 6.606142701149426 6.363233965517242 7.1531012931034486 7.546136159874608 8.328471379310345
700.0 700.0 700.0 698.0999999999999 685.7499999999999 687.6499999999999 677.1999999999999 691.4499999999997 686.6999999999997 684.7999999999998 680.9999999999999 682.8999999999999 685.7499999999999 689.5499999999997 682.8999999999999 681.9499999999996 677.1999999999997 683.8499999999998 690.4999999999999 692.4 700.0 697.15

H cap
1.75 1.75 1.75 -8.75 -1.75 -1.75 1.75 1.75 5.25 -5.25 19.25 29.75 -5.25 5.25 131.25 131.25 131.25 131.25 131.25 131.25 131.25 131.25
13.0 -2.0 10.0 8.0 9.5 11.5 3.0 3.0 13.0 14.0 5.5 7.5 5.0 17.0 52.5 52.5 52.5 52.5 52.5 52.5 52.5 52.5
42.0 42.0 49.0 45.5 49.0 49.0 45.5 49.0 52.5 45.5 42.0 45.5 38.5 42.0 63.0 63.0 63.0 63.0 63.0 63.0 63.0 63.0
1.75 -5.75 0.25 -2.25 -0.75 -0.75 -1.25 -1.75 -1.25 -1.75 -2.25 0.25 -6.75 1.75 78.75 78.75 78.75 78.75 78.75 78.75 78.75 78.75

Gap
0.03838560264380859

Time
780.0012941360474

