T P M C
35 37 4 12

base obj
11.25054945054945

exp obj
11.407912087912088

Objective struct
11.25054945054945 0.0 11.88

num campaigns
224

x
0 0 0 0 0 0 1 0 0 0 1 0 0 0 1 1 0 0 0 0 0 0 0 1 0 1 0 0 0 1 0 0 0 0 0
0 0 0 0 0 0 0 0 0 1 0 0 0 0 0 0 0 0 0 0 0 0 0 1 0 0 0 0 0 0 0 0 0 0 0
0 0 0 0 0 0 0 0 0 1 0 1 0 1 0 0 0 1 0 1 0 0 0 1 0 0 0 0 0 0 0 0 0 0 0
0 0 0 0 0 0 1 0 0 0 1 0 0 0 0 0 1 0 0 0 1 0 0 0 1 0 0 0 1 0 0 0 0 0 0
0 0 0 0 1 0 0 1 0 0 1 0 0 1 0 0 1 0 0 1 0 0 1 0 0 0 1 0 0 1 0 0 0 0 0
0 0 0 0 0 0 0 0 0 0 0 1 0 0 0 0 0 1 0 0 0 0 0 0 0 0 0 0 0 0 0 0 0 0 0
0 0 0 0 1 0 0 0 0 1 0 0 0 0 1 0 0 0 0 1 0 0 0 0 1 0 0 0 0 1 0 0 0 0 0
0 0 0 0 1 0 0 0 0 0 0 0 0 0 0 0 0 0 0 0 0 0 0 0 0 1 0 0 0 0 0 0 0 0 0
0 0 0 0 0 0 0 0 0 0 0 0 0 0 0 0 0 0 1 0 0 0 0 0 0 0 0 0 0 0 0 0 0 0 0
0 0 0 0 0 0 0 0 0 0 0 0 0 0 0 0 1 0 0 0 0 1 0 0 0 0 0 0 0 0 0 0 0 0 0
0 0 0 0 0 1 0 0 0 0 0 0 0 0 0 0 0 1 0 0 0 0 0 0 0 0 0 0 0 1 0 0 0 0 0
0 0 0 0 1 0 0 0 0 0 0 0 0 0 0 0 0 0 0 0 0 0 0 0 0 0 1 0 0 0 0 0 0 0 0
0 0 0 0 0 0 0 0 0 0 0 0 0 0 0 0 0 0 0 1 0 0 0 0 0 0 0 0 0 1 0 0 0 0 0
0 0 0 0 0 0 0 0 0 0 0 0 0 1 0 0 0 0 0 0 0 0 0 0 0 1 0 0 0 0 0 0 0 0 0
0 0 0 0 0 0 0 0 0 0 0 0 0 0 0 0 0 0 0 0 0 0 0 0 0 0 0 0 0 0 0 0 0 0 0
0 0 0 0 0 0 0 0 0 0 0 0 1 0 0 0 0 0 0 0 0 0 0 0 0 0 0 0 0 0 0 0 0 0 0
0 0 0 0 0 0 0 0 0 0 0 0 0 0 0 1 0 0 0 0 0 0 0 0 0 0 0 0 0 1 0 0 0 0 0
0 0 0 0 0 0 0 0 1 0 0 0 0 0 0 0 0 0 0 0 0 0 0 0 0 0 0 1 0 0 0 0 0 0 0
0 0 0 0 1 0 0 1 0 0 0 1 0 1 0 0 1 0 1 0 1 0 1 0 1 0 1 0 0 1 0 0 0 0 0
0 0 0 0 0 0 0 0 0 0 0 0 0 0 0 0 0 1 0 0 0 0 0 0 0 0 0 0 0 0 0 0 0 0 0
0 0 0 0 1 0 0 0 1 0 0 0 1 0 0 0 0 0 0 1 0 0 0 1 0 0 0 1 0 0 0 0 0 0 0
0 0 0 0 0 0 0 0 0 0 0 0 0 0 0 0 0 0 0 0 0 0 0 0 0 0 0 0 0 0 0 0 0 0 0
0 0 0 0 0 0 1 0 0 0 0 0 0 0 0 0 0 0 0 0 0 0 0 0 0 0 0 1 0 0 0 0 0 0 0
0 0 0 0 1 0 0 0 0 0 0 0 0 0 0 0 0 0 0 1 0 0 0 0 0 0 0 0 0 0 0 0 0 0 0
0 0 0 0 0 0 0 0 1 0 0 0 0 0 0 0 0 0 0 0 0 1 0 0 0 0 0 0 0 0 0 0 0 0 0
0 0 0 0 1 0 0 0 0 0 0 0 1 0 0 0 0 0 0 0 0 1 0 0 0 0 0 0 0 1 0 0 0 0 0
0 0 0 0 1 0 0 0 1 0 0 0 0 0 0 0 0 1 0 0 0 0 1 0 0 0 0 1 0 0 0 0 0 0 0
0 0 0 0 0 0 0 0 0 0 0 0 0 0 0 0 0 0 0 0 1 0 0 0 0 0 0 0 0 0 0 0 0 0 0
0 0 0 0 0 0 0 0 0 0 0 0 0 0 0 0 0 0 0 0 0 0 0 0 0 0 0 0 0 0 0 0 0 0 0
0 0 0 0 1 1 1 1 1 1 1 1 1 1 1 1 1 1 1 1 1 1 1 1 1 1 1 1 1 1 0 0 0 0 0
0 0 0 0 1 1 1 1 1 1 1 1 1 1 1 1 1 1 1 1 1 1 1 1 1 1 1 1 1 1 0 0 0 0 0
0 0 0 0 1 1 1 1 1 1 1 1 1 1 1 1 1 1 1 1 1 1 1 1 1 1 1 1 1 1 0 0 0 0 0
0 0 0 0 1 1 1 1 1 1 1 0 0 0 0 1 0 1 1 1 1 0 0 1 1 0 0 0 0 0 0 0 0 0 0
0 0 0 0 1 1 1 1 1 1 1 1 1 1 1 1 1 1 1 1 1 1 1 1 1 1 1 1 1 1 0 0 0 0 0
0 0 0 0 1 0 1 1 0 1 0 1 0 1 1 0 0 0 1 0 1 1 1 0 1 1 1 1 0 0 0 0 0 0 0
0 0 0 0 0 0 0 0 0 0 0 0 0 0 0 0 0 0 0 0 0 0 0 0 0 0 0 0 0 0 0 0 0 0 0
0 0 0 0 0 0 0 0 0 0 0 0 0 0 0 0 0 0 0 0 0 0 0 0 0 0 0 0 0 0 0 0 0 0 0

y
0.0 9.0 0.0 0.0 0.0 1.0 0.0 0.0 0.0 3.2142857142857144 0.0 0.0 5.0 7.0 0.0 0.0 1.5 0.0 0.0 0.0 0.0 0.0 0.0 8.75 0.5 0.0 0.0 0.0 0.0 0.0 0.0 0.0 0.5098039215686274 0.0 0.0 0.0 0.0

k
0 4 1 0 0 4 0 0 0 13 0 0 4 4 4 0 1 0 2 0 0 3 0 3 1 0 0 0 11 0 0 0 38 0 11 26 3

f
1.75 12.25 0.0 0.0 0.0 0.0 0.0 0.0 0.0 0.0 0.0 0.0 0.0 0.0 0.0 0.0 0.0 0.0 0.0 15.75 8.75 5.25 5.25 0.0 0.0 0.0 0.0 0.0 0.0 0.0 0.0 0.0 0.0 0.0 0.0
0.0 0.0 0.0 0.0 0.0 0.0 0.0 0.0 0.0 0.0 0.0 0.0 0.0 0.0 0.0 0.0 0.0 0.0 0.0 0.0 0.0 0.0 0.0 0.0 0.0 0.0 0.0 0.0 0.0 0.0 0.0 0.0 0.0 0.0 0.0
0.0 0.0 0.0 0.0 0.0 0.0 0.0 0.0 0.0 0.0 0.0 0.0 0.0 0.0 0.0 0.0 0.0 0.0 0.0 0.0 0.0 0.0 0.0 0.0 0.0 0.0 0.0 0.0 0.0 0.0 0.0 0.0 0.0 0.0 0.0
0.0 7.25 0.0 3.75 0.0 14.75 0.0 1.25 0.0 0.75 0.0 0.75 0.0 5.25 0.0 0.0 1.25 0.75 2.75 0.0 0.0 0.25 5.25 0.0 0.0 4.75 0.0 0.0 0.0 0.0 0.0 0.0 0.0 0.0 0.0

L
1 14 2 4 3 6 5 21 0 5 12 22 10 12 0 0 14 19 2 0 4 0 21 15 13 8 4 0 0 1 1 1 1 1 1 0 0

g
0 0 0 0 0 0 0 0 0 0 0 0 0 0 0 0 0 0 0 0 0 0 0 0 0 0 0 0 0 0 0 0 0 0 0
0 0 0 0 0 0 0 0 0 0 0 0 0 0 0 0 0 0 0 0 0 0 0 0 0 0 0 0 0 0 0 0 0 0 0
0 0 0 0 0 0 0 0 0 0 0 0 0 0 0 0 0 0 0 0 0 0 0 0 0 0 0 0 0 0 0 0 0 0 0
0 0 0 0 0 0 0 0 0 0 0 0 0 0 0 0 0 0 0 0 0 0 0 0 0 0 0 0 0 0 0 0 0 0 0
0 0 0 0 0 0 0 0 0 0 0 0 0 0 0 0 0 0 0 0 0 0 0 0 0 0 0 0 0 0 0 0 0 0 0
0 0 0 0 0 0 0 0 0 0 0 0 0 0 0 0 0 0 0 0 0 0 0 0 0 0 0 0 0 0 0 0 0 0 0
0 0 0 0 0 0 0 0 0 0 0 0 0 0 0 0 0 0 0 0 0 0 0 0 0 0 0 0 0 0 0 0 0 0 0
0 0 0 0 0 0 0 0 0 0 0 0 0 0 0 0 0 0 0 0 0 0 0 0 0 0 0 0 0 0 0 0 0 0 0
0 0 0 0 0 0 0 0 0 0 0 0 0 0 0 0 0 0 0 0 0 0 0 0 0 0 0 0 0 0 0 0 0 0 0
0 0 0 0 0 0 0 0 0 0 0 0 0 0 0 0 0 0 0 0 0 0 0 0 0 0 0 0 0 0 0 0 0 0 0
0 0 0 0 0 0 0 0 0 0 0 0 0 0 0 0 0 0 0 0 0 0 0 0 0 0 0 0 0 0 0 0 0 0 0
0 0 0 0 0 0 0 0 0 0 0 0 0 0 0 0 0 0 0 0 0 0 0 0 0 0 0 0 0 0 0 0 0 0 0
0 0 0 0 0 0 0 0 0 0 0 0 0 0 0 0 0 0 0 0 0 0 0 0 0 0 0 0 0 0 0 0 0 0 0
0 0 0 0 0 0 0 0 0 0 0 0 0 0 0 0 0 0 0 0 0 0 0 0 0 0 0 0 0 0 0 0 0 0 0
0 0 0 0 0 0 0 0 0 0 0 0 0 0 0 0 0 0 0 0 0 0 0 0 0 0 0 0 0 0 0 0 0 0 0
0 0 0 0 0 0 0 0 0 0 0 0 0 0 0 0 0 0 0 0 0 0 0 0 0 0 0 0 0 0 0 0 0 0 0
0 0 0 0 0 0 0 0 0 0 0 0 0 0 0 0 0 0 0 0 0 0 0 0 0 0 0 0 0 0 0 0 0 0 0
0 0 0 0 0 0 0 0 0 0 0 0 0 0 0 0 0 0 0 0 0 0 0 0 0 0 0 0 0 0 0 0 0 0 0
0 0 0 0 0 0 0 0 0 0 0 0 0 0 0 0 0 0 0 0 0 0 0 0 0 0 0 0 0 0 0 0 0 0 0
0 0 0 0 0 0 0 0 0 0 0 0 0 0 0 0 0 0 0 0 0 0 0 0 0 0 0 0 0 0 0 0 0 0 0
0 0 0 0 0 0 0 0 0 0 0 0 0 0 0 0 0 0 0 0 0 0 0 0 0 0 0 0 0 0 0 0 0 0 0
0 0 0 0 0 0 0 0 0 0 0 0 0 0 0 0 0 0 0 0 0 0 0 0 0 0 0 0 0 0 0 0 0 0 0
0 0 0 0 0 0 0 0 0 0 0 0 0 0 0 0 0 0 0 0 0 0 0 0 0 0 0 0 0 0 0 0 0 0 0
0 0 0 0 0 0 0 0 0 0 0 0 0 0 0 0 0 0 0 0 0 0 0 0 0 0 0 0 0 0 0 0 0 0 0
0 0 0 0 0 0 0 0 0 0 0 0 0 0 0 0 0 0 0 0 0 0 0 0 0 0 0 0 0 0 0 0 0 0 0
0 0 0 0 0 0 0 0 0 0 0 0 0 0 0 0 0 0 0 0 0 0 0 0 0 0 0 0 0 0 0 0 0 0 0
0 0 0 0 0 0 0 0 0 0 0 0 0 0 0 0 0 0 0 0 0 0 0 0 0 0 0 0 0 0 0 0 0 0 0
0 0 0 0 0 0 0 0 0 0 0 0 0 0 0 0 0 0 0 0 0 0 0 0 0 0 0 0 0 0 0 0 0 0 0
0 0 0 0 0 0 0 0 0 0 0 0 0 0 0 0 0 0 0 0 0 0 0 0 0 0 0 0 0 0 0 0 0 0 0
0 0 0 0 0 0 0 0 0 0 0 0 0 0 0 0 0 0 0 0 0 0 0 0 0 0 0 0 0 0 0 0 0 0 0
0 0 0 0 0 0 0 0 0 0 0 0 0 0 0 0 0 0 0 0 0 0 0 0 0 0 0 0 0 0 0 0 0 0 0
0 0 0 0 0 0 0 0 0 0 0 0 0 0 0 0 0 0 0 0 0 0 0 0 0 0 0 0 0 0 0 0 0 0 0
0 0 0 0 0 0 0 0 0 0 0 0 0 0 0 0 0 0 0 0 0 0 0 0 0 0 0 0 0 0 0 0 0 0 0
0 0 0 0 0 0 0 0 0 0 0 0 0 0 0 0 0 0 0 0 0 0 0 0 0 0 0 0 0 0 0 0 0 0 0
0 0 0 0 0 0 0 0 0 0 0 0 0 0 0 0 0 0 0 0 0 0 0 0 0 0 0 0 0 0 0 0 0 0 0
0 0 0 0 0 0 0 0 0 0 0 0 0 0 0 0 0 0 0 0 0 0 0 0 0 0 0 0 0 0 0 0 0 0 0
0 0 0 0 0 0 0 0 0 0 0 0 0 0 0 0 0 0 0 0 0 0 0 0 0 0 0 0 0 0 0 0 0 0 0

I cap
1058.909090909091 1058.909090909091 1021.909090909091 1021.909090909091 768.3800000000001 832.44 758.06 1180.56 661.8800000000001 581.52 570.56 526.5400000000001 471.12000000000006 415.2800000000001 523.9199999999998 684.729090909091 592.7090909090911 459.36909090909114 671.989090909091 580.489090909091 555.4690909090909 489.04909090909103 536.0490909090911 429.50909090909096 358.94909090909096 694.0090909090911 744.309090909091 680.7890909090911 568.2890909090911 555.1090909090909 698.7690909090909 751.9490909090911 976.349090909091 1058.909090909091 672.0
107.96969696969697 107.96969696969697 70.96969696969697 70.96969696969697 13.619999999999996 24.56 12.940000000000001 51.44 107.12 109.48 91.44 91.46000000000001 83.88000000000001 61.72000000000001 86.07999999999998 89.74969696969697 56.769696969696966 14.309696969696974 29.88969696969697 18.38969696969697 36.40969696969697 28.829696969696965 60.82969696969697 47.369696969696975 25.929696969696963 41.869696969696975 15.56969696969697 35.08969696969697 21.58969696969697 36.76969696969696 40.10969696969697 48.92969696969697 104.52969696969697 107.96969696969697 84.0
38.96666666666666 38.96666666666666 38.96666666666666 38.96666666666666 22.43333333333333 20.333333333333336 19.633333333333333 18.825 5.558333333333339 4.858333333333336 3.4583333333333304 22.400000000000002 2.833333333333334 7.7333333333333325 9.833333333333336 7.033333333333328 7.033333333333328 15.833333333333329 24.96666666666666 17.299999999999997 10.299999999999997 17.299999999999997 24.96666666666666 17.299999999999997 10.299999999999997 17.299999999999997 12.29166666666666 4.624999999999995 4.624999999999995 4.624999999999995 31.96666666666666 31.96666666666666 38.96666666666666 38.96666666666666 23.8
45.24545454545453 45.24545454545453 43.77545454545453 37.82545454545453 18.430000000000007 26.49999999999999 23.289999999999992 32.129999999999995 26.79999999999999 25.389999999999997 21.419999999999987 14.759999999999994 17.060000000000002 13.229999999999995 13.350000000000005 28.315454545454518 25.905454545454525 19.00545454545452 21.475454545454525 20.63545454545453 22.685454545454526 26.02545454545453 26.80545454545452 24.155454545454525 20.465454545454524 26.295454545454515 28.755454545454523 28.21545454545452 24.15545454545453 35.685454545454526 43.905454545454525 44.24545454545453 44.615454545454526 45.24545454545453 42.0
20.999999999999993 20.999999999999993 20.369999999999994 20.019999999999992 9.32 15.779999999999996 8.210000000000004 12.55 10.179999999999996 7.499999999999997 8.059999999999999 7.179999999999998 8.98 8.870000000000001 6.110000000000002 8.059999999999995 7.419999999999991 5.329999999999994 6.609999999999992 5.019999999999994 4.659999999999995 7.419999999999994 9.799999999999994 7.499999999999994 4.419999999999993 7.319999999999993 9.519999999999992 9.769999999999992 7.429999999999992 11.369999999999994 14.719999999999992 17.789999999999992 20.789999999999992 20.999999999999993 21.0
345.75757575757575 345.75757575757575 345.75757575757575 312.8163992869875 188.03941176470587 189.01 209.08 215.67999999999998 216.38000000000005 201.4 175.95000000000002 158.04999999999998 188.78 191.79 200.95000000000002 221.8975757575757 158.87757575757573 166.88757575757575 231.5275757575758 217.06757575757578 232.41757575757578 215.37757575757573 210.15757575757576 223.82757575757574 216.7175757575757 246.18757575757576 256.44757575757575 247.2775757575758 230.17757575757577 233.578752228164 234.50816399286984 289.76757575757574 341.76757575757574 345.75757575757575 245.0
779.7575757575758 779.7575757575758 762.7475757575758 683.9975757575758 452.59 560.84 614.67 671.73 713.7800000000001 638.0400000000001 617.4399999999999 647.8299999999999 723.0200000000001 680.36 648.95 610.2375757575758 575.5575757575757 433.04757575757577 461.00757575757586 431.0475757575757 529.2075757575756 688.7075757575757 636.1175757575758 485.81757575757575 511.27757575757585 658.7575757575758 701.2275757575758 697.5875757575758 637.1075757575758 688.5875757575758 686.8975757575757 716.7175757575758 764.8475757575758 779.7575757575758 630.0
80.73333333333335 80.73333333333335 79.89333333333335 79.19333333333334 59.48666666666666 78.27000000000001 69.96 79.59999999999998 78.53999999999999 81.42999999999999 70.44 74.53999999999998 85.62000000000002 82.78999999999999 76.31 68.64333333333333 68.07333333333335 62.17333333333334 63.743333333333354 64.47333333333334 64.49333333333335 68.70333333333335 70.41333333333334 68.01333333333334 65.70333333333335 67.77333333333334 67.05333333333334 68.07333333333335 66.35333333333335 72.19333333333334 76.62666666666668 80.10333333333335 80.10333333333335 80.73333333333335 48.300000000000004
10.775757575757575 10.775757575757575 9.725757575757575 9.725757575757575 1.4500000000000002 1.1500000000000004 0.049999999999998934 2.1500000000000004 3.3400000000000016 0.34999999999999964 1.6900000000000013 1.1900000000000004 0.7000000000000002 1.3500000000000005 2.049999999999999 3.745757575757575 0.1557575757575762 1.9857575757575758 2.7757575757575754 3.175757575757576 7.575757575757575 4.775757575757575 1.115757575757576 1.3757575757575757 1.2157575757575756 2.915757575757575 3.7257575757575747 1.3257575757575752 2.2257575757575765 1.7457575757575752 0.1557575757575762 4.385757575757576 10.775757575757575 10.775757575757575 8.4
2.545454545454545 2.545454545454545 2.545454545454545 2.545454545454545 1.1799999999999997 0.04999999999999993 1.2400000000000002 1.2600000000000002 0.2799999999999999 0.09000000000000019 1.4500000000000002 0.04999999999999993 0.1399999999999999 0.2100000000000002 0.6300000000000002 0.8654545454545451 1.0754545454545452 0.38545454545454516 0.47545454545454513 0.595454545454545 0.325454545454545 0.8054545454545449 0.6554545454545451 0.3254545454545451 0.5654545454545451 0.5654545454545451 0.08545454545454523 0.5654545454545451 0.5654545454545451 0.595454545454545 0.2054545454545451 0.805454545454545 1.915454545454545 2.545454545454545 2.8000000000000003
8.515433299825174 8.515433299825174 8.515433299825174 7.807629307084703 4.786030517241376 5.293118448275859 4.514110258620687 5.400756034482756 8.139537758620687 6.843064224137929 7.042189310344824 7.027962241379308 7.3756939655172395 6.062429999999997 5.538469741379308 5.70178293103448 5.03852068965517 3.948096379310341 4.508061379310343 4.187583879310342 3.9254463322883986 5.811229827586205 6.227603448275859 4.598681724137929 4.03239304597701 4.010773793103446 4.094523965517239 7.183927413793102 7.528032413793103 6.519959682395643 7.939077988505746 8.039890517241378 7.811086206896552 8.024766408045977 10.93606471264368
700.0 700.0 700.0 699.0 685.0 686.0 679.0 689.0 680.0 683.0 685.0 689.0 687.0 683.0 684.0 686.0 681.0 680.0 687.0 683.0 682.0 679.0 680.0 681.0 682.0 687.0 687.0 680.0 687.0 680.0 685.0 688.0 698.0 700.0 695.0

H cap
-1.75 -12.25 22.75 12.25 36.75 1.75 1.75 1.75 29.75 54.25 36.75 5.25 26.25 5.25 1.75 33.25 22.75 54.25 71.75 -15.75 -8.75 -5.25 -5.25 1.75 22.75 15.75 26.25 131.25 131.25 131.25 131.25 131.25 131.25 131.25 131.25
20.5 3.5 10.0 7.0 14.5 9.0 2.5 8.5 18.0 13.0 6.0 5.5 6.0 6.5 7.0 5.0 5.5 12.0 12.5 7.0 4.5 0.0 3.5 15.5 20.0 5.0 19.5 52.5 52.5 52.5 52.5 52.5 52.5 52.5 52.5
42.0 38.5 49.0 45.5 49.0 49.0 45.5 45.5 49.0 45.5 49.0 52.5 42.0 35.0 42.0 42.0 42.0 49.0 45.5 42.0 45.5 49.0 49.0 45.5 49.0 35.0 38.5 63.0 63.0 63.0 63.0 63.0 63.0 63.0 63.0
2.75 -7.25 0.25 -3.75 2.25 -14.75 10.25 -1.25 0.25 -0.75 4.25 -0.75 4.75 -5.25 2.75 0.25 -1.25 -0.75 -2.75 3.75 7.25 -0.25 -5.25 0.75 12.25 -4.75 6.25 78.75 78.75 78.75 78.75 78.75 78.75 78.75 78.75

Gap
0.08961550447845133

Time
1560.0424599647522

