T P M C
61 37 4 12

base obj
16.58846447669977

exp obj
20.40673754350225

Objective struct
16.58846447669977 0.7635175282234105 31.09803921568628

num campaigns
164

x
0 0 0 0 1 0 0 0 0 0 0 0 0 0 1 1 0 0 1 0 1 0 1 0 0 0 0 0 0 1 0 0 0 1 1 0 1 0 0 0 0 0 1 0 0 0 0 0 0 0 0 0 1 1 0 0 0 0 0 0 0
0 0 0 0 0 0 0 1 0 0 0 0 0 0 0 0 0 0 0 0 0 0 0 0 0 0 0 0 0 0 0 0 0 0 0 0 0 0 0 0 0 0 0 0 0 0 0 0 0 0 0 0 0 0 0 0 0 0 0 0 0
0 0 0 0 0 0 0 0 0 0 0 0 0 0 0 0 0 0 0 0 0 0 0 0 0 0 0 0 0 0 0 0 0 0 0 0 0 0 0 0 0 0 0 0 0 0 0 0 1 0 0 0 0 0 0 0 0 0 0 0 0
0 0 0 0 1 0 0 1 0 0 0 0 0 0 1 0 1 0 1 0 0 0 0 0 0 1 1 0 1 0 0 0 0 0 0 0 0 0 0 0 0 0 0 0 0 0 1 0 0 1 1 0 0 0 0 0 0 0 0 0 0
0 0 0 0 0 0 0 0 0 0 0 0 0 0 0 0 0 0 0 0 0 0 0 0 1 0 0 1 0 0 0 0 0 0 0 0 0 0 0 0 0 0 0 0 0 0 0 0 0 0 1 0 0 0 0 0 0 0 0 0 0
0 0 0 0 0 0 0 0 0 0 0 0 0 0 0 0 0 0 0 0 0 0 0 0 0 0 0 0 0 0 0 0 0 0 0 0 0 0 0 0 0 0 0 0 0 0 0 0 0 0 0 0 0 0 0 0 0 0 0 0 0
0 0 0 0 1 0 1 0 0 0 0 0 0 0 0 0 0 0 1 0 1 0 0 0 1 1 0 1 0 0 0 0 0 0 0 0 0 0 1 0 0 0 0 0 1 0 0 0 0 1 1 0 0 0 0 1 0 0 0 0 0
0 0 0 0 0 0 0 0 0 0 0 0 0 0 0 0 0 0 0 0 0 0 0 0 0 0 0 0 0 0 0 0 0 0 1 0 0 0 1 0 0 0 0 0 0 1 0 0 0 0 0 1 0 0 0 0 0 0 0 0 0
0 0 0 0 0 0 0 0 0 0 1 0 0 0 0 0 0 0 0 0 0 0 0 0 0 0 0 0 0 0 0 0 0 0 0 0 0 0 0 0 0 0 0 0 0 0 0 0 0 0 0 1 0 0 0 0 0 0 0 0 0
0 0 0 0 0 0 0 0 0 0 0 0 0 0 0 0 0 0 0 0 0 0 0 0 0 0 0 0 0 0 0 0 0 0 0 0 0 0 0 0 0 0 0 0 0 0 0 0 0 0 0 0 0 0 0 0 0 0 0 0 0
0 0 0 0 0 0 0 0 1 0 0 0 0 0 0 0 0 0 0 1 1 0 0 0 0 0 0 0 0 1 0 0 0 0 0 0 0 0 0 0 0 0 0 0 0 0 0 0 0 0 0 0 1 0 0 0 0 0 0 0 0
0 0 0 0 0 0 0 0 0 0 0 0 0 0 0 0 0 0 0 0 0 0 0 0 0 0 1 0 1 0 0 0 0 0 0 0 0 0 0 0 0 0 0 0 0 0 0 1 0 0 0 0 0 0 0 1 0 0 0 0 0
0 0 0 0 0 0 0 0 0 0 0 0 0 0 0 0 0 0 0 0 0 0 0 0 0 0 0 0 0 0 0 0 0 0 0 0 0 0 0 0 0 0 0 0 0 0 0 0 0 0 0 0 0 0 0 0 0 0 0 0 0
0 0 0 0 0 0 0 0 0 0 0 0 0 0 0 0 0 0 0 0 0 0 0 0 0 1 1 0 0 0 0 0 0 0 0 0 0 0 1 0 0 0 0 0 0 0 0 0 0 0 0 0 0 0 0 1 0 0 0 0 0
0 0 0 0 0 0 0 0 0 0 0 0 0 0 0 0 0 0 0 1 0 0 0 0 0 0 0 0 0 0 0 0 0 0 0 0 0 1 0 0 0 0 0 0 1 0 1 0 0 0 0 0 0 0 0 0 0 0 0 0 0
0 0 0 0 0 0 0 0 1 0 0 0 0 0 0 0 0 0 0 0 0 0 0 0 0 0 0 0 0 0 0 0 0 0 0 0 0 0 0 0 0 0 0 0 0 0 0 0 0 0 0 0 0 0 0 0 0 0 0 0 0
0 0 0 0 0 0 0 0 0 0 0 0 0 1 0 1 0 0 0 0 0 0 1 0 0 1 0 0 0 0 0 0 0 0 0 0 0 0 0 0 0 0 0 0 0 0 0 0 0 0 1 0 1 0 0 0 0 0 0 0 0
0 0 0 0 0 1 0 0 0 0 0 0 0 0 0 0 0 0 0 0 0 0 0 0 0 0 0 0 0 0 0 0 0 0 0 0 0 0 0 0 0 0 0 0 0 0 0 0 0 1 0 0 0 0 1 0 0 0 0 0 0
0 0 0 0 0 0 0 0 0 0 0 0 0 0 0 0 0 0 0 0 0 0 0 0 0 0 0 0 0 0 0 0 0 0 0 0 0 0 0 0 0 0 0 0 0 0 0 0 0 0 0 0 0 0 0 0 0 0 0 0 0
0 0 0 0 0 0 0 0 0 0 1 0 0 0 0 0 0 0 0 0 0 0 0 0 0 0 0 0 0 0 0 0 0 0 0 0 0 0 0 0 0 0 0 0 0 0 0 0 1 0 0 0 0 0 0 0 0 0 0 0 0
0 0 0 0 0 0 0 0 0 0 0 0 0 0 1 0 0 2 0 0 0 0 0 0 2 0 0 0 0 0 0 0 0 0 0 1 0 0 1 0 0 0 0 0 0 0 0 0 1 1 0 0 0 1 0 0 0 0 0 0 0
0 0 0 0 0 0 0 0 0 1 0 0 1 0 0 0 0 0 0 0 0 0 0 0 0 0 0 0 0 0 1 0 0 0 0 0 0 0 0 0 1 0 0 0 0 0 0 0 0 0 0 0 0 0 0 0 0 0 0 0 0
0 0 0 0 0 0 0 0 0 0 0 0 0 0 0 0 1 0 0 0 0 0 0 0 0 0 0 0 0 0 0 0 0 1 0 0 1 0 0 0 0 0 1 0 0 0 0 0 0 0 0 0 0 0 0 0 0 0 0 0 0
0 0 0 0 0 0 1 0 0 0 0 0 0 0 0 0 0 0 0 0 0 0 0 0 1 0 0 1 1 0 0 0 1 0 0 1 0 0 0 0 0 0 0 1 1 0 0 0 0 0 1 0 0 0 1 0 0 0 0 0 0
0 0 0 0 1 0 0 1 0 0 0 0 0 0 0 0 0 1 0 0 0 1 0 1 0 0 0 0 0 0 0 0 0 0 0 0 0 0 0 0 0 0 0 0 0 0 0 0 1 0 0 0 0 0 0 0 0 0 0 0 0
0 0 0 0 0 0 0 0 0 0 0 0 0 0 0 1 0 0 0 0 0 0 1 0 1 0 0 0 0 0 0 0 1 0 0 0 0 0 1 0 0 0 1 0 0 0 0 0 0 0 0 0 1 0 1 0 0 0 0 0 0
0 0 0 0 1 0 0 0 0 0 0 0 0 0 0 0 0 0 1 0 0 0 0 0 0 0 0 1 1 0 0 0 0 0 0 0 0 0 1 0 0 0 0 0 0 0 0 0 1 0 0 0 0 0 0 2 0 0 0 0 0
0 0 0 0 0 0 1 0 0 0 0 0 0 0 0 0 0 0 0 0 0 0 0 0 0 0 1 0 0 0 0 0 0 0 0 0 0 0 0 0 0 0 0 0 0 0 0 0 0 0 0 0 0 0 0 0 0 0 0 0 0
0 0 0 0 0 0 0 0 0 0 0 0 0 0 0 0 0 0 0 0 0 0 0 0 0 0 0 0 0 0 0 0 0 0 0 0 0 0 0 0 0 0 0 0 0 0 0 0 0 0 0 0 0 0 0 0 0 0 0 0 0
0 0 0 0 1 0 1 0 0 0 0 0 0 0 4 0 0 0 0 0 6 0 0 0 0 0 0 0 0 0 0 0 0 0 0 1 0 0 0 0 0 0 0 0 0 0 0 1 0 0 6 0 0 6 1 0 0 0 0 0 0
0 0 0 0 0 0 0 0 0 0 0 0 0 0 0 0 0 0 0 0 5 0 0 0 0 0 0 0 0 0 0 0 0 0 0 0 0 0 0 0 0 0 0 0 0 0 0 0 0 0 3 0 0 0 0 0 0 0 0 0 0
0 0 0 0 0 0 0 0 0 0 0 0 0 0 0 0 0 0 0 0 0 0 0 0 0 0 0 0 0 0 0 0 0 0 0 0 0 0 0 0 0 0 0 0 0 0 0 0 0 0 0 0 0 0 0 0 0 0 0 0 0
0 0 0 0 0 0 0 0 0 0 0 0 0 0 0 0 0 0 0 0 0 0 0 0 0 0 0 0 0 0 0 0 0 0 0 0 0 0 0 0 0 0 0 0 0 0 0 0 0 0 0 0 0 0 0 0 0 0 0 0 0
0 0 0 0 0 0 0 0 0 0 0 0 0 0 0 0 0 0 0 0 0 0 0 0 0 0 0 0 0 0 0 0 0 0 0 0 0 0 0 0 0 0 0 0 0 0 0 0 0 0 0 0 0 0 0 0 0 0 0 0 0
0 0 0 0 0 0 0 0 0 0 0 0 0 0 0 0 0 0 0 0 0 0 0 0 0 0 0 0 0 0 0 0 0 0 0 0 0 0 0 0 0 0 0 0 0 0 0 0 0 0 0 0 0 0 0 0 0 0 0 0 0
0 0 0 0 0 0 0 0 0 0 0 0 0 0 0 0 0 0 0 0 0 0 0 0 0 0 0 0 0 0 0 0 0 0 0 0 0 0 0 0 0 0 0 0 0 0 0 0 0 0 0 0 0 0 0 0 0 0 0 0 0
0 0 0 0 0 0 0 0 0 0 0 0 0 0 0 0 0 0 0 0 0 0 0 0 0 0 0 0 0 0 0 0 0 0 0 0 0 0 0 0 0 0 0 0 0 0 1 0 0 0 0 0 0 0 0 0 0 0 0 0 0

y
0.0 0.0 0.0 0.0 0.0 0.0 0.0 0.0 0.0 0.0 0.0 0.0 0.0 0.0 0.0 0.0 0.0 0.0 0.0 0.0 0.0 0.0 0.0 0.0 0.0 0.0 0.0 0.0 0.0 0.0 0.0 0.0 0.0 0.0 0.0 0.0 0.0

k
0 11 12 0 14 12 0 0 0 29 0 0 12 7 3 0 0 0 25 0 2 2 0 0 0 0 2 0 21 25 44 52 104 52 52 52 5

f
0.0 0.0 0.0 0.0 0.0 0.0 0.0 0.0 0.0 0.0 0.0 0.0 0.0 0.0 0.0 15.049999999999994 0.0 0.0 0.0 0.0 0.0 0.0 0.0 0.0 0.0 0.0 0.0 0.0 0.0 0.0 51.625 0.0 0.0 1.75 5.074999999999999 0.0 0.0 0.0 0.0 0.0 0.0 0.0 0.0 0.0 0.0 0.0 0.0 1.7500000000000036 21.7 0.0 0.0 0.0 0.0 0.0 0.0 0.0 0.0 0.0 0.0 0.0 0.0
0.0 0.0 0.0 0.0 0.0 0.0 0.0 0.0 0.0 0.0 0.0 0.0 0.0 0.0 0.0 0.0 0.0 0.0 0.0 0.0 0.0 0.0 0.0 0.0 0.0 0.0 0.0 0.0 0.0 0.0 0.0 0.0 0.0 0.0 0.0 0.0 0.0 0.0 0.0 0.0 0.0 0.0 0.0 0.0 0.0 0.0 0.0 0.0 0.0 0.0 0.0 0.0 0.0 0.0 0.0 0.0 0.0 0.0 0.0 0.0 0.0
0.0 0.0 0.0 0.0 0.0 0.0 0.0 0.0 0.0 0.0 0.0 0.0 0.0 0.0 0.0 0.0 0.0 0.0 0.0 0.0 0.0 0.0 0.0 0.0 0.0 0.0 0.0 0.0 0.0 0.0 0.0 0.0 0.0 0.0 0.0 0.0 0.0 0.0 0.0 0.0 0.0 0.0 0.0 0.0 0.0 0.0 0.0 0.0 0.0 0.0 0.0 0.0 0.0 0.0 0.0 0.0 0.0 0.0 0.0 0.0 0.0
0.0 0.0 0.0 0.0 0.0 24.799999999999997 13.875 0.0 1.0499999999999972 18.625 0.0 0.0 0.0 0.0 0.0 0.0 0.0 0.0 1.5249999999999995 1.5249999999999995 0.0 0.0 0.0 0.0 0.0 0.0 24.799999999999997 1.0499999999999972 0.0 0.0 5.324999999999996 0.0 0.0 5.324999999999996 0.0 0.0 1.0499999999999972 1.0499999999999972 0.0 0.0 0.0 0.0 0.0 0.0 0.0 0.0 0.0 0.0 0.0 0.0 0.0 0.0 0.0 0.0 0.0 0.0 0.0 0.0 0.0 0.0 0.0

L
1 0 0 1 3 0 1 4 41 0 1 2 0 1 2 0 2 5 0 38 0 3 3 1 2 2 0 20 0 0 0 0 0 0 0 0 0

g
0 0 0 0 0 0 0 0 0 0 0 0 0 0 0 0 0 0 0 0 0 0 0 0 0 0 0 0 0 0 0 0 0 0 0 0 0 0 0 0 0 0 0 0 0 0 0 0 0 0 0 0 0 0 0 0 0 0 0 0 0
0 0 0 0 0 0 0 0 0 0 0 0 0 0 0 0 0 0 0 0 0 0 0 0 0 0 0 0 0 0 0 0 0 0 0 0 0 0 0 0 0 0 0 0 0 0 0 0 0 0 0 0 0 0 0 0 0 0 0 0 0
0 0 0 0 0 0 0 0 0 0 0 0 0 0 0 0 0 0 0 0 0 0 0 0 0 0 0 0 0 0 0 0 0 0 0 0 0 0 0 0 0 0 0 0 0 0 0 0 0 0 0 0 0 0 0 0 0 0 0 0 0
0 0 0 0 0 0 0 0 0 0 0 0 0 0 0 0 0 0 0 0 0 0 0 0 0 0 0 0 0 0 0 0 0 0 0 0 0 0 0 0 0 0 0 0 0 0 0 0 0 0 0 0 0 0 0 0 0 0 0 0 0
0 0 0 0 0 0 0 0 0 0 0 0 0 0 0 0 0 0 0 0 0 0 0 0 0 0 0 0 0 0 0 0 0 0 0 0 0 0 0 0 0 0 0 0 0 0 0 0 0 0 0 0 0 0 0 0 0 0 0 0 0
0 0 0 0 0 0 0 0 0 0 0 0 0 0 0 0 0 0 0 0 0 0 0 0 0 0 0 0 0 0 0 0 0 0 0 0 0 0 0 0 0 0 0 0 0 0 0 0 0 0 0 0 0 0 0 0 0 0 0 0 0
0 0 0 0 0 0 0 0 0 0 0 0 0 0 0 0 0 0 0 0 0 0 0 0 0 0 0 0 0 0 0 0 0 0 0 0 0 0 0 0 0 0 0 0 0 0 0 0 0 0 0 0 0 0 0 0 0 0 0 0 0
0 0 0 0 0 0 0 0 0 0 0 0 0 0 0 0 0 0 0 0 0 0 0 0 0 0 0 0 0 0 0 0 0 0 0 0 0 0 0 0 0 0 0 0 0 0 0 0 0 0 0 0 0 0 0 0 0 0 0 0 0
0 0 0 0 0 0 0 0 0 0 0 0 0 0 0 0 0 0 0 0 0 0 0 0 0 0 0 0 0 0 0 0 0 0 0 0 0 0 0 0 0 0 0 0 0 0 0 0 0 0 0 0 0 0 0 0 0 0 0 0 0
0 0 0 0 0 0 0 0 0 0 0 0 0 0 0 0 0 0 0 0 0 0 0 0 0 0 0 0 0 0 0 0 0 0 0 0 0 0 0 0 0 0 0 0 0 0 0 0 0 0 0 0 0 0 0 0 0 0 0 0 0
0 0 0 0 0 0 0 0 0 0 0 0 0 0 0 0 0 0 0 0 0 0 0 0 0 0 0 0 0 0 0 0 0 0 0 0 0 0 0 0 0 0 0 0 0 0 0 0 0 0 0 0 0 0 0 0 0 0 0 0 0
0 0 0 0 0 0 0 0 0 0 0 0 0 0 0 0 0 0 0 0 0 0 0 0 0 0 0 0 0 0 0 0 0 0 0 0 0 0 0 0 0 0 0 0 0 0 0 0 0 0 0 0 0 0 0 0 0 0 0 0 0
0 0 0 0 0 0 0 0 0 0 0 0 0 0 0 0 0 0 0 0 0 0 0 0 0 0 0 0 0 0 0 0 0 0 0 0 0 0 0 0 0 0 0 0 0 0 0 0 0 0 0 0 0 0 0 0 0 0 0 0 0
0 0 0 0 0 0 0 0 0 0 0 0 0 0 0 0 0 0 0 0 0 0 0 0 0 0 0 0 0 0 0 0 0 0 0 0 0 0 0 0 0 0 0 0 0 0 0 0 0 0 0 0 0 0 0 0 0 0 0 0 0
0 0 0 0 0 0 0 0 0 0 0 0 0 0 0 0 0 0 0 0 0 0 0 0 0 0 0 0 0 0 0 0 0 0 0 0 0 0 0 0 0 0 0 0 0 0 0 0 0 0 0 0 0 0 0 0 0 0 0 0 0
0 0 0 0 0 0 0 0 0 0 0 0 0 0 0 0 0 0 0 0 0 0 0 0 0 0 0 0 0 0 0 0 0 0 0 0 0 0 0 0 0 0 0 0 0 0 0 0 0 0 0 0 0 0 0 0 0 0 0 0 0
0 0 0 0 0 0 0 0 0 0 0 0 0 0 0 0 0 0 0 0 0 0 0 0 0 0 0 0 0 0 0 0 0 0 0 0 0 0 0 0 0 0 0 0 0 0 0 0 0 0 0 0 0 0 0 0 0 0 0 0 0
0 0 0 0 0 0 0 0 0 0 0 0 0 0 0 0 0 0 0 0 0 0 0 0 0 0 0 0 0 0 0 0 0 0 0 0 0 0 0 0 0 0 0 0 0 0 0 0 0 0 0 0 0 0 0 0 0 0 0 0 0
0 0 0 0 0 0 0 0 0 0 0 0 0 0 0 0 0 0 0 0 0 0 0 0 0 0 0 0 0 0 0 0 0 0 0 0 0 0 0 0 0 0 0 0 0 0 0 0 0 0 0 0 0 0 0 0 0 0 0 0 0
0 0 0 0 0 0 0 0 0 0 0 0 0 0 0 0 0 0 0 0 0 0 0 0 0 0 0 0 0 0 0 0 0 0 0 0 0 0 0 0 0 0 0 0 0 0 0 0 0 0 0 0 0 0 0 0 0 0 0 0 0
0 0 0 0 0 0 0 0 0 0 0 0 0 0 0 0 0 1 0 0 0 0 0 0 1 0 0 0 0 0 0 0 0 0 0 0 0 0 0 0 0 0 0 0 0 0 0 0 0 0 0 0 0 0 0 0 0 0 0 0 0
0 0 0 0 0 0 0 0 0 0 0 0 0 0 0 0 0 0 0 0 0 0 0 0 0 0 0 0 0 0 0 0 0 0 0 0 0 0 0 0 0 0 0 0 0 0 0 0 0 0 0 0 0 0 0 0 0 0 0 0 0
0 0 0 0 0 0 0 0 0 0 0 0 0 0 0 0 0 0 0 0 0 0 0 0 0 0 0 0 0 0 0 0 0 0 0 0 0 0 0 0 0 0 0 0 0 0 0 0 0 0 0 0 0 0 0 0 0 0 0 0 0
0 0 0 0 0 0 0 0 0 0 0 0 0 0 0 0 0 0 0 0 0 0 0 0 0 0 0 0 0 0 0 0 0 0 0 0 0 0 0 0 0 0 0 0 0 0 0 0 0 0 0 0 0 0 0 0 0 0 0 0 0
0 0 0 0 0 0 0 0 0 0 0 0 0 0 0 0 0 0 0 0 0 0 0 0 0 0 0 0 0 0 0 0 0 0 0 0 0 0 0 0 0 0 0 0 0 0 0 0 0 0 0 0 0 0 0 0 0 0 0 0 0
0 0 0 0 0 0 0 0 0 0 0 0 0 0 0 0 0 0 0 0 0 0 0 0 0 0 0 0 0 0 0 0 0 0 0 0 0 0 0 0 0 0 0 0 0 0 0 0 0 0 0 0 0 0 0 0 0 0 0 0 0
0 0 0 0 0 0 0 0 0 0 0 0 0 0 0 0 0 0 0 0 0 0 0 0 0 0 0 0 0 0 0 0 0 0 0 0 0 0 0 0 0 0 0 0 0 0 0 0 0 0 0 0 0 0 0 1 0 0 0 0 0
0 0 0 0 0 0 0 0 0 0 0 0 0 0 0 0 0 0 0 0 0 0 0 0 0 0 0 0 0 0 0 0 0 0 0 0 0 0 0 0 0 0 0 0 0 0 0 0 0 0 0 0 0 0 0 0 0 0 0 0 0
0 0 0 0 0 0 0 0 0 0 0 0 0 0 0 0 0 0 0 0 0 0 0 0 0 0 0 0 0 0 0 0 0 0 0 0 0 0 0 0 0 0 0 0 0 0 0 0 0 0 0 0 0 0 0 0 0 0 0 0 0
0 0 0 0 0 0 0 0 0 0 0 0 0 0 3 0 0 0 0 0 5 0 0 0 0 0 0 0 0 0 0 0 0 0 0 0 0 0 0 0 0 0 0 0 0 0 0 0 0 0 5 0 0 5 0 0 0 0 0 0 0
0 0 0 0 0 0 0 0 0 0 0 0 0 0 0 0 0 0 0 0 4 0 0 0 0 0 0 0 0 0 0 0 0 0 0 0 0 0 0 0 0 0 0 0 0 0 0 0 0 0 2 0 0 0 0 0 0 0 0 0 0
0 0 0 0 0 0 0 0 0 0 0 0 0 0 0 0 0 0 0 0 0 0 0 0 0 0 0 0 0 0 0 0 0 0 0 0 0 0 0 0 0 0 0 0 0 0 0 0 0 0 0 0 0 0 0 0 0 0 0 0 0
0 0 0 0 0 0 0 0 0 0 0 0 0 0 0 0 0 0 0 0 0 0 0 0 0 0 0 0 0 0 0 0 0 0 0 0 0 0 0 0 0 0 0 0 0 0 0 0 0 0 0 0 0 0 0 0 0 0 0 0 0
0 0 0 0 0 0 0 0 0 0 0 0 0 0 0 0 0 0 0 0 0 0 0 0 0 0 0 0 0 0 0 0 0 0 0 0 0 0 0 0 0 0 0 0 0 0 0 0 0 0 0 0 0 0 0 0 0 0 0 0 0
0 0 0 0 0 0 0 0 0 0 0 0 0 0 0 0 0 0 0 0 0 0 0 0 0 0 0 0 0 0 0 0 0 0 0 0 0 0 0 0 0 0 0 0 0 0 0 0 0 0 0 0 0 0 0 0 0 0 0 0 0
0 0 0 0 0 0 0 0 0 0 0 0 0 0 0 0 0 0 0 0 0 0 0 0 0 0 0 0 0 0 0 0 0 0 0 0 0 0 0 0 0 0 0 0 0 0 0 0 0 0 0 0 0 0 0 0 0 0 0 0 0
0 0 0 0 0 0 0 0 0 0 0 0 0 0 0 0 0 0 0 0 0 0 0 0 0 0 0 0 0 0 0 0 0 0 0 0 0 0 0 0 0 0 0 0 0 0 0 0 0 0 0 0 0 0 0 0 0 0 0 0 0

I cap
1058.909090909091 1058.909090909091 976.349090909091 976.349090909091 838.5999999999999 1034.06 991.48 890.8400000000001 851.2 1028.8199999999997 972.4199999999998 1032.6 973.44 913.6800000000001 768.0 685.5290909090909 486.84909090909105 579.5290909090911 338.689090909091 704.129090909091 578.189090909091 676.649090909091 637.629090909091 713.409090909091 540.889090909091 532.889090909091 607.809090909091 663.889090909091 514.249090909091 778.4690909090909 878.9690909090909 886.7890909090911 631.7290909090912 706.409090909091 207.55999999999995 326.73999999999995 373.7400000000001 528.72 440.28000000000003 599.74 550.1600000000001 820.44 643.3599999999999 625.3599999999999 531.5 686.04 576.32 815.22 649.9 545.26 420.68000000000006 687.8800000000001 664.1 783.6199999999999 793.3 803.8200000000002 751.349090909091 947.909090909091 1058.909090909091 1058.909090909091 1058.909090909091
107.96969696969697 107.96969696969697 104.52969696969697 104.52969696969697 98.39999999999999 118.94 116.52 93.16 86.4 92.78 65.38 107.4 98.56 82.32000000000001 93.0 91.34969696969696 72.02969696969697 90.34969696969698 65.18969696969697 67.74969696969697 29.689696969696975 39.229696969696974 63.24969696969697 93.46969696969697 83.98969696969696 72.98969696969696 33.06969696969697 64.98969696969696 4.6296969696969725 46.40969696969697 48.90969696969697 73.08969696969697 53.149696969696976 56.46969696969697 16.44 41.260000000000005 4.260000000000002 9.28 10.719999999999999 40.260000000000005 61.84 59.56 84.64 62.64 55.50000000000001 42.96000000000001 21.180000000000007 6.280000000000001 20.800000000000004 12.740000000000002 23.32 24.120000000000005 5.899999999999999 7.3799999999999955 4.700000000000003 34.18000000000001 69.52969696969697 78.96969696969697 107.96969696969697 107.96969696969697 107.96969696969697
38.96666666666666 38.96666666666666 38.96666666666666 38.96666666666666 31.424999999999994 29.325 28.624999999999996 25.825 14.966666666666672 14.26666666666667 14.666666666666664 29.400000000000002 24.5 36.4 16.833333333333336 24.299999999999997 24.299999999999997 9.633333333333331 9.633333333333331 9.633333333333331 38.96666666666666 38.96666666666666 38.96666666666666 38.96666666666666 9.633333333333331 9.633333333333331 9.633333333333331 38.96666666666666 38.96666666666666 38.96666666666666 38.96666666666666 38.96666666666666 38.96666666666666 38.96666666666666 23.8 4.2333333333333325 3.533333333333333 8.433333333333335 12.633333333333331 16.133333333333333 23.133333333333333 39.900000000000006 46.900000000000006 46.2 43.400000000000006 41.3 20.566666666666666 26.16666666666666 1.3249999999999975 4.191666666666675 6.9916666666666725 21.65833333333334 52.5 21.65833333333334 23.758333333333333 25.15833333333334 26.29166666666666 38.96666666666666 38.96666666666666 38.96666666666666 38.96666666666666
45.24545454545453 45.24545454545453 44.615454545454526 38.66545454545452 24.709999999999997 34.90999999999999 34.27999999999999 42.07 41.66 42.35999999999999 40.739999999999995 35.14 33.39 9.939999999999998 3.930000000000006 43.56545454545452 40.14545454545452 43.35545454545452 38.94545454545452 5.6754545454545235 5.045454545454521 43.14545454545452 43.77545454545452 43.77545454545452 44.615454545454526 41.615454545454526 40.59545454545453 42.21545454545452 35.16545454545452 38.405454545454525 40.80545454545452 43.98545454545452 41.88545454545452 42.30545454545452 31.84999999999999 28.27999999999999 32.75999999999999 33.529999999999994 38.98 51.5 38.2 46.339999999999996 53.06 45.989999999999995 46.199999999999996 45.779999999999994 26.679999999999996 28.029999999999998 30.01999999999999 3.829999999999994 7.349999999999997 49.489999999999995 17.499999999999982 9.519999999999989 40.24999999999999 43.68999999999999 38.615454545454526 39.24545454545453 45.24545454545453 45.24545454545453 45.24545454545453
20.999999999999993 20.999999999999993 20.789999999999992 20.43999999999999 11.670000000000002 23.169999999999995 21.14 20.490000000000002 20.299999999999997 19.999999999999996 23.319999999999997 23.519999999999996 22.650000000000002 23.379999999999995 16.009999999999994 20.43999999999999 17.89999999999999 20.36999999999999 17.89999999999999 18.409999999999982 3.1999999999999815 5.29999999999999 5.509999999999991 20.50999999999999 20.789999999999992 18.389999999999993 17.939999999999994 20.30999999999999 17.249999999999993 20.23999999999999 20.23999999999999 20.57999999999999 19.73999999999999 19.879999999999992 19.069999999999997 22.119999999999994 18.339999999999996 18.609999999999996 19.279999999999998 18.06 13.86 20.22 20.019999999999996 22.889999999999997 20.16 19.279999999999998 14.919999999999998 18.060000000000002 18.069999999999997 11.330000000000002 2.9800000000000004 10.29 7.7999999999999865 15.019999999999994 18.889999999999993 19.219999999999995 20.30999999999999 20.519999999999992 20.999999999999993 20.999999999999993 20.999999999999993
345.75757575757575 345.75757575757575 341.76757575757574 341.76757575757574 236.58 267.68 289.87 246.16 269.11 281.61 278.5 301.0 332.01 302.16999999999996 241.19 270.21757575757573 260.9575757575757 281.5375757575757 302.1575757575757 298.24757575757576 298.25757575757575 319.25757575757575 298.19757575757575 271.5475757575757 302.71757575757573 309.3175757575757 274.25757575757575 292.21757575757573 303.6675757575757 298.43757575757576 319.43757575757576 337.77757575757573 333.7875757575757 336.44757575757575 230.37 267.5 281.5 295.49 301.31 290.81 277.61 388.01 359.48 345.48 343.61 319.61 300.0 325.40000000000003 361.93 370.76 334.18999999999994 312.12 317.78999999999996 344.46000000000004 378.64 356.02 299.76757575757574 303.75757575757575 345.75757575757575 345.75757575757575 345.75757575757575
779.7575757575758 779.7575757575758 764.8475757575758 764.8475757575758 590.02 732.32 810.7900000000001 732.74 875.25 840.7 795.77 852.32 854.65 842.2600000000001 751.53 697.5175757575759 641.3775757575758 693.2975757575759 651.7875757575758 692.0975757575758 682.0875757575759 713.8875757575759 712.8575757575758 702.4875757575758 739.2875757575758 701.7275757575758 664.3475757575757 703.9475757575758 624.7775757575757 676.8375757575758 708.6375757575757 749.9375757575758 718.0175757575759 727.9575757575758 553.46 666.1200000000001 719.1100000000001 765.74 715.1500000000001 627.1100000000001 628.09 739.7 754.95 667.94 637.84 630.8800000000001 554.55 593.9 564.51 519.6799999999998 567.2700000000001 615.95 625.0400000000002 658.31 708.2600000000001 590.6500000000001 681.8075757575758 696.7175757575758 779.7575757575758 779.7575757575758 779.7575757575758
80.73333333333335 80.73333333333335 80.10333333333335 79.40333333333335 65.96 88.76 82.67 87.17 88.19999999999999 90.69999999999999 80.16 88.76 96.85000000000001 94.63999999999999 84.22999999999999 79.05333333333334 76.83333333333336 78.84333333333336 76.83333333333336 75.06333333333333 74.43333333333334 78.63333333333335 79.26333333333335 79.26333333333335 80.10333333333335 78.30333333333336 75.96333333333335 77.94333333333336 73.17333333333336 77.73333333333335 77.73333333333335 79.47333333333336 78.00333333333336 78.42333333333335 44.209999999999994 66.36 74.62 73.23 74.59000000000002 78.33000000000001 77.63 80.51 82.46000000000001 86.51999999999998 88.83000000000001 91.39 75.46000000000001 69.39 64.76999999999998 64.78 64.41999999999999 65.92 60.54999999999998 58.559999999999974 64.97 60.87 77.94333333333336 78.57333333333335 80.73333333333335 80.73333333333335 80.73333333333335
10.775757575757575 10.775757575757575 10.775757575757575 10.775757575757575 6.0 5.000000000000001 3.04 2.75 2.290000000000001 3.34 6.65 10.5 10.5 5.57 0.5800000000000001 0.15575757575757532 0.1557575757575762 0.7557575757575759 4.745757575757576 1.2457575757575752 2.3457575757575757 7.1457575757575755 3.135757575757575 0.1557575757575762 4.385757575757576 6.545757575757575 0.1557575757575762 1.9857575757575758 3.5757575757575752 1.1757575757575758 5.975757575757576 10.775757575757575 9.725757575757575 9.725757575757575 7.050000000000001 2.3200000000000003 0.5700000000000012 1.67 0.31999999999999984 0.3200000000000003 1.2399999999999993 8.850000000000001 9.670000000000002 9.32 5.289999999999999 4.69 1.8899999999999997 3.9099999999999993 4.320000000000002 2.639999999999998 1.8199999999999976 1.3300000000000018 1.63 0.22999999999999865 3.8600000000000003 6.399999999999999 1.1757575757575758 1.1757575757575758 10.775757575757575 10.775757575757575 10.775757575757575
2.545454545454545 2.545454545454545 1.915454545454545 1.915454545454545 1.96 0.5599999999999999 0.9099999999999999 0.7200000000000002 2.29 0.6900000000000002 1.3599999999999999 0.5599999999999999 0.04999999999999993 0.8400000000000002 0.6300000000000002 0.8654545454545451 0.4454545454545452 0.6554545454545452 0.4454545454545452 1.0754545454545452 0.4454545454545452 0.4454545454545452 1.0754545454545452 1.0754545454545452 1.915454545454545 1.915454545454545 1.555454545454545 1.195454545454545 0.2054545454545451 0.9854545454545451 0.9854545454545451 1.2854545454545452 0.6554545454545452 1.0754545454545452 0.49000000000000055 0.7000000000000001 0.7000000000000001 0.6300000000000002 2.17 0.7699999999999999 2.17 1.4700000000000002 1.96 0.5599999999999999 1.4700000000000002 2.17 0.10000000000000009 1.21 0.08000000000000007 2.08 2.6700000000000004 0.10000000000000009 0.4900000000000001 1.8000000000000005 1.33 0.55 1.195454545454545 1.825454545454545 2.545454545454545 2.545454545454545 2.545454545454545
8.515433299825174 8.515433299825174 8.515433299825174 8.1524568932916 6.0737195674531135 6.999107558983664 7.113293389292195 8.400755862068964 9.846434310344824 8.746512672413791 9.418051379310343 9.803824310344828 9.44465948275862 6.50017954627949 6.383478815789472 6.908679482758619 7.021279310344827 7.310165689655172 6.635647586206896 4.085587509074408 3.184339254248472 7.10778172413793 7.353465862068965 7.196957758620689 6.291013908045977 6.8676703448275855 5.7324548275862055 8.132203103448274 8.734928620689654 7.450086551724137 8.743675517241378 8.729545689655172 7.811086206896552 7.512697442528736 9.888605547489416 11.029306061705988 6.477474827586207 7.7972744827586205 6.707583103448275 7.011463448275861 7.298580862068965 7.3964303448275865 6.462182586206896 7.082242068965517 6.6413917241379306 6.98519948275862 4.599128076225044 5.811147613430125 6.114029310344826 3.998399319419236 5.79695740471869 5.953439655172412 4.406205353901995 4.4405751361161485 8.107131406533574 6.954230689655171 8.515432954997587 8.17060536879069 8.515433299825174 8.515433299825174 8.515433299825174
700.0 700.0 700.0 699.0 687.0 689.0 685.0 686.0 683.0 684.0 686.0 691.0 692.0 686.0 672.0 685.0 681.0 666.0 679.0 685.0 687.0 688.0 684.0 682.0 676.0 678.0 678.0 680.0 681.0 684.0 682.0 687.0 689.0 683.0 683.0 671.0 685.0 687.0 679.0 687.0 686.0 692.0 684.0 683.0 680.0 675.0 687.0 690.0 680.0 680.0 678.0 685.0 680.0 685.0 681.0 680.0 689.0 692.0 700.0 698.0 696.0

H cap
34.825 1.5749999999999993 44.8 24.850000000000016 34.82500000000002 54.775000000000006 54.775000000000006 88.025 98.0 88.025 51.45 1.5749999999999993 28.174999999999997 58.100000000000016 14.875000000000002 -15.049999999999994 1.5750000000000046 51.45 61.425000000000004 61.425000000000004 71.40000000000003 51.45000000000003 48.125000000000014 31.500000000000007 38.15000000000001 24.85 38.150000000000006 98.0 121.275 38.15 -51.625 11.549999999999999 28.174999999999997 -1.75 -5.074999999999999 44.8 98.0 98.0 48.125 38.15 51.45 11.549999999999999 21.525 61.425000000000004 64.75000000000003 11.550000000000006 18.20000000000001 -1.7500000000000036 -21.7 1.5749999999999993 28.174999999999997 34.82500000000001 78.05000000000001 131.25 131.25 131.25 131.25 131.25 131.25 131.25 131.25
37.775 37.775 47.75 42.525 42.525 47.75 49.65 49.65 52.5 47.75 29.224999999999994 24.474999999999994 40.625 50.125 40.625 33.975 5.949999999999996 12.59999999999999 43.0 43.0 48.7 34.925000000000004 29.700000000000003 36.825 38.725 38.725 45.85 52.5 52.5 47.75 38.25 40.15 44.9 43.0 33.5 38.25 52.5 52.5 47.75 47.75 45.85 41.1 35.875 35.875 42.525 43.0 11.649999999999995 8.324999999999994 33.5 19.249999999999993 27.79999999999999 35.4 38.25 52.5 52.5 52.5 52.5 52.5 52.5 52.5 52.5
53.02499999999999 49.69999999999999 56.349999999999994 53.02499999999999 49.69999999999999 53.02499999999999 53.02499999999999 56.349999999999994 59.675 56.349999999999994 53.02499999999999 46.374999999999986 46.374999999999986 56.349999999999994 53.02499999999999 46.374999999999986 49.69999999999999 56.349999999999994 53.02499999999999 53.02499999999999 53.02499999999999 46.374999999999986 53.02499999999999 49.69999999999999 43.04999999999998 46.374999999999986 53.02499999999999 59.675 56.349999999999994 49.69999999999999 49.69999999999999 53.02499999999999 53.02499999999999 53.02499999999999 49.69999999999999 53.02499999999999 59.675 59.675 53.02499999999999 49.69999999999999 53.02499999999999 53.02499999999999 49.69999999999999 53.02499999999999 53.02499999999999 46.374999999999986 43.04999999999998 43.04999999999998 43.04999999999998 46.374999999999986 49.69999999999999 46.374999999999986 56.349999999999994 63.0 63.0 63.0 63.0 63.0 63.0 63.0 63.0
5.1250000000000036 0.850000000000005 47.39999999999999 0.3750000000000038 3.700000000000003 -24.799999999999997 -13.875 65.925 -1.0499999999999972 -18.625 26.499999999999993 0.8500000000000032 0.37500000000000266 0.850000000000005 0.8500000000000041 8.925000000000004 3.6999999999999993 1.3250000000000002 -1.5249999999999995 -1.5249999999999995 6.075000000000006 0.850000000000005 0.8499999999999972 9.399999999999995 0.3749999999999991 10.350000000000001 -24.799999999999997 -1.0499999999999972 52.14999999999999 0.37500000000000355 -5.324999999999996 19.850000000000005 0.37500000000000266 -5.324999999999996 0.375000000000008 32.675000000000004 -1.0499999999999972 -1.0499999999999972 22.700000000000003 0.37500000000000355 0.8500000000000043 12.250000000000007 0.8500000000000085 0.8500000000000059 2.275000000000005 0.375 5.124999999999985 1.3249999999999966 16.525000000000002 0.37500000000000355 13.675 0.8500000000000014 33.14999999999999 78.75 78.75 78.75 78.75 78.75 78.75 78.75 78.75

