T P M C
61 37 4 12

base obj
17.546990264637323

exp obj
20.351419169066226

Objective struct
17.546990264637323 0.1764705882352941 28.588235294117645

num campaigns
145

x
0 0 0 0 1 0 0 1 0 0 0 0 0 0 1 0 0 0 0 1 0 0 0 0 0 0 0 0 1 0 1 0 0 1 0 0 0 0 0 0 1 1 0 0 0 0 1 0 0 0 1 0 1 1 0 0 0 0 0 0 0
0 0 0 0 0 0 0 0 0 0 0 0 0 0 0 0 0 0 0 1 0 0 0 0 0 0 0 0 0 0 0 0 0 0 1 0 0 0 0 0 0 0 0 0 0 0 0 0 0 0 0 0 0 0 0 0 0 0 0 0 0
0 0 0 0 0 0 0 0 0 0 0 0 0 0 0 0 0 0 0 0 0 0 0 0 0 0 0 0 0 0 0 0 0 0 0 0 0 0 1 0 0 0 0 0 0 0 0 0 0 0 0 0 0 0 0 0 0 0 0 0 0
0 0 0 0 0 0 0 0 1 1 0 0 0 0 0 0 0 0 0 1 0 0 0 0 0 0 0 1 0 0 1 0 0 1 0 0 0 0 0 1 0 0 0 0 0 0 0 1 1 1 0 1 0 0 0 0 0 0 0 0 0
0 0 0 0 0 0 0 0 0 0 0 0 0 0 0 0 0 0 0 0 0 0 0 0 0 0 0 0 0 0 0 0 0 1 0 0 0 0 0 1 0 0 0 1 0 0 0 1 0 0 0 0 0 0 0 0 0 0 0 0 0
0 0 0 0 0 0 0 0 0 0 0 0 0 0 0 0 0 0 0 0 0 0 0 0 0 0 0 0 0 0 0 0 0 0 0 0 0 0 0 0 0 0 0 0 0 0 0 0 0 0 0 0 0 0 0 0 0 0 0 0 0
0 0 0 0 0 0 0 0 0 1 0 0 0 0 0 0 1 0 0 0 0 0 0 0 0 0 0 0 0 0 0 0 0 1 1 0 0 1 1 1 1 0 0 0 0 0 0 1 1 1 0 0 0 0 0 1 0 0 0 0 0
0 0 0 0 0 0 0 0 0 0 0 0 0 1 0 0 0 0 0 0 0 0 0 0 0 1 0 0 0 0 0 0 0 0 0 1 0 0 0 0 0 0 0 0 0 0 0 0 0 0 0 0 1 0 0 0 0 0 0 0 0
0 0 0 0 0 0 0 0 0 0 1 0 0 0 0 0 0 0 0 0 0 0 0 0 0 0 1 0 0 0 0 0 0 0 0 0 0 0 0 0 0 0 0 0 0 0 0 0 0 0 0 0 0 0 0 0 0 0 0 0 0
0 0 0 0 0 0 0 0 0 0 0 0 0 0 0 0 0 0 0 0 0 0 0 0 0 0 0 0 0 0 0 0 0 0 0 0 0 0 0 0 0 0 0 0 0 0 0 0 0 0 0 0 0 0 0 0 0 0 0 0 0
0 0 0 0 0 0 0 0 0 1 0 1 0 0 0 0 0 0 0 0 0 0 1 0 0 0 0 0 1 1 0 0 0 0 0 0 0 0 0 0 0 0 0 0 0 0 0 0 0 0 0 0 0 0 0 0 0 0 0 0 0
0 0 0 0 0 0 1 0 0 0 0 0 0 0 0 0 0 0 0 0 0 0 1 0 0 0 0 0 0 0 0 0 0 0 0 0 0 0 0 0 0 0 0 0 0 0 1 0 0 0 1 0 0 0 0 0 0 0 0 0 0
0 0 0 0 0 0 0 0 0 0 0 0 0 0 0 0 0 0 0 0 0 0 0 0 0 0 0 0 0 0 0 0 0 0 0 0 0 0 0 0 0 0 0 0 0 0 0 0 0 0 0 0 0 0 0 0 0 0 0 0 0
0 0 0 0 0 0 0 0 0 0 0 0 0 0 0 0 0 0 0 0 0 0 0 0 0 0 0 1 0 0 0 0 0 0 0 0 0 1 0 0 0 0 0 0 0 0 0 0 0 0 0 0 0 0 0 0 0 0 0 0 0
0 0 0 0 0 0 1 0 1 0 0 0 0 1 0 0 0 0 0 0 0 0 0 0 0 0 0 0 0 1 0 0 0 0 0 0 0 1 0 0 0 0 0 0 0 1 0 0 0 0 0 0 0 0 0 1 0 0 0 0 0
0 0 0 0 0 0 0 0 0 0 0 0 0 0 0 0 0 0 0 0 0 0 0 0 0 0 0 0 0 0 0 0 1 0 0 0 0 0 0 0 0 0 0 0 0 0 0 0 0 0 0 0 0 0 0 0 0 0 0 0 0
0 0 0 0 0 0 0 0 0 0 0 0 0 0 0 0 1 0 0 0 1 0 0 0 0 1 0 0 0 0 0 0 0 0 0 0 0 0 0 0 1 0 0 1 0 0 0 0 1 0 0 0 0 0 0 0 0 0 0 0 0
0 0 0 0 0 0 0 0 0 0 0 0 0 0 0 0 0 0 0 0 0 0 0 0 0 1 0 0 0 0 0 0 0 0 0 0 1 0 0 0 0 0 0 0 0 1 0 0 0 0 0 0 0 0 0 0 0 0 0 0 0
0 0 0 0 0 0 0 0 0 0 0 0 0 0 0 0 0 0 0 0 0 0 0 0 0 0 0 0 0 0 0 0 0 0 0 0 0 0 0 0 0 0 0 0 0 0 0 0 0 0 0 0 0 0 0 0 0 0 0 0 0
0 0 0 0 0 0 1 0 0 0 0 0 0 0 0 0 0 0 0 0 0 0 0 0 0 0 0 0 0 0 0 0 0 0 0 0 0 0 0 0 0 0 0 0 0 0 1 0 0 0 0 0 0 0 0 0 0 0 0 0 0
0 0 0 0 0 0 0 0 0 1 0 0 0 0 0 0 1 0 0 0 0 1 0 0 0 0 0 1 0 0 0 0 0 0 0 0 0 0 1 1 0 0 0 0 0 0 0 1 1 1 0 0 0 0 0 0 0 0 0 0 0
0 0 0 0 1 0 0 0 0 0 0 1 0 0 0 0 0 0 0 0 0 0 0 1 0 0 0 0 0 0 0 0 0 0 0 0 0 0 0 0 0 0 0 0 0 0 0 0 0 0 0 0 0 0 0 0 0 0 0 0 0
0 0 0 0 0 0 0 0 0 0 0 0 0 0 0 1 0 0 0 0 0 1 0 0 0 0 0 0 0 0 0 1 0 0 0 0 0 0 0 0 0 0 1 0 0 0 0 0 0 0 0 0 0 0 0 0 0 0 0 0 0
0 0 0 0 0 0 0 0 0 1 0 0 0 0 0 1 0 0 0 0 0 1 0 0 0 1 0 1 0 0 0 0 1 0 0 0 0 0 0 1 0 0 1 0 0 0 0 1 0 1 0 0 0 0 0 0 0 0 0 0 0
0 0 0 0 0 0 0 0 0 0 0 0 0 0 0 0 0 1 1 0 0 0 0 0 0 0 0 0 0 0 0 0 0 0 0 1 0 0 0 0 0 0 0 0 1 0 0 0 0 0 0 1 0 0 0 1 0 0 0 0 0
0 0 0 0 0 0 0 0 1 0 0 0 0 0 0 0 0 0 0 0 0 0 0 0 0 0 0 0 0 1 0 0 0 0 1 1 0 1 0 0 0 0 0 0 0 0 0 0 1 1 0 0 0 0 1 0 0 0 0 0 0
0 0 0 0 0 0 0 0 0 0 0 0 0 0 0 0 0 0 0 0 0 0 0 0 0 0 0 0 0 0 0 0 0 0 0 0 0 0 0 0 0 0 0 0 0 0 0 0 0 1 0 0 0 0 0 0 0 0 0 0 0
0 0 0 0 0 0 0 0 0 0 0 0 0 0 0 0 0 0 0 0 0 0 0 0 0 0 0 0 0 0 0 0 0 0 0 0 1 0 1 0 0 0 0 0 0 0 0 0 0 0 0 0 0 0 0 0 0 0 0 0 0
0 0 0 0 0 0 0 0 0 0 0 0 0 0 0 0 0 0 0 0 0 0 0 0 0 0 0 0 0 0 0 0 0 0 0 0 0 0 0 0 0 0 0 0 0 0 0 0 0 0 0 0 0 0 0 0 0 0 0 0 0
0 0 0 0 0 0 2 1 0 0 0 0 0 0 0 0 0 0 0 1 1 0 0 0 0 0 0 1 0 3 3 0 0 1 2 3 0 0 1 0 1 0 0 1 0 0 0 2 0 0 0 0 0 0 0 0 0 0 0 0 0
0 0 0 0 0 0 0 0 0 0 0 0 0 0 0 0 0 0 0 0 0 0 0 0 0 0 0 0 0 0 0 0 0 0 0 0 0 0 0 0 0 0 0 0 0 0 0 0 0 0 0 0 0 0 0 0 0 0 0 0 0
0 0 0 0 0 0 0 0 0 0 0 0 0 0 0 0 0 0 0 0 0 0 0 0 0 0 0 0 0 0 0 0 0 0 0 0 0 0 0 0 0 0 0 0 0 0 0 0 0 0 0 0 0 0 0 0 0 0 0 0 0
0 0 0 0 0 0 0 0 0 0 0 0 0 0 0 0 0 0 0 0 0 0 0 0 0 0 0 0 0 0 0 0 0 0 0 0 0 0 0 0 0 0 0 0 0 0 0 0 0 0 0 0 0 0 0 0 0 0 0 0 0
0 0 0 0 0 0 0 0 0 0 0 0 0 0 0 0 0 0 0 0 0 0 0 0 0 0 0 0 0 0 0 0 0 0 0 0 0 0 0 0 0 0 0 0 0 0 0 0 0 0 0 0 0 0 0 0 0 0 0 0 0
0 0 0 0 0 0 0 0 0 0 0 0 0 0 0 0 0 0 0 0 0 0 0 0 0 0 0 0 0 0 0 0 0 0 0 0 0 0 0 0 0 0 0 0 0 0 0 0 0 0 0 0 0 0 0 0 0 0 0 0 0
0 0 0 0 0 0 0 0 0 0 0 0 0 0 0 0 0 0 0 0 0 0 0 0 0 0 0 0 0 0 0 0 0 0 0 0 0 0 0 0 0 0 0 0 0 0 0 0 0 0 0 0 0 0 0 0 0 0 0 0 0
0 0 0 0 0 0 0 0 0 0 0 0 0 0 0 0 0 0 0 0 0 0 0 0 0 0 0 0 0 0 0 0 0 0 0 0 0 0 0 0 0 0 0 0 0 0 0 0 0 0 0 0 0 0 0 0 0 0 0 0 0

y
0.0 10.363636363636363 0.0 0.0 0.8125 0.0 0.0 0.0 0.0 0.0 0.0 0.0 0.0 4.9 0.0 0.0 0.0 0.0 0.0 0.0 0.0 0.0 0.0 0.0 0.0 0.0 0.0 0.0 0.0 0.0 0.0 0.0 0.0 0.0 0.0 0.0 0.0

k
0 10 12 0 13 12 0 0 0 29 0 0 12 9 0 0 0 0 25 0 3 3 0 0 0 0 9 0 21 29 52 52 104 52 52 52 6

f
0.0 0.0 0.0 0.0 0.0 0.0 0.0 0.0 0.0 0.0 26.25 0.0 0.0 0.0 0.0 0.0 0.0 0.0 0.0 0.0 0.0 0.0 12.25 0.0 0.0 0.0 0.0 0.0 0.0 0.0 0.0 0.0 1.75 1.75 0.0 0.0 0.0 0.0 0.0 0.0 0.0 0.0 29.75 0.0 0.0 0.0 0.0 0.0 0.0 26.25 0.0 0.0 0.0 0.0 0.0 0.0 0.0 0.0 0.0 0.0 0.0
0.0 0.0 0.0 0.0 0.0 0.0 0.0 0.0 0.0 0.0 0.0 0.0 0.0 0.0 0.0 0.0 0.0 0.0 0.0 0.0 0.0 0.0 0.0 0.0 0.0 0.0 0.0 0.0 0.0 0.0 0.0 0.0 0.0 0.0 0.0 0.0 0.0 0.0 0.0 0.0 0.0 0.0 0.0 0.0 0.0 0.0 0.0 0.0 0.0 0.0 0.0 0.0 0.0 0.0 0.0 0.0 0.0 0.0 0.0 0.0 0.0
0.0 0.0 0.0 0.0 0.0 0.0 0.0 0.0 0.0 0.0 0.0 0.0 0.0 0.0 0.0 0.0 0.0 0.0 0.0 0.0 0.0 0.0 0.0 0.0 0.0 0.0 0.0 0.0 0.0 0.0 0.0 0.0 0.0 0.0 0.0 0.0 0.0 0.0 0.0 0.0 0.0 0.0 0.0 0.0 0.0 0.0 0.0 0.0 0.0 0.0 0.0 0.0 0.0 0.0 0.0 0.0 0.0 0.0 0.0 0.0 0.0
27.75 27.75 0.0 0.0 0.0 0.0 0.0 13.75 7.75 0.0 0.0 0.0 0.0 0.0 0.0 0.0 0.0 0.0 0.0 17.75 5.25 0.0 0.0 0.0 0.0 0.0 0.0 0.0 0.0 0.0 0.0 0.0 0.0 0.0 0.0 0.0 0.0 0.0 0.0 0.0 0.0 0.0 0.0 0.0 0.0 0.0 0.0 0.0 0.0 0.0 0.0 0.0 0.0 0.0 0.0 0.0 0.0 0.0 0.0 0.0 0.0

L
1 15 0 1 4 0 1 10 16 0 1 4 0 10 2 0 3 9 0 40 1 7 6 2 1 1 0 2 0 0 0 0 0 0 0 0 0

g
0 0 0 0 0 0 0 0 0 0 0 0 0 0 0 0 0 0 0 0 0 0 0 0 0 0 0 0 0 0 0 0 0 0 0 0 0 0 0 0 0 0 0 0 0 0 0 0 0 0 0 0 0 0 0 0 0 0 0 0 0
0 0 0 0 0 0 0 0 0 0 0 0 0 0 0 0 0 0 0 0 0 0 0 0 0 0 0 0 0 0 0 0 0 0 0 0 0 0 0 0 0 0 0 0 0 0 0 0 0 0 0 0 0 0 0 0 0 0 0 0 0
0 0 0 0 0 0 0 0 0 0 0 0 0 0 0 0 0 0 0 0 0 0 0 0 0 0 0 0 0 0 0 0 0 0 0 0 0 0 0 0 0 0 0 0 0 0 0 0 0 0 0 0 0 0 0 0 0 0 0 0 0
0 0 0 0 0 0 0 0 0 0 0 0 0 0 0 0 0 0 0 0 0 0 0 0 0 0 0 0 0 0 0 0 0 0 0 0 0 0 0 0 0 0 0 0 0 0 0 0 0 0 0 0 0 0 0 0 0 0 0 0 0
0 0 0 0 0 0 0 0 0 0 0 0 0 0 0 0 0 0 0 0 0 0 0 0 0 0 0 0 0 0 0 0 0 0 0 0 0 0 0 0 0 0 0 0 0 0 0 0 0 0 0 0 0 0 0 0 0 0 0 0 0
0 0 0 0 0 0 0 0 0 0 0 0 0 0 0 0 0 0 0 0 0 0 0 0 0 0 0 0 0 0 0 0 0 0 0 0 0 0 0 0 0 0 0 0 0 0 0 0 0 0 0 0 0 0 0 0 0 0 0 0 0
0 0 0 0 0 0 0 0 0 0 0 0 0 0 0 0 0 0 0 0 0 0 0 0 0 0 0 0 0 0 0 0 0 0 0 0 0 0 0 0 0 0 0 0 0 0 0 0 0 0 0 0 0 0 0 0 0 0 0 0 0
0 0 0 0 0 0 0 0 0 0 0 0 0 0 0 0 0 0 0 0 0 0 0 0 0 0 0 0 0 0 0 0 0 0 0 0 0 0 0 0 0 0 0 0 0 0 0 0 0 0 0 0 0 0 0 0 0 0 0 0 0
0 0 0 0 0 0 0 0 0 0 0 0 0 0 0 0 0 0 0 0 0 0 0 0 0 0 0 0 0 0 0 0 0 0 0 0 0 0 0 0 0 0 0 0 0 0 0 0 0 0 0 0 0 0 0 0 0 0 0 0 0
0 0 0 0 0 0 0 0 0 0 0 0 0 0 0 0 0 0 0 0 0 0 0 0 0 0 0 0 0 0 0 0 0 0 0 0 0 0 0 0 0 0 0 0 0 0 0 0 0 0 0 0 0 0 0 0 0 0 0 0 0
0 0 0 0 0 0 0 0 0 0 0 0 0 0 0 0 0 0 0 0 0 0 0 0 0 0 0 0 0 0 0 0 0 0 0 0 0 0 0 0 0 0 0 0 0 0 0 0 0 0 0 0 0 0 0 0 0 0 0 0 0
0 0 0 0 0 0 0 0 0 0 0 0 0 0 0 0 0 0 0 0 0 0 0 0 0 0 0 0 0 0 0 0 0 0 0 0 0 0 0 0 0 0 0 0 0 0 0 0 0 0 0 0 0 0 0 0 0 0 0 0 0
0 0 0 0 0 0 0 0 0 0 0 0 0 0 0 0 0 0 0 0 0 0 0 0 0 0 0 0 0 0 0 0 0 0 0 0 0 0 0 0 0 0 0 0 0 0 0 0 0 0 0 0 0 0 0 0 0 0 0 0 0
0 0 0 0 0 0 0 0 0 0 0 0 0 0 0 0 0 0 0 0 0 0 0 0 0 0 0 0 0 0 0 0 0 0 0 0 0 0 0 0 0 0 0 0 0 0 0 0 0 0 0 0 0 0 0 0 0 0 0 0 0
0 0 0 0 0 0 0 0 0 0 0 0 0 0 0 0 0 0 0 0 0 0 0 0 0 0 0 0 0 0 0 0 0 0 0 0 0 0 0 0 0 0 0 0 0 0 0 0 0 0 0 0 0 0 0 0 0 0 0 0 0
0 0 0 0 0 0 0 0 0 0 0 0 0 0 0 0 0 0 0 0 0 0 0 0 0 0 0 0 0 0 0 0 0 0 0 0 0 0 0 0 0 0 0 0 0 0 0 0 0 0 0 0 0 0 0 0 0 0 0 0 0
0 0 0 0 0 0 0 0 0 0 0 0 0 0 0 0 0 0 0 0 0 0 0 0 0 0 0 0 0 0 0 0 0 0 0 0 0 0 0 0 0 0 0 0 0 0 0 0 0 0 0 0 0 0 0 0 0 0 0 0 0
0 0 0 0 0 0 0 0 0 0 0 0 0 0 0 0 0 0 0 0 0 0 0 0 0 0 0 0 0 0 0 0 0 0 0 0 0 0 0 0 0 0 0 0 0 0 0 0 0 0 0 0 0 0 0 0 0 0 0 0 0
0 0 0 0 0 0 0 0 0 0 0 0 0 0 0 0 0 0 0 0 0 0 0 0 0 0 0 0 0 0 0 0 0 0 0 0 0 0 0 0 0 0 0 0 0 0 0 0 0 0 0 0 0 0 0 0 0 0 0 0 0
0 0 0 0 0 0 0 0 0 0 0 0 0 0 0 0 0 0 0 0 0 0 0 0 0 0 0 0 0 0 0 0 0 0 0 0 0 0 0 0 0 0 0 0 0 0 0 0 0 0 0 0 0 0 0 0 0 0 0 0 0
0 0 0 0 0 0 0 0 0 0 0 0 0 0 0 0 0 0 0 0 0 0 0 0 0 0 0 0 0 0 0 0 0 0 0 0 0 0 0 0 0 0 0 0 0 0 0 0 0 0 0 0 0 0 0 0 0 0 0 0 0
0 0 0 0 0 0 0 0 0 0 0 0 0 0 0 0 0 0 0 0 0 0 0 0 0 0 0 0 0 0 0 0 0 0 0 0 0 0 0 0 0 0 0 0 0 0 0 0 0 0 0 0 0 0 0 0 0 0 0 0 0
0 0 0 0 0 0 0 0 0 0 0 0 0 0 0 0 0 0 0 0 0 0 0 0 0 0 0 0 0 0 0 0 0 0 0 0 0 0 0 0 0 0 0 0 0 0 0 0 0 0 0 0 0 0 0 0 0 0 0 0 0
0 0 0 0 0 0 0 0 0 0 0 0 0 0 0 0 0 0 0 0 0 0 0 0 0 0 0 0 0 0 0 0 0 0 0 0 0 0 0 0 0 0 0 0 0 0 0 0 0 0 0 0 0 0 0 0 0 0 0 0 0
0 0 0 0 0 0 0 0 0 0 0 0 0 0 0 0 0 0 0 0 0 0 0 0 0 0 0 0 0 0 0 0 0 0 0 0 0 0 0 0 0 0 0 0 0 0 0 0 0 0 0 0 0 0 0 0 0 0 0 0 0
0 0 0 0 0 0 0 0 0 0 0 0 0 0 0 0 0 0 0 0 0 0 0 0 0 0 0 0 0 0 0 0 0 0 0 0 0 0 0 0 0 0 0 0 0 0 0 0 0 0 0 0 0 0 0 0 0 0 0 0 0
0 0 0 0 0 0 0 0 0 0 0 0 0 0 0 0 0 0 0 0 0 0 0 0 0 0 0 0 0 0 0 0 0 0 0 0 0 0 0 0 0 0 0 0 0 0 0 0 0 0 0 0 0 0 0 0 0 0 0 0 0
0 0 0 0 0 0 0 0 0 0 0 0 0 0 0 0 0 0 0 0 0 0 0 0 0 0 0 0 0 0 0 0 0 0 0 0 0 0 0 0 0 0 0 0 0 0 0 0 0 0 0 0 0 0 0 0 0 0 0 0 0
0 0 0 0 0 0 0 0 0 0 0 0 0 0 0 0 0 0 0 0 0 0 0 0 0 0 0 0 0 0 0 0 0 0 0 0 0 0 0 0 0 0 0 0 0 0 0 0 0 0 0 0 0 0 0 0 0 0 0 0 0
0 0 0 0 0 0 1 0 0 0 0 0 0 0 0 0 0 0 0 0 0 0 0 0 0 0 0 0 0 2 2 0 0 0 1 2 0 0 0 0 0 0 0 0 0 0 0 1 0 0 0 0 0 0 0 0 0 0 0 0 0
0 0 0 0 0 0 0 0 0 0 0 0 0 0 0 0 0 0 0 0 0 0 0 0 0 0 0 0 0 0 0 0 0 0 0 0 0 0 0 0 0 0 0 0 0 0 0 0 0 0 0 0 0 0 0 0 0 0 0 0 0
0 0 0 0 0 0 0 0 0 0 0 0 0 0 0 0 0 0 0 0 0 0 0 0 0 0 0 0 0 0 0 0 0 0 0 0 0 0 0 0 0 0 0 0 0 0 0 0 0 0 0 0 0 0 0 0 0 0 0 0 0
0 0 0 0 0 0 0 0 0 0 0 0 0 0 0 0 0 0 0 0 0 0 0 0 0 0 0 0 0 0 0 0 0 0 0 0 0 0 0 0 0 0 0 0 0 0 0 0 0 0 0 0 0 0 0 0 0 0 0 0 0
0 0 0 0 0 0 0 0 0 0 0 0 0 0 0 0 0 0 0 0 0 0 0 0 0 0 0 0 0 0 0 0 0 0 0 0 0 0 0 0 0 0 0 0 0 0 0 0 0 0 0 0 0 0 0 0 0 0 0 0 0
0 0 0 0 0 0 0 0 0 0 0 0 0 0 0 0 0 0 0 0 0 0 0 0 0 0 0 0 0 0 0 0 0 0 0 0 0 0 0 0 0 0 0 0 0 0 0 0 0 0 0 0 0 0 0 0 0 0 0 0 0
0 0 0 0 0 0 0 0 0 0 0 0 0 0 0 0 0 0 0 0 0 0 0 0 0 0 0 0 0 0 0 0 0 0 0 0 0 0 0 0 0 0 0 0 0 0 0 0 0 0 0 0 0 0 0 0 0 0 0 0 0
0 0 0 0 0 0 0 0 0 0 0 0 0 0 0 0 0 0 0 0 0 0 0 0 0 0 0 0 0 0 0 0 0 0 0 0 0 0 0 0 0 0 0 0 0 0 0 0 0 0 0 0 0 0 0 0 0 0 0 0 0

I cap
1058.909090909091 1058.909090909091 984.605090909091 984.605090909091 1141.814 962.5099999999998 993.8899999999998 1084.1399999999999 543.8720000000001 585.9899999999998 776.466 866.5080000000002 886.2660000000001 879.5640000000002 944.874 869.783090909091 815.639090909091 872.5010909090911 886.5050909090911 697.6130909090909 933.413090909091 946.8050909090911 939.065090909091 994.1090909090912 1004.9090909090911 999.149090909091 908.105090909091 721.715090909091 766.6790909090911 646.7270909090912 559.2290909090912 605.885090909091 785.9390909090911 515.903090909091 165.04800000000012 197.166 314.466 416.28400000000005 439.39200000000005 231.79799999999997 409.2240000000001 682.508 786.2 704.462 695.002 710.784 853.8539999999999 685.7099999999999 451.97600000000006 305.72800000000007 495.36 391.2460000000001 789.3960000000002 835.074 917.3199999999999 940.0259999999997 806.675090909091 1001.579090909091 1005.107090909091 1058.909090909091 1058.909090909091
107.96969696969697 107.96969696969697 104.87369696969697 104.87369696969697 127.72599999999998 117.63 81.42999999999999 87.85999999999999 67.62799999999999 63.61 62.333999999999996 22.591999999999988 40.23399999999998 16.136000000000003 80.42599999999999 69.39569696969696 65.93969696969697 101.77769696969696 104.87369696969697 87.66569696969697 103.86569696969697 104.87369696969697 37.013696969696966 27.869696969696957 27.869696969696957 53.42969696969697 42.77369696969696 43.76369696969695 33.89969696969696 34.15169696969696 27.149696969696958 65.09369696969695 99.23969696969696 44.375696969696946 32.952 30.034 39.034 34.516 23.807999999999993 44.00199999999998 86.476 89.792 90.8 104.63799999999999 104.63799999999999 93.356 50.066 62.58999999999999 53.824 66.172 15.33999999999999 22.953999999999983 22.003999999999998 52.225999999999985 49.579999999999984 60.574 98.30369696969696 106.79969696969697 106.87169696969697 107.96969696969697 107.96969696969697
38.96666666666666 38.96666666666666 38.96666666666666 38.96666666666666 21.659999999999993 19.56 26.779999999999998 38.5 39.900000000000006 26.000000000000004 17.599999999999998 16.200000000000003 24.5 36.4 31.5 38.96666666666666 25.766666666666662 25.766666666666662 25.766666666666662 38.96666666666666 38.96666666666666 25.766666666666662 25.766666666666662 25.766666666666662 27.559166666666663 27.559166666666663 27.559166666666663 14.359166666666663 25.766666666666662 25.766666666666662 38.96666666666666 38.96666666666666 38.96666666666666 38.96666666666666 23.8 7.492499999999998 6.792499999999999 11.6925 2.6924999999999972 4.399999999999999 11.399999999999999 26.700000000000006 46.900000000000006 46.2 9.552500000000004 7.452499999999995 19.572499999999998 26.492499999999996 18.4 6.600000000000001 22.599999999999998 35.8 52.5 49.0 51.099999999999994 52.5 38.96666666666666 38.96666666666666 38.96666666666666 38.96666666666666 38.96666666666666
45.24545454545453 45.24545454545453 44.67845454545453 44.67845454545453 34.944 32.06699999999999 25.41599999999999 38.44200000000001 37.464 39.642999999999994 40.50899999999999 34.013 32.298 32.732 30.121000000000002 43.16645454545453 43.481454545454525 44.11145454545453 38.567454545454524 30.629454545454525 38.828454545454534 44.37245454545453 43.19345454545453 42.84245454545453 42.84245454545453 41.65445454545453 34.97645454545453 33.53645454545452 25.14845454545452 11.792454545454518 25.15745454545452 43.35545454545453 38.75645454545453 23.078454545454527 12.695999999999998 19.160999999999998 35.604 31.121999999999996 32.566 43.03099999999999 33.007000000000005 46.788 47.22200000000001 41.81099999999999 47.166 47.733 31.14899999999999 28.85399999999999 39.18599999999999 46.885999999999996 49.709 46.846999999999994 53.428999999999995 52.598 46.354 46.669 44.67845454545453 45.24545454545453 45.24545454545453 45.24545454545453 45.24545454545453
20.999999999999993 20.999999999999993 20.810999999999993 20.810999999999993 14.448 22.728999999999996 19.782999999999998 21.912000000000003 17.456 17.680999999999997 23.179 22.980999999999998 22.128 24.282000000000004 19.481 20.180999999999994 20.29799999999999 20.621999999999993 20.49599999999999 17.95799999999999 20.432999999999993 20.810999999999993 20.21699999999999 20.000999999999994 20.000999999999994 20.000999999999994 19.496999999999993 17.516999999999992 18.884999999999987 18.668999999999986 17.45399999999999 20.369999999999994 20.30699999999999 16.88699999999999 18.605999999999995 21.936999999999994 19.543999999999997 19.417999999999996 16.870999999999995 13.022999999999998 11.532 20.496000000000002 19.543999999999997 23.106999999999996 20.622 20.110999999999997 18.823999999999995 18.226000000000003 20.83 17.761999999999997 18.697999999999997 17.211000000000002 18.509 17.64 19.291999999999998 19.408999999999995 20.810999999999993 20.999999999999993 20.999999999999993 20.999999999999993 20.999999999999993
345.75757575757575 345.75757575757575 342.16657575757574 342.16657575757574 242.332 273.741 287.45799999999997 268.861 283.912 289.429 285.529 277.96 320.529 316.929 305.332 329.08957575757574 307.74157575757573 280.1655757575757 300.5955757575758 331.20457575757575 315.10357575757575 281.1555757575757 307.02157575757576 345.75757575757575 345.75757575757575 322.49257575757576 283.7565757575757 289.20157575757577 325.49857575757574 321.8985757575757 319.55857575757574 285.9075757575757 282.4155757575757 291.26257575757575 216.137 275.928 289.928 306.52 306.896 295.682 265.563 324.01399999999995 334.476 321.673 300.52799999999996 295.784 347.332 355.392 372.453 339.018 336.576 348.19 380.03 394.953 406.741 362.33799999999997 330.28657575757575 333.87757575757576 334.5975757575757 345.75757575757575 345.75757575757575
779.7575757575758 779.7575757575758 766.3385757575758 766.3385757575758 639.555 738.136 804.589 769.087 820.516 804.9069999999999 791.0360000000001 811.055 828.2230000000001 836.9350000000001 827.246 732.0035757575757 723.5885757575758 714.6875757575758 714.9845757575757 703.4105757575757 735.1625757575757 716.6315757575758 719.2775757575757 746.9525757575758 746.9525757575758 722.9765757575758 677.8055757575759 651.4805757575757 702.5465757575757 729.4835757575757 692.3135757575757 689.5145757575757 700.5485757575757 634.1825757575757 562.509 689.87 764.244 819.7280000000001 695.746 565.817 600.3589999999999 695.9839999999999 736.685 664.3810000000001 627.3770000000001 644.614 650.4979999999999 629.4789999999999 620.187 593.0400000000001 647.699 601.265 660.091 697.935 722.827 619.3480000000001 751.7855757575758 765.2045757575758 766.0865757575757 779.7575757575758 779.7575757575758
80.73333333333335 80.73333333333335 80.16633333333336 80.16633333333336 68.544 87.71700000000003 78.30300000000003 85.703 83.87999999999998 88.753 79.977 88.228 96.34900000000002 97.161 88.788 79.22133333333335 79.48233333333336 79.59933333333336 79.53633333333336 77.09733333333335 79.34733333333335 80.16633333333336 77.49333333333335 78.03333333333335 78.03333333333335 77.60133333333336 75.32433333333336 75.14433333333335 75.10833333333338 75.63033333333338 75.90033333333336 78.84333333333336 78.96933333333337 75.14433333333336 43.63799999999999 66.57100000000003 77.07700000000001 74.91400000000002 72.61000000000003 74.14800000000002 75.33800000000001 80.388 81.34700000000002 86.436 89.16600000000003 92.533 82.11100000000002 76.32000000000001 73.002 73.54600000000002 71.54800000000002 65.89 64.49400000000001 65.06500000000001 65.82100000000001 63.282 80.16633333333336 80.73333333333335 80.73333333333335 80.73333333333335 80.73333333333335
10.775757575757575 10.775757575757575 10.775757575757575 10.775757575757575 5.133000000000001 6.533000000000001 1.5759999999999996 2.5660000000000003 2.2760000000000002 2.764 6.533000000000001 3.219 6.288 4.328 6.9879999999999995 6.563757575757576 3.044757575757574 1.2177575757575756 3.8907575757575756 10.100757575757575 6.509757575757575 0.7587575757575755 5.024757575757576 9.830757575757575 9.830757575757575 5.753757575757575 0.2727575757575753 0.8127575757575758 6.6537575757575755 6.518757575757575 7.508757575757576 2.4687575757575755 1.4067575757575752 3.9717575757575743 3.9450000000000003 2.059 1.6290000000000004 3.1979999999999995 3.577999999999999 6.533000000000001 3.623999999999999 0.24200000000000088 7.549000000000001 6.926 1.8750000000000013 3.2920000000000007 10.033000000000001 10.733 6.4239999999999995 0.1819999999999986 0.8839999999999986 8.035 12.085 7.687999999999999 6.9879999999999995 6.087999999999998 7.508757575757576 7.508757575757576 7.706757575757575 10.775757575757575 10.775757575757575
2.545454545454545 2.545454545454545 1.9784545454545448 1.9784545454545448 2.0439999999999996 0.07699999999999985 0.7749999999999995 0.129 1.3959999999999995 0.7229999999999999 0.9369999999999996 0.6439999999999999 0.18499999999999983 1.533 1.344 1.789454545454545 1.9784545454545448 1.4114545454545446 0.8444545454545447 1.114454545454545 1.330454545454545 1.5194545454545447 1.0874545454545448 1.8974545454545448 1.8974545454545448 1.735454545454545 0.6824545454545448 1.2224545454545448 0.5744545454545448 1.2224545454545448 1.222454545454545 0.655454545454545 1.4114545454545446 0.08845454545454468 1.3690000000000004 1.7739999999999996 1.7739999999999996 2.1 2.2329999999999997 0.2659999999999998 1.4769999999999996 0.5880000000000001 1.4769999999999994 0.2659999999999998 0.9659999999999999 2.2329999999999997 0.45300000000000007 2.796 1.0179999999999993 1.6659999999999995 1.9859999999999998 0.26199999999999934 0.26199999999999957 2.1209999999999996 1.4769999999999996 1.6659999999999995 1.9784545454545448 2.545454545454545 2.545454545454545 2.545454545454545 2.545454545454545
8.515433299825174 8.515433299825174 8.515433299825174 8.515433299825174 6.796432988505746 7.105278330308528 6.2728580072595275 8.048641696914702 9.51091724137931 8.090650603448278 9.216155 8.907272586206899 9.168797413793104 7.061740344827584 7.8165731896551724 7.8548863793103445 8.279900000000001 8.206717413793104 6.890003475499092 6.090515086206896 6.150401132651377 7.243988620689655 8.106914137931035 7.748681896551724 7.532393218390805 6.9366358620689645 5.805948647912884 8.286468421052634 7.052651460980038 5.744224827586205 6.596643021778588 8.198166379310347 7.018890199637023 5.69170833182093 8.02800663641864 10.441193539019967 6.870578120689655 7.711285216878404 6.999089317604355 6.13271573411978 5.923018265880216 5.849361379310344 5.44067623411978 6.529610490018149 6.87587448275862 6.432785689655171 5.257539899274046 5.183942531760435 5.4381675862068946 5.96936122413793 7.399616224137931 7.29999122413793 7.273201724137932 7.280348275862069 9.226913620689656 7.046644827586206 8.211295368790692 8.20819192051483 8.515433299825174 8.515433299825174 8.205088472238968
700.0 700.0 700.0 697.3000000000001 692.8000000000001 690.1000000000001 687.4000000000001 691.9000000000001 688.3000000000003 672.1000000000001 687.4000000000002 684.7000000000002 690.1000000000001 688.3000000000002 691.9000000000001 686.5000000000001 673.9 684.6999999999999 684.7000000000002 685.6000000000001 689.2 683.8000000000001 687.4000000000001 686.5 691.0000000000001 684.7 689.2 680.2000000000002 676.6 685.6000000000001 684.7000000000003 687.4000000000002 685.6 684.7000000000002 685.6000000000003 685.6000000000003 685.6000000000003 682.0000000000002 686.5000000000001 681.1000000000003 685.6000000000001 686.5000000000001 682.9000000000001 688.3 682.9 684.7000000000003 686.5 687.4000000000002 680.2000000000003 676.6000000000003 682.0000000000003 682.0000000000002 687.4000000000002 688.3000000000002 692.8000000000002 688.3000000000002 691.0 693.7 699.1 699.1 698.2

H cap
43.75 43.75 57.75 5.25 15.75 15.75 43.75 50.75 85.75 26.25 -26.25 33.25 54.25 89.25 110.25 22.75 22.75 64.75 54.25 75.25 96.25 22.75 -12.25 64.75 36.75 5.25 5.25 33.25 50.75 1.75 1.75 22.75 -1.75 -1.75 1.75 12.25 5.25 5.25 33.25 64.75 99.75 33.25 -29.75 5.25 36.75 29.75 8.75 47.25 5.25 -26.25 78.75 57.75 57.75 131.25 131.25 131.25 131.25 131.25 131.25 131.25 131.25
47.5 47.5 39.5 31.5 37.0 38.5 43.0 47.5 50.5 42.5 37.5 47.5 45.5 45.5 52.5 39.0 31.0 44.5 48.5 48.5 52.5 42.5 39.5 39.0 35.0 29.5 20.0 36.0 49.5 35.0 27.0 27.5 38.5 40.5 33.0 38.5 31.0 32.5 47.5 42.5 42.5 47.5 40.5 33.0 30.5 35.5 38.0 43.0 40.0 37.5 47.5 45.5 45.5 52.5 52.5 52.5 52.5 52.5 52.5 52.5 52.5
56.0 56.0 56.0 52.5 49.0 42.0 49.0 52.5 56.0 56.0 52.5 52.5 52.5 59.5 63.0 52.5 49.0 52.5 52.5 56.0 59.5 49.0 45.5 52.5 49.0 45.5 45.5 52.5 52.5 45.5 45.5 49.0 52.5 52.5 52.5 49.0 45.5 52.5 52.5 49.0 56.0 56.0 49.0 45.5 42.0 38.5 45.5 56.0 52.5 52.5 56.0 56.0 59.5 63.0 63.0 63.0 63.0 63.0 63.0 63.0 63.0
-27.75 -27.75 24.25 0.25 11.25 0.25 37.75 -13.75 -7.75 33.25 10.75 0.75 0.75 17.25 0.75 0.75 19.75 0.25 7.75 -17.75 -5.25 20.75 14.75 19.75 0.75 8.25 1.25 14.75 0.75 0.25 27.75 0.75 12.25 12.25 0.25 24.75 0.25 12.75 0.75 0.75 17.25 1.25 0.25 0.75 8.75 1.25 0.75 2.25 0.75 22.25 51.75 0.25 4.75 78.75 78.75 78.75 78.75 78.75 78.75 78.75 78.75

