T P M C
22 37 4 12

base obj
19.51923076923077

exp obj
22.993589743589745

Objective struct
19.51923076923077 0.6666666666666666 32.75

num campaigns
36

x
0 0 0 0 0 1 0 0 1 0 0 0 1 0 0 1 0 0 0 0 0 0
0 0 0 0 0 0 0 0 0 0 0 0 0 0 0 0 0 0 0 0 0 0
0 0 0 0 0 0 1 0 0 0 0 0 0 0 0 0 0 0 0 0 0 0
0 0 0 0 0 0 1 0 0 0 1 0 0 0 1 0 0 0 0 0 0 0
0 0 0 0 0 0 0 0 0 0 0 0 0 0 0 0 0 0 0 0 0 0
0 0 0 0 0 0 0 0 0 0 1 0 0 0 1 0 0 0 0 0 0 0
0 0 0 0 0 0 1 0 0 0 0 1 0 0 1 0 0 0 0 0 0 0
0 0 0 0 1 0 0 0 0 0 0 0 0 0 0 0 0 0 0 0 0 0
0 0 0 0 0 0 0 0 0 0 0 0 0 0 0 0 1 0 0 0 0 0
0 0 0 0 0 0 0 0 0 0 0 0 0 0 0 0 0 0 0 0 0 0
0 0 0 0 0 0 0 0 0 0 0 0 0 0 1 1 0 0 0 0 0 0
0 0 0 0 0 0 0 0 1 0 0 0 0 0 0 0 0 0 0 0 0 0
0 0 0 0 0 0 0 0 0 0 0 0 0 0 0 0 0 0 0 0 0 0
0 0 0 0 2 0 0 0 0 0 0 1 0 0 0 0 0 0 0 0 0 0
0 0 0 0 0 0 0 0 1 0 1 0 0 0 0 0 0 0 0 0 0 0
0 0 0 0 0 0 0 0 0 0 0 0 0 0 0 0 1 0 0 0 0 0
0 0 0 0 0 0 0 0 0 0 0 0 0 0 0 0 0 0 0 0 0 0
0 0 0 0 0 0 0 0 0 0 0 0 0 1 0 0 0 0 0 0 0 0
0 0 0 0 0 0 0 0 0 0 0 0 0 0 0 0 0 0 0 0 0 0
0 0 0 0 0 0 0 1 0 0 0 0 0 0 0 0 0 0 0 0 0 0
0 0 0 0 1 0 0 0 0 0 0 0 0 0 0 0 0 0 0 0 0 0
0 0 0 0 0 0 0 0 0 0 0 0 0 0 0 0 0 0 0 0 0 0
0 0 0 0 0 0 0 0 0 0 0 0 1 0 0 0 0 0 0 0 0 0
0 0 0 0 0 0 0 0 0 0 0 0 0 0 0 0 0 0 0 0 0 0
0 0 0 0 0 0 1 0 0 0 0 0 0 1 0 0 0 0 0 0 0 0
0 0 0 0 1 0 0 0 0 0 0 0 0 0 1 0 0 0 0 0 0 0
0 0 0 0 0 0 0 0 0 0 0 0 0 0 0 0 0 0 0 0 0 0
0 0 0 0 0 0 0 0 0 1 0 0 0 0 0 0 0 0 0 0 0 0
0 0 0 0 0 0 0 0 0 0 0 0 0 0 0 0 0 0 0 0 0 0
0 0 0 0 0 0 0 3 0 0 0 0 0 0 0 0 0 0 0 0 0 0
0 0 0 0 0 0 0 0 0 0 0 0 0 0 0 0 0 0 0 0 0 0
0 0 0 0 0 0 0 0 0 0 0 0 0 0 0 0 0 0 0 0 0 0
0 0 0 0 0 0 0 0 0 0 0 0 0 0 0 0 0 0 0 0 0 0
0 0 0 0 0 0 0 0 0 0 0 0 0 0 0 0 0 0 0 0 0 0
0 0 0 0 0 0 0 0 0 0 0 0 0 0 0 0 0 0 0 0 0 0
0 0 0 0 0 0 0 0 0 0 0 0 0 0 0 0 0 0 0 0 0 0
0 0 0 0 0 0 0 0 0 0 0 0 0 0 0 0 0 0 0 0 0 0

y
0.0 0.0 0.0 0.0 0.0 0.0 0.0 0.0 0.0 0.0 0.0 0.0 0.0 0.0 0.0 0.0 0.0 0.0 0.0 0.0 0.0 0.0 0.0 0.0 0.0 0.0 0.0 0.0 0.0 0.0 0.0 0.0 0.0 0.0 0.0 0.0 0.0

k
0 3 3 0 5 1 0 0 0 8 0 0 3 0 0 0 2 0 7 0 2 2 0 3 0 0 3 0 6 10 13 13 26 13 13 13 2

f
0.0 0.0 0.0 0.0 0.0 19.25 1.75 0.0 0.0 1.75 0.0 0.0 1.75 0.0 0.0 0.0 0.0 0.0 0.0 0.0 0.0 0.0
0.0 0.0 0.0 0.0 0.0 0.0 0.0 0.0 0.0 0.0 0.0 0.0 0.0 0.0 0.0 0.0 0.0 0.0 0.0 0.0 0.0 0.0
0.0 0.0 0.0 0.0 0.0 0.0 0.0 0.0 0.0 0.0 0.0 0.0 0.0 0.0 0.0 0.0 0.0 0.0 0.0 0.0 0.0 0.0
0.0 2.75 0.0 0.0 0.0 0.0 0.0 2.75 0.0 19.25 0.0 0.0 0.0 0.0 0.0 0.0 0.0 0.0 0.0 0.0 0.0 0.0

L
3 0 0 4 0 4 3 0 0 0 1 0 0 0 2 0 0 0 0 0 0 0 0 0 7 10 0 0 0 0 0 0 0 0 0 0 0

g
0 0 0 0 0 0 0 0 0 0 0 0 0 0 0 0 0 0 0 0 0 0
0 0 0 0 0 0 0 0 0 0 0 0 0 0 0 0 0 0 0 0 0 0
0 0 0 0 0 0 0 0 0 0 0 0 0 0 0 0 0 0 0 0 0 0
0 0 0 0 0 0 0 0 0 0 0 0 0 0 0 0 0 0 0 0 0 0
0 0 0 0 0 0 0 0 0 0 0 0 0 0 0 0 0 0 0 0 0 0
0 0 0 0 0 0 0 0 0 0 0 0 0 0 0 0 0 0 0 0 0 0
0 0 0 0 0 0 0 0 0 0 0 0 0 0 0 0 0 0 0 0 0 0
0 0 0 0 0 0 0 0 0 0 0 0 0 0 0 0 0 0 0 0 0 0
0 0 0 0 0 0 0 0 0 0 0 0 0 0 0 0 0 0 0 0 0 0
0 0 0 0 0 0 0 0 0 0 0 0 0 0 0 0 0 0 0 0 0 0
0 0 0 0 0 0 0 0 0 0 0 0 0 0 0 0 0 0 0 0 0 0
0 0 0 0 0 0 0 0 0 0 0 0 0 0 0 0 0 0 0 0 0 0
0 0 0 0 0 0 0 0 0 0 0 0 0 0 0 0 0 0 0 0 0 0
0 0 0 0 1 0 0 0 0 0 0 0 0 0 0 0 0 0 0 0 0 0
0 0 0 0 0 0 0 0 0 0 0 0 0 0 0 0 0 0 0 0 0 0
0 0 0 0 0 0 0 0 0 0 0 0 0 0 0 0 0 0 0 0 0 0
0 0 0 0 0 0 0 0 0 0 0 0 0 0 0 0 0 0 0 0 0 0
0 0 0 0 0 0 0 0 0 0 0 0 0 0 0 0 0 0 0 0 0 0
0 0 0 0 0 0 0 0 0 0 0 0 0 0 0 0 0 0 0 0 0 0
0 0 0 0 0 0 0 0 0 0 0 0 0 0 0 0 0 0 0 0 0 0
0 0 0 0 0 0 0 0 0 0 0 0 0 0 0 0 0 0 0 0 0 0
0 0 0 0 0 0 0 0 0 0 0 0 0 0 0 0 0 0 0 0 0 0
0 0 0 0 0 0 0 0 0 0 0 0 0 0 0 0 0 0 0 0 0 0
0 0 0 0 0 0 0 0 0 0 0 0 0 0 0 0 0 0 0 0 0 0
0 0 0 0 0 0 0 0 0 0 0 0 0 0 0 0 0 0 0 0 0 0
0 0 0 0 0 0 0 0 0 0 0 0 0 0 0 0 0 0 0 0 0 0
0 0 0 0 0 0 0 0 0 0 0 0 0 0 0 0 0 0 0 0 0 0
0 0 0 0 0 0 0 0 0 0 0 0 0 0 0 0 0 0 0 0 0 0
0 0 0 0 0 0 0 0 0 0 0 0 0 0 0 0 0 0 0 0 0 0
0 0 0 0 0 0 0 2 0 0 0 0 0 0 0 0 0 0 0 0 0 0
0 0 0 0 0 0 0 0 0 0 0 0 0 0 0 0 0 0 0 0 0 0
0 0 0 0 0 0 0 0 0 0 0 0 0 0 0 0 0 0 0 0 0 0
0 0 0 0 0 0 0 0 0 0 0 0 0 0 0 0 0 0 0 0 0 0
0 0 0 0 0 0 0 0 0 0 0 0 0 0 0 0 0 0 0 0 0 0
0 0 0 0 0 0 0 0 0 0 0 0 0 0 0 0 0 0 0 0 0 0
0 0 0 0 0 0 0 0 0 0 0 0 0 0 0 0 0 0 0 0 0 0
0 0 0 0 0 0 0 0 0 0 0 0 0 0 0 0 0 0 0 0 0 0

I cap
1058.909090909091 1058.909090909091 1021.909090909091 939.349090909091 1029.94 908.6599999999999 540.0399999999998 1003.48 610.52 814.6599999999999 372.2800000000001 560.08 834.4999999999999 767.98 415.3000000000001 604.549090909091 631.709090909091 879.3290909090911 930.969090909091 1045.709090909091 1058.909090909091 1058.909090909091
107.96969696969697 107.96969696969697 70.96969696969697 67.52969696969697 73.06 77.94 48.56 66.32000000000001 51.480000000000004 98.34 64.72000000000001 96.92 103.5 87.02 45.7 22.32969696969697 5.169696969696972 62.549696969696974 93.90969696969697 99.16969696969697 107.96969696969697 107.96969696969697
38.96666666666666 38.96666666666666 38.96666666666666 38.96666666666666 29.43333333333333 2.4000000000000004 1.6999999999999975 22.366666666666667 39.900000000000006 39.2 30.799999999999997 29.400000000000002 11.825 23.724999999999998 18.825 26.29166666666666 38.96666666666666 38.96666666666666 38.96666666666666 38.96666666666666 38.96666666666666 38.96666666666666
45.24545454545453 45.24545454545453 43.77545454545453 43.14545454545453 33.18 41.78999999999999 16.95999999999999 21.559999999999995 35.529999999999994 42.75999999999999 36.079999999999984 34.559999999999995 33.58 32.24999999999999 25.380000000000006 40.39545454545452 39.765454545454524 41.375454545454524 42.935454545454526 45.24545454545453 45.24545454545453 45.24545454545453
20.999999999999993 20.999999999999993 20.369999999999994 20.159999999999993 13.68 22.889999999999997 14.450000000000005 17.699999999999996 16.469999999999995 19.539999999999996 19.219999999999995 22.739999999999995 22.18 24.07 16.2 19.56999999999999 19.59999999999999 19.86999999999999 20.549999999999994 20.999999999999993 20.999999999999993 20.999999999999993
345.75757575757575 345.75757575757575 345.75757575757575 341.76757575757574 255.01 288.68 285.52 270.58 274.92 290.28000000000003 256.02 267.42 317.48 314.29 307.41999999999996 296.44757575757575 290.43757575757576 304.26757575757574 319.26757575757574 345.75757575757575 345.75757575757575 345.75757575757575
779.7575757575758 779.7575757575758 762.7475757575758 747.8375757575758 635.22 747.11 723.24 720.94 780.65 838.34 664.3399999999999 785.34 824.47 810.54 742.02 657.7875757575758 649.5175757575757 681.4375757575758 726.0575757575757 779.7575757575758 779.7575757575758 779.7575757575758
80.73333333333335 80.73333333333335 79.89333333333335 79.26333333333335 67.59 88.62 75.77999999999999 82.96 81.74999999999999 90.1 75.58000000000001 88.14000000000001 96.96000000000001 95.63 84.04 75.26333333333335 74.45333333333335 76.26333333333336 78.18333333333335 80.73333333333335 80.73333333333335 80.73333333333335
10.775757575757575 10.775757575757575 9.725757575757575 9.725757575757575 7.050000000000001 8.75 4.419999999999999 4.5200000000000005 1.4400000000000004 1.8399999999999999 1.4400000000000004 3.46 6.87 6.390000000000001 11.2 5.175757575757576 3.7757575757575754 5.525757575757575 7.625757575757575 10.775757575757575 10.775757575757575 10.775757575757575
2.545454545454545 2.545454545454545 2.545454545454545 1.915454545454545 2.17 0.5599999999999999 1.33 0.8400000000000002 0.3400000000000001 0.5400000000000003 0.8200000000000001 0.1399999999999999 0.5599999999999999 0.6300000000000002 0.8400000000000002 0.1754545454545452 0.26545454545454517 1.0754545454545452 1.195454545454545 2.545454545454545 2.545454545454545 2.545454545454545
8.515433299825174 8.515433299825174 8.515433299825174 8.515433299825174 6.912467471264367 7.367256551724137 5.66138810798548 6.9207195644283095 10.048158620689653 8.936167672413792 8.961154827586205 9.465893103448275 8.93603879310345 7.434843793103447 7.68502146551724 6.736265689655172 7.140244827586207 6.972234655172413 7.151165 7.808273706896552 7.546136159874608 8.31123
700.0 700.0 700.0 699.0 687.0 686.0 676.0 685.0 690.0 686.0 688.0 688.0 685.0 679.0 677.0 680.0 687.0 692.0 695.0 696.0 700.0 698.0

H cap
68.25 15.75 36.75 78.75 5.25 -19.25 -1.75 22.75 33.25 -1.75 19.25 1.75 -1.75 61.25 131.25 131.25 131.25 131.25 131.25 131.25 131.25 131.25
37.5 32.5 40.5 36.5 31.5 40.5 43.0 36.0 40.5 47.5 44.0 37.0 39.5 46.5 52.5 52.5 52.5 52.5 52.5 52.5 52.5 52.5
56.0 52.5 52.5 52.5 52.5 56.0 56.0 56.0 56.0 52.5 49.0 45.5 49.0 56.0 63.0 63.0 63.0 63.0 63.0 63.0 63.0 63.0
19.75 -2.75 0.25 10.75 0.25 9.75 15.75 -2.75 3.25 -19.25 0.75 19.25 25.25 50.25 78.75 78.75 78.75 78.75 78.75 78.75 78.75 78.75

