T P M C
35 37 4 12

base obj
17.394444444444446

exp obj
21.388333333333335

Objective struct
17.394444444444446 0.77 32.6

num campaigns
79

x
0 0 0 0 0 0 0 0 0 1 0 0 0 1 0 0 1 0 0 1 0 0 0 1 0 1 0 1 0 0 0 0 0 0 0
0 0 0 0 0 0 0 0 0 0 0 0 0 0 0 0 0 0 0 0 0 0 0 0 0 0 0 0 0 0 0 0 0 0 0
0 0 0 0 0 0 0 0 0 0 0 0 0 0 0 0 0 0 0 0 0 0 0 0 0 0 0 0 0 0 0 0 0 0 0
0 0 0 0 0 0 0 0 1 0 0 1 1 0 1 0 0 1 0 0 0 0 0 0 0 0 0 0 0 1 0 0 0 0 0
0 0 0 0 0 0 0 0 0 0 0 3 0 0 1 0 0 0 0 0 0 0 0 0 0 0 0 0 0 1 0 0 0 0 0
0 0 0 0 0 0 0 0 0 0 0 0 0 0 0 0 0 0 0 0 0 0 0 0 0 0 0 0 0 2 0 0 0 0 0
0 0 0 0 0 0 0 0 0 0 0 1 0 0 1 1 0 0 1 0 1 1 0 0 0 0 0 0 0 0 0 0 0 0 0
0 0 0 0 0 0 0 0 0 0 0 0 0 0 0 0 0 0 0 0 0 0 0 1 0 1 0 0 0 0 0 0 0 0 0
0 0 0 0 0 0 1 0 0 0 0 0 0 0 0 0 0 0 0 0 0 0 0 0 0 0 0 0 0 0 0 0 0 0 0
0 0 0 0 0 0 0 0 0 0 0 0 0 0 0 0 0 0 0 0 0 0 0 0 0 0 0 0 0 0 0 0 0 0 0
0 0 0 0 0 0 0 0 0 1 1 0 0 0 1 0 0 0 0 0 0 0 0 0 0 0 0 0 0 0 0 0 0 0 0
0 0 0 0 0 0 0 0 0 0 0 0 0 1 0 0 0 1 0 0 0 0 0 0 0 0 0 0 0 0 0 0 0 0 0
0 0 0 0 0 0 0 0 0 0 0 0 0 0 0 0 0 0 0 0 0 0 0 0 0 0 0 0 0 0 0 0 0 0 0
0 0 0 0 0 0 0 0 0 0 0 0 0 0 0 0 0 0 0 0 0 0 0 0 0 0 0 0 0 0 0 0 0 0 0
0 0 0 0 0 0 0 0 0 0 0 0 0 0 0 0 0 0 0 1 0 0 0 0 0 0 0 0 0 0 0 0 0 0 0
0 0 0 0 0 0 0 0 0 0 0 0 0 0 0 0 0 0 0 0 0 0 0 1 0 0 0 0 0 0 0 0 0 0 0
0 0 0 0 0 0 0 0 0 0 1 0 0 0 0 1 0 0 0 0 0 0 0 0 0 0 0 0 1 0 0 0 0 0 0
0 0 0 0 0 0 0 0 0 0 0 0 0 0 0 0 0 1 0 0 0 0 0 0 0 0 0 1 0 0 0 0 0 0 0
0 0 0 0 0 0 0 0 0 0 0 0 0 0 0 0 0 0 0 0 0 0 0 0 0 0 0 0 0 0 0 0 0 0 0
0 0 0 0 0 0 0 0 0 0 0 0 0 0 0 0 0 0 0 0 0 0 0 0 0 0 1 0 0 0 0 0 0 0 0
0 0 0 0 0 0 0 0 0 0 0 1 0 0 0 0 0 0 0 0 1 0 0 0 0 0 0 0 0 1 0 0 0 0 0
0 0 0 0 1 0 1 0 0 0 0 0 0 0 0 0 0 0 0 0 0 0 0 0 0 0 0 0 0 0 0 0 0 0 0
0 0 0 0 0 0 0 0 0 0 0 0 0 0 0 0 1 0 0 0 0 1 0 0 0 0 0 0 0 0 0 0 0 0 0
0 0 0 0 0 0 0 0 0 0 0 1 1 0 1 0 0 0 1 0 0 0 0 0 1 0 0 0 0 0 0 0 0 0 0
0 0 0 0 0 0 0 0 0 1 0 0 0 0 0 0 0 0 0 0 0 1 0 0 0 0 0 1 0 0 0 0 0 0 0
0 0 0 0 0 0 0 0 0 0 0 0 0 0 1 0 1 0 0 0 0 0 1 0 0 0 0 0 0 1 0 0 0 0 0
0 0 0 0 0 0 0 0 1 0 0 0 1 1 0 0 0 0 0 0 0 0 0 0 0 1 0 0 0 0 0 0 0 0 0
0 0 0 0 0 0 0 0 0 0 0 0 0 0 0 0 0 0 0 0 0 1 0 0 0 0 0 0 0 0 0 0 0 0 0
0 0 0 0 0 0 0 0 0 0 0 0 0 0 0 0 0 0 0 0 0 0 0 0 0 0 0 0 0 0 0 0 0 0 0
0 0 0 0 0 0 0 0 0 0 0 1 0 0 0 0 0 0 0 0 0 0 0 0 0 3 3 0 0 1 0 0 0 0 0
0 0 0 0 0 0 0 0 0 0 0 0 0 0 0 0 0 0 0 0 0 0 0 0 0 5 0 0 0 0 0 0 0 0 0
0 0 0 0 0 0 0 0 0 0 0 0 0 0 0 0 0 0 0 0 0 0 0 0 0 0 0 0 0 0 0 0 0 0 0
0 0 0 0 0 0 0 0 0 0 0 0 0 0 0 0 0 0 0 0 0 0 0 0 0 0 0 0 0 0 0 0 0 0 0
0 0 0 0 0 0 0 0 0 0 0 0 0 0 0 0 0 0 0 0 0 0 0 0 0 0 0 0 0 0 0 0 0 0 0
0 0 0 0 0 0 0 0 0 0 0 0 0 0 0 0 0 0 0 0 0 0 0 0 0 0 0 0 0 0 0 0 0 0 0
0 0 0 0 0 0 0 0 0 0 0 0 0 0 0 0 0 0 0 0 0 0 0 0 0 0 0 0 0 0 0 0 0 0 0
0 0 0 0 0 0 0 0 0 0 0 0 0 0 0 0 0 0 0 0 0 0 0 0 0 0 0 0 0 0 0 0 0 0 0

y
0.0 0.0 0.0 0.0 0.0 0.0 0.0 0.0 0.0 0.0 0.0 0.0 0.0 0.0 0.0 0.0 0.0 0.0 0.0 0.0 4.0 0.0 0.0 0.0 0.0 0.0 0.0 0.0 0.0 0.0 0.0 0.0 0.0 0.0 0.0 0.0 0.0

k
0 6 7 0 4 4 0 0 0 15 0 0 6 6 3 0 0 0 13 0 3 1 0 0 0 0 1 0 11 18 21 26 52 26 26 26 3

f
0.0 0.0 0.0 0.0 0.0 0.0 0.0 0.0 0.0 0.0 1.75 0.0 0.0 12.25 0.0 0.0 0.0 0.0 0.0 8.75 19.25 1.75 1.75 0.0 0.0 0.0 0.0 0.0 0.0 0.0 0.0 0.0 0.0 0.0 0.0
0.0 0.0 0.0 0.0 0.0 0.0 0.0 0.0 0.0 0.0 0.0 0.0 0.0 0.0 0.0 0.0 0.0 0.0 0.0 0.0 0.0 0.0 0.0 0.0 0.0 0.0 0.0 0.0 0.0 0.0 0.0 0.0 0.0 0.0 0.0
0.0 0.0 0.0 0.0 0.0 0.0 0.0 0.0 0.0 0.0 0.0 0.0 0.0 0.0 0.0 0.0 0.0 0.0 0.0 0.0 0.0 0.0 0.0 0.0 0.0 0.0 0.0 0.0 0.0 0.0 0.0 0.0 0.0 0.0 0.0
5.25 5.25 11.25 11.25 0.0 0.0 6.25 0.0 0.0 0.0 1.25 0.0 0.0 0.0 0.0 2.25 0.0 0.0 0.25 0.0 1.25 0.0 0.0 0.0 5.75 0.0 0.0 0.0 0.0 0.0 0.0 0.0 0.0 0.0 0.0

L
2 0 0 1 0 0 1 2 0 0 1 4 0 0 0 0 5 10 0 0 9 2 5 1 6 2 1 0 0 0 0 0 0 0 0 0 0

g
0 0 0 0 0 0 0 0 0 0 0 0 0 0 0 0 0 0 0 0 0 0 0 0 0 0 0 0 0 0 0 0 0 0 0
0 0 0 0 0 0 0 0 0 0 0 0 0 0 0 0 0 0 0 0 0 0 0 0 0 0 0 0 0 0 0 0 0 0 0
0 0 0 0 0 0 0 0 0 0 0 0 0 0 0 0 0 0 0 0 0 0 0 0 0 0 0 0 0 0 0 0 0 0 0
0 0 0 0 0 0 0 0 0 0 0 0 0 0 0 0 0 0 0 0 0 0 0 0 0 0 0 0 0 0 0 0 0 0 0
0 0 0 0 0 0 0 0 0 0 0 2 0 0 0 0 0 0 0 0 0 0 0 0 0 0 0 0 0 0 0 0 0 0 0
0 0 0 0 0 0 0 0 0 0 0 0 0 0 0 0 0 0 0 0 0 0 0 0 0 0 0 0 0 1 0 0 0 0 0
0 0 0 0 0 0 0 0 0 0 0 0 0 0 0 0 0 0 0 0 0 0 0 0 0 0 0 0 0 0 0 0 0 0 0
0 0 0 0 0 0 0 0 0 0 0 0 0 0 0 0 0 0 0 0 0 0 0 0 0 0 0 0 0 0 0 0 0 0 0
0 0 0 0 0 0 0 0 0 0 0 0 0 0 0 0 0 0 0 0 0 0 0 0 0 0 0 0 0 0 0 0 0 0 0
0 0 0 0 0 0 0 0 0 0 0 0 0 0 0 0 0 0 0 0 0 0 0 0 0 0 0 0 0 0 0 0 0 0 0
0 0 0 0 0 0 0 0 0 0 0 0 0 0 0 0 0 0 0 0 0 0 0 0 0 0 0 0 0 0 0 0 0 0 0
0 0 0 0 0 0 0 0 0 0 0 0 0 0 0 0 0 0 0 0 0 0 0 0 0 0 0 0 0 0 0 0 0 0 0
0 0 0 0 0 0 0 0 0 0 0 0 0 0 0 0 0 0 0 0 0 0 0 0 0 0 0 0 0 0 0 0 0 0 0
0 0 0 0 0 0 0 0 0 0 0 0 0 0 0 0 0 0 0 0 0 0 0 0 0 0 0 0 0 0 0 0 0 0 0
0 0 0 0 0 0 0 0 0 0 0 0 0 0 0 0 0 0 0 0 0 0 0 0 0 0 0 0 0 0 0 0 0 0 0
0 0 0 0 0 0 0 0 0 0 0 0 0 0 0 0 0 0 0 0 0 0 0 0 0 0 0 0 0 0 0 0 0 0 0
0 0 0 0 0 0 0 0 0 0 0 0 0 0 0 0 0 0 0 0 0 0 0 0 0 0 0 0 0 0 0 0 0 0 0
0 0 0 0 0 0 0 0 0 0 0 0 0 0 0 0 0 0 0 0 0 0 0 0 0 0 0 0 0 0 0 0 0 0 0
0 0 0 0 0 0 0 0 0 0 0 0 0 0 0 0 0 0 0 0 0 0 0 0 0 0 0 0 0 0 0 0 0 0 0
0 0 0 0 0 0 0 0 0 0 0 0 0 0 0 0 0 0 0 0 0 0 0 0 0 0 0 0 0 0 0 0 0 0 0
0 0 0 0 0 0 0 0 0 0 0 0 0 0 0 0 0 0 0 0 0 0 0 0 0 0 0 0 0 0 0 0 0 0 0
0 0 0 0 0 0 0 0 0 0 0 0 0 0 0 0 0 0 0 0 0 0 0 0 0 0 0 0 0 0 0 0 0 0 0
0 0 0 0 0 0 0 0 0 0 0 0 0 0 0 0 0 0 0 0 0 0 0 0 0 0 0 0 0 0 0 0 0 0 0
0 0 0 0 0 0 0 0 0 0 0 0 0 0 0 0 0 0 0 0 0 0 0 0 0 0 0 0 0 0 0 0 0 0 0
0 0 0 0 0 0 0 0 0 0 0 0 0 0 0 0 0 0 0 0 0 0 0 0 0 0 0 0 0 0 0 0 0 0 0
0 0 0 0 0 0 0 0 0 0 0 0 0 0 0 0 0 0 0 0 0 0 0 0 0 0 0 0 0 0 0 0 0 0 0
0 0 0 0 0 0 0 0 0 0 0 0 0 0 0 0 0 0 0 0 0 0 0 0 0 0 0 0 0 0 0 0 0 0 0
0 0 0 0 0 0 0 0 0 0 0 0 0 0 0 0 0 0 0 0 0 0 0 0 0 0 0 0 0 0 0 0 0 0 0
0 0 0 0 0 0 0 0 0 0 0 0 0 0 0 0 0 0 0 0 0 0 0 0 0 0 0 0 0 0 0 0 0 0 0
0 0 0 0 0 0 0 0 0 0 0 0 0 0 0 0 0 0 0 0 0 0 0 0 0 2 2 0 0 0 0 0 0 0 0
0 0 0 0 0 0 0 0 0 0 0 0 0 0 0 0 0 0 0 0 0 0 0 0 0 4 0 0 0 0 0 0 0 0 0
0 0 0 0 0 0 0 0 0 0 0 0 0 0 0 0 0 0 0 0 0 0 0 0 0 0 0 0 0 0 0 0 0 0 0
0 0 0 0 0 0 0 0 0 0 0 0 0 0 0 0 0 0 0 0 0 0 0 0 0 0 0 0 0 0 0 0 0 0 0
0 0 0 0 0 0 0 0 0 0 0 0 0 0 0 0 0 0 0 0 0 0 0 0 0 0 0 0 0 0 0 0 0 0 0
0 0 0 0 0 0 0 0 0 0 0 0 0 0 0 0 0 0 0 0 0 0 0 0 0 0 0 0 0 0 0 0 0 0 0
0 0 0 0 0 0 0 0 0 0 0 0 0 0 0 0 0 0 0 0 0 0 0 0 0 0 0 0 0 0 0 0 0 0 0
0 0 0 0 0 0 0 0 0 0 0 0 0 0 0 0 0 0 0 0 0 0 0 0 0 0 0 0 0 0 0 0 0 0 0

I cap
1058.909090909091 1058.909090909091 1058.909090909091 1058.909090909091 1316.0 1194.47 1270.4 1291.038 727.168 937.217 889.6070000000001 483.7240000000001 500.88599999999997 660.187 422.01300000000003 590.483090909091 575.8340909090911 514.749090909091 641.1180909090909 781.2430909090909 806.114090909091 626.393090909091 539.259090909091 548.8540909090912 649.6680909090911 577.8860909090911 672.0120909090911 767.734090909091 824.259090909091 360.3740909090911 681.0180909090909 768.475090909091 978.6530909090909 1058.909090909091 672.0
107.96969696969697 107.96969696969697 107.96969696969697 107.96969696969697 133.0 114.98 102.6 104.712 84.382 91.33300000000001 66.09300000000002 35.47600000000001 57.01400000000001 41.51300000000001 26.33700000000002 36.79569696969698 60.94469696969698 30.829696969696986 65.01069696969697 75.93569696969698 95.71469696969697 55.03569696969696 53.819696969696956 8.124696969696966 23.780696969696965 10.06269696969697 26.32669696969696 62.84469696969697 67.11969696969697 69.30469696969698 93.51069696969698 97.25369696969697 104.62569696969697 107.96969696969697 84.0
38.96666666666666 38.96666666666666 38.96666666666666 38.96666666666666 44.099999999999994 42.0 41.3 38.5 39.900000000000006 39.2 30.799999999999997 15.46666666666667 10.566666666666668 22.46666666666667 31.5 38.96666666666666 26.925416666666663 26.925416666666663 26.925416666666663 26.925416666666663 25.03333333333333 25.03333333333333 25.03333333333333 38.96666666666666 15.279999999999994 15.279999999999994 11.598749999999994 26.925416666666663 26.925416666666663 12.992083333333332 25.03333333333333 25.03333333333333 38.96666666666666 38.96666666666666 23.8
45.24545454545453 45.24545454545453 45.24545454545453 45.24545454545453 35.7 42.105 40.907999999999994 43.7395 35.8155 41.721999999999994 35.36949999999999 27.400499999999997 30.512999999999998 29.214499999999994 22.253500000000003 40.628454545454524 43.848954545454525 39.43145454545452 42.908454545454525 42.708954545454525 44.44745454545453 42.65195454545452 42.65195454545452 40.656954545454525 24.098454545454523 5.00345454545452 21.352954545454516 40.17245454545452 36.93295454545452 31.28045454545452 42.214954545454525 42.813454545454526 42.813454545454526 45.24545454545453 42.0
20.999999999999993 20.999999999999993 20.999999999999993 20.999999999999993 14.700000000000001 23.514999999999997 21.244000000000003 22.634500000000003 17.592499999999994 20.034 23.2015 20.788499999999996 20.421 24.307000000000006 17.098499999999998 20.144999999999992 20.534499999999994 17.627499999999994 20.144999999999992 20.078499999999995 20.733999999999995 20.00249999999999 20.00249999999999 19.166499999999992 18.339999999999993 2.721999999999996 3.9474999999999962 5.685999999999993 19.660499999999995 15.75599999999999 19.58449999999999 19.783999999999992 19.783999999999992 20.999999999999993 21.0
345.75757575757575 345.75757575757575 345.75757575757575 345.75757575757575 259.0 294.0 322.0 297.2095 301.9645 296.99600000000004 251.43850000000003 225.49399999999997 275.0765 301.021 266.98550000000006 293.66907575757574 275.25807575757574 281.00557575757574 325.6365757575757 320.5730757575758 328.16357575757576 325.6365757575757 288.39657575757576 289.41307575757577 301.28807575757577 301.77257575757574 313.17257575757577 316.9630757575758 312.35557575757576 274.04207575757573 304.8695757575757 345.75757575757575 345.75757575757575 345.75757575757575 245.0
779.7575757575758 779.7575757575758 779.7575757575758 779.7575757575758 672.0 760.915 852.064 811.2895 839.3725000000001 860.904 788.83 762.4250000000001 777.394 799.4055 719.1715 686.6765757575758 706.3510757575758 637.7800757575758 717.5990757575759 708.2225757575759 745.5100757575758 719.9075757575758 688.1585757575758 668.9210757575759 683.7505757575758 662.1190757575758 671.5525757575758 700.3375757575758 716.0125757575759 573.1230757575759 687.1990757575757 725.6455757575757 725.6455757575757 779.7575757575758 630.0
80.73333333333335 80.73333333333335 80.73333333333335 80.73333333333335 69.3 88.02000000000001 80.352 86.87349999999999 84.0675 92.30199999999999 82.53699999999999 87.428 96.49300000000001 95.08049999999999 85.1415 77.48433333333334 79.33683333333335 74.80533333333335 77.48433333333334 77.28483333333334 79.93533333333335 78.73833333333334 78.73833333333334 77.51283333333335 75.74583333333332 72.92433333333331 75.22333333333333 78.53883333333334 77.94983333333334 71.67983333333333 77.09483333333336 77.69333333333336 77.69333333333336 80.73333333333335 48.300000000000004
10.775757575757575 10.775757575757575 10.775757575757575 10.775757575757575 8.4 9.8 9.1 9.1 7.520000000000001 4.54 1.2215000000000007 0.41100000000000136 2.149500000000001 2.9600000000000013 2.08 2.1972575757575754 0.6867575757575768 1.2567575757575766 7.327257575757576 6.282257575757575 7.327257575757576 6.329757575757576 1.2187575757575755 1.8457575757575748 3.7932575757575746 3.2232575757575748 4.3157575757575755 5.218257575757575 5.854757575757575 0.6867575757575768 4.705257575757576 10.775757575757575 10.775757575757575 10.775757575757575 8.4
2.545454545454545 2.545454545454545 2.545454545454545 2.545454545454545 2.8 0.5449999999999999 1.432 0.7035000000000001 1.5174999999999998 1.302 2.002 0.20300000000000007 0.20300000000000007 0.36150000000000004 0.019500000000000184 0.664454545454545 1.148954545454545 0.2084545454545449 0.664454545454545 0.46495454545454495 1.747454545454545 1.348454545454545 1.348454545454545 1.148954545454545 1.148954545454545 0.550454545454545 0.550454545454545 1.148954545454545 1.148954545454545 1.946954545454545 1.946954545454545 2.545454545454545 2.545454545454545 2.545454545454545 2.8000000000000003
8.515433299825174 8.515433299825174 8.515433299825174 8.515433299825174 7.257295057471263 8.224153103448275 7.578851810344828 8.780066379310345 10.242986043103446 8.649702163793103 9.011154836206895 7.0538243103448295 7.496383456896552 6.500102086206896 7.417779758620689 6.825920698275862 7.276193103448277 7.37051051724138 7.0184063793103455 7.000773706896552 6.406136159874609 7.840367767241379 8.727603629310345 7.244974836206897 5.3406690804597705 3.9620667327586196 5.36176501724138 8.533668801724138 8.260791206896553 7.2121558620689665 8.967813620689656 9.264028448275862 7.811086206896552 7.6971802011494255 11.625719885057473
700.0 700.0 700.0 698.1 695.25 692.4 689.55 690.5 687.65 676.2499999999999 685.7499999999999 665.7999999999997 681.9499999999997 683.8499999999997 682.8999999999997 681.9499999999997 680.9999999999999 685.7500000000001 682.8999999999997 692.4 687.65 683.8499999999999 680.9999999999998 681.95 684.8 685.75 687.6499999999999 687.65 687.65 680.0500000000001 691.4499999999998 694.2999999999998 696.1999999999999 696.1999999999999 692.4000000000001

H cap
96.25 96.25 61.25 61.25 103.25 29.75 36.75 36.75 19.25 12.25 -1.75 57.75 22.75 -12.25 54.25 5.25 5.25 19.25 40.25 -8.75 -19.25 -1.75 -1.75 22.75 22.75 19.25 29.75 131.25 131.25 131.25 131.25 131.25 131.25 131.25 131.25
52.5 52.5 49.5 49.5 47.0 40.0 38.5 32.0 33.5 37.0 34.0 37.0 40.5 43.0 46.0 40.5 40.5 48.5 50.5 39.5 39.5 15.5 6.5 38.5 42.5 36.0 41.0 52.5 52.5 52.5 52.5 52.5 52.5 52.5 52.5
59.5 59.5 56.0 56.0 56.0 49.0 49.0 38.5 35.0 45.5 38.5 42.0 49.0 45.5 52.5 52.5 56.0 59.5 56.0 49.0 49.0 49.0 49.0 52.5 52.5 49.0 52.5 63.0 63.0 63.0 63.0 63.0 63.0 63.0 63.0
-5.25 -5.25 -11.25 -11.25 65.25 1.25 -6.25 16.25 0.25 0.75 -1.25 20.25 0.25 0.25 34.75 -2.25 18.25 0.25 -0.25 17.75 -1.25 0.75 12.25 0.75 -5.75 0.75 19.25 78.75 78.75 78.75 78.75 78.75 78.75 78.75 78.75

