T P M C
35 37 4 12

base obj
17.256837606837607

exp obj
21.035128205128203

Objective struct
17.256837606837607 0.29 32.08

num campaigns
72

x
0 0 0 0 0 0 0 0 0 0 1 0 0 0 1 1 0 1 0 0 1 0 0 0 1 1 0 0 0 0 0 0 0 0 0
0 0 0 0 0 0 0 0 0 0 0 0 0 0 0 0 0 0 0 0 0 0 0 0 0 0 0 0 0 0 0 0 0 0 0
0 0 0 0 0 0 0 0 0 0 0 0 0 0 0 0 0 0 0 0 0 0 0 0 0 0 0 0 0 0 0 0 0 0 0
0 0 0 0 0 0 0 0 0 0 0 0 0 0 0 0 1 0 1 1 0 0 1 0 1 0 0 1 0 0 0 0 0 0 0
0 0 0 0 0 1 0 0 0 0 0 1 0 0 0 0 0 0 0 3 0 0 0 0 1 1 0 0 0 0 0 0 0 0 0
0 0 0 0 0 0 0 0 0 0 0 0 0 0 0 0 0 1 0 0 0 0 0 0 0 0 0 0 0 0 0 0 0 0 0
0 0 0 0 0 0 0 0 0 0 0 1 0 0 1 0 0 0 0 0 0 0 0 1 0 1 1 1 0 0 0 0 0 0 0
0 0 0 0 0 0 0 0 0 0 0 0 0 1 0 0 0 0 0 0 0 0 1 0 0 0 0 0 0 0 0 0 0 0 0
0 0 0 0 0 0 0 0 0 0 0 0 0 0 0 0 0 0 0 0 0 0 0 0 0 0 0 0 0 1 0 0 0 0 0
0 0 0 0 0 0 0 0 0 0 0 0 0 0 0 0 0 0 0 0 0 0 0 0 0 0 0 0 0 0 0 0 0 0 0
0 0 0 0 0 0 0 0 0 1 0 0 0 0 0 1 0 0 0 0 0 0 0 1 0 0 0 0 0 0 0 0 0 0 0
0 0 0 0 0 0 0 0 0 0 0 0 0 0 0 0 0 0 0 0 1 0 0 0 0 0 0 0 0 1 0 0 0 0 0
0 0 0 0 0 0 0 0 0 0 0 0 0 0 0 0 0 0 0 0 0 0 0 0 0 0 0 0 0 0 0 0 0 0 0
0 0 0 0 0 0 0 0 0 0 0 0 0 0 0 0 0 0 1 0 0 0 0 0 0 0 0 0 0 0 0 0 0 0 0
0 0 0 0 0 0 0 0 0 1 0 0 0 0 0 0 0 0 0 0 0 0 0 0 0 0 0 0 0 0 0 0 0 0 0
0 0 0 0 1 0 0 0 0 0 0 0 0 0 0 0 0 0 0 0 0 0 0 0 0 0 0 0 0 0 0 0 0 0 0
0 0 0 0 0 0 0 0 0 0 0 0 0 0 0 0 0 0 1 0 0 0 0 0 0 1 0 0 1 0 0 0 0 0 0
0 0 0 0 0 0 0 0 0 0 0 0 0 0 0 0 0 0 0 0 0 0 1 0 0 0 1 0 0 0 0 0 0 0 0
0 0 0 0 0 0 0 0 0 0 0 0 0 0 0 0 0 0 0 0 0 0 0 0 0 0 0 0 0 0 0 0 0 0 0
0 0 0 0 0 0 0 0 0 0 0 0 0 0 0 0 0 0 0 0 0 0 0 0 0 0 1 0 0 0 0 0 0 0 0
0 0 0 0 0 0 1 0 1 0 0 0 0 0 0 0 0 0 0 1 0 0 0 0 0 0 0 1 0 0 0 0 0 0 0
0 0 0 0 0 0 0 1 0 0 0 0 1 0 0 0 0 0 0 0 0 0 0 0 0 0 0 0 0 1 0 0 0 0 0
0 0 0 0 0 0 0 0 0 1 0 0 0 0 0 0 0 0 0 0 1 0 0 0 0 0 0 0 0 0 0 0 0 0 0
0 0 0 0 0 1 0 0 0 0 0 0 0 0 0 0 1 0 0 0 0 1 0 1 0 0 1 0 0 0 0 0 0 0 0
0 0 0 0 0 1 0 0 0 0 0 0 0 0 1 0 0 0 0 0 0 0 0 0 0 0 0 1 0 0 0 0 0 0 0
0 0 0 0 0 0 0 0 0 0 0 0 0 0 0 0 1 0 0 1 0 0 0 1 0 1 0 0 0 0 0 0 0 0 0
0 0 0 0 0 0 0 0 0 0 0 0 0 0 0 0 1 0 0 0 0 0 1 1 0 0 0 0 0 0 0 0 0 0 0
0 0 0 0 0 0 0 0 0 0 0 0 0 0 0 0 0 0 0 0 0 0 0 0 0 0 0 1 0 0 0 0 0 0 0
0 0 0 0 0 0 0 0 0 0 0 0 0 0 0 0 0 0 0 0 0 0 0 0 0 0 0 0 0 0 0 0 0 0 0
0 0 0 0 0 0 0 0 0 0 0 0 0 0 0 0 1 0 0 2 0 0 0 0 0 0 0 0 0 0 0 0 0 0 0
0 0 0 0 0 0 0 0 0 0 0 0 0 0 0 0 0 0 0 0 0 0 0 0 0 0 0 0 0 0 0 0 0 0 0
0 0 0 0 0 0 0 0 0 0 0 0 0 0 0 0 0 0 0 0 0 0 0 0 0 0 0 0 0 0 0 0 0 0 0
0 0 0 0 0 0 0 0 0 0 0 0 0 0 0 0 0 0 0 0 0 0 0 0 0 0 0 0 0 0 0 0 0 0 0
0 0 0 0 0 0 0 0 0 0 0 0 0 0 0 0 0 0 0 0 0 0 0 0 0 0 0 0 0 0 0 0 0 0 0
0 0 0 0 0 0 0 0 0 0 0 0 0 0 0 0 0 0 0 0 0 0 0 0 0 0 0 0 0 0 0 0 0 0 0
0 0 0 0 0 0 0 0 0 0 0 0 0 0 0 0 0 0 0 0 0 0 0 0 0 0 0 0 0 0 0 0 0 0 0
0 0 0 0 0 0 0 0 0 0 0 0 0 0 0 0 0 0 0 0 0 0 0 0 0 0 0 0 0 0 0 0 0 0 0

y
0.0 0.0 0.0 0.0 0.0 0.0 0.0 0.0 0.0 0.0 0.0 0.0 0.0 0.0 0.0 0.0 0.0 0.0 0.0 0.0 0.0 0.0 0.0 0.0 0.0 0.0 0.0 0.0 0.0 0.0 0.0 0.0 0.0 0.0 0.0 0.0 0.0

k
0 6 7 0 2 5 0 0 0 15 0 0 6 5 3 0 0 0 13 0 2 0 0 0 0 0 2 0 11 23 26 26 52 26 26 26 3

f
0.0 0.0 0.0 0.0 0.0 0.0 4.200000000000003 0.0 0.0 0.0 0.0 0.0 0.0 0.0 0.0 0.0 4.200000000000012 0.0 0.0 16.800000000000008 0.0 10.500000000000009 4.200000000000012 0.0 0.0 0.0 0.0 0.0 0.0 0.0 0.0 0.0 0.0 0.0 0.0
0.0 0.0 0.0 0.0 0.0 0.0 0.0 0.0 0.0 0.0 0.0 0.0 0.0 0.0 0.0 0.0 0.0 0.0 0.0 0.0 0.0 0.0 0.0 0.0 0.0 0.0 0.0 0.0 0.0 0.0 0.0 0.0 0.0 0.0 0.0
0.0 0.0 0.0 0.0 0.0 0.0 0.0 0.0 0.0 0.0 0.0 0.0 0.0 0.0 0.0 0.0 0.0 0.0 0.0 0.0 0.0 0.0 0.0 0.0 0.0 0.0 0.0 0.0 0.0 0.0 0.0 0.0 0.0 0.0 0.0
0.0 3.552713678800501e-15 0.0 0.0 0.0 0.0 3.150000000000002 0.0 8.43769498715119e-15 7.200000000000003 0.0 1.4432899320127035e-15 0.0 0.0 7.105427357601002e-15 0.0 8.881784197001252e-16 0.45000000000000284 0.0 0.0 0.0 0.0 0.0 0.0 0.0 27.90000000000002 11.250000000000014 0.0 0.0 0.0 0.0 0.0 0.0 0.0 0.0

L
1 0 0 1 0 0 1 9 0 0 6 9 0 0 0 0 3 4 0 0 2 5 11 2 9 2 1 0 0 0 0 0 0 0 0 0 0

g
0 0 0 0 0 0 0 0 0 0 0 0 0 0 0 0 0 0 0 0 0 0 0 0 0 0 0 0 0 0 0 0 0 0 0
0 0 0 0 0 0 0 0 0 0 0 0 0 0 0 0 0 0 0 0 0 0 0 0 0 0 0 0 0 0 0 0 0 0 0
0 0 0 0 0 0 0 0 0 0 0 0 0 0 0 0 0 0 0 0 0 0 0 0 0 0 0 0 0 0 0 0 0 0 0
0 0 0 0 0 0 0 0 0 0 0 0 0 0 0 0 0 0 0 0 0 0 0 0 0 0 0 0 0 0 0 0 0 0 0
0 0 0 0 0 0 0 0 0 0 0 0 0 0 0 0 0 0 0 2 0 0 0 0 0 0 0 0 0 0 0 0 0 0 0
0 0 0 0 0 0 0 0 0 0 0 0 0 0 0 0 0 0 0 0 0 0 0 0 0 0 0 0 0 0 0 0 0 0 0
0 0 0 0 0 0 0 0 0 0 0 0 0 0 0 0 0 0 0 0 0 0 0 0 0 0 0 0 0 0 0 0 0 0 0
0 0 0 0 0 0 0 0 0 0 0 0 0 0 0 0 0 0 0 0 0 0 0 0 0 0 0 0 0 0 0 0 0 0 0
0 0 0 0 0 0 0 0 0 0 0 0 0 0 0 0 0 0 0 0 0 0 0 0 0 0 0 0 0 0 0 0 0 0 0
0 0 0 0 0 0 0 0 0 0 0 0 0 0 0 0 0 0 0 0 0 0 0 0 0 0 0 0 0 0 0 0 0 0 0
0 0 0 0 0 0 0 0 0 0 0 0 0 0 0 0 0 0 0 0 0 0 0 0 0 0 0 0 0 0 0 0 0 0 0
0 0 0 0 0 0 0 0 0 0 0 0 0 0 0 0 0 0 0 0 0 0 0 0 0 0 0 0 0 0 0 0 0 0 0
0 0 0 0 0 0 0 0 0 0 0 0 0 0 0 0 0 0 0 0 0 0 0 0 0 0 0 0 0 0 0 0 0 0 0
0 0 0 0 0 0 0 0 0 0 0 0 0 0 0 0 0 0 0 0 0 0 0 0 0 0 0 0 0 0 0 0 0 0 0
0 0 0 0 0 0 0 0 0 0 0 0 0 0 0 0 0 0 0 0 0 0 0 0 0 0 0 0 0 0 0 0 0 0 0
0 0 0 0 0 0 0 0 0 0 0 0 0 0 0 0 0 0 0 0 0 0 0 0 0 0 0 0 0 0 0 0 0 0 0
0 0 0 0 0 0 0 0 0 0 0 0 0 0 0 0 0 0 0 0 0 0 0 0 0 0 0 0 0 0 0 0 0 0 0
0 0 0 0 0 0 0 0 0 0 0 0 0 0 0 0 0 0 0 0 0 0 0 0 0 0 0 0 0 0 0 0 0 0 0
0 0 0 0 0 0 0 0 0 0 0 0 0 0 0 0 0 0 0 0 0 0 0 0 0 0 0 0 0 0 0 0 0 0 0
0 0 0 0 0 0 0 0 0 0 0 0 0 0 0 0 0 0 0 0 0 0 0 0 0 0 0 0 0 0 0 0 0 0 0
0 0 0 0 0 0 0 0 0 0 0 0 0 0 0 0 0 0 0 0 0 0 0 0 0 0 0 0 0 0 0 0 0 0 0
0 0 0 0 0 0 0 0 0 0 0 0 0 0 0 0 0 0 0 0 0 0 0 0 0 0 0 0 0 0 0 0 0 0 0
0 0 0 0 0 0 0 0 0 0 0 0 0 0 0 0 0 0 0 0 0 0 0 0 0 0 0 0 0 0 0 0 0 0 0
0 0 0 0 0 0 0 0 0 0 0 0 0 0 0 0 0 0 0 0 0 0 0 0 0 0 0 0 0 0 0 0 0 0 0
0 0 0 0 0 0 0 0 0 0 0 0 0 0 0 0 0 0 0 0 0 0 0 0 0 0 0 0 0 0 0 0 0 0 0
0 0 0 0 0 0 0 0 0 0 0 0 0 0 0 0 0 0 0 0 0 0 0 0 0 0 0 0 0 0 0 0 0 0 0
0 0 0 0 0 0 0 0 0 0 0 0 0 0 0 0 0 0 0 0 0 0 0 0 0 0 0 0 0 0 0 0 0 0 0
0 0 0 0 0 0 0 0 0 0 0 0 0 0 0 0 0 0 0 0 0 0 0 0 0 0 0 0 0 0 0 0 0 0 0
0 0 0 0 0 0 0 0 0 0 0 0 0 0 0 0 0 0 0 0 0 0 0 0 0 0 0 0 0 0 0 0 0 0 0
0 0 0 0 0 0 0 0 0 0 0 0 0 0 0 0 0 0 0 1 0 0 0 0 0 0 0 0 0 0 0 0 0 0 0
0 0 0 0 0 0 0 0 0 0 0 0 0 0 0 0 0 0 0 0 0 0 0 0 0 0 0 0 0 0 0 0 0 0 0
0 0 0 0 0 0 0 0 0 0 0 0 0 0 0 0 0 0 0 0 0 0 0 0 0 0 0 0 0 0 0 0 0 0 0
0 0 0 0 0 0 0 0 0 0 0 0 0 0 0 0 0 0 0 0 0 0 0 0 0 0 0 0 0 0 0 0 0 0 0
0 0 0 0 0 0 0 0 0 0 0 0 0 0 0 0 0 0 0 0 0 0 0 0 0 0 0 0 0 0 0 0 0 0 0
0 0 0 0 0 0 0 0 0 0 0 0 0 0 0 0 0 0 0 0 0 0 0 0 0 0 0 0 0 0 0 0 0 0 0
0 0 0 0 0 0 0 0 0 0 0 0 0 0 0 0 0 0 0 0 0 0 0 0 0 0 0 0 0 0 0 0 0 0 0
0 0 0 0 0 0 0 0 0 0 0 0 0 0 0 0 0 0 0 0 0 0 0 0 0 0 0 0 0 0 0 0 0 0 0

I cap
1058.909090909091 1058.909090909091 1058.909090909091 1014.809090909091 1237.6 1096.62 1200.62 1257.3 893.74 948.1600000000001 878.8599999999999 697.8999999999999 756.1000000000001 742.3200000000002 794.04 693.4690909090909 342.84909090909105 465.22909090909104 397.48909090909103 351.9290909090911 461.56909090909096 611.4690909090909 571.7890909090911 401.2690909090912 368.009090909091 285.6690909090909 543.2490909090909 375.3290909090911 860.4490909090911 910.309090909091 1025.509090909091 1027.909090909091 1045.709090909091 1058.909090909091 672.0
107.96969696969697 107.96969696969697 107.96969696969697 107.06969696969696 131.4 125.38 132.38 117.7 114.26 99.84 92.14 41.1 66.9 38.68000000000001 66.96 30.409696969696967 3.029696969696971 53.64969696969697 67.38969696969697 72.94969696969697 7.3096969696969705 36.40969696969697 5.089696969696973 10.609696969696977 5.469696969696969 12.809696969696965 86.42969696969696 66.54969696969697 89.42969696969698 25.56969696969697 72.36969696969697 73.96969696969697 99.16969696969697 107.96969696969697 84.0
38.96666666666666 38.96666666666666 38.96666666666666 38.96666666666666 44.099999999999994 42.0 26.633333333333333 23.833333333333336 10.566666666666675 24.53333333333334 16.133333333333333 29.400000000000002 24.5 36.4 31.5 38.96666666666666 38.96666666666666 38.96666666666666 38.96666666666666 24.299999999999997 24.299999999999997 11.624999999999995 26.29166666666666 26.29166666666666 1.3583333333333272 1.3583333333333272 10.158333333333328 11.624999999999995 11.624999999999995 24.299999999999997 38.96666666666666 38.96666666666666 38.96666666666666 38.96666666666666 23.8
45.24545454545453 45.24545454545453 45.24545454545453 45.24545454545453 35.7 44.099999999999994 44.099999999999994 46.2 41.37 44.169999999999995 43.25999999999999 34.79 32.97 31.22 29.260000000000005 35.51545454545452 31.66545454545452 38.18545454545452 24.56545454545452 27.80545454545452 39.375454545454524 41.73545454545452 36.69545454545452 38.28545454545452 34.505454545454526 39.835454545454525 43.77545454545452 40.98545454545452 42.515454545454524 40.23545454545453 42.085454545454525 42.365454545454526 45.24545454545453 45.24545454545453 42.0
20.999999999999993 20.999999999999993 20.999999999999993 20.999999999999993 14.700000000000001 23.799999999999997 21.700000000000003 23.1 20.089999999999996 20.089999999999996 23.519999999999996 22.889999999999997 22.05 23.76 19.18 19.24999999999999 16.97999999999999 19.01999999999999 16.559999999999988 16.83999999999999 18.57999999999999 19.609999999999992 16.889999999999993 19.73999999999999 17.479999999999993 19.86999999999999 20.50999999999999 18.179999999999993 20.48999999999999 19.859999999999992 20.23999999999999 20.279999999999994 20.999999999999993 20.999999999999993 21.0
345.75757575757575 345.75757575757575 345.75757575757575 305.75757575757575 209.0 256.5 299.5 287.8 304.81 300.81 282.48 282.48 315.62 324.03 312.69 331.12757575757576 315.3575757575757 311.45757575757574 279.0075757575757 266.27757575757573 297.39757575757574 340.43757575757576 320.6775757575757 302.2875757575757 287.8475757575757 288.26757575757574 271.5475757575757 292.1275757575757 315.9175757575757 280.8575757575758 306.70757575757574 345.75757575757575 345.75757575757575 345.75757575757575 245.0
779.7575757575758 779.7575757575758 779.7575757575758 745.3575757575758 629.0 751.75 869.65 830.83 899.9200000000001 874.02 817.95 821.94 826.98 822.4000000000001 823.2 708.0775757575758 652.5675757575758 641.2975757575758 606.6575757575758 632.7775757575757 647.1875757575758 723.4275757575757 646.5275757575757 670.3175757575759 618.1575757575758 675.8875757575759 702.4875757575758 678.1775757575758 723.6275757575759 671.6675757575757 712.0775757575758 740.8775757575756 779.7575757575758 779.7575757575758 630.0
80.73333333333335 80.73333333333335 80.73333333333335 80.73333333333335 69.3 90.30000000000001 84.0 89.6 87.57 92.47 83.16 89.32 97.30000000000001 95.73 87.99 76.88333333333334 75.37333333333335 75.43333333333335 73.83333333333336 74.67333333333336 73.85333333333335 76.89333333333335 74.43333333333337 78.00333333333336 76.62333333333335 78.29333333333334 79.26333333333335 77.67333333333336 77.70333333333335 73.92333333333335 76.33333333333336 76.65333333333335 80.73333333333335 80.73333333333335 48.300000000000004
10.775757575757575 10.775757575757575 10.775757575757575 5.175757575757576 1.4000000000000004 4.550000000000001 5.949999999999999 5.47 6.170000000000001 4.369999999999999 6.170000000000001 5.819999999999999 6.039999999999999 8.450000000000001 10.149999999999999 9.725757575757575 7.425757575757576 5.975757575757576 1.7457575757575752 0.1557575757575762 3.335757575757575 9.725757575757575 7.025757575757575 2.5257575757575745 0.12575757575757507 0.7957575757575759 0.1557575757575762 4.385757575757576 6.545757575757575 0.1557575757575762 4.385757575757576 10.775757575757575 10.775757575757575 10.775757575757575 8.4
2.545454545454545 2.545454545454545 2.545454545454545 2.545454545454545 2.8 1.4 2.8 2.1 2.17 1.4700000000000002 1.96 0.5599999999999999 0.1399999999999999 0.2100000000000002 0.6300000000000002 0.23545454545454525 0.4454545454545452 0.4454545454545452 0.4454545454545452 1.2854545454545452 0.08545454545454523 0.9854545454545451 0.5654545454545452 0.6554545454545452 1.0754545454545452 0.8654545454545451 1.0754545454545452 1.2854545454545452 1.0154545454545452 0.11545454545454503 0.9854545454545451 1.105454545454545 2.545454545454545 2.545454545454545 2.8000000000000003
8.515433299825174 8.515433299825174 8.515433299825174 8.515433299825174 7.257295057471263 7.541394482758619 7.27100698275862 8.762825 10.898158620689653 8.763754051724137 9.30770672413793 8.600376034482759 8.927418103448275 7.607257586206895 7.690193879310344 6.8905306624319405 6.694600372050815 6.798096551724138 6.249349945553538 4.5687092785843895 5.309929263322883 7.104333448275861 7.520707068965516 6.679716034482757 6.296185977011493 5.148704655172412 5.042799655172412 7.9597894827586195 9.079756551724138 8.253535 8.91608948275862 9.246787068965517 7.811086206896552 7.67993882183908 11.625719885057473
700.0 700.0 700.0 699.0 698.0 689.0 686.0 685.0 690.0 683.0 687.0 685.0 677.0 689.0 682.0 687.0 678.0 673.0 683.0 680.0 679.0 681.0 678.0 677.0 684.0 676.0 680.0 676.0 684.0 683.0 687.0 691.0 698.0 696.0 686.0

H cap
99.75 71.39999999999999 93.44999999999999 90.3 90.3 33.599999999999994 -4.200000000000003 65.1 80.85 52.5 17.849999999999994 8.399999999999993 39.89999999999999 17.849999999999994 33.599999999999994 65.09999999999998 -4.200000000000012 33.599999999999994 17.849999999999994 -16.800000000000008 20.999999999999986 -10.500000000000009 -4.200000000000012 2.0999999999999837 52.499999999999986 49.349999999999994 58.8 131.25 131.25 131.25 131.25 131.25 131.25 131.25 131.25
49.8 48.0 50.7 52.5 52.5 46.2 41.7 44.400000000000006 48.900000000000006 48.0 41.7 39.900000000000006 38.55 38.55 34.95 28.20000000000001 33.150000000000006 46.2 43.05 36.75 37.650000000000006 31.350000000000005 38.10000000000001 46.650000000000006 43.95 43.5 48.0 52.5 52.5 52.5 52.5 52.5 52.5 52.5 52.5
59.85 53.550000000000004 56.7 59.85 59.85 53.550000000000004 50.400000000000006 56.7 56.7 56.7 56.7 53.550000000000004 44.10000000000001 47.25000000000001 53.550000000000004 40.95000000000001 40.95000000000001 53.550000000000004 47.25000000000001 37.80000000000001 40.95000000000001 40.95000000000001 40.95000000000001 50.400000000000006 56.7 53.550000000000004 56.7 63.0 63.0 63.0 63.0 63.0 63.0 63.0 63.0
58.5 -3.552713678800501e-15 17.549999999999997 0.4499999999999913 0.4499999999999913 14.400000000000002 -3.150000000000002 55.35 -8.43769498715119e-15 -7.200000000000003 12.150000000000004 -1.4432899320127035e-15 17.549999999999997 0.44999999999999707 -7.105427357601002e-15 18.899999999999995 -8.881784197001252e-16 -0.45000000000000284 31.050000000000004 16.20000000000001 15.75 7.649999999999997 1.7999999999999972 0.44999999999999885 16.649999999999995 -27.90000000000002 -11.250000000000014 78.75 78.75 78.75 78.75 78.75 78.75 78.75 78.75

