timeperiod P M C T
50 37 4 12 59

L_lower L_upper L_zero Q_lower Q_upper
-2 5 3 -4 -3

start stop
5 54

P_bar
1 8

S 
7 14 14 6 11 17 12 2 2 26 6 3 12 1 5 4 7 1 8 27 5 2 6 5 5 0 13 2 9 94 47 100 149 60 47 50 4

w
52.5 35.0 10.5 10.5 10.5 35.0 10.5 52.5 35.0 10.5 10.5 10.5 0.0 0.0 52.5 35.0 10.5 35.0 10.5 10.5 10.5 35.0 35.0 10.5 10.5 0.0 17.5 35.0 10.5 0.0 0.0 0.0 0.0 0.0 0.0 0.0 0.0
5.0 3.0 2.5 2.5 2.0 2.0 2.0 5.0 3.0 5.0 2.0 2.0 5.0 5.0 5.0 3.0 5.0 0.0 0.0 0.0 0.0 0.0 0.0 0.0 0.0 0.0 3.0 0.0 5.0 3.0 3.0 3.0 3.0 3.0 3.0 3.0 5.0
3.5 3.5 3.5 3.5 3.5 0.0 0.0 3.5 3.5 3.5 3.5 0.0 3.5 0.0 3.5 3.5 3.5 3.5 3.5 3.5 0.0 3.5 3.5 3.5 0.0 3.5 3.5 0.0 3.5 0.0 0.0 0.0 0.0 0.0 0.0 0.0 3.5
22.5 10.0 11.0 5.0 2.5 21.5 1.0 11.5 6.0 9.5 2.5 10.0 12.5 20.0 34.0 22.5 18.5 4.5 2.5 7.5 3.0 84.0 32.0 23.5 39.0 4.5 8.5 2.5 18.5 1.5 1.5 1.5 1.5 1.5 1.5 1.5 31.5

H
131.25 131.25 131.25 189.000001 311.500001 227.500001 175.000001 238.000001 269.500001 213.500001 131.25 131.25 196.000001 133.000001 133.000001 231.000001 248.500001 220.500001 143.500001 131.25 131.25 131.25 131.25 154.000001 196.000001 189.000001 131.25 131.25 131.25 234.500001 346.500001 199.500001 131.25 131.25 131.25 175.000001 332.500001 308.000001 150.500001 210.000001 185.500001 131.25 213.500001 185.500001 131.25 262.500001 227.500001 131.25 131.25 131.25 131.25 131.25 131.25 131.25 131.25 131.25 131.25 131.25 131.25
52.5 68.000001 84.500001 86.500001 112.000001 117.000001 103.000001 118.000001 102.000001 91.000001 101.000001 97.500001 104.500001 88.500001 81.500001 93.000001 102.000001 97.500001 86.500001 79.000001 91.000001 90.000001 84.000001 98.000001 93.500001 86.500001 93.000001 85.000001 75.500001 77.500001 97.500001 96.500001 84.000001 88.000001 86.500001 115.000001 117.000001 96.500001 106.000001 100.500001 86.500001 90.500001 107.500001 97.000001 71.000001 83.000001 92.000001 61.000001 55.000001 52.5 52.5 52.5 52.5 52.5 52.5 52.5 52.5 52.5 52.5
63.0 63.0 63.0 63.0 63.0 63.0 63.0 63.0 63.0 63.0 63.0 63.0 63.0 63.0 63.0 63.0 63.0 63.0 63.0 63.0 63.0 63.0 63.0 63.0 63.0 63.0 63.0 63.0 63.0 63.0 63.0 63.0 63.0 63.0 63.0 63.0 63.0 63.0 63.0 63.0 63.0 63.0 63.0 63.0 63.0 63.0 63.0 63.0 63.0 63.0 63.0 63.0 63.0 63.0 63.0 63.0 63.0 63.0 63.0
78.75 119.500001 79.500001 179.500001 285.500001 215.000001 172.000001 229.500001 202.000001 162.500001 172.000001 150.500001 132.500001 109.500001 170.000001 195.500001 170.000001 245.000001 185.000001 78.75 142.500001 132.000001 82.500001 167.000001 258.000001 221.000001 119.500001 84.000001 78.75 174.500001 237.500001 164.500001 162.000001 136.500001 105.000001 180.000001 245.000001 253.000001 172.000001 140.000001 124.000001 134.000001 196.000001 179.000001 141.500001 186.000001 158.500001 78.75 78.75 78.75 78.75 78.75 78.75 78.75 78.75 78.75 78.75 78.75 78.75

I
1058.909090909091 1058.909090909091 1058.909090909091 1058.909090909091 1316.0 1211.0 1316.0 1386.0 1064.0 1134.0 1071.0 1106.8000009999998 1071.0 1092.0 1134.0 1058.909090909091 1058.909090909091 1058.909090909091 1058.909090909091 1058.909090909091 1058.909090909091 1058.909090909091 1058.909090909091 1058.909090909091 1058.909090909091 1058.909090909091 1058.909090909091 1058.909090909091 1058.909090909091 1058.909090909091 1058.909090909091 1058.909090909091 1058.909090909091 1058.909090909091 693.6200009999999 714.0 798.0 889.0 966.0 966.0 1025.600001 938.0 959.0 1082.200001 994.0 945.0 1050.0 1134.0 1085.0 1078.0 1008.0 1015.0 1113.0 1197.0 1309.0 1407.0 1058.909090909091 1058.909090909091 1058.909090909091
107.96969696969697 107.96969696969697 107.96969696969697 107.96969696969697 133.0 126.0 133.0 146.920001 215.360001 237.340001 137.180001 137.000001 112.0 98.0 119.0 121.680001 123.840001 107.96969696969697 138.10000100000002 139.520001 143.500001 107.96969696969697 107.96969696969697 107.96969696969697 107.96969696969697 107.96969696969697 107.96969696969697 107.96969696969697 116.60000099999999 121.04000099999999 130.180001 107.96969696969697 107.96969696969697 107.96969696969697 84.0 91.0 91.0 91.0 113.20000100000001 207.180001 162.40000099999997 165.280001 132.000001 112.0 112.0 125.900001 129.120001 120.86000099999998 112.0 112.0 112.0 112.0 98.0 98.0 98.0 112.0 107.96969696969697 107.96969696969697 107.96969696969697
38.96666666666666 38.96666666666666 38.96666666666666 38.96666666666666 44.099999999999994 74.800001 66.000001 64.200001 39.900000000000006 73.000001 49.86666766666667 57.200001 49.86666766666667 41.06666766666667 41.06666766666667 49.866667666666665 41.06666766666667 38.96666666666666 38.96666666666666 38.96666666666666 38.96666666666666 38.96666666666666 39.600001 55.73333433333333 89.46666766666667 90.93333433333333 139.000001 122.86666766666667 80.33333433333334 38.96666666666666 38.96666666666666 38.96666666666666 49.866667666666665 69.54166766666667 51.94166766666667 34.341667666666666 34.341667666666666 86.20000099999999 71.53333433333333 46.933334333333335 37.8 39.900000000000006 56.866667666666665 62.73333433333333 45.466667666666666 41.3 46.600001 51.099999999999994 44.8 46.2 49.0 49.0 52.5 49.0 51.099999999999994 52.5 38.96666666666666 38.96666666666666 38.96666666666666
45.24545454545453 45.24545454545453 45.24545454545453 45.24545454545453 35.7 44.099999999999994 44.099999999999994 46.2 42.170001 58.110001 44.099999999999994 37.1 39.51000100000001 44.06000100000001 40.52000099999999 45.24545454545453 45.24545454545453 45.24545454545453 48.190001 48.430001000000004 45.24545454545453 45.24545454545453 45.24545454545453 45.24545454545453 46.52000100000001 46.310001 45.24545454545453 45.24545454545453 45.24545454545453 45.24545454545453 45.24545454545453 45.24545454545453 45.24545454545453 45.24545454545453 42.0 37.8 39.87000100000001 37.8 44.800001 56.0 42.7 48.3 53.900000000000006 48.3 48.3 48.3 47.290001000000004 44.099999999999994 44.099999999999994 51.8 56.0 56.0 58.099999999999994 56.0 49.0 49.0 45.24545454545453 45.24545454545453 45.24545454545453
20.999999999999993 20.999999999999993 20.999999999999993 20.999999999999993 14.700000000000001 23.799999999999997 21.700000000000003 23.1 20.299999999999997 20.299999999999997 23.799999999999997 23.799999999999997 23.1 25.200000000000003 20.3 20.999999999999993 20.999999999999993 20.999999999999993 20.999999999999993 20.999999999999993 20.999999999999993 20.999999999999993 20.999999999999993 20.999999999999993 20.999999999999993 20.999999999999993 20.999999999999993 20.999999999999993 20.999999999999993 20.999999999999993 20.999999999999993 20.999999999999993 20.999999999999993 20.999999999999993 21.0 23.799999999999997 20.299999999999997 20.299999999999997 20.299999999999997 21.680001 22.420001 21.160001 20.299999999999997 23.799999999999997 21.0 20.600001 27.400001 26.450001 23.799999999999997 20.299999999999997 20.299999999999997 21.0 20.299999999999997 18.9 20.299999999999997 20.299999999999997 20.999999999999993 20.999999999999993 20.999999999999993
345.75757575757575 345.75757575757575 345.75757575757575 345.75757575757575 259.0 294.0 322.0 301.0 377.02176570588233 388.0794127647058 381.3205892352941 341.6170598235294 456.20176570588234 336.0 336.3511774705882 345.75757575757575 424.660001 345.75757575757575 345.75757575757575 345.75757575757575 345.75757575757575 345.75757575757575 345.75757575757575 345.75757575757575 345.75757575757575 345.75757575757575 345.75757575757575 345.75757575757575 380.7605892352941 345.75757575757575 379.4111774705882 345.75757575757575 345.75757575757575 345.75757575757575 263.8611774705882 294.0 333.23000099999996 331.39058923529416 329.0 329.0 346.12000100000006 399.2011774705882 401.4594127647059 364.0 378.0 350.0 364.0 378.0 420.0 420.0 399.0 385.0 392.0 420.0 427.0 385.0 345.75757575757575 345.75757575757575 345.75757575757575
779.7575757575758 779.7575757575758 779.7575757575758 779.7575757575758 672.0 784.0 889.0 847.0 931.0 910.0 854.720001 875.0 889.0 889.0 875.0 779.7575757575758 779.7575757575758 779.7575757575758 779.7575757575758 779.7575757575758 779.7575757575758 817.840001 779.7575757575758 779.7575757575758 779.7575757575758 779.7575757575758 779.7575757575758 779.7575757575758 779.7575757575758 779.7575757575758 779.7575757575758 779.7575757575758 779.7575757575758 779.7575757575758 630.0 749.0 819.0 854.0 784.0 707.0 815.2500010000001 887.8600010000002 826.500001 822.8400009999999 707.0 806.4800010000001 758.2100010000001 780.910001 735.0 714.0 770.0 749.0 742.0 777.0 784.0 679.0 779.7575757575758 779.7575757575758 779.7575757575758
80.73333333333335 80.73333333333335 80.73333333333335 80.73333333333335 69.3 90.30000000000001 84.0 89.6 88.19999999999999 93.1 84.0 91.0 99.4 98.69999999999999 90.3 80.73333333333335 80.73333333333335 80.73333333333335 80.73333333333335 80.73333333333335 80.73333333333335 80.73333333333335 80.73333333333335 80.73333333333335 80.73333333333335 80.73333333333335 80.73333333333335 80.73333333333335 80.73333333333335 80.73333333333335 80.73333333333335 80.73333333333335 80.73333333333335 80.73333333333335 48.300000000000004 70.0 78.4 76.30000000000001 76.30000000000001 79.80000000000001 79.1 81.9 83.30000000000001 88.19999999999999 90.30000000000001 93.1 86.80000000000001 81.9 77.69999999999999 76.30000000000001 76.30000000000001 72.1 69.3 67.9 67.9 65.1 80.73333333333335 80.73333333333335 80.73333333333335
10.775757575757575 10.775757575757575 10.775757575757575 10.775757575757575 8.4 9.8 14.870000999999998 18.840001 21.950001 15.110001 23.260001 35.520001 40.920001 19.620001000000002 26.220001 20.400001 27.660001 22.560001 28.080001000000003 10.775757575757575 16.130001 27.630001 19.030001 10.775757575757575 10.775757575757575 16.830001 21.630001 18.790001 22.780001 23.370001 24.990001 21.170001 18.210001 14.240001 11.910001 15.900000999999998 29.000001 33.630001 18.780001 11.490001 17.370001 20.700001 26.770001 27.580000999999996 27.340000999999997 21.530001 26.600001 29.160000999999994 23.320000999999998 19.780001 21.050000999999998 22.450001 14.660001 11.899999999999999 11.2 11.2 10.775757575757575 10.775757575757575 10.775757575757575
2.545454545454545 2.545454545454545 2.545454545454545 2.545454545454545 2.8 5.1100010000000005 5.500001 4.220001 7.500001 11.480001 10.140001 10.000001 8.740001 5.810001 7.2400009999999995 8.010000999999999 7.140001 7.140001 3.6200010000000002 5.560001 8.550001 5.350001 3.9800009999999997 5.740001 10.340001 5.950001 6.630001 11.000001 8.250001000000001 7.1500010000000005 9.690000999999999 11.180000999999999 10.450001 8.140001 6.910000999999999 6.040001 4.510001 4.9900009999999995 8.250001000000001 12.270001 9.430001 9.400001000000001 7.900001 5.600001000000001 6.640001 10.620001 7.090001000000001 6.460001 9.660001 10.130001 5.020001 3.0200009999999997 2.8 4.2 2.8 2.8 2.545454545454545 2.545454545454545 2.545454545454545
8.515433299825174 8.515433299825174 8.515433299825174 8.515433299825174 7.257295057471263 8.224153103448275 7.957213879310345 9.107652586206896 10.898158620689653 9.79134025862069 10.502534310344826 10.148651896551725 10.047460337568062 8.919874475499094 8.891918017241379 8.627645 8.745417241379311 8.51706224137931 7.8373718965517245 7.808273706896552 9.027345395039324 8.736117324863889 8.727603793103448 8.059026724137931 8.27825283605566 7.980945083484578 7.137025283121601 9.511513793103449 9.424584310344828 8.996638620689655 9.95057224137931 9.591614655172414 7.811086206896552 8.024766408045977 11.625719885057473 12.735295172413792 7.506785172413793 8.652446896551725 8.330309529945557 8.964520401088931 9.150001000000003 9.529402261343016 8.325530857834242 7.599483448275862 7.843922007259532 8.17882772111313 10.188174018753784 8.07035792679976 8.035149387779796 8.263703531760438 8.791512931034482 8.075853448275861 8.820270689655173 8.82741724137931 10.157948103448275 7.8163 8.515433299825174 8.515433299825174 8.515433299825174
700.0 700.0 700.0 700.0 700.0 700.0 700.0 700.0 700.0 700.0 700.0 700.0 700.0 700.0 700.0 700.0 700.0 700.0 700.0 700.0 700.0 700.0 700.0 700.0 700.0 700.0 700.0 700.0 700.0 700.0 700.0 700.0 700.0 700.0 700.0 700.0 700.0 700.0 700.0 700.0 700.0 700.0 700.0 700.0 700.0 700.0 700.0 700.0 700.0 700.0 700.0 700.0 700.0 700.0 700.0 700.0 700.0 700.0 700.0

u
82.56 82.56 109.44 109.44 82.56 82.56 0.0 0.0
0.0 47.0 110.0 30.0 30.0 0.0 0.0 0.0
0.0 0.0 63.9 85.5 81.9 0.0 0.0 0.0
0.0 0.0 162.0 0.0 0.0 0.0 0.0 0.0
0.0 0.0 54.0 53.0 53.0 0.0 0.0 0.0
0.0 0.0 141.12 63.36 63.36 42.24 0.0 0.0
0.0 0.0 80.96 0.0 0.0 0.0 0.0 0.0
37.0 37.0 49.0 37.0 37.0 35.0 0.0 0.0
0.0 17.4 48.0 17.4 15.0 13.2 0.0 0.0
0.0 0.0 37.8 43.8 0.0 0.0 0.0 0.0
0.0 0.0 7.0 7.0 7.0 0.0 0.0 0.0
0.0 0.0 31.6 16.0 16.0 0.0 0.0 0.0
0.0 0.0 50.4 67.2 50.4 0.0 0.0 0.0
0.0 0.0 0.0 0.0 0.0 0.0 0.0 0.0
63.7 63.7 84.28 63.7 63.7 59.78 0.0 0.0
0.0 44.1 78.4 30.38 30.38 0.0 0.0 0.0
0.0 0.0 0.0 0.0 0.0 0.0 0.0 0.0
0.0 0.0 0.0 0.0 0.0 0.0 0.0 0.0
0.0 0.0 0.0 0.0 0.0 0.0 0.0 0.0
20.4 20.4 13.2 0.0 0.0 0.0 0.0 0.0
0.0 0.0 12.0 12.0 12.0 0.0 0.0 0.0
0.0 0.0 0.0 0.0 0.0 0.0 0.0 0.0
0.0 0.0 0.0 0.0 0.0 0.0 0.0 0.0
0.0 0.0 0.0 0.0 0.0 0.0 0.0 0.0
0.0 0.0 30.0 20.0 0.0 0.0 0.0 0.0
0.0 0.0 142.5 123.5 114.0 0.0 0.0 0.0
0.0 0.0 95.0 47.5 47.5 0.0 0.0 0.0
0.0 0.0 66.5 66.5 57.0 0.0 0.0 0.0
0.0 0.0 0.0 0.0 0.0 0.0 0.0 0.0
0.0 0.0 0.0 0.0 0.0 0.0 0.0 0.0
0.0 0.0 0.0 0.0 0.0 0.0 0.0 0.0
0.0 0.0 0.0 0.0 0.0 0.0 0.0 0.0
0.0 0.0 0.0 0.0 0.0 0.0 0.0 0.0
0.0 0.0 0.0 0.0 0.0 0.0 0.0 0.0
0.0 0.0 0.0 0.0 0.0 0.0 0.0 0.0
0.0 0.0 0.0 0.0 0.0 0.0 0.0 0.0
0.0 0.0 106.3 106.3 106.3 0.0 0.0 0.0
3.44 3.44 4.56 4.56 3.44 3.44 0.0 0.0
0.0 0.0 0.0 0.0 0.0 0.0 0.0 0.0
0.0 0.0 7.1 9.5 9.1 0.0 0.0 0.0
0.0 0.0 18.0 0.0 0.0 0.0 0.0 0.0
0.0 0.0 0.0 0.0 0.0 0.0 0.0 0.0
0.0 0.0 5.88 2.64 2.64 1.76 0.0 0.0
0.0 0.0 7.04 0.0 0.0 0.0 0.0 0.0
37.0 37.0 49.0 37.0 37.0 35.0 0.0 0.0
0.0 11.6 32.0 11.6 10.0 8.8 0.0 0.0
0.0 0.0 25.2 29.2 0.0 0.0 0.0 0.0
0.0 0.0 28.0 28.0 28.0 0.0 0.0 0.0
0.0 0.0 47.4 24.0 24.0 0.0 0.0 0.0
0.0 0.0 21.6 28.8 21.6 0.0 0.0 0.0
0.0 0.0 0.0 0.0 0.0 0.0 0.0 0.0
1.3 1.3 1.72 1.3 1.3 1.22 0.0 0.0
0.0 0.9 1.6 0.62 0.62 0.0 0.0 0.0
0.0 0.0 0.0 0.0 0.0 0.0 0.0 0.0
0.0 0.0 0.0 0.0 0.0 0.0 0.0 0.0
0.0 0.0 0.0 0.0 0.0 0.0 0.0 0.0
0.0 0.0 0.0 0.0 0.0 0.0 0.0 0.0
0.0 0.0 0.0 0.0 0.0 0.0 0.0 0.0
0.0 0.0 0.0 0.0 0.0 0.0 0.0 0.0
0.0 0.0 0.0 0.0 0.0 0.0 0.0 0.0
0.0 0.0 0.0 0.0 0.0 0.0 0.0 0.0
0.0 0.0 0.0 0.0 0.0 0.0 0.0 0.0
0.0 0.0 7.5 6.5 6.0 0.0 0.0 0.0
0.0 0.0 5.0 2.5 2.5 0.0 0.0 0.0
0.0 0.0 3.5 3.5 3.0 0.0 0.0 0.0
0.0 0.0 0.0 0.0 0.0 0.0 0.0 0.0
0.0 0.0 0.0 0.0 0.0 0.0 0.0 0.0
0.0 0.0 0.0 0.0 0.0 0.0 0.0 0.0
0.0 0.0 0.0 0.0 0.0 0.0 0.0 0.0
0.0 0.0 0.0 0.0 0.0 0.0 0.0 0.0
0.0 0.0 0.0 0.0 0.0 0.0 0.0 0.0
0.0 0.0 0.0 0.0 0.0 0.0 0.0 0.0
0.0 0.0 0.0 0.0 0.0 0.0 0.0 0.0
0.0 0.0 18.8 18.8 18.8 0.0 0.0 0.0
0.0 0.0 0.0 0.0 0.0 0.0 0.0 0.0
0.0 0.0 0.0 0.0 0.0 0.0 0.0 0.0
0.0 0.0 0.0 0.0 0.0 0.0 0.0 0.0
0.0 0.0 0.0 0.0 0.0 0.0 0.0 0.0
0.0 0.0 0.0 0.0 0.0 0.0 0.0 0.0
0.0 0.0 0.0 0.0 0.0 0.0 0.0 0.0
0.0 0.0 0.0 0.0 0.0 0.0 0.0 0.0
0.0 0.0 0.0 0.0 0.0 0.0 0.0 0.0
0.0 0.0 0.0 0.0 0.0 0.0 0.0 0.0
0.0 0.0 0.0 0.0 0.0 0.0 0.0 0.0
0.0 0.0 0.0 0.0 0.0 0.0 0.0 0.0
0.0 0.0 0.0 0.0 0.0 0.0 0.0 0.0
0.0 0.0 0.0 0.0 0.0 0.0 0.0 0.0
0.0 0.0 0.0 0.0 0.0 0.0 0.0 0.0
0.0 0.0 0.0 0.0 0.0 0.0 0.0 0.0
0.0 0.0 0.0 0.0 0.0 0.0 0.0 0.0
0.0 0.0 0.0 0.0 0.0 0.0 0.0 0.0
0.0 12.675 12.675 12.675 12.675 0.0 0.0 0.0
0.0 0.0 7.0 7.0 7.0 0.0 0.0 0.0
24.933333333333334 24.933333333333334 16.133333333333333 0.0 0.0 0.0 0.0 0.0
0.0 0.0 14.666666666666666 14.666666666666666 14.666666666666666 0.0 0.0 0.0
0.0 0.0 0.0 0.0 0.0 0.0 0.0 0.0
0.0 0.0 0.0 0.0 0.0 0.0 0.0 0.0
0.0 0.0 0.0 0.0 0.0 0.0 0.0 0.0
0.0 0.0 0.0 0.0 0.0 0.0 0.0 0.0
0.0 0.0 0.0 0.0 0.0 0.0 0.0 0.0
0.0 0.0 0.0 0.0 0.0 0.0 0.0 0.0
0.0 0.0 0.0 0.0 0.0 0.0 0.0 0.0
0.0 0.0 0.0 0.0 0.0 0.0 0.0 0.0
0.0 0.0 0.0 0.0 0.0 0.0 0.0 0.0
0.0 0.0 0.0 0.0 0.0 0.0 0.0 0.0
0.0 0.0 0.0 0.0 0.0 0.0 0.0 0.0
0.0 0.0 0.0 0.0 0.0 0.0 0.0 0.0
0.0 0.0 0.0 0.0 0.0 0.0 0.0 0.0
0.0 0.0 0.0 0.0 0.0 0.0 0.0 0.0
0.0 0.0 0.0 0.0 0.0 0.0 0.0 0.0
0.0 0.0 0.0 0.0 0.0 0.0 0.0 0.0
0.63 0.63 0.84 0.84 0.63 0.63 0.0 0.0
0.0 0.84 0.5 0.34 0.34 0.0 0.0 0.0
0.0 0.0 3.35 4.2 3.35 0.0 0.0 0.0
0.0 0.0 3.0 0.0 0.0 0.0 0.0 0.0
0.0 0.0 0.0 0.0 0.0 0.0 0.0 0.0
0.0 0.0 2.56 1.28 1.28 1.28 0.0 0.0
0.0 0.0 0.0 0.0 0.0 0.0 0.0 0.0
1.47 1.47 1.89 1.47 1.47 1.33 0.0 0.0
0.0 2.1 3.36 1.96 1.68 0.0 0.0 0.0
0.0 0.0 2.97 3.87 0.0 0.0 0.0 0.0
0.0 0.0 0.0 0.0 0.0 0.0 0.0 0.0
0.0 0.0 1.65 1.2 1.2 0.0 0.0 0.0
0.0 0.0 0.37 0.5 0.37 0.0 0.0 0.0
0.0 0.0 0.0 0.0 0.0 0.0 0.0 0.0
0.0 0.0 0.0 0.0 0.0 0.0 0.0 0.0
0.0 0.0 0.0 0.0 0.0 0.0 0.0 0.0
0.0 0.0 0.0 0.0 0.0 0.0 0.0 0.0
0.0 0.0 0.0 0.0 0.0 0.0 0.0 0.0
0.0 0.0 0.0 0.0 0.0 0.0 0.0 0.0
0.0 0.0 0.0 0.0 0.0 0.0 0.0 0.0
0.0 0.0 0.0 0.0 0.0 0.0 0.0 0.0
0.0 0.0 0.0 0.0 0.0 0.0 0.0 0.0
0.0 0.0 0.0 0.0 0.0 0.0 0.0 0.0
0.0 0.0 0.0 0.0 0.0 0.0 0.0 0.0
0.0 0.0 0.0 0.0 0.0 0.0 0.0 0.0
0.0 0.0 0.0 0.0 0.0 0.0 0.0 0.0
0.0 0.0 1.2 2.4 2.4 0.0 0.0 0.0
0.0 0.0 0.0 0.0 0.0 0.0 0.0 0.0
0.0 0.0 0.0 0.0 0.0 0.0 0.0 0.0
0.0 5.95 5.95 0.0 0.0 0.0 0.0 0.0
0.0 0.0 0.0 0.0 0.0 0.0 0.0 0.0
0.0 0.0 0.0 0.0 0.0 0.0 0.0 0.0
0.0 0.0 0.0 0.0 0.0 0.0 0.0 0.0
0.0 0.0 0.0 0.0 0.0 0.0 0.0 0.0
0.0 0.0 0.0 0.0 0.0 0.0 0.0 0.0
0.0 0.0 0.0 0.0 0.0 0.0 0.0 0.0
0.0 0.0 7.0 7.0 7.0 0.0 0.0 0.0
0.21 0.21 0.28 0.28 0.21 0.21 0.0 0.0
0.0 0.0 0.0 0.0 0.0 0.0 0.0 0.0
0.0 0.0 2.68 3.36 2.68 0.0 0.0 0.0
0.0 0.0 2.4 0.0 0.0 0.0 0.0 0.0
0.0 0.0 0.0 0.0 0.0 0.0 0.0 0.0
0.0 0.0 1.28 0.64 0.64 0.64 0.0 0.0
0.0 0.0 0.0 0.0 0.0 0.0 0.0 0.0
0.63 0.63 0.81 0.63 0.63 0.57 0.0 0.0
0.0 0.3 0.48 0.28 0.24 0.0 0.0 0.0
0.0 0.0 0.99 1.29 0.0 0.0 0.0 0.0
0.0 0.0 0.0 0.0 0.0 0.0 0.0 0.0
0.0 0.0 0.66 0.48 0.48 0.0 0.0 0.0
0.0 0.0 0.0 0.0 0.0 0.0 0.0 0.0
0.0 0.0 0.0 0.0 0.0 0.0 0.0 0.0
0.0 0.0 0.0 0.0 0.0 0.0 0.0 0.0
0.0 0.0 0.0 0.0 0.0 0.0 0.0 0.0
0.0 0.0 0.0 0.0 0.0 0.0 0.0 0.0
0.0 0.0 0.0 0.0 0.0 0.0 0.0 0.0
0.0 0.0 0.0 0.0 0.0 0.0 0.0 0.0
0.0 0.0 0.0 0.0 0.0 0.0 0.0 0.0
0.0 0.0 0.0 0.0 0.0 0.0 0.0 0.0
0.0 0.0 0.0 0.0 0.0 0.0 0.0 0.0
0.0 0.0 0.0 0.0 0.0 0.0 0.0 0.0
0.0 0.0 0.0 0.0 0.0 0.0 0.0 0.0
0.0 0.0 0.0 0.0 0.0 0.0 0.0 0.0
0.0 0.0 0.0 0.0 0.0 0.0 0.0 0.0
0.0 0.0 0.0 0.0 0.0 0.0 0.0 0.0
0.0 0.0 0.0 0.0 0.0 0.0 0.0 0.0
0.0 0.0 0.0 0.0 0.0 0.0 0.0 0.0
0.0 0.35 0.35 0.0 0.0 0.0 0.0 0.0
0.0 0.0 3.0 3.0 3.0 0.0 0.0 0.0
0.0 0.0 0.0 0.0 0.0 0.0 0.0 0.0
0.0 0.0 0.0 0.0 0.0 0.0 0.0 0.0
0.0 0.0 0.0 0.0 0.0 0.0 0.0 0.0
0.0 0.0 0.0 0.0 0.0 0.0 0.0 0.0
0.0 0.0 0.0 0.0 0.0 0.0 0.0 0.0
0.0 0.0 2.0 2.0 2.0 0.0 0.0 0.0
3.99 3.99 5.32 5.32 3.99 3.99 0.0 0.0
0.0 7.14 4.25 2.89 2.89 0.0 0.0 0.0
0.0 0.0 7.37 9.24 7.37 0.0 0.0 0.0
0.0 0.0 6.6 0.0 0.0 0.0 0.0 0.0
0.0 0.0 0.0 0.0 0.0 0.0 0.0 0.0
0.0 0.0 0.0 0.0 0.0 0.0 0.0 0.0
0.0 0.0 0.0 0.0 0.0 0.0 0.0 0.0
0.0 0.0 0.0 0.0 0.0 0.0 0.0 0.0
0.0 0.0 0.0 0.0 0.0 0.0 0.0 0.0
0.0 0.0 26.07 33.97 0.0 0.0 0.0 0.0
0.0 0.0 0.0 0.0 0.0 0.0 0.0 0.0
0.0 0.0 0.0 0.0 0.0 0.0 0.0 0.0
0.0 0.0 12.95 17.5 12.95 0.0 0.0 0.0
0.0 0.0 0.0 0.0 0.0 0.0 0.0 0.0
13.2 13.2 17.2 13.2 13.2 12.4 0.0 0.0
0.0 40.0 50.0 37.5 22.5 0.0 0.0 0.0
0.0 0.0 25.85 64.9 39.05 0.0 0.0 0.0
0.0 0.0 0.0 0.0 0.0 0.0 0.0 0.0
0.0 0.0 0.0 0.0 0.0 0.0 0.0 0.0
0.0 0.0 0.0 0.0 0.0 0.0 0.0 0.0
0.0 0.0 0.0 0.0 0.0 0.0 0.0 0.0
0.0 0.0 0.0 0.0 0.0 0.0 0.0 0.0
0.0 0.0 0.0 0.0 0.0 0.0 0.0 0.0
0.0 0.0 0.0 0.0 0.0 0.0 0.0 0.0
0.0 0.0 0.0 0.0 0.0 0.0 0.0 0.0
0.0 0.0 0.0 0.0 0.0 0.0 0.0 0.0
0.0 0.0 10.5 21.0 21.0 0.0 0.0 0.0
0.0 0.0 0.0 0.0 0.0 0.0 0.0 0.0
0.0 0.0 33.0 77.0 0.0 0.0 0.0 0.0
0.0 0.0 0.0 0.0 0.0 0.0 0.0 0.0
0.0 0.0 0.0 0.0 0.0 0.0 0.0 0.0
0.0 32.94117647058823 23.529411764705884 23.529411764705884 0.0 0.0 0.0 0.0
0.0 0.0 0.0 0.0 0.0 0.0 0.0 0.0
0.0 0.0 0.0 0.0 0.0 0.0 0.0 0.0
0.0 0.0 0.0 0.0 0.0 0.0 0.0 0.0
0.0 0.0 0.0 0.0 0.0 0.0 0.0 0.0
0.0 0.0 27.0 27.0 27.0 0.0 0.0 0.0
14.91 14.91 19.88 19.88 14.91 14.91 0.0 0.0
0.0 31.5 18.75 12.75 12.75 0.0 0.0 0.0
0.0 0.0 51.59 64.68 51.59 0.0 0.0 0.0
0.0 0.0 46.2 0.0 0.0 0.0 0.0 0.0
0.0 0.0 0.0 0.0 0.0 0.0 0.0 0.0
0.0 0.0 56.96 28.48 28.48 28.48 0.0 0.0
0.0 0.0 0.0 0.0 0.0 0.0 0.0 0.0
17.01 17.01 21.87 17.01 17.01 15.39 0.0 0.0
0.0 24.3 38.88 22.68 19.44 0.0 0.0 0.0
0.0 0.0 1.98 2.58 0.0 0.0 0.0 0.0
0.0 0.0 0.0 0.0 0.0 0.0 0.0 0.0
0.0 0.0 26.73 19.44 19.44 0.0 0.0 0.0
0.0 0.0 22.57 30.5 22.57 0.0 0.0 0.0
0.0 0.0 0.0 0.0 0.0 0.0 0.0 0.0
16.17 16.17 21.07 16.17 16.17 15.19 0.0 0.0
0.0 34.4 43.0 32.25 19.35 0.0 0.0 0.0
0.0 0.0 16.92 42.48 25.56 0.0 0.0 0.0
0.0 0.0 0.0 0.0 0.0 0.0 0.0 0.0
0.0 0.0 0.0 0.0 0.0 0.0 0.0 0.0
0.0 0.0 0.0 0.0 0.0 0.0 0.0 0.0
0.0 0.0 0.0 0.0 0.0 0.0 0.0 0.0
0.0 0.0 0.0 0.0 0.0 0.0 0.0 0.0
0.0 0.0 0.0 0.0 0.0 0.0 0.0 0.0
0.0 0.0 0.0 0.0 0.0 0.0 0.0 0.0
0.0 0.0 0.0 0.0 0.0 0.0 0.0 0.0
0.0 0.0 0.0 0.0 0.0 0.0 0.0 0.0
0.0 0.0 15.9 31.8 31.8 0.0 0.0 0.0
0.0 0.0 0.0 0.0 0.0 0.0 0.0 0.0
0.0 0.0 21.6 50.4 0.0 0.0 0.0 0.0
0.0 0.0 0.0 0.0 0.0 0.0 0.0 0.0
0.0 0.0 0.0 0.0 0.0 0.0 0.0 0.0
0.0 0.0 0.0 0.0 0.0 0.0 0.0 0.0
0.0 78.75 61.25 0.0 0.0 0.0 0.0 0.0
0.0 0.0 0.0 0.0 0.0 0.0 0.0 0.0
0.0 0.0 0.0 0.0 0.0 0.0 0.0 0.0
0.0 0.0 0.0 0.0 0.0 0.0 0.0 0.0
0.0 0.0 52.0 52.0 52.0 0.0 0.0 0.0
0.63 0.63 0.84 0.84 0.63 0.63 0.0 0.0
0.0 0.0 0.0 0.0 0.0 0.0 0.0 0.0
0.0 0.0 2.01 2.52 2.01 0.0 0.0 0.0
0.0 0.0 1.8 0.0 0.0 0.0 0.0 0.0
0.0 0.0 0.0 0.0 0.0 0.0 0.0 0.0
0.0 0.0 3.2 1.6 1.6 1.6 0.0 0.0
0.0 0.0 0.0 0.0 0.0 0.0 0.0 0.0
0.84 0.84 1.08 0.84 0.84 0.76 0.0 0.0
0.0 2.4 3.84 2.24 1.92 0.0 0.0 0.0
0.0 0.0 0.99 1.29 0.0 0.0 0.0 0.0
0.0 0.0 0.0 0.0 0.0 0.0 0.0 0.0
0.0 0.0 2.97 2.16 2.16 0.0 0.0 0.0
0.0 0.0 0.0 0.0 0.0 0.0 0.0 0.0
0.0 0.0 0.0 0.0 0.0 0.0 0.0 0.0
0.0 0.0 0.0 0.0 0.0 0.0 0.0 0.0
0.0 0.0 0.0 0.0 0.0 0.0 0.0 0.0
0.0 0.0 0.0 0.0 0.0 0.0 0.0 0.0
0.0 0.0 0.0 0.0 0.0 0.0 0.0 0.0
0.0 0.0 0.0 0.0 0.0 0.0 0.0 0.0
0.0 0.0 0.0 0.0 0.0 0.0 0.0 0.0
0.0 0.0 0.0 0.0 0.0 0.0 0.0 0.0
0.0 0.0 0.0 0.0 0.0 0.0 0.0 0.0
0.0 0.0 0.0 0.0 0.0 0.0 0.0 0.0
0.0 0.0 0.0 0.0 0.0 0.0 0.0 0.0
0.0 0.0 0.0 0.0 0.0 0.0 0.0 0.0
0.0 0.0 0.0 0.0 0.0 0.0 0.0 0.0
0.0 0.0 0.0 0.0 0.0 0.0 0.0 0.0
0.0 0.0 0.0 0.0 0.0 0.0 0.0 0.0
0.0 0.0 0.0 0.0 0.0 0.0 0.0 0.0
0.0 0.7 0.7 0.0 0.0 0.0 0.0 0.0
0.0 0.0 0.0 0.0 0.0 0.0 0.0 0.0
0.0 0.0 0.0 0.0 0.0 0.0 0.0 0.0
0.0 0.0 0.0 0.0 0.0 0.0 0.0 0.0
0.0 0.0 3.733333333333333 3.266666666666667 0.0 0.0 0.0 0.0
0.0 0.0 0.0 0.0 0.0 0.0 0.0 0.0
0.0 0.0 0.0 0.0 0.0 0.0 0.0 0.0
0.0 0.0 8.0 8.0 8.0 0.0 0.0 0.0
0.0 0.0 0.0 0.0 0.0 0.0 0.0 0.0
0.0 1.26 0.75 0.51 0.51 0.0 0.0 0.0
0.0 0.0 0.0 0.0 0.0 0.0 0.0 0.0
0.0 0.0 0.0 0.0 0.0 0.0 0.0 0.0
0.0 0.0 0.0 0.0 0.0 0.0 0.0 0.0
0.0 0.0 0.0 0.0 0.0 0.0 0.0 0.0
0.0 0.0 0.0 0.0 0.0 0.0 0.0 0.0
1.05 1.05 1.35 1.05 1.05 0.95 0.0 0.0
0.0 0.0 0.0 0.0 0.0 0.0 0.0 0.0
0.0 0.0 0.0 0.0 0.0 0.0 0.0 0.0
0.0 0.0 0.0 0.0 0.0 0.0 0.0 0.0
0.0 0.0 0.0 0.0 0.0 0.0 0.0 0.0
0.0 0.0 0.0 0.0 0.0 0.0 0.0 0.0
0.0 0.0 0.0 0.0 0.0 0.0 0.0 0.0
3.63 3.63 4.73 3.63 3.63 3.41 0.0 0.0
0.0 5.6 7.0 5.25 3.15 0.0 0.0 0.0
0.0 0.0 4.23 10.62 6.39 0.0 0.0 0.0
0.0 0.0 0.0 0.0 0.0 0.0 0.0 0.0
0.0 0.0 0.0 0.0 0.0 0.0 0.0 0.0
0.0 0.0 0.0 0.0 0.0 0.0 0.0 0.0
0.0 0.0 0.0 0.0 0.0 0.0 0.0 0.0
0.0 0.0 0.0 0.0 0.0 0.0 0.0 0.0
0.0 0.0 0.0 0.0 0.0 0.0 0.0 0.0
0.0 0.0 0.0 0.0 0.0 0.0 0.0 0.0
0.0 0.0 0.0 0.0 0.0 0.0 0.0 0.0
0.0 0.0 0.0 0.0 0.0 0.0 0.0 0.0
0.0 0.0 2.4 4.8 4.8 0.0 0.0 0.0
0.0 0.0 0.0 0.0 0.0 0.0 0.0 0.0
0.0 0.0 5.4 12.6 0.0 0.0 0.0 0.0
0.0 0.0 0.0 0.0 0.0 0.0 0.0 0.0
0.0 0.0 0.0 0.0 0.0 0.0 0.0 0.0
0.0 0.0 0.0 0.0 0.0 0.0 0.0 0.0
0.0 0.0 0.0 0.0 0.0 0.0 0.0 0.0
0.0 0.0 0.0 0.0 0.0 0.0 0.0 0.0
0.0 0.0 3.2 2.8 0.0 0.0 0.0 0.0
0.0 0.0 0.0 0.0 0.0 0.0 0.0 0.0
0.0 0.0 2.0 2.0 2.0 0.0 0.0 0.0
0.63 0.63 0.84 0.84 0.63 0.63 0.0 0.0
0.0 1.26 0.75 0.51 0.51 0.0 0.0 0.0
0.0 0.0 0.0 0.0 0.0 0.0 0.0 0.0
0.0 0.0 0.0 0.0 0.0 0.0 0.0 0.0
0.0 0.0 0.0 0.0 0.0 0.0 0.0 0.0
0.0 0.0 0.0 0.0 0.0 0.0 0.0 0.0
0.0 0.0 0.0 0.0 0.0 0.0 0.0 0.0
0.0 0.0 0.0 0.0 0.0 0.0 0.0 0.0
0.0 0.9 1.44 0.84 0.72 0.0 0.0 0.0
0.0 0.0 0.0 0.0 0.0 0.0 0.0 0.0
0.0 0.0 0.0 0.0 0.0 0.0 0.0 0.0
0.0 0.0 0.99 0.72 0.72 0.0 0.0 0.0
0.0 0.0 1.11 1.5 1.11 0.0 0.0 0.0
0.0 0.0 0.0 0.0 0.0 0.0 0.0 0.0
0.0 0.0 0.0 0.0 0.0 0.0 0.0 0.0
0.0 0.0 0.0 0.0 0.0 0.0 0.0 0.0
0.0 0.0 0.0 0.0 0.0 0.0 0.0 0.0
0.0 0.0 0.0 0.0 0.0 0.0 0.0 0.0
0.0 0.0 0.0 0.0 0.0 0.0 0.0 0.0
0.0 0.0 0.0 0.0 0.0 0.0 0.0 0.0
0.0 0.0 0.0 0.0 0.0 0.0 0.0 0.0
0.0 0.0 0.0 0.0 0.0 0.0 0.0 0.0
0.0 0.0 0.0 0.0 0.0 0.0 0.0 0.0
0.0 0.0 0.0 0.0 0.0 0.0 0.0 0.0
0.0 0.0 0.0 0.0 0.0 0.0 0.0 0.0
0.0 0.0 0.0 0.0 0.0 0.0 0.0 0.0
0.0 0.0 0.0 0.0 0.0 0.0 0.0 0.0
0.0 0.0 0.0 0.0 0.0 0.0 0.0 0.0
0.0 0.0 0.0 0.0 0.0 0.0 0.0 0.0
0.0 0.0 0.0 0.0 0.0 0.0 0.0 0.0
0.0 0.0 0.0 0.0 0.0 0.0 0.0 0.0
0.0 0.0 0.0 0.0 0.0 0.0 0.0 0.0
0.0 0.0 0.0 0.0 0.0 0.0 0.0 0.0
0.0 0.0 0.0 0.0 0.0 0.0 0.0 0.0
0.0 0.0 0.0 0.0 0.0 0.0 0.0 0.0
0.0 0.0 2.0 2.0 0.0 0.0 0.0 0.0
0.0 0.0 2.0 2.0 2.0 0.0 0.0 0.0
0.0 0.0 0.5120689655172413 0.5172413793103449 0.5172413793103449 0.0 0.0 0.0
0.0 0.0 0.3620689655172414 0.3620689655172414 0.3620689655172414 0.0 0.0 0.0
0.0 0.0 0.3448275862068966 0.3448275862068966 0.0 0.0 0.0 0.0
0.0 0.0 0.3448275862068966 0.3448275862068966 0.0 0.0 0.0 0.0
0.0 0.0 0.3448275862068966 0.3448275862068966 0.3448275862068966 0.0 0.0 0.0
0.0 0.0 0.0 0.0 0.0 0.0 0.0 0.0
0.0 0.0 0.0 0.0 0.0 0.0 0.0 0.0
0.0 0.0 0.3448275862068966 0.3448275862068966 0.0 0.0 0.0 0.0
0.0 0.0 0.39827586206896554 0.3448275862068966 0.3448275862068966 0.0 0.0 0.0
0.0 0.0 0.3448275862068966 0.3448275862068966 0.0 0.0 0.0 0.3448275862068966
0.0 0.0 0.3448275862068966 0.3448275862068966 0.3448275862068966 0.0 0.0 0.0
0.0 0.0 0.0 0.0 0.0 0.0 0.0 0.0
0.0 0.0 0.3448275862068966 0.3448275862068966 0.0 0.0 0.0 0.3448275862068966
0.0 0.0 0.0 0.0 0.0 0.0 0.0 0.0
0.0 0.0 0.33793103448275863 0.33793103448275863 0.3413793103448276 0.0 0.0 0.3448275862068966
0.0 0.0 0.0 0.33793103448275863 0.3413793103448276 0.0 0.0 0.3448275862068966
0.0 0.0 0.0 0.3448275862068966 0.3448275862068966 0.0 0.0 0.3448275862068966
0.0 0.0 0.0 0.0 0.0 0.0 0.0 0.0
0.0 0.0 0.0 0.0 0.0 0.0 0.0 0.0
0.0 0.0 1.7241379310344828e-7 0.0 0.0 0.0 0.0 0.0
0.0 0.0 0.0 0.0 0.0 0.0 0.0 0.0
0.0 0.0 0.0 0.0 0.0 0.0 0.0 0.0
0.0 0.0 0.0 0.0 0.0 0.0 0.0 0.0
0.0 0.0 0.0 0.0 0.0 0.0 0.0 0.0
0.0 0.0 0.0 0.0 0.0 0.0 0.0 0.0
0.0 0.0 0.0 0.0 0.0 0.0 0.0 0.0
0.0 0.0 1.7241379310344828e-7 1.7241379310344828e-7 1.7241379310344828e-7 0.0 0.0 0.0
0.0 0.0 1.7241379310344828e-7 1.7241379310344828e-7 1.7241379310344828e-7 0.0 0.0 0.0
0.0 0.0 0.33793103448275863 0.33793103448275863 0.0 0.0 0.0 0.3448275862068966
0.0 0.36297640653357527 0.32667876588021777 0.0 0.0 0.0 0.0 0.0
0.0 0.0 0.0 0.0 0.0 0.0 0.0 0.0
0.0 0.0 0.14367816091954025 0.11494252873563218 0.0 0.0 0.0 0.0
0.0 0.3448275862068966 0.3448275862068966 0.0 0.0 0.0 0.0 0.0
0.0 0.0 0.0 0.0 0.0 0.0 0.0 0.0
0.0 0.0 0.25862068965517243 0.25862068965517243 0.0 0.0 0.0 0.0
0.0 0.0 0.3448275862068966 0.3448275862068966 0.0 0.0 0.0 0.0
0.0 0.0 0.3448275862068966 0.3448275862068966 0.3448275862068966 0.0 0.0 0.0
0.0 1.0 2.0 2.0 2.0 0.0 0.0 0.0
0.0 1.0 2.0 1.0 1.0 0.0 0.0 0.0
0.0 0.0 2.0 2.0 0.0 0.0 0.0 0.0
0.0 0.0 2.0 1.0 0.0 0.0 0.0 0.0
0.0 0.0 1.0 1.0 1.0 0.0 0.0 0.0
0.0 0.0 2.0 1.0 1.0 1.0 1.0 4.0
0.0 0.0 1.0 0.0 0.0 0.0 0.0 0.0
0.0 1.0 2.0 2.0 1.0 0.0 0.0 0.0
0.0 0.0 1.0 2.0 1.0 0.0 0.0 0.0
0.0 0.0 2.0 1.0 1.0 0.0 0.0 1.0
0.0 0.0 1.0 1.0 1.0 0.0 0.0 0.0
0.0 0.0 1.0 1.0 1.0 0.0 0.0 1.0
0.0 0.0 2.0 2.0 2.0 0.0 0.0 3.0
0.0 0.0 3.0 3.0 3.0 0.0 0.0 3.0
0.0 1.0 2.0 3.0 2.0 1.0 1.0 2.0
0.0 1.0 2.0 2.0 1.0 0.0 0.0 2.0
0.0 0.0 3.0 3.0 2.0 0.0 0.0 2.0
0.0 1.0 2.0 1.0 0.0 0.0 0.0 2.0
0.0 0.0 1.0 1.0 1.0 0.0 0.0 0.0
1.0 2.0 3.0 0.0 0.0 0.0 0.0 0.0
0.0 0.0 2.0 1.0 1.0 0.0 0.0 0.0
0.0 2.0 5.0 6.0 5.0 2.0 2.0 13.0
0.0 0.0 5.0 4.0 4.0 0.0 0.0 0.0
0.0 0.0 3.0 3.0 3.0 0.0 0.0 0.0
0.0 0.0 5.0 5.0 5.0 0.0 0.0 0.0
0.0 0.0 2.0 2.0 2.0 0.0 0.0 0.0
0.0 0.0 2.0 1.0 1.0 0.0 0.0 0.0
0.0 0.0 1.0 1.0 1.0 0.0 0.0 0.0
0.0 0.0 2.0 1.0 0.0 0.0 1.0 1.0
0.0 0.0 0.0 0.0 0.0 0.0 0.0 0.0
0.0 0.0 0.0 0.0 0.0 0.0 0.0 0.0
0.0 0.0 0.0 0.0 0.0 0.0 0.0 0.0
0.0 0.0 0.0 0.0 0.0 0.0 0.0 0.0
0.0 0.0 0.0 0.0 0.0 0.0 0.0 0.0
0.0 0.0 0.0 0.0 0.0 0.0 0.0 0.0
0.0 0.0 0.0 0.0 0.0 0.0 0.0 0.0
0.0 0.0 1.0 1.0 1.0 0.0 0.0 0.0

L_l
-2 -1 0 0 0 0 0 -2 -1 0 0 0 0 0 -2 -1 0 -1 0 -2 0 -1 0 0 0 0 0 0 0 -1 0 -1 -1 0 0 0 0

L_u
3 2 2 1 2 5 0 3 3 5 2 5 5 5 5 5 5 5 2 0 2 5 2 2 2 2 2 2 5 0 2 1 0 1 1 1 2

penalty_S
1000.1428571428571 0.07142857142857142 0.07142857142857142 0.16666666666666666 0.09090909090909091 0.058823529411764705 0.08333333333333333 1000.5 0.5 0.038461538461538464 0.16666666666666666 0.3333333333333333 0.08333333333333333 1.0 0.2 0.25 0.14285714285714285 1.0 0.125 0.037037037037037035 0.2 0.5 0.16666666666666666 0.2 0.2 Inf 0.07692307692307693 0.5 0.1111111111111111 0.010638297872340425 0.02127659574468085 0.01 0.006711409395973154 0.016666666666666666 0.02127659574468085 0.02 0.25

F
0.0 0.0 0.0 0.0

aimed g
1 1 1 1 1 1 1 1 1 1 1 1 1 1 1 1 1 1 1 1 1 1 1 1 1 0 1 1 1 2 1 2 3 2 1 1 1

P_names
Flagskib Kernen Perspektiv Perspektiv£(enk.) Reminder Flow-tid Flow-tid£(enk.) Flagskib Kernen Perspektiv Reminder Flow-tid Perspektiv Dilemma Flagskib Kernen Dilemma£-£Stacking Flagskib Reminder Flow-tid Identitet Flagskib Kernen Reminder Identitet Kernen Kernen Identitet Dilemma£-£Binge Kernen Kernen Kernen Kernen Kernen Kernen Kernen Flagskib

C_names
DR1 DR2 Ramasjang P1 P2 P3 P4 P5 P6 P8 Digital SOME

M_names
TV RADIO DIGITAL SOME

BC_names
DR1 DR1 DR1 DR1 DR1 DR1 DR1 DR2 DR2 DR2 DR2 DR2 DR2+ DR2+ DR3 DR3 DR3 Ramasjang Ramasjang Ramasjang Ramasjang Ultra Ultra Ultra Ultra DR DRTV DRTV DR3 P1 P2 P3 P4 P5 P6 P8 DR£Radio

campaign_type
TV TV TV TV TV TV TV TV TV TV TV TV TV TV TV TV TV TV TV TV TV TV TV TV TV TV TV TV TV RADIO RADIO RADIO RADIO RADIO RADIO RADIO RADIO

penalty_g
0.16666666666666666 0.07692307692307693 0.07692307692307693 0.2 0.1 0.0625 0.09090909090909091 1.0 1.0 0.04 0.2 0.5 0.09090909090909091 0.0 0.25 0.3333333333333333 0.16666666666666666 0.0 0.14285714285714285 0.038461538461538464 0.25 1.0 0.2 0.25 0.25 0.0 0.08333333333333333 1.0 0.125 0.010869565217391304 0.021739130434782608 0.01020408163265306 0.00684931506849315 0.017241379310344827 0.021739130434782608 0.02040816326530612 0.3333333333333333

aimed_L
8.166666666666666 3.769230769230769 3.769230769230769 9.8 4.9 3.0625 4.454545454545454 49.0 49.0 1.96 9.8 24.5 4.454545454545454 0.0 12.25 16.333333333333332 8.166666666666666 0.0 7.0 1.8846153846153846 12.25 49.0 9.8 12.25 12.25 -49.0 4.083333333333333 49.0 6.125 0.5268817204301075 1.065217391304348 0.494949494949495 0.3310810810810811 0.8305084745762712 1.065217391304348 1.0 16.333333333333332

weight_idle
0.12244897959183673 0.2653061224489796 0.2653061224489796 0.10204081632653061 0.20408163265306123 0.32653061224489793 0.22448979591836735 0.02040816326530612 0.02040816326530612 0.5102040816326531 0.10204081632653061 0.04081632653061224 0.22448979591836735 0.0 0.08163265306122448 0.061224489795918366 0.12244897959183673 0.0 0.14285714285714285 0.5306122448979592 0.08163265306122448 0.02040816326530612 0.10204081632653061 0.08163265306122448 0.08163265306122448 -0.02040816326530612 0.24489795918367346 0.02040816326530612 0.16326530612244897 1.8979591836734695 0.9387755102040817 2.020408163265306 3.020408163265306 1.2040816326530612 0.9387755102040817 1.0 0.061224489795918366

lambda
0.75

