T P M C
61 37 4 12

base obj
12.37936833281661

exp obj
11.448741935886966

Objective struct
12.37936833281661 0.16666666666666666 8.49019607843137

num campaigns
396

x
0 0 0 0 0 0 1 0 0 0 1 0 0 0 1 0 0 0 1 0 0 0 1 0 0 1 0 0 1 0 0 1 0 0 0 1 0 0 0 1 0 0 1 0 0 0 0 1 0 0 0 0 0 1 0 0 0 0 0 0 0
0 0 0 0 0 0 0 0 0 0 0 0 0 0 0 0 0 0 0 0 0 0 0 1 0 0 0 0 0 0 0 0 0 0 0 0 1 0 0 0 0 1 0 0 0 0 0 0 1 0 0 0 0 0 0 0 0 0 0 0 0
0 0 0 0 0 0 0 0 0 0 1 0 0 0 0 0 0 1 0 0 0 1 0 0 0 0 1 0 0 0 1 0 0 0 1 0 0 0 0 0 0 0 0 0 1 0 0 0 0 1 0 0 0 0 0 0 0 0 0 0 0
0 0 0 0 1 1 1 1 1 1 1 0 0 1 0 1 0 1 0 0 0 0 0 0 0 0 0 0 1 0 0 0 0 0 0 0 0 0 0 0 0 0 0 0 0 0 0 0 0 0 0 0 0 0 0 0 0 0 0 0 0
0 0 0 0 0 0 0 0 1 0 1 0 0 0 1 0 1 0 0 1 0 0 0 0 1 0 1 0 1 0 1 0 0 1 0 1 0 1 0 1 0 0 0 0 0 0 1 0 1 0 1 0 1 0 0 0 0 0 0 0 0
0 0 0 0 0 0 0 0 0 0 0 0 1 0 0 0 0 0 0 0 0 0 0 0 0 0 0 0 0 0 0 0 0 0 1 0 0 0 0 0 0 0 0 0 0 0 0 0 0 0 0 0 0 0 0 0 0 0 0 0 0
0 0 0 0 0 0 0 1 0 1 0 1 1 0 1 1 1 1 0 0 0 0 1 0 1 0 1 1 0 0 0 0 0 0 0 0 0 0 0 0 0 0 0 0 0 0 0 0 0 0 0 0 0 0 0 0 0 0 0 0 0
0 0 0 0 1 0 0 0 0 0 0 0 0 0 0 0 0 0 0 0 1 0 0 0 0 0 0 0 0 0 0 0 0 0 0 0 0 1 0 0 0 0 0 0 0 0 0 0 0 0 0 0 0 0 1 0 0 0 0 0 0
0 0 0 0 0 0 0 0 1 0 0 0 0 0 0 0 0 0 0 0 0 0 0 0 0 0 0 0 0 0 0 0 0 0 0 0 0 0 0 0 0 0 0 0 0 0 0 0 0 0 0 0 0 0 0 1 0 0 0 0 0
0 0 0 0 0 0 0 0 0 0 0 0 0 0 0 0 0 0 0 0 0 0 0 0 0 1 0 0 0 0 1 0 0 1 0 0 0 0 0 0 0 0 0 1 0 0 0 0 0 0 0 0 0 0 0 0 0 0 0 0 0
0 0 0 0 0 0 1 0 0 0 0 0 0 0 1 0 0 0 0 0 0 0 1 0 0 0 0 0 0 0 0 0 0 0 0 0 0 0 0 1 0 0 0 0 0 0 0 1 0 0 0 0 0 0 0 0 0 0 0 0 0
0 0 0 0 1 0 0 0 0 0 0 0 0 0 0 0 0 0 1 0 0 0 0 0 0 0 0 0 0 0 0 0 1 0 0 0 0 0 0 0 0 0 0 0 0 0 0 1 0 0 0 0 0 0 0 0 0 0 0 0 0
0 0 0 0 0 0 0 0 0 0 0 0 0 0 1 0 0 0 0 0 0 0 0 0 0 0 0 0 0 0 0 0 0 0 0 0 0 0 0 0 0 0 0 0 1 0 0 0 0 0 0 0 0 0 0 0 0 0 0 0 0
0 0 0 0 1 0 0 0 0 0 0 0 1 0 0 0 0 0 0 0 0 0 1 0 0 0 0 1 0 0 0 0 1 0 0 0 0 0 0 0 0 0 0 0 0 1 0 0 0 0 0 1 0 0 0 0 0 0 0 0 0
0 0 0 0 0 0 0 0 0 0 0 0 0 0 0 0 0 0 0 0 1 0 0 0 0 0 0 0 0 0 0 0 0 0 0 0 0 0 0 0 0 0 0 0 0 0 0 0 0 0 0 1 0 0 0 0 0 0 0 0 0
0 0 0 0 0 0 0 0 0 0 0 1 0 0 0 0 0 0 0 0 0 0 0 0 0 0 0 0 0 0 0 0 0 0 0 0 0 0 0 0 0 0 0 0 0 0 0 0 0 0 0 0 0 0 0 0 0 0 0 0 0
0 0 0 0 0 0 0 0 0 0 0 0 0 1 0 0 0 0 0 0 0 0 0 0 0 0 0 1 0 0 0 0 0 0 0 0 0 0 0 0 0 0 0 1 0 0 0 0 0 0 0 0 0 0 0 0 0 0 0 0 0
0 0 0 0 1 0 0 0 0 0 0 0 0 0 0 0 0 0 0 0 0 0 0 0 0 0 0 0 0 0 0 0 1 0 0 0 0 0 0 0 0 0 0 0 0 0 0 0 0 0 1 0 0 0 0 0 0 0 0 0 0
0 0 0 0 0 0 0 1 0 1 0 0 1 0 0 1 0 1 0 1 0 1 0 1 0 0 1 0 1 0 1 0 0 1 0 1 0 0 0 1 0 1 0 0 1 0 1 0 1 0 0 0 1 0 0 1 0 0 0 0 0
0 0 0 0 1 0 0 0 0 0 0 0 0 0 0 0 0 0 0 0 0 0 0 0 0 0 0 0 0 0 0 0 0 0 0 0 0 0 0 0 0 0 0 0 0 0 0 0 0 0 0 0 0 0 0 1 0 0 0 0 0
0 0 0 0 0 0 0 0 1 0 0 0 0 0 1 0 0 0 1 0 0 1 0 0 0 1 0 0 1 0 0 1 0 0 0 0 0 1 0 0 0 0 1 0 0 1 0 0 0 1 0 0 0 0 0 1 0 0 0 0 0
0 0 0 0 0 0 0 0 0 0 0 0 0 0 0 0 0 0 0 0 0 0 0 0 0 0 0 0 0 0 0 0 0 0 0 0 0 0 0 0 0 0 0 0 0 0 0 0 0 0 0 0 0 0 0 0 0 0 0 0 0
0 0 0 0 0 0 0 0 1 0 0 0 0 0 0 0 0 0 0 0 0 0 0 0 1 0 0 0 0 0 0 0 0 0 0 0 0 0 1 0 0 0 0 0 0 0 0 0 0 1 0 0 0 0 0 0 0 0 0 0 0
0 0 0 0 0 0 0 0 0 0 0 0 1 0 0 0 0 0 1 0 0 0 0 0 0 0 1 0 0 0 0 0 0 0 0 0 1 0 0 0 0 0 0 0 0 0 1 0 0 0 0 0 0 0 0 1 0 0 0 0 0
0 0 0 0 0 0 1 0 0 0 0 0 0 0 0 0 1 0 0 0 0 0 0 0 0 0 0 0 0 1 0 0 0 0 0 0 0 0 0 0 1 0 0 0 0 0 0 0 0 0 0 0 0 1 0 0 0 0 0 0 0
0 0 0 0 1 0 0 0 0 0 0 1 0 0 0 0 0 0 0 1 0 0 0 0 0 0 0 0 0 1 0 0 0 0 1 0 0 0 0 0 0 1 0 0 0 0 0 0 0 0 1 0 0 0 0 1 0 0 0 0 0
0 0 0 0 0 0 1 0 0 0 0 0 0 0 0 0 1 0 0 0 0 0 0 1 0 0 0 0 0 0 0 1 0 0 0 0 0 1 0 0 0 0 0 0 0 0 0 0 0 1 0 0 0 0 0 1 0 0 0 0 0
0 0 0 0 1 0 0 0 0 0 0 0 0 0 0 0 0 0 0 0 0 0 0 0 0 0 0 0 0 0 0 0 0 0 0 0 0 0 0 0 0 0 0 0 0 0 0 0 0 0 0 1 0 0 0 0 0 0 0 0 0
0 0 0 0 0 0 0 0 0 0 0 0 0 0 0 0 0 0 0 0 0 0 0 0 0 0 0 0 0 0 0 0 0 0 0 0 0 0 0 0 0 1 0 0 0 1 0 0 0 0 0 0 0 0 0 0 0 0 0 0 0
0 0 0 0 0 0 0 0 1 1 1 1 1 1 1 1 1 1 1 1 1 1 1 1 1 1 0 0 1 1 1 1 1 1 1 1 1 1 1 1 1 1 1 1 1 1 1 1 1 1 1 1 1 1 1 1 0 0 0 0 0
0 0 0 0 0 0 0 0 1 1 1 0 0 1 1 1 1 0 0 1 1 1 1 1 1 0 1 0 0 0 1 1 1 1 1 1 1 1 1 1 1 1 1 1 1 1 1 1 1 1 1 1 1 0 0 1 0 0 0 0 0
0 0 0 0 0 0 0 0 1 1 1 0 0 0 1 1 0 0 0 1 1 1 1 1 1 1 0 0 0 0 1 1 1 1 1 1 1 1 1 1 1 1 1 1 1 1 1 1 1 1 0 1 1 1 0 1 0 0 0 0 0
0 0 0 0 0 0 0 2 3 5 2 0 0 0 1 3 1 0 0 3 0 2 1 3 0 0 1 0 0 0 2 1 0 8 0 0 2 2 3 0 0 0 5 2 1 0 1 1 0 0 0 0 1 0 0 2 0 0 0 0 0
0 0 0 0 0 0 0 0 1 1 1 0 0 0 1 1 1 0 0 1 1 1 0 1 1 0 0 1 0 0 1 1 1 1 1 1 1 1 1 1 0 0 1 1 1 0 0 1 0 1 1 0 0 0 0 1 0 0 0 0 0
0 0 0 0 0 0 0 0 0 1 0 0 0 0 0 1 1 0 0 0 0 1 0 1 0 0 0 0 0 0 1 1 0 1 1 0 1 0 0 0 0 0 0 1 0 0 0 1 0 0 0 0 1 1 0 1 0 0 0 0 0
0 0 0 0 0 0 0 0 0 0 0 0 0 0 0 0 0 0 0 0 0 0 0 0 0 0 0 0 0 0 0 0 0 0 0 0 0 0 0 0 0 0 0 0 0 0 0 0 0 0 1 0 1 0 0 0 0 0 0 0 0
0 0 0 0 0 0 0 0 0 0 0 0 0 0 0 0 0 0 0 0 0 0 0 0 0 0 0 0 0 0 0 0 0 0 0 0 0 0 0 0 0 0 0 0 0 0 0 0 0 0 0 0 0 0 0 0 0 0 0 0 0

y
0.0 0.3636363636363633 0.0 0.0 0.0 17.363636363636363 0.0 0.0 0.0 1.1785714285714286 0.0 0.0 25.363636363636363 0.0 22.5 0.0 3.8000000000000007 0.0 0.0 0.0 0.0 0.0 0.0 0.33333333333333304 0.0 0.0 0.33333333333333304 0.0 1.4500000000000002 0.0 0.0 0.0 0.0 0.0 0.0 1.0 0.0

k
0 8 5 0 0 10 0 0 0 25 0 0 10 4 5 0 3 0 5 0 0 6 0 4 1 0 3 0 19 6 14 16 46 23 37 50 6

f
22.75 33.25 0.0 1.75 1.75 1.75 0.0 0.0 0.0 0.0 0.0 0.0 0.0 0.0 0.0 0.0 0.0 5.25 0.0 5.25 0.0 0.0 0.0 0.0 0.0 0.0 0.0 0.0 0.0 0.0 0.0 0.0 0.0 5.25 0.0 0.0 0.0 0.0 0.0 0.0 0.0 0.0 0.0 0.0 0.0 0.0 0.0 1.75 0.0 0.0 0.0 15.75 0.0 0.0 0.0 0.0 0.0 0.0 0.0 0.0 0.0
0.0 0.0 0.0 0.0 0.0 10.5 12.0 0.0 0.0 0.0 0.0 7.0 0.0 0.0 0.0 0.0 0.0 0.0 0.0 3.5 0.0 0.0 0.0 0.0 0.0 0.0 0.0 4.0 0.0 12.5 13.0 0.0 0.0 0.0 0.0 0.0 0.0 0.0 0.0 10.5 1.0 0.0 0.0 0.0 0.0 0.0 0.0 0.0 0.0 0.0 0.0 0.0 0.0 0.0 0.0 0.0 0.0 0.0 0.0 0.0 0.0
0.0 0.0 0.0 0.0 0.0 0.0 0.0 0.0 0.0 0.0 0.0 0.0 0.0 0.0 0.0 0.0 0.0 0.0 0.0 0.0 0.0 0.0 0.0 0.0 0.0 0.0 0.0 0.0 0.0 0.0 0.0 0.0 0.0 0.0 0.0 0.0 0.0 0.0 0.0 0.0 0.0 0.0 0.0 0.0 0.0 0.0 0.0 0.0 0.0 0.0 0.0 0.0 0.0 0.0 0.0 0.0 0.0 0.0 0.0 0.0 0.0
0.0 0.0 3.75 10.25 0.0 3.75 0.0 0.75 20.75 17.75 0.0 0.0 0.25 0.75 2.75 1.75 0.0 0.0 0.25 6.25 0.0 0.75 2.75 5.75 0.0 3.25 2.25 0.25 4.75 0.0 0.0 0.0 0.0 0.0 0.0 0.0 0.75 4.75 0.25 0.0 0.0 0.75 1.75 0.0 0.0 1.25 0.0 0.0 0.0 1.25 0.25 0.25 0.0 0.0 0.0 0.0 0.0 0.0 0.0 0.0 0.0

L
3 5 4 1 2 22 1 16 47 3 8 14 30 5 31 0 14 18 2 51 3 0 11 6 10 5 6 47 4 1 1 1 0 1 1 2 0

g
0 0 0 0 0 0 0 0 0 0 0 0 0 0 0 0 0 0 0 0 0 0 0 0 0 0 0 0 0 0 0 0 0 0 0 0 0 0 0 0 0 0 0 0 0 0 0 0 0 0 0 0 0 0 0 0 0 0 0 0 0
0 0 0 0 0 0 0 0 0 0 0 0 0 0 0 0 0 0 0 0 0 0 0 0 0 0 0 0 0 0 0 0 0 0 0 0 0 0 0 0 0 0 0 0 0 0 0 0 0 0 0 0 0 0 0 0 0 0 0 0 0
0 0 0 0 0 0 0 0 0 0 0 0 0 0 0 0 0 0 0 0 0 0 0 0 0 0 0 0 0 0 0 0 0 0 0 0 0 0 0 0 0 0 0 0 0 0 0 0 0 0 0 0 0 0 0 0 0 0 0 0 0
0 0 0 0 0 0 0 0 0 0 0 0 0 0 0 0 0 0 0 0 0 0 0 0 0 0 0 0 0 0 0 0 0 0 0 0 0 0 0 0 0 0 0 0 0 0 0 0 0 0 0 0 0 0 0 0 0 0 0 0 0
0 0 0 0 0 0 0 0 0 0 0 0 0 0 0 0 0 0 0 0 0 0 0 0 0 0 0 0 0 0 0 0 0 0 0 0 0 0 0 0 0 0 0 0 0 0 0 0 0 0 0 0 0 0 0 0 0 0 0 0 0
0 0 0 0 0 0 0 0 0 0 0 0 0 0 0 0 0 0 0 0 0 0 0 0 0 0 0 0 0 0 0 0 0 0 0 0 0 0 0 0 0 0 0 0 0 0 0 0 0 0 0 0 0 0 0 0 0 0 0 0 0
0 0 0 0 0 0 0 0 0 0 0 0 0 0 0 0 0 0 0 0 0 0 0 0 0 0 0 0 0 0 0 0 0 0 0 0 0 0 0 0 0 0 0 0 0 0 0 0 0 0 0 0 0 0 0 0 0 0 0 0 0
0 0 0 0 0 0 0 0 0 0 0 0 0 0 0 0 0 0 0 0 0 0 0 0 0 0 0 0 0 0 0 0 0 0 0 0 0 0 0 0 0 0 0 0 0 0 0 0 0 0 0 0 0 0 0 0 0 0 0 0 0
0 0 0 0 0 0 0 0 0 0 0 0 0 0 0 0 0 0 0 0 0 0 0 0 0 0 0 0 0 0 0 0 0 0 0 0 0 0 0 0 0 0 0 0 0 0 0 0 0 0 0 0 0 0 0 0 0 0 0 0 0
0 0 0 0 0 0 0 0 0 0 0 0 0 0 0 0 0 0 0 0 0 0 0 0 0 0 0 0 0 0 0 0 0 0 0 0 0 0 0 0 0 0 0 0 0 0 0 0 0 0 0 0 0 0 0 0 0 0 0 0 0
0 0 0 0 0 0 0 0 0 0 0 0 0 0 0 0 0 0 0 0 0 0 0 0 0 0 0 0 0 0 0 0 0 0 0 0 0 0 0 0 0 0 0 0 0 0 0 0 0 0 0 0 0 0 0 0 0 0 0 0 0
0 0 0 0 0 0 0 0 0 0 0 0 0 0 0 0 0 0 0 0 0 0 0 0 0 0 0 0 0 0 0 0 0 0 0 0 0 0 0 0 0 0 0 0 0 0 0 0 0 0 0 0 0 0 0 0 0 0 0 0 0
0 0 0 0 0 0 0 0 0 0 0 0 0 0 0 0 0 0 0 0 0 0 0 0 0 0 0 0 0 0 0 0 0 0 0 0 0 0 0 0 0 0 0 0 0 0 0 0 0 0 0 0 0 0 0 0 0 0 0 0 0
0 0 0 0 0 0 0 0 0 0 0 0 0 0 0 0 0 0 0 0 0 0 0 0 0 0 0 0 0 0 0 0 0 0 0 0 0 0 0 0 0 0 0 0 0 0 0 0 0 0 0 0 0 0 0 0 0 0 0 0 0
0 0 0 0 0 0 0 0 0 0 0 0 0 0 0 0 0 0 0 0 0 0 0 0 0 0 0 0 0 0 0 0 0 0 0 0 0 0 0 0 0 0 0 0 0 0 0 0 0 0 0 0 0 0 0 0 0 0 0 0 0
0 0 0 0 0 0 0 0 0 0 0 0 0 0 0 0 0 0 0 0 0 0 0 0 0 0 0 0 0 0 0 0 0 0 0 0 0 0 0 0 0 0 0 0 0 0 0 0 0 0 0 0 0 0 0 0 0 0 0 0 0
0 0 0 0 0 0 0 0 0 0 0 0 0 0 0 0 0 0 0 0 0 0 0 0 0 0 0 0 0 0 0 0 0 0 0 0 0 0 0 0 0 0 0 0 0 0 0 0 0 0 0 0 0 0 0 0 0 0 0 0 0
0 0 0 0 0 0 0 0 0 0 0 0 0 0 0 0 0 0 0 0 0 0 0 0 0 0 0 0 0 0 0 0 0 0 0 0 0 0 0 0 0 0 0 0 0 0 0 0 0 0 0 0 0 0 0 0 0 0 0 0 0
0 0 0 0 0 0 0 0 0 0 0 0 0 0 0 0 0 0 0 0 0 0 0 0 0 0 0 0 0 0 0 0 0 0 0 0 0 0 0 0 0 0 0 0 0 0 0 0 0 0 0 0 0 0 0 0 0 0 0 0 0
0 0 0 0 0 0 0 0 0 0 0 0 0 0 0 0 0 0 0 0 0 0 0 0 0 0 0 0 0 0 0 0 0 0 0 0 0 0 0 0 0 0 0 0 0 0 0 0 0 0 0 0 0 0 0 0 0 0 0 0 0
0 0 0 0 0 0 0 0 0 0 0 0 0 0 0 0 0 0 0 0 0 0 0 0 0 0 0 0 0 0 0 0 0 0 0 0 0 0 0 0 0 0 0 0 0 0 0 0 0 0 0 0 0 0 0 0 0 0 0 0 0
0 0 0 0 0 0 0 0 0 0 0 0 0 0 0 0 0 0 0 0 0 0 0 0 0 0 0 0 0 0 0 0 0 0 0 0 0 0 0 0 0 0 0 0 0 0 0 0 0 0 0 0 0 0 0 0 0 0 0 0 0
0 0 0 0 0 0 0 0 0 0 0 0 0 0 0 0 0 0 0 0 0 0 0 0 0 0 0 0 0 0 0 0 0 0 0 0 0 0 0 0 0 0 0 0 0 0 0 0 0 0 0 0 0 0 0 0 0 0 0 0 0
0 0 0 0 0 0 0 0 0 0 0 0 0 0 0 0 0 0 0 0 0 0 0 0 0 0 0 0 0 0 0 0 0 0 0 0 0 0 0 0 0 0 0 0 0 0 0 0 0 0 0 0 0 0 0 0 0 0 0 0 0
0 0 0 0 0 0 0 0 0 0 0 0 0 0 0 0 0 0 0 0 0 0 0 0 0 0 0 0 0 0 0 0 0 0 0 0 0 0 0 0 0 0 0 0 0 0 0 0 0 0 0 0 0 0 0 0 0 0 0 0 0
0 0 0 0 0 0 0 0 0 0 0 0 0 0 0 0 0 0 0 0 0 0 0 0 0 0 0 0 0 0 0 0 0 0 0 0 0 0 0 0 0 0 0 0 0 0 0 0 0 0 0 0 0 0 0 0 0 0 0 0 0
0 0 0 0 0 0 0 0 0 0 0 0 0 0 0 0 0 0 0 0 0 0 0 0 0 0 0 0 0 0 0 0 0 0 0 0 0 0 0 0 0 0 0 0 0 0 0 0 0 0 0 0 0 0 0 0 0 0 0 0 0
0 0 0 0 0 0 0 0 0 0 0 0 0 0 0 0 0 0 0 0 0 0 0 0 0 0 0 0 0 0 0 0 0 0 0 0 0 0 0 0 0 0 0 0 0 0 0 0 0 0 0 0 0 0 0 0 0 0 0 0 0
0 0 0 0 0 0 0 0 0 0 0 0 0 0 0 0 0 0 0 0 0 0 0 0 0 0 0 0 0 0 0 0 0 0 0 0 0 0 0 0 0 0 0 0 0 0 0 0 0 0 0 0 0 0 0 0 0 0 0 0 0
0 0 0 0 0 0 0 0 0 0 0 0 0 0 0 0 0 0 0 0 0 0 0 0 0 0 0 0 0 0 0 0 0 0 0 0 0 0 0 0 0 0 0 0 0 0 0 0 0 0 0 0 0 0 0 0 0 0 0 0 0
0 0 0 0 0 0 0 0 0 0 0 0 0 0 0 0 0 0 0 0 0 0 0 0 0 0 0 0 0 0 0 0 0 0 0 0 0 0 0 0 0 0 0 0 0 0 0 0 0 0 0 0 0 0 0 0 0 0 0 0 0
0 0 0 0 0 0 0 0 0 0 0 0 0 0 0 0 0 0 0 0 0 0 0 0 0 0 0 0 0 0 0 0 0 0 0 0 0 0 0 0 0 0 0 0 0 0 0 0 0 0 0 0 0 0 0 0 0 0 0 0 0
0 0 0 0 0 0 0 0 1 3 0 0 0 0 0 1 0 0 0 1 0 0 0 1 0 0 0 0 0 0 0 0 0 6 0 0 0 0 1 0 0 0 3 0 0 0 0 0 0 0 0 0 0 0 0 0 0 0 0 0 0
0 0 0 0 0 0 0 0 0 0 0 0 0 0 0 0 0 0 0 0 0 0 0 0 0 0 0 0 0 0 0 0 0 0 0 0 0 0 0 0 0 0 0 0 0 0 0 0 0 0 0 0 0 0 0 0 0 0 0 0 0
0 0 0 0 0 0 0 0 0 0 0 0 0 0 0 0 0 0 0 0 0 0 0 0 0 0 0 0 0 0 0 0 0 0 0 0 0 0 0 0 0 0 0 0 0 0 0 0 0 0 0 0 0 0 0 0 0 0 0 0 0
0 0 0 0 0 0 0 0 0 0 0 0 0 0 0 0 0 0 0 0 0 0 0 0 0 0 0 0 0 0 0 0 0 0 0 0 0 0 0 0 0 0 0 0 0 0 0 0 0 0 0 0 0 0 0 0 0 0 0 0 0
0 0 0 0 0 0 0 0 0 0 0 0 0 0 0 0 0 0 0 0 0 0 0 0 0 0 0 0 0 0 0 0 0 0 0 0 0 0 0 0 0 0 0 0 0 0 0 0 0 0 0 0 0 0 0 0 0 0 0 0 0

I cap
1058.909090909091 1058.909090909091 1001.5090909090936 1001.5090909090968 768.6400000000149 723.4400000000073 688.5599999999986 906.6999999999969 568.3800000000058 643.5200000000184 557.5600000000013 487.0000000000058 395.0200000000042 557.1399999999995 756.8400000000007 525.0690909090997 511.42909090909365 466.42909090909615 619.1690909091005 542.3690909091015 556.0090909091032 550.1890909090991 616.3090909090895 466.2290909090882 674.3290909091068 686.6090909090976 559.2490909090909 662.3290909091029 504.0090909091027 629.4090909090969 529.5890909090999 463.60909090910445 723.4690909090948 726.4890909091005 46.55999999999926 141.19999999999982 229.30000000000183 388.6400000000039 621.3800000000069 646.0600000000038 538.9999999999986 440.38000000000346 601.5000000000146 655.7600000000105 741.3400000000017 615.1800000000051 769.1400000000231 873.9599999999989 735.5599999999886 654.840000000024 437.2400000000211 463.7600000000072 642.2400000000177 826.4600000000045 979.980000000009 976.7400000000116 738.9490909090937 835.409090909098 1045.709090909091 1058.909090909091 1058.909090909091
107.96969696969697 107.96969696969697 70.96969696969697 70.96969696969694 4.160000000000084 33.56 7.44000000000031 12.29999999999994 31.620000000000097 89.48000000000015 85.43999999999998 80.0000000000002 75.97999999999996 63.859999999999836 55.16000000000015 19.809696969697466 39.44969696969695 66.44969696969721 5.709696969697098 24.509696969697302 19.86969696969706 49.68969696969694 20.569696969697006 21.649696969697146 63.54969696969712 72.26969696969722 56.62969696969714 84.54969696969712 72.86969696969705 92.469696969697 62.289696969696905 50.269696969696994 44.40969696969683 49.38969696969693 3.440000000000056 30.799999999999986 31.700000000000326 28.360000000000213 37.61999999999995 18.940000000000005 40.99999999999994 55.620000000000005 83.50000000000001 76.2399999999999 50.659999999999926 52.81999999999961 63.85999999999994 32.04000000000014 55.43999999999993 43.16000000000015 87.75999999999999 85.24000000000007 46.76000000000005 52.140000000000384 31.61999999999986 27.06000000000023 46.92969696969698 54.46969696969694 99.16969696969697 107.96969696969697 107.96969696969697
38.96666666666666 38.96666666666666 14.033333333333328 1.3583333333333272 15.291666666666654 29.325 28.624999999999996 31.5 18.23333333333334 10.533333333333337 9.133333333333331 22.400000000000002 17.5 29.400000000000006 9.833333333333334 17.300000000000004 17.299999999999997 24.96666666666666 17.299999999999997 10.299999999999997 17.300000000000004 10.300000000000002 17.300000000000004 10.300000000000002 31.96666666666667 17.300000000000004 17.300000000000004 17.300000000000004 10.300000000000004 17.300000000000004 10.300000000000004 4.6250000000000036 4.6250000000000036 4.6250000000000036 4.125 4.899999999999999 11.2 1.4333333333333353 12.633333333333331 9.133333333333333 30.799999999999997 25.900000000000006 25.23333333333337 24.533333333333367 21.733333333333356 19.633333333333333 16.83333333333333 29.433333333333373 30.799999999999997 11.85833333333335 14.658333333333362 21.658333333333367 32.82500000000002 17.06666666666668 19.166666666666675 14.700000000000038 17.299999999999997 17.299999999999997 38.96666666666666 38.96666666666666 38.96666666666666
45.24545454545453 45.24545454545453 43.77545454545453 43.77545454545453 28.530000000000157 37.80000000000013 36.390000000000576 30.580000000000883 20.080000000000293 26.680000000000202 23.33000000000035 20.16000000000012 16.63000000000006 17.560000000000045 17.810000000000088 27.725454545454962 30.51545454545487 23.335454545454866 22.78545454545505 26.48545454545496 28.995454545454972 27.26545454545497 25.99545454545523 25.495454545455267 29.345454545455564 32.11545454545489 36.555454545455014 33.83545454545493 25.52545454545504 31.87545454545486 25.76545454545487 22.605454545454915 25.105454545454915 25.515454545455025 17.860000000000216 17.270000000000227 18.460000000000093 19.930000000000085 25.330000000000258 39.39000000000005 27.16000000000057 34.64000000000076 40.19000000000007 32.25000000000031 28.180000000000323 30.44000000000037 27.850000000000254 28.870000000000328 29.660000000000284 33.18000000000021 36.53000000000006 37.72000000000003 44.09999999999998 41.79000000000009 32.27000000000038 36.39000000000003 38.78545454545453 39.83545454545453 45.24545454545453 45.24545454545453 45.24545454545453
20.999999999999993 20.999999999999993 20.369999999999994 20.369999999999994 10.62 20.079999999999984 17.909999999999904 19.199999999999925 13.29999999999996 10.499999999999964 8.499999999999979 13.46 15.019999999999989 18.03999999999991 12.680000000000007 7.979999999999969 10.88000000000001 8.799999999999969 12.369999999999957 13.229999999999928 12.589999999999907 7.569999999999961 7.029999999999971 7.5599999999999525 10.879999999999995 13.169999999999952 10.54000000000002 13.869999999999973 11.729999999999992 19.810000000000024 13.209999999999994 9.160000000000034 7.68 9.409999999999942 5.150000000000002 9.190000000000017 6.370000000000006 8.729999999999967 9.54999999999996 8.290000000000045 3.939999999999985 10.879999999999981 10.11000000000004 12.830000000000004 7.120000000000013 6.819999999999981 7.709999999999974 11.060000000000024 13.33999999999994 7.23000000000002 7.029999999999916 8.410000000000009 9.759999999999936 11.290000000000042 15.209999999999726 15.629999999999962 16.87999999999999 17.189999999999998 20.999999999999993 20.999999999999993 20.999999999999993
345.75757575757575 345.75757575757575 345.75757575757575 345.75757575757575 248.41 283.40999999999985 299.5799999999999 235.13882352941204 229.949411764706 227.42000000000115 194.65117647058864 212.91058823529386 283.1500000000009 240.12882352941222 182.35941176470592 230.2287522281626 290.7981639928697 302.8075757575757 264.0563992869879 263.39698752228145 240.57757575757634 237.20757575757656 230.85757575757575 221.92757575757656 233.88757575757674 239.42875222816448 271.57816399286924 302.68757575757525 257.57757575757546 264.4563992869868 247.86698752228227 202.7375757575763 232.06757575757635 210.70757575757685 115.68000000000038 192.30000000000004 211.06000000000014 220.62999999999957 217.12999999999948 222.6800000000002 218.54999999999944 266.7700000000018 208.80000000000032 223.87000000000097 174.81999999999954 163.22999999999962 182.69000000000085 285.54000000000065 330.43000000000234 334.99117647059 292.2094117647066 278.9694117647076 294.8100000000013 354.4211764705899 352.80941176470725 346.980588235294 297.23816399286966 324.75757575757575 345.75757575757575 345.75757575757575 345.75757575757575
779.7575757575758 779.7575757575758 762.7475757575758 762.7475757575758 562.2899999999993 686.4400000000003 613.0700000000004 350.6800000000003 206.8000000000007 347.5499999999997 559.9899999999992 747.4399999999996 718.3799999999991 669.4799999999996 464.0899999999998 366.6375757575755 650.2175757575759 620.3475757575749 367.2375757575773 471.91757575757566 530.0575757575754 463.91757575757504 333.0175757575763 444.3975757575771 705.3875757575747 619.6875757575802 629.5475757575754 668.3375757575765 604.6975757575765 561.9075757575758 495.1175757575767 600.5575757575762 19.757575757575765 206.71757575757465 469.60999999999956 429.95000000000203 403.29000000000076 386.4299999999994 508.8699999999977 638.3099999999993 625.3199999999993 306.0800000000002 229.31000000000017 468.2199999999981 511.62000000000006 449.0899999999984 427.52999999999963 581.640000000001 676.9300000000006 583.2400000000005 629.6899999999987 550.8799999999995 632.6599999999994 723.9399999999997 545.2600000000004 469.8000000000018 693.3575757575757 713.1275757575758 779.7575757575758 779.7575757575758 779.7575757575758
80.73333333333335 80.73333333333335 79.89333333333335 79.89333333333335 62.81999999999992 84.87000000000002 78.36 83.09999999999998 76.16666666666666 79.4 69.02999999999999 82.97333333333333 91.53 92.64 82.72666666666666 68.0933333333333 71.07333333333331 70.99666666666668 72.16333333333334 69.74999999999997 67.83333333333336 68.22333333333334 71.86666666666667 71.35999999999994 71.07333333333337 74.30666666666669 75.9633333333333 72.52000000000004 70.78666666666668 77.86333333333334 71.34000000000002 67.05333333333336 66.51333333333332 67.92333333333335 29.980000000000054 55.79999999999905 64.70999999999934 63.959999999999425 65.79999999999929 69.72 72.20333333333326 79.24 76.69666666666667 77.96999999999998 77.97 84.65333333333334 82.76 72.95666666666666 70.03333333333289 66.36666666666575 64.74999999999962 64.79333333333231 66.42999999999934 64.81999999999917 62.17999999999759 55.35666666666656 73.75666666666669 78.05333333333334 80.73333333333335 80.73333333333335 80.73333333333335
10.775757575757575 10.775757575757575 9.725757575757575 9.725757575757573 7.05000000000001 8.75 5.649999999999997 3.349999999999988 4.999999999999997 5.899999999999996 1.4000000000000012 3.499999999999993 5.25 2.420000000000002 0.5799999999999983 1.185757575757573 2.37575757575757 3.1757575757575776 1.2957575757575768 6.095757575757594 4.695757575757579 2.895757575757594 2.035757575757577 0.06575757575757768 2.6657575757575627 5.465757575757578 10.775757575757577 6.545757575757566 0.15575757575757088 4.385757575757581 7.575757575757572 2.375757575757574 3.1757575757575687 2.775757575757572 2.4000000000000057 1.8900000000000021 1.3000000000000085 1.340000000000015 1.339999999999999 3.949999999999993 8.289999999999996 3.650000000000004 0.18999999999999773 6.059999999999996 1.2799999999999958 1.5099999999999945 0.699999999999994 9.539999999999988 9.749999999999996 5.360000000000002 2.960000000000001 3.7699999999999925 5.419999999999994 1.2200000000000326 3.640000000000015 4.55000000000002 2.125757575757582 5.025757575757575 10.775757575757575 10.775757575757575 10.775757575757575
2.545454545454545 2.545454545454545 2.545454545454545 2.545454545454545 1.1800000000000002 0.04999999999999993 1.2400000000000135 0.3600000000000002 0.1000000000000032 6.661338147750939e-16 1.240000000000021 0.5599999999999999 0.1399999999999999 0.8400000000000006 0.15000000000000058 0.20545454545454633 0.1754545454545522 1.285454545454547 0.7154545454545497 0.985454545454551 0.5654545454545475 1.285454545454551 0.44545454545455265 0.3254545454545552 0.775454545454551 0.5654545454545483 1.075454545454551 1.2854545454545478 1.0754545454545492 1.0754545454545528 1.2854545454545487 1.0754545454545483 0.7154545454545519 0.5654545454545502 0.8200000000000077 0.7000000000000067 1.2100000000000093 0.33000000000000074 1.03000000000001 0.5599999999999999 0.07000000000000539 0.09000000000000052 0.8200000000000108 0.04999999999999993 0.36000000000000054 0.040000000000000924 0.36000000000000054 1.1100000000000096 0.490000000000005 0.9400000000000056 1.0600000000000098 0.17000000000000437 0.17000000000000437 1.3600000000000065 1.060000000000001 0.7300000000000056 1.0754545454545466 1.8254545454545574 2.545454545454545 2.545454545454545 2.545454545454545
8.515433299825174 8.515433299825174 8.515433299825174 8.51543329982517 6.567639540229881 7.189670172413749 5.721006637931029 5.468813938293918 5.011376839080301 4.791340258620566 6.024948103448094 7.7923300574711085 7.8998318965516106 6.576223103448279 4.443067442528738 3.800058793103457 4.837371091954013 6.534303448275843 4.221854482758621 4.733561063218385 4.3633775391849525 5.042264482758604 4.598293448275839 4.593509310344857 5.066875804597737 4.7185776134301465 4.755443505747204 7.941640834845583 6.843549827586086 6.065604137931009 5.582756149425075 6.234717931034321 2.6386722413793073 2.8523524425287556 9.125719885057274 8.947364137930935 3.696440344827627 3.807619137931039 4.5282727586207026 5.202842758620698 5.143408620689697 2.8171200000000125 2.7449412068965007 4.13396620689655 4.048288275862059 5.00244086206898 4.010380344827588 4.411964310344812 3.3347193103449073 4.00384396551724 5.900708160919521 5.87010597701147 5.896132586206853 5.818796379310313 7.198177988505614 5.13732203871748 7.452214736606781 8.170605541204484 8.515433299825174 8.515433299825174 8.515433299825174
700.0 700.0 699.0 696.0 684.0 686.0 679.0 686.0 678.0 679.0 683.0 688.0 683.0 683.0 679.0 686.0 679.0 678.0 679.0 683.0 685.0 685.0 685.0 685.0 682.0 684.0 683.0 678.0 681.0 682.0 680.0 681.0 682.0 687.0 686.0 686.0 687.0 678.0 683.0 683.0 685.0 682.0 686.0 688.0 688.0 684.0 685.0 686.0 684.0 677.0 679.0 684.0 686.0 683.0 686.0 674.0 684.0 691.0 700.0 700.0 700.0

H cap
-22.75 -33.25 19.25 -1.75 -1.75 -1.75 15.75 1.75 19.25 43.75 15.75 5.25 50.75 40.25 5.25 26.25 5.25 -5.25 26.25 -5.25 12.25 1.75 5.25 57.75 15.75 26.25 78.75 8.75 5.25 54.25 54.25 12.25 12.25 -5.25 5.25 12.25 36.75 64.75 12.25 47.25 89.25 89.25 78.75 26.25 1.75 1.75 12.25 -1.75 22.75 47.25 15.75 -15.75 36.75 131.25 131.25 131.25 131.25 131.25 131.25 131.25 131.25
38.0 35.5 37.5 29.5 13.5 -10.5 -12.0 14.5 32.5 27.0 8.0 -7.0 2.0 20.5 32.5 19.5 7.5 7.0 3.0 -3.5 6.5 20.5 24.0 25.0 25.0 37.0 19.0 -4.0 7.5 -12.5 -13.0 14.0 9.5 0.5 3.5 10.5 22.5 26.5 3.5 -10.5 -1.0 11.0 19.5 11.5 11.5 21.0 21.0 19.5 13.5 18.5 30.5 17.5 25.5 52.5 52.5 52.5 52.5 52.5 52.5 52.5 52.5
45.5 42.0 45.5 42.0 42.0 42.0 42.0 42.0 49.0 49.0 42.0 42.0 49.0 45.5 45.5 45.5 45.5 49.0 49.0 45.5 45.5 49.0 42.0 45.5 45.5 45.5 45.5 42.0 52.5 49.0 45.5 45.5 45.5 45.5 49.0 45.5 49.0 49.0 45.5 52.5 45.5 49.0 49.0 45.5 45.5 42.0 42.0 49.0 52.5 52.5 56.0 38.5 42.0 63.0 63.0 63.0 63.0 63.0 63.0 63.0 63.0
13.25 8.25 -3.75 -10.25 8.25 -3.75 5.25 -0.75 -20.75 -17.75 0.75 6.75 -0.25 -0.75 -2.75 -1.75 7.25 0.25 -0.25 -6.25 4.25 -0.75 -2.75 -5.75 0.75 -3.25 -2.25 -0.25 -4.75 4.25 0.25 0.75 1.25 0.25 1.75 0.25 -0.75 -4.75 -0.25 1.25 6.75 -0.75 -1.75 0.25 15.25 -1.25 0.75 0.25 3.75 -1.25 -0.25 -0.25 12.75 78.75 78.75 78.75 78.75 78.75 78.75 78.75 78.75

Gap
NaN

Time
NaN

