T P M C
61 37 4 12

base obj
13.118015594952714

exp obj
11.578707774645908

Objective struct
13.118015594952714 0.0 6.960784313725489

num campaigns
355

x
0 0 0 0 1 0 0 0 0 0 0 0 1 0 0 1 0 0 0 1 0 0 0 1 0 0 1 0 0 1 0 0 0 1 0 0 0 0 0 1 0 0 1 0 0 0 1 0 0 1 0 0 1 0 0 0 0 0 0 0 0
0 0 0 0 0 0 0 0 0 0 0 1 0 0 0 0 0 0 0 0 0 0 0 0 0 0 0 0 0 0 0 0 0 0 0 0 0 0 0 0 0 1 0 0 0 0 0 0 0 0 0 0 0 0 0 0 0 0 0 0 0
0 0 0 0 0 0 1 0 0 0 1 0 0 0 0 0 0 0 0 0 0 0 0 0 1 0 0 0 0 0 0 0 0 0 0 1 0 0 0 1 0 0 0 0 1 0 0 0 1 0 0 0 0 1 0 0 0 0 0 0 0
0 0 0 0 0 1 0 1 0 0 1 0 1 0 1 0 1 0 0 0 0 1 0 1 0 1 0 0 1 0 1 0 0 0 0 0 0 0 0 0 0 0 0 0 0 0 0 0 0 0 0 0 0 0 0 0 0 0 0 0 0
0 0 0 0 0 0 1 0 0 0 1 0 0 1 0 0 1 0 0 0 1 0 0 1 0 0 1 0 0 0 1 0 0 0 0 1 0 0 0 0 1 0 0 1 0 0 1 0 0 1 0 0 0 1 0 0 0 0 0 0 0
0 0 0 0 0 0 0 0 0 0 0 0 0 0 0 0 0 0 0 0 0 0 0 0 1 0 0 0 0 0 0 1 0 0 0 0 0 0 0 0 0 0 0 0 0 0 0 0 0 0 1 0 0 0 0 0 0 0 0 0 0
0 0 0 0 0 0 1 0 1 0 1 0 1 0 1 0 1 0 1 0 0 1 0 1 0 0 0 1 0 0 0 0 0 0 0 1 0 0 1 0 0 0 0 0 0 0 0 0 0 0 0 0 0 0 0 0 0 0 0 0 0
0 0 0 0 1 0 0 0 0 0 0 0 0 0 0 0 0 0 0 0 0 1 0 0 0 0 0 0 0 0 0 0 0 0 0 0 0 0 1 0 0 0 0 0 0 0 0 0 0 0 0 0 0 0 0 1 0 0 0 0 0
0 0 0 0 0 0 0 1 0 0 0 0 0 0 0 0 0 0 0 0 0 0 0 0 0 0 0 0 0 0 0 0 0 0 0 0 0 0 0 0 0 0 0 0 0 0 0 0 0 0 0 1 0 0 0 0 0 0 0 0 0
0 0 0 0 0 0 0 0 0 0 0 0 0 1 0 0 0 1 0 0 0 0 0 0 0 0 0 0 0 0 0 0 0 0 0 1 0 0 0 0 0 0 1 0 0 0 0 1 0 0 0 0 0 1 0 0 0 0 0 0 0
0 0 0 0 0 0 0 0 1 0 0 0 0 0 0 0 0 0 1 0 0 0 0 0 0 0 0 0 1 0 0 0 0 0 0 0 0 0 0 1 0 0 0 0 0 0 0 0 0 1 0 0 0 0 0 0 0 0 0 0 0
0 0 0 0 0 0 0 0 1 0 0 0 0 0 0 1 0 0 0 0 0 0 1 0 0 0 0 0 0 1 0 0 0 0 0 0 0 0 0 0 0 0 0 0 0 0 0 0 0 0 0 0 0 0 0 0 0 0 0 0 0
0 0 0 0 0 0 0 0 0 0 0 0 0 0 0 0 0 0 1 0 0 0 0 0 0 0 0 0 0 0 0 0 1 0 0 0 0 0 0 0 0 0 0 0 0 0 1 0 0 0 0 0 0 0 0 0 0 0 0 0 0
0 0 0 0 0 0 1 0 0 0 0 1 0 0 0 0 1 0 0 0 0 0 0 0 0 0 0 0 1 0 0 0 0 1 0 0 0 0 0 0 1 0 0 0 0 0 0 0 1 0 0 0 0 1 0 0 0 0 0 0 0
0 0 0 0 0 0 0 0 0 0 1 0 0 0 0 0 0 0 0 0 0 0 0 0 0 0 0 1 0 0 0 0 0 0 0 0 0 0 0 0 0 0 0 0 0 0 0 0 0 0 0 0 0 0 0 0 0 0 0 0 0
0 0 0 0 0 0 0 0 0 0 0 0 0 0 0 0 0 0 1 0 0 0 0 0 0 0 0 0 0 0 0 0 0 0 0 0 0 0 0 0 0 0 0 0 0 0 0 0 0 0 0 0 0 0 0 0 0 0 0 0 0
0 0 0 0 0 0 0 0 0 0 0 0 0 1 0 0 0 0 0 0 0 0 0 0 0 0 0 0 0 0 1 0 0 0 0 0 0 0 0 0 0 0 0 1 0 0 0 0 0 0 0 0 0 0 0 0 0 0 0 0 0
0 0 0 0 0 0 1 0 0 0 0 0 0 0 0 0 0 0 0 0 0 0 0 0 0 1 0 0 0 0 0 0 0 0 0 0 0 0 0 0 0 0 0 0 1 0 0 0 0 0 0 0 0 0 0 0 0 0 0 0 0
0 0 0 0 0 0 1 0 0 1 0 0 1 0 1 0 0 1 0 1 0 1 0 0 0 0 0 0 1 0 0 0 1 0 0 1 0 1 0 1 0 1 0 1 0 1 0 1 0 1 0 1 0 0 1 0 0 0 0 0 0
0 0 0 0 0 1 0 0 0 0 0 0 0 0 0 0 0 0 0 0 0 0 0 0 0 0 0 0 0 0 0 0 0 0 0 0 0 0 0 0 0 0 0 0 0 0 0 0 0 0 0 0 0 0 0 1 0 0 0 0 0
0 0 0 0 0 0 1 0 0 1 0 0 1 0 0 1 0 0 0 1 0 0 0 0 0 0 1 0 0 1 0 0 1 0 0 0 0 0 0 0 0 1 0 0 0 0 1 0 0 0 0 1 0 0 1 0 0 0 0 0 0
0 0 0 0 0 0 0 0 0 0 0 0 0 0 0 0 0 0 0 0 0 0 0 0 0 0 0 0 0 0 0 0 0 0 0 0 0 0 0 0 0 0 0 0 0 0 0 0 0 0 0 0 0 0 0 0 0 0 0 0 0
0 0 0 0 0 0 0 0 1 0 0 0 0 0 0 0 0 0 0 0 1 0 0 0 0 0 0 0 0 0 0 0 0 0 1 0 0 0 0 0 0 0 0 0 0 0 0 0 0 0 0 0 0 0 0 0 0 0 0 0 0
0 0 0 0 0 0 0 0 1 0 0 0 0 0 0 0 0 1 0 0 0 0 1 0 0 0 0 0 0 0 0 1 0 0 0 0 1 0 0 0 0 0 0 0 1 0 0 0 0 0 1 0 0 0 0 0 0 0 0 0 0
0 0 0 0 0 0 0 0 0 0 0 0 0 0 1 0 0 0 0 0 0 0 0 0 0 1 0 0 0 0 0 0 0 0 0 0 0 1 0 0 0 0 0 0 0 0 0 0 0 0 0 0 0 0 0 0 0 0 0 0 0
0 0 0 0 0 0 1 0 0 0 0 0 1 0 0 0 0 0 0 1 0 0 0 0 1 0 0 0 0 1 0 0 0 0 1 0 0 0 0 1 0 0 0 0 1 0 0 0 0 0 0 0 0 0 0 0 0 0 0 0 0
0 0 0 0 0 0 1 0 0 0 0 0 0 0 0 1 0 0 0 0 0 0 1 0 0 0 0 0 0 0 0 0 1 0 0 0 0 0 0 0 0 1 0 0 0 0 0 1 0 0 0 0 0 0 1 0 0 0 0 0 0
0 0 0 0 1 0 0 0 0 0 0 0 0 0 0 0 0 0 0 0 0 0 0 0 0 0 0 0 0 0 0 0 0 0 0 0 0 0 0 0 0 0 0 0 0 0 0 0 0 0 0 0 0 0 0 1 0 0 0 0 0
0 0 0 0 0 0 0 0 0 0 0 0 0 0 0 0 0 0 0 0 0 0 0 0 0 0 0 0 0 0 0 0 0 0 0 0 0 0 0 0 0 0 0 0 0 1 0 0 0 0 0 1 0 0 0 0 0 0 0 0 0
0 0 0 0 0 0 1 1 1 1 1 1 1 0 1 1 1 1 1 1 1 1 1 1 1 0 1 1 1 1 1 1 1 1 0 1 1 1 1 0 1 1 1 1 1 1 1 1 1 1 1 1 1 1 1 1 0 0 0 0 0
0 0 0 0 0 0 1 1 0 1 0 0 1 1 1 1 1 1 1 1 1 1 1 1 1 1 1 1 1 1 1 1 1 0 1 1 1 1 1 1 1 1 1 1 1 1 1 1 1 1 0 0 1 1 1 1 0 0 0 0 0
0 0 0 0 0 0 1 1 0 1 0 0 1 1 1 1 0 0 1 0 1 1 0 1 1 0 0 1 0 1 1 1 1 0 0 1 1 1 1 1 1 1 1 1 1 1 1 1 1 0 0 0 1 1 1 1 0 0 0 0 0
0 0 0 0 0 0 1 0 0 0 0 0 1 0 1 0 0 0 0 0 1 1 0 0 1 0 0 1 0 1 0 0 0 1 0 1 0 0 1 0 1 1 1 0 0 1 1 1 1 0 0 0 0 0 0 0 0 0 0 0 0
0 0 0 0 0 0 1 0 0 0 1 0 1 0 1 0 0 0 0 0 1 1 0 0 0 0 0 1 0 1 1 0 0 0 0 1 1 1 1 0 1 1 1 1 1 1 1 1 1 0 1 0 1 0 0 1 0 0 0 0 0
0 0 0 0 0 0 1 0 0 0 0 0 0 0 0 0 0 0 0 0 1 1 0 0 0 0 0 1 0 1 0 0 0 1 0 1 0 1 0 1 1 0 1 0 0 0 0 1 1 0 0 0 0 1 1 0 0 0 0 0 0
0 0 0 0 0 0 0 0 0 0 0 0 0 0 0 0 0 0 0 0 0 0 0 0 0 0 0 0 0 0 0 0 0 0 0 1 0 0 0 0 0 0 0 0 0 0 0 0 0 0 0 0 0 1 0 0 0 0 0 0 0
0 0 0 0 0 0 0 0 0 0 0 0 0 0 0 0 0 0 0 0 0 0 0 0 0 0 0 0 0 0 0 0 0 0 0 0 0 0 0 0 0 0 0 0 0 0 0 0 0 0 0 0 0 0 0 1 0 0 0 0 0

y
0.0 25.363636363636363 0.0 0.0 0.0 2.3636363636363633 0.0 0.0 0.0 2.178571428571429 0.0 0.0 9.363636363636363 0.0 8.5 0.0 2.8000000000000007 0.0 0.0 0.0 0.0 0.0 0.0 0.0 0.8000000000000007 0.0 0.33333333333333304 0.0 3.45 0.0 0.0 0.0 0.5048543689320388 0.0 0.0 17.0 0.0

k
0 10 5 0 3 9 0 0 0 23 0 0 9 3 5 0 3 0 6 0 0 6 1 3 3 0 3 0 19 6 8 17 86 27 37 50 5

f
8.75 29.75 0.0 19.25 0.0 0.0 0.0 0.0 0.0 0.0 0.0 1.75 0.0 0.0 0.0 0.0 0.0 0.0 0.0 0.0 0.0 0.0 0.0 5.25 0.0 0.0 0.0 0.0 0.0 0.0 0.0 0.0 0.0 0.0 0.0 15.75 0.0 0.0 5.25 0.0 0.0 0.0 0.0 0.0 0.0 0.0 0.0 0.0 0.0 0.0 0.0 5.25 0.0 0.0 0.0 0.0 0.0 0.0 0.0 0.0 0.0
0.0 0.0 0.0 0.0 0.0 0.0 0.0 0.0 0.0 0.0 0.0 0.0 0.0 0.0 0.0 0.0 0.0 0.0 0.0 0.0 0.0 0.0 0.0 0.0 0.0 0.0 0.0 0.0 0.0 0.0 0.0 0.0 0.0 0.0 0.0 0.0 0.0 0.0 0.0 0.0 0.0 0.0 0.0 0.5 0.0 0.0 0.0 0.0 0.0 0.0 0.0 0.0 0.0 0.0 0.0 0.0 0.0 0.0 0.0 0.0 0.0
0.0 0.0 0.0 0.0 0.0 0.0 0.0 0.0 0.0 0.0 0.0 0.0 0.0 0.0 0.0 0.0 0.0 0.0 0.0 0.0 0.0 0.0 0.0 0.0 0.0 0.0 0.0 0.0 0.0 0.0 0.0 0.0 0.0 0.0 0.0 0.0 0.0 0.0 0.0 0.0 0.0 0.0 0.0 0.0 0.0 0.0 0.0 0.0 0.0 0.0 0.0 0.0 0.0 0.0 0.0 0.0 0.0 0.0 0.0 0.0 0.0
0.0 0.0 0.25 3.25 7.25 1.75 0.0 9.25 0.0 0.75 9.75 24.75 1.25 0.0 2.75 0.0 0.25 0.0 0.0 1.75 0.0 14.25 2.25 0.0 0.0 3.25 2.25 2.75 1.75 0.0 6.25 0.0 0.0 0.0 0.0 0.0 0.25 0.0 0.0 0.0 0.25 0.0 0.0 0.0 0.0 0.0 2.25 0.75 0.0 0.25 0.0 0.25 0.0 0.0 0.0 0.0 0.0 0.0 0.0 0.0 0.0

L
3 30 4 2 3 7 2 17 44 4 10 7 14 5 17 0 13 19 2 50 3 0 12 5 11 5 6 51 6 1 1 1 1 1 1 18 0

g
0 0 0 0 0 0 0 0 0 0 0 0 0 0 0 0 0 0 0 0 0 0 0 0 0 0 0 0 0 0 0 0 0 0 0 0 0 0 0 0 0 0 0 0 0 0 0 0 0 0 0 0 0 0 0 0 0 0 0 0 0
0 0 0 0 0 0 0 0 0 0 0 0 0 0 0 0 0 0 0 0 0 0 0 0 0 0 0 0 0 0 0 0 0 0 0 0 0 0 0 0 0 0 0 0 0 0 0 0 0 0 0 0 0 0 0 0 0 0 0 0 0
0 0 0 0 0 0 0 0 0 0 0 0 0 0 0 0 0 0 0 0 0 0 0 0 0 0 0 0 0 0 0 0 0 0 0 0 0 0 0 0 0 0 0 0 0 0 0 0 0 0 0 0 0 0 0 0 0 0 0 0 0
0 0 0 0 0 0 0 0 0 0 0 0 0 0 0 0 0 0 0 0 0 0 0 0 0 0 0 0 0 0 0 0 0 0 0 0 0 0 0 0 0 0 0 0 0 0 0 0 0 0 0 0 0 0 0 0 0 0 0 0 0
0 0 0 0 0 0 0 0 0 0 0 0 0 0 0 0 0 0 0 0 0 0 0 0 0 0 0 0 0 0 0 0 0 0 0 0 0 0 0 0 0 0 0 0 0 0 0 0 0 0 0 0 0 0 0 0 0 0 0 0 0
0 0 0 0 0 0 0 0 0 0 0 0 0 0 0 0 0 0 0 0 0 0 0 0 0 0 0 0 0 0 0 0 0 0 0 0 0 0 0 0 0 0 0 0 0 0 0 0 0 0 0 0 0 0 0 0 0 0 0 0 0
0 0 0 0 0 0 0 0 0 0 0 0 0 0 0 0 0 0 0 0 0 0 0 0 0 0 0 0 0 0 0 0 0 0 0 0 0 0 0 0 0 0 0 0 0 0 0 0 0 0 0 0 0 0 0 0 0 0 0 0 0
0 0 0 0 0 0 0 0 0 0 0 0 0 0 0 0 0 0 0 0 0 0 0 0 0 0 0 0 0 0 0 0 0 0 0 0 0 0 0 0 0 0 0 0 0 0 0 0 0 0 0 0 0 0 0 0 0 0 0 0 0
0 0 0 0 0 0 0 0 0 0 0 0 0 0 0 0 0 0 0 0 0 0 0 0 0 0 0 0 0 0 0 0 0 0 0 0 0 0 0 0 0 0 0 0 0 0 0 0 0 0 0 0 0 0 0 0 0 0 0 0 0
0 0 0 0 0 0 0 0 0 0 0 0 0 0 0 0 0 0 0 0 0 0 0 0 0 0 0 0 0 0 0 0 0 0 0 0 0 0 0 0 0 0 0 0 0 0 0 0 0 0 0 0 0 0 0 0 0 0 0 0 0
0 0 0 0 0 0 0 0 0 0 0 0 0 0 0 0 0 0 0 0 0 0 0 0 0 0 0 0 0 0 0 0 0 0 0 0 0 0 0 0 0 0 0 0 0 0 0 0 0 0 0 0 0 0 0 0 0 0 0 0 0
0 0 0 0 0 0 0 0 0 0 0 0 0 0 0 0 0 0 0 0 0 0 0 0 0 0 0 0 0 0 0 0 0 0 0 0 0 0 0 0 0 0 0 0 0 0 0 0 0 0 0 0 0 0 0 0 0 0 0 0 0
0 0 0 0 0 0 0 0 0 0 0 0 0 0 0 0 0 0 0 0 0 0 0 0 0 0 0 0 0 0 0 0 0 0 0 0 0 0 0 0 0 0 0 0 0 0 0 0 0 0 0 0 0 0 0 0 0 0 0 0 0
0 0 0 0 0 0 0 0 0 0 0 0 0 0 0 0 0 0 0 0 0 0 0 0 0 0 0 0 0 0 0 0 0 0 0 0 0 0 0 0 0 0 0 0 0 0 0 0 0 0 0 0 0 0 0 0 0 0 0 0 0
0 0 0 0 0 0 0 0 0 0 0 0 0 0 0 0 0 0 0 0 0 0 0 0 0 0 0 0 0 0 0 0 0 0 0 0 0 0 0 0 0 0 0 0 0 0 0 0 0 0 0 0 0 0 0 0 0 0 0 0 0
0 0 0 0 0 0 0 0 0 0 0 0 0 0 0 0 0 0 0 0 0 0 0 0 0 0 0 0 0 0 0 0 0 0 0 0 0 0 0 0 0 0 0 0 0 0 0 0 0 0 0 0 0 0 0 0 0 0 0 0 0
0 0 0 0 0 0 0 0 0 0 0 0 0 0 0 0 0 0 0 0 0 0 0 0 0 0 0 0 0 0 0 0 0 0 0 0 0 0 0 0 0 0 0 0 0 0 0 0 0 0 0 0 0 0 0 0 0 0 0 0 0
0 0 0 0 0 0 0 0 0 0 0 0 0 0 0 0 0 0 0 0 0 0 0 0 0 0 0 0 0 0 0 0 0 0 0 0 0 0 0 0 0 0 0 0 0 0 0 0 0 0 0 0 0 0 0 0 0 0 0 0 0
0 0 0 0 0 0 0 0 0 0 0 0 0 0 0 0 0 0 0 0 0 0 0 0 0 0 0 0 0 0 0 0 0 0 0 0 0 0 0 0 0 0 0 0 0 0 0 0 0 0 0 0 0 0 0 0 0 0 0 0 0
0 0 0 0 0 0 0 0 0 0 0 0 0 0 0 0 0 0 0 0 0 0 0 0 0 0 0 0 0 0 0 0 0 0 0 0 0 0 0 0 0 0 0 0 0 0 0 0 0 0 0 0 0 0 0 0 0 0 0 0 0
0 0 0 0 0 0 0 0 0 0 0 0 0 0 0 0 0 0 0 0 0 0 0 0 0 0 0 0 0 0 0 0 0 0 0 0 0 0 0 0 0 0 0 0 0 0 0 0 0 0 0 0 0 0 0 0 0 0 0 0 0
0 0 0 0 0 0 0 0 0 0 0 0 0 0 0 0 0 0 0 0 0 0 0 0 0 0 0 0 0 0 0 0 0 0 0 0 0 0 0 0 0 0 0 0 0 0 0 0 0 0 0 0 0 0 0 0 0 0 0 0 0
0 0 0 0 0 0 0 0 0 0 0 0 0 0 0 0 0 0 0 0 0 0 0 0 0 0 0 0 0 0 0 0 0 0 0 0 0 0 0 0 0 0 0 0 0 0 0 0 0 0 0 0 0 0 0 0 0 0 0 0 0
0 0 0 0 0 0 0 0 0 0 0 0 0 0 0 0 0 0 0 0 0 0 0 0 0 0 0 0 0 0 0 0 0 0 0 0 0 0 0 0 0 0 0 0 0 0 0 0 0 0 0 0 0 0 0 0 0 0 0 0 0
0 0 0 0 0 0 0 0 0 0 0 0 0 0 0 0 0 0 0 0 0 0 0 0 0 0 0 0 0 0 0 0 0 0 0 0 0 0 0 0 0 0 0 0 0 0 0 0 0 0 0 0 0 0 0 0 0 0 0 0 0
0 0 0 0 0 0 0 0 0 0 0 0 0 0 0 0 0 0 0 0 0 0 0 0 0 0 0 0 0 0 0 0 0 0 0 0 0 0 0 0 0 0 0 0 0 0 0 0 0 0 0 0 0 0 0 0 0 0 0 0 0
0 0 0 0 0 0 0 0 0 0 0 0 0 0 0 0 0 0 0 0 0 0 0 0 0 0 0 0 0 0 0 0 0 0 0 0 0 0 0 0 0 0 0 0 0 0 0 0 0 0 0 0 0 0 0 0 0 0 0 0 0
0 0 0 0 0 0 0 0 0 0 0 0 0 0 0 0 0 0 0 0 0 0 0 0 0 0 0 0 0 0 0 0 0 0 0 0 0 0 0 0 0 0 0 0 0 0 0 0 0 0 0 0 0 0 0 0 0 0 0 0 0
0 0 0 0 0 0 0 0 0 0 0 0 0 0 0 0 0 0 0 0 0 0 0 0 0 0 0 0 0 0 0 0 0 0 0 0 0 0 0 0 0 0 0 0 0 0 0 0 0 0 0 0 0 0 0 0 0 0 0 0 0
0 0 0 0 0 0 0 0 0 0 0 0 0 0 0 0 0 0 0 0 0 0 0 0 0 0 0 0 0 0 0 0 0 0 0 0 0 0 0 0 0 0 0 0 0 0 0 0 0 0 0 0 0 0 0 0 0 0 0 0 0
0 0 0 0 0 0 0 0 0 0 0 0 0 0 0 0 0 0 0 0 0 0 0 0 0 0 0 0 0 0 0 0 0 0 0 0 0 0 0 0 0 0 0 0 0 0 0 0 0 0 0 0 0 0 0 0 0 0 0 0 0
0 0 0 0 0 0 0 0 0 0 0 0 0 0 0 0 0 0 0 0 0 0 0 0 0 0 0 0 0 0 0 0 0 0 0 0 0 0 0 0 0 0 0 0 0 0 0 0 0 0 0 0 0 0 0 0 0 0 0 0 0
0 0 0 0 0 0 0 0 0 0 0 0 0 0 0 0 0 0 0 0 0 0 0 0 0 0 0 0 0 0 0 0 0 0 0 0 0 0 0 0 0 0 0 0 0 0 0 0 0 0 0 0 0 0 0 0 0 0 0 0 0
0 0 0 0 0 0 0 0 0 0 0 0 0 0 0 0 0 0 0 0 0 0 0 0 0 0 0 0 0 0 0 0 0 0 0 0 0 0 0 0 0 0 0 0 0 0 0 0 0 0 0 0 0 0 0 0 0 0 0 0 0
0 0 0 0 0 0 0 0 0 0 0 0 0 0 0 0 0 0 0 0 0 0 0 0 0 0 0 0 0 0 0 0 0 0 0 0 0 0 0 0 0 0 0 0 0 0 0 0 0 0 0 0 0 0 0 0 0 0 0 0 0
0 0 0 0 0 0 0 0 0 0 0 0 0 0 0 0 0 0 0 0 0 0 0 0 0 0 0 0 0 0 0 0 0 0 0 0 0 0 0 0 0 0 0 0 0 0 0 0 0 0 0 0 0 0 0 0 0 0 0 0 0
0 0 0 0 0 0 0 0 0 0 0 0 0 0 0 0 0 0 0 0 0 0 0 0 0 0 0 0 0 0 0 0 0 0 0 0 0 0 0 0 0 0 0 0 0 0 0 0 0 0 0 0 0 0 0 0 0 0 0 0 0

I cap
1058.909090909091 1058.909090909091 939.3490909090958 918.9490909091055 1070.6599999999999 822.8599999999958 673.6800000000148 736.9400000000087 554.9400000000012 1020.3000000000065 448.1000000000097 643.2400000000046 335.50000000000756 582.9200000000087 473.1199999999983 655.3090909090968 577.0090909090993 683.3890909091006 580.2290909090939 653.3890909090876 635.1890909090914 422.8290909091087 677.1890909091012 552.0090909090889 367.8890909090958 312.7290909091089 457.94909090909937 594.4290909090839 596.0890909090979 610.1090909091056 515.1890909090903 557.6690909090958 620.0290909091045 759.4090909090919 267.92000000000013 271.2800000000025 382.1400000000005 604.5400000000075 733.4800000000125 606.1599999999895 356.99999999998744 264.9800000000082 586.7000000000144 662.2599999999916 569.4800000000143 517.8800000000156 628.2599999999952 676.9999999999875 649.2800000000099 692.0000000000136 515.580000000001 666.5200000000159 828.240000000002 805.2199999999843 866.5400000000234 895.0400000000102 789.6090909090908 858.6090909090981 1023.909090909091 1058.909090909091 1058.909090909091
107.96969696969697 107.96969696969697 67.52969696969697 67.52969696969697 75.93999999999994 62.93999999999994 51.320000000000114 12.059999999999974 6.060000000000073 69.7000000000001 27.90000000000019 104.75999999999993 64.49999999999986 57.0799999999999 51.88 47.56969696969722 51.86969696969687 48.489696969697064 13.649696969697066 1.4896969696972064 9.689696969696847 21.0496969696972 11.689696969697039 14.869696969697202 17.989696969696695 63.149696969696876 80.92969696969702 89.44969696969686 53.78969696969692 15.769696969697087 25.68969696969701 65.20969696969686 71.84969696969691 69.4696969696968 46.080000000000176 41.72000000000013 5.85999999999996 41.45999999999988 24.520000000000238 6.8400000000000265 22.999999999999552 8.019999999999905 62.300000000000054 75.73999999999987 90.51999999999998 75.11999999999989 56.73999999999986 44.99999999999973 44.7200000000001 64.00000000000006 49.41999999999974 42.48000000000003 75.76 12.380000000000258 5.060000000000244 25.66000000000022 46.169696969696915 49.16969696969696 72.96969696969697 107.96969696969697 107.96969696969697
38.96666666666666 38.96666666666666 38.96666666666666 14.033333333333328 19.16666666666666 13.191666666666666 6.95833333333333 4.158333333333333 5.558333333333339 17.53333333333334 9.133333333333331 7.733333333333336 2.833333333333334 14.73333333333334 2.833333333333334 17.300000000000004 17.299999999999997 17.299999999999997 31.96666666666666 10.299999999999997 17.299999999999997 10.299999999999997 31.96666666666666 31.96666666666667 26.29166666666667 26.29166666666667 11.625000000000002 11.625000000000005 17.300000000000004 17.300000000000004 17.300000000000004 24.300000000000004 17.300000000000004 17.300000000000004 2.1333333333333346 11.899999999999999 11.2 9.100000000000001 20.299999999999997 16.799999999999997 30.799999999999997 11.233333333333341 25.23333333333335 4.858333333333359 23.725000000000033 14.624999999999996 11.158333333333347 22.433333333333373 23.133333333333333 32.20000000000002 42.000000000000014 20.33333333333338 30.83333333333338 2.400000000000002 4.500000000000025 14.700000000000003 17.300000000000004 38.96666666666667 38.96666666666666 38.96666666666666 38.96666666666666
45.24545454545453 45.24545454545453 43.14545454545453 43.14545454545453 32.97000000000007 32.84000000000005 23.450000000000365 19.38000000000053 20.740000000000208 30.020000000000383 23.18000000000023 19.870000000000108 22.220000000000155 24.27000000000012 12.170000000000153 29.02545454545485 25.905454545454766 25.5154545454549 27.84545454545493 30.535454545455043 30.665454545454832 27.195454545454712 27.76545454545481 24.43545454545502 26.98545454545529 29.55545454545499 27.245454545455107 30.59545454545502 29.08545454545478 30.22545454545479 28.305454545454804 28.32545454545468 29.235454545454758 34.27545454545484 31.16000000000025 18.950000000000088 15.730000000000086 20.450000000000152 34.23000000000029 44.38999999999999 22.820000000000483 28.760000000000666 34.82000000000003 28.95000000000023 31.790000000000365 30.940000000000374 27.640000000000338 26.060000000000308 20.950000000000212 31.830000000000283 34.62000000000006 38.20000000000001 41.48999999999998 32.51000000000004 25.730000000000253 27.779999999999994 34.37545454545453 36.77545454545453 43.91545454545453 45.24545454545453 45.24545454545453
20.999999999999993 20.999999999999993 20.159999999999993 20.159999999999993 13.610000000000005 20.139999999999997 14.179999999999952 9.37999999999996 9.979999999999936 12.879999999999992 14.329999999999949 16.53 14.390000000000008 17.369999999999997 6.489999999999977 10.149999999999983 8.139999999999999 9.409999999999952 9.58999999999998 10.389999999999972 10.389999999999965 7.669999999999909 9.589999999999986 7.509999999999906 6.149999999999956 4.829999999999951 7.489999999999993 10.170000000000009 8.479999999999963 10.149999999999942 8.139999999999961 9.119999999999976 10.239999999999986 13.729999999999968 13.730000000000004 13.21999999999997 5.109999999999966 7.079999999999879 9.929999999999891 5.9600000000000115 0.5200000000000382 7.6299999999999795 9.119999999999974 12.530000000000006 8.200000000000031 6.819999999999983 7.640000000000018 10.519999999999987 9.709999999999996 6.749999999999995 8.849999999999987 15.759999999999973 15.18999999999999 6.740000000000064 5.109999999999852 5.249999999999911 12.369999999999997 15.369999999999997 20.429999999999993 20.999999999999993 20.999999999999993
345.75757575757575 345.75757575757575 341.76757575757574 341.76757575757574 253.68 249.13882352941167 243.66941176470561 213.1111764705882 223.95941176470586 285.27058823529444 235.17058823529473 237.37882352941222 244.14941176470577 179.4800000000002 128.55000000000018 239.83875222816295 289.3081639928703 217.76639928698705 217.32816399287015 228.96698752228252 248.51698752228214 284.118752228164 270.80698752228216 256.3669875222832 261.01875222816534 285.20816399287 282.9363992869895 295.71816399286996 261.5069875222823 266.7769875222813 215.58757575757576 192.877575757576 228.21875222816354 278.4081639928702 172.78882352941187 200.09941176470625 180.8000000000006 230.63999999999982 245.00999999999985 236.30999999999992 209.31000000000031 281.9000000000018 238.73000000000079 194.97000000000133 217.74999999999986 180.72999999999882 181.3600000000011 234.62000000000165 289.67117647059047 356.9205882352953 382.3200000000013 311.07882352941226 249.21941176470716 301.2400000000014 289.30000000000086 278.5811764705883 274.22816399286967 318.75757575757575 345.75757575757575 345.75757575757575 345.75757575757575
779.7575757575758 779.7575757575758 747.8375757575758 747.8375757575758 630.2499999999991 622.16 704.0400000000002 635.1400000000006 782.0300000000005 854.95 669.2899999999998 681.74 681.1599999999994 728.6199999999998 692.6699999999996 676.7775757575757 662.4375757575743 662.3175757575748 681.7875757575763 601.3675757575758 560.9475757575761 620.6175757575743 690.2975757575766 566.6775757575765 508.53757575757544 594.4075757575754 569.9775757575763 634.1675757575761 608.8175757575752 640.8175757575762 662.1275757575756 631.057575757575 578.6775757575755 607.8475757575754 448.5199999999992 619.2700000000033 719.8199999999999 691.7400000000005 685.9699999999999 539.7700000000001 419.019999999996 498.5499999999985 648.4300000000006 637.0700000000005 504.35999999999694 418.33999999999645 422.5599999999997 497.82999999999697 535.3899999999973 582.7300000000014 602.3599999999981 630.2199999999971 605.6500000000004 638.6200000000001 668.9200000000002 506.8299999999981 678.9475757575758 710.7475757575758 764.3675757575758 779.7575757575758 779.7575757575758
80.73333333333335 80.73333333333335 79.26333333333335 79.26333333333335 67.37999999999995 86.12 72.98666666666665 75.38333333333333 79.57999999999998 87.61999999999999 72.26666666666667 83.18333333333334 90.31666666666666 92.27333333333333 80.81666666666666 71.62666666666668 74.53333333333335 74.92333333333329 76.78333333333325 77.65333333333334 73.92 68.19333333333336 70.99666666666667 73.69333333333326 70.43333333333325 72.85333333333334 74.25333333333337 72.53000000000002 73.00666666666667 71.15999999999998 67.53333333333335 69.44666666666669 76.47333333333337 77.59333333333332 45.16000000000007 61.23666666666635 64.71999999999969 64.41999999999936 66.88999999999974 72.14333333333333 69.13666666666607 69.47 72.44000000000001 77.66999999999997 78.63000000000001 80.92 75.55 71.04 64.73999999999967 67.64333333333288 62.08666666666617 60.73333333333275 58.85666666666662 55.033333333332386 61.21999999999904 48.946666666666616 68.62666666666668 71.89333333333335 79.97333333333334 80.73333333333335 80.73333333333335
10.775757575757575 10.775757575757575 9.725757575757573 9.725757575757573 7.05000000000001 8.75 2.4499999999999895 0.5499999999999954 1.370000000000001 5.470000000000009 3.8100000000000023 6.1199999999999966 6.360000000000009 1.6500000000000021 0.5800000000000001 1.9857575757575736 5.975757575757574 0.3757575757575742 3.7757575757575808 4.4757575757575765 3.3757575757575706 3.4257575757576086 4.525757575757574 4.925757575757587 5.02575757575758 7.14575757575757 7.145757575757577 2.845757575757575 4.3457575757575775 3.9457575757575754 0.33575757575758036 0.15575757575758153 1.9857575757575807 2.775757575757577 0.7999999999999989 3.8000000000000025 2.4500000000000037 4.150000000000027 3.5500000000000056 5.549999999999996 2.190000000000003 2.899999999999995 4.79 1.66000000000001 4.080000000000011 1.5099999999999971 0.6999999999999886 8.40000000000002 2.5000000000000018 4.2999999999999945 11.899999999999988 7.900000000000004 0.7000000000000046 7.650000000000005 1.750000000000004 0.2500000000000302 2.925757575757573 7.7257575757575765 9.825757575757578 10.775757575757575 10.775757575757575
2.545454545454545 2.545454545454545 1.915454545454545 1.915454545454545 1.96 0.5599999999999999 1.2700000000000098 0.030000000000000693 0.9700000000000059 0.6600000000000006 0.19000000000001793 0.019999999999999907 0.04999999999999993 0.12000000000000033 0.8400000000000002 0.08545454545454523 0.9854545454545497 0.5654545454545498 0.17545454545454864 0.20545454545455122 0.5954545454545522 1.285454545454547 0.29545454545454786 0.9854545454545518 0.3554545454545488 1.2854545454545478 1.07545454545455 1.0754545454545505 1.2854545454545496 0.08545454545455011 0.9854545454545487 0.5654545454545519 0.17545454545455086 0.20545454545454722 0.8500000000000142 0.17000000000000615 0.1700000000000168 1.4700000000000006 2.170000000000006 0.5599999999999999 0.07000000000000095 0.09000000000000008 0.8200000000000117 0.04999999999999993 0.8400000000000006 1.540000000000001 0.15000000000000058 1.2300000000000146 0.4300000000000054 1.330000000000009 1.8300000000000192 0.1000000000000072 0.490000000000001 0.6400000000000022 0.17000000000000082 0.17000000000000615 0.5454545454545459 0.5454545454545543 2.545454545454545 2.545454545454545 2.545454545454545
8.515433299825174 8.515433299825174 8.515433299825174 8.515433299825169 6.4003983333333325 6.309452214156049 4.968707787356312 6.467997241379193 8.714250402298768 8.268351752873414 7.980695229884818 7.379686379310149 7.069130142165618 5.4166949727767575 5.702262844827573 5.787989655172409 6.733922816091945 6.275682758620678 4.935073045976999 5.119193247126434 4.216251102403335 5.2939886206896425 6.285074885057437 4.989486321839077 5.360886693889886 5.52768244404113 4.8755584482758545 6.87473218390792 6.126883160919444 6.016753563218357 7.1919515517239745 7.091614655172299 5.138672241379307 6.122800113430124 10.142053650937676 9.057134252873562 4.920578275862054 6.411067586206883 6.3740079582577085 4.9260734210526245 3.246856896551747 3.9309129310344755 4.2035617241378755 4.823621206896542 4.651736551724142 4.657613275862042 3.498311379310298 3.3723089655172336 3.4381674137931375 4.600970402298872 6.550133620689605 5.098267241379263 6.44728218390801 5.379141379310328 6.795878965517136 5.937896578947364 7.366007667641265 8.17060554120448 8.170605713618277 8.515433299825174 8.515433299825174
700.0 700.0 700.0 697.0 693.0 689.0 679.0 685.0 677.0 686.0 680.0 680.0 683.0 681.0 678.0 680.0 679.0 683.0 681.0 683.0 682.0 680.0 683.0 682.0 684.0 682.0 684.0 686.0 684.0 681.0 680.0 683.0 683.0 683.0 681.0 679.0 682.0 684.0 684.0 684.0 685.0 682.0 688.0 687.0 683.0 681.0 686.0 687.0 683.0 684.0 686.0 681.0 688.0 682.0 682.0 680.0 692.0 697.0 696.0 700.0 700.0

H cap
-8.75 -29.75 5.25 -19.25 8.75 33.25 15.75 1.75 1.75 5.25 57.75 -1.75 8.75 68.25 43.75 1.75 12.25 1.75 8.75 8.75 1.75 29.75 1.75 -5.25 36.75 26.25 26.25 54.25 47.25 40.25 43.75 43.75 68.25 99.75 47.25 -15.75 36.75 47.25 -5.25 36.75 43.75 54.25 36.75 19.25 82.25 36.75 1.75 19.25 12.25 47.25 61.25 -5.25 33.25 131.25 131.25 131.25 131.25 131.25 131.25 131.25 131.25
42.5 40.0 17.5 5.5 29.0 34.5 23.5 21.5 17.0 10.0 15.0 14.0 16.0 24.0 20.5 20.5 21.5 5.0 14.0 21.0 15.5 30.5 34.0 14.5 12.0 12.0 6.0 20.0 24.5 16.5 30.5 17.0 8.0 25.5 15.5 12.0 9.0 6.5 3.5 5.5 19.0 18.0 5.5 -0.5 1.0 12.0 29.5 33.5 24.5 6.0 8.0 15.5 30.5 52.5 52.5 52.5 52.5 52.5 52.5 52.5 52.5
56.0 49.0 35.0 35.0 45.5 49.0 45.5 45.5 45.5 38.5 45.5 49.0 49.0 45.5 42.0 42.0 45.5 45.5 45.5 45.5 45.5 49.0 49.0 52.5 49.0 45.5 45.5 49.0 49.0 49.0 52.5 42.0 45.5 56.0 56.0 42.0 42.0 49.0 45.5 45.5 38.5 42.0 45.5 42.0 49.0 45.5 45.5 49.0 49.0 49.0 45.5 45.5 52.5 63.0 63.0 63.0 63.0 63.0 63.0 63.0 63.0
42.25 29.75 -0.25 -3.25 -7.25 -1.75 12.25 -9.25 1.25 -0.75 -9.75 -24.75 -1.25 8.75 -2.75 0.25 -0.25 6.25 4.75 -1.75 0.25 -14.25 -2.25 3.75 1.75 -3.25 -2.25 -2.75 -1.75 0.75 -6.25 3.75 12.25 0.25 9.75 11.25 -0.25 15.75 6.25 8.25 -0.25 0.75 2.25 1.25 9.25 5.75 -2.25 -0.75 18.75 -0.25 8.25 -0.25 19.75 78.75 78.75 78.75 78.75 78.75 78.75 78.75 78.75

Gap
NaN

Time
NaN

