T P M C
61 37 4 12

base obj
12.163308412344922

exp obj
11.213167583768495

Objective struct
12.163308412344922 0.22549019607843138 8.137254901960784

num campaigns
425

x
0 0 0 0 1 0 0 0 1 0 0 0 1 0 0 1 0 0 0 1 0 0 0 1 0 0 1 0 0 0 1 0 0 0 1 0 0 1 0 0 0 0 0 0 1 0 0 0 0 1 0 0 1 0 0 0 0 0 0 0 0
0 0 0 0 0 0 0 0 0 0 0 0 0 0 0 0 0 0 0 0 0 0 0 0 0 0 0 0 1 0 0 0 0 0 0 0 0 0 0 0 0 0 0 0 0 0 0 0 0 0 1 0 0 0 0 0 0 0 0 0 0
0 0 0 0 0 0 0 0 0 0 1 0 0 0 1 0 0 0 0 0 0 0 0 0 1 0 0 0 0 1 0 0 0 1 0 0 0 0 0 1 0 0 0 0 0 0 1 0 0 0 1 0 0 0 0 0 0 0 0 0 0
0 0 0 0 0 0 1 1 1 1 1 0 1 1 1 0 0 0 0 0 1 1 1 0 0 0 0 0 0 0 0 0 0 0 0 0 0 0 0 0 0 0 0 0 0 0 0 0 0 0 0 0 0 0 0 0 0 0 0 0 0
0 0 0 0 0 0 1 0 0 0 1 0 0 1 0 0 1 0 0 0 1 0 0 1 0 0 1 0 0 1 0 0 1 0 0 1 0 0 1 0 0 1 0 0 1 0 0 1 0 0 1 0 0 1 0 0 0 0 0 0 0
0 0 0 0 0 0 0 0 0 0 0 0 0 0 0 0 0 0 0 0 0 0 0 0 0 1 0 0 0 0 0 0 0 0 0 0 1 0 0 0 0 0 0 0 0 0 0 0 0 0 0 1 0 0 0 0 0 0 0 0 0
0 0 0 0 0 0 1 1 0 1 1 1 1 1 1 0 0 1 1 0 0 0 0 0 0 1 1 0 0 0 0 0 0 0 0 0 0 0 0 0 0 0 0 0 0 0 0 0 0 0 0 0 0 0 0 0 0 0 0 0 0
0 0 0 0 1 0 0 0 0 0 0 0 0 0 0 0 0 0 0 0 0 1 0 0 0 0 0 0 0 0 0 0 0 0 0 0 0 0 1 0 0 0 0 0 0 0 0 0 0 0 0 0 0 0 0 1 0 0 0 0 0
0 0 0 0 0 0 0 0 0 0 0 0 0 0 0 0 1 0 0 0 0 0 0 0 0 0 0 0 0 0 0 0 0 0 0 0 0 0 0 0 0 0 0 0 0 0 0 0 0 0 0 0 0 0 0 1 0 0 0 0 0
0 0 0 0 0 0 0 0 0 0 0 0 0 0 0 0 0 0 0 0 0 0 1 0 0 0 0 0 0 0 0 0 0 0 0 1 0 0 0 0 0 0 0 0 0 0 1 0 0 0 0 0 1 0 0 0 0 0 0 0 0
0 0 0 0 0 0 0 0 1 0 0 0 0 0 0 0 1 0 0 0 0 0 0 0 1 0 0 0 0 0 0 0 1 0 0 0 0 0 0 0 1 0 0 0 0 0 0 0 0 0 0 0 0 0 0 0 0 0 0 0 0
0 0 0 0 0 0 1 0 0 0 0 0 0 0 0 0 0 0 0 1 0 0 0 0 0 0 0 0 0 0 0 0 0 1 0 0 0 0 0 0 0 0 0 0 0 0 0 0 0 0 1 0 0 0 0 0 0 0 0 0 0
0 0 0 0 0 0 0 0 0 0 0 0 0 0 0 0 0 0 0 0 0 0 0 0 0 0 0 0 0 0 1 0 0 0 0 0 0 0 0 0 0 0 0 0 1 0 0 0 0 0 0 0 0 0 0 0 0 0 0 0 0
0 0 0 0 0 0 1 0 0 0 0 0 0 0 0 0 1 0 0 0 0 0 1 0 0 0 0 0 0 0 0 0 0 1 0 0 0 0 1 0 0 0 0 1 0 0 0 0 1 0 0 0 0 1 0 0 0 0 0 0 0
0 0 0 0 0 0 0 0 0 0 1 0 0 0 0 0 0 0 0 0 0 0 0 0 0 0 0 0 1 0 0 0 0 0 0 0 0 0 0 0 0 0 0 0 0 0 0 0 0 0 0 0 0 0 0 0 0 0 0 0 0
0 0 0 0 0 0 0 0 0 0 0 0 0 0 0 0 0 1 0 0 0 0 0 0 0 0 0 0 0 0 0 0 0 0 0 0 0 0 0 0 0 0 0 0 0 0 0 0 0 0 0 0 0 0 0 0 0 0 0 0 0
0 0 0 0 0 0 0 0 0 0 0 0 0 1 0 0 0 0 0 0 0 0 0 0 0 0 0 0 0 0 0 1 0 0 0 0 0 0 0 0 0 0 0 0 1 0 0 0 0 0 0 0 0 0 0 0 0 0 0 0 0
0 0 0 0 0 0 1 0 0 0 0 0 0 0 0 0 0 0 0 0 0 0 0 0 0 0 0 1 0 0 0 0 0 0 0 0 0 0 0 0 0 0 0 0 0 0 0 0 1 0 0 0 0 0 0 0 0 0 0 0 0
0 0 0 0 0 0 0 0 0 1 0 0 1 0 0 1 0 1 0 1 0 1 0 1 0 1 0 1 0 1 0 1 0 0 0 0 0 1 0 1 0 1 0 1 0 1 0 1 0 1 0 1 0 1 0 0 0 0 0 0 0
0 0 0 0 0 1 0 0 0 0 0 0 0 0 0 0 0 0 0 0 0 0 0 0 0 0 0 0 0 0 0 0 0 0 0 0 0 0 0 0 0 0 0 0 0 0 0 0 0 0 0 0 0 0 1 0 0 0 0 0 0
0 0 0 0 0 0 1 0 0 0 1 0 0 1 0 0 0 1 0 0 1 0 0 1 0 0 0 0 0 0 1 0 0 0 0 0 1 0 0 1 0 0 1 0 0 1 0 0 1 0 0 0 0 0 0 0 0 0 0 0 0
0 0 0 0 0 0 0 0 0 0 0 0 0 0 0 0 0 0 0 0 0 0 0 0 0 0 0 0 0 0 0 0 0 0 0 0 0 0 0 0 0 0 0 0 0 0 0 0 0 0 0 0 0 0 0 0 0 0 0 0 0
0 0 0 0 1 0 0 0 0 0 0 0 0 0 0 0 0 0 1 0 0 0 0 0 0 0 0 0 0 0 0 0 1 0 0 0 0 0 0 0 0 0 0 0 0 0 1 0 0 0 0 0 0 0 0 0 0 0 0 0 0
0 0 0 0 0 0 0 0 1 0 0 0 0 0 1 0 0 0 0 0 1 0 0 0 0 0 0 1 0 0 0 0 0 0 0 1 0 0 0 0 0 0 1 0 0 0 0 0 1 0 0 0 0 0 1 0 0 0 0 0 0
0 0 0 0 0 0 0 0 0 0 0 1 0 0 0 0 0 0 0 0 0 0 0 0 0 0 0 0 0 0 0 0 0 0 0 0 0 0 0 0 1 0 0 0 0 0 0 0 0 0 0 0 0 0 0 0 0 0 0 0 0
0 0 0 0 0 0 1 0 0 0 0 1 0 0 0 0 1 0 0 0 0 1 0 0 0 0 1 0 0 0 0 1 0 0 0 0 1 0 0 0 0 1 0 0 0 0 0 0 0 0 0 0 0 0 0 0 0 0 0 0 0
0 0 0 0 0 0 0 0 1 0 0 0 0 0 0 0 0 0 1 0 0 0 0 0 1 0 0 0 0 0 0 0 0 0 1 0 0 0 0 1 0 0 0 0 0 1 0 0 0 0 0 0 1 0 0 0 0 0 0 0 0
0 0 0 0 0 0 1 0 0 0 0 0 0 0 0 0 0 0 0 0 0 0 0 0 0 0 0 0 0 0 0 0 0 0 0 0 0 0 0 0 0 0 0 0 0 0 0 0 0 0 0 0 0 0 0 1 0 0 0 0 0
0 0 0 0 0 0 0 0 0 0 0 0 0 0 0 0 0 0 0 0 0 0 0 0 0 0 0 0 0 0 0 0 0 0 0 0 0 0 0 0 0 0 1 0 0 0 0 0 0 0 1 0 0 0 0 0 0 0 0 0 0
0 0 0 0 0 0 1 1 1 1 1 0 1 1 1 1 1 1 1 1 1 1 1 1 1 1 1 1 1 1 1 1 1 1 1 1 1 1 1 1 1 1 1 1 1 1 1 1 1 0 1 1 1 1 1 1 0 0 0 0 0
0 0 0 0 0 0 1 1 1 1 0 0 1 1 1 1 1 1 1 1 1 1 1 1 1 1 1 1 1 1 1 1 1 0 1 1 1 1 1 1 1 1 1 1 1 1 1 1 1 0 1 1 1 1 1 1 0 0 0 0 0
0 0 0 0 0 0 1 1 1 1 0 0 1 1 1 1 1 1 0 1 1 1 1 1 1 1 1 1 0 1 1 1 1 1 1 1 1 1 1 1 1 1 1 0 0 1 1 1 1 0 0 1 1 1 1 1 0 0 0 0 0
0 0 0 0 0 0 5 0 0 0 0 0 1 2 0 1 1 0 0 0 0 4 1 2 6 3 4 0 0 4 2 0 0 0 1 0 2 2 1 0 0 5 2 0 0 0 0 4 0 0 0 0 0 0 5 3 0 0 0 0 0
0 0 0 0 0 0 1 0 1 1 0 0 1 1 0 1 1 1 0 0 1 1 1 1 1 1 1 0 1 1 1 1 1 1 1 1 1 1 1 1 1 1 1 0 0 1 1 1 1 0 0 0 1 1 1 1 0 0 0 0 0
0 0 0 0 0 0 1 1 0 0 0 0 0 0 0 1 0 1 0 0 1 1 0 0 1 0 0 0 0 1 1 0 0 1 0 0 0 1 1 1 0 1 0 0 0 0 0 1 0 0 0 0 1 1 0 1 0 0 0 0 0
0 0 0 0 0 0 0 0 0 0 0 0 0 0 0 0 0 0 0 0 0 0 0 0 0 0 0 0 0 0 0 0 0 0 0 0 0 0 0 0 1 0 0 0 0 0 0 1 0 0 0 0 0 0 0 0 0 0 0 0 0
0 0 0 0 0 0 0 0 0 0 0 0 0 0 0 0 0 0 0 0 0 0 0 0 0 0 0 0 0 0 0 0 0 0 0 0 0 0 0 0 0 0 0 0 0 0 0 0 0 0 0 0 0 0 0 0 0 0 0 0 0

y
0.0 17.363636363636363 0.0 0.0 0.0 6.363636363636363 0.0 0.0 0.0 4.178571428571429 0.0 0.0 9.363636363636363 0.0 9.5 0.0 2.8000000000000007 0.0 0.0 0.0 0.0 0.0 0.0 0.33333333333333304 18.8 0.0 0.0 0.0 5.45 0.0 0.0 0.0 0.0 0.0 0.0 6.0 0.0

k
0 10 5 0 1 9 0 0 0 25 0 0 10 3 5 0 3 0 5 0 0 6 0 2 4 0 3 0 19 4 6 10 43 14 34 50 6

f
8.75 19.25 1.75 12.25 0.0 1.75 5.25 0.0 0.0 5.25 0.0 0.0 0.0 0.0 0.0 5.25 0.0 0.0 0.0 0.0 0.0 0.0 0.0 0.0 12.25 0.0 0.0 0.0 0.0 0.0 0.0 0.0 0.0 0.0 0.0 0.0 0.0 0.0 0.0 0.0 0.0 0.0 0.0 0.0 0.0 0.0 8.75 0.0 0.0 0.0 0.0 12.25 0.0 0.0 0.0 0.0 0.0 0.0 0.0 0.0 0.0
0.0 0.0 0.0 7.5 0.0 0.0 0.0 0.0 0.0 1.5 0.0 0.0 0.0 0.0 0.0 0.0 0.0 1.5 9.5 0.0 13.0 13.0 5.5 0.0 0.0 0.0 10.0 0.0 0.0 0.0 0.0 0.0 0.0 0.0 3.5 0.0 0.0 0.0 2.5 0.0 0.0 0.0 0.0 0.0 0.0 0.0 0.0 0.0 0.0 0.0 0.0 6.5 0.0 0.0 0.0 0.0 0.0 0.0 0.0 0.0 0.0
0.0 0.0 0.0 0.0 0.0 0.0 0.0 0.0 0.0 0.0 0.0 0.0 0.0 0.0 0.0 0.0 0.0 0.0 0.0 0.0 0.0 0.0 0.0 0.0 0.0 0.0 0.0 0.0 0.0 0.0 0.0 0.0 0.0 0.0 0.0 0.0 0.0 0.0 0.0 0.0 0.0 0.0 0.0 0.0 0.0 0.0 0.0 0.0 0.0 0.0 0.0 0.0 0.0 0.0 0.0 0.0 0.0 0.0 0.0 0.0 0.0
0.0 0.0 0.0 1.25 1.25 3.75 0.0 23.75 4.25 0.0 5.25 0.25 0.0 0.75 2.25 5.25 2.25 0.0 0.25 2.75 0.0 0.0 0.0 0.0 4.75 0.0 0.0 1.25 0.0 11.25 6.75 1.25 0.75 0.0 0.0 0.0 2.75 0.0 0.0 0.75 5.75 0.25 0.0 0.0 0.0 3.25 1.25 4.75 0.0 1.75 0.0 0.0 0.0 0.0 0.0 0.0 0.0 0.0 0.0 0.0 0.0

L
3 22 4 1 3 11 1 17 39 6 8 13 14 5 18 0 13 21 2 49 3 0 14 6 29 5 5 49 8 1 1 1 0 1 1 7 0

g
0 0 0 0 0 0 0 0 0 0 0 0 0 0 0 0 0 0 0 0 0 0 0 0 0 0 0 0 0 0 0 0 0 0 0 0 0 0 0 0 0 0 0 0 0 0 0 0 0 0 0 0 0 0 0 0 0 0 0 0 0
0 0 0 0 0 0 0 0 0 0 0 0 0 0 0 0 0 0 0 0 0 0 0 0 0 0 0 0 0 0 0 0 0 0 0 0 0 0 0 0 0 0 0 0 0 0 0 0 0 0 0 0 0 0 0 0 0 0 0 0 0
0 0 0 0 0 0 0 0 0 0 0 0 0 0 0 0 0 0 0 0 0 0 0 0 0 0 0 0 0 0 0 0 0 0 0 0 0 0 0 0 0 0 0 0 0 0 0 0 0 0 0 0 0 0 0 0 0 0 0 0 0
0 0 0 0 0 0 0 0 0 0 0 0 0 0 0 0 0 0 0 0 0 0 0 0 0 0 0 0 0 0 0 0 0 0 0 0 0 0 0 0 0 0 0 0 0 0 0 0 0 0 0 0 0 0 0 0 0 0 0 0 0
0 0 0 0 0 0 0 0 0 0 0 0 0 0 0 0 0 0 0 0 0 0 0 0 0 0 0 0 0 0 0 0 0 0 0 0 0 0 0 0 0 0 0 0 0 0 0 0 0 0 0 0 0 0 0 0 0 0 0 0 0
0 0 0 0 0 0 0 0 0 0 0 0 0 0 0 0 0 0 0 0 0 0 0 0 0 0 0 0 0 0 0 0 0 0 0 0 0 0 0 0 0 0 0 0 0 0 0 0 0 0 0 0 0 0 0 0 0 0 0 0 0
0 0 0 0 0 0 0 0 0 0 0 0 0 0 0 0 0 0 0 0 0 0 0 0 0 0 0 0 0 0 0 0 0 0 0 0 0 0 0 0 0 0 0 0 0 0 0 0 0 0 0 0 0 0 0 0 0 0 0 0 0
0 0 0 0 0 0 0 0 0 0 0 0 0 0 0 0 0 0 0 0 0 0 0 0 0 0 0 0 0 0 0 0 0 0 0 0 0 0 0 0 0 0 0 0 0 0 0 0 0 0 0 0 0 0 0 0 0 0 0 0 0
0 0 0 0 0 0 0 0 0 0 0 0 0 0 0 0 0 0 0 0 0 0 0 0 0 0 0 0 0 0 0 0 0 0 0 0 0 0 0 0 0 0 0 0 0 0 0 0 0 0 0 0 0 0 0 0 0 0 0 0 0
0 0 0 0 0 0 0 0 0 0 0 0 0 0 0 0 0 0 0 0 0 0 0 0 0 0 0 0 0 0 0 0 0 0 0 0 0 0 0 0 0 0 0 0 0 0 0 0 0 0 0 0 0 0 0 0 0 0 0 0 0
0 0 0 0 0 0 0 0 0 0 0 0 0 0 0 0 0 0 0 0 0 0 0 0 0 0 0 0 0 0 0 0 0 0 0 0 0 0 0 0 0 0 0 0 0 0 0 0 0 0 0 0 0 0 0 0 0 0 0 0 0
0 0 0 0 0 0 0 0 0 0 0 0 0 0 0 0 0 0 0 0 0 0 0 0 0 0 0 0 0 0 0 0 0 0 0 0 0 0 0 0 0 0 0 0 0 0 0 0 0 0 0 0 0 0 0 0 0 0 0 0 0
0 0 0 0 0 0 0 0 0 0 0 0 0 0 0 0 0 0 0 0 0 0 0 0 0 0 0 0 0 0 0 0 0 0 0 0 0 0 0 0 0 0 0 0 0 0 0 0 0 0 0 0 0 0 0 0 0 0 0 0 0
0 0 0 0 0 0 0 0 0 0 0 0 0 0 0 0 0 0 0 0 0 0 0 0 0 0 0 0 0 0 0 0 0 0 0 0 0 0 0 0 0 0 0 0 0 0 0 0 0 0 0 0 0 0 0 0 0 0 0 0 0
0 0 0 0 0 0 0 0 0 0 0 0 0 0 0 0 0 0 0 0 0 0 0 0 0 0 0 0 0 0 0 0 0 0 0 0 0 0 0 0 0 0 0 0 0 0 0 0 0 0 0 0 0 0 0 0 0 0 0 0 0
0 0 0 0 0 0 0 0 0 0 0 0 0 0 0 0 0 0 0 0 0 0 0 0 0 0 0 0 0 0 0 0 0 0 0 0 0 0 0 0 0 0 0 0 0 0 0 0 0 0 0 0 0 0 0 0 0 0 0 0 0
0 0 0 0 0 0 0 0 0 0 0 0 0 0 0 0 0 0 0 0 0 0 0 0 0 0 0 0 0 0 0 0 0 0 0 0 0 0 0 0 0 0 0 0 0 0 0 0 0 0 0 0 0 0 0 0 0 0 0 0 0
0 0 0 0 0 0 0 0 0 0 0 0 0 0 0 0 0 0 0 0 0 0 0 0 0 0 0 0 0 0 0 0 0 0 0 0 0 0 0 0 0 0 0 0 0 0 0 0 0 0 0 0 0 0 0 0 0 0 0 0 0
0 0 0 0 0 0 0 0 0 0 0 0 0 0 0 0 0 0 0 0 0 0 0 0 0 0 0 0 0 0 0 0 0 0 0 0 0 0 0 0 0 0 0 0 0 0 0 0 0 0 0 0 0 0 0 0 0 0 0 0 0
0 0 0 0 0 0 0 0 0 0 0 0 0 0 0 0 0 0 0 0 0 0 0 0 0 0 0 0 0 0 0 0 0 0 0 0 0 0 0 0 0 0 0 0 0 0 0 0 0 0 0 0 0 0 0 0 0 0 0 0 0
0 0 0 0 0 0 0 0 0 0 0 0 0 0 0 0 0 0 0 0 0 0 0 0 0 0 0 0 0 0 0 0 0 0 0 0 0 0 0 0 0 0 0 0 0 0 0 0 0 0 0 0 0 0 0 0 0 0 0 0 0
0 0 0 0 0 0 0 0 0 0 0 0 0 0 0 0 0 0 0 0 0 0 0 0 0 0 0 0 0 0 0 0 0 0 0 0 0 0 0 0 0 0 0 0 0 0 0 0 0 0 0 0 0 0 0 0 0 0 0 0 0
0 0 0 0 0 0 0 0 0 0 0 0 0 0 0 0 0 0 0 0 0 0 0 0 0 0 0 0 0 0 0 0 0 0 0 0 0 0 0 0 0 0 0 0 0 0 0 0 0 0 0 0 0 0 0 0 0 0 0 0 0
0 0 0 0 0 0 0 0 0 0 0 0 0 0 0 0 0 0 0 0 0 0 0 0 0 0 0 0 0 0 0 0 0 0 0 0 0 0 0 0 0 0 0 0 0 0 0 0 0 0 0 0 0 0 0 0 0 0 0 0 0
0 0 0 0 0 0 0 0 0 0 0 0 0 0 0 0 0 0 0 0 0 0 0 0 0 0 0 0 0 0 0 0 0 0 0 0 0 0 0 0 0 0 0 0 0 0 0 0 0 0 0 0 0 0 0 0 0 0 0 0 0
0 0 0 0 0 0 0 0 0 0 0 0 0 0 0 0 0 0 0 0 0 0 0 0 0 0 0 0 0 0 0 0 0 0 0 0 0 0 0 0 0 0 0 0 0 0 0 0 0 0 0 0 0 0 0 0 0 0 0 0 0
0 0 0 0 0 0 0 0 0 0 0 0 0 0 0 0 0 0 0 0 0 0 0 0 0 0 0 0 0 0 0 0 0 0 0 0 0 0 0 0 0 0 0 0 0 0 0 0 0 0 0 0 0 0 0 0 0 0 0 0 0
0 0 0 0 0 0 0 0 0 0 0 0 0 0 0 0 0 0 0 0 0 0 0 0 0 0 0 0 0 0 0 0 0 0 0 0 0 0 0 0 0 0 0 0 0 0 0 0 0 0 0 0 0 0 0 0 0 0 0 0 0
0 0 0 0 0 0 0 0 0 0 0 0 0 0 0 0 0 0 0 0 0 0 0 0 0 0 0 0 0 0 0 0 0 0 0 0 0 0 0 0 0 0 0 0 0 0 0 0 0 0 0 0 0 0 0 0 0 0 0 0 0
0 0 0 0 0 0 0 0 0 0 0 0 0 0 0 0 0 0 0 0 0 0 0 0 0 0 0 0 0 0 0 0 0 0 0 0 0 0 0 0 0 0 0 0 0 0 0 0 0 0 0 0 0 0 0 0 0 0 0 0 0
0 0 0 0 0 0 0 0 0 0 0 0 0 0 0 0 0 0 0 0 0 0 0 0 0 0 0 0 0 0 0 0 0 0 0 0 0 0 0 0 0 0 0 0 0 0 0 0 0 0 0 0 0 0 0 0 0 0 0 0 0
0 0 0 0 0 0 0 0 0 0 0 0 0 0 0 0 0 0 0 0 0 0 0 0 0 0 0 0 0 0 0 0 0 0 0 0 0 0 0 0 0 0 0 0 0 0 0 0 0 0 0 0 0 0 0 0 0 0 0 0 0
0 0 0 0 0 0 3 0 0 0 0 0 0 0 0 0 0 0 0 0 0 2 0 0 4 1 2 0 0 2 0 0 0 0 0 0 0 0 0 0 0 3 0 0 0 0 0 2 0 0 0 0 0 0 3 1 0 0 0 0 0
0 0 0 0 0 0 0 0 0 0 0 0 0 0 0 0 0 0 0 0 0 0 0 0 0 0 0 0 0 0 0 0 0 0 0 0 0 0 0 0 0 0 0 0 0 0 0 0 0 0 0 0 0 0 0 0 0 0 0 0 0
0 0 0 0 0 0 0 0 0 0 0 0 0 0 0 0 0 0 0 0 0 0 0 0 0 0 0 0 0 0 0 0 0 0 0 0 0 0 0 0 0 0 0 0 0 0 0 0 0 0 0 0 0 0 0 0 0 0 0 0 0
0 0 0 0 0 0 0 0 0 0 0 0 0 0 0 0 0 0 0 0 0 0 0 0 0 0 0 0 0 0 0 0 0 0 0 0 0 0 0 0 0 0 0 0 0 0 0 0 0 0 0 0 0 0 0 0 0 0 0 0 0
0 0 0 0 0 0 0 0 0 0 0 0 0 0 0 0 0 0 0 0 0 0 0 0 0 0 0 0 0 0 0 0 0 0 0 0 0 0 0 0 0 0 0 0 0 0 0 0 0 0 0 0 0 0 0 0 0 0 0 0 0

I cap
1058.909090909091 1058.909090909091 939.3490909091029 918.9490909091173 1137.159999999998 1051.35999999999 564.32000000003 671.9200000000117 374.86000000000104 663.3999999999955 394.24000000002206 417.22000000002106 364.4999999999901 417.2599999999809 597.0200000000282 699.0090909091302 571.9690909090828 521.5290909090982 486.4490909091005 777.7890909090804 620.9690909090798 459.2890909091024 468.48909090911394 688.669090909098 601.0090909090834 466.70909090911186 325.98909090910547 598.9090909090855 490.26909090909885 682.1890909091052 654.8690909090974 533.089090909078 646.889090909078 624.2890909091185 306.05999999999887 284.7999999999982 155.95999999999844 408.1400000000107 564.1999999999957 580.3000000000067 548.4400000000121 538.0999999999912 680.9400000000253 697.4400000000228 768.1599999999755 608.3600000000015 702.8400000000399 726.0800000000188 855.5400000000102 856.5600000000236 544.4999999999961 524.2600000000027 523.5400000000091 821.5000000000055 1016.0999999999979 1107.9400000000066 938.0090909090961 949.9090909090933 1010.709090909091 1058.909090909091 1058.909090909091
107.96969696969697 107.96969696969697 67.52969696969697 67.52969696969697 79.44000000000011 84.44000000000005 5.6800000000001205 18.079999999999977 29.14000000000054 71.59999999999984 54.76000000000019 86.78000000000017 65.49999999999979 57.74000000000011 79.98000000000042 78.86969696969763 25.90969696969716 46.349696969697106 44.42969696969735 7.089696969697073 21.909696969697507 2.5896969696972003 14.389696969697575 31.20969696969772 24.869696969696918 48.169696969697064 41.88969696969739 92.96969696969698 91.6096969696968 92.68969696969714 71.00969696969693 56.78969696969693 44.98969696969683 12.589696969697117 12.940000000000751 22.199999999999694 2.0399999999998677 36.86000000000153 21.800000000000068 36.69999999999996 31.55999999999949 15.899999999999864 60.06000000000006 102.56000000000003 85.84000000000012 59.63999999999996 38.16000000000001 63.91999999999996 99.45999999999991 107.43999999999993 49.50000000000002 65.73999999999992 24.059999999999988 22.100000000000286 41.7000000000001 24.05999999999986 55.869696969696946 57.96969696969697 64.16969696969697 107.96969696969697 107.96969696969697
38.96666666666666 38.96666666666666 38.96666666666666 14.033333333333328 19.16666666666666 13.191666666666666 13.95833333333333 11.158333333333337 12.558333333333342 32.2 9.133333333333333 7.733333333333336 2.833333333333334 14.733333333333341 9.833333333333336 17.300000000000004 31.96666666666666 10.300000000000004 17.300000000000004 10.299999999999997 17.300000000000004 10.300000000000002 17.299999999999997 10.300000000000004 17.300000000000004 10.300000000000002 19.291666666666668 12.291666666666668 19.291666666666668 12.291666666666671 17.300000000000004 10.300000000000002 17.300000000000004 31.96666666666667 23.8 18.9 3.533333333333333 1.4333333333333353 5.633333333333331 2.133333333333331 16.133333333333333 11.233333333333341 25.233333333333356 17.533333333333346 21.73333333333335 12.633333333333333 23.83333333333335 9.758333333333368 10.45833333333335 4.8583333333333485 14.65833333333337 35.0 20.56666666666668 10.066666666666666 27.96666666666669 45.5 38.96666666666666 38.96666666666666 38.96666666666666 38.96666666666666 38.96666666666666
45.24545454545453 45.24545454545453 43.14545454545453 43.14545454545453 32.97000000000007 35.84000000000004 24.82000000000071 27.510000000001273 23.860000000000444 26.660000000000377 28.140000000000377 25.69000000000007 16.610000000000174 18.630000000000145 12.690000000000069 25.575454545454903 25.795454545455016 30.125454545454883 29.205454545455108 26.985454545455102 24.435454545455134 25.99545454545492 24.645454545455244 27.165454545455557 25.995454545455814 22.925454545455178 24.845454545454988 30.38545454545501 30.305454545454968 28.395454545455042 27.59545454545495 28.65545454545491 31.71545454545488 27.085454545454937 22.660000000000387 14.510000000000137 14.340000000000021 21.680000000000298 26.790000000000806 36.17 22.100000000000712 29.320000000001208 41.37000000000008 35.77000000000019 35.19000000000023 33.860000000000355 22.480000000000302 20.470000000000276 34.17000000000043 44.17000000000023 37.130000000000045 34.53999999999998 34.389999999999965 34.24000000000016 29.220000000000883 37.17000000000031 41.81545454545453 42.09545454545453 43.91545454545453 45.24545454545453 45.24545454545453
20.999999999999993 20.999999999999993 20.159999999999993 20.159999999999993 13.61 22.54 13.889999999999867 12.529999999999767 7.439999999999873 7.91999999999994 11.949999999999944 16.669999999999938 14.039999999999996 15.609999999999932 5.099999999999996 7.149999999999874 7.859999999999947 10.599999999999973 10.639999999999965 9.729999999999961 7.509999999999919 7.189999999999657 6.85999999999995 9.100000000000005 7.559999999999963 6.239999999999938 7.489999999999974 10.379999999999985 10.240000000000002 8.200000000000006 7.659999999999982 8.340000000000042 10.879999999999953 10.539999999999985 10.180000000000007 12.459999999999942 6.9799999999999764 8.839999999999915 8.869999999999829 5.040000000000051 0.7999999999999505 8.05000000000004 10.389999999999933 13.889999999999972 11.019999999999989 10.32 6.719999999999976 6.930000000000099 11.559999999999965 13.669999999999979 9.769999999999984 8.760000000000042 5.3199999999999665 6.359999999999973 8.819999999999903 9.44999999999965 14.08999999999999 17.129999999999995 20.429999999999993 20.999999999999993 20.999999999999993
345.75757575757575 345.75757575757575 341.76757575757574 341.76757575757574 253.68 255.73882352941172 250.94941176470553 206.41999999999953 206.38000000000218 228.82117647058996 217.3205882352934 237.63882352941124 247.03941176470795 201.84000000000086 155.14999999999998 208.15757575757306 213.06757575757737 240.71875222816385 233.30698752228164 240.4669875222827 232.83757575757735 251.1775757575768 225.10757575757575 226.467575757578 238.57757575757563 227.53757575757575 214.8775757575765 273.03875222816555 259.8569875222821 257.84698752228064 222.1575757575749 197.31757575757723 179.92757575757753 211.35757575757475 139.94 150.25000000000037 165.05000000000004 232.69000000000113 243.68000000000004 227.14000000000038 200.7700000000005 283.6300000000026 293.95117647058953 259.48058823529414 300.9388235294141 195.30941176470506 173.5700000000004 225.81000000000108 361.5811764705919 384.01058823529695 312.12882352941483 231.41941176470766 255.86000000000132 279.7100000000015 322.01000000000306 333.9511764705884 322.22816399287 345.75757575757575 345.75757575757575 345.75757575757575 345.75757575757575
779.7575757575758 779.7575757575758 747.8375757575758 747.8375757575757 630.2499999999992 353.36000000000035 462.9899999999991 736.150000000001 813.4100000000007 795.9499999999998 673.5199999999996 685.5799999999988 536.4100000000016 653.4000000000012 626.1599999999979 490.4275757575765 573.7575757575751 684.2575757575771 682.3475757575754 664.9875757575755 330.4275757575757 338.6775757575749 465.9975757575761 145.28757575757805 58.337575757578435 97.74757575757437 371.92757575757776 683.7275757575756 366.6375757575762 266.92757575757423 521.2075757575763 645.6775757575762 684.8875757575745 567.3075757575737 448.8499999999993 451.9000000000003 400.829999999998 572.4700000000001 652.5199999999976 579.1099999999996 184.85000000000235 207.47000000000037 631.9900000000005 655.689999999998 647.6300000000006 591.2399999999984 243.5899999999986 347.1200000000003 668.4999999999983 662.6199999999985 616.5399999999986 514.9499999999996 577.0700000000002 283.5000000000001 124.99999999999955 419.5899999999972 740.0675757575758 743.3075757575757 764.3675757575758 779.7575757575758 779.7575757575758
80.73333333333335 80.73333333333335 79.26333333333335 79.26333333333335 67.37999999999991 87.92 71.99666666666667 78.95333333333333 78.26666666666665 82.05999999999999 74.96333333333332 86.52000000000001 89.61666666666666 87.02999999999999 80.56333333333333 69.20999999999994 65.64333333333323 68.8333333333332 72.88666666666668 74.68333333333327 69.95999999999998 66.03333333333335 67.4433333333333 69.36333333333333 68.09333333333328 65.35333333333331 67.25333333333332 73.62666666666667 72.74000000000002 69.06333333333328 68.97333333333333 69.48333333333333 71.07333333333328 66.09333333333305 34.380000000000145 54.96999999999925 63.40999999999951 63.989999999999476 64.37999999999838 66.32000000000001 66.70999999999982 70.72999999999999 74.27000000000001 82.90333333333332 88.06 87.12666666666665 74.77000000000001 68.43 67.35999999999994 71.49333333333276 68.44999999999973 61.55999999999898 55.93666666666615 54.92999999999963 54.02999999999981 51.84999999999954 74.38666666666668 77.97333333333334 79.97333333333334 80.73333333333335 80.73333333333335
10.775757575757575 10.775757575757575 9.725757575757576 9.725757575757576 7.050000000000004 8.750000000000007 4.850000000000008 2.1500000000000004 0.9699999999999944 0.6700000000000044 0.26999999999999336 6.870000000000004 6.87 2.16 0.5800000000000036 1.1857575757575738 2.3757575757575795 0.5757575757575735 0.32575757575757436 1.7757575757575834 1.725757575757589 3.425757575757589 6.925757575757573 9.725757575757576 4.225757575757568 3.175757575757567 2.3457575757575713 5.885757575757581 5.295757575757564 3.435757575757574 0.6357575757575598 0.3357575757575715 0.15575757575757265 1.1857575757575702 3.2000000000000006 2.200000000000003 0.4500000000000073 4.150000000000016 0.35000000000000364 0.35000000000000053 1.8500000000000112 0.8500000000000014 5.10000000000001 1.3999999999999897 10.470000000000006 0.28000000000000114 2.1100000000000003 5.999999999999978 10.499999999999986 10.640000000000015 5.750000000000009 0.19000000000000838 7.190000000000018 0.05000000000004068 2.5500000000000025 6.650000000000008 6.925757575757573 9.725757575757573 9.825757575757576 10.775757575757575 10.775757575757575
2.545454545454545 2.545454545454545 1.915454545454545 1.915454545454545 1.96 0.5599999999999999 0.5500000000000028 0.12000000000000077 1.2400000000000446 1.2600000000000007 1.5400000000000098 0.1399999999999999 0.5599999999999999 0.6300000000000007 0.8400000000000006 0.17545454545454742 0.26545454545455394 0.4454545454545461 0.5654545454545515 0.7154545454545497 0.9854545454545488 0.565454545454548 1.2854545454545505 1.705454545454554 1.0754545454545492 1.2854545454545536 1.0754545454545519 0.44545454545455 0.5354545454545514 0.775454545454551 0.08545454545456699 0.20545454545455655 0.17545454545454953 0.2954545454545492 1.24000000000001 0.610000000000022 1.5400000000000382 0.6300000000000007 1.9600000000000133 0.7699999999999999 0.1700000000000097 0.10000000000000053 2.170000000000014 0.7699999999999999 0.15000000000000058 0.4600000000000021 0.36000000000000054 0.9400000000000092 0.17000000000000615 0.7000000000000017 0.9900000000000095 0.3100000000000096 0.10000000000001497 3.3600000000000128 1.2700000000000031 0.7300000000000012 1.7054545454545456 1.825454545454576 2.545454545454545 2.545454545454545 2.545454545454545
8.515433299825174 8.515433299825174 8.515433299825174 8.515433299825174 6.400398505747123 5.274969627949159 3.934225201149437 6.607652413793022 7.799882413792885 7.29134008620667 7.4816024984872875 8.06843411070763 6.378567528735456 5.107257586206929 5.357435258620747 4.49488637931033 5.58852068965522 5.758441551724173 5.056911954022985 6.121491925287359 3.753032539184977 3.56985068965522 4.417258965517233 2.805578448275872 1.9806689080460675 2.3849115517241817 3.5824548275862043 7.356341379310157 5.678607298850444 4.446063908045957 5.545399827586066 7.17782155172399 5.311086206896662 4.7489043390804975 8.527443850574464 9.545639827586037 3.627474655172507 5.554171034482764 4.890341896551768 4.680428965517257 2.6434084482758644 2.7412577586207423 4.394941206896537 6.112127126436765 5.605184827586205 5.282900459770119 2.451759482758703 2.855067586206829 5.611488820326681 5.186270030248034 6.194961206896496 4.990795977011531 6.04958086206894 4.43086534482752 5.330361551724042 4.5051383030853005 7.452214736606782 7.82577795499758 8.515433299825174 8.515433299825174 8.515433299825174
700.0 700.0 700.0 697.0 689.0 688.0 678.0 685.0 680.0 687.0 681.0 676.0 683.0 679.0 681.0 685.0 685.0 682.0 677.0 688.0 682.0 680.0 679.0 685.0 685.0 686.0 689.0 681.0 685.0 686.0 683.0 686.0 679.0 680.0 684.0 684.0 683.0 687.0 683.0 683.0 682.0 683.0 683.0 683.0 684.0 683.0 680.0 686.0 679.0 681.0 682.0 686.0 688.0 682.0 682.0 685.0 688.0 696.0 697.0 700.0 700.0

H cap
-8.75 -19.25 -1.75 -12.25 8.75 -1.75 -5.25 5.25 26.25 -5.25 36.75 26.25 12.25 8.75 1.75 -5.25 15.75 15.75 36.75 26.25 8.75 36.75 1.75 1.75 -12.25 12.25 36.75 47.25 54.25 54.25 40.25 29.75 54.25 22.75 5.25 19.25 61.25 89.25 78.75 89.25 47.25 19.25 36.75 54.25 54.25 12.25 -8.75 8.75 5.25 29.75 89.25 -12.25 8.75 131.25 131.25 131.25 131.25 131.25 131.25 131.25 131.25
42.5 42.5 9.0 -7.5 11.5 11.5 19.0 33.5 26.0 -1.5 7.0 13.5 2.5 5.5 21.5 25.5 17.0 -1.5 -9.5 0.0 -13.0 -13.0 -5.5 10.5 26.5 4.0 -10.0 4.5 19.5 15.0 8.0 10.5 13.5 6.5 -3.5 2.0 15.0 3.5 -2.5 18.5 18.5 14.5 18.0 1.0 3.5 30.5 27.0 21.0 13.5 2.5 3.5 -6.5 20.5 52.5 52.5 52.5 52.5 52.5 52.5 52.5 52.5
52.5 49.0 45.5 45.5 42.0 38.5 42.0 45.5 49.0 42.0 42.0 45.5 42.0 42.0 49.0 49.0 45.5 38.5 42.0 45.5 42.0 49.0 49.0 42.0 45.5 45.5 45.5 45.5 42.0 49.0 52.5 45.5 49.0 52.5 49.0 45.5 49.0 49.0 45.5 52.5 45.5 42.0 45.5 45.5 49.0 49.0 42.0 45.5 49.0 45.5 49.0 49.0 56.0 63.0 63.0 63.0 63.0 63.0 63.0 63.0 63.0
12.75 5.25 3.25 -1.25 -1.25 -3.75 6.25 -23.75 -4.25 1.25 -5.25 -0.25 1.75 -0.75 -2.25 -5.25 -2.25 0.25 -0.25 -2.75 0.75 4.75 0.75 1.25 -4.75 0.75 0.75 -1.25 4.25 -11.25 -6.75 -1.25 -0.75 5.25 0.25 3.25 -2.75 5.25 0.25 -0.75 -5.75 -0.25 0.25 0.25 1.75 -3.25 -1.25 -4.75 2.25 -1.75 1.75 2.25 46.75 78.75 78.75 78.75 78.75 78.75 78.75 78.75 78.75

Gap
NaN

Time
NaN

