T P M C
61 37 4 12

base obj
12.264207975932115

exp obj
11.163842256458889

Objective struct
12.264207975932115 0.0 7.862745098039214

num campaigns
376

x
0 0 0 0 0 0 0 0 0 0 1 0 0 0 0 0 0 0 1 0 0 1 0 0 1 0 0 0 1 0 0 1 0 0 1 0 0 1 0 0 1 0 0 0 1 0 0 1 0 0 0 0 1 0 0 1 0 0 0 0 0
0 0 0 0 0 0 0 0 0 0 0 0 0 0 0 0 0 0 0 0 0 0 0 0 0 0 0 1 0 0 0 0 0 0 1 0 0 0 0 0 0 0 0 0 0 1 0 0 0 0 0 0 0 0 0 0 0 0 0 0 0
0 0 0 0 0 0 1 0 0 0 0 0 1 0 0 0 1 0 0 0 0 0 1 0 0 0 1 0 0 0 0 0 0 0 1 0 0 0 1 0 0 0 1 0 0 0 1 0 0 0 1 0 0 0 0 1 0 0 0 0 0
0 0 0 0 0 1 0 1 1 1 1 1 1 1 1 1 1 0 0 0 0 0 0 0 0 0 0 0 0 0 0 0 0 0 0 0 0 0 0 0 0 0 0 0 0 0 0 0 0 0 0 0 0 0 0 0 0 0 0 0 0
0 0 0 0 0 0 1 0 1 1 1 1 1 1 1 1 1 1 1 1 1 0 0 0 1 1 0 1 0 0 0 0 0 0 0 0 0 0 0 0 0 0 0 0 0 0 0 0 0 0 0 0 0 0 0 0 0 0 0 0 0
0 0 0 0 0 0 0 0 0 0 0 0 0 0 1 0 0 0 0 0 0 0 0 0 0 0 1 0 0 0 0 0 0 0 0 0 0 0 0 0 0 1 0 0 0 0 0 0 0 0 0 0 0 0 0 0 0 0 0 0 0
0 0 0 0 0 0 1 0 1 0 1 0 1 0 1 0 1 0 0 0 1 0 1 0 1 0 1 0 1 0 1 0 0 0 0 0 0 0 0 0 0 0 0 0 0 0 0 0 0 0 0 0 0 0 0 0 0 0 0 0 0
0 0 0 0 1 0 0 0 0 0 0 0 0 0 0 0 0 0 0 0 0 0 0 0 0 0 0 0 1 0 0 0 0 0 0 0 0 0 0 0 0 0 1 0 0 0 0 0 0 0 0 0 0 0 0 1 0 0 0 0 0
0 0 0 0 1 0 0 0 0 0 0 0 0 0 0 0 0 0 0 0 0 0 0 0 0 0 0 0 0 0 0 0 0 0 0 0 0 0 0 0 0 0 0 0 0 0 0 0 0 0 0 1 0 0 0 0 0 0 0 0 0
0 0 0 0 0 0 0 0 0 0 0 0 0 0 0 0 0 1 0 0 0 0 0 0 0 0 0 0 0 0 0 0 0 0 0 0 0 0 1 0 0 0 0 0 0 0 0 0 0 0 0 0 0 0 0 0 0 0 0 0 0
0 0 0 0 0 0 1 0 0 0 0 0 0 0 0 0 1 0 0 0 0 0 0 0 0 0 1 0 0 0 0 0 0 0 0 0 1 0 0 0 0 0 0 0 0 0 1 0 0 0 0 0 0 0 0 0 0 0 0 0 0
0 0 0 0 0 0 0 0 1 0 0 0 0 0 0 0 0 0 0 1 0 0 0 0 0 0 0 0 0 0 1 0 0 0 0 0 0 0 0 0 0 0 0 0 0 0 0 0 0 1 0 0 0 0 0 0 0 0 0 0 0
0 0 0 0 0 0 0 0 0 0 0 0 0 0 0 0 1 0 0 0 0 0 0 0 0 0 0 0 0 0 0 0 0 0 0 0 0 0 0 0 0 0 0 0 0 0 0 1 0 0 0 0 0 1 0 0 0 0 0 0 0
0 0 0 0 1 0 0 0 0 0 1 0 0 0 0 1 0 0 0 0 0 0 0 0 0 1 0 0 0 0 1 0 0 0 0 0 0 0 1 0 0 0 0 0 0 1 0 0 0 0 0 1 0 0 0 1 0 0 0 0 0
0 0 0 0 0 0 0 0 0 0 0 0 0 0 0 0 0 0 0 0 0 0 0 0 0 0 0 0 0 0 0 0 1 0 0 0 0 0 0 0 0 0 0 0 0 0 0 0 0 0 0 0 0 1 0 0 0 0 0 0 0
0 0 0 0 0 0 0 0 0 0 0 0 0 0 0 0 0 0 0 0 0 0 0 0 0 0 0 0 0 0 0 0 0 0 0 0 0 0 0 0 1 0 0 0 0 0 0 0 0 0 0 0 0 0 0 0 0 0 0 0 0
0 0 0 0 0 0 0 0 0 0 0 0 0 0 1 0 0 0 0 0 0 0 0 0 1 0 0 0 0 0 0 0 0 0 0 0 0 0 0 0 0 0 0 0 0 0 0 0 1 0 0 0 0 0 0 0 0 0 0 0 0
0 0 0 0 0 0 1 0 0 0 0 0 0 0 0 0 0 0 0 0 0 0 0 0 0 0 0 0 0 0 1 0 0 0 0 0 0 0 0 0 0 0 0 0 0 0 0 0 0 0 0 0 0 1 0 0 0 0 0 0 0
0 0 0 0 0 0 0 1 0 0 0 1 0 1 0 0 1 0 1 0 1 0 1 0 1 0 0 0 1 0 1 0 0 1 0 0 1 0 1 0 1 0 1 0 1 0 1 0 1 0 1 0 0 0 0 0 0 0 0 0 0
0 0 0 0 1 0 0 0 0 0 0 0 0 0 0 0 0 0 0 0 0 0 0 0 0 0 0 0 0 0 0 0 0 0 0 0 0 0 0 0 0 0 0 0 0 0 0 0 0 0 0 0 0 0 0 1 0 0 0 0 0
0 0 0 0 0 0 0 0 1 0 1 0 0 1 0 1 0 1 0 1 0 1 0 1 0 1 0 0 0 0 0 1 0 0 0 0 0 0 0 1 0 0 0 0 1 0 0 0 0 0 0 0 0 0 0 0 0 0 0 0 0
0 0 0 0 0 0 0 0 0 0 0 0 0 0 0 0 0 0 0 0 0 0 0 0 0 0 0 0 0 0 0 0 0 0 0 0 0 0 0 0 0 0 0 0 0 0 0 0 0 0 0 0 0 0 0 0 0 0 0 0 0
0 0 0 0 0 0 0 0 1 0 0 0 0 0 0 0 0 0 0 0 0 0 1 0 0 0 0 0 0 0 0 0 0 0 0 0 1 0 0 0 0 0 0 0 0 0 0 0 0 0 0 1 0 0 0 0 0 0 0 0 0
0 0 0 0 0 0 1 0 0 0 0 0 1 0 0 0 0 0 0 0 0 0 0 1 0 0 0 0 0 1 0 0 0 0 0 1 0 0 0 0 0 0 0 1 0 0 0 0 0 0 0 0 0 1 0 0 0 0 0 0 0
0 0 0 0 0 0 0 0 0 0 0 0 0 0 0 0 0 0 0 0 1 0 0 0 0 0 0 0 0 0 0 0 0 1 0 0 0 0 0 0 0 0 0 0 0 0 0 0 0 1 0 0 0 0 0 0 0 0 0 0 0
0 0 0 0 1 0 0 0 0 1 0 0 0 0 1 0 0 0 0 1 0 0 0 0 1 0 0 0 0 1 0 0 0 0 1 0 0 0 0 1 0 0 0 0 0 0 0 0 0 0 0 0 0 0 0 0 0 0 0 0 0
0 0 0 0 0 0 1 0 0 0 0 0 1 0 0 0 0 0 1 0 0 0 0 0 0 0 0 1 0 0 0 0 0 0 0 1 0 0 0 0 0 0 0 0 1 0 0 0 0 0 1 0 0 0 0 0 0 0 0 0 0
0 0 0 0 1 0 0 0 0 0 0 0 0 0 0 0 0 0 0 0 0 0 0 0 0 0 0 0 0 0 0 0 0 0 0 0 0 0 0 0 0 0 0 0 0 0 0 0 0 1 0 0 0 0 0 0 0 0 0 0 0
0 0 0 0 0 0 0 0 0 0 0 0 0 0 0 0 0 0 0 0 0 0 0 0 0 0 0 0 0 0 0 0 0 0 0 0 0 0 0 0 0 0 1 0 0 0 1 0 0 0 0 0 0 0 0 0 0 0 0 0 0
0 0 0 0 1 1 1 1 1 1 1 1 1 1 1 1 1 1 1 1 1 1 1 1 1 1 1 1 1 1 1 1 1 0 1 1 1 1 1 1 1 1 1 1 1 1 1 1 1 1 1 1 0 0 1 1 0 0 0 0 0
0 0 0 0 1 1 1 1 1 1 1 1 1 1 1 0 1 1 1 1 1 1 1 1 0 1 1 1 0 1 1 1 1 0 0 0 1 1 1 1 1 1 1 1 1 1 1 1 1 1 1 0 0 1 1 0 0 0 0 0 0
0 0 0 0 1 1 1 1 1 1 1 1 1 1 1 0 1 1 1 1 1 1 0 0 0 1 1 0 1 1 1 1 1 0 0 1 1 1 1 1 1 1 1 1 1 1 1 1 1 1 1 0 0 0 0 1 0 0 0 0 0
0 0 0 0 1 1 1 1 0 0 0 1 1 1 0 0 1 1 1 1 0 0 0 0 0 0 1 1 1 0 0 1 0 0 0 0 1 0 0 1 0 0 0 1 0 0 0 0 0 0 0 0 0 0 0 0 0 0 0 0 0
0 0 0 0 1 1 1 1 1 1 1 1 1 1 0 1 1 1 1 1 0 0 0 0 0 0 1 1 1 1 1 1 1 0 0 0 1 1 1 1 1 1 1 1 1 1 1 1 0 0 0 0 0 0 0 1 0 0 0 0 0
0 0 0 0 1 0 1 0 1 0 1 0 1 0 0 0 1 1 0 1 0 0 0 0 0 0 0 1 0 0 0 1 1 0 0 0 0 1 1 0 0 0 0 0 0 0 0 0 0 0 0 0 0 0 0 1 0 0 0 0 0
0 0 0 0 0 0 1 0 0 0 0 0 0 0 1 0 0 0 0 0 0 0 0 0 0 0 0 0 0 0 0 0 0 0 0 0 0 0 0 0 0 0 0 0 0 0 0 0 0 0 0 0 0 0 0 0 0 0 0 0 0
0 0 0 0 0 0 0 0 0 0 0 0 0 0 0 0 0 0 0 0 0 0 0 0 0 0 0 0 0 0 0 0 0 0 0 0 0 0 0 0 0 0 0 0 0 0 0 0 0 0 0 0 0 0 0 0 0 0 0 0 0

y
0.0 2.3636363636363633 0.0 0.0 0.0 7.363636363636363 0.0 0.0 0.0 19.178571428571427 0.0 0.0 1.3636363636363633 0.0 12.5 0.0 0.0 0.0 0.0 0.0 0.0 0.0 0.0 0.33333333333333304 2.8000000000000007 0.0 0.33333333333333304 0.0 1.4500000000000002 0.0 0.0 0.0 0.5048543689320388 0.0 0.0 7.0 0.0

k
0 9 2 0 0 9 0 0 0 27 0 0 9 2 5 0 3 0 6 0 0 6 0 3 3 0 3 0 19 3 9 11 86 17 38 50 6

f
1.75 12.25 0.0 0.0 0.0 0.0 0.0 0.0 0.0 0.0 0.0 0.0 0.0 0.0 0.0 0.0 0.0 0.0 0.0 0.0 0.0 0.0 0.0 0.0 57.75 5.25 0.0 0.0 0.0 0.0 0.0 0.0 0.0 0.0 0.0 0.0 0.0 1.75 0.0 0.0 0.0 0.0 0.0 0.0 0.0 0.0 0.0 0.0 0.0 19.25 0.0 0.0 0.0 0.0 0.0 0.0 0.0 0.0 0.0 0.0 0.0
0.0 0.0 0.0 0.0 0.0 0.0 0.0 0.0 0.0 0.0 0.0 0.0 0.0 6.5 0.0 0.0 0.0 0.0 0.0 0.0 0.0 0.0 0.0 0.0 0.0 0.0 0.0 0.0 0.0 0.0 0.0 0.0 0.0 0.0 0.0 0.0 0.0 0.0 0.0 0.0 0.0 0.0 0.0 0.0 0.0 0.0 0.0 0.0 0.0 0.0 0.0 0.0 0.0 0.0 0.0 0.0 0.0 0.0 0.0 0.0 0.0
0.0 0.0 0.0 0.0 0.0 0.0 0.0 0.0 0.0 0.0 0.0 0.0 0.0 0.0 0.0 0.0 0.0 0.0 0.0 0.0 0.0 0.0 0.0 0.0 0.0 0.0 0.0 0.0 0.0 0.0 0.0 0.0 0.0 0.0 0.0 0.0 0.0 0.0 0.0 0.0 0.0 0.0 0.0 0.0 0.0 0.0 0.0 0.0 0.0 0.0 0.0 0.0 0.0 0.0 0.0 0.0 0.0 0.0 0.0 0.0 0.0
0.0 0.0 0.0 0.25 0.0 0.25 0.75 0.25 0.0 2.25 0.75 13.75 0.75 0.0 0.0 0.0 0.0 0.75 0.75 0.25 3.75 4.25 0.0 0.0 0.0 0.0 0.0 0.0 0.0 4.25 12.25 5.75 0.75 0.0 1.75 0.0 0.0 2.25 0.0 1.75 0.0 0.0 0.0 2.75 0.0 2.75 3.75 7.25 3.25 19.75 0.25 2.75 0.0 0.0 0.0 0.0 0.0 0.0 0.0 0.0 0.0

L
3 7 4 1 1 12 2 13 47 21 10 11 6 4 21 0 10 23 2 51 2 0 14 6 13 5 6 45 4 1 1 1 1 1 1 8 0

g
0 0 0 0 0 0 0 0 0 0 0 0 0 0 0 0 0 0 0 0 0 0 0 0 0 0 0 0 0 0 0 0 0 0 0 0 0 0 0 0 0 0 0 0 0 0 0 0 0 0 0 0 0 0 0 0 0 0 0 0 0
0 0 0 0 0 0 0 0 0 0 0 0 0 0 0 0 0 0 0 0 0 0 0 0 0 0 0 0 0 0 0 0 0 0 0 0 0 0 0 0 0 0 0 0 0 0 0 0 0 0 0 0 0 0 0 0 0 0 0 0 0
0 0 0 0 0 0 0 0 0 0 0 0 0 0 0 0 0 0 0 0 0 0 0 0 0 0 0 0 0 0 0 0 0 0 0 0 0 0 0 0 0 0 0 0 0 0 0 0 0 0 0 0 0 0 0 0 0 0 0 0 0
0 0 0 0 0 0 0 0 0 0 0 0 0 0 0 0 0 0 0 0 0 0 0 0 0 0 0 0 0 0 0 0 0 0 0 0 0 0 0 0 0 0 0 0 0 0 0 0 0 0 0 0 0 0 0 0 0 0 0 0 0
0 0 0 0 0 0 0 0 0 0 0 0 0 0 0 0 0 0 0 0 0 0 0 0 0 0 0 0 0 0 0 0 0 0 0 0 0 0 0 0 0 0 0 0 0 0 0 0 0 0 0 0 0 0 0 0 0 0 0 0 0
0 0 0 0 0 0 0 0 0 0 0 0 0 0 0 0 0 0 0 0 0 0 0 0 0 0 0 0 0 0 0 0 0 0 0 0 0 0 0 0 0 0 0 0 0 0 0 0 0 0 0 0 0 0 0 0 0 0 0 0 0
0 0 0 0 0 0 0 0 0 0 0 0 0 0 0 0 0 0 0 0 0 0 0 0 0 0 0 0 0 0 0 0 0 0 0 0 0 0 0 0 0 0 0 0 0 0 0 0 0 0 0 0 0 0 0 0 0 0 0 0 0
0 0 0 0 0 0 0 0 0 0 0 0 0 0 0 0 0 0 0 0 0 0 0 0 0 0 0 0 0 0 0 0 0 0 0 0 0 0 0 0 0 0 0 0 0 0 0 0 0 0 0 0 0 0 0 0 0 0 0 0 0
0 0 0 0 0 0 0 0 0 0 0 0 0 0 0 0 0 0 0 0 0 0 0 0 0 0 0 0 0 0 0 0 0 0 0 0 0 0 0 0 0 0 0 0 0 0 0 0 0 0 0 0 0 0 0 0 0 0 0 0 0
0 0 0 0 0 0 0 0 0 0 0 0 0 0 0 0 0 0 0 0 0 0 0 0 0 0 0 0 0 0 0 0 0 0 0 0 0 0 0 0 0 0 0 0 0 0 0 0 0 0 0 0 0 0 0 0 0 0 0 0 0
0 0 0 0 0 0 0 0 0 0 0 0 0 0 0 0 0 0 0 0 0 0 0 0 0 0 0 0 0 0 0 0 0 0 0 0 0 0 0 0 0 0 0 0 0 0 0 0 0 0 0 0 0 0 0 0 0 0 0 0 0
0 0 0 0 0 0 0 0 0 0 0 0 0 0 0 0 0 0 0 0 0 0 0 0 0 0 0 0 0 0 0 0 0 0 0 0 0 0 0 0 0 0 0 0 0 0 0 0 0 0 0 0 0 0 0 0 0 0 0 0 0
0 0 0 0 0 0 0 0 0 0 0 0 0 0 0 0 0 0 0 0 0 0 0 0 0 0 0 0 0 0 0 0 0 0 0 0 0 0 0 0 0 0 0 0 0 0 0 0 0 0 0 0 0 0 0 0 0 0 0 0 0
0 0 0 0 0 0 0 0 0 0 0 0 0 0 0 0 0 0 0 0 0 0 0 0 0 0 0 0 0 0 0 0 0 0 0 0 0 0 0 0 0 0 0 0 0 0 0 0 0 0 0 0 0 0 0 0 0 0 0 0 0
0 0 0 0 0 0 0 0 0 0 0 0 0 0 0 0 0 0 0 0 0 0 0 0 0 0 0 0 0 0 0 0 0 0 0 0 0 0 0 0 0 0 0 0 0 0 0 0 0 0 0 0 0 0 0 0 0 0 0 0 0
0 0 0 0 0 0 0 0 0 0 0 0 0 0 0 0 0 0 0 0 0 0 0 0 0 0 0 0 0 0 0 0 0 0 0 0 0 0 0 0 0 0 0 0 0 0 0 0 0 0 0 0 0 0 0 0 0 0 0 0 0
0 0 0 0 0 0 0 0 0 0 0 0 0 0 0 0 0 0 0 0 0 0 0 0 0 0 0 0 0 0 0 0 0 0 0 0 0 0 0 0 0 0 0 0 0 0 0 0 0 0 0 0 0 0 0 0 0 0 0 0 0
0 0 0 0 0 0 0 0 0 0 0 0 0 0 0 0 0 0 0 0 0 0 0 0 0 0 0 0 0 0 0 0 0 0 0 0 0 0 0 0 0 0 0 0 0 0 0 0 0 0 0 0 0 0 0 0 0 0 0 0 0
0 0 0 0 0 0 0 0 0 0 0 0 0 0 0 0 0 0 0 0 0 0 0 0 0 0 0 0 0 0 0 0 0 0 0 0 0 0 0 0 0 0 0 0 0 0 0 0 0 0 0 0 0 0 0 0 0 0 0 0 0
0 0 0 0 0 0 0 0 0 0 0 0 0 0 0 0 0 0 0 0 0 0 0 0 0 0 0 0 0 0 0 0 0 0 0 0 0 0 0 0 0 0 0 0 0 0 0 0 0 0 0 0 0 0 0 0 0 0 0 0 0
0 0 0 0 0 0 0 0 0 0 0 0 0 0 0 0 0 0 0 0 0 0 0 0 0 0 0 0 0 0 0 0 0 0 0 0 0 0 0 0 0 0 0 0 0 0 0 0 0 0 0 0 0 0 0 0 0 0 0 0 0
0 0 0 0 0 0 0 0 0 0 0 0 0 0 0 0 0 0 0 0 0 0 0 0 0 0 0 0 0 0 0 0 0 0 0 0 0 0 0 0 0 0 0 0 0 0 0 0 0 0 0 0 0 0 0 0 0 0 0 0 0
0 0 0 0 0 0 0 0 0 0 0 0 0 0 0 0 0 0 0 0 0 0 0 0 0 0 0 0 0 0 0 0 0 0 0 0 0 0 0 0 0 0 0 0 0 0 0 0 0 0 0 0 0 0 0 0 0 0 0 0 0
0 0 0 0 0 0 0 0 0 0 0 0 0 0 0 0 0 0 0 0 0 0 0 0 0 0 0 0 0 0 0 0 0 0 0 0 0 0 0 0 0 0 0 0 0 0 0 0 0 0 0 0 0 0 0 0 0 0 0 0 0
0 0 0 0 0 0 0 0 0 0 0 0 0 0 0 0 0 0 0 0 0 0 0 0 0 0 0 0 0 0 0 0 0 0 0 0 0 0 0 0 0 0 0 0 0 0 0 0 0 0 0 0 0 0 0 0 0 0 0 0 0
0 0 0 0 0 0 0 0 0 0 0 0 0 0 0 0 0 0 0 0 0 0 0 0 0 0 0 0 0 0 0 0 0 0 0 0 0 0 0 0 0 0 0 0 0 0 0 0 0 0 0 0 0 0 0 0 0 0 0 0 0
0 0 0 0 0 0 0 0 0 0 0 0 0 0 0 0 0 0 0 0 0 0 0 0 0 0 0 0 0 0 0 0 0 0 0 0 0 0 0 0 0 0 0 0 0 0 0 0 0 0 0 0 0 0 0 0 0 0 0 0 0
0 0 0 0 0 0 0 0 0 0 0 0 0 0 0 0 0 0 0 0 0 0 0 0 0 0 0 0 0 0 0 0 0 0 0 0 0 0 0 0 0 0 0 0 0 0 0 0 0 0 0 0 0 0 0 0 0 0 0 0 0
0 0 0 0 0 0 0 0 0 0 0 0 0 0 0 0 0 0 0 0 0 0 0 0 0 0 0 0 0 0 0 0 0 0 0 0 0 0 0 0 0 0 0 0 0 0 0 0 0 0 0 0 0 0 0 0 0 0 0 0 0
0 0 0 0 0 0 0 0 0 0 0 0 0 0 0 0 0 0 0 0 0 0 0 0 0 0 0 0 0 0 0 0 0 0 0 0 0 0 0 0 0 0 0 0 0 0 0 0 0 0 0 0 0 0 0 0 0 0 0 0 0
0 0 0 0 0 0 0 0 0 0 0 0 0 0 0 0 0 0 0 0 0 0 0 0 0 0 0 0 0 0 0 0 0 0 0 0 0 0 0 0 0 0 0 0 0 0 0 0 0 0 0 0 0 0 0 0 0 0 0 0 0
0 0 0 0 0 0 0 0 0 0 0 0 0 0 0 0 0 0 0 0 0 0 0 0 0 0 0 0 0 0 0 0 0 0 0 0 0 0 0 0 0 0 0 0 0 0 0 0 0 0 0 0 0 0 0 0 0 0 0 0 0
0 0 0 0 0 0 0 0 0 0 0 0 0 0 0 0 0 0 0 0 0 0 0 0 0 0 0 0 0 0 0 0 0 0 0 0 0 0 0 0 0 0 0 0 0 0 0 0 0 0 0 0 0 0 0 0 0 0 0 0 0
0 0 0 0 0 0 0 0 0 0 0 0 0 0 0 0 0 0 0 0 0 0 0 0 0 0 0 0 0 0 0 0 0 0 0 0 0 0 0 0 0 0 0 0 0 0 0 0 0 0 0 0 0 0 0 0 0 0 0 0 0
0 0 0 0 0 0 0 0 0 0 0 0 0 0 0 0 0 0 0 0 0 0 0 0 0 0 0 0 0 0 0 0 0 0 0 0 0 0 0 0 0 0 0 0 0 0 0 0 0 0 0 0 0 0 0 0 0 0 0 0 0
0 0 0 0 0 0 0 0 0 0 0 0 0 0 0 0 0 0 0 0 0 0 0 0 0 0 0 0 0 0 0 0 0 0 0 0 0 0 0 0 0 0 0 0 0 0 0 0 0 0 0 0 0 0 0 0 0 0 0 0 0
0 0 0 0 0 0 0 0 0 0 0 0 0 0 0 0 0 0 0 0 0 0 0 0 0 0 0 0 0 0 0 0 0 0 0 0 0 0 0 0 0 0 0 0 0 0 0 0 0 0 0 0 0 0 0 0 0 0 0 0 0

I cap
1058.909090909091 1058.909090909091 1001.5090909090909 984.1090909090918 996.8000000000079 804.6000000000035 792.1400000000004 982.800000000002 451.48000000001133 611.9400000000101 395.0999999999981 492.56000000000114 414.5800000000084 542.4400000000123 306.01999999999873 526.0490909090908 262.72909090909917 552.609090909101 499.36909090908307 461.30909090909086 423.8290909091098 586.9090909091065 657.0490909090861 784.2890909090834 495.54909090910024 694.9690909091034 284.8090909090949 376.9290909090987 536.7490909090975 514.6690909091005 557.0290909090974 626.2090909090914 754.6290909090958 741.0890909091029 79.89999999999924 128.22000000000048 352.480000000003 642.500000000018 665.3000000000113 472.980000000023 378.20000000001994 494.05999999998664 587.2400000000182 608.0200000000202 569.4199999999882 548.499999999992 724.4800000000206 769.1000000000215 819.4600000000065 816.9399999999969 564.080000000004 614.7400000000398 793.0600000000147 797.9200000000169 942.3800000000347 974.8000000000063 767.189090909086 857.449090909103 941.349090909091 1058.909090909091 1058.909090909091
107.96969696969697 107.96969696969697 70.96969696969697 59.36969696969689 41.00000000000017 49.40000000000006 29.8599999999999 17.199999999999932 3.5200000000000613 80.06000000000012 65.89999999999992 90.43999999999991 71.42000000000013 64.55999999999972 68.97999999999989 80.82969696969685 14.149696969697068 11.269696969697058 10.50969696969723 42.5696969696972 61.04969696969708 69.96969696969708 85.82969696969734 91.58969696969731 76.32969696969695 96.9096969696969 10.069696969697276 18.9496969696969 5.1296969696970365 51.20969696969672 1.8496969696967716 33.669696969697156 74.24969696969687 99.78969696969708 60.100000000001515 60.780000000000186 38.520000000000316 52.500000000000824 15.700000000000449 37.02000000000008 49.80000000000028 43.9399999999998 31.75999999999965 55.97999999999995 54.57999999999973 52.50000000000003 53.52000000000024 44.89999999999975 41.539999999999935 36.06000000000003 53.91999999999987 36.25999999999988 68.94000000000085 19.679999999999822 15.219999999999501 24.99999999999997 55.68969696969759 58.42969696969698 69.52969696969697 107.96969696969697 107.96969696969697
38.96666666666666 38.96666666666666 14.033333333333328 14.033333333333328 27.96666666666666 29.325 28.624999999999996 18.825000000000003 5.558333333333341 17.53333333333334 1.4666666666666668 7.733333333333336 2.833333333333334 7.733333333333343 9.833333333333334 2.633333333333338 17.299999999999997 2.633333333333331 10.300000000000004 2.633333333333338 10.299999999999997 2.633333333333338 10.300000000000004 2.633333333333338 10.300000000000004 2.633333333333338 17.300000000000004 24.300000000000004 31.96666666666667 19.29166666666667 12.291666666666671 4.6250000000000036 4.6249999999999964 17.299999999999997 16.8 11.899999999999999 11.2 16.1 13.299999999999997 9.133333333333333 9.133333333333333 18.23333333333334 32.900000000000006 39.2 14.733333333333341 19.633333333333333 16.83333333333335 44.10000000000002 30.80000000000001 39.2 35.0 42.000000000000014 32.82500000000002 11.391666666666683 13.491666666666678 23.69166666666667 38.96666666666667 38.96666666666666 38.96666666666666 38.96666666666666 38.96666666666666
45.24545454545453 45.24545454545453 43.77545454545453 35.725454545454525 18.550000000000033 25.770000000000234 24.5000000000005 23.370000000001113 19.070000000000242 28.070000000000423 27.160000000000203 21.36000000000011 15.620000000000084 12.870000000000115 8.990000000000089 29.065454545454767 24.71545454545487 23.765454545454958 23.71545454545513 27.825454545455234 28.485454545454903 30.675454545455423 28.52545454545508 27.88545454545586 28.525454545455194 32.50545454545506 23.865454545454977 23.43545454545537 23.24545454545515 26.38545454545528 28.965454545455255 29.345454545455226 36.625454545455575 37.19545454545564 24.780000000000303 18.690000000000165 18.550000000000168 22.030000000000136 23.01000000000034 34.770000000000174 24.51000000000068 31.530000000000705 34.220000000000134 28.190000000000385 27.420000000000567 30.70000000000079 24.85000000000058 25.82000000000059 27.510000000000478 37.250000000000455 34.99000000000002 38.26000000000002 49.54999999999999 45.060000000000066 33.870000000000545 35.97000000000016 38.73545454545455 39.795454545454525 43.28545454545453 45.24545454545453 45.24545454545453
20.999999999999993 20.999999999999993 20.369999999999994 19.71999999999999 9.710000000000003 13.78999999999999 8.449999999999868 7.069999999999901 4.649999999999915 7.509999999999977 10.939999999999989 11.419999999999938 8.109999999999927 9.52999999999994 4.239999999999959 11.25999999999993 8.369999999999916 9.099999999999964 7.050000000000013 10.149999999999986 10.399999999999928 10.329999999999949 8.129999999999953 7.519999999999907 11.12999999999996 14.019999999999989 9.289999999999937 6.250000000000012 9.889999999999999 12.539999999999951 12.589999999999947 9.760000000000026 10.680000000000092 14.22999999999999 14.130000000000027 19.249999999999954 13.500000000000021 13.109999999999872 6.439999999999948 4.130000000000031 1.199999999999969 9.109999999999985 6.0499999999999705 9.049999999999972 7.070000000000043 9.539999999999994 7.500000000000044 8.150000000000045 11.139999999999985 9.73 6.719999999999951 10.119999999999955 14.0599999999999 14.190000000000088 12.549999999999553 9.969999999999953 13.729999999999979 17.479999999999993 20.21999999999999 20.999999999999993 20.999999999999993
345.75757575757575 345.75757575757575 345.75757575757575 312.8163992869875 202.52941176470588 207.40000000000012 224.1300000000008 184.16000000000008 203.03999999999976 231.41000000000003 209.08000000000075 209.0800000000009 227.5399999999999 215.17000000000013 214.1211764705881 217.78698752228175 219.32698752228106 208.9575757575768 195.64757575757605 235.44757575757632 236.77757575757582 289.388752228164 305.54816399287114 328.5375757575771 270.2863992869875 219.06698752228294 237.1587522281645 257.3169875222809 252.70698752228145 232.5575757575753 244.57757575757597 243.24757575757607 272.18875222816393 293.9081639928686 177.92882352941194 193.1894117647063 188.76000000000025 211.69000000000025 206.25000000000048 157.80999999999963 168.3200000000015 269.18000000000256 227.15000000000015 189.7799999999994 267.67000000000104 235.43999999999977 211.76000000000064 186.61000000000035 283.9600000000021 258.1600000000018 287.04117647058956 314.04058823529624 345.11000000000166 380.54000000000116 355.37882352941443 318.6405882352944 295.26816399287 334.39757575757574 341.76757575757574 345.75757575757575 345.75757575757575
779.7575757575758 779.7575757575758 762.7475757575758 659.6975757575758 471.2499999999993 558.11 645.0600000000001 627.6800000000003 759.7700000000001 829.45 689.7300000000005 668.9199999999995 620.4000000000002 670.1600000000001 671.5299999999999 583.8475757575737 450.4475757575752 499.2075757575755 527.2375757575765 625.1875757575745 698.6975757575728 725.5275757575752 693.3775757575756 685.2575757575751 676.4575757575749 638.6475757575755 427.3175757575747 465.11757575757525 552.1375757575746 654.9275757575751 611.2775757575745 632.7175757575761 704.4575757575753 702.2675757575727 508.70000000001426 526.9400000000018 631.7900000000001 787.4099999999996 616.8899999999992 514.2699999999991 560.6099999999984 643.8999999999997 539.5399999999988 469.35999999999456 542.639999999998 599.2699999999975 559.4399999999972 535.8099999999979 616.1099999999997 607.3099999999973 603.3899999999991 563.1200000000001 599.8799999999997 662.1199999999978 690.4999999999998 532.0100000000017 662.997575757576 696.2475757575758 749.4575757575758 779.7575757575758 779.7575757575758
80.73333333333335 80.73333333333335 79.89333333333335 76.79333333333334 59.24666666666667 77.02000000000001 70.82999999999998 76.11999999999999 72.38999999999999 80.11 70.8 79.96 86.56 85.35 78.62333333333332 72.19999999999999 66.29333333333335 66.59333333333336 68.19333333333331 67.89333333333332 72.64666666666666 75.70333333333336 75.8533333333333 75.55333333333334 75.85333333333318 78.4933333333333 68.28999999999994 66.11333333333336 66.80333333333336 68.42333333333335 67.2633333333332 67.94333333333336 69.40333333333335 75.50666666666669 43.419999999999995 64.60999999999821 69.99666666666639 66.42999999999982 63.42999999999874 66.32999999999957 66.3799999999999 68.61999999999999 68.95 73.58 76.61 82.46999999999998 75.13000000000001 69.51 70.18333333333307 71.2999999999987 67.06999999999864 62.24999999999907 64.20999999999933 62.96999999999891 64.3999999999983 56.10666666666653 73.26666666666668 77.25333333333334 79.34333333333335 80.73333333333335 80.73333333333335
10.775757575757575 10.775757575757575 9.725757575757575 9.725757575757573 3.8500000000000063 5.9500000000000055 2.4500000000000037 0.5499999999999954 1.7999999999999972 6.3 6.599999999999997 7.700000000000004 4.900000000000002 2.2 2.1700000000000097 0.1557575757575691 1.185757575757588 4.775757575757574 5.57575757575758 2.7757575757575648 3.175757575757606 10.77575757575759 10.775757575757584 10.775757575757577 6.545757575757573 0.15575757575757976 2.0757575757575886 3.375757575757582 1.315757575757584 4.41575757575757 6.095757575757577 2.995757575757569 0.045757575757575886 3.085757575757576 4.020000000000004 0.6800000000000019 0.9900000000000082 0.40000000000001634 1.7000000000000028 1.4000000000000012 2.4499999999999993 3.5 3.3999999999999964 0.34999999999999787 9.989999999999995 6.800000000000002 2.59 0.8900000000000059 9.069999999999993 1.280000000000003 3.110000000000016 4.870000000000016 4.870000000000009 6.120000000000044 6.520000000000006 3.019999999999999 3.51575757575758 9.725757575757573 9.825757575757576 10.775757575757575 10.775757575757575
2.545454545454545 2.545454545454545 2.545454545454545 1.645454545454545 1.3599999999999999 0.5599999999999999 0.08000000000000806 0.10000000000000053 1.1800000000000082 0.7500000000000008 1.2400000000000402 0.5599999999999999 0.7699999999999999 1.4700000000000006 0.10000000000000053 0.5454545454545592 0.8054545454545522 0.4154545454545534 0.5954545454545473 0.08545454545454834 0.5654545454545489 0.35545454545455424 1.075454545454555 1.2854545454545483 1.0754545454545532 1.7054545454545629 0.025454545454551836 0.5354545454545482 1.1954545454545515 0.5654545454545475 0.29545454545454963 0.3554545454545506 0.35545454545454613 0.02545454545454784 0.5800000000000017 0.8200000000000037 1.0300000000000162 0.6300000000000002 1.3300000000000067 0.1399999999999999 1.3300000000000054 1.2600000000000007 1.540000000000008 0.1399999999999999 6.661338147750939e-16 0.5800000000000008 0.33000000000000074 1.110000000000023 0.46000000000000296 0.07000000000000361 1.320000000000018 0.010000000000006004 1.1200000000000032 0.9000000000000042 0.040000000000000036 0.2200000000000063 1.7054545454545487 1.9154545454545948 1.915454545454545 2.545454545454545 2.545454545454545
8.515433299825174 8.515433299825174 8.515433299825174 7.807629307084701 4.7325820689655105 5.2931184482758225 3.9916962931034368 5.831790344827535 7.967123965516977 7.205133362068852 6.714603275861758 6.010720862068754 5.306728275861928 4.676222931034457 5.874676465517238 5.064426609195402 3.860359770114938 3.6032691379310275 3.7046131034482723 4.359997672413799 4.787515297805644 6.16122999999998 6.3712819540229635 6.507302586206885 6.296186321839079 4.827440459770081 3.232455000000041 6.0172607471261355 6.079181839080277 6.1345694827584945 8.14022741379283 7.527821551723612 5.853372958257676 6.433054369328476 9.375719885057315 10.332996149425286 4.989543620689656 6.243826034482742 4.545514310344817 4.939049827586199 5.838236206896546 5.5929820689654886 4.139768793103425 4.933966206896521 6.036219137930991 5.495544137930995 3.8207249999999746 3.6257574137930755 4.9898917241379115 5.400395689655146 7.153581551724083 6.546300774349651 7.618546379310232 6.574785662431884 8.26829293103437 5.5442187628554125 6.934973529710229 7.998191920514829 7.825778127411381 8.515433299825174 8.515433299825174
700.0 700.0 699.0 697.0 688.0 687.0 679.0 688.0 680.0 682.0 678.0 683.0 679.0 683.0 680.0 678.0 678.0 680.0 685.0 680.0 678.0 681.0 680.0 684.0 680.0 681.0 680.0 684.0 689.0 683.0 678.0 680.0 690.0 686.0 684.0 675.0 682.0 686.0 684.0 685.0 687.0 689.0 688.0 685.0 686.0 684.0 679.0 686.0 690.0 685.0 681.0 678.0 682.0 678.0 684.0 681.0 687.0 693.0 693.0 700.0 697.0

H cap
-1.75 -12.25 15.75 5.25 22.75 22.75 15.75 5.25 29.75 19.25 12.25 22.75 36.75 36.75 8.75 8.75 57.75 26.25 1.75 43.75 15.75 15.75 43.75 1.75 -57.75 -5.25 54.25 1.75 15.75 57.75 12.25 5.25 47.25 22.75 47.25 89.25 22.75 -1.75 12.25 36.75 29.75 5.25 54.25 36.75 57.75 54.25 36.75 22.75 8.75 -19.25 33.25 5.25 5.25 131.25 131.25 131.25 131.25 131.25 131.25 131.25 131.25
21.5 4.0 2.5 2.5 11.5 12.5 4.5 1.5 3.0 3.0 7.5 11.5 3.0 -6.5 2.5 5.5 17.5 25.5 28.0 36.0 29.5 19.5 13.0 6.0 5.5 16.5 19.5 8.5 9.5 32.5 39.0 30.0 26.5 15.5 5.0 10.0 17.5 18.5 14.0 13.0 17.5 12.5 11.0 9.0 16.5 27.5 27.0 27.0 36.5 34.5 33.5 17.0 23.0 52.5 52.5 52.5 52.5 52.5 52.5 52.5 52.5
49.0 45.5 38.5 35.0 45.5 42.0 42.0 42.0 35.0 35.0 38.5 42.0 35.0 35.0 42.0 42.0 49.0 52.5 49.0 49.0 42.0 42.0 52.5 45.5 42.0 45.5 49.0 52.5 56.0 56.0 45.5 42.0 45.5 49.0 49.0 49.0 49.0 52.5 49.0 45.5 49.0 49.0 45.5 42.0 49.0 56.0 52.5 45.5 52.5 45.5 49.0 49.0 49.0 63.0 63.0 63.0 63.0 63.0 63.0 63.0 63.0
17.75 5.25 2.25 -0.25 2.75 -0.25 -0.75 -0.25 0.75 -2.25 -0.75 -13.75 -0.75 8.75 11.25 6.25 0.25 -0.75 -0.75 -0.25 -3.75 -4.25 5.25 6.75 6.75 1.25 0.75 0.25 2.75 -4.25 -12.25 -5.75 -0.75 4.25 -1.75 13.25 10.25 -2.25 1.75 -1.75 5.25 0.25 2.25 -2.75 12.25 -2.75 -3.75 -7.25 -3.25 -19.75 -0.25 -2.75 0.25 78.75 78.75 78.75 78.75 78.75 78.75 78.75 78.75

Gap
NaN

Time
NaN

