T P M C
61 37 4 12

base obj
12.842822802619963

exp obj
11.465450435298306

Objective struct
12.842822802619963 0.0 7.333333333333333

num campaigns
363

x
0 0 0 0 1 0 0 0 1 0 0 0 1 0 0 0 0 1 0 0 0 0 0 1 0 0 0 1 0 0 0 1 0 0 0 1 0 0 0 1 0 0 0 1 0 0 0 1 0 0 0 1 0 0 0 1 0 0 0 0 0
0 0 0 0 0 0 0 0 0 0 0 0 0 0 0 0 0 0 0 0 0 0 0 0 0 0 1 0 0 0 0 0 0 0 1 0 0 0 0 0 0 1 0 0 0 0 0 0 0 0 0 0 0 1 0 0 0 0 0 0 0
0 0 0 0 0 0 0 0 1 0 0 0 0 1 0 0 0 0 0 0 0 1 0 0 0 1 0 0 0 1 0 0 0 1 0 0 0 0 1 0 0 0 0 1 0 0 0 0 1 0 0 0 0 0 0 0 0 0 0 0 0
0 0 0 0 0 0 0 1 0 1 0 0 0 1 0 1 0 0 1 0 1 0 1 0 1 0 1 0 1 0 0 0 0 0 0 0 0 0 0 0 0 1 0 0 0 0 0 0 0 0 0 0 0 0 0 0 0 0 0 0 0
0 0 0 0 0 0 1 0 0 1 0 0 0 1 0 0 1 0 0 1 0 0 1 0 0 1 0 0 0 0 1 0 0 1 0 0 1 0 0 1 0 0 1 0 0 1 0 0 0 0 1 0 0 0 1 0 0 0 0 0 0
0 0 0 0 0 0 0 0 0 0 1 0 0 0 0 0 0 0 0 1 0 0 0 0 0 0 0 0 0 0 0 0 0 0 0 0 0 0 0 0 0 0 1 0 0 0 0 0 0 0 0 0 0 0 0 0 0 0 0 0 0
0 0 0 0 0 0 1 1 1 1 1 0 1 0 0 1 1 1 1 0 1 1 0 0 0 0 0 0 0 0 0 0 0 0 0 0 0 0 0 0 0 0 0 0 0 0 0 0 0 0 0 0 0 0 0 0 0 0 0 0 0
0 0 0 0 1 0 0 0 0 0 0 0 0 0 0 0 0 0 0 0 0 1 0 0 0 0 0 0 0 0 0 0 0 0 0 0 0 1 0 0 0 0 0 0 0 0 0 0 0 0 0 0 0 1 0 0 0 0 0 0 0
0 0 0 0 0 0 0 0 0 0 0 0 0 0 1 0 0 0 0 0 0 0 0 0 0 0 0 0 0 0 0 0 0 0 0 0 0 0 0 0 0 0 0 0 0 0 0 0 0 0 0 0 0 0 0 1 0 0 0 0 0
0 0 0 0 0 0 0 0 0 0 1 0 0 0 1 0 0 0 0 0 0 0 0 0 0 0 1 0 0 0 1 0 0 1 0 0 0 0 1 0 0 0 1 0 0 1 0 0 1 0 1 0 0 0 0 0 0 0 0 0 0
0 0 0 0 0 0 0 0 1 0 0 0 0 0 0 0 0 0 0 0 0 0 1 0 0 0 0 0 0 0 0 1 0 0 0 0 0 0 0 0 0 1 0 0 0 0 0 0 0 0 1 0 0 0 0 0 0 0 0 0 0
0 0 0 0 0 0 1 0 0 0 0 0 0 0 0 0 0 0 0 1 0 0 0 0 0 0 0 0 0 0 1 0 0 0 0 0 0 0 0 0 0 0 0 0 1 0 0 0 0 0 0 0 0 0 0 0 0 0 0 0 0
0 0 0 0 0 0 0 0 0 0 0 0 0 0 0 0 1 0 0 0 0 0 0 0 0 0 0 0 0 0 0 0 0 0 0 0 0 0 0 0 0 0 0 0 0 0 0 1 0 0 0 0 0 0 0 0 0 0 0 0 0
0 0 0 0 1 0 0 0 0 0 0 0 0 0 0 0 0 0 0 0 0 0 0 1 0 0 0 0 0 1 0 0 0 0 0 0 0 1 0 0 0 0 0 0 0 0 1 0 0 0 0 0 0 0 0 1 0 0 0 0 0
0 0 0 0 0 0 0 0 0 0 0 0 0 0 0 0 0 0 0 0 0 0 0 0 1 0 0 0 0 0 0 0 0 0 0 0 1 0 0 0 0 0 0 0 0 0 0 0 0 0 0 0 0 0 0 0 0 0 0 0 0
0 0 0 0 0 0 0 0 0 0 1 0 0 0 0 0 0 0 0 0 0 0 0 0 0 0 0 0 0 0 0 0 0 0 0 0 0 0 0 0 0 0 0 0 0 0 0 0 0 0 0 0 0 0 0 0 0 0 0 0 0
0 0 0 0 0 0 0 0 0 0 0 0 0 0 1 0 0 0 0 0 0 0 0 0 0 0 0 0 1 0 0 0 0 0 0 0 0 0 0 0 0 0 0 0 0 0 0 0 0 1 0 0 0 0 0 0 0 0 0 0 0
0 0 0 0 0 0 1 0 0 0 0 0 0 0 0 0 0 0 0 0 0 0 0 0 0 0 0 0 0 1 0 0 0 0 0 0 0 0 0 0 0 0 0 0 0 0 0 0 0 0 0 0 1 0 0 0 0 0 0 0 0
0 0 0 0 0 0 1 0 0 0 1 0 1 0 1 0 1 0 1 0 0 1 0 1 0 1 0 0 0 1 0 0 0 0 1 0 1 0 0 1 0 1 0 1 0 1 0 1 0 1 0 1 0 0 0 0 0 0 0 0 0
0 0 0 0 1 0 0 0 0 0 0 0 0 0 0 0 0 0 0 0 0 0 0 0 0 0 0 0 0 0 0 0 0 0 0 0 0 0 0 0 0 0 0 0 0 0 0 0 0 0 0 0 0 0 0 1 0 0 0 0 0
0 0 0 0 0 1 0 0 1 0 0 0 0 1 0 0 0 1 0 0 1 0 0 0 0 1 0 0 0 1 0 0 1 0 0 0 0 1 0 0 0 0 0 0 1 0 0 1 0 0 1 0 0 0 0 0 0 0 0 0 0
0 0 0 0 0 0 0 0 0 0 0 0 0 0 0 0 0 0 0 0 0 0 0 0 0 0 0 0 0 0 0 0 0 0 0 0 0 0 0 0 0 0 0 0 0 0 0 0 0 0 0 0 0 0 0 0 0 0 0 0 0
0 0 0 0 0 0 0 0 0 0 0 1 0 0 0 0 0 0 0 0 0 0 0 0 0 0 0 0 0 0 0 0 1 0 0 0 0 0 0 0 0 0 0 0 0 0 0 0 0 1 0 0 0 0 0 0 0 0 0 0 0
0 0 0 0 0 0 0 0 1 0 0 0 0 0 1 0 0 0 0 0 0 1 0 0 0 0 0 1 0 0 0 0 0 0 1 0 0 0 0 0 0 0 0 0 0 1 0 0 0 0 0 1 0 0 0 0 0 0 0 0 0
0 0 0 0 0 0 1 0 0 0 0 0 0 0 0 0 0 1 0 0 0 0 0 0 0 0 0 0 0 0 0 0 0 0 0 0 0 0 0 0 1 0 0 0 0 0 0 0 0 0 0 0 0 1 0 0 0 0 0 0 0
0 0 0 0 1 0 0 0 0 1 0 0 0 0 1 0 0 0 0 1 0 0 0 0 1 0 0 0 0 0 1 0 0 0 0 1 0 0 0 0 1 0 0 0 0 0 0 0 0 0 0 0 0 0 0 0 0 0 0 0 0
0 0 0 0 1 0 0 0 0 0 0 0 1 0 0 0 0 0 0 1 0 0 0 0 0 1 0 0 0 0 0 1 0 0 0 0 0 0 1 0 0 0 0 0 0 0 1 0 0 0 0 0 1 0 0 0 0 0 0 0 0
0 0 0 0 0 0 1 0 0 0 0 0 0 0 0 0 0 0 0 0 0 0 0 0 0 0 0 0 0 0 0 0 0 0 0 0 0 0 0 0 0 0 0 0 0 0 0 0 0 0 0 0 0 0 0 1 0 0 0 0 0
0 0 0 0 0 0 0 0 0 0 0 0 0 0 0 0 0 0 0 0 0 0 0 0 0 0 0 0 0 0 0 0 0 0 0 0 0 0 0 0 0 1 0 0 1 0 0 0 0 0 0 0 0 0 0 0 0 0 0 0 0
0 0 0 0 1 1 1 1 1 1 1 1 1 1 1 1 1 1 1 1 1 1 1 0 0 1 1 1 1 1 1 1 1 1 1 1 1 1 1 1 1 1 1 1 0 1 1 1 1 1 1 1 1 1 1 1 0 0 0 0 0
0 0 0 0 1 0 1 1 0 0 1 1 1 1 1 1 0 0 1 1 1 1 1 0 0 1 1 0 1 1 1 1 1 1 1 1 1 1 1 1 0 1 1 1 1 1 0 1 1 1 1 1 1 0 1 1 0 0 0 0 0
0 0 0 0 0 0 1 0 1 0 1 0 1 0 0 1 0 0 1 1 1 1 1 0 0 1 1 1 1 1 1 1 1 1 1 1 1 1 1 1 0 0 1 1 0 1 1 1 0 0 1 1 1 1 1 1 0 0 0 0 0
0 0 0 0 0 0 1 0 0 0 1 0 1 1 1 1 0 0 0 1 1 1 1 0 0 1 1 0 1 0 0 0 0 1 1 1 0 0 1 0 0 0 0 0 1 1 0 0 0 0 0 1 0 0 1 1 0 0 0 0 0
0 0 0 0 0 0 1 1 0 0 1 0 1 1 1 0 0 0 0 1 1 1 1 0 0 1 0 0 1 0 1 1 1 1 1 1 0 0 1 1 0 0 0 0 1 1 1 1 0 0 0 1 1 0 1 1 0 0 0 0 0
0 0 0 0 0 0 1 0 0 0 0 0 1 0 0 0 0 0 0 1 0 1 1 0 0 0 0 0 0 0 1 0 0 1 0 0 0 0 0 0 0 0 0 0 0 0 1 0 0 0 0 1 0 0 1 1 0 0 0 0 0
0 0 0 0 0 0 0 0 0 0 0 0 0 0 0 0 0 0 0 0 0 0 0 0 0 0 0 0 0 0 0 0 0 0 0 0 0 0 0 0 0 0 0 0 0 0 0 0 0 0 0 0 0 0 0 0 0 0 0 0 0
0 0 0 0 0 0 0 0 0 0 0 0 0 0 0 0 0 0 0 0 0 0 0 0 0 0 0 0 0 0 0 0 0 0 0 0 0 0 0 0 0 0 0 0 0 0 0 0 0 0 0 0 0 0 0 0 0 0 0 0 0

y
0.0 2.3636363636363633 0.0 0.0 0.0 4.363636363636363 0.0 0.0 0.0 0.1785714285714286 0.0 0.0 26.363636363636363 0.9000000000000004 3.5 0.0 3.8000000000000007 0.0 0.0 0.0 0.0 0.0 0.0 0.33333333333333304 0.8000000000000007 0.0 0.33333333333333304 0.0 0.4500000000000002 0.0 0.0 0.0 0.5048543689320388 0.0 0.0 0.0 0.0

k
0 8 4 0 2 9 0 0 0 19 0 0 10 5 5 0 3 0 6 0 0 6 1 3 2 0 2 0 19 3 11 16 82 24 41 52 6

f
1.75 12.25 1.75 12.25 0.0 5.25 1.75 5.25 0.0 1.75 0.0 0.0 0.0 0.0 0.0 0.0 0.0 0.0 0.0 0.0 0.0 0.0 0.0 0.0 0.0 0.0 0.0 0.0 0.0 0.0 0.0 0.0 0.0 5.25 0.0 0.0 0.0 0.0 1.75 0.0 0.0 0.0 0.0 0.0 0.0 0.0 0.0 0.0 0.0 19.25 0.0 12.25 1.75 0.0 0.0 0.0 0.0 0.0 0.0 0.0 0.0
0.0 0.0 0.0 0.0 0.0 0.0 0.0 0.0 0.0 0.0 0.0 0.0 0.0 0.0 0.0 0.0 0.0 0.0 0.0 0.0 0.0 0.0 0.0 0.0 0.0 0.0 0.0 0.0 0.0 0.0 0.0 0.0 0.0 0.0 0.0 0.0 0.0 0.0 0.0 0.0 0.0 0.0 0.0 0.0 0.0 0.0 0.0 0.0 0.0 0.0 0.0 0.0 0.0 0.0 0.0 0.0 0.0 0.0 0.0 0.0 0.0
0.0 0.0 0.0 0.0 0.0 0.0 0.0 0.0 0.0 0.0 0.0 0.0 0.0 0.0 0.0 0.0 0.0 0.0 0.0 0.0 0.0 0.0 0.0 0.0 0.0 0.0 0.0 0.0 0.0 0.0 0.0 0.0 0.0 0.0 0.0 0.0 0.0 0.0 0.0 0.0 0.0 0.0 0.0 0.0 0.0 0.0 0.0 0.0 0.0 0.0 0.0 0.0 0.0 0.0 0.0 0.0 0.0 0.0 0.0 0.0 0.0
0.0 3.25 0.0 2.75 0.0 2.25 0.25 20.75 0.0 0.0 19.25 3.75 0.0 8.25 1.25 0.0 0.0 0.0 0.0 0.0 9.75 0.0 0.0 0.75 1.25 0.0 0.75 0.0 1.75 0.0 0.0 0.0 0.0 3.75 0.0 0.0 0.0 7.75 0.75 0.0 0.0 2.75 1.25 2.25 0.0 0.75 0.0 0.75 0.0 3.75 0.0 0.25 0.0 0.0 0.0 0.0 0.0 0.0 0.0 0.0 0.0

L
4 7 4 2 3 9 1 16 41 2 9 11 31 6 12 0 14 23 2 51 3 0 17 6 11 5 6 49 3 1 1 1 1 1 1 0 0

g
0 0 0 0 0 0 0 0 0 0 0 0 0 0 0 0 0 0 0 0 0 0 0 0 0 0 0 0 0 0 0 0 0 0 0 0 0 0 0 0 0 0 0 0 0 0 0 0 0 0 0 0 0 0 0 0 0 0 0 0 0
0 0 0 0 0 0 0 0 0 0 0 0 0 0 0 0 0 0 0 0 0 0 0 0 0 0 0 0 0 0 0 0 0 0 0 0 0 0 0 0 0 0 0 0 0 0 0 0 0 0 0 0 0 0 0 0 0 0 0 0 0
0 0 0 0 0 0 0 0 0 0 0 0 0 0 0 0 0 0 0 0 0 0 0 0 0 0 0 0 0 0 0 0 0 0 0 0 0 0 0 0 0 0 0 0 0 0 0 0 0 0 0 0 0 0 0 0 0 0 0 0 0
0 0 0 0 0 0 0 0 0 0 0 0 0 0 0 0 0 0 0 0 0 0 0 0 0 0 0 0 0 0 0 0 0 0 0 0 0 0 0 0 0 0 0 0 0 0 0 0 0 0 0 0 0 0 0 0 0 0 0 0 0
0 0 0 0 0 0 0 0 0 0 0 0 0 0 0 0 0 0 0 0 0 0 0 0 0 0 0 0 0 0 0 0 0 0 0 0 0 0 0 0 0 0 0 0 0 0 0 0 0 0 0 0 0 0 0 0 0 0 0 0 0
0 0 0 0 0 0 0 0 0 0 0 0 0 0 0 0 0 0 0 0 0 0 0 0 0 0 0 0 0 0 0 0 0 0 0 0 0 0 0 0 0 0 0 0 0 0 0 0 0 0 0 0 0 0 0 0 0 0 0 0 0
0 0 0 0 0 0 0 0 0 0 0 0 0 0 0 0 0 0 0 0 0 0 0 0 0 0 0 0 0 0 0 0 0 0 0 0 0 0 0 0 0 0 0 0 0 0 0 0 0 0 0 0 0 0 0 0 0 0 0 0 0
0 0 0 0 0 0 0 0 0 0 0 0 0 0 0 0 0 0 0 0 0 0 0 0 0 0 0 0 0 0 0 0 0 0 0 0 0 0 0 0 0 0 0 0 0 0 0 0 0 0 0 0 0 0 0 0 0 0 0 0 0
0 0 0 0 0 0 0 0 0 0 0 0 0 0 0 0 0 0 0 0 0 0 0 0 0 0 0 0 0 0 0 0 0 0 0 0 0 0 0 0 0 0 0 0 0 0 0 0 0 0 0 0 0 0 0 0 0 0 0 0 0
0 0 0 0 0 0 0 0 0 0 0 0 0 0 0 0 0 0 0 0 0 0 0 0 0 0 0 0 0 0 0 0 0 0 0 0 0 0 0 0 0 0 0 0 0 0 0 0 0 0 0 0 0 0 0 0 0 0 0 0 0
0 0 0 0 0 0 0 0 0 0 0 0 0 0 0 0 0 0 0 0 0 0 0 0 0 0 0 0 0 0 0 0 0 0 0 0 0 0 0 0 0 0 0 0 0 0 0 0 0 0 0 0 0 0 0 0 0 0 0 0 0
0 0 0 0 0 0 0 0 0 0 0 0 0 0 0 0 0 0 0 0 0 0 0 0 0 0 0 0 0 0 0 0 0 0 0 0 0 0 0 0 0 0 0 0 0 0 0 0 0 0 0 0 0 0 0 0 0 0 0 0 0
0 0 0 0 0 0 0 0 0 0 0 0 0 0 0 0 0 0 0 0 0 0 0 0 0 0 0 0 0 0 0 0 0 0 0 0 0 0 0 0 0 0 0 0 0 0 0 0 0 0 0 0 0 0 0 0 0 0 0 0 0
0 0 0 0 0 0 0 0 0 0 0 0 0 0 0 0 0 0 0 0 0 0 0 0 0 0 0 0 0 0 0 0 0 0 0 0 0 0 0 0 0 0 0 0 0 0 0 0 0 0 0 0 0 0 0 0 0 0 0 0 0
0 0 0 0 0 0 0 0 0 0 0 0 0 0 0 0 0 0 0 0 0 0 0 0 0 0 0 0 0 0 0 0 0 0 0 0 0 0 0 0 0 0 0 0 0 0 0 0 0 0 0 0 0 0 0 0 0 0 0 0 0
0 0 0 0 0 0 0 0 0 0 0 0 0 0 0 0 0 0 0 0 0 0 0 0 0 0 0 0 0 0 0 0 0 0 0 0 0 0 0 0 0 0 0 0 0 0 0 0 0 0 0 0 0 0 0 0 0 0 0 0 0
0 0 0 0 0 0 0 0 0 0 0 0 0 0 0 0 0 0 0 0 0 0 0 0 0 0 0 0 0 0 0 0 0 0 0 0 0 0 0 0 0 0 0 0 0 0 0 0 0 0 0 0 0 0 0 0 0 0 0 0 0
0 0 0 0 0 0 0 0 0 0 0 0 0 0 0 0 0 0 0 0 0 0 0 0 0 0 0 0 0 0 0 0 0 0 0 0 0 0 0 0 0 0 0 0 0 0 0 0 0 0 0 0 0 0 0 0 0 0 0 0 0
0 0 0 0 0 0 0 0 0 0 0 0 0 0 0 0 0 0 0 0 0 0 0 0 0 0 0 0 0 0 0 0 0 0 0 0 0 0 0 0 0 0 0 0 0 0 0 0 0 0 0 0 0 0 0 0 0 0 0 0 0
0 0 0 0 0 0 0 0 0 0 0 0 0 0 0 0 0 0 0 0 0 0 0 0 0 0 0 0 0 0 0 0 0 0 0 0 0 0 0 0 0 0 0 0 0 0 0 0 0 0 0 0 0 0 0 0 0 0 0 0 0
0 0 0 0 0 0 0 0 0 0 0 0 0 0 0 0 0 0 0 0 0 0 0 0 0 0 0 0 0 0 0 0 0 0 0 0 0 0 0 0 0 0 0 0 0 0 0 0 0 0 0 0 0 0 0 0 0 0 0 0 0
0 0 0 0 0 0 0 0 0 0 0 0 0 0 0 0 0 0 0 0 0 0 0 0 0 0 0 0 0 0 0 0 0 0 0 0 0 0 0 0 0 0 0 0 0 0 0 0 0 0 0 0 0 0 0 0 0 0 0 0 0
0 0 0 0 0 0 0 0 0 0 0 0 0 0 0 0 0 0 0 0 0 0 0 0 0 0 0 0 0 0 0 0 0 0 0 0 0 0 0 0 0 0 0 0 0 0 0 0 0 0 0 0 0 0 0 0 0 0 0 0 0
0 0 0 0 0 0 0 0 0 0 0 0 0 0 0 0 0 0 0 0 0 0 0 0 0 0 0 0 0 0 0 0 0 0 0 0 0 0 0 0 0 0 0 0 0 0 0 0 0 0 0 0 0 0 0 0 0 0 0 0 0
0 0 0 0 0 0 0 0 0 0 0 0 0 0 0 0 0 0 0 0 0 0 0 0 0 0 0 0 0 0 0 0 0 0 0 0 0 0 0 0 0 0 0 0 0 0 0 0 0 0 0 0 0 0 0 0 0 0 0 0 0
0 0 0 0 0 0 0 0 0 0 0 0 0 0 0 0 0 0 0 0 0 0 0 0 0 0 0 0 0 0 0 0 0 0 0 0 0 0 0 0 0 0 0 0 0 0 0 0 0 0 0 0 0 0 0 0 0 0 0 0 0
0 0 0 0 0 0 0 0 0 0 0 0 0 0 0 0 0 0 0 0 0 0 0 0 0 0 0 0 0 0 0 0 0 0 0 0 0 0 0 0 0 0 0 0 0 0 0 0 0 0 0 0 0 0 0 0 0 0 0 0 0
0 0 0 0 0 0 0 0 0 0 0 0 0 0 0 0 0 0 0 0 0 0 0 0 0 0 0 0 0 0 0 0 0 0 0 0 0 0 0 0 0 0 0 0 0 0 0 0 0 0 0 0 0 0 0 0 0 0 0 0 0
0 0 0 0 0 0 0 0 0 0 0 0 0 0 0 0 0 0 0 0 0 0 0 0 0 0 0 0 0 0 0 0 0 0 0 0 0 0 0 0 0 0 0 0 0 0 0 0 0 0 0 0 0 0 0 0 0 0 0 0 0
0 0 0 0 0 0 0 0 0 0 0 0 0 0 0 0 0 0 0 0 0 0 0 0 0 0 0 0 0 0 0 0 0 0 0 0 0 0 0 0 0 0 0 0 0 0 0 0 0 0 0 0 0 0 0 0 0 0 0 0 0
0 0 0 0 0 0 0 0 0 0 0 0 0 0 0 0 0 0 0 0 0 0 0 0 0 0 0 0 0 0 0 0 0 0 0 0 0 0 0 0 0 0 0 0 0 0 0 0 0 0 0 0 0 0 0 0 0 0 0 0 0
0 0 0 0 0 0 0 0 0 0 0 0 0 0 0 0 0 0 0 0 0 0 0 0 0 0 0 0 0 0 0 0 0 0 0 0 0 0 0 0 0 0 0 0 0 0 0 0 0 0 0 0 0 0 0 0 0 0 0 0 0
0 0 0 0 0 0 0 0 0 0 0 0 0 0 0 0 0 0 0 0 0 0 0 0 0 0 0 0 0 0 0 0 0 0 0 0 0 0 0 0 0 0 0 0 0 0 0 0 0 0 0 0 0 0 0 0 0 0 0 0 0
0 0 0 0 0 0 0 0 0 0 0 0 0 0 0 0 0 0 0 0 0 0 0 0 0 0 0 0 0 0 0 0 0 0 0 0 0 0 0 0 0 0 0 0 0 0 0 0 0 0 0 0 0 0 0 0 0 0 0 0 0
0 0 0 0 0 0 0 0 0 0 0 0 0 0 0 0 0 0 0 0 0 0 0 0 0 0 0 0 0 0 0 0 0 0 0 0 0 0 0 0 0 0 0 0 0 0 0 0 0 0 0 0 0 0 0 0 0 0 0 0 0
0 0 0 0 0 0 0 0 0 0 0 0 0 0 0 0 0 0 0 0 0 0 0 0 0 0 0 0 0 0 0 0 0 0 0 0 0 0 0 0 0 0 0 0 0 0 0 0 0 0 0 0 0 0 0 0 0 0 0 0 0
0 0 0 0 0 0 0 0 0 0 0 0 0 0 0 0 0 0 0 0 0 0 0 0 0 0 0 0 0 0 0 0 0 0 0 0 0 0 0 0 0 0 0 0 0 0 0 0 0 0 0 0 0 0 0 0 0 0 0 0 0

I cap
1058.909090909091 1058.909090909091 918.9490909091105 918.9490909091239 906.8599999999958 881.5599999999768 677.3200000000495 775.420000000016 664.6999999999989 436.49999999998954 290.20000000002875 580.3400000000361 691.8599999999813 583.5199999999677 625.1400000000228 319.2290909091401 661.989090909103 693.1090909090942 571.1090909090774 463.1290909090996 381.02909090911515 476.62909090912245 512.9090909090817 706.8690909090615 465.6890909091201 434.6890909091259 208.2890909090766 621.4890909090723 757.4690909091034 817.8890909091137 530.3890909090894 517.2690909090686 699.9690909091019 624.5890909091243 138.8800000000001 196.45999999999896 359.7800000000005 432.1800000000066 438.4800000000077 516.9799999999891 356.6599999999931 297.38000000000375 409.96000000002834 588.4999999999891 639.0999999999606 535.9400000000185 665.0800000000343 861.6599999999769 747.1599999999718 721.180000000049 650.18000000005 752.7599999999507 752.5599999999683 774.9800000000655 917.5800000000709 1049.8599999999938 777.5690909090649 904.349090909097 963.149090909091 1058.909090909091 1058.909090909091
107.96969696969697 107.96969696969697 67.52969696969697 67.52969696969697 66.93999999999997 75.43999999999997 22.679999999999715 24.579999999999927 45.30000000000061 57.499999999999886 35.80000000000029 73.66000000000018 92.1399999999997 52.47999999999973 38.85999999999993 19.649696969697253 59.88969696969675 58.769696969697506 56.7696969696973 1.7496969696969482 6.849696969697192 6.249696969696964 8.969696969697111 28.009696969696993 13.18969696969718 81.18969696969727 38.58969696969683 61.38969696969683 85.4096969696969 93.98969696969704 11.489696969696954 1.6096969696967687 42.90969696969687 38.289696969697076 37.12000000000005 31.540000000000166 41.22 27.820000000000164 1.5199999999997966 7.02000000000008 53.340000000000344 38.61999999999996 26.039999999999942 40.499999999999915 47.8999999999999 31.059999999999828 32.92 83.33999999999983 43.83999999999983 44.819999999999986 42.81999999999998 13.239999999999682 23.440000000000055 39.619999999999806 40.01999999999953 34.939999999999955 53.30969696969686 91.52969696969694 95.72969696969697 107.96969696969697 107.96969696969697
38.96666666666666 38.96666666666666 14.033333333333328 14.033333333333328 27.96666666666666 14.658333333333335 6.958333333333332 4.158333333333335 5.558333333333341 24.53333333333334 9.133333333333333 22.400000000000002 10.5 14.733333333333341 2.833333333333334 17.299999999999997 24.96666666666667 17.300000000000004 10.299999999999997 17.299999999999997 17.299999999999997 17.299999999999997 17.299999999999997 24.96666666666667 31.96666666666667 10.300000000000002 17.300000000000004 17.300000000000004 26.291666666666668 4.6250000000000036 4.6250000000000036 4.6250000000000036 24.299999999999997 24.299999999999997 2.1333333333333346 11.899999999999999 4.199999999999999 1.4333333333333353 5.633333333333331 9.133333333333333 30.799999999999997 25.900000000000006 39.9 32.2 21.73333333333335 12.633333333333331 23.83333333333335 22.433333333333373 23.133333333333333 17.533333333333353 27.333333333333336 7.658333333333347 18.15833333333334 4.391666666666669 13.491666666666692 36.36666666666669 38.96666666666667 38.96666666666666 38.96666666666666 38.96666666666666 38.96666666666666
45.24545454545453 45.24545454545453 43.14545454545453 37.195454545454524 19.870000000000086 27.490000000000098 25.420000000000545 27.510000000001153 24.710000000000278 24.86000000000039 22.06000000000061 18.79000000000012 20.48000000000018 10.130000000000189 6.740000000000018 19.905454545454752 30.665454545454917 32.005454545454974 29.13545454545553 25.8354545454549 23.365454545454945 22.595454545455034 28.715454545455362 39.585454545455775 34.125454545455156 26.695454545455075 19.015454545455203 22.545454545454994 29.16545454545502 28.73545454545498 23.265454545454944 22.88545454545495 28.905454545455004 22.525454545455073 20.27000000000026 19.90000000000013 23.250000000000146 22.75000000000017 20.55000000000068 31.320000000000082 22.040000000001136 31.640000000000843 34.87000000000012 32.67000000000042 34.38000000000034 26.340000000000725 24.670000000000243 28.590000000000362 22.140000000000313 30.20000000000036 36.52000000000007 37.92000000000016 41.84999999999998 38.050000000000104 29.53000000000063 37.04000000000043 41.115454545454526 42.935454545454526 44.615454545454526 45.24545454545453 45.24545454545453
20.999999999999993 20.999999999999993 20.159999999999993 19.80999999999999 9.90999999999999 19.18999999999999 13.289999999999921 12.529999999999777 10.159999999999847 10.559999999999942 14.729999999999892 14.749999999999988 12.479999999999976 9.199999999999982 5.560000000000082 4.229999999999978 13.84999999999997 17.019999999999946 14.619999999999974 11.519999999999897 6.93999999999987 6.479999999999938 4.4099999999999895 11.409999999999897 14.399999999999949 14.199999999999946 7.129999999999953 10.049999999999999 11.619999999999976 11.199999999999992 5.8700000000000205 6.570000000000022 10.539999999999996 7.210000000000033 6.230000000000018 10.50999999999996 9.689999999999964 9.369999999999827 5.879999999999889 3.640000000000051 4.469999999999902 11.48000000000001 10.909999999999975 9.56000000000004 6.710000000000052 5.389999999999967 11.409999999999986 14.720000000000041 13.149999999999979 5.529999999999964 6.509999999999977 9.100000000000048 9.68999999999996 10.97000000000003 12.249999999999677 12.559999999999897 13.869999999999969 17.54999999999999 20.789999999999992 20.999999999999993 20.999999999999993
345.75757575757575 345.75757575757575 341.76757575757574 341.76757575757574 243.18 234.73882352941195 269.49058823529356 229.94941176470505 285.7805882352957 204.36941176470847 186.05058823529376 165.07941176470544 274.1505882352967 272.1805882352962 202.90882352941202 201.40816399286754 266.23816399287034 289.9963992869882 264.416987522284 251.2675757575765 234.16757575757632 233.39757575757596 265.6687522281652 296.33816399287275 283.69639928698757 243.09698752228195 177.4175757575765 182.8075757575762 225.09757575757686 185.50757575757527 183.4175757575764 208.59757575757718 239.4375757575757 196.19757575757546 96.36000000000035 185.2200000000002 202.58999999999986 220.81999999999988 183.87999999999954 200.01117647058936 250.64058823529484 307.22882352941406 207.5894117647075 267.39117647059004 273.9694117647073 175.1094117647052 231.55000000000004 291.6711764705908 319.2105882352973 297.0688235294142 236.20941176470689 226.66000000000207 289.04000000000167 306.7700000000027 315.1300000000028 329.7311764705893 316.9081639928696 341.76757575757574 341.76757575757574 345.75757575757575 345.75757575757575
779.7575757575758 779.7575757575758 747.8375757575758 747.8375757575758 614.3500000000001 636.5600000000002 722.39 736.1500000000003 840.0899999999998 666.089999999999 609.4000000000001 703.1199999999991 665.3900000000006 546.7499999999999 565.83 523.1575757575752 697.2775757575763 729.3775757575766 612.3575757575762 508.2475757575757 481.91757575757265 471.66757575757515 531.0575757575771 675.1075757575751 598.4675757575759 494.77757575757573 509.10757575757583 567.2175757575756 622.7575757575755 655.8675757575728 630.9875757575742 670.367575757576 629.8875757575739 493.0675757575716 357.9999999999947 570.3500000000001 748.2899999999998 707.39 590.2799999999983 555.8599999999977 556.8400000000019 653.6299999999981 639.0899999999996 526.9699999999998 405.63000000000034 457.03999999999394 639.2599999999952 646.7500000000027 599.2500000000005 577.4299999999944 565.3799999999989 622.7200000000001 657.7099999999995 596.0099999999992 528.3199999999987 529.2300000000022 721.8075757575762 745.4075757575757 764.8475757575758 779.7575757575758 779.7575757575758
80.73333333333335 80.73333333333335 79.26333333333335 78.56333333333335 65.97999999999999 87.22 73.79666666666667 75.22 78.52333333333331 86.53999999999999 71.40666666666667 82.18333333333334 91.82666666666667 81.64999999999998 73.92 67.46666666666654 76.7833333333332 78.49333333333323 76.69333333333334 67.96000000000001 65.30333333333331 64.85333333333331 65.64333333333337 73.77666666666661 76.63333333333331 72.32999999999994 69.4966666666667 75.19333333333331 72.96 72.79666666666668 67.86000000000001 66.03333333333333 69.33333333333331 68.0733333333332 34.83000000000018 57.909999999999144 72.05333333333303 72.5599999999996 66.06666666666453 65.90999999999998 70.82333333333327 77.44000000000001 76.45000000000002 81.75999999999998 77.93666666666668 76.68 73.69000000000001 72.66 69.19333333333323 69.82999999999936 70.6399999999994 63.99666666666627 59.21999999999936 60.89333333333282 58.26666666666598 51.87999999999964 73.62666666666668 78.18333333333335 80.10333333333335 80.73333333333335 80.73333333333335
10.775757575757575 10.775757575757575 9.725757575757575 9.725757575757576 4.650000000000002 3.95 0.05000000000000071 5.350000000000002 9.799999999999997 3.5000000000000018 2.8000000000000007 5.2499999999999964 1.7500000000000004 2.1999999999999966 2.169999999999999 0.15575757575756732 4.385757575757567 10.775757575757577 10.77575757575758 4.125757575757577 2.1257575757575884 1.4257575757575731 0.09575757575757304 3.2957575757575777 5.095757575757571 3.485757575757567 1.5957575757575757 2.0557575757575757 6.035757575757575 0.15575757575757976 1.1857575757575765 5.575757575757579 5.975757575757579 1.5157575757575736 1.2199999999999989 1.8100000000000047 0.010000000000010445 3.420000000000026 0.6200000000000072 0.5400000000000142 3.4899999999999993 3.6500000000000004 0.19000000000000128 13.489999999999984 9.299999999999997 0.7000000000000046 7.699999999999991 6.399999999999985 8.499999999999996 7.670000000000015 1.2799999999999978 2.66 5.7900000000000285 5.000000000000055 1.6400000000000023 3.6400000000000095 7.025757575757585 10.775757575757574 10.775757575757575 10.775757575757575 10.775757575757575
2.545454545454545 2.545454545454545 1.915454545454545 1.915454545454545 1.96 0.5599999999999999 0.5500000000000037 0.12000000000000077 1.2400000000000606 1.2600000000000007 1.54 0.1399999999999999 0.5599999999999999 0.3600000000000002 0.03000000000000025 0.4454545454545461 0.08545454545457454 0.2054545454545481 0.5954545454545482 0.9254545454545572 1.1954545454545507 1.1954545454545586 1.9154545454545544 1.7054545454545522 1.7054545454545584 0.025454545454549615 0.5354545454545513 1.195454545454552 1.1954545454545569 1.28545454545455 0.29545454545456074 0.9854545454545568 0.9854545454545537 0.025454545454553168 0.7900000000000168 1.4500000000000202 1.4500000000000237 0.8400000000000006 1.540000000000016 0.5599999999999999 0.700000000000001 0.09000000000000052 1.030000000000046 0.04999999999999993 0.2700000000000008 0.8200000000000028 0.12000000000000077 2.250000000000017 0.4600000000000043 0.4300000000000218 2.940000000000018 1.96000000000002 0.7000000000000107 2.1900000000000066 0.1300000000000041 0.010000000000005671 0.865454545454546 1.1954545454546106 1.915454545454545 2.545454545454545 2.545454545454545
8.515433299825174 8.515433299825174 8.515433299825174 8.1524568932916 5.710742988505744 6.327601206896523 5.658362959770109 7.3547788505745775 8.173445804597456 6.7453632471261615 7.427821666666251 7.97164040229865 7.154429425287117 4.992314885057464 5.217779913793084 5.035690977011485 6.216681609195373 6.625682931034463 5.45231442528735 4.015170086206886 4.959929090909106 5.035367758620662 5.556097441016282 6.138911781609189 5.245278880822741 4.144681666666663 3.7359031034482433 6.3097894827584025 6.907342931034326 6.151811034482714 7.364365344827298 6.49333862068942 5.31108603448274 3.886835201149409 8.332616436781542 9.878398620689655 4.996440344827583 5.814515862068951 4.548962413793101 5.202842758620684 5.631914195402309 4.110223448275839 4.406435459770037 4.071080544464594 4.784162444041081 4.944969597701084 4.434518103448295 4.411964137930996 4.788742126436809 4.969361379310451 5.8892140804597375 4.632749999999972 6.061649827586139 5.965348103448245 6.864844482758496 4.40686226860254 6.934973357296435 7.653364161894137 8.515433299825174 8.515433299825174 8.515433299825174
700.0 700.0 699.0 696.0 686.0 687.0 678.0 685.0 679.0 681.0 681.0 683.0 686.0 684.0 678.0 676.0 683.0 686.0 684.0 679.0 687.0 680.0 685.0 684.0 681.0 679.0 683.0 687.0 683.0 679.0 683.0 684.0 684.0 683.0 679.0 686.0 686.0 684.0 682.0 686.0 685.0 679.0 679.0 688.0 687.0 685.0 684.0 678.0 685.0 680.0 683.0 679.0 681.0 681.0 685.0 681.0 691.0 691.0 700.0 700.0 697.0

H cap
-1.75 -12.25 -1.75 -12.25 5.25 -5.25 -1.75 -5.25 5.25 -1.75 12.25 33.25 78.75 15.75 15.75 26.25 26.25 5.25 5.25 36.75 5.25 8.75 15.75 12.25 47.25 43.75 33.25 19.25 5.25 54.25 43.75 22.75 5.25 -5.25 29.75 19.25 47.25 43.75 -1.75 1.75 26.25 57.75 71.75 40.25 36.75 54.25 33.25 15.75 5.25 -19.25 22.75 -12.25 -1.75 131.25 131.25 131.25 131.25 131.25 131.25 131.25 131.25
28.5 25.5 25.5 15.0 21.5 25.5 16.0 19.5 18.5 5.5 8.5 11.0 24.0 30.5 29.0 12.0 6.0 5.5 0.5 18.0 35.0 22.5 7.5 19.0 19.0 13.5 12.0 6.5 18.5 13.0 7.0 14.5 16.5 17.5 8.0 8.0 30.5 31.0 16.0 18.0 20.0 14.5 10.5 10.5 17.0 28.0 23.5 11.5 14.5 23.5 18.5 1.5 21.5 52.5 52.5 52.5 52.5 52.5 52.5 52.5 52.5
45.5 45.5 52.5 49.0 45.5 38.5 42.0 49.0 49.0 42.0 31.5 38.5 49.0 49.0 52.5 45.5 49.0 45.5 38.5 45.5 45.5 38.5 38.5 45.5 49.0 45.5 42.0 42.0 49.0 49.0 42.0 45.5 45.5 49.0 49.0 42.0 49.0 42.0 38.5 45.5 49.0 45.5 45.5 49.0 45.5 45.5 42.0 42.0 45.5 49.0 52.5 49.0 52.5 63.0 63.0 63.0 63.0 63.0 63.0 63.0 63.0
1.25 -3.25 3.25 -2.75 1.75 -2.25 -0.25 -20.75 0.25 7.75 -19.25 -3.75 46.75 -8.25 -1.25 9.75 6.25 3.75 1.25 14.75 -9.75 0.25 13.25 -0.75 -1.25 2.25 -0.75 5.25 -1.75 5.75 3.25 0.75 0.75 -3.75 3.25 8.75 0.25 -7.75 -0.75 0.25 2.25 -2.75 -1.25 -2.25 8.75 -0.75 0.75 -0.75 2.25 -3.75 3.75 -0.25 11.25 78.75 78.75 78.75 78.75 78.75 78.75 78.75 78.75

Gap
NaN

Time
NaN

