T P M C
61 37 4 12

base obj
12.274254997875687

exp obj
11.166475562132256

Objective struct
12.274254997875687 0.0 7.8431372549019605

num campaigns
370

x
0 0 0 0 0 0 1 0 0 0 0 0 0 0 0 1 0 0 0 1 0 0 0 0 1 0 0 1 0 1 0 1 0 1 0 1 0 1 0 0 0 0 1 0 0 0 0 0 0 0 0 1 0 0 0 1 0 0 0 0 0
0 0 0 0 0 0 0 0 0 0 0 0 0 0 0 0 0 0 0 0 0 0 1 0 0 0 0 0 0 0 0 0 0 0 0 0 0 0 0 1 0 0 0 0 0 0 0 0 0 0 0 1 0 0 0 0 0 0 0 0 0
0 0 0 0 0 0 0 0 1 0 0 0 1 0 0 0 1 0 0 0 0 0 0 0 0 1 0 0 0 1 0 0 0 0 0 0 1 0 0 0 1 0 0 0 1 0 0 0 0 1 0 0 0 0 1 0 0 0 0 0 0
0 0 0 0 0 0 1 1 1 1 1 1 1 1 1 0 1 1 0 0 0 0 0 0 0 0 0 0 0 0 0 0 0 0 0 0 0 0 0 0 0 0 0 0 0 0 0 0 0 0 0 0 0 0 0 0 0 0 0 0 0
0 0 0 0 0 0 0 0 0 0 1 1 1 1 1 0 1 1 1 1 1 0 1 0 0 1 1 1 1 0 1 0 0 0 0 0 1 0 0 0 0 0 0 0 0 0 0 0 0 0 0 0 0 0 0 0 0 0 0 0 0
0 0 0 0 0 0 0 0 0 0 0 0 1 0 0 0 0 0 0 0 0 0 0 0 0 0 0 0 0 0 0 0 0 0 0 0 0 0 0 0 1 0 0 0 0 0 0 0 0 0 0 0 0 0 0 0 0 0 0 0 0
0 0 0 0 0 0 0 1 0 0 1 0 1 0 1 0 1 0 1 0 0 0 1 0 1 0 1 0 1 0 1 0 1 0 0 0 0 0 0 0 0 0 0 0 0 0 0 0 0 0 0 0 0 0 0 0 0 0 0 0 0
0 0 0 0 0 0 0 0 1 0 0 0 0 0 0 0 0 0 0 0 0 1 0 0 0 0 0 0 0 0 0 0 0 0 1 0 0 0 0 0 0 0 0 0 0 0 0 0 0 1 0 0 0 0 0 0 0 0 0 0 0
0 0 0 0 0 0 0 0 0 0 1 0 0 0 0 0 0 0 0 0 0 0 0 0 0 0 0 0 0 0 0 0 0 0 0 0 0 0 0 0 0 0 0 0 0 0 0 0 0 0 0 0 0 1 0 0 0 0 0 0 0
0 0 0 0 0 0 0 0 0 0 0 1 0 0 0 0 1 0 1 0 0 0 0 0 0 0 1 0 1 0 0 1 0 0 0 0 0 0 0 1 0 0 0 1 0 1 0 0 0 0 0 0 1 0 0 0 0 0 0 0 0
0 0 0 0 1 0 0 0 0 0 0 0 0 0 1 0 0 0 0 0 0 0 0 0 1 0 0 0 0 0 0 0 0 0 0 0 0 1 0 0 0 0 0 0 0 0 0 1 0 0 0 0 0 0 0 0 0 0 0 0 0
0 0 0 0 1 0 0 0 0 0 0 0 0 0 0 0 0 0 0 0 0 0 0 1 0 0 0 0 0 0 0 0 0 0 0 0 0 0 0 0 1 0 0 0 0 0 0 0 0 0 0 0 0 0 0 1 0 0 0 0 0
0 0 0 0 0 0 0 0 0 0 0 0 0 0 0 0 0 0 1 0 0 0 0 0 0 0 0 0 0 0 0 0 0 0 0 0 0 0 0 0 0 0 0 0 0 0 0 0 0 1 0 0 0 0 0 0 0 0 0 0 0
0 0 0 0 1 0 0 0 0 0 1 0 0 0 0 0 0 1 0 0 0 0 0 0 0 1 0 0 0 0 0 0 0 0 1 0 0 0 0 0 0 0 0 0 1 0 0 0 0 0 1 0 0 0 0 1 0 0 0 0 0
0 0 0 0 0 0 0 0 0 0 0 0 0 0 0 0 0 0 0 0 1 0 0 0 0 0 0 0 0 0 0 0 0 0 0 0 0 0 0 0 0 0 0 0 0 0 0 0 1 0 0 0 0 0 0 0 0 0 0 0 0
0 0 0 0 1 0 0 0 0 0 0 0 0 0 0 0 0 0 0 0 0 0 0 0 0 0 0 0 0 0 0 0 0 0 0 0 0 0 0 0 0 0 0 0 0 0 0 0 0 0 0 0 0 0 0 0 0 0 0 0 0
0 0 0 0 0 0 0 0 0 0 0 0 0 1 0 0 0 0 0 0 0 0 0 0 0 0 0 1 0 0 0 0 0 0 0 0 0 0 0 0 0 0 0 0 0 0 0 0 0 0 0 0 1 0 0 0 0 0 0 0 0
0 0 0 0 1 0 0 0 0 0 0 0 0 0 0 0 0 0 0 0 0 0 0 0 0 1 0 0 0 0 0 0 0 0 0 0 0 0 0 0 0 0 0 0 0 0 1 0 0 0 0 0 0 0 0 0 0 0 0 0 0
0 0 0 0 0 0 0 0 1 0 1 0 0 1 0 1 0 1 0 1 0 0 1 0 0 0 1 0 1 0 1 0 1 0 0 1 0 1 0 1 0 1 0 1 0 0 1 0 1 0 1 0 1 0 1 0 0 0 0 0 0
0 0 0 0 1 0 0 0 0 0 0 0 0 0 0 0 0 0 0 0 0 0 0 0 0 0 0 0 0 0 0 0 0 0 0 0 0 0 0 0 0 0 0 0 0 0 0 0 0 0 0 0 0 0 0 1 0 0 0 0 0
0 0 0 0 0 0 1 0 0 1 0 0 0 1 0 0 1 0 0 0 0 0 0 0 0 1 0 0 1 0 0 1 0 0 0 0 0 0 1 0 0 1 0 0 1 0 0 1 0 0 1 0 0 0 0 0 0 0 0 0 0
0 0 0 0 0 0 0 0 0 0 0 0 0 0 0 0 0 0 0 0 0 0 0 0 0 0 0 0 0 0 0 0 0 0 0 0 0 0 0 0 0 0 0 0 0 0 0 0 0 0 0 0 0 0 0 0 0 0 0 0 0
0 0 0 0 0 0 1 0 0 0 0 0 0 0 0 0 0 0 0 0 0 0 0 1 0 0 0 0 0 0 0 0 0 0 0 0 0 0 1 0 0 0 0 0 0 0 0 0 0 0 0 0 0 1 0 0 0 0 0 0 0
0 0 0 0 0 0 0 0 0 0 0 0 0 0 1 0 0 0 0 0 0 0 0 0 0 0 0 0 0 0 1 0 0 0 0 0 1 0 0 0 0 0 1 0 0 0 0 0 1 0 0 0 0 0 0 0 0 0 0 0 0
0 0 0 0 0 0 0 0 1 0 0 0 0 0 0 0 0 0 0 0 0 1 0 0 0 0 0 0 0 0 0 0 1 0 0 0 0 0 0 0 0 0 0 0 0 0 1 0 0 0 0 0 0 0 0 0 0 0 0 0 0
0 0 0 0 1 0 0 0 0 1 0 0 0 1 0 0 0 1 0 0 0 1 0 0 0 1 0 0 0 1 0 0 0 0 0 0 0 0 0 0 1 0 0 0 0 0 0 0 0 0 0 0 0 0 0 0 0 0 0 0 0
0 0 0 0 0 1 0 0 0 0 0 1 0 0 0 1 0 0 0 0 0 0 0 1 0 0 0 0 0 1 0 0 0 0 1 0 0 0 1 0 0 0 0 0 0 0 1 0 0 0 1 0 0 0 1 0 0 0 0 0 0
0 0 0 0 1 0 0 0 0 0 0 0 0 0 0 0 0 0 0 0 0 0 0 0 0 0 0 0 0 0 0 0 0 0 0 0 0 0 0 0 0 0 0 0 0 0 0 0 0 0 0 0 0 0 0 1 0 0 0 0 0
0 0 0 0 0 0 0 0 0 0 0 0 0 0 0 0 0 0 0 0 0 0 0 0 0 0 0 0 0 0 0 0 0 0 0 0 0 0 0 0 0 1 0 0 1 0 0 0 0 0 0 0 0 0 0 0 0 0 0 0 0
0 0 0 0 0 0 1 1 1 1 1 1 1 1 1 1 0 1 1 1 0 0 1 1 0 1 1 1 1 1 1 1 1 1 1 1 1 1 1 1 1 1 1 1 1 1 1 1 1 1 1 1 1 1 0 0 0 0 0 0 0
0 0 0 0 0 0 1 1 0 1 1 1 1 1 1 1 1 1 1 1 0 0 1 1 0 1 1 1 1 1 1 1 1 1 1 1 1 1 1 1 0 1 1 1 1 1 1 1 0 0 1 1 1 1 0 0 0 0 0 0 0
0 0 0 0 0 0 1 1 0 1 1 1 1 0 1 1 1 1 1 1 0 0 1 1 0 1 1 1 1 0 1 1 0 1 1 1 1 1 1 1 1 1 1 1 1 1 1 1 0 0 1 1 1 1 0 0 0 0 0 0 0
0 0 0 0 0 0 1 0 0 0 1 0 0 0 1 0 1 0 1 1 0 0 1 0 0 1 1 1 1 0 0 0 0 1 1 1 1 0 1 0 0 0 0 1 1 1 0 1 0 0 0 1 0 0 0 0 0 0 0 0 0
0 0 0 0 0 0 1 0 0 0 1 1 0 0 1 0 0 1 1 1 0 0 1 0 0 1 1 1 1 1 1 0 0 1 1 1 1 0 0 1 1 0 1 1 1 1 1 1 0 0 1 1 1 0 0 0 0 0 0 0 0
0 0 0 0 0 0 0 0 0 0 1 1 0 0 0 0 1 0 1 1 0 0 1 0 0 1 1 0 0 0 0 0 0 1 0 0 0 0 0 1 0 0 0 1 0 0 1 0 0 0 0 0 0 0 0 0 0 0 0 0 0
0 0 0 0 0 0 0 0 0 0 0 0 0 0 0 0 0 0 0 0 0 0 0 0 0 0 0 0 0 0 0 0 0 0 0 0 0 0 0 0 0 0 0 0 0 1 0 1 0 0 0 0 0 0 0 0 0 0 0 0 0
0 0 0 0 0 0 0 0 0 0 0 0 0 0 0 0 0 0 0 0 0 0 0 0 0 0 0 0 0 0 0 0 0 0 0 0 0 0 0 0 0 0 0 0 0 0 0 0 0 0 0 0 0 0 0 0 0 0 0 0 0

y
0.0 7.363636363636363 0.0 0.0 0.0 23.363636363636363 0.0 0.0 0.0 0.1785714285714286 0.0 0.0 26.363636363636363 0.0 19.5 0.0 3.8000000000000007 0.0 0.0 0.0 0.0 0.0 0.0 0.33333333333333304 0.8000000000000007 0.0 0.0 0.0 0.4500000000000002 0.0 0.0 0.0 0.5048543689320388 0.0 0.0 1.0 0.0

k
0 9 3 0 0 10 0 0 0 19 0 0 10 3 5 0 3 0 4 0 0 6 0 5 2 0 0 0 19 8 11 13 83 23 40 50 6

f
5.25 22.75 0.0 0.0 0.0 0.0 0.0 0.0 0.0 0.0 0.0 1.75 12.25 0.0 0.0 0.0 5.25 0.0 0.0 0.0 5.25 8.75 0.0 0.0 0.0 1.75 0.0 0.0 0.0 0.0 0.0 1.75 0.0 0.0 5.25 0.0 0.0 0.0 0.0 0.0 0.0 0.0 0.0 0.0 0.0 5.25 0.0 0.0 0.0 0.0 0.0 15.75 0.0 0.0 0.0 0.0 0.0 0.0 0.0 0.0 0.0
0.0 0.0 0.0 0.0 0.0 0.0 0.0 7.5 0.0 0.0 0.0 0.0 0.0 0.0 1.0 4.5 0.0 0.0 0.0 0.0 0.0 0.0 2.0 1.5 0.0 0.0 0.0 0.0 0.0 0.0 0.0 0.0 0.0 0.0 0.0 0.0 0.0 0.0 0.0 0.0 0.0 0.0 0.0 0.0 0.0 0.0 0.0 0.0 0.0 0.0 0.0 0.0 0.0 0.0 0.0 0.0 0.0 0.0 0.0 0.0 0.0
0.0 0.0 0.0 0.0 0.0 0.0 0.0 0.0 0.0 0.0 0.0 0.0 0.0 0.0 0.0 0.0 0.0 0.0 0.0 0.0 0.0 0.0 0.0 0.0 0.0 0.0 0.0 0.0 0.0 0.0 0.0 0.0 0.0 0.0 0.0 0.0 0.0 0.0 0.0 0.0 0.0 0.0 0.0 0.0 0.0 0.0 0.0 0.0 0.0 0.0 0.0 0.0 0.0 0.0 0.0 0.0 0.0 0.0 0.0 0.0 0.0
0.0 3.75 0.0 1.75 2.25 8.75 0.0 0.25 0.0 5.75 2.25 1.25 0.0 0.0 0.0 0.0 0.0 12.75 1.25 1.25 2.25 1.75 0.25 0.0 0.0 0.0 7.75 0.0 6.25 0.0 0.25 1.25 0.0 0.0 2.75 0.25 2.25 1.25 1.75 0.0 2.25 0.0 1.75 0.0 0.0 19.25 0.0 1.25 0.0 0.25 0.0 5.75 0.0 0.0 0.0 0.0 0.0 0.0 0.0 0.0 0.0

L
2 12 4 1 1 28 2 13 43 2 10 15 31 5 28 0 14 21 2 51 3 0 15 6 11 4 4 51 3 1 1 1 1 1 1 2 0

g
0 0 0 0 0 0 0 0 0 0 0 0 0 0 0 0 0 0 0 0 0 0 0 0 0 0 0 0 0 0 0 0 0 0 0 0 0 0 0 0 0 0 0 0 0 0 0 0 0 0 0 0 0 0 0 0 0 0 0 0 0
0 0 0 0 0 0 0 0 0 0 0 0 0 0 0 0 0 0 0 0 0 0 0 0 0 0 0 0 0 0 0 0 0 0 0 0 0 0 0 0 0 0 0 0 0 0 0 0 0 0 0 0 0 0 0 0 0 0 0 0 0
0 0 0 0 0 0 0 0 0 0 0 0 0 0 0 0 0 0 0 0 0 0 0 0 0 0 0 0 0 0 0 0 0 0 0 0 0 0 0 0 0 0 0 0 0 0 0 0 0 0 0 0 0 0 0 0 0 0 0 0 0
0 0 0 0 0 0 0 0 0 0 0 0 0 0 0 0 0 0 0 0 0 0 0 0 0 0 0 0 0 0 0 0 0 0 0 0 0 0 0 0 0 0 0 0 0 0 0 0 0 0 0 0 0 0 0 0 0 0 0 0 0
0 0 0 0 0 0 0 0 0 0 0 0 0 0 0 0 0 0 0 0 0 0 0 0 0 0 0 0 0 0 0 0 0 0 0 0 0 0 0 0 0 0 0 0 0 0 0 0 0 0 0 0 0 0 0 0 0 0 0 0 0
0 0 0 0 0 0 0 0 0 0 0 0 0 0 0 0 0 0 0 0 0 0 0 0 0 0 0 0 0 0 0 0 0 0 0 0 0 0 0 0 0 0 0 0 0 0 0 0 0 0 0 0 0 0 0 0 0 0 0 0 0
0 0 0 0 0 0 0 0 0 0 0 0 0 0 0 0 0 0 0 0 0 0 0 0 0 0 0 0 0 0 0 0 0 0 0 0 0 0 0 0 0 0 0 0 0 0 0 0 0 0 0 0 0 0 0 0 0 0 0 0 0
0 0 0 0 0 0 0 0 0 0 0 0 0 0 0 0 0 0 0 0 0 0 0 0 0 0 0 0 0 0 0 0 0 0 0 0 0 0 0 0 0 0 0 0 0 0 0 0 0 0 0 0 0 0 0 0 0 0 0 0 0
0 0 0 0 0 0 0 0 0 0 0 0 0 0 0 0 0 0 0 0 0 0 0 0 0 0 0 0 0 0 0 0 0 0 0 0 0 0 0 0 0 0 0 0 0 0 0 0 0 0 0 0 0 0 0 0 0 0 0 0 0
0 0 0 0 0 0 0 0 0 0 0 0 0 0 0 0 0 0 0 0 0 0 0 0 0 0 0 0 0 0 0 0 0 0 0 0 0 0 0 0 0 0 0 0 0 0 0 0 0 0 0 0 0 0 0 0 0 0 0 0 0
0 0 0 0 0 0 0 0 0 0 0 0 0 0 0 0 0 0 0 0 0 0 0 0 0 0 0 0 0 0 0 0 0 0 0 0 0 0 0 0 0 0 0 0 0 0 0 0 0 0 0 0 0 0 0 0 0 0 0 0 0
0 0 0 0 0 0 0 0 0 0 0 0 0 0 0 0 0 0 0 0 0 0 0 0 0 0 0 0 0 0 0 0 0 0 0 0 0 0 0 0 0 0 0 0 0 0 0 0 0 0 0 0 0 0 0 0 0 0 0 0 0
0 0 0 0 0 0 0 0 0 0 0 0 0 0 0 0 0 0 0 0 0 0 0 0 0 0 0 0 0 0 0 0 0 0 0 0 0 0 0 0 0 0 0 0 0 0 0 0 0 0 0 0 0 0 0 0 0 0 0 0 0
0 0 0 0 0 0 0 0 0 0 0 0 0 0 0 0 0 0 0 0 0 0 0 0 0 0 0 0 0 0 0 0 0 0 0 0 0 0 0 0 0 0 0 0 0 0 0 0 0 0 0 0 0 0 0 0 0 0 0 0 0
0 0 0 0 0 0 0 0 0 0 0 0 0 0 0 0 0 0 0 0 0 0 0 0 0 0 0 0 0 0 0 0 0 0 0 0 0 0 0 0 0 0 0 0 0 0 0 0 0 0 0 0 0 0 0 0 0 0 0 0 0
0 0 0 0 0 0 0 0 0 0 0 0 0 0 0 0 0 0 0 0 0 0 0 0 0 0 0 0 0 0 0 0 0 0 0 0 0 0 0 0 0 0 0 0 0 0 0 0 0 0 0 0 0 0 0 0 0 0 0 0 0
0 0 0 0 0 0 0 0 0 0 0 0 0 0 0 0 0 0 0 0 0 0 0 0 0 0 0 0 0 0 0 0 0 0 0 0 0 0 0 0 0 0 0 0 0 0 0 0 0 0 0 0 0 0 0 0 0 0 0 0 0
0 0 0 0 0 0 0 0 0 0 0 0 0 0 0 0 0 0 0 0 0 0 0 0 0 0 0 0 0 0 0 0 0 0 0 0 0 0 0 0 0 0 0 0 0 0 0 0 0 0 0 0 0 0 0 0 0 0 0 0 0
0 0 0 0 0 0 0 0 0 0 0 0 0 0 0 0 0 0 0 0 0 0 0 0 0 0 0 0 0 0 0 0 0 0 0 0 0 0 0 0 0 0 0 0 0 0 0 0 0 0 0 0 0 0 0 0 0 0 0 0 0
0 0 0 0 0 0 0 0 0 0 0 0 0 0 0 0 0 0 0 0 0 0 0 0 0 0 0 0 0 0 0 0 0 0 0 0 0 0 0 0 0 0 0 0 0 0 0 0 0 0 0 0 0 0 0 0 0 0 0 0 0
0 0 0 0 0 0 0 0 0 0 0 0 0 0 0 0 0 0 0 0 0 0 0 0 0 0 0 0 0 0 0 0 0 0 0 0 0 0 0 0 0 0 0 0 0 0 0 0 0 0 0 0 0 0 0 0 0 0 0 0 0
0 0 0 0 0 0 0 0 0 0 0 0 0 0 0 0 0 0 0 0 0 0 0 0 0 0 0 0 0 0 0 0 0 0 0 0 0 0 0 0 0 0 0 0 0 0 0 0 0 0 0 0 0 0 0 0 0 0 0 0 0
0 0 0 0 0 0 0 0 0 0 0 0 0 0 0 0 0 0 0 0 0 0 0 0 0 0 0 0 0 0 0 0 0 0 0 0 0 0 0 0 0 0 0 0 0 0 0 0 0 0 0 0 0 0 0 0 0 0 0 0 0
0 0 0 0 0 0 0 0 0 0 0 0 0 0 0 0 0 0 0 0 0 0 0 0 0 0 0 0 0 0 0 0 0 0 0 0 0 0 0 0 0 0 0 0 0 0 0 0 0 0 0 0 0 0 0 0 0 0 0 0 0
0 0 0 0 0 0 0 0 0 0 0 0 0 0 0 0 0 0 0 0 0 0 0 0 0 0 0 0 0 0 0 0 0 0 0 0 0 0 0 0 0 0 0 0 0 0 0 0 0 0 0 0 0 0 0 0 0 0 0 0 0
0 0 0 0 0 0 0 0 0 0 0 0 0 0 0 0 0 0 0 0 0 0 0 0 0 0 0 0 0 0 0 0 0 0 0 0 0 0 0 0 0 0 0 0 0 0 0 0 0 0 0 0 0 0 0 0 0 0 0 0 0
0 0 0 0 0 0 0 0 0 0 0 0 0 0 0 0 0 0 0 0 0 0 0 0 0 0 0 0 0 0 0 0 0 0 0 0 0 0 0 0 0 0 0 0 0 0 0 0 0 0 0 0 0 0 0 0 0 0 0 0 0
0 0 0 0 0 0 0 0 0 0 0 0 0 0 0 0 0 0 0 0 0 0 0 0 0 0 0 0 0 0 0 0 0 0 0 0 0 0 0 0 0 0 0 0 0 0 0 0 0 0 0 0 0 0 0 0 0 0 0 0 0
0 0 0 0 0 0 0 0 0 0 0 0 0 0 0 0 0 0 0 0 0 0 0 0 0 0 0 0 0 0 0 0 0 0 0 0 0 0 0 0 0 0 0 0 0 0 0 0 0 0 0 0 0 0 0 0 0 0 0 0 0
0 0 0 0 0 0 0 0 0 0 0 0 0 0 0 0 0 0 0 0 0 0 0 0 0 0 0 0 0 0 0 0 0 0 0 0 0 0 0 0 0 0 0 0 0 0 0 0 0 0 0 0 0 0 0 0 0 0 0 0 0
0 0 0 0 0 0 0 0 0 0 0 0 0 0 0 0 0 0 0 0 0 0 0 0 0 0 0 0 0 0 0 0 0 0 0 0 0 0 0 0 0 0 0 0 0 0 0 0 0 0 0 0 0 0 0 0 0 0 0 0 0
0 0 0 0 0 0 0 0 0 0 0 0 0 0 0 0 0 0 0 0 0 0 0 0 0 0 0 0 0 0 0 0 0 0 0 0 0 0 0 0 0 0 0 0 0 0 0 0 0 0 0 0 0 0 0 0 0 0 0 0 0
0 0 0 0 0 0 0 0 0 0 0 0 0 0 0 0 0 0 0 0 0 0 0 0 0 0 0 0 0 0 0 0 0 0 0 0 0 0 0 0 0 0 0 0 0 0 0 0 0 0 0 0 0 0 0 0 0 0 0 0 0
0 0 0 0 0 0 0 0 0 0 0 0 0 0 0 0 0 0 0 0 0 0 0 0 0 0 0 0 0 0 0 0 0 0 0 0 0 0 0 0 0 0 0 0 0 0 0 0 0 0 0 0 0 0 0 0 0 0 0 0 0
0 0 0 0 0 0 0 0 0 0 0 0 0 0 0 0 0 0 0 0 0 0 0 0 0 0 0 0 0 0 0 0 0 0 0 0 0 0 0 0 0 0 0 0 0 0 0 0 0 0 0 0 0 0 0 0 0 0 0 0 0
0 0 0 0 0 0 0 0 0 0 0 0 0 0 0 0 0 0 0 0 0 0 0 0 0 0 0 0 0 0 0 0 0 0 0 0 0 0 0 0 0 0 0 0 0 0 0 0 0 0 0 0 0 0 0 0 0 0 0 0 0
0 0 0 0 0 0 0 0 0 0 0 0 0 0 0 0 0 0 0 0 0 0 0 0 0 0 0 0 0 0 0 0 0 0 0 0 0 0 0 0 0 0 0 0 0 0 0 0 0 0 0 0 0 0 0 0 0 0 0 0 0

I cap
1058.909090909091 1058.909090909091 1038.5090909090923 994.4090909090922 894.2400000000139 790.0600000000125 723.680000000011 937.1000000000056 664.5399999999972 575.0400000000056 471.64000000000897 469.8000000000063 356.7200000000041 323.380000000004 360.7200000000066 573.229090909093 431.30909090908773 293.4890909090943 283.52909090910066 463.76909090910846 617.7890909091007 538.1490909090908 351.62909090908283 555.9690909091105 680.0090909091139 524.0090909090923 440.02909090909014 372.64909090910146 576.1490909091042 321.14909090910123 327.8890909091074 438.14909090910845 527.5890909091061 715.3490909090999 253.44 354.94000000000165 321.04000000000474 516.5000000000123 478.1000000000179 669.1400000000133 225.46000000000635 525.0800000000027 562.3000000000034 757.5200000000129 791.7400000000016 727.1400000000112 723.6000000000196 946.8000000000104 897.2200000000186 749.4400000000174 518.0399999999945 506.97999999999627 823.8600000000238 889.6800000000426 947.1800000000198 1038.2600000000052 724.3690909090935 903.3490909090963 976.349090909091 1058.909090909091 1058.909090909091
107.96969696969697 107.96969696969697 107.96969696969697 107.06969696969696 41.55999999999998 54.93999999999991 9.319999999999993 49.900000000000176 41.46000000000018 45.960000000000065 16.36000000000041 18.19999999999989 32.2799999999997 45.619999999999806 44.27999999999997 62.64969696969683 15.569696969697063 34.38969696969713 30.349696969697607 1.1096969696969836 43.08969696969703 46.7296969696969 49.249696969697936 7.909696969697208 6.869696969696854 30.869696969696175 24.849696969696566 52.22969696969637 67.72969696969663 47.72969696969693 70.98969696969704 53.72969696969689 23.28969696969712 59.529696969696644 18.560000000000514 40.06000000000071 32.96000000000052 10.500000000000483 33.90000000000036 31.859999999999882 5.540000000000937 51.91999999999966 51.69999999999985 80.48000000000005 72.2599999999999 59.859999999999715 53.39999999999978 43.19999999999958 42.77999999999989 1.5600000000000254 26.96000000000018 36.019999999999975 19.14000000000015 29.92000000000019 67.42000000000029 34.539999999999914 55.50969696969686 77.5296969696969 104.52969696969697 107.96969696969697 107.96969696969697
38.96666666666666 38.96666666666666 14.033333333333328 1.3583333333333272 15.291666666666647 29.325 13.958333333333334 23.833333333333336 18.23333333333334 17.53333333333334 2.133333333333331 7.733333333333336 17.5 14.733333333333341 9.833333333333336 10.300000000000004 17.299999999999997 10.300000000000002 17.300000000000004 24.96666666666666 31.96666666666666 31.96666666666667 31.96666666666667 31.96666666666667 19.29166666666667 11.625000000000004 4.6250000000000036 4.6250000000000036 10.300000000000004 17.300000000000004 10.300000000000004 17.300000000000004 10.299999999999995 17.300000000000004 16.8 11.899999999999999 11.2 9.100000000000001 5.633333333333331 2.133333333333331 16.133333333333333 11.233333333333341 25.23333333333337 17.53333333333338 21.733333333333334 6.958333333333332 11.15833333333335 16.758333333333347 3.45833333333335 24.533333333333353 20.333333333333336 27.33333333333332 23.83333333333335 17.066666666666666 12.166666666666675 29.366666666666674 31.96666666666666 38.96666666666666 38.96666666666666 38.96666666666666 38.96666666666666
45.24545454545453 45.24545454545453 45.24545454545453 45.24545454545453 33.42000000000005 35.12000000000016 23.290000000000667 26.590000000001144 21.23000000000026 21.500000000000302 21.02000000000022 14.740000000000213 6.940000000000187 11.590000000000146 12.040000000000116 35.97545454545489 26.73545454545497 18.61545454545527 25.395454545455028 32.6154545454547 42.565454545455005 35.93545454545513 30.115454545456064 34.00545454545519 33.185454545455464 24.92545454545517 24.915454545455088 24.02545454545521 28.905454545455246 22.825454545455344 24.645454545455458 22.525454545455574 25.90545454545512 29.775454545455133 24.9100000000003 19.93000000000016 16.580000000000144 18.900000000000986 23.940000000000477 37.60000000000005 15.370000000000305 28.750000000000288 35.3300000000001 31.310000000000468 28.55000000000035 28.600000000000403 23.78000000000038 28.33000000000032 28.3300000000004 33.66000000000024 35.26 35.170000000000016 36.219999999999985 41.220000000000105 41.23000000000068 38.23000000000012 37.45545454545453 43.41545454545452 44.615454545454526 45.24545454545453 45.24545454545453
20.999999999999993 20.999999999999993 20.999999999999993 20.999999999999993 13.82999999999999 22.75999999999997 14.209999999999887 13.089999999999975 7.499999999999973 6.699999999999918 10.90999999999993 9.859999999999976 5.50999999999998 8.890000000000004 4.670000000000018 10.729999999999945 5.299999999999983 3.8300000000000183 7.20999999999993 9.449999999999836 14.089999999999932 16.629999999999896 16.249999999999964 13.150000000000034 13.319999999999977 10.650000000000059 9.529999999999998 6.630000000000033 9.820000000000016 6.630000000000045 7.240000000000112 6.929999999999987 8.679999999999968 9.969999999999942 9.789999999999994 12.769999999999976 6.5899999999999785 6.1799999999999695 7.429999999999993 8.0 1.6699999999999608 9.610000000000007 9.519999999999978 12.190000000000019 7.120000000000044 6.0400000000000595 6.630000000000003 11.370000000000086 16.469999999999924 12.89999999999999 12.399999999999954 10.710000000000008 8.459999999999885 7.36000000000001 10.919999999999877 12.75999999999994 17.559999999999988 20.30999999999999 20.789999999999992 20.999999999999993 20.999999999999993
345.75757575757575 345.75757575757575 345.75757575757575 305.75757575757575 205.01 209.06882352941142 210.10941176470675 221.02117647058785 247.569411764706 245.69941176470635 207.03000000000057 177.83000000000004 220.00117647058923 212.84941176470565 182.66941176470573 210.88757575757404 199.39757575757656 186.9675757575766 198.1875757575766 228.70875222816554 286.7581639928701 288.4863992869881 263.8569875222825 268.9187522281636 260.0769875222825 251.60698752228188 222.46757575757488 185.2675757575756 198.41875222816324 185.09698752228113 245.74698752228193 230.958752228163 242.0169875222828 275.9869875222813 141.20000000000184 179.70000000000007 186.33000000000013 223.45000000000036 214.68000000000043 193.69000000000057 161.7900000000006 262.8800000000035 208.3100000000016 252.6100000000007 219.66999999999945 153.7000000000009 218.9600000000004 296.74117647058983 358.2705882352981 349.5488235294142 280.9594117647096 241.71000000000276 230.87000000000398 263.20117647058987 338.570588235297 349.4400000000003 312.0675757575747 341.76757575757574 341.76757575757574 345.75757575757575 345.75757575757575
779.7575757575758 779.7575757575758 779.7575757575758 745.3575757575758 587.3599999999992 622.7500000000002 674.0699999999999 732.1100000000012 796.4299999999996 664.1499999999994 639.0700000000004 772.8499999999996 680.4299999999996 607.2600000000002 630.0900000000003 611.1875757575752 567.057575757575 525.9275757575779 517.627575757576 632.3675757575751 699.2275757575751 616.5575757575758 636.7575757575744 677.2675757575759 601.7475757575751 502.1375757575744 543.2775757575746 518.967575757575 639.2575757575746 634.4275757575753 633.5775757575755 644.6875757575757 631.7175757575742 573.0475757575775 402.52999999999753 510.4900000000023 607.65 660.3900000000001 588.9699999999999 639.5599999999979 494.76999999999657 608.1399999999983 542.460000000001 530.6599999999985 476.319999999996 506.7799999999988 542.0099999999986 594.7699999999993 665.1199999999975 586.8899999999949 500.5799999999993 510.95999999999674 618.9799999999985 650.4899999999994 638.4499999999995 516.47 657.0475757575766 745.4075757575757 764.8475757575758 779.7575757575758 779.7575757575758
80.73333333333335 80.73333333333335 80.73333333333335 80.73333333333335 65.70000000000002 86.81000000000002 73.22666666666666 81.45333333333332 81.27999999999999 83.50999999999999 70.37666666666665 76.81 84.51333333333332 90.75 79.12666666666667 74.32666666666668 74.39333333333332 68.72999999999996 68.07333333333327 70.06333333333333 75.78666666666668 78.32333333333335 73.49999999999994 72.32666666666663 76.27333333333333 69.96000000000001 67.56333333333332 66.93333333333334 69.8733333333333 66.93333333333334 67.71333333333337 70.96666666666667 75.1033333333333 72.65999999999998 36.720000000000006 58.659999999998625 65.04999999999977 66.88333333333335 71.41999999999949 73.04666666666667 59.96999999999947 70.32333333333335 71.55666666666667 76.36999999999999 77.97 80.56 75.1 72.66 72.19333333333272 71.17999999999964 67.17666666666602 60.00999999999848 55.90999999999956 57.54333333333305 62.38999999999887 56.84999999999978 75.72333333333334 77.94333333333336 80.10333333333335 80.73333333333335 80.73333333333335
10.775757575757575 10.775757575757575 10.775757575757575 5.175757575757574 1.4000000000000004 2.150000000000001 0.10000000000001119 3.2499999999999973 8.45000000000001 8.050000000000002 5.5499999999999785 1.1499999999999997 2.9000000000000057 0.7700000000000005 0.5799999999999965 1.9857575757575665 2.7757575757575736 3.1757575757575776 3.945757575757577 0.09575757575762367 2.19575757575758 4.535757575757589 2.1457575757575764 0.6057575757575808 4.515757575757578 2.775757575757579 4.775757575757574 3.7457575757575734 0.15575757575758153 1.9857575757575696 5.97575757575757 5.975757575757581 9.725757575757576 6.525757575757576 1.850000000000025 1.1500000000000064 0.4500000000000073 7.450000000000018 4.039999999999996 1.0500000000000043 2.3900000000000023 3.889999999999997 0.7000000000000082 10.799999999999997 6.499999999999998 0.7000000000000011 4.069999999999979 1.7200000000000004 2.720000000000007 6.920000000000051 3.5600000000000227 3.290000000000032 2.8100000000000236 0.7700000000000102 2.410000000000003 6.399999999999998 5.975757575757574 10.775757575757575 10.775757575757575 10.775757575757575 10.775757575757575
2.545454545454545 2.545454545454545 2.545454545454545 2.545454545454545 1.1800000000000002 0.04999999999999993 1.2400000000000166 1.2600000000000007 2.1700000000000053 0.5700000000000006 1.3600000000000063 0.5599999999999999 0.6799999999999999 1.4700000000000006 1.4700000000000006 1.7054545454545478 1.7054545454545513 1.285454545454547 0.17545454545454953 0.205454545454553 0.5954545454545496 0.655454545454547 0.53545454545455 0.4154545454545516 0.47545454545455346 0.35545454545454924 1.2854545454545483 0.4454545454545461 1.0754545454545457 0.445454545454547 0.44545454545454655 0.44545454545454566 0.4454545454545461 0.4454545454545492 0.7000000000000023 0.7000000000000027 0.700000000000001 0.6300000000000007 0.0700000000000156 0.019999999999999907 0.04000000000000559 0.24000000000000077 1.2400000000000304 0.5599999999999999 1.4700000000000006 0.1700000000000026 0.10000000000000053 2.2000000000000126 0.7999999999999998 1.06 0.8100000000000057 0.10000000000000475 0.5500000000000064 0.990000000000021 0.7000000000000005 0.2500000000000029 0.9854545454545456 1.1954545454545722 1.915454545454545 2.545454545454545 2.545454545454545
8.515433299825174 8.515433299825174 8.515433299825174 8.515433299825172 6.91246712643678 6.833590145190501 5.235949166666665 6.952479999999891 8.197009195402071 6.889041408045788 7.518051551723872 6.614168965517074 5.8239696551723314 5.078521781609186 5.29996399425287 5.461310889292186 4.589337214156065 4.37913103448274 3.527027068965494 4.124698389292189 5.282917769070014 5.7137708348457075 5.552891149425231 5.818554682395618 5.4561982486388265 3.8791644252873505 2.715213620689675 5.723582758620149 5.890101551723959 5.438592471264165 7.565514597700718 6.579545517240753 5.109936781609188 4.869019281609151 8.867099022988416 9.723226034482758 4.661957413793097 5.295550344827549 5.407583103448273 4.921808275862067 5.039960172413781 5.403326896551674 5.1759756896551306 4.840862758620663 3.710357241379271 5.002440862068934 4.089690517241414 4.924033103448238 4.968052471264343 4.4590165517241065 5.892662183908015 5.908611896551714 6.647856724137892 5.930048820326612 8.66369505747116 6.614575344827585 7.998191575687242 7.30853657568724 8.515433299825174 8.515433299825174 8.515433299825174
700.0 700.0 699.0 696.0 685.0 686.0 679.0 687.0 680.0 675.0 680.0 682.0 682.0 681.0 680.0 678.0 679.0 677.0 680.0 684.0 688.0 681.0 680.0 675.0 685.0 677.0 681.0 684.0 682.0 683.0 677.0 683.0 681.0 686.0 684.0 689.0 684.0 687.0 682.0 682.0 684.0 685.0 688.0 689.0 682.0 682.0 684.0 687.0 682.0 681.0 677.0 684.0 684.0 683.0 679.0 678.0 691.0 690.0 700.0 700.0 696.0

H cap
-5.25 -22.75 5.25 1.75 15.75 15.75 33.25 5.25 5.25 1.75 26.25 -1.75 -12.25 36.75 68.25 26.25 -5.25 5.25 1.75 1.75 -5.25 -8.75 22.75 15.75 5.25 -1.75 8.75 15.75 26.25 47.25 8.75 -1.75 36.75 26.25 -5.25 12.25 19.25 43.75 36.75 47.25 78.75 89.25 47.25 36.75 36.75 -5.25 29.75 5.25 12.25 29.75 22.75 -15.75 22.75 131.25 131.25 131.25 131.25 131.25 131.25 131.25 131.25
40.5 37.5 27.0 16.5 26.0 28.0 8.5 -7.5 5.0 17.0 13.5 12.0 9.5 5.0 -1.0 -4.5 20.5 40.5 22.5 13.5 29.5 16.0 -2.0 -1.5 1.5 9.0 17.0 17.5 25.5 21.5 1.5 4.5 13.0 17.0 21.5 14.5 14.0 23.0 21.5 12.5 2.0 2.0 11.5 14.5 24.5 29.0 17.0 9.5 7.5 18.5 35.0 35.0 40.5 52.5 52.5 52.5 52.5 52.5 52.5 52.5 52.5
45.5 42.0 49.0 49.0 45.5 42.0 42.0 35.0 38.5 35.0 31.5 38.5 38.5 35.0 38.5 42.0 45.5 49.0 45.5 45.5 49.0 42.0 38.5 42.0 42.0 38.5 38.5 45.5 52.5 56.0 52.5 49.0 45.5 42.0 45.5 45.5 45.5 49.0 49.0 49.0 49.0 52.5 49.0 49.0 49.0 42.0 45.5 49.0 45.5 45.5 45.5 45.5 56.0 63.0 63.0 63.0 63.0 63.0 63.0 63.0 63.0
4.75 -3.75 0.25 -1.75 -2.25 -8.75 15.75 -0.25 0.25 -5.75 -2.25 -1.25 2.75 0.25 3.75 7.75 5.75 -12.75 -1.25 -1.25 -2.25 -1.75 -0.25 3.25 1.75 1.75 -7.75 3.75 -6.25 1.75 -0.25 -1.25 1.75 2.25 -2.75 -0.25 -2.25 -1.25 -1.75 5.75 -2.25 0.25 -1.75 2.25 2.75 -19.25 2.25 -1.25 2.25 -0.25 14.25 -5.75 16.25 78.75 78.75 78.75 78.75 78.75 78.75 78.75 78.75

Gap
NaN

Time
NaN

