T P M C
61 37 4 12

base obj
12.558071755830374

exp obj
11.349926365892388

Objective struct
12.558071755830374 0.0 7.725490196078431

num campaigns
381

x
0 0 0 0 0 0 0 0 1 0 0 0 1 0 0 1 0 0 1 0 0 1 0 0 0 1 0 0 0 1 0 0 1 0 0 1 0 0 0 0 0 1 0 0 1 0 0 0 0 1 0 0 0 0 0 1 0 0 0 0 0
0 0 0 0 0 0 0 0 0 0 0 0 0 0 0 0 0 0 0 0 0 0 0 0 0 0 0 0 0 1 0 0 0 0 0 0 1 0 0 0 0 0 0 0 0 0 0 0 0 0 1 0 0 0 0 0 0 0 0 0 0
0 0 0 0 0 0 0 0 0 0 1 0 0 0 0 0 0 1 0 0 0 0 0 0 1 0 0 0 0 0 1 0 0 0 0 1 0 0 0 0 1 0 0 0 0 0 0 0 0 1 0 0 0 0 0 0 0 0 0 0 0
0 0 0 0 0 1 1 1 1 1 1 1 1 1 1 0 1 0 0 0 0 0 0 0 0 0 0 0 0 0 0 0 0 0 0 0 0 0 0 0 0 0 0 0 0 0 0 0 0 0 0 0 0 0 0 0 0 0 0 0 0
0 0 0 0 0 0 0 0 0 0 1 1 1 1 1 0 0 1 1 1 1 0 0 1 0 1 1 1 0 0 1 1 1 0 1 0 0 0 0 0 0 0 0 0 0 0 0 0 0 0 0 0 0 0 0 0 0 0 0 0 0
0 0 0 0 0 0 0 0 0 0 0 0 0 0 0 0 0 0 0 0 0 0 0 0 0 0 0 0 0 0 0 1 0 0 0 0 0 0 0 1 0 0 0 0 0 0 0 0 0 0 0 0 0 0 0 0 0 0 0 0 0
0 0 0 0 0 1 1 0 1 1 1 1 1 0 1 0 1 1 1 0 1 0 0 0 0 0 0 0 0 0 0 0 0 0 0 0 0 0 0 0 0 0 0 0 0 0 0 0 0 0 0 0 0 0 0 0 0 0 0 0 0
0 0 0 0 1 0 0 0 0 0 0 0 0 0 0 0 0 0 0 0 0 1 0 0 0 0 0 0 0 0 0 0 0 0 0 0 0 0 1 0 0 0 0 0 0 0 0 0 0 0 0 0 0 0 0 1 0 0 0 0 0
0 0 0 0 1 0 0 0 0 0 0 0 0 0 0 0 0 0 0 0 0 0 0 0 0 0 0 0 0 0 0 0 0 0 0 0 0 0 0 0 0 0 0 0 0 0 0 0 0 0 0 1 0 0 0 0 0 0 0 0 0
0 0 0 0 0 0 0 0 0 0 0 0 1 0 0 0 0 1 0 0 0 0 0 0 0 0 1 0 0 0 1 0 0 0 0 0 0 0 1 0 0 0 1 0 0 1 0 0 0 1 0 1 0 0 0 0 0 0 0 0 0
0 0 0 0 0 0 0 1 0 0 0 0 0 0 0 0 1 0 0 0 0 0 0 0 0 1 0 0 0 0 0 0 0 0 0 0 0 0 0 0 1 0 0 0 0 0 0 0 0 0 0 1 0 0 0 0 0 0 0 0 0
0 0 0 0 0 0 1 0 0 0 0 0 0 0 0 0 0 0 0 1 0 0 0 0 0 0 0 0 0 0 0 0 1 0 0 0 0 0 0 0 0 0 0 0 0 1 0 0 0 0 0 0 0 0 0 0 0 0 0 0 0
0 0 0 0 0 0 0 0 0 0 0 0 0 0 0 0 0 0 0 0 0 0 0 0 1 0 0 0 0 0 0 0 0 0 0 0 0 0 0 0 0 0 0 0 0 0 0 0 0 0 0 0 0 0 0 1 0 0 0 0 0
0 0 0 0 1 0 0 0 0 0 0 0 0 0 0 0 1 0 0 0 0 0 1 0 0 0 0 0 0 0 0 0 0 1 0 0 0 0 1 0 0 0 0 1 0 0 0 0 0 0 0 1 0 0 0 0 0 0 0 0 0
0 0 0 0 0 0 0 0 0 0 1 0 0 0 0 0 0 0 0 0 0 0 0 1 0 0 0 0 0 0 0 0 0 0 0 0 0 0 0 0 0 0 0 0 0 0 0 0 0 0 0 0 1 0 0 0 0 0 0 0 0
0 0 0 0 0 0 0 0 0 0 0 0 0 0 0 0 0 0 0 0 0 0 0 0 0 0 0 0 0 0 0 0 0 0 0 0 0 0 0 0 0 0 0 0 0 0 0 0 1 0 0 0 0 0 0 0 0 0 0 0 0
0 0 0 0 0 0 0 0 0 0 0 0 0 1 0 0 0 0 0 0 0 0 0 0 0 0 1 0 0 0 0 0 0 0 0 0 0 0 0 0 0 0 0 1 0 0 0 0 0 0 0 0 0 0 0 0 0 0 0 0 0
0 0 0 0 0 0 1 0 0 0 0 0 0 0 0 0 0 0 0 0 0 0 0 0 1 0 0 0 0 0 0 0 0 0 0 0 0 0 0 0 0 0 1 0 0 0 0 0 0 0 0 0 0 0 0 0 0 0 0 0 0
0 0 0 0 0 0 0 0 0 0 0 0 1 0 1 0 1 0 0 1 0 0 0 1 0 1 0 1 0 0 1 0 1 0 0 0 0 1 0 1 0 0 1 0 1 0 1 0 1 0 0 0 1 0 0 0 0 0 0 0 0
0 0 0 0 1 0 0 0 0 0 0 0 0 0 0 0 0 0 0 0 0 0 0 0 0 0 0 0 0 0 0 0 0 0 0 0 0 0 0 0 0 0 0 0 0 0 0 0 0 0 0 0 0 1 0 0 0 0 0 0 0
0 0 0 0 0 0 1 0 0 1 0 0 0 0 0 0 1 0 0 1 0 0 1 0 0 0 1 0 0 1 0 0 0 1 0 0 0 1 0 0 0 0 1 0 0 0 1 0 0 0 1 0 0 0 0 0 0 0 0 0 0
0 0 0 0 0 0 0 0 0 0 0 0 0 0 0 0 0 0 0 0 0 0 0 0 0 0 0 0 0 0 0 0 0 0 0 0 0 0 0 0 0 0 0 0 0 0 0 0 0 0 0 0 0 0 0 0 0 0 0 0 0
0 0 0 0 0 0 1 0 0 0 0 0 0 0 0 0 0 0 0 0 0 0 0 0 0 0 0 1 0 0 0 0 0 0 0 0 0 0 0 0 0 0 0 0 0 0 0 1 0 0 0 0 0 0 0 0 0 0 0 0 0
0 0 0 0 0 0 0 0 1 0 0 0 0 0 0 0 0 0 0 0 1 0 0 0 0 0 0 0 1 0 0 0 0 0 1 0 0 0 0 0 1 0 0 0 0 0 1 0 0 0 0 0 0 0 1 0 0 0 0 0 0
0 0 0 0 0 0 0 0 0 0 0 0 0 0 1 0 0 0 0 0 0 0 0 0 0 0 0 0 0 0 0 0 0 0 0 0 1 0 0 0 0 0 0 0 0 0 0 0 0 0 0 0 0 1 0 0 0 0 0 0 0
0 0 0 0 1 0 0 0 0 1 0 0 0 0 1 0 0 0 0 0 1 0 0 0 0 1 0 0 0 0 1 0 0 0 0 1 0 0 0 0 1 0 0 0 0 0 0 0 0 0 0 0 0 0 0 0 0 0 0 0 0
0 0 0 0 0 0 0 0 1 0 0 0 0 0 0 0 1 0 0 1 0 0 1 0 0 0 0 0 1 0 0 0 0 1 0 0 0 1 0 0 0 0 0 0 0 0 0 1 0 0 1 0 0 1 0 0 0 0 0 0 0
0 0 0 0 1 0 0 0 0 0 0 0 0 0 0 0 0 0 0 0 0 0 0 0 0 0 0 0 0 0 0 0 0 0 0 0 0 0 0 0 0 0 0 0 0 0 0 0 0 0 0 0 0 0 0 1 0 0 0 0 0
0 0 0 0 0 0 0 0 0 0 0 0 0 0 0 0 0 0 0 0 0 0 0 0 0 0 0 0 0 0 0 0 0 0 0 0 0 0 0 0 0 1 0 0 0 1 0 0 0 0 0 0 0 0 0 0 0 0 0 0 0
0 0 0 0 0 0 1 1 1 1 1 1 1 1 1 1 1 1 1 1 1 1 1 1 1 1 1 1 1 1 1 1 1 1 1 1 1 1 1 1 1 1 1 1 1 1 1 1 1 1 1 1 0 0 0 0 0 0 0 0 0
0 0 0 0 1 0 1 1 1 1 1 1 1 1 1 1 1 1 1 1 1 1 1 1 1 1 1 1 1 1 1 1 1 1 1 1 1 1 1 1 1 1 1 1 1 0 1 0 1 1 1 0 0 0 0 0 0 0 0 0 0
0 0 0 0 1 1 1 1 1 0 1 1 1 0 1 0 1 1 1 1 1 1 1 1 1 1 0 1 1 1 1 1 0 1 1 0 1 1 1 1 1 1 1 1 1 1 1 1 1 1 1 1 0 0 0 0 0 0 0 0 0
0 0 0 0 0 1 1 0 0 0 1 1 1 0 1 0 1 1 1 1 1 0 0 0 1 0 0 0 0 1 0 1 0 0 1 0 0 1 1 0 1 1 1 1 0 1 0 0 1 1 1 0 0 0 0 0 0 0 0 0 0
0 0 0 0 1 0 1 1 0 0 1 1 1 0 1 1 1 1 1 1 1 1 0 0 1 1 1 0 0 1 1 1 0 1 1 0 0 1 1 1 1 1 1 1 1 1 1 0 1 0 1 1 0 0 0 0 0 0 0 0 0
0 0 0 0 1 0 1 1 0 0 0 1 0 0 0 0 0 0 1 1 0 0 0 0 0 0 0 0 0 0 1 1 1 1 0 0 0 0 0 1 1 0 0 1 0 0 0 0 0 0 0 1 0 0 0 0 0 0 0 0 0
0 0 0 0 0 0 0 0 0 0 0 0 0 0 0 0 0 0 0 0 0 0 0 0 0 0 0 0 0 0 0 0 0 0 0 0 0 0 0 0 0 0 0 0 0 0 0 1 0 0 0 0 0 1 0 0 0 0 0 0 0
0 0 0 0 0 0 0 0 0 0 0 0 0 0 0 0 0 0 0 0 0 0 0 0 0 0 0 0 0 0 0 0 0 0 0 0 0 0 0 0 0 0 0 0 0 0 0 0 0 0 0 0 0 0 0 0 0 0 0 0 0

y
0.0 2.3636363636363633 0.75 0.0 0.0 3.3636363636363633 0.0 0.0 0.0 0.1785714285714286 0.0 0.0 26.363636363636363 0.0 4.5 0.0 2.8000000000000007 0.0 0.0 0.0 0.0 0.0 3.0 0.33333333333333304 6.800000000000001 0.0 0.0 0.0 1.4500000000000002 0.0 0.0 0.0 0.5048543689320388 0.0 0.0 5.0 0.0

k
0 9 6 0 0 10 0 0 0 20 0 0 10 4 4 0 3 0 9 0 0 6 1 3 3 0 0 0 19 6 8 10 79 17 38 50 6

f
1.75 22.75 1.75 1.75 0.0 1.75 0.0 0.0 5.25 5.25 0.0 0.0 0.0 0.0 0.0 1.75 0.0 5.25 1.75 0.0 0.0 0.0 0.0 0.0 0.0 0.0 8.75 0.0 0.0 0.0 0.0 0.0 0.0 0.0 0.0 0.0 0.0 0.0 0.0 0.0 0.0 0.0 0.0 0.0 0.0 0.0 5.25 0.0 0.0 0.0 0.0 19.25 8.75 0.0 0.0 0.0 0.0 0.0 0.0 0.0 0.0
0.0 0.0 0.0 0.0 0.0 0.0 0.0 1.0 3.5 0.0 0.0 0.0 0.0 3.5 1.0 0.0 0.0 0.0 0.0 0.0 0.0 0.0 0.0 0.0 0.0 0.0 0.0 0.0 0.0 0.0 0.0 0.0 0.0 0.0 0.0 0.0 0.0 0.0 0.0 0.0 0.0 0.0 0.0 0.0 0.0 0.0 0.0 0.0 0.0 0.0 0.0 0.0 0.0 0.0 0.0 0.0 0.0 0.0 0.0 0.0 0.0
0.0 0.0 0.0 0.0 0.0 0.0 0.0 0.0 0.0 0.0 0.0 0.0 0.0 0.0 0.0 0.0 0.0 0.0 0.0 0.0 0.0 0.0 0.0 0.0 0.0 0.0 0.0 0.0 0.0 0.0 0.0 0.0 0.0 0.0 0.0 0.0 0.0 0.0 0.0 0.0 0.0 0.0 0.0 0.0 0.0 0.0 0.0 0.0 0.0 0.0 0.0 0.0 0.0 0.0 0.0 0.0 0.0 0.0 0.0 0.0 0.0
0.0 0.0 0.0 0.75 1.25 2.75 0.0 0.0 0.0 0.75 12.25 10.25 0.0 2.75 0.0 0.0 0.0 0.25 0.0 0.75 0.25 0.0 0.0 0.75 0.0 0.75 1.75 0.0 0.0 2.25 0.0 0.0 15.75 0.0 0.0 1.25 3.25 20.25 0.0 0.0 0.0 0.0 0.25 1.25 0.0 2.75 0.0 0.0 1.75 14.25 1.25 0.0 0.0 0.0 0.0 0.0 0.0 0.0 0.0 0.0 0.0

L
3 7 5 1 1 8 1 17 47 2 9 13 31 5 13 0 13 18 2 49 3 0 20 6 17 5 3 51 4 1 1 1 1 1 1 6 0

g
0 0 0 0 0 0 0 0 0 0 0 0 0 0 0 0 0 0 0 0 0 0 0 0 0 0 0 0 0 0 0 0 0 0 0 0 0 0 0 0 0 0 0 0 0 0 0 0 0 0 0 0 0 0 0 0 0 0 0 0 0
0 0 0 0 0 0 0 0 0 0 0 0 0 0 0 0 0 0 0 0 0 0 0 0 0 0 0 0 0 0 0 0 0 0 0 0 0 0 0 0 0 0 0 0 0 0 0 0 0 0 0 0 0 0 0 0 0 0 0 0 0
0 0 0 0 0 0 0 0 0 0 0 0 0 0 0 0 0 0 0 0 0 0 0 0 0 0 0 0 0 0 0 0 0 0 0 0 0 0 0 0 0 0 0 0 0 0 0 0 0 0 0 0 0 0 0 0 0 0 0 0 0
0 0 0 0 0 0 0 0 0 0 0 0 0 0 0 0 0 0 0 0 0 0 0 0 0 0 0 0 0 0 0 0 0 0 0 0 0 0 0 0 0 0 0 0 0 0 0 0 0 0 0 0 0 0 0 0 0 0 0 0 0
0 0 0 0 0 0 0 0 0 0 0 0 0 0 0 0 0 0 0 0 0 0 0 0 0 0 0 0 0 0 0 0 0 0 0 0 0 0 0 0 0 0 0 0 0 0 0 0 0 0 0 0 0 0 0 0 0 0 0 0 0
0 0 0 0 0 0 0 0 0 0 0 0 0 0 0 0 0 0 0 0 0 0 0 0 0 0 0 0 0 0 0 0 0 0 0 0 0 0 0 0 0 0 0 0 0 0 0 0 0 0 0 0 0 0 0 0 0 0 0 0 0
0 0 0 0 0 0 0 0 0 0 0 0 0 0 0 0 0 0 0 0 0 0 0 0 0 0 0 0 0 0 0 0 0 0 0 0 0 0 0 0 0 0 0 0 0 0 0 0 0 0 0 0 0 0 0 0 0 0 0 0 0
0 0 0 0 0 0 0 0 0 0 0 0 0 0 0 0 0 0 0 0 0 0 0 0 0 0 0 0 0 0 0 0 0 0 0 0 0 0 0 0 0 0 0 0 0 0 0 0 0 0 0 0 0 0 0 0 0 0 0 0 0
0 0 0 0 0 0 0 0 0 0 0 0 0 0 0 0 0 0 0 0 0 0 0 0 0 0 0 0 0 0 0 0 0 0 0 0 0 0 0 0 0 0 0 0 0 0 0 0 0 0 0 0 0 0 0 0 0 0 0 0 0
0 0 0 0 0 0 0 0 0 0 0 0 0 0 0 0 0 0 0 0 0 0 0 0 0 0 0 0 0 0 0 0 0 0 0 0 0 0 0 0 0 0 0 0 0 0 0 0 0 0 0 0 0 0 0 0 0 0 0 0 0
0 0 0 0 0 0 0 0 0 0 0 0 0 0 0 0 0 0 0 0 0 0 0 0 0 0 0 0 0 0 0 0 0 0 0 0 0 0 0 0 0 0 0 0 0 0 0 0 0 0 0 0 0 0 0 0 0 0 0 0 0
0 0 0 0 0 0 0 0 0 0 0 0 0 0 0 0 0 0 0 0 0 0 0 0 0 0 0 0 0 0 0 0 0 0 0 0 0 0 0 0 0 0 0 0 0 0 0 0 0 0 0 0 0 0 0 0 0 0 0 0 0
0 0 0 0 0 0 0 0 0 0 0 0 0 0 0 0 0 0 0 0 0 0 0 0 0 0 0 0 0 0 0 0 0 0 0 0 0 0 0 0 0 0 0 0 0 0 0 0 0 0 0 0 0 0 0 0 0 0 0 0 0
0 0 0 0 0 0 0 0 0 0 0 0 0 0 0 0 0 0 0 0 0 0 0 0 0 0 0 0 0 0 0 0 0 0 0 0 0 0 0 0 0 0 0 0 0 0 0 0 0 0 0 0 0 0 0 0 0 0 0 0 0
0 0 0 0 0 0 0 0 0 0 0 0 0 0 0 0 0 0 0 0 0 0 0 0 0 0 0 0 0 0 0 0 0 0 0 0 0 0 0 0 0 0 0 0 0 0 0 0 0 0 0 0 0 0 0 0 0 0 0 0 0
0 0 0 0 0 0 0 0 0 0 0 0 0 0 0 0 0 0 0 0 0 0 0 0 0 0 0 0 0 0 0 0 0 0 0 0 0 0 0 0 0 0 0 0 0 0 0 0 0 0 0 0 0 0 0 0 0 0 0 0 0
0 0 0 0 0 0 0 0 0 0 0 0 0 0 0 0 0 0 0 0 0 0 0 0 0 0 0 0 0 0 0 0 0 0 0 0 0 0 0 0 0 0 0 0 0 0 0 0 0 0 0 0 0 0 0 0 0 0 0 0 0
0 0 0 0 0 0 0 0 0 0 0 0 0 0 0 0 0 0 0 0 0 0 0 0 0 0 0 0 0 0 0 0 0 0 0 0 0 0 0 0 0 0 0 0 0 0 0 0 0 0 0 0 0 0 0 0 0 0 0 0 0
0 0 0 0 0 0 0 0 0 0 0 0 0 0 0 0 0 0 0 0 0 0 0 0 0 0 0 0 0 0 0 0 0 0 0 0 0 0 0 0 0 0 0 0 0 0 0 0 0 0 0 0 0 0 0 0 0 0 0 0 0
0 0 0 0 0 0 0 0 0 0 0 0 0 0 0 0 0 0 0 0 0 0 0 0 0 0 0 0 0 0 0 0 0 0 0 0 0 0 0 0 0 0 0 0 0 0 0 0 0 0 0 0 0 0 0 0 0 0 0 0 0
0 0 0 0 0 0 0 0 0 0 0 0 0 0 0 0 0 0 0 0 0 0 0 0 0 0 0 0 0 0 0 0 0 0 0 0 0 0 0 0 0 0 0 0 0 0 0 0 0 0 0 0 0 0 0 0 0 0 0 0 0
0 0 0 0 0 0 0 0 0 0 0 0 0 0 0 0 0 0 0 0 0 0 0 0 0 0 0 0 0 0 0 0 0 0 0 0 0 0 0 0 0 0 0 0 0 0 0 0 0 0 0 0 0 0 0 0 0 0 0 0 0
0 0 0 0 0 0 0 0 0 0 0 0 0 0 0 0 0 0 0 0 0 0 0 0 0 0 0 0 0 0 0 0 0 0 0 0 0 0 0 0 0 0 0 0 0 0 0 0 0 0 0 0 0 0 0 0 0 0 0 0 0
0 0 0 0 0 0 0 0 0 0 0 0 0 0 0 0 0 0 0 0 0 0 0 0 0 0 0 0 0 0 0 0 0 0 0 0 0 0 0 0 0 0 0 0 0 0 0 0 0 0 0 0 0 0 0 0 0 0 0 0 0
0 0 0 0 0 0 0 0 0 0 0 0 0 0 0 0 0 0 0 0 0 0 0 0 0 0 0 0 0 0 0 0 0 0 0 0 0 0 0 0 0 0 0 0 0 0 0 0 0 0 0 0 0 0 0 0 0 0 0 0 0
0 0 0 0 0 0 0 0 0 0 0 0 0 0 0 0 0 0 0 0 0 0 0 0 0 0 0 0 0 0 0 0 0 0 0 0 0 0 0 0 0 0 0 0 0 0 0 0 0 0 0 0 0 0 0 0 0 0 0 0 0
0 0 0 0 0 0 0 0 0 0 0 0 0 0 0 0 0 0 0 0 0 0 0 0 0 0 0 0 0 0 0 0 0 0 0 0 0 0 0 0 0 0 0 0 0 0 0 0 0 0 0 0 0 0 0 0 0 0 0 0 0
0 0 0 0 0 0 0 0 0 0 0 0 0 0 0 0 0 0 0 0 0 0 0 0 0 0 0 0 0 0 0 0 0 0 0 0 0 0 0 0 0 0 0 0 0 0 0 0 0 0 0 0 0 0 0 0 0 0 0 0 0
0 0 0 0 0 0 0 0 0 0 0 0 0 0 0 0 0 0 0 0 0 0 0 0 0 0 0 0 0 0 0 0 0 0 0 0 0 0 0 0 0 0 0 0 0 0 0 0 0 0 0 0 0 0 0 0 0 0 0 0 0
0 0 0 0 0 0 0 0 0 0 0 0 0 0 0 0 0 0 0 0 0 0 0 0 0 0 0 0 0 0 0 0 0 0 0 0 0 0 0 0 0 0 0 0 0 0 0 0 0 0 0 0 0 0 0 0 0 0 0 0 0
0 0 0 0 0 0 0 0 0 0 0 0 0 0 0 0 0 0 0 0 0 0 0 0 0 0 0 0 0 0 0 0 0 0 0 0 0 0 0 0 0 0 0 0 0 0 0 0 0 0 0 0 0 0 0 0 0 0 0 0 0
0 0 0 0 0 0 0 0 0 0 0 0 0 0 0 0 0 0 0 0 0 0 0 0 0 0 0 0 0 0 0 0 0 0 0 0 0 0 0 0 0 0 0 0 0 0 0 0 0 0 0 0 0 0 0 0 0 0 0 0 0
0 0 0 0 0 0 0 0 0 0 0 0 0 0 0 0 0 0 0 0 0 0 0 0 0 0 0 0 0 0 0 0 0 0 0 0 0 0 0 0 0 0 0 0 0 0 0 0 0 0 0 0 0 0 0 0 0 0 0 0 0
0 0 0 0 0 0 0 0 0 0 0 0 0 0 0 0 0 0 0 0 0 0 0 0 0 0 0 0 0 0 0 0 0 0 0 0 0 0 0 0 0 0 0 0 0 0 0 0 0 0 0 0 0 0 0 0 0 0 0 0 0
0 0 0 0 0 0 0 0 0 0 0 0 0 0 0 0 0 0 0 0 0 0 0 0 0 0 0 0 0 0 0 0 0 0 0 0 0 0 0 0 0 0 0 0 0 0 0 0 0 0 0 0 0 0 0 0 0 0 0 0 0
0 0 0 0 0 0 0 0 0 0 0 0 0 0 0 0 0 0 0 0 0 0 0 0 0 0 0 0 0 0 0 0 0 0 0 0 0 0 0 0 0 0 0 0 0 0 0 0 0 0 0 0 0 0 0 0 0 0 0 0 0
0 0 0 0 0 0 0 0 0 0 0 0 0 0 0 0 0 0 0 0 0 0 0 0 0 0 0 0 0 0 0 0 0 0 0 0 0 0 0 0 0 0 0 0 0 0 0 0 0 0 0 0 0 0 0 0 0 0 0 0 0

I cap
1058.909090909091 1058.909090909091 1001.5090909091005 984.109090909113 996.8000000000009 723.6399999999835 723.8800000000333 1058.240000000008 517.900000000001 508.89999999999895 277.7400000000116 259.72000000001066 375.1999999999964 474.41999999999734 393.42000000002395 617.409090909108 342.94909090908527 590.6290909091038 483.14909090909924 449.4090909090816 397.82909090911164 449.2090909090944 574.7690909090816 659.0090909090982 568.2890909091104 476.5690909091066 470.08909090908514 556.9890909090868 633.7890909091077 726.9690909091064 479.2090909090864 350.869090909095 416.04909090909916 574.5490909090927 282.13999999999885 156.0999999999991 249.56000000000108 416.54000000000514 707.1400000000071 602.0200000000043 506.67999999999483 514.1999999999994 472.0600000000115 738.080000000012 790.0000000000015 766.1599999999912 895.640000000028 801.7800000000138 864.540000000002 741.9800000000107 440.7800000000014 584.1400000000308 768.0600000000159 853.5399999999966 1045.0400000000282 1024.3800000000076 778.7690909090884 831.9490909091016 941.349090909091 1058.909090909091 1058.909090909091
107.96969696969697 107.96969696969697 70.96969696969697 59.369696969696975 40.99999999999994 42.360000000000014 1.1199999999998411 1.7600000000000335 31.100000000000453 64.10000000000008 76.26000000000035 70.28000000000004 46.79999999999967 41.57999999999975 79.57999999999997 93.46969696969731 35.92969696969695 31.249696969697236 23.72969696969777 1.4696969696972886 23.049696969697337 16.66969696969747 54.1096969696972 59.86969696969696 33.58969696969699 28.309696969697086 11.789696969696843 37.88969696969697 96.08969696969693 100.9096969696971 57.66969696969701 50.00969696969696 34.82969696969714 68.3296969696964 48.86000000000023 65.9 33.43999999999997 30.460000000000136 3.8600000000002126 12.980000000000139 26.32000000000032 11.799999999999898 19.940000000000012 75.91999999999992 103.99999999999977 20.839999999999844 41.35999999999992 75.21999999999991 104.45999999999992 72.01999999999985 50.21999999999963 10.459999999999894 21.540000000000276 13.260000000000645 44.96000000000008 29.620000000000005 34.10969696969691 42.92969696969698 69.52969696969697 107.96969696969697 107.96969696969697
38.96666666666666 38.96666666666666 14.033333333333328 14.033333333333328 27.96666666666666 29.325 13.958333333333334 11.158333333333337 12.558333333333342 24.53333333333334 16.133333333333333 14.733333333333336 17.5 29.4 17.5 31.96666666666666 10.299999999999997 17.299999999999997 17.299999999999997 17.300000000000004 17.299999999999997 17.300000000000004 24.300000000000004 4.6250000000000036 4.6250000000000036 12.291666666666671 4.6250000000000036 10.300000000000004 17.300000000000004 17.300000000000004 17.300000000000004 17.300000000000004 24.96666666666667 17.300000000000004 2.1333333333333346 4.2333333333333325 18.2 1.4333333333333353 5.633333333333331 2.133333333333331 30.799999999999997 20.225000000000005 12.558333333333382 11.858333333333333 2.0583333333333425 34.3 16.83333333333335 29.433333333333344 16.133333333333333 39.2 27.333333333333364 9.400000000000029 5.900000000000015 25.86666666666668 44.10000000000001 52.50000000000001 38.96666666666666 38.96666666666666 38.96666666666666 38.96666666666666 38.96666666666666
45.24545454545453 45.24545454545453 43.77545454545453 41.67545454545453 30.450000000000117 31.72000000000007 23.77000000000038 28.140000000001017 23.86000000000034 26.66000000000073 22.19000000000029 16.740000000000077 13.640000000000224 14.760000000000181 16.040000000000106 31.875454545454925 27.675454545455114 23.36545454545502 21.405454545454962 24.20545454545489 27.01545454545487 26.385454545455264 29.835454545455274 28.215454545455515 24.63545454545534 27.80545454545538 25.815454545455182 28.21545454545497 30.045454545454984 29.605454545454975 22.815454545455008 21.115454545455016 25.595454545455105 28.195454545455238 23.960000000000317 17.840000000000117 18.89000000000019 18.91000000000037 22.57000000000028 33.17000000000008 24.070000000000555 28.750000000000835 32.93000000000011 31.270000000000422 34.93000000000022 30.940000000000666 26.500000000000277 28.540000000000244 29.17000000000036 29.500000000000295 31.390000000000082 37.000000000000085 48.89999999999999 51.02000000000004 44.500000000000405 43.500000000000036 42.435454545454526 42.77545454545453 43.28545454545453 45.24545454545453 45.24545454545453
20.999999999999993 20.999999999999993 20.369999999999994 20.069999999999993 10.410000000000009 17.139999999999986 10.859999999999904 12.739999999999831 7.439999999999914 7.919999999999966 8.600000000000032 7.919999999999977 7.04999999999994 11.319999999999913 7.780000000000021 10.810000000000016 8.410000000000014 7.2099999999999955 6.159999999999897 6.839999999999893 9.769999999999918 9.51999999999995 10.389999999999926 10.250000000000007 7.629999999999942 7.660000000000025 7.349999999999982 9.589999999999971 10.879999999999978 11.020000000000003 7.139999999999992 4.950000000000012 6.829999999999977 9.690000000000026 9.759999999999977 10.929999999999986 6.3299999999999805 7.079999999999963 8.589999999999836 5.789999999999987 0.8399999999999569 6.4499999999999975 5.799999999999992 12.389999999999997 10.809999999999981 11.66999999999998 11.62000000000001 17.100000000000037 16.890000000000022 9.649999999999972 5.369999999999919 10.289999999999983 15.519999999999925 17.820000000000064 19.45999999999975 19.209999999999933 20.09 20.16 20.21999999999999 20.999999999999993 20.999999999999993
345.75757575757575 345.75757575757575 345.75757575757575 312.8163992869875 202.52941176470588 207.4000000000001 231.40999999999917 210.4099999999992 239.32117647058973 219.409411764707 184.37941176470608 183.9799999999995 230.38117647058917 191.3994117647069 218.99058823529407 240.92698752228037 262.87698752228414 203.33757575757605 192.23757575757645 238.5775757575768 236.77757575757568 222.247575757577 236.73757575757674 219.57757575757637 203.2575757575756 253.4387522281638 199.32698752228237 182.43698752228138 201.08757575757662 235.1875757575765 199.1175757575759 244.61875222816496 272.60698752228194 269.4769875222818 168.96117647058838 192.70941176470635 232.71941176470608 217.2499999999998 195.05000000000086 190.04000000000022 223.64000000000084 264.4400000000028 178.2499999999991 216.20000000000073 223.79000000000048 166.55999999999884 169.04000000000084 239.5200000000006 265.0100000000025 235.60000000000284 220.02000000000334 263.42117647058905 289.42058823529646 392.31000000000154 388.8100000000017 333.3299999999999 322.9375757575758 328.81757575757575 341.76757575757574 345.75757575757575 345.75757575757575
779.7575757575758 779.7575757575758 762.7475757575758 738.4475757575758 532.5000000000003 558.1100000000001 703.4599999999998 751.0600000000001 813.4099999999999 717.2000000000004 533.5199999999999 578.1299999999987 691.93 694.5699999999991 695.2500000000003 640.6575757575762 542.8675757575749 524.5675757575759 505.907575757578 493.7375757575743 620.4375757575749 655.6875757575771 710.7975757575766 601.3075757575754 551.1675757575752 648.5275757575745 651.6275757575759 704.877575757576 598.2275757575735 648.0775757575746 568.0975757575737 551.7175757575753 638.1675757575738 602.3975757575737 459.2099999999966 599.3200000000036 619.9300000000002 601.8400000000006 639.4399999999952 504.98999999999864 455.00999999999976 479.97000000000025 483.75999999999954 610.4299999999985 550.9799999999981 542.9999999999966 619.6699999999968 542.6899999999981 505.2899999999972 404.99999999999955 527.1399999999988 580.9199999999989 636.2100000000013 693.5699999999994 704.1099999999996 567.6899999999994 712.3675757575759 725.2675757575757 749.4575757575758 779.7575757575758 779.7575757575758
80.73333333333335 80.73333333333335 79.89333333333335 77.49333333333334 60.64666666666663 81.45333333333335 70.70666666666666 75.85 78.73333333333332 89.05999999999999 73.79666666666667 77.02000000000001 85.36 89.47333333333331 82.10666666666667 70.86333333333332 69.06333333333335 68.07333333333332 67.05333333333328 65.04333333333335 68.07333333333332 67.62333333333336 74.38666666666667 77.23333333333335 71.57000000000002 68.97333333333331 68.49333333333328 73.51666666666667 78.07333333333328 74.76 67.86333333333319 64.06333333333322 68.01666666666664 70.36999999999998 34.8800000000002 61.853333333332436 72.79999999999971 67.68666666666579 65.19999999999858 65.43999999999996 65.61999999999985 67.78 68.83000000000001 77.24999999999999 80.43 79.89999999999999 74.32000000000001 73.81333333333333 71.93666666666614 67.79333333333292 64.11666666666595 56.92999999999879 61.873333333332994 64.50999999999794 66.42999999999898 63.17999999999972 79.05333333333334 79.26333333333335 79.34333333333335 80.73333333333335 80.73333333333335
10.775757575757575 10.775757575757575 9.725757575757575 9.725757575757573 3.8500000000000045 5.95 4.8500000000000005 2.149999999999994 0.96999999999999 0.6699999999999973 0.26999999999999336 3.67 4.07 2.16 0.579999999999993 4.385757575757574 8.375757575757579 5.975757575757578 2.7757575757575745 1.3257575757575877 2.1257575757575875 0.9957575757575912 3.6957575757575714 0.1957575757575727 1.3957575757575658 7.145757575757567 3.1357575757575713 0.15575757575757443 0.7257575757575792 5.225757575757572 2.2657575757575783 4.265757575757581 4.775757575757575 2.3757575757575724 0.8000000000000078 0.9400000000000011 4.500000000000005 4.440000000000019 1.0400000000000036 0.7500000000000071 3.449999999999994 0.6500000000000048 0.7000000000000011 6.570000000000003 1.2799999999999923 1.5099999999999971 0.6999999999999762 6.000000000000009 1.5000000000000036 0.5900000000000043 1.970000000000014 1.1600000000000072 0.4600000000000213 4.820000000000021 1.7200000000000093 1.640000000000029 9.725757575757573 9.72575757575758 9.825757575757576 10.775757575757575 10.775757575757575
2.545454545454545 2.545454545454545 2.545454545454545 1.645454545454545 1.3599999999999999 0.5599999999999999 0.4600000000000083 0.7500000000000008 1.2400000000000397 1.2600000000000007 1.540000000000008 0.1399999999999999 0.5599999999999999 0.6300000000000007 0.8400000000000006 1.0754545454545479 1.075454545454554 1.2854545454545487 1.075454545454547 0.08545454545454878 0.5654545454545514 0.35545454545455635 1.705454545454554 1.28545454545455 0.17545454545455397 0.20545454545455033 0.5954545454545505 1.2854545454545474 0.02545454545455006 0.9554545454545486 0.565454545454552 0.7754545454545515 0.08545454545455189 0.3554545454545568 0.8200000000000188 0.07000000000000717 1.2100000000000124 0.9600000000000007 1.6600000000000295 0.7699999999999999 2.1700000000000035 1.2600000000000007 1.330000000000017 0.1399999999999999 0.6300000000000007 0.9700000000000054 0.7500000000000008 0.22000000000001818 0.17000000000000126 0.7000000000000134 1.7100000000000235 0.22000000000000564 0.820000000000009 0.850000000000017 0.1700000000000026 0.8500000000000026 0.20545454545454944 0.8054545454545557 1.915454545454545 2.545454545454545 2.545454545454545
8.515433299825174 8.515433299825174 8.515433299825174 8.515433299825172 5.7670648275862035 5.61979721415604 5.37100681034482 6.607652586206787 8.14471017241347 7.090190660919333 6.745062873562894 6.190031206896371 5.315349137930866 4.561280574712628 5.127550201149411 5.242012816091945 5.67070442528734 4.292924137931026 3.3597855172413666 4.101376982758613 4.44268771159876 6.161229827586187 6.227603620689637 5.565923103448281 5.1772206321839125 4.031463448275857 4.410615919540254 6.091973563218261 6.752170344827448 6.139741896551693 6.485054827585931 4.8329939655170415 4.94269540229885 5.1224673850574565 8.86709902298837 10.384145574712644 4.75965873563219 6.135205344827564 5.562755517241371 5.456291034482749 4.453753448275871 3.9602234482758547 4.136320517241318 4.840862758620666 5.087943448275822 4.8300270689654905 4.182794137931063 5.182653793103404 4.817477758620686 4.033154310344802 4.898409310344767 5.264691751361134 6.712224540229803 7.110175517241297 9.12691344827575 6.614575517241378 6.963708989480345 7.653364161894137 8.515433299825174 8.515433299825174 8.170605713618277
700.0 700.0 699.0 697.0 688.0 686.0 678.0 688.0 682.0 681.0 682.0 682.0 686.0 686.0 676.0 683.0 677.0 682.0 683.0 688.0 683.0 682.0 681.0 687.0 682.0 684.0 682.0 676.0 680.0 679.0 684.0 682.0 688.0 686.0 684.0 682.0 679.0 683.0 681.0 688.0 684.0 685.0 683.0 682.0 684.0 686.0 687.0 682.0 681.0 684.0 684.0 685.0 685.0 678.0 685.0 683.0 685.0 692.0 700.0 700.0 697.0

H cap
-1.75 -22.75 -1.75 -1.75 8.75 -1.75 5.25 5.25 -5.25 -5.25 47.25 26.25 8.75 19.25 15.75 -1.75 40.25 -5.25 -1.75 29.75 12.25 1.75 5.25 33.25 47.25 5.25 -8.75 43.75 1.75 19.25 82.25 47.25 22.75 47.25 29.75 22.75 54.25 36.75 1.75 54.25 57.75 36.75 68.25 47.25 33.25 12.25 -5.25 12.25 12.25 29.75 82.25 -19.25 -8.75 131.25 131.25 131.25 131.25 131.25 131.25 131.25 131.25
27.5 17.0 17.5 8.5 11.5 20.5 13.0 -1.0 -3.5 5.5 15.5 17.0 9.0 -3.5 -1.0 0.5 8.5 11.5 13.5 19.5 14.0 9.0 10.5 20.5 29.5 17.5 5.0 6.0 12.5 11.5 12.5 22.0 27.0 22.5 4.5 5.5 13.0 5.0 7.5 4.5 7.5 11.5 16.5 28.5 22.5 10.0 7.0 4.5 20.5 41.5 46.5 37.5 37.5 52.5 52.5 52.5 52.5 52.5 52.5 52.5 52.5
49.0 45.5 49.0 45.5 42.0 42.0 42.0 42.0 38.5 35.0 38.5 45.5 45.5 38.5 45.5 45.5 42.0 45.5 52.5 49.0 42.0 35.0 35.0 42.0 45.5 49.0 38.5 42.0 49.0 49.0 52.5 45.5 49.0 52.5 49.0 52.5 45.5 42.0 45.5 49.0 52.5 49.0 49.0 49.0 49.0 45.5 45.5 45.5 45.5 49.0 52.5 49.0 52.5 63.0 63.0 63.0 63.0 63.0 63.0 63.0 63.0
20.75 11.75 5.25 -0.75 -1.25 -2.75 1.25 0.25 10.75 -0.75 -12.25 -10.25 1.75 -2.75 12.25 8.25 4.25 -0.25 2.75 -0.75 -0.25 2.75 0.25 -0.75 0.75 -0.75 -1.75 8.25 3.75 -2.25 6.25 4.25 -15.75 3.75 8.75 -1.25 -3.25 -20.25 3.25 4.25 0.25 3.75 -0.25 -1.25 1.25 -2.75 0.75 5.75 -1.75 -14.25 -1.25 6.25 29.75 78.75 78.75 78.75 78.75 78.75 78.75 78.75 78.75

Gap
NaN

Time
NaN

