T P M C
61 37 4 12

base obj
12.669741293189569

exp obj
11.355247146362766

Objective struct
12.669741293189569 0.0 7.411764705882352

num campaigns
359

x
0 0 0 0 0 0 0 0 0 0 0 0 0 1 0 1 0 1 0 1 0 1 0 0 0 1 0 0 0 1 0 1 0 1 0 1 0 0 0 0 1 0 0 0 1 0 0 0 0 0 0 0 0 1 0 0 0 0 0 0 0
0 0 0 0 0 0 0 0 0 0 0 0 0 0 0 0 0 0 0 0 0 0 0 0 0 0 0 0 0 0 0 0 0 0 0 0 1 0 0 0 0 0 0 0 0 0 0 0 1 0 0 0 0 0 0 0 0 0 0 0 0
0 0 0 0 0 0 0 1 0 0 0 1 0 0 0 0 1 0 0 0 0 0 1 0 0 0 0 1 0 0 0 1 0 0 0 0 0 0 1 0 0 0 0 1 0 0 0 1 0 0 0 0 1 0 0 0 0 0 0 0 0
0 0 0 0 0 1 0 0 1 0 0 1 0 0 1 0 1 0 1 0 1 0 0 0 0 0 0 1 0 0 0 1 0 1 0 0 0 0 0 0 0 0 0 0 0 0 0 1 0 0 0 0 0 0 0 0 0 0 0 0 0
0 0 0 0 0 0 1 0 0 0 1 0 0 1 0 1 0 1 0 0 0 1 0 1 0 0 1 0 1 0 1 0 1 0 1 0 0 0 1 0 0 0 1 0 1 0 1 0 0 0 1 0 0 0 0 0 0 0 0 0 0
0 0 0 0 0 0 0 0 0 0 0 0 0 0 0 0 0 0 0 0 0 0 0 0 0 0 0 0 0 0 0 0 0 0 0 0 0 0 0 0 0 0 1 0 0 0 0 0 1 0 0 0 0 0 0 0 0 0 0 0 0
0 0 0 0 0 0 1 0 0 0 1 0 1 0 1 0 1 0 0 1 0 1 0 0 1 0 0 1 0 1 0 1 0 0 0 1 0 0 0 0 0 0 0 0 0 0 0 0 0 0 0 0 0 0 0 0 0 0 0 0 0
0 0 0 0 1 0 0 0 0 0 0 0 0 0 0 0 0 0 0 0 0 0 0 1 0 0 0 0 0 0 0 0 0 0 0 0 0 0 1 0 0 0 0 0 0 0 0 0 0 0 0 0 0 0 0 1 0 0 0 0 0
0 0 0 0 1 0 0 0 0 0 0 0 0 0 0 0 0 0 0 0 0 0 0 0 0 0 0 0 0 0 0 0 0 0 0 0 0 0 0 0 0 0 0 0 0 0 1 0 0 0 0 0 0 0 0 0 0 0 0 0 0
0 0 0 0 0 0 0 0 0 0 0 0 0 0 0 0 1 0 0 0 0 0 0 0 0 0 0 0 0 0 1 0 0 0 0 0 0 0 0 0 0 0 0 0 0 0 0 1 0 0 1 0 0 0 0 0 0 0 0 0 0
0 0 0 0 1 0 0 0 0 0 0 0 0 0 0 0 1 0 0 0 0 0 0 0 0 0 0 0 1 0 0 0 0 0 0 0 0 0 0 0 0 1 0 0 0 0 0 0 0 0 0 0 0 0 0 1 0 0 0 0 0
0 0 0 0 0 0 0 0 1 0 0 0 0 0 0 0 0 0 0 0 0 0 0 0 0 0 0 1 0 0 0 0 0 0 0 0 0 0 0 0 1 0 0 0 0 0 0 0 0 0 0 0 1 0 0 0 0 0 0 0 0
0 0 0 0 0 0 0 0 0 0 0 0 0 0 0 0 0 0 0 0 0 0 0 0 1 0 0 0 0 0 0 0 0 0 0 0 0 0 0 0 0 0 0 0 0 0 0 0 0 0 0 0 0 0 0 1 0 0 0 0 0
0 0 0 0 0 0 0 0 0 0 1 0 0 0 1 0 0 0 0 0 0 1 0 0 0 0 0 1 0 0 0 0 1 0 0 0 1 0 0 0 0 1 0 0 0 0 1 0 0 0 0 0 0 0 0 0 0 0 0 0 0
0 0 0 0 0 0 0 0 1 0 0 0 0 0 0 0 0 0 1 0 0 0 0 0 0 0 0 0 0 0 0 0 0 0 0 0 0 0 0 0 0 0 0 0 0 0 0 0 0 0 0 0 0 0 0 0 0 0 0 0 0
0 0 0 0 0 0 0 0 0 0 0 1 0 0 0 0 0 0 0 0 0 0 0 0 0 0 0 0 0 0 0 0 0 0 0 0 0 0 0 0 0 0 0 0 0 0 0 0 0 0 0 0 0 0 0 0 0 0 0 0 0
0 0 0 0 0 0 0 0 0 0 0 0 0 1 0 0 0 0 0 0 0 0 0 0 0 0 1 0 0 0 0 0 0 0 0 0 0 0 0 0 0 0 0 1 0 0 0 0 0 0 0 0 1 0 0 0 0 0 0 0 0
0 0 0 0 0 0 1 0 0 0 0 0 0 0 0 0 0 0 0 0 0 0 0 0 0 1 0 0 0 0 0 0 0 0 0 0 0 0 0 0 0 0 0 0 1 0 0 0 0 0 0 0 0 0 0 0 0 0 0 0 0
0 0 0 0 0 0 0 1 0 0 0 0 1 0 1 0 1 0 1 0 1 0 1 0 0 0 0 0 1 0 0 1 0 1 0 1 0 0 1 0 1 0 0 1 0 0 1 0 0 1 0 1 0 1 0 0 0 0 0 0 0
0 0 0 0 1 0 0 0 0 0 0 0 0 0 0 0 0 0 0 0 0 0 0 0 0 0 0 0 0 0 0 0 0 0 0 0 0 0 0 0 0 0 0 0 0 0 0 0 0 0 0 0 0 0 0 1 0 0 0 0 0
0 0 0 0 0 0 1 0 0 0 1 0 0 0 1 0 0 1 0 0 0 0 1 0 0 0 1 0 0 1 0 0 1 0 0 0 0 1 0 0 1 0 0 0 0 0 1 0 0 1 0 0 0 0 0 0 0 0 0 0 0
0 0 0 0 0 0 0 0 0 0 0 0 0 0 0 0 0 0 0 0 0 0 0 0 0 0 0 0 0 0 0 0 0 0 0 0 0 0 0 0 0 0 0 0 0 0 0 0 0 0 0 0 0 0 0 0 0 0 0 0 0
0 0 0 0 0 0 1 0 0 0 0 0 0 0 0 0 0 0 0 0 1 0 0 0 0 0 0 0 0 0 0 0 0 0 1 0 0 0 0 0 0 0 0 0 0 0 0 0 0 1 0 0 0 0 0 0 0 0 0 0 0
0 0 0 0 0 1 0 0 0 0 0 0 1 0 0 0 0 0 0 0 0 0 0 1 0 0 0 0 0 1 0 0 0 0 0 0 0 1 0 0 0 0 0 0 0 1 0 0 0 0 0 0 0 0 0 1 0 0 0 0 0
0 0 0 0 0 0 0 0 0 1 0 0 0 0 0 0 0 0 0 0 0 0 0 0 0 1 0 0 0 0 0 0 0 0 0 0 0 0 0 1 0 0 0 0 0 0 0 0 0 0 0 1 0 0 0 0 0 0 0 0 0
0 0 0 0 1 0 0 0 0 0 1 0 0 0 0 0 1 0 0 0 1 0 0 0 1 0 0 0 1 0 0 0 1 0 0 0 1 0 0 0 0 0 0 0 0 0 0 0 0 0 0 0 0 0 0 0 0 0 0 0 0
0 0 0 0 0 0 0 1 0 0 0 0 0 0 0 0 0 0 0 0 0 0 1 0 0 0 0 0 0 0 0 1 0 0 0 0 0 1 0 0 0 0 0 0 0 1 0 0 0 0 0 0 0 0 1 0 0 0 0 0 0
0 0 0 0 1 0 0 0 0 0 0 0 0 0 0 0 0 0 0 0 0 0 0 0 0 0 0 0 0 0 0 0 0 0 0 0 0 0 0 0 0 0 0 0 0 0 0 0 0 0 0 0 0 0 0 1 0 0 0 0 0
0 0 0 0 0 0 0 0 0 0 0 0 0 0 0 0 0 0 0 0 0 0 0 0 0 0 0 0 0 0 0 0 0 0 0 0 0 0 0 0 0 1 0 0 0 0 0 0 0 0 1 0 0 0 0 0 0 0 0 0 0
0 0 0 0 0 0 1 1 0 0 1 1 1 1 1 1 1 1 1 1 1 1 1 1 0 0 1 1 1 1 1 1 1 1 1 1 1 1 1 1 0 1 1 1 1 1 1 1 1 1 1 0 1 1 1 1 0 0 0 0 0
0 0 0 0 0 0 1 1 0 0 1 1 1 1 1 1 1 1 0 1 1 1 1 1 0 0 0 1 1 1 1 0 1 1 1 1 1 1 1 0 1 0 1 1 1 1 1 1 1 1 1 0 1 1 1 1 0 0 0 0 0
0 0 0 0 0 0 1 1 0 0 1 1 1 0 1 1 1 1 0 1 1 1 1 1 0 0 0 1 1 1 1 1 1 1 1 1 1 1 1 1 0 0 1 1 1 1 1 1 1 1 1 0 0 1 1 1 0 0 0 0 0
0 0 0 0 0 0 0 1 0 0 1 0 0 0 0 1 0 1 0 0 0 0 0 1 0 0 0 0 1 0 1 0 0 1 0 1 0 0 1 0 0 0 1 1 1 0 0 1 0 0 0 0 1 1 0 0 0 0 0 0 0
0 0 0 0 0 0 1 1 0 1 1 0 1 0 1 1 1 1 1 1 0 0 0 1 0 0 0 1 1 1 1 1 1 1 1 1 1 0 1 0 0 0 1 1 1 1 1 1 1 0 0 0 1 1 0 1 0 0 0 0 0
0 0 0 0 0 0 0 0 0 0 0 0 0 0 0 1 1 1 1 1 0 0 0 1 0 0 0 0 1 1 1 0 0 1 0 1 0 0 0 0 0 0 0 1 0 0 0 1 0 0 0 0 0 0 0 1 0 0 0 0 0
0 0 0 0 0 0 1 0 0 0 0 0 0 0 0 0 0 0 0 0 0 0 0 0 0 0 0 0 0 0 0 0 0 0 0 0 0 0 0 0 0 0 0 0 0 0 0 0 0 1 0 0 0 0 0 0 0 0 0 0 0
0 0 0 0 0 0 0 0 0 0 0 0 0 0 0 0 0 0 0 0 0 0 0 0 0 0 0 0 0 0 0 0 0 0 0 0 0 0 0 0 0 0 0 0 0 0 0 0 0 0 0 0 0 0 0 0 0 0 0 0 0

y
0.0 7.363636363636363 0.0 0.0 0.0 1.3636363636363633 0.0 0.0 0.0 1.1785714285714286 0.0 0.0 26.363636363636363 0.0 1.5 0.0 0.0 0.0 0.0 0.0 0.0 0.0 0.0 0.33333333333333304 1.8000000000000007 0.0 0.33333333333333304 0.0 6.45 0.0 0.0 0.0 0.5048543689320388 0.0 0.0 42.0 0.0

k
0 10 3 0 0 10 0 0 0 25 0 0 10 3 5 0 2 0 7 0 0 6 0 3 2 0 4 0 19 8 12 13 88 19 38 50 6

f
12.25 33.25 0.0 8.75 0.0 0.0 0.0 0.0 0.0 0.0 0.0 0.0 0.0 5.25 15.75 5.25 0.0 0.0 0.0 0.0 0.0 0.0 0.0 0.0 0.0 0.0 0.0 1.75 1.75 0.0 0.0 0.0 0.0 0.0 0.0 0.0 0.0 0.0 0.0 0.0 0.0 0.0 0.0 0.0 0.0 0.0 0.0 0.0 0.0 0.0 0.0 5.25 0.0 0.0 0.0 0.0 0.0 0.0 0.0 0.0 0.0
0.0 0.0 0.0 0.0 0.0 0.0 0.0 0.0 0.0 0.0 0.0 0.0 1.5 1.5 0.0 0.0 0.0 0.0 0.0 0.0 0.0 0.0 0.0 0.0 0.0 0.0 0.0 0.0 0.0 0.0 0.0 0.0 0.0 0.0 0.0 0.0 0.0 0.0 0.0 0.0 0.0 0.0 0.0 0.0 0.0 0.0 0.0 0.0 0.0 0.0 0.0 0.0 0.0 0.0 0.0 0.0 0.0 0.0 0.0 0.0 0.0
0.0 0.0 0.0 0.0 0.0 0.0 0.0 0.0 0.0 0.0 0.0 0.0 0.0 0.0 0.0 0.0 0.0 0.0 0.0 0.0 0.0 0.0 0.0 0.0 0.0 0.0 0.0 0.0 0.0 0.0 0.0 0.0 0.0 0.0 0.0 0.0 0.0 0.0 0.0 0.0 0.0 0.0 0.0 0.0 0.0 0.0 0.0 0.0 0.0 0.0 0.0 0.0 0.0 0.0 0.0 0.0 0.0 0.0 0.0 0.0 0.0
0.0 0.0 0.25 1.25 0.0 10.75 0.25 2.75 0.0 0.75 5.25 0.0 0.0 1.75 4.25 0.0 0.75 20.25 1.25 0.0 0.0 5.25 12.75 0.0 0.0 0.0 0.0 0.0 12.25 0.0 0.75 0.0 0.0 1.25 0.0 0.0 2.75 3.25 0.0 0.0 0.0 0.0 0.0 0.0 0.0 2.25 0.0 0.0 8.25 0.0 0.0 1.75 0.0 0.0 0.0 0.0 0.0 0.0 0.0 0.0 0.0

L
2 12 4 2 2 6 2 15 42 3 12 12 31 4 10 0 9 19 2 51 3 0 14 6 12 4 6 51 9 1 1 1 1 1 1 43 0

g
0 0 0 0 0 0 0 0 0 0 0 0 0 0 0 0 0 0 0 0 0 0 0 0 0 0 0 0 0 0 0 0 0 0 0 0 0 0 0 0 0 0 0 0 0 0 0 0 0 0 0 0 0 0 0 0 0 0 0 0 0
0 0 0 0 0 0 0 0 0 0 0 0 0 0 0 0 0 0 0 0 0 0 0 0 0 0 0 0 0 0 0 0 0 0 0 0 0 0 0 0 0 0 0 0 0 0 0 0 0 0 0 0 0 0 0 0 0 0 0 0 0
0 0 0 0 0 0 0 0 0 0 0 0 0 0 0 0 0 0 0 0 0 0 0 0 0 0 0 0 0 0 0 0 0 0 0 0 0 0 0 0 0 0 0 0 0 0 0 0 0 0 0 0 0 0 0 0 0 0 0 0 0
0 0 0 0 0 0 0 0 0 0 0 0 0 0 0 0 0 0 0 0 0 0 0 0 0 0 0 0 0 0 0 0 0 0 0 0 0 0 0 0 0 0 0 0 0 0 0 0 0 0 0 0 0 0 0 0 0 0 0 0 0
0 0 0 0 0 0 0 0 0 0 0 0 0 0 0 0 0 0 0 0 0 0 0 0 0 0 0 0 0 0 0 0 0 0 0 0 0 0 0 0 0 0 0 0 0 0 0 0 0 0 0 0 0 0 0 0 0 0 0 0 0
0 0 0 0 0 0 0 0 0 0 0 0 0 0 0 0 0 0 0 0 0 0 0 0 0 0 0 0 0 0 0 0 0 0 0 0 0 0 0 0 0 0 0 0 0 0 0 0 0 0 0 0 0 0 0 0 0 0 0 0 0
0 0 0 0 0 0 0 0 0 0 0 0 0 0 0 0 0 0 0 0 0 0 0 0 0 0 0 0 0 0 0 0 0 0 0 0 0 0 0 0 0 0 0 0 0 0 0 0 0 0 0 0 0 0 0 0 0 0 0 0 0
0 0 0 0 0 0 0 0 0 0 0 0 0 0 0 0 0 0 0 0 0 0 0 0 0 0 0 0 0 0 0 0 0 0 0 0 0 0 0 0 0 0 0 0 0 0 0 0 0 0 0 0 0 0 0 0 0 0 0 0 0
0 0 0 0 0 0 0 0 0 0 0 0 0 0 0 0 0 0 0 0 0 0 0 0 0 0 0 0 0 0 0 0 0 0 0 0 0 0 0 0 0 0 0 0 0 0 0 0 0 0 0 0 0 0 0 0 0 0 0 0 0
0 0 0 0 0 0 0 0 0 0 0 0 0 0 0 0 0 0 0 0 0 0 0 0 0 0 0 0 0 0 0 0 0 0 0 0 0 0 0 0 0 0 0 0 0 0 0 0 0 0 0 0 0 0 0 0 0 0 0 0 0
0 0 0 0 0 0 0 0 0 0 0 0 0 0 0 0 0 0 0 0 0 0 0 0 0 0 0 0 0 0 0 0 0 0 0 0 0 0 0 0 0 0 0 0 0 0 0 0 0 0 0 0 0 0 0 0 0 0 0 0 0
0 0 0 0 0 0 0 0 0 0 0 0 0 0 0 0 0 0 0 0 0 0 0 0 0 0 0 0 0 0 0 0 0 0 0 0 0 0 0 0 0 0 0 0 0 0 0 0 0 0 0 0 0 0 0 0 0 0 0 0 0
0 0 0 0 0 0 0 0 0 0 0 0 0 0 0 0 0 0 0 0 0 0 0 0 0 0 0 0 0 0 0 0 0 0 0 0 0 0 0 0 0 0 0 0 0 0 0 0 0 0 0 0 0 0 0 0 0 0 0 0 0
0 0 0 0 0 0 0 0 0 0 0 0 0 0 0 0 0 0 0 0 0 0 0 0 0 0 0 0 0 0 0 0 0 0 0 0 0 0 0 0 0 0 0 0 0 0 0 0 0 0 0 0 0 0 0 0 0 0 0 0 0
0 0 0 0 0 0 0 0 0 0 0 0 0 0 0 0 0 0 0 0 0 0 0 0 0 0 0 0 0 0 0 0 0 0 0 0 0 0 0 0 0 0 0 0 0 0 0 0 0 0 0 0 0 0 0 0 0 0 0 0 0
0 0 0 0 0 0 0 0 0 0 0 0 0 0 0 0 0 0 0 0 0 0 0 0 0 0 0 0 0 0 0 0 0 0 0 0 0 0 0 0 0 0 0 0 0 0 0 0 0 0 0 0 0 0 0 0 0 0 0 0 0
0 0 0 0 0 0 0 0 0 0 0 0 0 0 0 0 0 0 0 0 0 0 0 0 0 0 0 0 0 0 0 0 0 0 0 0 0 0 0 0 0 0 0 0 0 0 0 0 0 0 0 0 0 0 0 0 0 0 0 0 0
0 0 0 0 0 0 0 0 0 0 0 0 0 0 0 0 0 0 0 0 0 0 0 0 0 0 0 0 0 0 0 0 0 0 0 0 0 0 0 0 0 0 0 0 0 0 0 0 0 0 0 0 0 0 0 0 0 0 0 0 0
0 0 0 0 0 0 0 0 0 0 0 0 0 0 0 0 0 0 0 0 0 0 0 0 0 0 0 0 0 0 0 0 0 0 0 0 0 0 0 0 0 0 0 0 0 0 0 0 0 0 0 0 0 0 0 0 0 0 0 0 0
0 0 0 0 0 0 0 0 0 0 0 0 0 0 0 0 0 0 0 0 0 0 0 0 0 0 0 0 0 0 0 0 0 0 0 0 0 0 0 0 0 0 0 0 0 0 0 0 0 0 0 0 0 0 0 0 0 0 0 0 0
0 0 0 0 0 0 0 0 0 0 0 0 0 0 0 0 0 0 0 0 0 0 0 0 0 0 0 0 0 0 0 0 0 0 0 0 0 0 0 0 0 0 0 0 0 0 0 0 0 0 0 0 0 0 0 0 0 0 0 0 0
0 0 0 0 0 0 0 0 0 0 0 0 0 0 0 0 0 0 0 0 0 0 0 0 0 0 0 0 0 0 0 0 0 0 0 0 0 0 0 0 0 0 0 0 0 0 0 0 0 0 0 0 0 0 0 0 0 0 0 0 0
0 0 0 0 0 0 0 0 0 0 0 0 0 0 0 0 0 0 0 0 0 0 0 0 0 0 0 0 0 0 0 0 0 0 0 0 0 0 0 0 0 0 0 0 0 0 0 0 0 0 0 0 0 0 0 0 0 0 0 0 0
0 0 0 0 0 0 0 0 0 0 0 0 0 0 0 0 0 0 0 0 0 0 0 0 0 0 0 0 0 0 0 0 0 0 0 0 0 0 0 0 0 0 0 0 0 0 0 0 0 0 0 0 0 0 0 0 0 0 0 0 0
0 0 0 0 0 0 0 0 0 0 0 0 0 0 0 0 0 0 0 0 0 0 0 0 0 0 0 0 0 0 0 0 0 0 0 0 0 0 0 0 0 0 0 0 0 0 0 0 0 0 0 0 0 0 0 0 0 0 0 0 0
0 0 0 0 0 0 0 0 0 0 0 0 0 0 0 0 0 0 0 0 0 0 0 0 0 0 0 0 0 0 0 0 0 0 0 0 0 0 0 0 0 0 0 0 0 0 0 0 0 0 0 0 0 0 0 0 0 0 0 0 0
0 0 0 0 0 0 0 0 0 0 0 0 0 0 0 0 0 0 0 0 0 0 0 0 0 0 0 0 0 0 0 0 0 0 0 0 0 0 0 0 0 0 0 0 0 0 0 0 0 0 0 0 0 0 0 0 0 0 0 0 0
0 0 0 0 0 0 0 0 0 0 0 0 0 0 0 0 0 0 0 0 0 0 0 0 0 0 0 0 0 0 0 0 0 0 0 0 0 0 0 0 0 0 0 0 0 0 0 0 0 0 0 0 0 0 0 0 0 0 0 0 0
0 0 0 0 0 0 0 0 0 0 0 0 0 0 0 0 0 0 0 0 0 0 0 0 0 0 0 0 0 0 0 0 0 0 0 0 0 0 0 0 0 0 0 0 0 0 0 0 0 0 0 0 0 0 0 0 0 0 0 0 0
0 0 0 0 0 0 0 0 0 0 0 0 0 0 0 0 0 0 0 0 0 0 0 0 0 0 0 0 0 0 0 0 0 0 0 0 0 0 0 0 0 0 0 0 0 0 0 0 0 0 0 0 0 0 0 0 0 0 0 0 0
0 0 0 0 0 0 0 0 0 0 0 0 0 0 0 0 0 0 0 0 0 0 0 0 0 0 0 0 0 0 0 0 0 0 0 0 0 0 0 0 0 0 0 0 0 0 0 0 0 0 0 0 0 0 0 0 0 0 0 0 0
0 0 0 0 0 0 0 0 0 0 0 0 0 0 0 0 0 0 0 0 0 0 0 0 0 0 0 0 0 0 0 0 0 0 0 0 0 0 0 0 0 0 0 0 0 0 0 0 0 0 0 0 0 0 0 0 0 0 0 0 0
0 0 0 0 0 0 0 0 0 0 0 0 0 0 0 0 0 0 0 0 0 0 0 0 0 0 0 0 0 0 0 0 0 0 0 0 0 0 0 0 0 0 0 0 0 0 0 0 0 0 0 0 0 0 0 0 0 0 0 0 0
0 0 0 0 0 0 0 0 0 0 0 0 0 0 0 0 0 0 0 0 0 0 0 0 0 0 0 0 0 0 0 0 0 0 0 0 0 0 0 0 0 0 0 0 0 0 0 0 0 0 0 0 0 0 0 0 0 0 0 0 0
0 0 0 0 0 0 0 0 0 0 0 0 0 0 0 0 0 0 0 0 0 0 0 0 0 0 0 0 0 0 0 0 0 0 0 0 0 0 0 0 0 0 0 0 0 0 0 0 0 0 0 0 0 0 0 0 0 0 0 0 0
0 0 0 0 0 0 0 0 0 0 0 0 0 0 0 0 0 0 0 0 0 0 0 0 0 0 0 0 0 0 0 0 0 0 0 0 0 0 0 0 0 0 0 0 0 0 0 0 0 0 0 0 0 0 0 0 0 0 0 0 0
0 0 0 0 0 0 0 0 0 0 0 0 0 0 0 0 0 0 0 0 0 0 0 0 0 0 0 0 0 0 0 0 0 0 0 0 0 0 0 0 0 0 0 0 0 0 0 0 0 0 0 0 0 0 0 0 0 0 0 0 0

I cap
1058.909090909091 1058.909090909091 1001.509090909091 984.1090909090909 989.8000000000063 797.6000000000063 875.3400000000031 1050.2000000000005 588.1199999999972 894.9000000000069 637.7400000000073 414.8600000000122 612.6000000000072 733.7199999999896 634.0400000000018 665.3490909091001 161.4890909090903 341.8490909091088 270.1690909091025 574.6890909090932 416.14909090909714 511.6690909090958 492.0090909091003 592.7890909090916 388.5290909090978 638.7690909090973 664.0690909091063 490.32909090911375 523.7890909091077 492.54909090910195 589.109090909091 273.68909090908704 389.849090909091 304.4490909090989 164.44000000000028 341.040000000001 263.5000000000001 508.9400000000098 430.4800000000093 618.440000000016 558.0600000000175 758.5599999999965 563.7600000000032 606.620000000016 628.7000000000071 546.0199999999979 752.9400000000117 610.8400000000133 624.5800000000099 877.5400000000252 810.8400000000092 751.400000000001 861.9400000000219 928.6600000000051 949.2600000000098 1090.8400000000115 751.1490909090955 907.509090909095 1023.909090909091 1058.909090909091 1058.909090909091
107.96969696969697 107.96969696969697 70.96969696969697 59.369696969696946 13.000000000000028 21.399999999999977 40.660000000000096 61.79999999999998 39.88000000000037 96.10000000000021 85.26000000000002 81.14 85.39999999999992 80.27999999999975 85.95999999999994 96.52969696969707 2.389696969697031 22.029696969696914 33.70969696969718 88.18969696969731 69.72969696969713 48.20969696969708 44.869696969697344 40.08969696969686 16.349696969697035 31.109696969697016 40.80969696969731 21.549696969697287 32.08969696969696 25.3296969696965 40.76969696969675 30.189696969696993 77.02969696969689 60.42969696969702 66.55999999999982 75.95999999999997 38.500000000001194 39.060000000000514 12.520000000000493 38.560000000000116 13.940000000000254 6.4400000000000395 33.239999999999384 67.37999999999985 95.29999999999977 65.97999999999983 60.060000000000144 44.15999999999994 57.4199999999999 91.46000000000001 84.15999999999991 77.60000000000005 40.06000000000001 22.94000000000014 18.340000000000337 3.9600000000003557 4.729696969697059 18.369696969696918 72.96969696969697 107.96969696969697 107.96969696969697
38.96666666666666 38.96666666666666 14.033333333333328 14.033333333333328 27.96666666666666 29.325 13.958333333333332 4.158333333333335 5.558333333333341 32.2 16.133333333333333 14.733333333333336 2.833333333333334 29.4 2.833333333333334 17.300000000000004 10.300000000000002 17.300000000000004 10.300000000000002 17.300000000000004 24.96666666666666 31.96666666666666 10.299999999999997 17.300000000000004 4.6250000000000036 26.291666666666668 11.625000000000004 11.625000000000004 17.300000000000004 17.300000000000004 17.300000000000004 17.300000000000004 17.300000000000004 10.300000000000004 2.1333333333333346 4.899999999999999 11.2 1.4333333333333353 5.633333333333331 9.133333333333333 9.133333333333333 18.23333333333334 25.233333333333377 26.525000000000063 23.725 21.625 11.158333333333331 29.43333333333335 23.13333333333336 24.533333333333367 27.33333333333338 20.33333333333338 45.50000000000007 10.066666666666702 19.16666666666666 29.366666666666667 38.96666666666666 38.96666666666666 38.96666666666666 38.96666666666666 38.96666666666666
45.24545454545453 45.24545454545453 43.77545454545453 41.67545454545453 30.450000000000017 31.720000000000134 29.050000000000434 34.37000000000107 30.750000000000227 31.90000000000029 31.00000000000021 18.220000000000095 18.97000000000014 18.280000000000054 15.830000000000064 31.24545454545496 21.925454545454972 23.17545454545497 24.895454545455014 31.245454545454926 28.245454545454944 30.4054545454548 25.85545454545511 29.545454545455275 36.39545454545577 36.485454545455035 30.805454545454978 24.085454545454947 26.685454545454963 27.325454545454956 28.905454545455232 19.825454545455045 24.645454545455056 22.495454545455416 28.000000000000302 23.59000000000014 22.4600000000001 22.260000000000186 21.560000000000215 41.35 29.440000000000587 33.03000000000115 36.98000000000006 30.510000000000428 30.080000000000528 27.63000000000039 25.810000000000272 17.05000000000023 19.390000000000203 34.93000000000014 45.46000000000002 44.27000000000006 40.57000000000001 36.390000000000065 29.04000000000057 37.760000000000076 40.24545454545453 43.40545454545453 43.91545454545453 45.24545454545453 45.24545454545453
20.999999999999993 20.999999999999993 20.369999999999994 20.069999999999993 13.410000000000002 20.139999999999986 17.12999999999996 13.499999999999961 7.879999999999992 13.79000000000001 19.61999999999996 11.81000000000001 9.829999999999965 12.329999999999934 7.710000000000008 10.599999999999952 4.529999999999932 5.950000000000028 8.519999999999923 13.599999999999937 11.199999999999893 10.179999999999966 7.4999999999999005 7.059999999999963 11.269999999999971 16.73999999999996 19.449999999999854 11.139999999999914 10.04000000000002 7.650000000000004 9.82000000000001 7.229999999999962 10.240000000000027 8.52000000000005 10.600000000000037 13.610000000000033 9.479999999999972 9.759999999999955 6.689999999999911 8.350000000000025 4.1 15.970000000000011 11.419999999999963 13.35999999999999 7.020000000000028 6.699999999999974 9.910000000000018 5.440000000000049 7.930000000000021 7.280000000000026 9.320000000000006 12.509999999999998 10.050000000000002 7.450000000000052 6.529999999999804 9.929999999999886 14.159999999999975 17.370000000000005 20.429999999999993 20.999999999999993 20.999999999999993
345.75757575757575 345.75757575757575 345.75757575757575 345.75757575757575 259.0 254.4588235294119 252.32941176470587 222.87117647058858 244.43058823529452 247.48882352941223 191.32941176470612 140.64000000000019 238.21117647058801 214.49941176470657 184.7194117647075 213.4075757575754 199.2175757575763 228.98875222816406 244.81698752228192 262.78698752228155 232.65757575757536 244.04757575757603 238.5775757575762 260.47875222816435 272.92816399287085 322.9375757575755 268.696399286988 202.4369875222827 209.48757575757625 249.07757575757597 230.37757575757522 194.0175757575754 222.21757575757593 217.48757575757517 151.70000000000218 197.55000000000018 214.43999999999969 224.6199999999999 209.76000000000008 247.71117647058838 278.780588235294 320.7388235294135 236.5494117647065 242.80000000000013 218.54000000000093 207.7599999999999 259.00999999999954 225.8300000000023 292.5400000000013 329.7400000000007 289.9811764705905 246.510588235296 321.84882352941315 284.06941176470815 284.76000000000147 300.0011764705881 279.73816399287 332.80757575757576 345.75757575757575 345.75757575757575 345.75757575757575
779.7575757575758 779.7575757575758 762.7475757575758 738.4475757575758 611.2499999999992 698.1100000000005 757.6299999999998 686.7000000000004 740.5199999999998 712.2499999999998 722.74 704.1099999999989 777.1599999999996 766.3499999999992 672.7800000000002 643.2475757575766 535.3675757575759 585.3775757575747 611.1975757575749 713.8875757575761 667.687575757578 712.7675757575747 581.7175757575752 570.3375757575759 626.9675757575742 712.3675757575763 704.9975757575755 504.1875757575769 579.0075757575746 595.1875757575756 681.7375757575749 613.7875757575762 554.8275757575752 539.2175757575757 501.549999999999 621.4600000000016 748.4499999999998 714.680000000001 574.9200000000011 578.5999999999981 591.7900000000024 614.9400000000003 494.3799999999999 454.18999999999824 490.22999999999877 534.2899999999969 542.6599999999996 459.0900000000004 572.589999999999 621.1799999999967 705.1899999999995 573.8799999999982 491.8499999999967 552.2600000000002 634.6200000000005 587.8500000000005 685.5375757575765 740.1775757575757 764.3675757575758 779.7575757575758 779.7575757575758
80.73333333333335 80.73333333333335 79.89333333333335 77.49333333333334 64.38 84.72000000000001 76.10666666666665 79.12999999999998 77.64333333333333 84.49666666666666 73.44 81.89333333333333 91.11666666666667 90.55333333333331 81.89666666666666 70.23333333333329 65.43333333333334 66.42333333333333 66.42333333333329 70.23333333333318 72.16666666666667 77.02333333333334 75.01333333333332 71.44 73.3566666666667 78.35333333333331 77.73333333333332 67.55999999999993 66.39333333333332 66.69333333333336 69.87333333333329 65.13333333333334 67.71333333333335 66.42333333333335 37.79999999999998 60.12999999999906 67.68999999999949 70.1633333333327 66.81666666666617 71.8433333333333 71.73999999999974 76.74000000000001 71.54666666666668 74.92999999999999 76.94000000000001 77.84999999999998 73.93 65.83000000000001 60.36999999999986 68.02333333333304 73.00999999999969 67.87999999999869 58.55666666666629 53.13999999999944 57.38333333333238 58.956666666666464 75.99666666666668 79.89333333333335 79.97333333333334 80.73333333333335 80.73333333333335
10.775757575757575 10.775757575757575 9.725757575757573 9.725757575757573 7.050000000000004 8.75 4.419999999999994 2.119999999999998 0.2699999999999987 0.6699999999999999 0.5699999999999941 0.09000000000000696 5.2500000000000036 2.4199999999999986 0.5800000000000018 1.185757575757573 1.1457575757575755 1.1457575757575738 0.04575757575757322 1.1457575757575826 4.345757575757583 6.315757575757594 7.325757575757581 1.4257575757575713 2.1257575757575733 9.725757575757576 5.595757575757574 0.15575757575758153 1.1857575757575685 4.775757575757575 4.775757575757572 5.575757575757568 5.9757575757575685 2.77575757575757 5.599999999999999 2.54 1.7000000000000053 4.440000000000007 1.040000000000009 3.950000000000009 9.45 3.450000000000001 0.7000000000000011 6.569999999999992 1.2800000000000065 4.510000000000002 8.500000000000002 4.740000000000008 9.750000000000004 11.39 5.989999999999984 0.7000000000000153 9.07000000000002 0.2300000000000093 1.3600000000000088 1.8500000000000112 2.125757575757575 9.725757575757578 9.825757575757578 10.775757575757575 10.775757575757575
2.545454545454545 2.545454545454545 2.545454545454545 1.645454545454545 1.3599999999999999 0.5599999999999999 0.08000000000000718 0.10000000000000053 1.8100000000000034 1.3800000000000006 2.0800000000000054 0.7699999999999999 0.7699999999999999 0.6300000000000002 0.6300000000000002 0.44545454545454655 0.44545454545454743 0.4454545454545532 0.44545454545454655 0.4454545454545479 0.445454545454547 1.075454545454547 1.0754545454545479 1.2854545454545505 0.17545454545455397 0.2054545454545481 0.5954545454545571 0.2954545454545501 0.5654545454545546 0.3554545454545506 1.0754545454545532 0.44545454545454743 0.4454545454545501 0.445454545454547 0.700000000000001 0.07000000000000095 0.5800000000000013 0.9600000000000007 1.0300000000000127 0.7699999999999999 0.9700000000000019 0.5400000000000008 0.8200000000000126 0.1399999999999999 1.2600000000000007 1.0600000000000018 0.030000000000000693 1.4700000000000069 1.3299999999999998 0.2900000000000009 1.6900000000000144 2.170000000000001 1.1800000000000037 2.640000000000007 1.2400000000000024 1.0600000000000045 0.41545454545454763 1.4354545454545573 2.545454545454545 2.545454545454545 2.545454545454545
8.515433299825174 8.515433299825174 8.515433299825174 8.515433299825164 6.169363678160918 6.481866179673296 5.0549148563218305 7.143042613430018 9.41080212643662 8.40077747277663 8.638166494252705 8.165893275861862 7.468797413793016 5.949211609195405 6.1620329597701 4.667300172413786 4.348865517241355 3.6084415517241117 4.281050057471242 4.4008024425287156 5.13579133228839 5.643988620689631 6.227603620689615 4.628899509981841 6.434691896551715 5.9926249727767615 5.560041206896502 6.436801149425094 5.803894655172298 5.639742068965478 6.243675689654916 5.631269655172147 4.621430862068964 4.7540765804597624 8.522271609195274 9.464605517241372 5.0757506896551705 6.480032931034474 5.217927931034484 6.077888130671506 5.963765547489405 5.16194758620688 4.251263045976994 4.66844896551724 4.053460689655146 5.5127855172413565 3.4327939655172326 3.889550344827576 3.5071331034482798 5.555568275862041 6.471730716878344 6.225520719903171 6.40647758620685 6.447532183907979 8.347603103448133 4.731000027223226 7.1073869779860885 7.825777954997585 8.515433299825174 8.515433299825174 8.170605713618277
700.0 700.0 699.0 697.0 690.0 686.0 679.0 684.0 685.0 688.0 682.0 679.0 681.0 686.0 680.0 683.0 678.0 683.0 683.0 685.0 684.0 681.0 678.0 681.0 684.0 682.0 679.0 679.0 683.0 680.0 683.0 680.0 678.0 684.0 682.0 686.0 685.0 680.0 683.0 683.0 686.0 681.0 687.0 686.0 687.0 685.0 680.0 677.0 683.0 687.0 687.0 681.0 683.0 680.0 688.0 682.0 690.0 689.0 700.0 700.0 697.0

H cap
-12.25 -33.25 8.75 -8.75 19.25 47.25 89.25 43.75 43.75 26.25 15.75 26.25 5.25 -5.25 -15.75 -5.25 12.25 1.75 8.75 8.75 47.25 22.75 1.75 57.75 57.75 15.75 26.25 -1.75 -1.75 36.75 12.25 12.25 22.75 57.75 8.75 36.75 36.75 26.25 64.75 54.25 1.75 5.25 36.75 33.25 29.75 5.25 43.75 78.75 78.75 36.75 50.75 -5.25 12.25 131.25 131.25 131.25 131.25 131.25 131.25 131.25 131.25
42.5 40.0 31.0 13.0 22.5 40.0 25.5 11.5 21.5 20.5 13.0 6.0 -1.5 -1.5 11.0 14.0 19.0 18.0 15.0 13.0 20.5 40.5 37.5 16.5 4.5 8.5 5.5 3.5 9.5 8.0 13.0 13.5 7.5 20.5 16.0 22.0 36.5 27.5 18.5 8.0 5.0 15.5 15.5 2.5 7.5 23.5 19.5 31.5 31.0 11.0 20.5 13.5 25.5 52.5 52.5 52.5 52.5 52.5 52.5 52.5 52.5
45.5 38.5 45.5 42.0 45.5 56.0 56.0 45.5 45.5 45.5 45.5 49.0 35.0 35.0 45.5 49.0 45.5 42.0 45.5 42.0 45.5 49.0 49.0 49.0 42.0 42.0 49.0 38.5 38.5 45.5 45.5 49.0 49.0 49.0 42.0 49.0 56.0 49.0 52.5 49.0 42.0 45.5 45.5 42.0 49.0 52.5 45.5 49.0 52.5 49.0 52.5 42.0 45.5 63.0 63.0 63.0 63.0 63.0 63.0 63.0 63.0
44.25 15.75 -0.25 -1.25 0.25 -10.75 -0.25 -2.75 2.75 -0.75 -5.25 7.25 1.25 -1.75 -4.25 1.75 -0.75 -20.25 -1.25 2.75 14.25 -5.25 -12.75 0.25 4.75 0.25 0.25 2.75 -12.25 3.75 -0.75 3.25 3.25 -1.25 4.25 1.75 -2.75 -3.25 4.75 6.25 0.75 3.75 0.75 4.25 6.75 -2.25 0.25 2.25 -8.25 0.75 33.25 -1.75 11.25 78.75 78.75 78.75 78.75 78.75 78.75 78.75 78.75

Gap
NaN

Time
NaN

