T P M C
61 37 4 12

base obj
12.188197890682677

exp obj
11.244089594482595

Objective struct
12.188197890682677 0.1568627450980392 8.254901960784313

num campaigns
411

x
0 0 0 0 1 0 0 0 0 0 0 0 1 0 0 1 0 0 0 1 0 0 0 1 0 0 1 0 0 1 0 0 1 0 0 0 0 0 1 0 0 0 1 0 0 0 1 0 0 1 0 0 0 1 0 0 0 0 0 0 0
0 0 0 0 0 0 0 0 0 0 0 1 0 0 0 0 0 0 0 0 0 0 0 0 0 0 0 0 0 0 0 0 0 0 0 0 0 1 0 0 0 0 0 0 0 0 0 0 1 0 0 0 0 0 0 0 0 0 0 0 0
0 0 0 0 0 0 0 1 0 0 0 0 0 0 1 0 0 0 0 0 0 0 0 0 0 1 0 0 0 0 1 0 0 0 0 1 0 0 0 0 0 0 1 0 0 0 0 1 0 0 0 0 0 0 1 0 0 0 0 0 0
0 0 0 0 0 0 0 0 1 1 1 1 1 1 1 0 1 1 1 0 1 0 0 0 0 0 0 0 0 0 0 0 0 0 0 0 0 0 0 0 0 0 0 0 0 0 0 0 0 0 0 0 0 0 0 0 0 0 0 0 0
0 0 0 0 0 0 1 0 0 0 1 0 0 1 0 0 0 1 0 0 0 1 0 0 1 0 0 1 0 0 1 0 0 1 0 0 1 0 0 1 0 0 1 0 0 1 0 0 1 0 0 1 0 0 1 0 0 0 0 0 0
0 0 0 0 0 0 0 0 1 0 0 0 0 0 0 0 0 0 0 0 0 0 0 0 0 0 0 0 0 0 0 0 0 1 0 0 0 0 0 0 0 0 0 0 0 0 0 0 0 0 0 0 0 0 0 0 0 0 0 0 0
0 0 0 0 0 0 0 1 0 0 1 0 1 0 1 0 0 1 0 1 0 1 0 1 0 1 0 0 0 1 0 1 0 1 0 0 0 0 0 0 0 0 0 0 0 0 0 0 0 0 0 0 0 0 0 0 0 0 0 0 0
0 0 0 0 1 0 0 0 0 0 0 0 0 0 0 0 0 0 0 0 1 0 0 0 0 0 0 0 0 0 0 0 0 0 0 0 1 0 0 0 0 0 0 0 0 0 0 0 0 0 0 0 1 0 0 0 0 0 0 0 0
0 0 0 0 0 0 0 0 0 0 0 0 0 0 0 0 1 0 0 0 0 0 0 0 0 0 0 0 0 0 0 0 0 0 0 0 0 0 0 0 0 0 0 0 0 0 0 0 0 0 0 0 0 0 0 1 0 0 0 0 0
0 0 0 0 0 0 0 0 0 0 1 0 0 0 1 0 0 0 0 0 0 1 0 0 0 0 0 0 0 0 0 1 0 0 1 0 1 0 0 0 0 0 0 0 0 0 0 1 0 1 0 0 0 0 0 0 0 0 0 0 0
0 0 0 0 0 1 0 0 0 0 0 0 0 0 1 0 0 0 0 0 0 0 0 0 1 0 0 0 0 0 0 0 0 0 0 0 0 0 1 0 0 0 0 0 0 0 0 1 0 0 0 0 0 0 0 0 0 0 0 0 0
0 0 0 0 0 0 1 0 0 0 0 0 0 0 0 0 0 0 0 0 0 0 0 1 0 0 0 0 0 0 0 0 0 0 0 0 0 0 0 0 1 0 0 0 0 0 0 0 0 0 0 0 0 1 0 0 0 0 0 0 0
0 0 0 0 0 0 0 0 0 0 0 0 0 0 0 0 0 0 0 1 0 0 0 0 0 0 0 0 0 0 0 0 0 0 0 0 0 0 0 0 0 0 0 0 0 0 0 0 0 0 1 0 0 0 0 0 0 0 0 0 0
0 0 0 0 0 0 1 0 0 0 0 1 0 0 0 0 1 0 0 0 0 1 0 0 0 0 0 0 0 0 1 0 0 0 0 1 0 0 0 0 0 1 0 0 0 0 0 0 0 0 0 0 0 0 0 1 0 0 0 0 0
0 0 0 0 0 0 0 0 1 0 0 0 0 0 0 0 0 0 0 0 0 0 0 0 0 0 0 0 1 0 0 0 0 0 0 0 0 0 0 0 0 0 0 0 0 0 0 0 0 0 0 0 0 0 0 0 0 0 0 0 0
0 0 0 0 0 0 0 0 0 0 0 0 0 0 0 0 0 0 0 0 0 0 1 0 0 0 0 0 0 0 0 0 0 0 0 0 0 0 0 0 0 0 0 0 0 0 0 0 0 0 0 0 0 0 0 0 0 0 0 0 0
0 0 0 0 0 0 0 0 0 0 0 0 0 1 0 0 0 0 0 0 0 0 0 0 1 0 0 0 0 0 0 0 0 0 0 0 0 0 0 0 0 0 0 1 0 0 0 0 0 0 0 0 0 0 0 1 0 0 0 0 0
0 0 0 0 0 0 1 0 0 0 0 0 0 0 0 0 0 0 0 0 0 0 0 0 0 1 0 0 0 0 0 0 0 0 0 0 0 0 0 0 0 0 0 0 1 0 0 0 0 0 0 0 0 0 0 0 0 0 0 0 0
0 0 0 0 0 0 1 0 0 0 1 0 0 1 0 1 0 1 0 0 0 1 0 1 0 0 0 0 1 0 1 0 1 0 0 1 0 1 0 1 0 0 1 0 1 0 1 0 1 0 1 0 1 0 0 1 0 0 0 0 0
0 0 0 0 0 1 0 0 0 0 0 0 0 0 0 0 0 0 0 0 0 0 0 0 0 0 0 0 0 0 0 0 0 0 0 0 0 0 0 0 0 0 0 0 0 0 0 0 0 0 0 0 0 0 0 1 0 0 0 0 0
0 0 0 0 0 0 1 0 0 0 1 0 0 1 0 0 1 0 0 1 0 0 0 1 0 0 1 0 0 1 0 0 0 0 0 0 0 0 1 0 0 0 0 1 0 0 1 0 0 0 1 0 0 0 0 0 0 0 0 0 0
0 0 0 0 0 0 0 0 0 0 0 0 0 0 0 0 0 0 0 0 0 0 0 0 0 0 0 0 0 0 0 0 0 0 0 0 0 0 0 0 0 0 0 0 0 0 0 0 0 0 0 0 0 0 0 0 0 0 0 0 0
0 0 0 0 1 0 0 0 0 0 0 0 0 0 0 0 0 0 0 0 0 0 0 0 0 0 0 1 0 0 0 0 0 0 0 0 0 0 0 0 0 0 0 0 1 0 0 0 0 0 0 0 0 0 0 0 0 0 0 0 0
0 0 0 0 0 0 0 0 0 1 0 0 0 0 0 0 0 0 0 0 0 0 0 0 0 1 0 0 0 0 0 0 0 0 1 0 0 0 0 0 1 0 0 0 0 0 1 0 0 0 0 0 0 1 0 0 0 0 0 0 0
0 0 0 0 0 0 0 0 0 0 0 0 0 0 0 0 0 0 1 0 0 0 0 0 0 0 0 0 0 0 0 0 0 0 0 0 0 0 0 1 0 0 0 0 0 0 0 0 0 0 0 1 0 0 0 0 0 0 0 0 0
0 0 0 0 0 0 0 0 0 0 1 0 0 0 0 0 1 0 0 0 0 1 0 0 0 0 1 0 0 0 0 1 0 0 0 0 0 1 0 0 0 0 1 0 0 0 0 1 0 0 0 0 0 0 0 0 0 0 0 0 0
0 0 0 0 0 0 0 0 0 1 0 0 0 0 0 1 0 1 0 0 0 0 0 0 0 0 0 1 0 0 0 1 0 1 0 0 0 0 1 0 0 0 0 0 0 0 0 1 0 1 0 1 0 0 0 0 0 0 0 0 0
0 0 0 0 0 0 1 0 0 0 0 0 0 0 0 0 0 0 0 0 0 0 0 0 0 0 0 0 0 0 0 0 0 0 0 0 0 0 0 0 0 0 0 0 0 0 0 0 0 0 0 0 0 0 0 1 0 0 0 0 0
0 0 0 0 0 0 0 0 0 0 0 0 0 0 0 0 0 0 0 0 0 0 0 0 0 0 0 0 0 0 0 0 0 0 0 0 0 0 0 0 0 1 0 0 0 1 0 0 0 0 0 0 0 0 0 0 0 0 0 0 0
0 0 0 0 0 0 1 1 0 0 1 1 1 1 1 1 1 1 1 1 1 1 1 1 1 1 1 1 1 1 1 1 1 1 1 1 1 1 1 1 1 1 1 1 1 1 0 1 1 1 1 1 1 1 1 1 0 0 0 0 0
0 0 0 0 0 0 1 1 0 0 1 1 1 1 1 1 1 1 1 1 1 1 1 1 1 1 1 1 1 1 1 1 1 1 1 1 1 1 1 0 1 0 1 1 1 1 0 0 1 1 1 1 1 1 1 1 0 0 0 0 0
0 0 0 0 0 0 1 1 0 0 1 1 1 1 1 1 1 1 0 0 1 1 1 1 1 1 1 0 0 1 1 1 1 1 1 1 1 1 1 0 1 0 0 1 1 1 0 0 1 1 1 1 1 1 1 1 0 0 0 0 0
0 0 0 0 0 0 6 0 0 0 2 2 0 2 2 0 0 3 0 0 4 2 1 1 2 0 0 0 0 2 1 3 4 0 0 0 4 3 0 0 0 0 0 2 1 2 0 0 5 2 1 0 0 0 0 0 0 0 0 0 0
0 0 0 0 0 0 1 1 0 0 1 1 1 1 1 1 0 1 0 0 1 1 1 1 1 1 0 0 0 1 1 1 1 1 1 1 1 1 0 0 0 0 0 1 1 1 0 0 1 1 1 1 1 0 0 1 0 0 0 0 0
0 0 0 0 0 0 1 0 0 0 0 0 1 0 0 0 0 1 0 0 1 0 0 1 0 0 0 0 0 0 1 0 1 0 0 0 1 1 0 0 0 0 0 1 0 0 0 0 1 0 1 0 1 0 0 0 0 0 0 0 0
0 0 0 0 0 0 0 0 1 0 0 0 0 0 0 0 0 0 0 0 0 0 0 0 0 0 0 0 0 0 0 0 0 0 1 0 0 0 0 0 0 0 0 0 0 0 0 0 0 0 0 0 0 0 0 0 0 0 0 0 0
0 0 0 0 0 0 0 0 0 0 0 0 0 0 0 0 0 0 0 0 0 0 0 0 0 0 0 0 0 0 0 0 0 0 0 0 0 0 0 0 0 0 0 0 0 0 0 0 0 0 0 0 0 0 0 0 0 0 0 0 0

y
0.0 6.363636363636363 0.75 0.0 0.0 20.363636363636363 0.0 0.0 0.0 0.1785714285714286 0.0 0.0 26.363636363636363 0.0 11.5 0.0 0.8000000000000007 0.0 0.0 0.0 0.0 0.0 0.0 0.33333333333333304 1.8000000000000007 0.0 0.0 0.0 1.4500000000000002 0.0 0.0 0.0 0.0 0.0 0.0 25.0 0.0

k
0 9 5 0 1 10 0 0 0 21 0 0 10 3 5 0 2 0 5 0 0 6 1 4 3 0 0 0 19 5 8 13 47 19 39 50 6

f
8.75 29.75 1.75 1.75 0.0 5.25 0.0 0.0 0.0 0.0 0.0 1.75 5.25 0.0 0.0 0.0 5.25 0.0 0.0 0.0 0.0 0.0 0.0 0.0 0.0 5.25 0.0 0.0 0.0 5.25 0.0 0.0 0.0 0.0 5.25 0.0 0.0 0.0 0.0 0.0 0.0 0.0 0.0 1.75 0.0 5.25 0.0 0.0 0.0 5.25 0.0 0.0 0.0 0.0 0.0 0.0 0.0 0.0 0.0 0.0 0.0
0.0 0.0 0.0 6.0 0.0 0.0 0.0 5.5 0.5 0.0 7.0 0.0 0.0 0.5 0.0 0.0 0.0 14.0 0.0 0.0 1.5 0.0 0.0 0.0 0.0 0.0 0.0 6.0 10.5 0.5 0.0 0.0 6.0 13.5 0.0 0.0 0.0 0.0 0.0 0.0 0.0 0.0 0.0 0.0 0.0 13.5 1.5 0.0 0.0 0.0 0.0 0.0 0.0 0.0 0.0 0.0 0.0 0.0 0.0 0.0 0.0
0.0 0.0 0.0 0.0 0.0 0.0 0.0 0.0 0.0 0.0 0.0 0.0 0.0 0.0 0.0 0.0 0.0 0.0 0.0 0.0 0.0 0.0 0.0 0.0 0.0 0.0 0.0 0.0 0.0 0.0 0.0 0.0 0.0 0.0 0.0 0.0 0.0 0.0 0.0 0.0 0.0 0.0 0.0 0.0 0.0 0.0 0.0 0.0 0.0 0.0 0.0 0.0 0.0 0.0 0.0 0.0 0.0 0.0 0.0 0.0 0.0
0.0 0.0 0.0 0.75 1.25 20.25 0.0 2.25 1.25 0.0 0.0 0.0 3.75 0.0 0.0 10.25 0.0 0.25 0.25 0.0 1.75 0.0 1.75 1.75 6.75 0.0 1.75 0.25 0.0 0.0 1.25 1.25 0.0 0.0 0.0 7.75 4.75 0.0 7.25 0.0 0.0 0.0 2.75 10.25 0.0 0.75 0.0 4.25 0.0 3.25 0.0 2.25 0.0 0.0 0.0 0.0 0.0 0.0 0.0 0.0 0.0

L
3 11 5 1 3 25 2 16 39 2 9 13 31 5 20 0 11 19 2 50 3 0 17 6 12 5 2 49 4 1 1 1 0 1 1 26 0

g
0 0 0 0 0 0 0 0 0 0 0 0 0 0 0 0 0 0 0 0 0 0 0 0 0 0 0 0 0 0 0 0 0 0 0 0 0 0 0 0 0 0 0 0 0 0 0 0 0 0 0 0 0 0 0 0 0 0 0 0 0
0 0 0 0 0 0 0 0 0 0 0 0 0 0 0 0 0 0 0 0 0 0 0 0 0 0 0 0 0 0 0 0 0 0 0 0 0 0 0 0 0 0 0 0 0 0 0 0 0 0 0 0 0 0 0 0 0 0 0 0 0
0 0 0 0 0 0 0 0 0 0 0 0 0 0 0 0 0 0 0 0 0 0 0 0 0 0 0 0 0 0 0 0 0 0 0 0 0 0 0 0 0 0 0 0 0 0 0 0 0 0 0 0 0 0 0 0 0 0 0 0 0
0 0 0 0 0 0 0 0 0 0 0 0 0 0 0 0 0 0 0 0 0 0 0 0 0 0 0 0 0 0 0 0 0 0 0 0 0 0 0 0 0 0 0 0 0 0 0 0 0 0 0 0 0 0 0 0 0 0 0 0 0
0 0 0 0 0 0 0 0 0 0 0 0 0 0 0 0 0 0 0 0 0 0 0 0 0 0 0 0 0 0 0 0 0 0 0 0 0 0 0 0 0 0 0 0 0 0 0 0 0 0 0 0 0 0 0 0 0 0 0 0 0
0 0 0 0 0 0 0 0 0 0 0 0 0 0 0 0 0 0 0 0 0 0 0 0 0 0 0 0 0 0 0 0 0 0 0 0 0 0 0 0 0 0 0 0 0 0 0 0 0 0 0 0 0 0 0 0 0 0 0 0 0
0 0 0 0 0 0 0 0 0 0 0 0 0 0 0 0 0 0 0 0 0 0 0 0 0 0 0 0 0 0 0 0 0 0 0 0 0 0 0 0 0 0 0 0 0 0 0 0 0 0 0 0 0 0 0 0 0 0 0 0 0
0 0 0 0 0 0 0 0 0 0 0 0 0 0 0 0 0 0 0 0 0 0 0 0 0 0 0 0 0 0 0 0 0 0 0 0 0 0 0 0 0 0 0 0 0 0 0 0 0 0 0 0 0 0 0 0 0 0 0 0 0
0 0 0 0 0 0 0 0 0 0 0 0 0 0 0 0 0 0 0 0 0 0 0 0 0 0 0 0 0 0 0 0 0 0 0 0 0 0 0 0 0 0 0 0 0 0 0 0 0 0 0 0 0 0 0 0 0 0 0 0 0
0 0 0 0 0 0 0 0 0 0 0 0 0 0 0 0 0 0 0 0 0 0 0 0 0 0 0 0 0 0 0 0 0 0 0 0 0 0 0 0 0 0 0 0 0 0 0 0 0 0 0 0 0 0 0 0 0 0 0 0 0
0 0 0 0 0 0 0 0 0 0 0 0 0 0 0 0 0 0 0 0 0 0 0 0 0 0 0 0 0 0 0 0 0 0 0 0 0 0 0 0 0 0 0 0 0 0 0 0 0 0 0 0 0 0 0 0 0 0 0 0 0
0 0 0 0 0 0 0 0 0 0 0 0 0 0 0 0 0 0 0 0 0 0 0 0 0 0 0 0 0 0 0 0 0 0 0 0 0 0 0 0 0 0 0 0 0 0 0 0 0 0 0 0 0 0 0 0 0 0 0 0 0
0 0 0 0 0 0 0 0 0 0 0 0 0 0 0 0 0 0 0 0 0 0 0 0 0 0 0 0 0 0 0 0 0 0 0 0 0 0 0 0 0 0 0 0 0 0 0 0 0 0 0 0 0 0 0 0 0 0 0 0 0
0 0 0 0 0 0 0 0 0 0 0 0 0 0 0 0 0 0 0 0 0 0 0 0 0 0 0 0 0 0 0 0 0 0 0 0 0 0 0 0 0 0 0 0 0 0 0 0 0 0 0 0 0 0 0 0 0 0 0 0 0
0 0 0 0 0 0 0 0 0 0 0 0 0 0 0 0 0 0 0 0 0 0 0 0 0 0 0 0 0 0 0 0 0 0 0 0 0 0 0 0 0 0 0 0 0 0 0 0 0 0 0 0 0 0 0 0 0 0 0 0 0
0 0 0 0 0 0 0 0 0 0 0 0 0 0 0 0 0 0 0 0 0 0 0 0 0 0 0 0 0 0 0 0 0 0 0 0 0 0 0 0 0 0 0 0 0 0 0 0 0 0 0 0 0 0 0 0 0 0 0 0 0
0 0 0 0 0 0 0 0 0 0 0 0 0 0 0 0 0 0 0 0 0 0 0 0 0 0 0 0 0 0 0 0 0 0 0 0 0 0 0 0 0 0 0 0 0 0 0 0 0 0 0 0 0 0 0 0 0 0 0 0 0
0 0 0 0 0 0 0 0 0 0 0 0 0 0 0 0 0 0 0 0 0 0 0 0 0 0 0 0 0 0 0 0 0 0 0 0 0 0 0 0 0 0 0 0 0 0 0 0 0 0 0 0 0 0 0 0 0 0 0 0 0
0 0 0 0 0 0 0 0 0 0 0 0 0 0 0 0 0 0 0 0 0 0 0 0 0 0 0 0 0 0 0 0 0 0 0 0 0 0 0 0 0 0 0 0 0 0 0 0 0 0 0 0 0 0 0 0 0 0 0 0 0
0 0 0 0 0 0 0 0 0 0 0 0 0 0 0 0 0 0 0 0 0 0 0 0 0 0 0 0 0 0 0 0 0 0 0 0 0 0 0 0 0 0 0 0 0 0 0 0 0 0 0 0 0 0 0 0 0 0 0 0 0
0 0 0 0 0 0 0 0 0 0 0 0 0 0 0 0 0 0 0 0 0 0 0 0 0 0 0 0 0 0 0 0 0 0 0 0 0 0 0 0 0 0 0 0 0 0 0 0 0 0 0 0 0 0 0 0 0 0 0 0 0
0 0 0 0 0 0 0 0 0 0 0 0 0 0 0 0 0 0 0 0 0 0 0 0 0 0 0 0 0 0 0 0 0 0 0 0 0 0 0 0 0 0 0 0 0 0 0 0 0 0 0 0 0 0 0 0 0 0 0 0 0
0 0 0 0 0 0 0 0 0 0 0 0 0 0 0 0 0 0 0 0 0 0 0 0 0 0 0 0 0 0 0 0 0 0 0 0 0 0 0 0 0 0 0 0 0 0 0 0 0 0 0 0 0 0 0 0 0 0 0 0 0
0 0 0 0 0 0 0 0 0 0 0 0 0 0 0 0 0 0 0 0 0 0 0 0 0 0 0 0 0 0 0 0 0 0 0 0 0 0 0 0 0 0 0 0 0 0 0 0 0 0 0 0 0 0 0 0 0 0 0 0 0
0 0 0 0 0 0 0 0 0 0 0 0 0 0 0 0 0 0 0 0 0 0 0 0 0 0 0 0 0 0 0 0 0 0 0 0 0 0 0 0 0 0 0 0 0 0 0 0 0 0 0 0 0 0 0 0 0 0 0 0 0
0 0 0 0 0 0 0 0 0 0 0 0 0 0 0 0 0 0 0 0 0 0 0 0 0 0 0 0 0 0 0 0 0 0 0 0 0 0 0 0 0 0 0 0 0 0 0 0 0 0 0 0 0 0 0 0 0 0 0 0 0
0 0 0 0 0 0 0 0 0 0 0 0 0 0 0 0 0 0 0 0 0 0 0 0 0 0 0 0 0 0 0 0 0 0 0 0 0 0 0 0 0 0 0 0 0 0 0 0 0 0 0 0 0 0 0 0 0 0 0 0 0
0 0 0 0 0 0 0 0 0 0 0 0 0 0 0 0 0 0 0 0 0 0 0 0 0 0 0 0 0 0 0 0 0 0 0 0 0 0 0 0 0 0 0 0 0 0 0 0 0 0 0 0 0 0 0 0 0 0 0 0 0
0 0 0 0 0 0 0 0 0 0 0 0 0 0 0 0 0 0 0 0 0 0 0 0 0 0 0 0 0 0 0 0 0 0 0 0 0 0 0 0 0 0 0 0 0 0 0 0 0 0 0 0 0 0 0 0 0 0 0 0 0
0 0 0 0 0 0 0 0 0 0 0 0 0 0 0 0 0 0 0 0 0 0 0 0 0 0 0 0 0 0 0 0 0 0 0 0 0 0 0 0 0 0 0 0 0 0 0 0 0 0 0 0 0 0 0 0 0 0 0 0 0
0 0 0 0 0 0 0 0 0 0 0 0 0 0 0 0 0 0 0 0 0 0 0 0 0 0 0 0 0 0 0 0 0 0 0 0 0 0 0 0 0 0 0 0 0 0 0 0 0 0 0 0 0 0 0 0 0 0 0 0 0
0 0 0 0 0 0 0 0 0 0 0 0 0 0 0 0 0 0 0 0 0 0 0 0 0 0 0 0 0 0 0 0 0 0 0 0 0 0 0 0 0 0 0 0 0 0 0 0 0 0 0 0 0 0 0 0 0 0 0 0 0
0 0 0 0 0 0 4 0 0 0 0 0 0 0 0 0 0 1 0 0 2 0 0 0 0 0 0 0 0 0 0 1 2 0 0 0 2 1 0 0 0 0 0 0 0 0 0 0 3 0 0 0 0 0 0 0 0 0 0 0 0
0 0 0 0 0 0 0 0 0 0 0 0 0 0 0 0 0 0 0 0 0 0 0 0 0 0 0 0 0 0 0 0 0 0 0 0 0 0 0 0 0 0 0 0 0 0 0 0 0 0 0 0 0 0 0 0 0 0 0 0 0
0 0 0 0 0 0 0 0 0 0 0 0 0 0 0 0 0 0 0 0 0 0 0 0 0 0 0 0 0 0 0 0 0 0 0 0 0 0 0 0 0 0 0 0 0 0 0 0 0 0 0 0 0 0 0 0 0 0 0 0 0
0 0 0 0 0 0 0 0 0 0 0 0 0 0 0 0 0 0 0 0 0 0 0 0 0 0 0 0 0 0 0 0 0 0 0 0 0 0 0 0 0 0 0 0 0 0 0 0 0 0 0 0 0 0 0 0 0 0 0 0 0
0 0 0 0 0 0 0 0 0 0 0 0 0 0 0 0 0 0 0 0 0 0 0 0 0 0 0 0 0 0 0 0 0 0 0 0 0 0 0 0 0 0 0 0 0 0 0 0 0 0 0 0 0 0 0 0 0 0 0 0 0

I cap
1058.909090909091 1058.909090909091 939.3490909091033 918.9490909091205 1137.1599999999983 1044.3599999999822 961.6400000000497 905.3800000000183 453.0999999999922 668.0399999999847 277.62000000001825 313.6200000000265 509.59999999998973 641.9999999999825 552.2200000000182 553.2090909091185 448.5690909090861 301.429090909115 423.2890909091217 635.4090909090686 659.2690909090743 435.0290909091194 558.0890909091247 592.5290909090756 747.529090909064 660.9290909091109 503.2090909091089 436.80909090908483 583.0090909091082 609.7490909091061 673.3090909090831 327.24909090911063 517.2090909090984 416.88909090909016 350.77999999999963 322.8800000000023 399.90000000000026 338.2400000000139 499.0600000000054 527.059999999994 566.7799999999938 703.8800000000115 573.1600000000162 575.5599999999995 567.9800000000005 713.8800000000115 875.5600000000034 483.80000000001377 436.5800000000399 419.80000000000547 624.8599999999736 507.18000000001126 715.9800000000333 898.0599999999868 990.8599999999883 1007.2400000000157 757.5490909091193 986.9090909090937 1045.709090909091 1058.909090909091 1058.909090909091
107.96969696969697 107.96969696969697 67.52969696969697 67.52969696969697 79.43999999999997 56.43999999999998 12.360000000000312 9.619999999999905 56.90000000000032 96.95999999999978 58.38000000000042 56.380000000000095 76.39999999999974 71.99999999999922 26.780000000000314 16.66969696969724 6.309696969696943 50.449696969697214 27.589696969697002 26.46969696969716 7.609696969697264 1.8496969696971135 26.78969696969706 7.349696969697398 47.349696969696936 34.949696969697186 53.66969696969801 78.06969696969686 90.86969696969709 89.12969696969704 91.56969696969682 45.62969696969728 52.66969696969795 76.9896969696967 13.220000000000418 9.119999999999976 2.09999999999998 4.760000000000417 2.940000000000211 14.940000000000026 27.220000000000105 67.11999999999989 54.840000000000856 91.44000000000003 90.01999999999994 91.11999999999979 93.43999999999976 31.199999999999935 29.41999999999987 28.200000000000056 17.139999999999695 31.81999999999996 18.019999999999975 6.540000000000241 13.740000000000379 4.560000000000009 80.32969696969687 94.96969696969694 99.16969696969697 107.96969696969697 107.96969696969697
38.96666666666666 38.96666666666666 38.96666666666666 14.033333333333328 19.166666666666654 13.191666666666666 6.958333333333332 4.158333333333335 5.558333333333341 39.2 9.133333333333333 7.733333333333336 2.833333333333334 14.733333333333341 9.833333333333336 10.299999999999997 17.300000000000004 10.299999999999995 17.299999999999997 17.299999999999997 24.299999999999997 17.300000000000004 31.96666666666667 10.300000000000004 4.6250000000000036 4.6250000000000036 11.625000000000004 11.625000000000004 17.300000000000004 17.300000000000004 10.300000000000004 17.300000000000004 24.96666666666667 31.96666666666667 16.8 11.899999999999999 11.2 9.100000000000001 5.633333333333331 2.133333333333331 16.133333333333333 32.900000000000006 39.90000000000008 11.858333333333352 2.058333333333346 6.958333333333332 4.158333333333379 29.43333333333333 16.133333333333347 39.20000000000002 20.33333333333338 27.33333333333332 23.833333333333343 17.06666666666668 19.16666666666666 29.366666666666674 31.96666666666666 31.96666666666666 38.96666666666666 38.96666666666666 38.96666666666666
45.24545454545453 45.24545454545453 43.14545454545453 43.14545454545453 32.97000000000007 35.84000000000008 28.450000000000625 33.740000000001125 31.040000000000365 30.020000000000586 21.080000000000354 13.520000000000046 19.62000000000025 18.290000000000145 9.720000000000184 20.505454545454853 20.395454545454836 23.52545454545502 23.53545454545507 28.26545454545504 27.11545454545494 27.275454545455187 26.74545454545512 29.525454545456 30.675454545455473 27.535454545455238 27.675454545455167 27.32545454545528 29.685454545455134 29.47545454545502 28.52545454545515 23.71545454545511 22.255454545455372 26.34545454545518 21.35000000000023 12.900000000000103 14.089999999999991 16.080000000000126 26.95000000000093 39.190000000000005 25.490000000001046 33.940000000000744 36.61000000000002 31.360000000000763 31.790000000000692 41.090000000000494 37.31000000000039 22.37000000000043 19.970000000000336 28.170000000000936 34.81000000000005 37.270000000000024 40.28 37.740000000000016 28.140000000000953 32.330000000000155 39.30545454545452 43.56545454545453 45.24545454545453 45.24545454545453 45.24545454545453
20.999999999999993 20.999999999999993 20.159999999999993 20.159999999999993 13.610000000000003 22.539999999999985 16.499999999999908 12.809999999999832 6.77999999999988 11.229999999999896 15.859999999999873 12.559999999999922 10.719999999999997 12.60999999999983 4.109999999999957 5.8599999999999195 5.459999999999928 8.199999999999973 7.61000000000008 10.390000000000043 7.809999999999942 9.25999999999995 8.959999999999926 9.789999999999973 10.33000000000007 7.719999999999981 7.449999999999978 8.12999999999999 10.879999999999988 10.80999999999996 8.129999999999995 6.5299999999999585 6.83999999999995 9.739999999999995 8.83000000000002 8.649999999999938 4.589999999999975 5.789999999999992 9.689999999999936 11.350000000000012 6.919999999999941 16.39999999999998 10.160000000000032 13.460000000000022 8.20000000000001 10.530000000000006 13.670000000000023 13.839999999999982 15.029999999999909 9.440000000000017 8.399999999999984 10.249999999999979 9.369999999999914 7.629999999999921 6.229999999999867 5.849999999999991 11.829999999999991 17.759999999999994 20.999999999999993 20.999999999999993 20.999999999999993
345.75757575757575 345.75757575757575 341.76757575757574 341.76757575757574 253.68 255.73882352941206 248.33941176470563 229.3811764705881 265.4305882352952 251.38882352941306 166.52941176470537 138.78999999999962 241.19000000000173 211.3500000000005 129.08000000000038 163.68757575757473 225.4675757575793 252.61875222816286 286.6481639928703 273.5463992869892 259.8669875222828 178.75757575757527 173.80757575757687 222.93757575757832 208.09757575757695 185.5075757575753 227.89875222816372 281.8481639928708 266.63639928698774 245.77698752228247 235.87757575757686 199.56757575757538 194.10757575757597 228.9375757575778 113.94000000000023 147.67000000000033 181.5599999999999 192.4200000000005 263.2311764705896 243.31941176470679 262.49058823529367 327.49058823529674 255.36882352941217 267.11941176470725 217.75000000000128 222.91117647058616 258.15058823529444 284.6688235294148 287.08941176470785 262.86000000000354 242.87000000000307 248.02000000000294 270.07000000000255 313.68000000000313 334.31000000000176 298.861176470588 245.96816399286942 306.70757575757574 345.75757575757575 345.75757575757575 345.75757575757575
779.7575757575758 779.7575757575758 747.8375757575758 747.8375757575757 630.2499999999999 274.61 446.6799999999997 729.5000000000007 722.6500000000003 594.1600000000003 402.9599999999994 594.5899999999995 652.6700000000005 498.3400000000012 580.4299999999987 611.9475757575833 355.1575757575796 449.6075757575749 635.4875757575758 373.4975757575762 258.8075757575766 472.7275757575771 547.3475757575752 466.757575757577 566.7575757575763 636.4275757575762 638.5575757575782 661.3075757575768 539.5675757575763 495.74757575757815 379.707575757574 153.4375757575777 413.99757575757553 655.2175757575751 535.8200000000029 287.6299999999982 174.32999999999993 565.4099999999992 718.4599999999995 627.1800000000007 618.6500000000003 699.1399999999978 492.1900000000012 418.2699999999995 364.35999999999694 500.5199999999962 636.7200000000007 191.48999999999887 123.61999999999878 363.940000000001 602.1599999999994 623.9699999999993 635.9399999999993 681.5800000000006 651.7799999999994 508.7800000000017 648.0975757575762 734.7575757575758 779.7575757575758 779.7575757575758 779.7575757575758
80.73333333333335 80.73333333333335 79.26333333333335 79.26333333333335 67.37999999999998 87.92 74.42666666666666 76.33999999999999 75.25333333333333 86.99 73.84666666666668 77.28 88.36 87.02999999999999 75.84 64.65333333333338 67.5766666666667 70.29999999999986 70.24666666666639 77.65333333333315 71.87999999999997 69.2433333333333 68.94333333333309 67.76333333333325 68.70333333333323 66.90333333333334 72.07666666666661 75.85333333333332 78.07333333333335 74.13 68.85333333333324 67.56333333333326 67.56333333333313 68.29333333333327 35.83999999999997 55.2299999999989 63.179999999999396 63.12999999999918 69.95333333333222 76.79999999999998 73.46999999999929 77.08000000000001 76.89 79.70666666666665 78.63000000000001 84.14 81.99333333333334 76.02999999999999 67.49666666666647 63.42999999999934 64.92999999999932 61.599999999998474 58.55999999999949 58.583333333333016 58.249999999999936 50.756666666666604 72.58666666666669 78.81333333333335 80.73333333333335 80.73333333333335 80.73333333333335
10.775757575757575 10.775757575757575 9.725757575757573 9.725757575757573 7.0500000000000025 8.750000000000005 1.2200000000000075 1.719999999999999 5.07 3.069999999999994 0.10999999999999677 1.540000000000001 6.79 2.2600000000000025 0.5800000000000001 1.9857575757575736 5.975757575757583 0.3757575757575724 2.125757575757577 4.92575757575758 6.22575757575758 1.325757575757584 2.7257575757575907 1.375757575757585 0.5957575757575735 0.15575757575757798 0.7557575757575812 4.745757575757574 1.2457575757575627 2.3457575757575775 3.94575757575757 2.1657575757575716 2.7757575757575808 0.7757575757575763 2.5500000000000043 1.1500000000000028 0.4900000000000022 0.6000000000000121 0.9400000000000066 3.5400000000000036 5.700000000000007 4.4000000000000075 0.699999999999994 6.57000000000001 1.280000000000003 1.5100000000000104 0.6999999999999957 10.340000000000007 4.549999999999996 1.3900000000000174 2.340000000000024 2.2500000000000027 3.95000000000002 3.250000000000041 10.150000000000002 6.020000000000023 0.15575757575757443 4.3857575757575775 10.775757575757575 10.775757575757575 10.775757575757575
2.545454545454545 2.545454545454545 1.915454545454545 1.915454545454545 1.96 0.5599999999999999 1.180000000000002 0.7500000000000008 0.08000000000003205 0.10000000000000053 0.9100000000000018 0.019999999999999907 0.04999999999999993 0.12000000000000077 0.8400000000000002 0.17545454545454608 0.2654545454545477 0.44545454545455143 0.5654545454545502 0.595454545454553 0.20545454545454955 0.17545454545454686 1.2854545454545474 0.7154545454545492 0.355454545454551 0.5654545454545569 1.0754545454545488 1.0754545454545483 1.2854545454545514 1.0754545454545492 1.0754545454545514 1.28545454545455 1.07545454545455 1.7054545454545469 0.17000000000001325 0.1700000000000066 0.9100000000000205 0.7200000000000001 1.4500000000000202 0.04999999999999993 0.5500000000000108 0.12000000000000077 1.240000000000021 0.5599999999999999 0.8400000000000006 1.540000000000005 1.2600000000000007 1.4700000000000202 0.7900000000000035 0.8200000000000046 1.74000000000002 0.0400000000000067 0.43000000000001504 2.3700000000000356 0.3400000000000033 0.010000000000004672 1.0754545454545474 1.8254545454545574 2.545454545454545 2.545454545454545 2.545454545454545
8.515433299825174 8.515433299825174 8.515433299825174 8.515433299825172 6.400398505747124 4.585314455535346 3.589397614942551 7.229249509981713 9.065974540229618 7.366294714155858 6.569200804597398 6.7693413793101485 5.984314655172209 3.452085172413815 4.322952500000015 4.753506896551685 5.157486034482772 4.379130862069001 5.05001540229884 3.847928706896517 2.8334924817137734 4.5181265517242455 6.4000175862068724 4.622819827586186 4.0530828735633 4.71249793103456 3.927282586206923 7.500019367815904 6.845273793103315 5.589167183907996 5.816089482758405 4.419200689655006 4.023155000000012 5.610972959770191 9.125719712643415 9.028398448275736 2.161957586206941 4.755895172413782 5.136893448275864 4.979279540229904 5.2583509770116095 5.564246436781664 4.400113620689597 4.266150114942599 4.048288275862138 5.3654172686024815 4.6583234785238865 2.855067586206922 1.0358685632184317 3.0607403448275377 4.981167931034494 5.662060000000026 6.578891206896499 6.41879637931032 7.657948103448142 5.281000199637028 7.366007840055056 7.825777954997585 8.515433299825174 8.515433299825174 8.170605713618277
700.0 700.0 700.0 697.0 689.0 687.0 681.0 686.0 684.0 688.0 680.0 673.0 682.0 678.0 682.0 684.0 681.0 680.0 679.0 682.0 686.0 678.0 688.0 683.0 685.0 681.0 680.0 681.0 684.0 683.0 685.0 681.0 687.0 685.0 689.0 683.0 682.0 685.0 682.0 683.0 681.0 682.0 684.0 683.0 682.0 685.0 681.0 682.0 679.0 683.0 687.0 683.0 684.0 683.0 686.0 676.0 689.0 692.0 699.0 700.0 695.0

H cap
-8.75 -29.75 -1.75 -1.75 12.25 -5.25 29.75 22.75 12.25 5.25 26.25 -1.75 -5.25 15.75 50.75 36.75 -5.25 26.25 54.25 1.75 5.25 33.25 1.75 5.25 5.25 -5.25 26.25 61.25 29.75 -5.25 36.75 89.25 36.75 12.25 -5.25 8.75 78.75 99.75 36.75 26.25 29.75 29.75 26.25 -1.75 26.25 -5.25 29.75 71.75 29.75 -5.25 36.75 8.75 29.75 131.25 131.25 131.25 131.25 131.25 131.25 131.25 131.25
42.5 40.5 8.5 -6.0 23.5 34.5 17.5 -5.5 -0.5 0.5 -7.0 0.5 13.0 -0.5 10.5 26.0 0.0 -14.0 2.5 7.5 -1.5 9.0 22.0 27.5 30.5 16.5 0.0 -6.0 -10.5 -0.5 11.5 13.0 -6.0 -13.5 6.5 28.5 36.5 28.5 24.0 11.0 11.5 12.5 22.5 32.0 2.0 -13.5 -1.5 12.5 15.5 16.5 23.0 14.0 27.5 52.5 52.5 52.5 52.5 52.5 52.5 52.5 52.5
52.5 45.5 45.5 49.0 52.5 45.5 35.0 38.5 49.0 42.0 35.0 38.5 42.0 38.5 45.5 52.5 49.0 42.0 45.5 52.5 45.5 42.0 45.5 45.5 45.5 52.5 49.0 42.0 45.5 49.0 49.0 49.0 45.5 42.0 42.0 45.5 52.5 56.0 42.0 42.0 49.0 45.5 45.5 35.0 35.0 42.0 45.5 49.0 49.0 49.0 49.0 42.0 49.0 63.0 63.0 63.0 63.0 63.0 63.0 63.0 63.0
12.75 2.75 7.25 -0.75 -1.25 -20.25 4.75 -2.25 -1.25 2.25 0.25 1.25 -3.75 4.25 0.25 -10.25 6.75 -0.25 -0.25 0.75 -1.75 0.25 -1.75 -1.75 -6.75 3.75 -1.75 -0.25 6.25 0.75 -1.25 -1.25 2.25 12.75 8.75 -7.75 -4.75 0.75 -7.25 0.75 0.25 2.25 -2.75 -10.25 11.25 -0.75 2.25 -4.25 1.25 -3.25 0.25 -2.25 15.75 78.75 78.75 78.75 78.75 78.75 78.75 78.75 78.75

Gap
NaN

Time
NaN

