T P M C
61 37 4 12

base obj
12.159397671294224

exp obj
11.134254135823609

Objective struct
12.159397671294224 0.2941176470588235 7.764705882352939

num campaigns
444

x
0 0 0 0 1 0 0 0 1 0 0 0 1 0 0 0 0 0 0 1 0 0 1 0 0 0 1 0 0 1 0 0 1 0 0 1 0 0 0 1 0 0 1 0 0 0 0 0 0 1 0 0 0 0 0 1 0 0 0 0 0
0 0 0 0 0 0 0 0 0 0 0 0 0 0 0 0 0 0 0 0 0 0 0 0 0 1 0 0 0 0 0 0 0 0 0 0 0 0 0 0 0 1 0 0 0 0 0 0 0 0 0 0 0 0 0 0 0 0 0 0 0
0 0 0 0 0 0 0 0 0 0 0 1 0 0 0 0 1 0 0 0 1 0 0 0 0 1 0 0 0 0 1 0 0 0 0 1 0 0 0 1 0 0 0 0 1 0 0 0 0 0 0 0 1 0 0 0 0 0 0 0 0
0 0 0 0 0 0 0 1 1 1 1 1 1 1 0 0 0 0 1 1 0 0 0 0 0 1 0 0 0 0 0 0 0 0 1 0 0 0 0 0 0 0 0 0 0 0 0 0 0 0 0 0 0 0 0 0 0 0 0 0 0
0 0 0 0 0 0 1 0 0 1 0 0 1 0 0 1 0 0 1 0 0 1 0 0 1 0 0 1 0 0 1 0 0 1 0 0 1 0 0 1 0 0 1 0 0 1 0 0 1 0 0 1 0 0 1 0 0 0 0 0 0
0 0 0 0 0 0 0 0 0 0 0 0 0 0 0 0 0 1 0 0 0 0 0 0 0 0 0 0 0 0 0 1 0 0 0 0 0 0 0 0 0 0 0 0 0 0 0 1 0 0 0 0 0 0 0 0 0 0 0 0 0
0 0 0 0 0 0 0 1 0 1 0 1 0 0 0 1 0 1 0 1 0 1 0 1 0 1 0 0 0 1 0 1 0 0 0 0 1 0 0 0 0 0 0 0 0 0 0 0 0 0 0 0 0 0 0 0 0 0 0 0 0
0 0 0 0 1 0 0 0 0 0 0 0 0 0 0 0 0 0 0 0 0 1 0 0 0 0 0 0 0 0 0 0 0 0 0 0 0 0 1 0 0 0 0 0 0 0 0 0 0 0 0 0 0 0 0 1 0 0 0 0 0
0 0 0 0 0 0 0 0 0 0 0 0 0 0 1 0 0 0 0 0 0 0 0 0 0 0 0 0 0 0 0 0 0 0 0 0 0 0 0 0 0 0 0 0 0 0 0 0 1 0 0 0 0 0 0 0 0 0 0 0 0
0 0 0 0 0 0 0 0 0 0 0 1 0 0 0 0 1 0 0 0 1 0 0 0 0 0 0 0 0 0 0 0 0 1 0 1 0 0 0 0 0 0 0 1 0 0 0 0 0 1 0 1 0 0 0 0 0 0 0 0 0
0 0 0 0 1 0 0 0 0 0 0 0 0 1 0 0 0 0 0 0 0 0 0 1 0 0 0 0 0 0 0 0 0 0 0 0 0 0 0 0 1 0 0 0 0 0 0 0 0 0 1 0 0 0 0 0 0 0 0 0 0
0 0 0 0 0 0 1 0 0 0 0 0 0 0 0 0 0 0 1 0 0 0 0 0 0 0 0 0 0 0 1 0 0 0 0 0 0 0 0 0 0 0 0 0 0 0 1 0 0 0 0 0 0 0 0 0 0 0 0 0 0
0 0 0 0 0 0 0 0 0 0 0 0 0 0 0 0 0 0 0 0 0 0 0 0 0 0 0 0 0 0 0 0 0 0 0 0 0 0 0 0 0 0 0 0 1 0 0 0 0 0 0 0 0 1 0 0 0 0 0 0 0
0 0 0 0 1 0 0 0 0 0 0 0 0 0 0 0 0 0 0 0 0 1 0 0 0 0 0 0 0 1 0 0 0 0 0 0 1 0 0 0 0 0 0 0 0 0 1 0 0 0 0 0 1 0 0 0 0 0 0 0 0
0 0 0 0 0 0 0 0 0 0 0 0 0 0 0 0 0 0 0 0 0 0 0 1 0 0 0 0 0 0 0 0 0 0 0 0 0 0 0 0 0 0 0 0 0 1 0 0 0 0 0 0 0 0 0 0 0 0 0 0 0
0 0 0 0 0 0 1 0 0 0 0 0 0 0 0 0 0 0 0 0 0 0 0 0 0 0 0 0 0 0 0 0 0 0 0 0 0 0 0 0 0 0 0 0 0 0 0 0 0 0 0 0 0 0 0 0 0 0 0 0 0
0 0 0 0 0 0 0 0 0 0 0 0 0 1 0 0 0 0 0 0 0 0 0 0 0 0 0 0 0 0 0 1 0 0 0 0 0 0 0 0 0 0 0 1 0 0 0 0 0 0 0 0 1 0 0 0 0 0 0 0 0
0 0 0 0 0 1 0 0 0 0 0 0 0 0 0 0 0 0 0 0 0 0 0 0 0 0 0 0 1 0 0 0 0 0 0 0 0 0 0 0 0 0 0 0 0 0 0 0 0 0 1 0 0 0 0 0 0 0 0 0 0
0 0 0 0 0 0 1 0 1 0 1 0 0 1 0 1 0 0 1 0 1 0 0 1 0 1 0 0 1 0 0 1 0 1 0 0 0 1 0 1 0 1 0 1 0 1 0 1 0 1 0 1 0 1 0 1 0 0 0 0 0
0 0 0 0 1 0 0 0 0 0 0 0 0 0 0 0 0 0 0 0 0 0 0 0 0 0 0 0 0 0 0 0 0 0 0 0 0 0 0 0 0 0 0 0 0 0 0 0 0 0 0 0 0 0 0 1 0 0 0 0 0
0 0 0 0 0 0 0 1 0 0 1 0 0 1 0 0 0 1 0 0 1 0 0 0 1 0 0 1 0 0 0 1 0 0 0 0 1 0 0 0 1 0 0 1 0 0 1 0 0 0 0 0 0 0 0 0 0 0 0 0 0
0 0 0 0 0 0 0 0 0 0 0 0 0 0 0 0 0 0 0 0 0 0 0 0 0 0 0 0 0 0 0 0 0 0 0 0 0 0 0 0 0 0 0 0 0 0 0 0 0 0 0 0 0 0 0 0 0 0 0 0 0
0 0 0 0 0 0 0 0 0 0 1 0 0 0 0 0 0 0 0 0 0 0 0 0 0 0 0 1 0 0 0 0 0 0 0 0 0 0 0 0 0 0 0 0 0 1 0 0 0 0 0 0 0 0 0 0 0 0 0 0 0
0 0 0 0 0 0 0 0 1 0 0 0 0 0 0 0 1 0 0 0 0 0 0 0 1 0 0 0 0 0 0 0 0 1 0 0 0 0 0 0 1 0 0 0 0 0 0 0 1 0 0 0 0 0 0 0 0 0 0 0 0
0 0 0 0 0 0 0 0 0 0 0 0 0 0 1 0 0 0 0 0 0 0 0 0 0 0 0 0 0 0 0 0 0 0 0 0 0 1 0 0 0 0 0 0 0 0 0 0 0 0 0 0 0 0 0 0 0 0 0 0 0
0 0 0 0 0 0 1 0 0 0 0 0 1 0 0 0 0 1 0 0 0 0 1 0 0 0 0 1 0 0 0 0 0 0 0 0 0 0 1 0 0 0 0 1 0 0 0 0 1 0 0 0 0 0 0 0 0 0 0 0 0
0 0 0 0 0 0 0 0 0 1 0 0 0 0 0 1 0 0 0 0 0 1 0 0 0 0 0 0 1 0 0 0 0 0 1 0 0 0 0 0 0 0 0 0 0 0 0 1 0 0 0 0 0 0 1 0 0 0 0 0 0
0 0 0 0 0 0 1 0 0 0 0 0 0 0 0 0 0 0 0 0 0 0 0 0 0 0 0 0 0 0 0 0 0 0 0 0 0 0 0 0 0 0 0 0 0 0 0 0 0 0 0 0 0 1 0 0 0 0 0 0 0
0 0 0 0 0 0 0 0 0 0 0 0 0 0 0 0 0 0 0 0 0 0 0 0 0 0 0 0 0 0 0 0 0 0 0 0 0 0 0 0 0 1 0 0 0 0 0 0 0 0 1 0 0 0 0 0 0 0 0 0 0
0 0 0 0 1 1 1 1 1 1 1 1 1 1 1 1 1 1 1 1 1 1 1 1 1 1 1 1 1 1 1 1 1 1 1 1 1 1 1 1 1 1 1 1 1 1 0 1 1 1 1 1 1 1 1 1 0 0 0 0 0
0 0 0 0 0 0 1 1 1 1 1 1 1 1 1 1 0 1 1 1 1 1 1 1 1 1 1 1 1 1 1 1 1 1 1 1 1 1 1 1 1 1 1 1 1 0 0 1 0 1 1 1 1 1 1 1 0 0 0 0 0
0 0 0 0 0 0 1 1 1 1 1 1 1 0 1 1 0 1 1 1 1 0 1 1 1 1 0 1 1 1 0 1 1 1 1 1 1 1 1 1 1 1 1 1 1 0 1 1 1 0 1 1 1 1 1 1 0 0 0 0 0
0 0 0 0 0 0 7 2 0 0 0 0 3 0 1 4 1 2 5 2 2 1 0 0 0 5 2 0 4 1 0 0 0 3 4 0 0 0 5 1 0 4 2 1 1 0 0 3 0 0 5 2 0 0 4 2 0 0 0 0 0
0 0 0 0 0 0 1 1 0 1 1 0 1 0 0 1 0 0 1 1 1 0 1 1 1 1 1 1 1 1 1 0 1 1 1 1 0 1 1 0 0 1 1 1 0 0 0 0 1 0 1 1 1 1 1 1 0 0 0 0 0
0 0 0 0 0 0 0 0 1 0 0 0 1 0 0 0 1 0 1 1 1 0 0 0 0 1 1 1 1 0 0 0 0 1 0 0 0 0 1 1 0 0 0 0 0 0 0 1 0 0 0 0 0 0 0 1 0 0 0 0 0
0 0 0 0 0 0 0 0 0 0 0 0 0 0 0 0 0 0 0 0 0 0 0 0 0 0 0 0 0 0 0 0 0 0 0 0 0 0 0 0 0 0 0 0 0 0 0 0 0 0 1 0 1 0 0 0 0 0 0 0 0
0 0 0 0 0 0 0 0 0 0 0 0 0 0 0 0 0 0 0 0 0 0 0 0 0 0 0 0 0 0 0 0 0 0 0 0 0 0 0 0 0 0 0 0 0 0 0 0 0 0 0 0 0 0 0 0 0 0 0 0 0

y
0.0 11.363636363636363 0.0 0.0 0.0 9.363636363636363 0.0 0.0 0.0 0.1785714285714286 0.0 0.0 4.363636363636363 0.9000000000000004 13.5 0.0 0.0 0.0 0.0 0.0 0.0 0.0 0.0 1.333333333333333 12.8 0.0 0.33333333333333304 0.0 6.45 0.0 0.0 0.0 0.0 0.0 0.0 1.0 0.0

k
0 10 4 0 0 9 0 0 0 21 0 0 10 5 5 0 2 0 3 0 0 6 1 4 4 0 3 0 19 1 6 9 25 18 37 50 6

f
0.0 29.75 5.25 1.75 0.0 1.75 0.0 0.0 0.0 0.0 0.0 0.0 0.0 0.0 0.0 0.0 0.0 1.75 12.25 5.25 0.0 0.0 0.0 0.0 0.0 0.0 0.0 0.0 0.0 0.0 0.0 0.0 0.0 0.0 0.0 5.25 0.0 0.0 0.0 0.0 0.0 0.0 0.0 0.0 0.0 0.0 0.0 0.0 0.0 0.0 0.0 22.75 0.0 0.0 0.0 0.0 0.0 0.0 0.0 0.0 0.0
0.0 0.0 0.0 10.0 0.0 0.0 0.0 0.0 2.0 0.0 0.0 0.0 0.0 0.0 3.0 14.5 6.5 2.0 0.0 0.0 0.0 1.5 10.5 0.0 0.0 4.5 0.0 0.0 0.0 0.0 8.0 1.5 0.0 0.0 0.0 7.0 0.0 0.0 4.5 0.0 0.0 0.0 0.0 0.0 0.0 0.0 0.5 9.5 0.0 0.0 0.0 7.5 0.0 0.0 0.0 0.0 0.0 0.0 0.0 0.0 0.0
0.0 0.0 0.0 0.0 0.0 0.0 0.0 0.0 0.0 0.0 0.0 0.0 0.0 0.0 0.0 0.0 0.0 0.0 0.0 0.0 0.0 0.0 0.0 0.0 0.0 0.0 0.0 0.0 0.0 0.0 0.0 0.0 0.0 0.0 0.0 0.0 0.0 0.0 0.0 0.0 0.0 0.0 0.0 0.0 0.0 0.0 0.0 0.0 0.0 0.0 0.0 0.0 0.0 0.0 0.0 0.0 0.0 0.0 0.0 0.0 0.0
0.0 0.0 0.0 0.25 0.0 3.75 0.0 0.75 0.0 2.25 6.75 0.0 0.0 7.25 0.0 0.0 0.0 5.75 2.25 0.25 2.25 0.75 0.0 2.25 0.0 1.25 0.25 0.25 0.75 0.0 0.0 0.0 1.25 0.0 0.0 0.0 0.75 0.0 0.0 0.75 0.0 23.25 28.25 0.0 5.25 0.0 0.0 0.0 1.75 1.75 0.0 0.0 0.0 0.0 0.0 0.0 0.0 0.0 0.0 0.0 0.0

L
3 16 4 1 3 14 2 17 34 2 9 12 9 6 22 0 9 22 2 51 3 0 17 7 23 5 6 47 9 1 1 1 0 1 1 2 0

g
0 0 0 0 0 0 0 0 0 0 0 0 0 0 0 0 0 0 0 0 0 0 0 0 0 0 0 0 0 0 0 0 0 0 0 0 0 0 0 0 0 0 0 0 0 0 0 0 0 0 0 0 0 0 0 0 0 0 0 0 0
0 0 0 0 0 0 0 0 0 0 0 0 0 0 0 0 0 0 0 0 0 0 0 0 0 0 0 0 0 0 0 0 0 0 0 0 0 0 0 0 0 0 0 0 0 0 0 0 0 0 0 0 0 0 0 0 0 0 0 0 0
0 0 0 0 0 0 0 0 0 0 0 0 0 0 0 0 0 0 0 0 0 0 0 0 0 0 0 0 0 0 0 0 0 0 0 0 0 0 0 0 0 0 0 0 0 0 0 0 0 0 0 0 0 0 0 0 0 0 0 0 0
0 0 0 0 0 0 0 0 0 0 0 0 0 0 0 0 0 0 0 0 0 0 0 0 0 0 0 0 0 0 0 0 0 0 0 0 0 0 0 0 0 0 0 0 0 0 0 0 0 0 0 0 0 0 0 0 0 0 0 0 0
0 0 0 0 0 0 0 0 0 0 0 0 0 0 0 0 0 0 0 0 0 0 0 0 0 0 0 0 0 0 0 0 0 0 0 0 0 0 0 0 0 0 0 0 0 0 0 0 0 0 0 0 0 0 0 0 0 0 0 0 0
0 0 0 0 0 0 0 0 0 0 0 0 0 0 0 0 0 0 0 0 0 0 0 0 0 0 0 0 0 0 0 0 0 0 0 0 0 0 0 0 0 0 0 0 0 0 0 0 0 0 0 0 0 0 0 0 0 0 0 0 0
0 0 0 0 0 0 0 0 0 0 0 0 0 0 0 0 0 0 0 0 0 0 0 0 0 0 0 0 0 0 0 0 0 0 0 0 0 0 0 0 0 0 0 0 0 0 0 0 0 0 0 0 0 0 0 0 0 0 0 0 0
0 0 0 0 0 0 0 0 0 0 0 0 0 0 0 0 0 0 0 0 0 0 0 0 0 0 0 0 0 0 0 0 0 0 0 0 0 0 0 0 0 0 0 0 0 0 0 0 0 0 0 0 0 0 0 0 0 0 0 0 0
0 0 0 0 0 0 0 0 0 0 0 0 0 0 0 0 0 0 0 0 0 0 0 0 0 0 0 0 0 0 0 0 0 0 0 0 0 0 0 0 0 0 0 0 0 0 0 0 0 0 0 0 0 0 0 0 0 0 0 0 0
0 0 0 0 0 0 0 0 0 0 0 0 0 0 0 0 0 0 0 0 0 0 0 0 0 0 0 0 0 0 0 0 0 0 0 0 0 0 0 0 0 0 0 0 0 0 0 0 0 0 0 0 0 0 0 0 0 0 0 0 0
0 0 0 0 0 0 0 0 0 0 0 0 0 0 0 0 0 0 0 0 0 0 0 0 0 0 0 0 0 0 0 0 0 0 0 0 0 0 0 0 0 0 0 0 0 0 0 0 0 0 0 0 0 0 0 0 0 0 0 0 0
0 0 0 0 0 0 0 0 0 0 0 0 0 0 0 0 0 0 0 0 0 0 0 0 0 0 0 0 0 0 0 0 0 0 0 0 0 0 0 0 0 0 0 0 0 0 0 0 0 0 0 0 0 0 0 0 0 0 0 0 0
0 0 0 0 0 0 0 0 0 0 0 0 0 0 0 0 0 0 0 0 0 0 0 0 0 0 0 0 0 0 0 0 0 0 0 0 0 0 0 0 0 0 0 0 0 0 0 0 0 0 0 0 0 0 0 0 0 0 0 0 0
0 0 0 0 0 0 0 0 0 0 0 0 0 0 0 0 0 0 0 0 0 0 0 0 0 0 0 0 0 0 0 0 0 0 0 0 0 0 0 0 0 0 0 0 0 0 0 0 0 0 0 0 0 0 0 0 0 0 0 0 0
0 0 0 0 0 0 0 0 0 0 0 0 0 0 0 0 0 0 0 0 0 0 0 0 0 0 0 0 0 0 0 0 0 0 0 0 0 0 0 0 0 0 0 0 0 0 0 0 0 0 0 0 0 0 0 0 0 0 0 0 0
0 0 0 0 0 0 0 0 0 0 0 0 0 0 0 0 0 0 0 0 0 0 0 0 0 0 0 0 0 0 0 0 0 0 0 0 0 0 0 0 0 0 0 0 0 0 0 0 0 0 0 0 0 0 0 0 0 0 0 0 0
0 0 0 0 0 0 0 0 0 0 0 0 0 0 0 0 0 0 0 0 0 0 0 0 0 0 0 0 0 0 0 0 0 0 0 0 0 0 0 0 0 0 0 0 0 0 0 0 0 0 0 0 0 0 0 0 0 0 0 0 0
0 0 0 0 0 0 0 0 0 0 0 0 0 0 0 0 0 0 0 0 0 0 0 0 0 0 0 0 0 0 0 0 0 0 0 0 0 0 0 0 0 0 0 0 0 0 0 0 0 0 0 0 0 0 0 0 0 0 0 0 0
0 0 0 0 0 0 0 0 0 0 0 0 0 0 0 0 0 0 0 0 0 0 0 0 0 0 0 0 0 0 0 0 0 0 0 0 0 0 0 0 0 0 0 0 0 0 0 0 0 0 0 0 0 0 0 0 0 0 0 0 0
0 0 0 0 0 0 0 0 0 0 0 0 0 0 0 0 0 0 0 0 0 0 0 0 0 0 0 0 0 0 0 0 0 0 0 0 0 0 0 0 0 0 0 0 0 0 0 0 0 0 0 0 0 0 0 0 0 0 0 0 0
0 0 0 0 0 0 0 0 0 0 0 0 0 0 0 0 0 0 0 0 0 0 0 0 0 0 0 0 0 0 0 0 0 0 0 0 0 0 0 0 0 0 0 0 0 0 0 0 0 0 0 0 0 0 0 0 0 0 0 0 0
0 0 0 0 0 0 0 0 0 0 0 0 0 0 0 0 0 0 0 0 0 0 0 0 0 0 0 0 0 0 0 0 0 0 0 0 0 0 0 0 0 0 0 0 0 0 0 0 0 0 0 0 0 0 0 0 0 0 0 0 0
0 0 0 0 0 0 0 0 0 0 0 0 0 0 0 0 0 0 0 0 0 0 0 0 0 0 0 0 0 0 0 0 0 0 0 0 0 0 0 0 0 0 0 0 0 0 0 0 0 0 0 0 0 0 0 0 0 0 0 0 0
0 0 0 0 0 0 0 0 0 0 0 0 0 0 0 0 0 0 0 0 0 0 0 0 0 0 0 0 0 0 0 0 0 0 0 0 0 0 0 0 0 0 0 0 0 0 0 0 0 0 0 0 0 0 0 0 0 0 0 0 0
0 0 0 0 0 0 0 0 0 0 0 0 0 0 0 0 0 0 0 0 0 0 0 0 0 0 0 0 0 0 0 0 0 0 0 0 0 0 0 0 0 0 0 0 0 0 0 0 0 0 0 0 0 0 0 0 0 0 0 0 0
0 0 0 0 0 0 0 0 0 0 0 0 0 0 0 0 0 0 0 0 0 0 0 0 0 0 0 0 0 0 0 0 0 0 0 0 0 0 0 0 0 0 0 0 0 0 0 0 0 0 0 0 0 0 0 0 0 0 0 0 0
0 0 0 0 0 0 0 0 0 0 0 0 0 0 0 0 0 0 0 0 0 0 0 0 0 0 0 0 0 0 0 0 0 0 0 0 0 0 0 0 0 0 0 0 0 0 0 0 0 0 0 0 0 0 0 0 0 0 0 0 0
0 0 0 0 0 0 0 0 0 0 0 0 0 0 0 0 0 0 0 0 0 0 0 0 0 0 0 0 0 0 0 0 0 0 0 0 0 0 0 0 0 0 0 0 0 0 0 0 0 0 0 0 0 0 0 0 0 0 0 0 0
0 0 0 0 0 0 0 0 0 0 0 0 0 0 0 0 0 0 0 0 0 0 0 0 0 0 0 0 0 0 0 0 0 0 0 0 0 0 0 0 0 0 0 0 0 0 0 0 0 0 0 0 0 0 0 0 0 0 0 0 0
0 0 0 0 0 0 0 0 0 0 0 0 0 0 0 0 0 0 0 0 0 0 0 0 0 0 0 0 0 0 0 0 0 0 0 0 0 0 0 0 0 0 0 0 0 0 0 0 0 0 0 0 0 0 0 0 0 0 0 0 0
0 0 0 0 0 0 0 0 0 0 0 0 0 0 0 0 0 0 0 0 0 0 0 0 0 0 0 0 0 0 0 0 0 0 0 0 0 0 0 0 0 0 0 0 0 0 0 0 0 0 0 0 0 0 0 0 0 0 0 0 0
0 0 0 0 0 0 0 0 0 0 0 0 0 0 0 0 0 0 0 0 0 0 0 0 0 0 0 0 0 0 0 0 0 0 0 0 0 0 0 0 0 0 0 0 0 0 0 0 0 0 0 0 0 0 0 0 0 0 0 0 0
0 0 0 0 0 0 5 0 0 0 0 0 1 0 0 2 0 0 3 0 0 0 0 0 0 3 0 0 2 0 0 0 0 1 2 0 0 0 3 0 0 2 0 0 0 0 0 1 0 0 3 0 0 0 2 0 0 0 0 0 0
0 0 0 0 0 0 0 0 0 0 0 0 0 0 0 0 0 0 0 0 0 0 0 0 0 0 0 0 0 0 0 0 0 0 0 0 0 0 0 0 0 0 0 0 0 0 0 0 0 0 0 0 0 0 0 0 0 0 0 0 0
0 0 0 0 0 0 0 0 0 0 0 0 0 0 0 0 0 0 0 0 0 0 0 0 0 0 0 0 0 0 0 0 0 0 0 0 0 0 0 0 0 0 0 0 0 0 0 0 0 0 0 0 0 0 0 0 0 0 0 0 0
0 0 0 0 0 0 0 0 0 0 0 0 0 0 0 0 0 0 0 0 0 0 0 0 0 0 0 0 0 0 0 0 0 0 0 0 0 0 0 0 0 0 0 0 0 0 0 0 0 0 0 0 0 0 0 0 0 0 0 0 0
0 0 0 0 0 0 0 0 0 0 0 0 0 0 0 0 0 0 0 0 0 0 0 0 0 0 0 0 0 0 0 0 0 0 0 0 0 0 0 0 0 0 0 0 0 0 0 0 0 0 0 0 0 0 0 0 0 0 0 0 0

I cap
1058.909090909091 1058.909090909091 918.9490909091141 918.9490909091339 1137.3599999999972 1013.4599999999793 733.8800000000388 641.5400000000143 510.1799999999956 620.5999999999885 631.380000000019 427.7200000000221 461.7599999999896 525.7599999999611 787.4400000000203 689.9890909091253 841.7090909091022 356.76909090908845 447.9890909091021 411.1490909090979 604.9690909091008 409.8290909091011 429.3090909090921 516.2290909090877 561.089090909109 341.2290909091195 709.1890909090885 546.509090909087 610.2890909091136 559.4490909090864 669.9090909090805 505.2090909091136 640.649090909124 699.7490909090736 110.83999999999781 319.8000000000011 327.800000000005 509.979999999995 524.3800000000085 578.1600000000217 355.50000000001046 473.97999999998706 664.0000000000152 510.5600000000216 501.13999999999436 445.45999999998753 757.4000000000187 653.2200000000211 559.3000000000143 626.000000000009 623.5200000000037 820.4400000000237 862.7400000000143 801.6400000000303 804.4400000000196 1027.4600000000034 811.9690909090921 939.3490909090995 941.349090909091 1058.909090909091 1058.909090909091
107.96969696969697 107.96969696969697 67.52969696969697 67.52969696969697 51.43999999999991 55.54000000000002 1.1200000000002177 17.45999999999995 62.820000000000704 98.40000000000003 98.62000000000018 52.27999999999993 43.239999999999824 20.239999999999945 49.560000000000144 52.88969696969699 63.16969696969727 34.1096969696971 20.889696969696935 8.729696969696946 4.909696969697457 0.04969696969688897 42.569696969697134 20.649696969696976 30.78969696969709 39.64969696969732 92.68969696969708 83.36969696969685 89.58969696969714 84.42969696969708 42.969696969696805 54.669696969697 64.2296969696976 72.12969696969678 23.160000000000327 48.20000000000029 1.2000000000005144 38.020000000000095 20.620000000000402 35.840000000000174 23.5 19.020000000000124 61.99999999999983 73.43999999999994 42.86000000000015 48.53999999999972 18.59999999999969 60.77999999999994 38.699999999999925 58.999999999999815 32.47999999999972 46.559999999999974 30.259999999999824 22.960000000000434 11.160000000000181 31.34000000000026 63.90969696969694 67.52969696969697 69.52969696969697 107.96969696969697 107.96969696969697
38.96666666666666 38.96666666666666 14.033333333333328 14.033333333333328 15.29166666666666 29.325 21.624999999999996 4.158333333333335 11.233333333333341 17.53333333333334 2.133333333333331 7.733333333333336 2.833333333333334 14.73333333333334 9.833333333333334 10.300000000000002 31.96666666666667 17.300000000000004 17.300000000000004 17.300000000000004 10.299999999999997 17.300000000000004 17.300000000000004 31.96666666666667 17.300000000000004 10.300000000000004 17.300000000000004 4.625000000000005 4.625000000000005 4.625000000000005 19.29166666666667 17.300000000000004 17.300000000000004 10.299999999999995 16.8 11.899999999999999 3.533333333333333 1.4333333333333353 5.633333333333331 16.799999999999997 16.133333333333333 11.233333333333341 25.23333333333337 17.533333333333367 21.73333333333334 12.633333333333331 23.83333333333332 22.433333333333405 23.13333333333335 19.525000000000002 29.325 22.325000000000056 32.82500000000006 10.06666666666668 19.166666666666675 22.366666666666674 31.96666666666667 31.96666666666667 38.96666666666666 38.96666666666666 38.96666666666666
45.24545454545453 45.24545454545453 43.14545454545453 37.195454545454524 21.070000000000086 29.890000000000004 27.820000000000487 27.5100000000009 25.060000000000297 27.86000000000067 25.540000000000298 12.22000000000007 11.890000000000295 13.810000000000507 16.310000000000194 29.555454545454825 22.94545454545499 19.685454545454853 23.435454545454903 25.555454545455074 21.605454545455135 20.92545454545484 24.6554545454553 28.635454545455406 29.915454545456136 25.235454545455074 27.965454545455064 28.185454545455475 30.8854545454551 29.475454545455168 24.475454545455374 24.125454545454907 26.045454545454994 27.6254545454549 19.49000000000047 15.710000000000097 13.120000000000168 19.820000000000142 27.650000000000215 38.44000000000006 22.820000000000334 29.9600000000013 40.190000000000296 32.25000000000066 28.180000000000636 37.0200000000005 32.780000000000335 24.510000000000424 23.33000000000046 30.450000000000223 36.430000000000064 40.500000000000014 38.34999999999997 37.43000000000008 29.950000000000397 37.55000000000001 40.53545454545453 43.14545454545453 43.28545454545453 45.24545454545453 45.24545454545453
20.999999999999993 20.999999999999993 20.159999999999993 19.80999999999999 12.909999999999975 22.18999999999999 16.289999999999885 12.52999999999982 7.439999999999897 7.919999999999897 11.279999999999916 7.609999999999927 6.070000000000043 9.839999999999934 9.909999999999954 10.809999999999981 10.389999999999946 8.159999999999972 7.709999999999987 6.8699999999999015 5.390000000000004 5.419999999999899 7.499999999999944 10.38999999999993 10.310000000000002 5.799999999999953 7.659999999999982 8.129999999999988 10.879999999999946 10.810000000000016 7.470000000000024 5.760000000000007 7.009999999999959 9.180000000000009 6.55000000000004 9.939999999999957 5.04000000000001 6.869999999999946 9.369999999999875 5.610000000000047 0.5199999999999879 7.629999999999988 10.11000000000001 12.830000000000014 7.119999999999997 10.380000000000024 13.610000000000014 15.730000000000002 18.289999999999953 11.41000000000002 11.150000000000006 10.100000000000039 6.419999999999994 5.00000000000014 7.079999999999638 9.860000000000001 14.089999999999986 17.159999999999993 20.21999999999999 20.999999999999993 20.999999999999993
345.75757575757575 345.75757575757575 341.76757575757574 341.76757575757574 253.68 215.7388235294123 207.5494117647047 168.91999999999905 207.58000000000217 219.58000000000146 185.41999999999976 151.9799999999995 233.81117647058838 234.3894117647082 196.63941176470553 245.15875222816152 234.84698752228172 221.0869875222824 247.79757575757648 253.8375757575769 255.94875222816432 214.39698752228261 238.40698752228246 222.2375757575764 237.437575757575 259.29875222816395 259.4369875222819 269.71698752228224 247.2775757575759 268.3887522281657 251.60698752228345 246.21698752228048 184.1775757575758 191.3275757575761 105.95000000000363 150.2499999999995 158.4699999999999 226.65000000000094 241.02000000000083 236.31000000000046 209.3100000000006 259.4000000000026 208.80000000000118 210.66999999999922 194.56117647058957 206.54941176470552 274.00941176470724 270.31000000000154 335.55117647059046 311.13941176470894 270.23941176470817 197.94000000000042 240.82000000000292 248.92000000000354 268.59000000000174 298.6711764705882 295.90816399286973 341.76757575757574 341.76757575757574 345.75757575757575 345.75757575757575
779.7575757575758 779.7575757575758 747.8375757575758 747.8375757575756 630.2500000000003 161.4600000000002 186.1899999999995 581.4000000000007 826.130000000001 828.0200000000009 746.1800000000005 477.3599999999991 571.9100000000008 651.3600000000007 402.48000000000036 376.95757575757494 456.1975757575771 92.57757575757594 148.0975757575759 368.74757575757684 425.2175757575751 567.4875757575753 628.3975757575774 689.9975757575754 293.1275757575744 153.47757575757885 544.7575757575767 365.6275757575762 410.2875757575755 651.917575757577 634.8475757575766 591.9375757575729 366.7275757575736 190.1975757575771 262.0199999999982 628.8399999999995 683.0500000000021 361.83000000000254 347.30999999999744 557.2699999999999 244.0200000000009 230.350000000001 491.80999999999614 513.2999999999982 495.4500000000011 543.2799999999984 353.69000000000005 389.56999999999977 586.2999999999986 215.4300000000004 214.27000000000032 559.2099999999996 655.999999999998 300.34999999999894 226.03000000000125 460.3800000000009 711.0675757575759 747.8375757575758 749.4575757575758 779.7575757575758 779.7575757575758
80.73333333333335 80.73333333333335 79.26333333333335 78.56333333333335 65.97999999999998 87.22 73.79666666666667 75.22 78.73333333333332 85.32666666666665 72.53999999999999 80.27333333333334 87.81666666666666 86.9833333333333 84.42999999999999 72.72999999999982 71.14666666666659 71.69333333333331 66.59000000000002 65.09333333333318 63.26333333333332 69.91666666666669 71.28 70.65333333333334 70.31333333333333 67.2633333333333 68.97333333333334 68.8533333333333 71.07333333333335 70.86333333333333 65.88333333333333 66.92666666666653 68.36000000000004 68.27333333333306 33.95000000000015 57.12999999999931 68.24333333333308 67.05666666666636 65.55999999999857 71.4433333333329 72.86999999999993 72.73666666666666 73.43 77.96999999999998 81.70333333333333 89.25 81.12 72.11 64.33666666666636 65.96333333333314 65.51666666666632 62.07999999999895 56.96999999999958 55.509999999998655 56.01999999999802 55.47999999999982 75.78666666666668 79.26333333333335 79.34333333333335 80.73333333333335 80.73333333333335
10.775757575757575 10.775757575757575 9.725757575757575 9.725757575757573 7.050000000000004 3.1500000000000004 1.050000000000004 2.899999999999995 3.4499999999999855 3.9000000000000012 5.000000000000004 5.700000000000007 7.3 2.7700000000000005 0.5799999999999983 1.985757575757574 2.77575757575757 3.175757575757574 7.575757575757575 3.725757575757582 3.725757575757587 0.5957575757575917 1.2957575757575739 0.1957575757575709 4.9357575757575765 3.1957575757575762 0.8557575757575773 4.265757575757584 2.3757575757575755 3.1757575757575633 5.975757575757572 6.5457575757575714 0.15575757575757443 1.185757575757581 3.2 2.2 0.45000000000000195 7.350000000000018 3.150000000000007 2.7499999999999947 5.3900000000000015 2.7000000000000046 0.19000000000000838 5.629999999999984 0.4500000000000046 2.180000000000004 9.669999999999984 4.769999999999992 2.2899999999999903 7.0999999999999845 6.499999999999988 0.699999999999994 9.069999999999991 0.2300000000000164 1.3600000000000179 1.8500000000000272 2.1257575757575733 9.725757575757575 9.825757575757576 10.775757575757575 10.775757575757575
2.545454545454545 2.545454545454545 1.915454545454545 1.915454545454545 1.96 0.5599999999999999 0.5500000000000019 0.12000000000000033 1.2400000000000588 1.2600000000000007 1.5400000000000071 0.1399999999999999 0.5599999999999999 0.3600000000000002 0.03000000000000025 1.075454545454547 1.8254545454545565 1.9154545454545486 0.9254545454545527 0.9854545454545524 0.3554545454545497 1.2854545454545647 1.075454545454554 1.7054545454545473 0.02545454545455139 0.535454545454554 1.1954545454545613 0.5654545454545533 1.285454545454547 1.0754545454545519 0.08545454545455677 0.5654545454545511 0.35545454545454935 1.0754545454545577 1.5400000000000063 1.3300000000000045 1.9600000000000115 0.8400000000000006 1.5400000000000151 0.5599999999999999 0.07000000000000006 0.09000000000000052 0.8200000000000108 0.04999999999999993 0.36000000000000054 0.6700000000000097 4.440892098500626e-16 1.9500000000000144 0.010000000000009113 1.1200000000000054 0.6400000000000156 0.1700000000000106 0.1700000000000017 0.46000000000000296 0.6699999999999998 0.8500000000000142 1.7054545454545451 1.915454545454569 1.915454545454545 2.545454545454545 2.545454545454545
8.515433299825174 8.515433299825174 8.515433299825174 8.15245689329159 5.365915574712635 3.913808275862049 2.813535545977018 6.442135172413692 7.803330862068719 7.032719396551562 8.002534137930757 6.0969275862067525 5.31190086206871 4.992315057471278 4.039619166666689 4.575920689655168 4.923577988505747 3.976832183908046 3.1821994827586293 3.4168943965517187 3.149584435736678 5.006632126436779 6.692546149425259 5.565923103448272 3.625496666666698 1.5090496551724273 3.191650402298867 5.557490804597584 5.0280324137929915 6.588017758620647 7.939077816091732 7.55138477011484 4.626603448275861 2.8523526149425633 7.487788678160776 9.895639827586129 4.661957413793108 5.1179641379310645 3.5972384482759123 4.340773965517264 2.8158224137930903 2.4722924137931903 3.4345963793103964 4.392586896551701 3.962081379310325 5.509095429522111 4.1071740532366015 4.237826206896559 4.505408793103461 2.7906255747126476 2.620248563218377 4.203439655172458 6.147856896551662 4.775692931034453 5.761396034482667 4.736172441016327 6.59014577108954 7.653364334307932 8.170605713618277 8.515433299825174 8.515433299825174
700.0 700.0 699.0 696.0 688.0 689.0 684.0 686.0 683.0 683.0 679.0 680.0 683.0 684.0 682.0 683.0 683.0 684.0 684.0 687.0 685.0 681.0 681.0 684.0 684.0 681.0 684.0 684.0 682.0 683.0 689.0 681.0 690.0 684.0 683.0 684.0 681.0 685.0 683.0 684.0 683.0 682.0 689.0 685.0 684.0 679.0 682.0 682.0 680.0 679.0 681.0 684.0 684.0 684.0 682.0 683.0 692.0 691.0 697.0 700.0 700.0

H cap
5.25 -29.75 -5.25 -1.75 15.75 -1.75 15.75 22.75 15.75 5.25 33.25 36.75 50.75 43.75 33.25 15.75 15.75 -1.75 -12.25 -5.25 15.75 22.75 1.75 22.75 12.25 5.25 36.75 22.75 1.75 36.75 61.25 29.75 26.25 78.75 57.75 -5.25 15.75 43.75 12.25 26.25 78.75 12.25 1.75 47.25 12.25 1.75 1.75 43.75 78.75 64.75 57.75 -22.75 5.25 131.25 131.25 131.25 131.25 131.25 131.25 131.25 131.25
32.5 29.5 9.5 -10.0 10.5 11.5 16.5 17.0 -2.0 3.5 22.0 6.5 5.0 17.0 -3.0 -14.5 -6.5 -2.0 9.5 14.5 17.5 -1.5 -10.5 12.5 5.5 -4.5 10.0 19.0 17.5 4.5 -8.0 -1.5 10.0 22.5 5.5 -7.0 17.0 9.5 -4.5 2.5 8.0 23.0 32.5 16.5 12.5 22.5 -0.5 -9.5 0.0 8.0 6.5 -7.5 21.5 52.5 52.5 52.5 52.5 52.5 52.5 52.5 52.5
49.0 45.5 45.5 45.5 45.5 38.5 42.0 42.0 38.5 35.0 45.5 49.0 42.0 49.0 49.0 45.5 45.5 42.0 45.5 45.5 45.5 42.0 45.5 49.0 42.0 49.0 52.5 49.0 52.5 45.5 42.0 45.5 49.0 56.0 52.5 42.0 42.0 45.5 45.5 42.0 42.0 42.0 49.0 56.0 42.0 38.5 42.0 42.0 45.5 49.0 49.0 42.0 49.0 63.0 63.0 63.0 63.0 63.0 63.0 63.0 63.0
13.25 7.25 11.75 -0.25 1.25 -3.75 7.25 -0.75 1.25 -2.25 -6.75 1.25 3.75 -7.25 6.25 4.75 3.25 -5.75 -2.25 -0.25 -2.25 -0.75 2.75 -2.25 0.25 -1.25 -0.25 -0.25 -0.75 0.25 3.25 4.25 -1.25 0.25 0.25 1.75 -0.75 2.25 1.75 -0.75 3.75 -23.25 -28.25 1.25 -5.25 0.25 0.75 14.75 -1.75 -1.75 32.25 1.25 24.25 78.75 78.75 78.75 78.75 78.75 78.75 78.75 78.75

Gap
NaN

Time
NaN

