T P M C
61 37 4 12

base obj
12.239498145532629

exp obj
11.390407922874962

Objective struct
12.239498145532629 0.2941176470588235 8.549019607843135

num campaigns
431

x
0 0 0 0 0 0 0 0 0 0 1 0 0 0 0 0 0 1 0 1 0 0 0 1 0 1 0 1 0 1 0 1 0 0 1 0 1 0 0 0 1 0 0 0 1 0 0 0 0 0 0 0 0 0 0 1 0 0 0 0 0
0 0 0 0 0 0 0 0 0 0 0 0 0 0 0 0 0 0 0 0 0 0 1 0 0 0 0 0 0 0 0 0 0 0 0 0 1 0 0 0 0 0 0 0 0 1 0 0 0 0 0 0 0 0 0 0 0 0 0 0 0
0 0 0 0 0 0 0 1 0 0 0 0 0 0 1 0 0 0 0 0 1 0 0 0 1 0 0 0 0 0 0 1 0 0 0 1 0 0 0 0 0 0 0 1 0 0 0 0 1 0 0 0 0 1 0 0 0 0 0 0 0
0 0 0 0 0 1 0 1 1 1 1 1 1 1 0 0 0 1 0 1 1 0 0 0 0 0 0 0 0 0 0 0 0 0 0 0 0 0 0 0 0 0 0 0 0 0 0 0 0 0 0 0 0 0 0 0 0 0 0 0 0
0 0 0 0 0 0 1 0 1 0 1 0 1 0 1 0 1 0 1 0 1 0 1 0 1 0 1 0 0 1 0 1 0 1 0 1 0 0 0 0 0 1 0 0 0 0 0 0 0 1 0 0 0 0 0 0 0 0 0 0 0
0 0 0 0 0 0 0 0 0 0 0 0 0 0 0 1 0 0 0 0 0 0 0 0 0 0 0 0 0 0 0 0 0 0 0 0 0 0 0 0 0 0 0 0 0 0 0 0 0 1 0 0 0 0 0 0 0 0 0 0 0
0 0 0 0 0 0 1 1 1 1 1 0 1 1 1 1 1 0 0 1 0 0 0 0 0 0 0 0 0 0 0 0 0 0 0 0 0 0 1 0 0 0 0 0 0 0 0 0 0 0 0 0 0 0 0 0 0 0 0 0 0
0 0 0 0 1 0 0 0 0 0 0 0 0 0 0 0 0 0 0 0 0 1 0 0 0 0 0 0 0 0 0 0 0 0 0 0 0 0 1 0 0 0 0 0 0 0 0 0 0 0 0 0 0 0 0 1 0 0 0 0 0
0 0 0 0 0 0 1 0 0 0 0 0 0 0 0 0 0 0 0 0 0 0 0 0 0 0 0 0 0 0 0 0 0 0 0 0 0 0 0 0 0 0 0 0 0 0 0 0 0 0 0 0 0 1 0 0 0 0 0 0 0
0 0 0 0 0 0 0 0 0 1 0 0 0 0 0 0 0 1 0 0 0 0 0 0 0 1 0 0 0 0 0 0 1 0 0 0 0 0 0 0 0 0 0 0 1 0 1 0 1 0 0 0 0 0 0 0 0 0 0 0 0
0 0 0 0 0 0 0 0 1 0 0 0 0 0 0 0 0 0 0 0 0 1 0 0 0 0 0 0 0 1 0 0 0 0 0 0 0 0 0 0 0 1 0 0 0 0 0 0 0 1 0 0 0 0 0 0 0 0 0 0 0
0 0 0 0 0 0 1 0 0 0 0 0 0 0 0 0 0 0 1 0 0 0 0 0 0 0 0 0 0 0 0 0 0 0 0 0 0 0 0 0 1 0 0 0 0 0 0 0 0 0 1 0 0 0 0 0 0 0 0 0 0
0 0 0 0 0 0 0 0 0 0 0 0 0 1 0 0 0 0 0 0 0 0 0 0 0 0 0 0 0 0 0 0 0 0 0 0 0 0 0 0 0 0 0 0 0 0 0 0 0 0 1 0 0 0 0 1 0 0 0 0 0
0 0 0 0 0 0 1 0 0 0 0 0 0 0 1 0 0 0 0 0 0 1 0 0 0 0 1 0 0 0 0 0 0 0 1 0 0 0 0 1 0 0 0 0 0 0 1 0 0 0 0 0 0 0 0 1 0 0 0 0 0
0 0 0 0 0 0 0 0 0 0 0 1 0 0 0 0 0 0 0 0 0 0 0 0 0 0 0 0 0 0 0 0 0 0 0 0 0 0 0 0 0 0 0 0 0 0 0 0 0 0 0 1 0 0 0 0 0 0 0 0 0
0 0 0 0 0 0 0 0 0 0 0 0 0 0 0 0 0 0 0 0 0 0 0 0 0 0 0 0 1 0 0 0 0 0 0 0 0 0 0 0 0 0 0 0 0 0 0 0 0 0 0 0 0 0 0 0 0 0 0 0 0
0 0 0 0 0 0 0 0 0 0 0 0 0 0 0 1 0 0 0 0 0 0 0 0 1 0 0 0 0 0 0 0 0 0 0 0 0 0 0 0 0 0 0 1 0 0 0 0 0 0 0 0 0 0 0 0 0 0 0 0 0
0 0 0 0 1 0 0 0 0 0 0 0 0 0 0 0 0 0 0 0 0 0 0 0 0 0 0 1 0 0 0 0 0 0 0 0 0 0 0 0 0 0 0 0 0 0 0 0 0 0 1 0 0 0 0 0 0 0 0 0 0
0 0 0 0 0 0 1 0 1 0 0 0 1 0 0 0 1 0 0 1 0 1 0 1 0 1 0 1 0 0 0 1 0 1 0 1 0 1 0 1 0 1 0 1 0 1 0 1 0 1 0 0 0 1 0 0 0 0 0 0 0
0 0 0 0 1 0 0 0 0 0 0 0 0 0 0 0 0 0 0 0 0 0 0 0 0 0 0 0 0 0 0 0 0 0 0 0 0 0 0 0 0 0 0 0 0 0 0 0 0 0 0 0 0 1 0 0 0 0 0 0 0
0 0 0 0 0 0 1 0 0 1 0 0 1 0 0 0 0 0 1 0 0 1 0 0 1 0 0 0 0 0 0 0 1 0 0 0 0 0 1 0 0 1 0 0 1 0 0 1 0 0 0 0 1 0 0 0 0 0 0 0 0
0 0 0 0 0 0 0 0 0 0 0 0 0 0 0 0 0 0 0 0 0 0 0 0 0 0 0 0 0 0 0 0 0 0 0 0 0 0 0 0 0 0 0 0 0 0 0 0 0 0 0 0 0 0 0 0 0 0 0 0 0
0 0 0 0 0 0 0 0 0 0 0 0 0 1 0 0 0 0 0 0 0 0 0 0 0 0 0 0 0 0 0 0 0 1 0 0 0 0 0 0 0 0 0 0 0 0 0 0 0 0 0 0 1 0 0 0 0 0 0 0 0
0 0 0 0 0 0 0 0 1 0 0 0 0 0 0 0 1 0 0 0 0 0 1 0 0 0 0 0 0 0 0 0 0 0 0 0 0 1 0 0 0 0 0 0 0 0 0 1 0 0 0 0 0 1 0 0 0 0 0 0 0
0 0 0 0 1 0 0 0 0 0 0 0 0 0 0 0 0 0 0 0 0 0 0 0 0 0 0 0 0 0 1 0 0 0 0 0 0 0 0 0 0 0 1 0 0 0 0 0 0 0 0 0 0 0 0 0 0 0 0 0 0
0 0 0 0 0 0 0 1 0 0 0 1 0 0 0 1 0 0 0 1 0 0 0 1 0 0 0 1 0 0 0 1 0 0 0 0 1 0 0 0 0 0 0 0 0 0 0 0 0 0 0 0 0 0 0 0 0 0 0 0 0
0 0 0 0 0 0 1 0 0 0 0 0 1 0 0 0 0 0 1 0 0 0 0 0 0 0 0 0 0 1 0 0 0 0 0 0 0 0 1 0 0 0 0 0 0 0 0 1 0 0 0 0 0 1 0 0 0 0 0 0 0
0 0 0 0 1 0 0 0 0 0 0 0 0 0 0 0 0 0 0 0 0 0 0 0 0 0 0 0 0 0 0 0 0 0 0 0 0 0 0 0 0 0 0 0 0 0 0 0 0 0 0 0 0 0 0 1 0 0 0 0 0
0 0 0 0 0 0 0 0 0 0 0 0 0 0 0 0 0 0 0 0 0 0 0 0 0 0 0 0 0 0 0 0 0 0 0 0 0 0 0 0 0 1 0 0 0 1 0 0 0 0 0 0 0 0 0 0 0 0 0 0 0
0 0 0 0 1 0 1 1 1 1 1 1 1 1 0 1 1 1 1 1 1 1 1 1 1 1 1 1 1 1 1 1 1 1 0 1 1 1 1 1 1 1 1 1 1 1 1 1 1 1 1 1 0 0 1 1 0 0 0 0 0
0 0 0 0 0 0 1 1 1 1 1 0 1 0 0 1 1 1 1 1 1 1 1 1 0 1 1 1 1 1 0 1 1 0 1 1 1 1 1 1 1 1 1 1 1 1 1 1 1 1 1 1 1 0 1 0 0 0 0 0 0
0 0 0 0 0 1 1 1 1 1 1 1 1 0 0 1 0 1 1 1 1 0 0 1 1 1 1 1 1 1 0 1 1 0 1 1 1 1 1 1 1 1 1 1 1 1 1 1 1 1 1 1 0 1 1 0 0 0 0 0 0
0 0 0 0 1 0 0 0 4 3 0 0 1 0 0 0 0 2 1 3 5 0 1 1 0 1 4 2 4 0 0 0 8 0 1 4 1 2 6 2 3 1 0 0 0 1 0 0 4 2 2 0 0 1 6 0 0 0 0 0 0
0 0 0 0 0 1 0 0 1 1 0 1 1 0 0 0 0 1 1 1 1 0 0 1 1 0 1 1 1 1 0 0 1 0 1 1 1 1 1 1 1 1 0 1 1 1 1 0 1 1 1 1 0 1 1 0 0 0 0 0 0
0 0 0 0 0 0 0 0 1 0 0 0 0 0 0 0 0 1 0 1 0 0 0 1 0 0 1 0 1 0 0 0 1 0 1 0 1 0 0 1 0 0 0 0 0 0 0 0 1 0 1 1 0 0 0 0 0 0 0 0 0
0 0 0 0 0 0 0 0 0 0 0 0 0 0 0 0 0 0 0 0 0 0 0 0 0 0 0 0 0 0 0 0 0 0 0 0 0 0 0 0 0 0 0 0 0 0 0 1 0 1 0 0 0 0 0 0 0 0 0 0 0
0 0 0 0 0 0 0 0 0 0 0 0 0 0 0 0 0 0 0 0 0 0 0 0 0 0 0 0 0 0 0 0 0 0 0 0 0 0 0 0 0 0 0 0 0 0 0 0 0 0 0 0 0 0 0 0 0 0 0 0 0

y
0.0 4.363636363636363 0.0 0.0 0.0 29.363636363636363 0.0 0.0 0.0 0.1785714285714286 0.0 0.0 0.3636363636363633 0.0 31.5 0.0 0.0 0.0 0.0 0.0 0.0 0.0 2.0 0.33333333333333304 1.8000000000000007 0.0 0.33333333333333304 0.0 1.4500000000000002 0.0 0.0 0.0 0.0 0.0 0.0 1.0 0.0

k
0 9 4 0 0 10 0 0 0 22 0 0 9 3 5 0 3 0 5 0 0 6 1 4 3 0 3 0 19 5 10 10 27 18 39 50 6

f
12.25 22.75 0.0 5.25 0.0 0.0 0.0 15.75 1.75 0.0 0.0 0.0 0.0 0.0 0.0 1.75 0.0 0.0 8.75 0.0 0.0 0.0 0.0 0.0 1.75 0.0 0.0 0.0 0.0 0.0 0.0 0.0 0.0 0.0 0.0 0.0 0.0 0.0 0.0 0.0 0.0 0.0 0.0 0.0 0.0 0.0 0.0 0.0 0.0 8.75 0.0 8.75 8.75 0.0 0.0 0.0 0.0 0.0 0.0 0.0 0.0
0.0 0.0 0.0 0.0 0.0 13.5 0.0 0.0 0.0 0.0 0.0 0.0 0.0 0.0 3.0 3.0 15.0 0.0 0.0 0.0 0.0 0.0 3.5 4.5 0.5 1.5 0.0 0.0 10.0 0.0 0.0 1.0 2.0 0.0 5.5 13.5 1.5 0.0 0.0 0.0 0.0 0.0 0.0 0.0 0.0 9.0 2.5 0.0 0.0 0.0 0.0 0.5 0.0 0.0 0.0 0.0 0.0 0.0 0.0 0.0 0.0
0.0 0.0 0.0 0.0 0.0 0.0 0.0 0.0 0.0 0.0 0.0 0.0 0.0 0.0 0.0 0.0 0.0 0.0 0.0 0.0 0.0 0.0 0.0 0.0 0.0 0.0 0.0 0.0 0.0 0.0 0.0 0.0 0.0 0.0 0.0 0.0 0.0 0.0 0.0 0.0 0.0 0.0 0.0 0.0 0.0 0.0 0.0 0.0 0.0 0.0 0.0 0.0 0.0 0.0 0.0 0.0 0.0 0.0 0.0 0.0 0.0
0.0 0.0 0.0 5.25 0.0 0.75 0.0 4.75 0.0 3.25 7.75 5.75 3.75 1.25 0.25 0.25 0.75 0.0 4.25 0.25 0.0 1.25 0.0 0.25 0.25 0.0 3.75 9.25 0.75 0.0 9.75 0.0 0.0 2.25 0.0 0.0 0.0 0.75 1.25 2.75 0.25 0.75 0.0 0.25 0.0 0.0 0.0 0.25 0.0 21.25 0.0 6.75 0.0 0.0 0.0 0.0 0.0 0.0 0.0 0.0 0.0

L
2 9 4 1 2 34 1 17 47 2 8 10 5 5 40 0 9 23 2 49 3 0 19 6 12 4 6 51 4 1 1 1 0 1 1 2 0

g
0 0 0 0 0 0 0 0 0 0 0 0 0 0 0 0 0 0 0 0 0 0 0 0 0 0 0 0 0 0 0 0 0 0 0 0 0 0 0 0 0 0 0 0 0 0 0 0 0 0 0 0 0 0 0 0 0 0 0 0 0
0 0 0 0 0 0 0 0 0 0 0 0 0 0 0 0 0 0 0 0 0 0 0 0 0 0 0 0 0 0 0 0 0 0 0 0 0 0 0 0 0 0 0 0 0 0 0 0 0 0 0 0 0 0 0 0 0 0 0 0 0
0 0 0 0 0 0 0 0 0 0 0 0 0 0 0 0 0 0 0 0 0 0 0 0 0 0 0 0 0 0 0 0 0 0 0 0 0 0 0 0 0 0 0 0 0 0 0 0 0 0 0 0 0 0 0 0 0 0 0 0 0
0 0 0 0 0 0 0 0 0 0 0 0 0 0 0 0 0 0 0 0 0 0 0 0 0 0 0 0 0 0 0 0 0 0 0 0 0 0 0 0 0 0 0 0 0 0 0 0 0 0 0 0 0 0 0 0 0 0 0 0 0
0 0 0 0 0 0 0 0 0 0 0 0 0 0 0 0 0 0 0 0 0 0 0 0 0 0 0 0 0 0 0 0 0 0 0 0 0 0 0 0 0 0 0 0 0 0 0 0 0 0 0 0 0 0 0 0 0 0 0 0 0
0 0 0 0 0 0 0 0 0 0 0 0 0 0 0 0 0 0 0 0 0 0 0 0 0 0 0 0 0 0 0 0 0 0 0 0 0 0 0 0 0 0 0 0 0 0 0 0 0 0 0 0 0 0 0 0 0 0 0 0 0
0 0 0 0 0 0 0 0 0 0 0 0 0 0 0 0 0 0 0 0 0 0 0 0 0 0 0 0 0 0 0 0 0 0 0 0 0 0 0 0 0 0 0 0 0 0 0 0 0 0 0 0 0 0 0 0 0 0 0 0 0
0 0 0 0 0 0 0 0 0 0 0 0 0 0 0 0 0 0 0 0 0 0 0 0 0 0 0 0 0 0 0 0 0 0 0 0 0 0 0 0 0 0 0 0 0 0 0 0 0 0 0 0 0 0 0 0 0 0 0 0 0
0 0 0 0 0 0 0 0 0 0 0 0 0 0 0 0 0 0 0 0 0 0 0 0 0 0 0 0 0 0 0 0 0 0 0 0 0 0 0 0 0 0 0 0 0 0 0 0 0 0 0 0 0 0 0 0 0 0 0 0 0
0 0 0 0 0 0 0 0 0 0 0 0 0 0 0 0 0 0 0 0 0 0 0 0 0 0 0 0 0 0 0 0 0 0 0 0 0 0 0 0 0 0 0 0 0 0 0 0 0 0 0 0 0 0 0 0 0 0 0 0 0
0 0 0 0 0 0 0 0 0 0 0 0 0 0 0 0 0 0 0 0 0 0 0 0 0 0 0 0 0 0 0 0 0 0 0 0 0 0 0 0 0 0 0 0 0 0 0 0 0 0 0 0 0 0 0 0 0 0 0 0 0
0 0 0 0 0 0 0 0 0 0 0 0 0 0 0 0 0 0 0 0 0 0 0 0 0 0 0 0 0 0 0 0 0 0 0 0 0 0 0 0 0 0 0 0 0 0 0 0 0 0 0 0 0 0 0 0 0 0 0 0 0
0 0 0 0 0 0 0 0 0 0 0 0 0 0 0 0 0 0 0 0 0 0 0 0 0 0 0 0 0 0 0 0 0 0 0 0 0 0 0 0 0 0 0 0 0 0 0 0 0 0 0 0 0 0 0 0 0 0 0 0 0
0 0 0 0 0 0 0 0 0 0 0 0 0 0 0 0 0 0 0 0 0 0 0 0 0 0 0 0 0 0 0 0 0 0 0 0 0 0 0 0 0 0 0 0 0 0 0 0 0 0 0 0 0 0 0 0 0 0 0 0 0
0 0 0 0 0 0 0 0 0 0 0 0 0 0 0 0 0 0 0 0 0 0 0 0 0 0 0 0 0 0 0 0 0 0 0 0 0 0 0 0 0 0 0 0 0 0 0 0 0 0 0 0 0 0 0 0 0 0 0 0 0
0 0 0 0 0 0 0 0 0 0 0 0 0 0 0 0 0 0 0 0 0 0 0 0 0 0 0 0 0 0 0 0 0 0 0 0 0 0 0 0 0 0 0 0 0 0 0 0 0 0 0 0 0 0 0 0 0 0 0 0 0
0 0 0 0 0 0 0 0 0 0 0 0 0 0 0 0 0 0 0 0 0 0 0 0 0 0 0 0 0 0 0 0 0 0 0 0 0 0 0 0 0 0 0 0 0 0 0 0 0 0 0 0 0 0 0 0 0 0 0 0 0
0 0 0 0 0 0 0 0 0 0 0 0 0 0 0 0 0 0 0 0 0 0 0 0 0 0 0 0 0 0 0 0 0 0 0 0 0 0 0 0 0 0 0 0 0 0 0 0 0 0 0 0 0 0 0 0 0 0 0 0 0
0 0 0 0 0 0 0 0 0 0 0 0 0 0 0 0 0 0 0 0 0 0 0 0 0 0 0 0 0 0 0 0 0 0 0 0 0 0 0 0 0 0 0 0 0 0 0 0 0 0 0 0 0 0 0 0 0 0 0 0 0
0 0 0 0 0 0 0 0 0 0 0 0 0 0 0 0 0 0 0 0 0 0 0 0 0 0 0 0 0 0 0 0 0 0 0 0 0 0 0 0 0 0 0 0 0 0 0 0 0 0 0 0 0 0 0 0 0 0 0 0 0
0 0 0 0 0 0 0 0 0 0 0 0 0 0 0 0 0 0 0 0 0 0 0 0 0 0 0 0 0 0 0 0 0 0 0 0 0 0 0 0 0 0 0 0 0 0 0 0 0 0 0 0 0 0 0 0 0 0 0 0 0
0 0 0 0 0 0 0 0 0 0 0 0 0 0 0 0 0 0 0 0 0 0 0 0 0 0 0 0 0 0 0 0 0 0 0 0 0 0 0 0 0 0 0 0 0 0 0 0 0 0 0 0 0 0 0 0 0 0 0 0 0
0 0 0 0 0 0 0 0 0 0 0 0 0 0 0 0 0 0 0 0 0 0 0 0 0 0 0 0 0 0 0 0 0 0 0 0 0 0 0 0 0 0 0 0 0 0 0 0 0 0 0 0 0 0 0 0 0 0 0 0 0
0 0 0 0 0 0 0 0 0 0 0 0 0 0 0 0 0 0 0 0 0 0 0 0 0 0 0 0 0 0 0 0 0 0 0 0 0 0 0 0 0 0 0 0 0 0 0 0 0 0 0 0 0 0 0 0 0 0 0 0 0
0 0 0 0 0 0 0 0 0 0 0 0 0 0 0 0 0 0 0 0 0 0 0 0 0 0 0 0 0 0 0 0 0 0 0 0 0 0 0 0 0 0 0 0 0 0 0 0 0 0 0 0 0 0 0 0 0 0 0 0 0
0 0 0 0 0 0 0 0 0 0 0 0 0 0 0 0 0 0 0 0 0 0 0 0 0 0 0 0 0 0 0 0 0 0 0 0 0 0 0 0 0 0 0 0 0 0 0 0 0 0 0 0 0 0 0 0 0 0 0 0 0
0 0 0 0 0 0 0 0 0 0 0 0 0 0 0 0 0 0 0 0 0 0 0 0 0 0 0 0 0 0 0 0 0 0 0 0 0 0 0 0 0 0 0 0 0 0 0 0 0 0 0 0 0 0 0 0 0 0 0 0 0
0 0 0 0 0 0 0 0 0 0 0 0 0 0 0 0 0 0 0 0 0 0 0 0 0 0 0 0 0 0 0 0 0 0 0 0 0 0 0 0 0 0 0 0 0 0 0 0 0 0 0 0 0 0 0 0 0 0 0 0 0
0 0 0 0 0 0 0 0 0 0 0 0 0 0 0 0 0 0 0 0 0 0 0 0 0 0 0 0 0 0 0 0 0 0 0 0 0 0 0 0 0 0 0 0 0 0 0 0 0 0 0 0 0 0 0 0 0 0 0 0 0
0 0 0 0 0 0 0 0 0 0 0 0 0 0 0 0 0 0 0 0 0 0 0 0 0 0 0 0 0 0 0 0 0 0 0 0 0 0 0 0 0 0 0 0 0 0 0 0 0 0 0 0 0 0 0 0 0 0 0 0 0
0 0 0 0 0 0 0 0 0 0 0 0 0 0 0 0 0 0 0 0 0 0 0 0 0 0 0 0 0 0 0 0 0 0 0 0 0 0 0 0 0 0 0 0 0 0 0 0 0 0 0 0 0 0 0 0 0 0 0 0 0
0 0 0 0 0 0 0 0 0 0 0 0 0 0 0 0 0 0 0 0 0 0 0 0 0 0 0 0 0 0 0 0 0 0 0 0 0 0 0 0 0 0 0 0 0 0 0 0 0 0 0 0 0 0 0 0 0 0 0 0 0
0 0 0 0 0 0 0 0 2 1 0 0 0 0 0 0 0 0 0 1 3 0 0 0 0 0 2 0 2 0 0 0 6 0 0 2 0 0 4 0 1 0 0 0 0 0 0 0 2 0 0 0 0 0 4 0 0 0 0 0 0
0 0 0 0 0 0 0 0 0 0 0 0 0 0 0 0 0 0 0 0 0 0 0 0 0 0 0 0 0 0 0 0 0 0 0 0 0 0 0 0 0 0 0 0 0 0 0 0 0 0 0 0 0 0 0 0 0 0 0 0 0
0 0 0 0 0 0 0 0 0 0 0 0 0 0 0 0 0 0 0 0 0 0 0 0 0 0 0 0 0 0 0 0 0 0 0 0 0 0 0 0 0 0 0 0 0 0 0 0 0 0 0 0 0 0 0 0 0 0 0 0 0
0 0 0 0 0 0 0 0 0 0 0 0 0 0 0 0 0 0 0 0 0 0 0 0 0 0 0 0 0 0 0 0 0 0 0 0 0 0 0 0 0 0 0 0 0 0 0 0 0 0 0 0 0 0 0 0 0 0 0 0 0
0 0 0 0 0 0 0 0 0 0 0 0 0 0 0 0 0 0 0 0 0 0 0 0 0 0 0 0 0 0 0 0 0 0 0 0 0 0 0 0 0 0 0 0 0 0 0 0 0 0 0 0 0 0 0 0 0 0 0 0 0

I cap
1058.909090909091 1058.909090909091 1001.5090909090945 1001.509090909097 1157.300000000013 908.1000000000017 900.4400000000101 755.7400000000017 324.9800000000079 425.8800000000149 485.1000000000054 486.78000000000867 344.28000000000117 425.88000000000966 695.6600000000172 422.86909090910433 519.6290909090961 436.74909090909125 535.2690909090948 315.94909090910096 298.00909090909727 526.289090909097 538.8890909090971 585.4090909091017 495.50909090909585 482.04909090909877 539.6490909090983 544.7490909091064 529.4490909091014 483.9690909090877 616.4690909091039 479.0090909091087 472.5490909090965 535.0890909090947 332.44000000000005 304.1000000000017 178.00000000000114 371.60000000001446 419.9200000000118 704.3800000000158 665.4600000000016 704.5599999999888 675.8800000000244 637.9800000000255 702.2599999999861 587.8599999999778 887.6400000000165 870.6400000000256 923.8000000000139 623.3800000000263 657.040000000019 703.7599999999841 890.8599999999971 781.6400000000415 967.2600000000282 987.2600000000075 765.5690909090913 831.9490909090975 941.349090909091 1058.909090909091 1058.909090909091
107.96969696969697 107.96969696969697 70.96969696969697 70.96969696969697 80.50000000000009 55.899999999999885 1.5600000000000662 6.259999999999957 10.02000000000011 26.120000000000005 37.900000000000276 87.21999999999996 70.71999999999981 38.11999999999977 72.34000000000013 53.00969696969707 79.24969696969687 48.129696969697065 16.609696969697346 3.929696969697404 4.86969696969713 8.589696969697016 26.989696969696837 27.469696969696486 51.3696969696972 55.82969696969691 58.22969696969699 88.1296969696971 88.42969696969678 56.90969696969691 65.40969696969711 54.86969696969686 55.32969696969688 56.78969696969665 72.56000000000029 75.90000000000026 29.00000000000053 30.400000000001146 10.080000000000005 44.61999999999972 20.540000000000212 6.440000000000089 39.11999999999995 70.01999999999992 72.73999999999978 55.13999999999989 69.35999999999994 74.36000000000017 77.19999999999989 35.61999999999996 1.9599999999998445 26.839999999999847 37.740000000000165 12.160000000000188 32.739999999999924 11.740000000000066 25.3096969696969 42.92969696969695 69.52969696969697 107.96969696969697 107.96969696969697
38.96666666666666 38.96666666666666 14.033333333333328 1.3583333333333272 15.29166666666666 29.325 6.958333333333334 16.833333333333336 11.23333333333334 17.53333333333334 9.133333333333333 14.733333333333336 2.833333333333334 14.733333333333334 9.833333333333336 38.96666666666667 31.96666666666667 31.96666666666667 17.300000000000004 17.300000000000004 17.300000000000004 10.300000000000004 17.300000000000004 10.300000000000004 17.300000000000004 10.300000000000002 4.6250000000000036 12.291666666666668 19.291666666666668 19.291666666666668 38.96666666666667 31.96666666666667 17.300000000000004 10.299999999999997 2.1333333333333346 4.899999999999999 11.2 9.100000000000001 5.633333333333331 2.133333333333331 16.133333333333333 11.23333333333334 25.23333333333342 17.533333333333353 21.73333333333334 12.633333333333331 23.833333333333364 22.433333333333344 23.133333333333347 4.858333333333334 29.325000000000028 4.391666666666655 0.22500000000003162 11.200000000000001 29.43333333333336 45.50000000000001 38.96666666666666 38.96666666666666 38.96666666666666 38.96666666666666 38.96666666666666
45.24545454545453 45.24545454545453 43.77545454545453 37.82545454545453 27.860000000000124 31.58000000000014 24.520000000000483 21.060000000001317 16.990000000000325 22.950000000000436 24.490000000000435 21.3600000000001 18.97000000000019 22.650000000000105 20.00000000000012 25.585454545454958 28.08545454545492 24.62545454545504 23.87545454545522 23.805454545455042 20.455454545455147 25.155454545454965 26.76545454545519 30.065454545455243 26.85545454545593 24.075454545455223 24.02545454545512 31.245454545455004 31.24545454545516 30.045454545455296 28.845454545455226 26.125454545455145 24.075454545454974 30.81545454545511 33.950000000000394 20.24000000000023 18.260000000000247 19.27000000000023 26.11000000000057 38.97000000000005 24.44000000000058 33.03000000000141 39.54000000000011 31.79000000000055 27.550000000000647 27.8400000000004 28.26000000000059 26.16000000000032 23.48000000000037 26.870000000000264 37.45000000000005 47.07000000000002 53.15 40.04000000000004 26.440000000000584 32.52000000000012 42.43545454545454 42.77545454545453 43.28545454545453 45.24545454545453 45.24545454545453
20.999999999999993 20.999999999999993 20.369999999999994 20.019999999999992 13.540000000000004 20.11999999999998 16.229999999999922 9.989999999999915 3.9099999999999646 4.3199999999999505 10.129999999999907 14.419999999999916 13.790000000000035 19.239999999999988 14.270000000000016 12.450000000000012 10.769999999999989 6.779999999999966 8.220000000000027 7.299999999999901 4.61999999999991 6.709999999999795 7.569999999999873 10.179999999999957 10.559999999999992 9.249999999999988 9.629999999999988 10.599999999999989 10.599999999999994 10.599999999999987 13.60000000000003 11.13000000000003 9.249999999999998 10.260000000000051 13.95000000000004 13.929999999999964 6.119999999999994 6.799999999999965 9.369999999999962 8.150000000000041 3.429999999999948 9.969999999999928 9.699999999999958 10.999999999999936 6.670000000000039 6.349999999999987 9.399999999999965 10.5 10.429999999999973 4.670000000000002 6.619999999999994 10.529999999999974 9.879999999999962 8.55000000000002 9.11999999999986 12.939999999999944 17.089999999999996 20.159999999999993 20.21999999999999 20.999999999999993 20.999999999999993
345.75757575757575 345.75757575757575 345.75757575757575 345.75757575757575 226.05882352941177 230.929411764706 231.5000000000007 186.0299999999996 201.17000000000021 184.77000000000098 161.91000000000017 191.88 254.65117647058764 254.7305882352947 230.78882352941199 270.198163992868 213.02698752228295 208.25698752228243 211.9775757575772 228.84757575757692 254.41875222816515 297.86816399287113 293.2163992869878 277.0869875222827 220.33757575757664 152.24757575757545 172.06757575757578 212.45757575757597 202.457575757576 237.3987522281653 232.48698752228114 251.60698752228092 250.08875222816386 239.96698752228323 175.22941176470707 190.1800000000001 205.200000000001 222.4300000000001 227.63000000000017 220.01999999999987 208.68000000000063 273.68000000000245 213.02000000000055 242.79999999999876 185.33000000000197 147.04000000000093 174.05000000000013 246.6500000000017 285.5600000000027 262.5900000000024 285.4800000000033 303.2411764705905 309.37941176470815 328.46941176470887 333.3111764705902 314.8305882352946 322.93757575757587 328.81757575757575 341.76757575757574 345.75757575757575 345.75757575757575
779.7575757575758 779.7575757575758 762.7475757575758 683.9975757575758 588.8799999999989 696.4900000000005 790.48 344.8999999999994 253.27999999999977 595.4000000000001 769.1700000000013 709.1000000000001 734.5700000000005 757.3499999999998 745.92 603.7175757575751 484.79757575757594 441.497575757577 373.7775757575753 53.017575757576424 272.67757575757946 553.1375757575747 522.5875757575777 653.9575757575769 569.5675757575756 244.66757575757617 247.82757575757637 258.15757575757704 442.05757575757804 681.9075757575764 678.9075757575782 31.577575757579208 173.39757575757505 617.0175757575768 204.050000000002 307.37000000000046 465.0200000000014 142.8599999999999 178.6599999999974 269.6199999999999 349.0800000000016 632.4399999999999 691.3399999999966 622.669999999996 467.72999999999854 498.7899999999983 626.9600000000023 359.86000000000115 247.12999999999897 261.80999999999733 501.9599999999994 649.5099999999995 552.2900000000009 88.7900000000003 250.22999999999965 511.8500000000005 712.3675757575766 725.2675757575757 749.4575757575758 779.7575757575758 779.7575757575758
80.73333333333335 80.73333333333335 79.89333333333335 79.19333333333334 67.51999999999991 80.82666666666667 71.68333333333332 79.22999999999999 74.03666666666666 79.27 75.40333333333332 83.22666666666666 88.57000000000001 92.30333333333333 87.58999999999999 72.98333333333339 75.0933333333333 69.73999999999998 65.003333333333 66.06333333333333 64.05333333333334 71.20666666666669 75.22333333333333 73.29000000000002 68.09333333333335 70.45666666666664 70.19999999999995 70.23333333333326 70.23333333333322 70.23333333333336 73.96666666666667 75.85333333333331 69.98999999999984 72.20666666666668 41.766666666666694 58.11999999999904 65.16999999999989 63.57999999999974 65.55999999999914 69.30000000000001 66.04999999999993 69.74 75.21333333333335 79.79666666666665 77.55000000000001 80.55999999999997 76.78000000000002 75.31333333333335 69.56666666666638 60.88999999999952 61.319999999999226 60.63999999999929 59.87333333333289 56.146666666666256 53.26999999999951 55.28333333333317 79.05333333333334 79.26333333333335 79.34333333333335 80.73333333333335 80.73333333333335
10.775757575757575 10.775757575757575 9.725757575757575 9.725757575757576 7.050000000000006 8.75 5.650000000000004 3.349999999999997 1.799999999999999 2.669999999999998 6.170000000000004 5.770000000000001 4.4700000000000015 1.370000000000001 2.9899999999999967 6.545757575757573 0.15575757575757443 1.185757575757581 5.5757575757575815 1.7257575757575774 2.1257575757575813 8.16575757575762 8.975757575757564 6.015757575757569 2.285757575757567 0.15575757575757443 1.1857575757575738 2.3757575757575706 0.5757575757575735 0.3257575757575717 2.825757575757579 5.9757575757575845 7.575757575757561 7.975757575757583 5.200000000000004 2.9399999999999986 1.3000000000000052 4.040000000000026 3.440000000000008 0.7500000000000036 1.8499999999999959 3.4500000000000046 0.6999999999999975 9.769999999999982 2.820000000000009 0.75999999999999 0.18999999999999417 11.09000000000001 5.2999999999999945 0.6699999999999964 5.069999999999992 2.5700000000000216 6.869999999999998 4.8200000000000305 1.9400000000000128 5.050000000000016 9.725757575757575 9.725757575757578 9.825757575757576 10.775757575757575 10.775757575757575
2.545454545454545 2.545454545454545 2.545454545454545 2.545454545454545 2.8 0.4999999999999999 0.3700000000000101 0.5400000000000008 0.7300000000000101 1.4700000000000006 1.9600000000000222 0.5599999999999999 0.7699999999999999 0.36000000000000054 0.6000000000000005 0.8054545454545486 1.9154545454545562 1.0754545454545488 0.08545454545454878 0.3554545454545529 0.35545454545455113 0.025454545454548727 0.5354545454545491 0.565454545454552 0.5654545454545538 0.4454545454545501 0.4454545454545501 0.44545454545454655 0.4454545454545479 0.4454545454545501 0.4454545454545479 1.07545454545455 0.4454545454545492 1.28545454545455 0.7000000000000027 0.07000000000000006 0.5800000000000035 0.12000000000000077 1.0300000000000185 0.1399999999999999 0.9700000000000116 0.5400000000000008 0.8200000000000046 0.1399999999999999 6.661338147750939e-16 1.2100000000000062 0.9600000000000007 1.0600000000000138 0.8000000000000016 0.8000000000000078 0.10000000000001208 0.5800000000000116 0.07000000000000894 2.1300000000000066 1.3300000000000032 0.130000000000006 0.205454545454545 0.8054545454545537 1.915454545454545 2.545454545454545 2.545454545454545
8.515433299825174 8.515433299825174 8.515433299825174 7.807629307084697 6.240960774349662 7.027843191167535 5.921006637931027 5.40075586206885 4.863675689654987 5.825823017241209 6.973223965516981 6.965893275861884 6.2619006896550635 6.134601636418632 6.459975921052627 7.104656494252873 5.871854022988507 4.499246149425276 3.009785517241392 2.123790775862034 2.0288946081504737 5.265252988505728 5.262086551724111 5.058452011494246 4.377220804597731 2.476291034482764 1.939351551724218 4.861513793103075 5.976308448275646 5.38801775862064 7.252870919540056 3.59103977011486 2.293844827586245 5.083145113430086 8.279410145190306 8.25253655172395 3.1843713793103894 3.117964137931029 2.976548620689643 4.421808275862096 4.200304999999995 4.558499310344899 4.8259756896552375 5.616724827586204 4.656908965517182 4.467958103448321 3.8207251724138778 3.7861020689655343 2.4898915517241376 2.5555681034482944 5.170823275862054 5.256071234119782 7.763948850574723 4.477658880822719 6.451051379310256 5.483299050211727 6.963708989480345 7.998191748101011 8.515433299825174 8.515433299825174 8.170605713618277
700.0 700.0 699.0 696.0 687.0 689.0 680.0 683.0 677.0 681.0 684.0 684.0 682.0 681.0 680.0 679.0 681.0 684.0 680.0 681.0 678.0 681.0 683.0 682.0 681.0 683.0 683.0 684.0 687.0 685.0 687.0 679.0 681.0 682.0 687.0 683.0 685.0 687.0 684.0 684.0 690.0 686.0 687.0 684.0 679.0 686.0 687.0 686.0 684.0 683.0 688.0 685.0 684.0 679.0 679.0 677.0 688.0 691.0 700.0 700.0 694.0

H cap
-12.25 -22.75 15.75 -5.25 36.75 26.25 5.25 -15.75 -1.75 5.25 43.75 43.75 33.25 15.75 8.75 -1.75 15.75 15.75 -8.75 12.25 26.25 15.75 47.25 22.75 -1.75 5.25 29.75 36.75 26.25 54.25 22.75 47.25 12.25 22.75 19.25 29.75 57.75 15.75 68.25 89.25 26.25 1.75 64.75 71.75 61.25 43.75 19.25 33.25 33.25 -8.75 36.75 -8.75 -8.75 131.25 131.25 131.25 131.25 131.25 131.25 131.25 131.25
41.5 33.0 18.0 10.5 1.0 -13.5 1.5 15.5 11.5 15.5 28.5 23.0 24.5 9.0 -3.0 -3.0 -15.0 0.5 20.5 15.5 11.0 12.0 -3.5 -4.5 -0.5 -1.5 25.5 31.0 -10.0 3.5 22.5 -1.0 -2.0 8.5 -5.5 -13.5 -1.5 0.5 19.5 24.0 11.0 7.5 7.5 15.5 3.0 -9.0 -2.5 4.5 29.5 32.0 5.0 -0.5 29.5 52.5 52.5 52.5 52.5 52.5 52.5 52.5 52.5
52.5 49.0 45.5 38.5 35.0 38.5 45.5 42.0 38.5 38.5 45.5 49.0 45.5 42.0 45.5 42.0 38.5 42.0 42.0 42.0 42.0 42.0 49.0 45.5 45.5 45.5 49.0 45.5 42.0 49.0 49.0 49.0 42.0 45.5 49.0 52.5 56.0 45.5 49.0 52.5 45.5 45.5 49.0 49.0 45.5 45.5 45.5 52.5 56.0 38.5 42.0 52.5 52.5 63.0 63.0 63.0 63.0 63.0 63.0 63.0 63.0
10.75 2.75 12.75 -5.25 2.25 -0.75 14.25 -4.75 0.75 -3.25 -7.75 -5.75 -3.75 -1.25 -0.25 -0.25 -0.75 4.25 -4.25 -0.25 0.75 -1.25 2.25 -0.25 -0.25 0.75 -3.75 -9.25 -0.75 8.25 -9.75 0.75 4.75 -2.25 4.75 6.75 2.75 -0.75 -1.25 -2.75 -0.25 -0.75 4.75 -0.25 1.25 5.25 1.75 -0.25 0.75 -21.25 0.25 -6.75 8.25 78.75 78.75 78.75 78.75 78.75 78.75 78.75 78.75

Gap
NaN

Time
NaN

