T P M C
61 37 4 12

base obj
12.527649183135999

exp obj
11.27808982852847

Objective struct
12.527649183135999 0.0 7.529411764705881

num campaigns
373

x
0 0 0 0 1 0 0 0 0 0 1 0 0 0 1 0 0 0 1 0 0 0 0 0 1 0 0 0 1 0 0 1 0 0 1 0 0 1 0 0 1 0 0 0 1 0 0 1 0 0 0 0 0 1 0 0 0 0 0 0 0
0 0 0 0 0 0 0 0 0 1 0 0 0 0 0 0 0 0 0 0 0 0 0 0 0 0 0 1 0 0 0 0 0 0 1 0 0 0 0 0 0 0 0 0 0 0 0 0 0 0 0 0 0 0 0 0 0 0 0 0 0
0 0 0 0 0 0 0 0 0 0 0 0 1 0 0 0 1 0 0 0 0 0 0 0 0 0 0 0 0 0 1 0 0 0 0 1 0 0 0 0 1 0 0 0 1 0 0 0 0 0 1 0 0 0 0 0 0 0 0 0 0
0 0 0 0 0 0 1 1 1 1 1 1 0 0 1 0 1 0 0 0 1 0 0 0 0 0 0 0 0 0 0 0 0 0 0 0 0 0 0 0 0 0 0 0 0 0 1 1 0 0 0 0 0 0 0 0 0 0 0 0 0
0 0 0 0 0 0 1 0 0 0 0 0 1 0 0 0 1 0 0 1 0 0 1 0 0 1 0 0 1 0 0 0 1 0 0 1 0 0 0 1 0 0 1 0 0 1 0 0 0 1 0 0 1 0 0 1 0 0 0 0 0
0 0 0 0 0 0 0 0 0 0 0 0 0 0 0 0 0 0 0 1 0 0 0 0 0 1 0 0 0 0 1 0 0 0 0 0 0 0 0 0 0 0 1 0 0 0 0 0 0 1 0 0 0 0 0 0 0 0 0 0 0
0 0 0 0 0 0 1 1 1 1 1 0 1 1 1 0 1 1 1 0 0 0 1 0 0 0 0 0 0 0 0 0 0 0 0 0 0 0 0 0 0 0 0 0 0 0 0 0 0 0 0 0 0 0 0 0 0 0 0 0 0
0 0 0 0 1 0 0 0 0 0 0 0 0 0 0 0 0 0 0 0 0 1 0 0 0 0 0 0 0 0 0 0 0 0 0 0 0 0 1 0 0 0 0 0 0 0 0 0 0 0 0 0 0 0 0 1 0 0 0 0 0
0 0 0 0 0 0 0 0 0 0 0 0 0 0 0 1 0 0 0 0 0 0 0 0 0 0 0 0 0 0 0 0 0 0 0 0 0 0 0 0 0 0 0 0 0 0 0 0 0 0 0 0 0 0 0 1 0 0 0 0 0
0 0 0 0 0 0 0 0 0 0 0 0 0 0 0 0 0 0 0 0 0 0 0 0 0 0 0 0 0 0 0 0 1 0 0 1 0 0 0 0 0 0 0 1 0 1 0 0 0 0 0 1 0 0 0 0 0 0 0 0 0
0 0 0 0 0 0 0 1 0 0 0 0 0 0 0 1 0 0 0 0 0 0 0 0 1 0 0 0 0 0 0 0 0 1 0 0 0 0 0 0 0 0 0 0 0 0 0 0 0 0 1 0 0 0 0 0 0 0 0 0 0
0 0 0 0 0 0 1 0 0 0 0 0 0 0 0 0 0 0 0 0 0 1 0 0 0 0 0 0 0 0 0 0 0 0 0 0 0 0 0 0 1 0 0 0 0 0 0 0 0 0 0 0 0 1 0 0 0 0 0 0 0
0 0 0 0 0 0 0 0 0 0 0 0 0 0 0 0 0 0 1 0 0 0 0 1 0 0 0 0 0 0 0 0 0 0 0 0 0 0 0 0 0 0 0 0 0 0 0 0 0 0 0 0 0 0 0 0 0 0 0 0 0
0 0 0 0 1 0 0 0 0 0 1 0 0 0 0 1 0 0 0 0 0 0 1 0 0 0 0 1 0 0 0 0 1 0 0 0 0 0 0 0 0 0 1 0 0 0 0 0 0 0 0 0 0 1 0 0 0 0 0 0 0
0 0 0 0 0 0 0 0 0 0 0 0 0 0 0 0 0 1 0 0 0 0 0 0 0 0 0 0 0 1 0 0 0 0 0 0 0 0 0 0 0 0 0 0 0 0 0 0 0 0 0 0 0 0 0 0 0 0 0 0 0
0 0 0 0 1 0 0 0 0 0 0 0 0 0 0 0 0 0 0 0 0 0 0 0 0 0 0 0 0 0 0 0 0 0 0 0 0 0 0 0 0 0 0 0 0 0 0 0 0 0 0 0 0 0 0 0 0 0 0 0 0
0 0 0 0 0 0 0 0 0 0 0 0 0 1 0 0 0 0 0 0 0 0 0 0 1 0 0 0 0 0 0 0 0 0 0 0 0 0 0 0 0 0 0 0 0 0 0 0 1 0 0 0 0 0 0 0 0 0 0 0 0
0 0 0 0 0 0 1 0 0 0 0 0 0 0 0 0 0 0 0 0 0 0 0 0 0 0 1 0 0 0 0 0 0 0 0 0 0 0 0 0 0 0 0 0 0 0 1 0 0 0 0 0 0 0 0 0 0 0 0 0 0
0 0 0 0 0 0 0 0 1 0 0 0 1 0 1 0 0 0 0 1 0 1 0 1 0 1 0 0 1 0 1 0 1 0 0 1 0 0 0 1 0 1 0 1 0 1 0 0 0 1 0 1 0 1 0 1 0 0 0 0 0
0 0 0 0 1 0 0 0 0 0 0 0 0 0 0 0 0 0 0 0 0 0 0 0 0 0 0 0 0 0 0 0 0 0 0 0 0 0 0 0 0 0 0 0 0 0 0 0 0 0 0 0 0 0 0 1 0 0 0 0 0
0 0 0 0 0 0 0 0 1 0 0 1 0 0 0 0 1 0 1 0 0 0 0 0 0 0 1 0 0 1 0 1 0 0 0 0 0 1 0 0 1 0 1 0 0 0 1 0 1 0 0 0 0 0 0 0 0 0 0 0 0
0 0 0 0 0 0 0 0 0 0 0 0 0 0 0 0 0 0 0 0 0 0 0 0 0 0 0 0 0 0 0 0 0 0 0 0 0 0 0 0 0 0 0 0 0 0 0 0 0 0 0 0 0 0 0 0 0 0 0 0 0
0 0 0 0 0 0 0 0 1 0 0 0 0 0 0 0 0 0 0 0 0 0 0 1 0 0 0 0 0 0 0 0 0 0 0 0 1 0 0 0 0 0 0 0 0 0 0 0 0 1 0 0 0 0 0 0 0 0 0 0 0
0 0 0 0 0 0 1 0 0 0 0 0 1 0 0 0 0 0 0 0 1 0 0 0 0 0 1 0 0 0 0 0 0 1 0 0 0 0 0 1 0 0 0 0 0 0 1 0 0 0 0 0 0 0 0 1 0 0 0 0 0
0 0 0 0 0 0 0 0 0 0 0 0 0 0 0 0 0 0 0 0 0 0 0 0 0 0 0 0 0 0 0 0 0 0 0 0 0 0 1 0 0 0 0 0 0 0 0 0 0 0 0 1 0 0 0 0 0 0 0 0 0
0 0 0 0 0 0 0 0 1 0 0 0 0 1 0 0 0 0 1 0 0 0 0 1 0 0 0 0 1 0 0 0 0 1 0 0 0 0 1 0 0 0 0 1 0 0 0 0 0 0 0 0 0 0 0 0 0 0 0 0 0
0 0 0 0 0 0 1 0 0 0 0 1 0 0 0 0 1 0 0 0 0 1 0 0 0 0 1 0 0 0 0 1 0 0 0 0 1 0 0 0 0 0 0 0 0 0 1 0 0 0 0 1 0 0 0 0 0 0 0 0 0
0 0 0 0 0 0 0 0 0 0 0 1 0 0 0 0 0 0 0 0 0 0 0 0 0 0 0 0 0 0 0 0 0 0 0 0 0 0 0 0 0 0 0 0 0 0 0 0 0 0 0 0 0 1 0 0 0 0 0 0 0
0 0 0 0 0 0 0 0 0 0 0 0 0 0 0 0 0 0 0 0 0 0 0 0 0 0 0 0 0 0 0 0 0 0 0 0 0 0 0 0 0 1 0 0 1 0 0 0 0 0 0 0 0 0 0 0 0 0 0 0 0
0 0 0 0 0 0 1 1 1 1 1 1 1 1 1 1 1 1 1 1 1 1 1 1 1 1 1 1 1 1 1 1 1 1 1 1 1 1 0 1 1 1 1 1 1 1 0 0 0 0 1 1 1 1 1 1 0 0 0 0 0
0 0 0 0 0 0 1 1 1 1 1 1 1 1 1 1 1 1 0 1 1 1 0 1 0 1 1 1 1 1 1 1 1 1 1 1 1 1 0 0 1 1 1 1 1 1 0 0 0 0 1 1 1 1 1 1 0 0 0 0 0
0 0 0 0 0 0 1 1 1 1 1 1 1 1 1 1 1 1 0 1 1 1 0 1 1 1 1 1 1 1 1 1 1 1 1 1 1 1 0 0 1 1 1 1 1 1 0 0 0 1 1 1 1 1 1 1 0 0 0 0 0
0 0 0 0 0 0 1 1 1 0 1 1 1 1 1 1 1 0 0 1 1 1 0 1 0 0 0 0 0 0 0 0 0 0 1 0 0 0 0 0 0 0 1 0 0 1 0 0 0 0 0 0 1 1 1 1 0 0 0 0 0
0 0 0 0 0 0 1 1 1 1 0 1 1 1 1 1 1 0 0 1 1 1 1 1 0 1 1 1 1 0 0 1 1 1 1 1 1 0 0 0 0 1 0 1 0 1 0 0 0 1 0 0 1 1 1 1 0 0 0 0 0
0 0 0 0 0 0 0 0 1 1 1 1 0 0 0 0 0 0 0 1 1 1 0 0 0 0 0 0 0 0 0 0 0 1 1 0 0 0 0 0 0 0 0 1 0 0 1 0 0 0 0 0 1 1 1 1 0 0 0 0 0
0 0 0 0 0 0 0 0 0 0 0 0 0 0 0 0 0 0 0 0 0 0 0 0 0 0 0 0 0 0 0 0 0 0 0 0 0 0 0 0 0 0 0 0 0 0 0 0 0 1 0 1 0 0 0 0 0 0 0 0 0
0 0 0 0 0 0 0 0 0 0 0 0 0 0 0 0 0 0 0 0 0 0 0 0 0 0 0 0 0 0 0 0 0 0 0 0 0 0 0 0 0 0 0 0 0 0 0 0 0 0 0 0 0 0 0 0 0 0 0 0 0

y
0.0 2.3636363636363633 0.0 0.0 0.0 0.3636363636363633 0.0 0.0 0.0 0.1785714285714286 0.0 0.0 0.3636363636363633 0.0 3.5 0.0 0.8000000000000007 0.0 0.0 0.0 0.0 0.0 0.0 0.33333333333333304 2.8000000000000007 0.0 0.0 0.0 0.4500000000000002 0.0 0.0 0.0 0.5048543689320388 0.0 0.0 1.0 0.0

k
0 9 6 0 2 7 0 0 0 24 0 0 10 3 5 0 3 0 6 0 0 6 0 2 4 0 1 0 19 7 11 9 83 19 37 50 6

f
19.25 19.25 0.0 5.25 0.0 1.75 0.0 15.75 0.0 0.0 0.0 0.0 0.0 1.75 5.25 0.0 0.0 0.0 0.0 0.0 0.0 0.0 0.0 0.0 0.0 5.25 0.0 5.25 0.0 0.0 0.0 0.0 0.0 0.0 0.0 0.0 0.0 0.0 0.0 0.0 0.0 0.0 0.0 15.75 0.0 0.0 0.0 0.0 0.0 0.0 0.0 0.0 0.0 0.0 0.0 0.0 0.0 0.0 0.0 0.0 0.0
0.0 0.0 0.0 0.0 0.0 0.0 0.0 0.5 0.0 0.0 0.0 0.0 0.0 0.0 0.0 0.0 0.0 0.0 0.0 0.0 0.0 0.0 0.0 0.0 0.0 0.0 0.0 0.0 0.0 0.0 0.0 0.0 0.0 0.0 0.0 0.0 0.0 0.0 0.0 0.0 0.0 0.0 0.0 0.0 0.0 0.0 0.0 0.0 0.0 0.0 0.0 0.0 0.0 0.0 0.0 0.0 0.0 0.0 0.0 0.0 0.0
0.0 0.0 0.0 0.0 0.0 0.0 0.0 0.0 0.0 0.0 0.0 0.0 0.0 0.0 0.0 0.0 0.0 0.0 0.0 0.0 0.0 0.0 0.0 0.0 0.0 0.0 0.0 0.0 0.0 0.0 0.0 0.0 0.0 0.0 0.0 0.0 0.0 0.0 0.0 0.0 0.0 0.0 0.0 0.0 0.0 0.0 0.0 0.0 0.0 0.0 0.0 0.0 0.0 0.0 0.0 0.0 0.0 0.0 0.0 0.0 0.0
5.25 5.25 0.0 0.0 0.0 1.75 0.75 5.25 0.0 0.75 0.0 0.0 0.0 0.0 5.75 1.75 0.0 0.25 0.0 6.75 26.75 0.25 0.0 2.75 0.0 0.75 2.25 0.75 1.75 0.0 0.75 0.0 0.0 0.0 6.25 6.25 2.25 0.0 1.25 0.0 1.75 0.0 0.0 0.0 0.0 5.75 2.25 4.75 0.0 0.0 0.0 0.0 0.0 0.0 0.0 0.0 0.0 0.0 0.0 0.0 0.0

L
3 7 4 1 3 5 1 17 40 2 8 13 5 5 12 0 11 20 2 51 2 0 13 6 13 5 5 42 3 1 1 1 1 1 1 2 0

g
0 0 0 0 0 0 0 0 0 0 0 0 0 0 0 0 0 0 0 0 0 0 0 0 0 0 0 0 0 0 0 0 0 0 0 0 0 0 0 0 0 0 0 0 0 0 0 0 0 0 0 0 0 0 0 0 0 0 0 0 0
0 0 0 0 0 0 0 0 0 0 0 0 0 0 0 0 0 0 0 0 0 0 0 0 0 0 0 0 0 0 0 0 0 0 0 0 0 0 0 0 0 0 0 0 0 0 0 0 0 0 0 0 0 0 0 0 0 0 0 0 0
0 0 0 0 0 0 0 0 0 0 0 0 0 0 0 0 0 0 0 0 0 0 0 0 0 0 0 0 0 0 0 0 0 0 0 0 0 0 0 0 0 0 0 0 0 0 0 0 0 0 0 0 0 0 0 0 0 0 0 0 0
0 0 0 0 0 0 0 0 0 0 0 0 0 0 0 0 0 0 0 0 0 0 0 0 0 0 0 0 0 0 0 0 0 0 0 0 0 0 0 0 0 0 0 0 0 0 0 0 0 0 0 0 0 0 0 0 0 0 0 0 0
0 0 0 0 0 0 0 0 0 0 0 0 0 0 0 0 0 0 0 0 0 0 0 0 0 0 0 0 0 0 0 0 0 0 0 0 0 0 0 0 0 0 0 0 0 0 0 0 0 0 0 0 0 0 0 0 0 0 0 0 0
0 0 0 0 0 0 0 0 0 0 0 0 0 0 0 0 0 0 0 0 0 0 0 0 0 0 0 0 0 0 0 0 0 0 0 0 0 0 0 0 0 0 0 0 0 0 0 0 0 0 0 0 0 0 0 0 0 0 0 0 0
0 0 0 0 0 0 0 0 0 0 0 0 0 0 0 0 0 0 0 0 0 0 0 0 0 0 0 0 0 0 0 0 0 0 0 0 0 0 0 0 0 0 0 0 0 0 0 0 0 0 0 0 0 0 0 0 0 0 0 0 0
0 0 0 0 0 0 0 0 0 0 0 0 0 0 0 0 0 0 0 0 0 0 0 0 0 0 0 0 0 0 0 0 0 0 0 0 0 0 0 0 0 0 0 0 0 0 0 0 0 0 0 0 0 0 0 0 0 0 0 0 0
0 0 0 0 0 0 0 0 0 0 0 0 0 0 0 0 0 0 0 0 0 0 0 0 0 0 0 0 0 0 0 0 0 0 0 0 0 0 0 0 0 0 0 0 0 0 0 0 0 0 0 0 0 0 0 0 0 0 0 0 0
0 0 0 0 0 0 0 0 0 0 0 0 0 0 0 0 0 0 0 0 0 0 0 0 0 0 0 0 0 0 0 0 0 0 0 0 0 0 0 0 0 0 0 0 0 0 0 0 0 0 0 0 0 0 0 0 0 0 0 0 0
0 0 0 0 0 0 0 0 0 0 0 0 0 0 0 0 0 0 0 0 0 0 0 0 0 0 0 0 0 0 0 0 0 0 0 0 0 0 0 0 0 0 0 0 0 0 0 0 0 0 0 0 0 0 0 0 0 0 0 0 0
0 0 0 0 0 0 0 0 0 0 0 0 0 0 0 0 0 0 0 0 0 0 0 0 0 0 0 0 0 0 0 0 0 0 0 0 0 0 0 0 0 0 0 0 0 0 0 0 0 0 0 0 0 0 0 0 0 0 0 0 0
0 0 0 0 0 0 0 0 0 0 0 0 0 0 0 0 0 0 0 0 0 0 0 0 0 0 0 0 0 0 0 0 0 0 0 0 0 0 0 0 0 0 0 0 0 0 0 0 0 0 0 0 0 0 0 0 0 0 0 0 0
0 0 0 0 0 0 0 0 0 0 0 0 0 0 0 0 0 0 0 0 0 0 0 0 0 0 0 0 0 0 0 0 0 0 0 0 0 0 0 0 0 0 0 0 0 0 0 0 0 0 0 0 0 0 0 0 0 0 0 0 0
0 0 0 0 0 0 0 0 0 0 0 0 0 0 0 0 0 0 0 0 0 0 0 0 0 0 0 0 0 0 0 0 0 0 0 0 0 0 0 0 0 0 0 0 0 0 0 0 0 0 0 0 0 0 0 0 0 0 0 0 0
0 0 0 0 0 0 0 0 0 0 0 0 0 0 0 0 0 0 0 0 0 0 0 0 0 0 0 0 0 0 0 0 0 0 0 0 0 0 0 0 0 0 0 0 0 0 0 0 0 0 0 0 0 0 0 0 0 0 0 0 0
0 0 0 0 0 0 0 0 0 0 0 0 0 0 0 0 0 0 0 0 0 0 0 0 0 0 0 0 0 0 0 0 0 0 0 0 0 0 0 0 0 0 0 0 0 0 0 0 0 0 0 0 0 0 0 0 0 0 0 0 0
0 0 0 0 0 0 0 0 0 0 0 0 0 0 0 0 0 0 0 0 0 0 0 0 0 0 0 0 0 0 0 0 0 0 0 0 0 0 0 0 0 0 0 0 0 0 0 0 0 0 0 0 0 0 0 0 0 0 0 0 0
0 0 0 0 0 0 0 0 0 0 0 0 0 0 0 0 0 0 0 0 0 0 0 0 0 0 0 0 0 0 0 0 0 0 0 0 0 0 0 0 0 0 0 0 0 0 0 0 0 0 0 0 0 0 0 0 0 0 0 0 0
0 0 0 0 0 0 0 0 0 0 0 0 0 0 0 0 0 0 0 0 0 0 0 0 0 0 0 0 0 0 0 0 0 0 0 0 0 0 0 0 0 0 0 0 0 0 0 0 0 0 0 0 0 0 0 0 0 0 0 0 0
0 0 0 0 0 0 0 0 0 0 0 0 0 0 0 0 0 0 0 0 0 0 0 0 0 0 0 0 0 0 0 0 0 0 0 0 0 0 0 0 0 0 0 0 0 0 0 0 0 0 0 0 0 0 0 0 0 0 0 0 0
0 0 0 0 0 0 0 0 0 0 0 0 0 0 0 0 0 0 0 0 0 0 0 0 0 0 0 0 0 0 0 0 0 0 0 0 0 0 0 0 0 0 0 0 0 0 0 0 0 0 0 0 0 0 0 0 0 0 0 0 0
0 0 0 0 0 0 0 0 0 0 0 0 0 0 0 0 0 0 0 0 0 0 0 0 0 0 0 0 0 0 0 0 0 0 0 0 0 0 0 0 0 0 0 0 0 0 0 0 0 0 0 0 0 0 0 0 0 0 0 0 0
0 0 0 0 0 0 0 0 0 0 0 0 0 0 0 0 0 0 0 0 0 0 0 0 0 0 0 0 0 0 0 0 0 0 0 0 0 0 0 0 0 0 0 0 0 0 0 0 0 0 0 0 0 0 0 0 0 0 0 0 0
0 0 0 0 0 0 0 0 0 0 0 0 0 0 0 0 0 0 0 0 0 0 0 0 0 0 0 0 0 0 0 0 0 0 0 0 0 0 0 0 0 0 0 0 0 0 0 0 0 0 0 0 0 0 0 0 0 0 0 0 0
0 0 0 0 0 0 0 0 0 0 0 0 0 0 0 0 0 0 0 0 0 0 0 0 0 0 0 0 0 0 0 0 0 0 0 0 0 0 0 0 0 0 0 0 0 0 0 0 0 0 0 0 0 0 0 0 0 0 0 0 0
0 0 0 0 0 0 0 0 0 0 0 0 0 0 0 0 0 0 0 0 0 0 0 0 0 0 0 0 0 0 0 0 0 0 0 0 0 0 0 0 0 0 0 0 0 0 0 0 0 0 0 0 0 0 0 0 0 0 0 0 0
0 0 0 0 0 0 0 0 0 0 0 0 0 0 0 0 0 0 0 0 0 0 0 0 0 0 0 0 0 0 0 0 0 0 0 0 0 0 0 0 0 0 0 0 0 0 0 0 0 0 0 0 0 0 0 0 0 0 0 0 0
0 0 0 0 0 0 0 0 0 0 0 0 0 0 0 0 0 0 0 0 0 0 0 0 0 0 0 0 0 0 0 0 0 0 0 0 0 0 0 0 0 0 0 0 0 0 0 0 0 0 0 0 0 0 0 0 0 0 0 0 0
0 0 0 0 0 0 0 0 0 0 0 0 0 0 0 0 0 0 0 0 0 0 0 0 0 0 0 0 0 0 0 0 0 0 0 0 0 0 0 0 0 0 0 0 0 0 0 0 0 0 0 0 0 0 0 0 0 0 0 0 0
0 0 0 0 0 0 0 0 0 0 0 0 0 0 0 0 0 0 0 0 0 0 0 0 0 0 0 0 0 0 0 0 0 0 0 0 0 0 0 0 0 0 0 0 0 0 0 0 0 0 0 0 0 0 0 0 0 0 0 0 0
0 0 0 0 0 0 0 0 0 0 0 0 0 0 0 0 0 0 0 0 0 0 0 0 0 0 0 0 0 0 0 0 0 0 0 0 0 0 0 0 0 0 0 0 0 0 0 0 0 0 0 0 0 0 0 0 0 0 0 0 0
0 0 0 0 0 0 0 0 0 0 0 0 0 0 0 0 0 0 0 0 0 0 0 0 0 0 0 0 0 0 0 0 0 0 0 0 0 0 0 0 0 0 0 0 0 0 0 0 0 0 0 0 0 0 0 0 0 0 0 0 0
0 0 0 0 0 0 0 0 0 0 0 0 0 0 0 0 0 0 0 0 0 0 0 0 0 0 0 0 0 0 0 0 0 0 0 0 0 0 0 0 0 0 0 0 0 0 0 0 0 0 0 0 0 0 0 0 0 0 0 0 0
0 0 0 0 0 0 0 0 0 0 0 0 0 0 0 0 0 0 0 0 0 0 0 0 0 0 0 0 0 0 0 0 0 0 0 0 0 0 0 0 0 0 0 0 0 0 0 0 0 0 0 0 0 0 0 0 0 0 0 0 0
0 0 0 0 0 0 0 0 0 0 0 0 0 0 0 0 0 0 0 0 0 0 0 0 0 0 0 0 0 0 0 0 0 0 0 0 0 0 0 0 0 0 0 0 0 0 0 0 0 0 0 0 0 0 0 0 0 0 0 0 0
0 0 0 0 0 0 0 0 0 0 0 0 0 0 0 0 0 0 0 0 0 0 0 0 0 0 0 0 0 0 0 0 0 0 0 0 0 0 0 0 0 0 0 0 0 0 0 0 0 0 0 0 0 0 0 0 0 0 0 0 0

I cap
1058.909090909091 1058.909090909091 918.9490909091088 874.8490909091262 1065.9599999999962 1034.1799999999798 742.5000000000359 901.9800000000077 413.48000000001707 555.9800000000153 562.5999999999972 575.0599999999943 581.0200000000217 448.4200000000294 505.79999999996596 716.7690909090884 337.8290909091149 508.5490909091174 392.30909090909483 450.94909090907237 424.80909090909336 684.389090909114 698.6490909091096 629.9490909090789 663.7690909090738 582.9490909091205 616.4290909091146 544.2290909090761 557.5290909091004 564.1290909091063 446.0690909090976 535.3490909090995 510.5690909090924 498.74909090909813 186.49999999999875 215.29999999999797 288.5800000000046 465.6000000000009 492.9999999999941 554.3800000000172 399.5000000000227 627.0599999999804 476.860000000018 485.2200000000336 524.9999999999734 419.45999999996593 437.1800000000273 667.5000000000289 904.0599999999984 788.3200000000234 726.1800000000228 560.7800000000141 734.0000000000139 831.560000000009 989.2600000000175 1087.2399999999973 868.9490909090944 953.909090909099 1010.709090909091 1058.909090909091 1058.909090909091
107.96969696969697 107.96969696969697 67.52969696969697 66.62969696969697 77.83999999999995 83.82000000000006 14.500000000000156 1.0200000000001168 28.52000000000008 70.02000000000027 90.40000000000015 87.93999999999986 84.98000000000039 61.580000000000325 62.199999999999655 36.10969696969721 23.049696969697084 42.32969696969725 45.56969696969734 23.929696969697595 18.069696969696878 0.4896969696971638 32.22969696969682 11.92969696969697 5.109696969696792 41.92969696969702 65.44969696969738 94.64969696969699 90.34969696969716 91.74969696969697 80.80969696969677 81.52969696969654 59.309696969696674 32.129696969696944 41.500000000000284 16.700000000000074 3.4200000000001722 34.40000000000059 17.000000000001094 40.61999999999986 6.5000000000005915 24.94000000000004 52.13999999999954 69.78000000000002 61.99999999999976 47.53999999999927 29.819999999999812 83.49999999999987 104.93999999999991 102.67999999999991 70.81999999999971 38.21999999999974 23.9999999999999 3.0399999999998286 17.340000000000117 0.5600000000000307 55.92969696969686 60.96969696969694 64.16969696969697 107.96969696969697 107.96969696969697
38.96666666666666 38.96666666666666 14.033333333333328 14.033333333333328 27.96666666666666 29.325 28.624999999999996 25.825000000000003 5.5583333333333425 17.53333333333334 9.133333333333331 14.733333333333336 2.833333333333334 14.73333333333334 17.5 31.96666666666667 17.299999999999997 24.299999999999997 9.633333333333331 17.299999999999997 17.299999999999997 24.96666666666667 31.96666666666666 24.96666666666667 31.96666666666667 12.291666666666671 4.6250000000000036 4.6250000000000036 4.6250000000000036 17.300000000000004 10.300000000000004 2.633333333333338 10.300000000000004 17.299999999999997 16.8 11.899999999999999 11.2 1.4333333333333353 12.633333333333331 9.133333333333333 16.133333333333333 11.233333333333341 10.566666666666684 17.53333333333334 21.733333333333334 14.624999999999996 11.158333333333363 16.758333333333354 2.791666666666684 24.533333333333353 27.33333333333342 35.00000000000007 45.500000000000014 10.06666666666668 19.16666666666666 22.36666666666669 31.96666666666667 31.96666666666667 38.96666666666666 38.96666666666666 38.96666666666666
45.24545454545453 45.24545454545453 43.14545454545453 43.14545454545453 32.97000000000016 35.840000000000174 24.250000000000504 25.74000000000131 22.030000000000598 28.77000000000062 28.02000000000037 19.820000000000164 16.79000000000008 15.24000000000008 11.010000000000165 29.145454545454914 22.575454545454853 23.805454545455028 26.385454545455072 27.975454545455367 26.595454545455393 26.69545454545492 26.365454545455304 27.275454545455037 30.67545454545637 29.57545454545514 28.765454545454983 27.905454545455346 28.485454545455124 31.53545454545498 26.17545454545499 25.195454545455096 21.875454545455298 23.69545454545504 28.130000000000347 17.77000000000004 13.560000000000072 23.16000000000015 30.99000000000038 41.37000000000009 22.860000000000536 28.830000000001217 33.63000000000021 30.890000000000583 27.060000000000652 32.43000000000077 31.420000000000297 37.230000000000324 40.86000000000037 42.66000000000016 38.84000000000004 33.82000000000011 34.66999999999998 37.740000000000144 31.490000000000506 35.97000000000001 41.185454545454526 42.09545454545453 43.91545454545453 45.24545454545453 45.24545454545453
20.999999999999993 20.999999999999993 20.159999999999993 20.159999999999993 13.61000000000001 22.539999999999985 14.099999999999865 12.739999999999805 7.509999999999902 7.989999999999957 11.419999999999902 11.419999999999915 10.300000000000054 11.719999999999937 4.939999999999978 10.539999999999932 5.520000000000012 7.280000000000012 11.339999999999948 12.109999999999964 10.419999999999916 8.979999999999821 12.340000000000002 12.979999999999947 16.44999999999995 12.740000000000004 13.239999999999924 10.239999999999952 10.379999999999912 10.809999999999969 6.920000000000011 6.810000000000009 6.499999999999943 8.94999999999991 10.810000000000013 9.939999999999962 4.900000000000033 7.149999999999968 12.649999999999926 14.150000000000006 6.53999999999993 9.61000000000001 5.73999999999997 12.049999999999926 6.410000000000036 5.470000000000004 7.51 15.810000000000008 23.519999999999953 18.459999999999987 13.069999999999997 9.100000000000001 5.779999999999983 7.630000000000057 8.909999999999856 8.969999999999786 13.88000000000001 17.130000000000003 20.429999999999993 20.999999999999993 20.999999999999993
345.75757575757575 345.75757575757575 341.76757575757574 301.76757575757574 203.68 218.23882352941183 221.93941176470582 189.4100000000002 203.2700000000007 227.15999999999937 206.19000000000096 195.6900000000002 219.64999999999995 191.9300000000001 157.8100000000011 208.18757575757564 220.1075757575759 243.27875222816326 229.44698752228211 253.266987522283 229.8175757575761 284.2087522281646 264.29698752228194 251.34698752228326 217.08757575757707 182.5875757575758 201.0875757575749 219.32757575757648 223.3475757575764 236.35757575757606 237.2075757575761 223.50757575757663 189.60757575757546 195.66757575757666 151.44000000000042 168.35999999999976 163.41999999999987 237.26117647058854 275.1605882352944 288.0788235294117 241.84941176470682 264.44000000000244 205.64999999999924 249.95000000000113 218.34000000000134 181.32117647058772 274.05058823529305 341.090000000002 334.888823529414 294.63941176470894 268.59000000000225 255.20000000000152 245.67000000000218 313.68000000000154 341.68000000000234 333.9511764705884 318.2381639928691 345.75757575757575 345.75757575757575 345.75757575757575 345.75757575757575
779.7575757575758 779.7575757575758 747.8375757575758 713.4375757575758 587.2499999999995 636.1099999999999 608.9 579.2600000000004 725.9000000000001 751.3899999999996 635.1700000000003 640.2699999999999 635.7899999999996 605.7799999999991 550.5500000000005 539.2675757575769 536.147575757576 612.9475757575738 558.9975757575756 499.2375757575767 495.39757575757653 610.6175757575736 589.3675757575763 612.7775757575757 697.0675757575748 637.8675757575731 648.4975757575784 654.7375757575747 670.6775757575748 711.1475757575754 625.2175757575765 619.7375757575751 615.9275757575734 576.8275757575767 515.2100000000021 647.8899999999967 676.2599999999998 718.810000000001 695.5399999999969 660.1699999999948 576.880000000005 550.2600000000004 521.5399999999986 660.719999999997 504.12000000000205 458.4199999999932 560.9099999999972 608.2100000000049 666.4000000000005 599.6499999999995 649.4599999999984 544.299999999999 472.63999999999896 541.5800000000004 563.3699999999992 522.649999999998 725.1575757575761 743.3075757575757 764.3675757575758 779.7575757575758 779.7575757575758
80.73333333333335 80.73333333333335 79.26333333333335 79.26333333333335 67.38000000000005 87.92 72.62666666666667 75.85 75.21 82.27 76.69333333333333 83.22666666666666 87.73 86.52 74.84999999999998 67.65333333333334 65.02333333333334 70.36666666666657 76.48333333333333 70.72 67.46333333333335 66.05333333333336 67.10333333333318 68.70333333333333 74.46666666666665 71.5599999999999 69.47333333333324 69.47333333333331 69.89333333333329 74.59666666666668 72.86333333333319 70.01000000000002 66.2633333333332 68.18333333333328 38.43000000000026 57.12999999999928 64.08999999999925 68.01333333333297 73.04999999999723 76.29999999999978 70.40999999999981 70.48666666666666 70.00333333333334 79.21666666666667 79.89333333333333 82.08666666666667 77.17333333333335 78.62999999999998 76.85999999999989 68.03666666666635 67.39333333333272 64.95999999999931 58.636666666666116 54.84999999999931 53.25999999999949 49.6899999999999 73.75666666666669 77.97333333333334 79.97333333333334 80.73333333333335 80.73333333333335
10.775757575757575 10.775757575757575 9.725757575757575 4.125757575757577 0.050000000000007816 3.499999999999993 2.500000000000015 3.3500000000000005 0.5399999999999991 2.349999999999998 3.2899999999999974 1.589999999999999 2.900000000000002 0.7700000000000005 0.5800000000000036 0.7557575757575705 4.74575757575756 1.2457575757575787 2.345757575757581 2.8957575757575764 0.31575757575758345 1.0257575757575852 2.1257575757575804 4.92575757575757 5.595757575757572 0.15575757575757798 0.7257575757575738 1.5957575757575677 1.8357575757575793 5.535757575757577 7.1457575757575755 4.745757575757574 2.5657575757575772 1.5157575757575685 1.6500000000000021 3.690000000000002 2.3400000000000043 2.5500000000000185 1.5500000000000158 8.750000000000007 9.45 3.450000000000001 0.7000000000000046 10.800000000000011 6.4999999999999805 0.699999999999994 7.699999999999998 6.3999999999999995 4.270000000000003 1.280000000000003 5.51 10.900000000000022 5.300000000000018 0.05000000000005045 4.150000000000013 3.8500000000000134 6.925757575757578 9.725757575757573 9.825757575757576 10.775757575757575 10.775757575757575
2.545454545454545 2.545454545454545 1.915454545454545 1.915454545454545 1.96 0.5599999999999999 1.1800000000000055 0.7500000000000003 0.19000000000000017 0.7200000000000005 1.4500000000000535 0.04999999999999993 0.1399999999999999 0.8400000000000002 0.3600000000000002 0.26545454545454816 0.4454545454545523 0.5654545454545493 0.5954545454545522 0.20545454545454855 0.8054545454545486 0.9254545454545474 1.1954545454545586 0.08545454545455677 0.20545454545455166 0.5954545454545496 0.025454545454550503 0.5354545454545522 1.1954545454545555 0.5654545454545489 1.2854545454545567 1.0754545454545483 1.0754545454545514 0.025454545454551836 0.5800000000000137 0.8200000000000042 1.0300000000000091 0.6300000000000007 1.3300000000000063 0.1399999999999999 0.34000000000000596 0.5400000000000008 0.8200000000000011 0.1399999999999999 1.2600000000000007 1.3300000000000063 0.8400000000000006 2.7300000000000173 1.9600000000000035 0.17000000000000615 1.5700000000000118 0.17000000000000481 0.17000000000000082 2.3700000000000063 0.3400000000000011 0.010000000000003784 1.0754545454545452 1.825454545454569 2.545454545454545 2.545454545454545 2.545454545454545
8.515433299825174 8.515433299825174 8.515433299825174 8.51543329982517 6.400398333333332 6.316349110707759 4.8859493390804545 6.090411034482625 7.967123965517052 6.239616120689521 6.783568793102904 6.424513620689384 6.341210862068842 5.969326206896547 5.707435258620669 5.039713965517233 5.210934310344796 5.506717241379283 4.803463678160869 4.478388649425251 4.184067194357352 5.811229827586182 6.285074885057453 5.846382873563214 5.34791045977011 5.0573255172413765 4.6117651724137785 7.856341206896292 6.9125151724135625 6.141466206896472 7.4574687931031 7.445062758620435 5.655913620689648 4.921317959770104 7.906754367815951 9.269777931034477 4.644716034482749 6.865423130671487 6.567595202661825 5.801118793103452 4.9186959770114855 4.558499310344791 4.825975689655126 5.702931724137901 4.060357241379288 4.848175889292143 4.405782471264554 5.360239999999946 5.938167413793099 4.807534398064133 5.774271551724117 5.058611896551713 5.544408448275836 5.4705203448275554 7.140706551723888 4.763758820326675 6.762559736606782 7.825778127411381 8.515433299825174 8.515433299825174 8.515433299825174
700.0 700.0 699.0 695.0 688.0 690.0 681.0 688.0 678.0 679.0 682.0 683.0 683.0 683.0 684.0 684.0 680.0 685.0 683.0 687.0 680.0 686.0 684.0 677.0 677.0 680.0 681.0 682.0 680.0 683.0 680.0 685.0 683.0 680.0 681.0 681.0 684.0 683.0 683.0 682.0 679.0 686.0 686.0 687.0 684.0 683.0 681.0 679.0 685.0 684.0 686.0 678.0 688.0 679.0 684.0 681.0 690.0 693.0 696.0 700.0 700.0

H cap
-19.25 -19.25 26.25 -5.25 22.75 -1.75 1.75 -15.75 5.25 57.75 26.25 1.75 15.75 -1.75 -5.25 1.75 54.25 19.25 19.25 64.75 12.25 1.75 1.75 22.75 22.75 -5.25 12.25 -5.25 19.25 78.75 22.75 1.75 36.75 15.75 5.25 36.75 15.75 26.25 54.25 54.25 36.75 26.25 15.75 -15.75 47.25 19.25 19.25 61.25 71.75 12.25 22.75 1.75 1.75 131.25 131.25 131.25 131.25 131.25 131.25 131.25 131.25
34.5 34.5 26.0 4.5 8.5 7.5 0.5 -0.5 7.5 9.0 6.0 3.0 0.5 9.5 21.5 15.5 10.0 4.0 9.5 17.5 14.5 18.5 21.5 17.5 13.5 19.5 25.0 19.0 8.5 11.5 9.5 5.0 16.0 23.5 33.5 42.5 29.0 17.0 14.5 11.5 11.0 9.0 22.0 36.5 40.0 34.5 26.0 19.0 12.5 2.5 4.5 6.5 24.5 52.5 52.5 52.5 52.5 52.5 52.5 52.5 52.5
49.0 49.0 45.5 38.5 42.0 42.0 49.0 49.0 42.0 42.0 45.5 45.5 42.0 45.5 49.0 45.5 49.0 45.5 49.0 45.5 38.5 45.5 45.5 49.0 45.5 45.5 52.5 49.0 45.5 42.0 45.5 42.0 42.0 52.5 52.5 45.5 45.5 49.0 52.5 49.0 42.0 42.0 38.5 42.0 52.5 49.0 45.5 45.5 49.0 52.5 56.0 42.0 42.0 63.0 63.0 63.0 63.0 63.0 63.0 63.0 63.0
-5.25 -5.25 16.25 0.25 5.75 -1.75 -0.75 -5.25 2.75 -0.75 8.75 4.25 4.25 0.75 -5.75 -1.75 5.75 -0.25 10.75 -6.75 -26.75 -0.25 0.75 -2.75 4.75 -0.75 -2.25 -0.75 -1.75 0.25 -0.75 5.75 0.75 2.25 -6.25 -6.25 -2.25 0.75 -1.25 1.75 -1.75 0.25 10.75 5.25 29.75 -5.75 -2.25 -4.75 1.75 0.75 3.25 7.25 16.25 78.75 78.75 78.75 78.75 78.75 78.75 78.75 78.75

Gap
NaN

Time
NaN

