T P M C
61 37 4 12

base obj
12.378348720245272

exp obj
11.20042820685062

Objective struct
12.378348720245272 0.0 7.666666666666665

num campaigns
363

x
0 0 0 0 0 0 0 0 1 0 0 0 1 0 0 1 0 0 1 0 0 1 0 0 1 0 0 0 0 1 0 0 1 0 0 1 0 0 1 0 0 0 1 0 0 0 0 1 0 0 0 0 0 0 0 1 0 0 0 0 0
0 0 0 0 0 0 0 0 0 0 0 0 0 0 0 0 0 0 0 0 0 0 0 0 0 0 0 0 0 0 0 0 1 0 0 0 0 0 0 0 0 1 0 0 0 0 0 0 1 0 0 0 0 0 0 0 0 0 0 0 0
0 0 0 0 0 0 0 0 1 0 0 0 1 0 0 0 1 0 0 0 0 0 0 1 0 0 0 1 0 0 0 1 0 0 0 1 0 0 0 1 0 0 0 0 1 0 0 0 0 1 0 0 0 0 0 0 0 0 0 0 0
0 0 0 0 0 0 1 0 1 1 1 0 1 1 1 0 1 0 0 0 0 1 0 1 1 0 0 0 0 0 0 0 0 0 0 0 0 0 0 0 0 0 0 0 0 0 0 0 0 0 0 0 0 0 0 0 0 0 0 0 0
0 0 0 0 0 0 1 1 1 1 1 1 1 1 1 0 0 1 0 0 0 0 1 1 0 1 0 1 1 0 0 1 0 0 0 0 0 0 0 0 1 0 0 0 0 0 0 0 0 0 0 0 0 0 0 0 0 0 0 0 0
0 0 0 0 0 0 0 0 0 0 0 1 0 0 0 0 0 0 0 0 0 0 0 0 0 0 0 0 0 0 0 0 0 0 0 0 0 0 0 1 0 0 0 0 0 0 0 0 0 0 0 0 0 0 0 0 0 0 0 0 0
0 0 0 0 0 0 1 0 1 0 1 0 0 0 1 0 1 0 0 0 0 0 1 0 0 1 0 1 0 0 1 0 0 0 1 0 0 0 0 1 0 0 1 0 0 0 0 0 0 0 0 0 0 0 0 0 0 0 0 0 0
0 0 0 0 1 0 0 0 0 0 0 0 0 0 0 0 0 0 0 0 1 0 0 0 0 0 0 0 0 0 0 0 0 0 0 0 1 0 0 0 0 0 0 0 0 0 0 0 0 0 0 0 1 0 0 0 0 0 0 0 0
0 0 0 0 1 0 0 0 0 0 0 0 0 0 0 0 0 0 0 0 0 0 0 0 0 0 0 0 0 0 0 0 0 0 0 0 0 0 0 0 0 0 0 0 0 0 0 0 0 1 0 0 0 0 0 0 0 0 0 0 0
0 0 0 0 0 0 0 0 0 0 1 0 0 0 0 1 0 0 0 0 0 0 0 1 0 1 0 0 0 0 1 0 0 0 0 0 0 0 0 0 0 1 0 1 0 0 0 0 0 1 0 0 0 0 0 0 0 0 0 0 0
0 0 0 0 0 0 0 1 0 0 0 0 0 0 0 0 0 0 1 0 0 0 0 0 0 0 0 0 0 1 0 0 0 0 0 0 0 0 0 0 1 0 0 0 0 0 0 0 0 0 0 0 1 0 0 0 0 0 0 0 0
0 0 0 0 0 0 1 0 0 0 0 0 0 0 0 0 0 1 0 0 0 0 0 0 0 0 0 0 1 0 0 0 0 0 0 0 0 0 0 0 0 0 0 0 1 0 0 0 0 0 0 0 0 0 0 0 0 0 0 0 0
0 0 0 0 0 0 0 0 0 0 0 0 0 0 0 0 0 0 0 0 0 0 0 0 0 1 0 0 0 0 0 0 0 0 0 0 0 0 0 0 0 0 0 0 0 0 0 0 0 0 0 0 0 1 0 0 0 0 0 0 0
0 0 0 0 1 0 0 0 0 0 1 0 0 0 0 0 0 0 0 0 0 0 1 0 0 0 0 1 0 0 0 0 0 0 1 0 0 0 0 0 1 0 0 0 0 0 0 1 0 0 0 0 0 1 0 0 0 0 0 0 0
0 0 0 0 0 0 0 0 0 0 0 0 0 0 0 0 0 0 0 0 0 0 0 0 0 0 1 0 0 0 0 0 0 0 0 0 0 0 0 0 0 0 0 0 0 0 0 0 0 0 1 0 0 0 0 0 0 0 0 0 0
0 0 0 0 1 0 0 0 0 0 0 0 0 0 0 0 0 0 0 0 0 0 0 0 0 0 0 0 0 0 0 0 0 0 0 0 0 0 0 0 0 0 0 0 0 0 0 0 0 0 0 0 0 0 0 0 0 0 0 0 0
0 0 0 0 0 0 0 0 0 0 0 0 0 1 0 0 0 0 0 0 0 0 0 0 0 0 0 0 0 1 0 0 0 0 0 0 0 0 0 0 0 1 0 0 0 0 0 0 0 0 0 0 0 0 0 1 0 0 0 0 0
0 0 0 0 0 0 1 0 0 0 0 0 0 0 0 0 0 0 0 0 0 0 0 0 0 0 0 0 1 0 0 0 0 0 0 0 0 0 0 0 0 0 0 0 0 0 0 0 0 0 0 1 0 0 0 0 0 0 0 0 0
0 0 0 0 0 0 0 1 0 1 0 0 0 1 0 0 1 0 0 1 0 0 1 0 1 0 1 0 1 0 0 1 0 0 0 0 0 1 0 1 0 1 0 1 0 1 0 1 0 1 0 1 0 0 1 0 0 0 0 0 0
0 0 0 0 1 0 0 0 0 0 0 0 0 0 0 0 0 0 0 0 0 0 0 0 0 0 0 0 0 0 0 0 0 0 0 0 0 0 0 0 0 0 0 0 0 0 0 0 0 0 0 0 0 0 0 1 0 0 0 0 0
0 0 0 0 0 0 0 0 1 0 0 1 0 0 1 0 0 0 0 1 0 0 0 1 0 0 0 0 0 0 1 0 0 0 1 0 0 1 0 0 1 0 0 1 0 0 1 0 0 1 0 0 0 0 0 0 0 0 0 0 0
0 0 0 0 0 0 0 0 0 0 0 0 0 0 0 0 0 0 0 0 0 0 0 0 0 0 0 0 0 0 0 0 0 0 0 0 0 0 0 0 0 0 0 0 0 0 0 0 0 0 0 0 0 0 0 0 0 0 0 0 0
0 0 0 0 0 0 0 0 0 0 0 0 0 0 0 0 0 1 0 0 0 0 0 0 0 0 0 0 0 0 0 0 0 0 0 0 0 1 0 0 0 0 0 0 0 0 0 0 0 0 0 0 0 1 0 0 0 0 0 0 0
0 0 0 0 0 0 0 0 0 0 0 0 0 0 1 0 0 0 0 0 1 0 0 0 0 0 0 0 0 0 1 0 0 0 0 0 1 0 0 0 0 0 0 0 0 0 0 0 0 0 0 1 0 0 0 0 0 0 0 0 0
0 0 0 0 0 0 1 0 0 0 0 0 0 0 0 0 0 0 0 1 0 0 0 0 0 0 0 0 0 0 0 0 0 1 0 0 0 0 0 0 0 0 0 0 0 1 0 0 0 0 0 0 0 0 0 1 0 0 0 0 0
0 0 0 0 0 0 0 0 1 0 0 0 1 0 0 0 0 0 0 0 1 0 0 0 1 0 0 0 1 0 0 0 1 0 0 0 0 0 0 1 0 0 0 1 0 0 0 0 0 0 0 0 0 0 0 0 0 0 0 0 0
0 0 0 0 0 0 1 0 0 0 1 0 0 0 0 1 0 0 0 0 0 0 1 0 0 1 0 0 0 0 0 1 0 0 1 0 0 0 1 0 0 0 0 0 0 0 0 0 1 0 0 1 0 0 0 0 0 0 0 0 0
0 0 0 0 0 1 0 0 0 0 0 0 0 0 0 0 0 0 0 0 0 0 0 0 0 0 0 0 0 0 0 0 0 0 0 0 0 0 0 0 0 0 0 0 0 0 0 0 0 0 0 0 0 0 0 1 0 0 0 0 0
0 0 0 0 0 0 0 0 0 0 0 0 0 0 0 0 0 0 0 0 0 0 0 0 0 0 0 0 0 0 0 0 0 0 0 0 0 0 0 0 0 0 0 1 0 0 1 0 0 0 0 0 0 0 0 0 0 0 0 0 0
0 0 0 0 0 0 0 1 1 1 1 0 0 1 1 1 1 1 1 1 1 1 1 1 1 1 1 1 1 0 1 1 0 1 1 1 1 1 1 0 1 1 1 1 1 1 1 1 1 1 1 1 1 1 1 0 0 0 0 0 0
0 0 0 0 1 1 1 1 1 1 1 1 1 1 1 1 1 1 1 0 0 1 1 1 1 1 1 1 1 0 0 1 1 1 1 1 1 1 1 1 1 1 1 1 1 1 1 1 1 1 1 1 1 1 0 0 0 0 0 0 0
0 0 0 0 1 0 0 0 1 1 0 1 0 1 0 0 1 1 1 0 1 1 1 1 1 1 1 1 1 1 0 1 1 0 1 1 0 0 1 1 1 1 1 1 1 1 1 1 1 1 0 0 0 1 0 1 0 0 0 0 0
0 0 0 0 0 0 0 0 1 1 0 1 0 0 0 0 1 0 0 0 0 1 1 0 0 0 0 0 1 0 0 1 0 0 0 1 0 0 0 0 0 0 1 1 1 1 0 0 1 1 0 0 1 1 0 0 0 0 0 0 0
0 0 0 0 0 1 0 0 1 1 0 0 1 1 1 0 1 1 0 0 0 1 1 1 1 0 0 0 1 0 0 1 0 1 0 1 0 0 1 1 0 1 1 1 1 1 1 1 1 1 0 0 1 1 0 0 0 0 0 0 0
0 0 0 0 0 0 0 0 1 1 1 0 1 0 0 0 1 0 0 0 0 1 0 0 0 0 0 0 1 0 0 0 0 0 0 0 0 0 1 0 1 0 0 0 0 1 0 0 1 0 0 0 0 0 0 0 0 0 0 0 0
0 0 0 0 0 0 0 0 0 0 0 0 0 0 0 0 0 0 0 0 0 0 0 0 0 0 0 0 0 0 0 0 0 0 0 0 0 0 0 0 0 0 0 0 0 0 0 0 0 0 1 0 1 0 0 0 0 0 0 0 0
0 0 0 0 0 0 0 0 0 0 0 0 0 0 0 0 0 0 0 0 0 0 0 0 0 0 0 0 0 0 0 0 0 0 0 0 0 0 0 0 0 0 0 0 0 0 0 0 0 0 0 0 0 0 0 0 0 0 0 0 0

y
0.0 2.3636363636363633 0.0 0.0 0.0 23.363636363636363 0.0 0.0 0.0 0.1785714285714286 0.0 0.0 23.363636363636363 0.0 15.5 0.0 1.8000000000000007 0.0 0.0 0.0 0.0 0.0 0.0 0.33333333333333304 0.0 0.0 0.0 0.0 0.4500000000000002 0.0 0.0 0.0 0.5048543689320388 0.0 0.0 1.0 0.0

k
0 9 3 0 0 10 0 0 0 21 0 0 10 3 5 0 2 0 6 0 0 6 1 5 1 0 0 0 19 9 6 16 87 23 41 50 6

f
1.75 36.75 8.75 5.25 5.25 5.25 0.0 0.0 8.75 0.0 0.0 1.75 0.0 0.0 0.0 0.0 0.0 0.0 0.0 0.0 0.0 0.0 0.0 0.0 0.0 8.75 0.0 0.0 5.25 0.0 0.0 0.0 0.0 0.0 0.0 5.25 0.0 0.0 0.0 0.0 0.0 0.0 0.0 0.0 0.0 0.0 0.0 0.0 5.25 0.0 0.0 0.0 0.0 0.0 0.0 0.0 0.0 0.0 0.0 0.0 0.0
0.0 0.0 0.0 0.0 0.0 2.0 0.0 0.0 0.0 0.0 0.0 0.0 0.0 0.0 0.0 0.0 0.0 0.0 0.0 0.0 0.0 0.0 0.0 0.0 0.0 0.0 0.0 0.0 0.0 0.0 0.0 0.0 0.0 0.0 0.0 0.0 0.0 0.0 0.0 0.0 0.0 0.0 0.0 0.0 0.0 0.0 0.0 0.0 0.0 0.0 0.0 0.0 0.0 0.0 0.0 0.0 0.0 0.0 0.0 0.0 0.0
0.0 0.0 0.0 0.0 0.0 0.0 0.0 0.0 0.0 0.0 0.0 0.0 0.0 0.0 0.0 0.0 0.0 0.0 0.0 0.0 0.0 0.0 0.0 0.0 0.0 0.0 0.0 0.0 0.0 0.0 0.0 0.0 0.0 0.0 0.0 0.0 0.0 0.0 0.0 0.0 0.0 0.0 0.0 0.0 0.0 0.0 0.0 0.0 0.0 0.0 0.0 0.0 0.0 0.0 0.0 0.0 0.0 0.0 0.0 0.0 0.0
0.0 0.0 0.0 3.75 0.0 0.0 0.0 3.75 2.75 5.75 0.0 4.25 0.0 0.25 1.25 0.0 9.75 0.25 0.0 0.25 0.0 0.25 0.75 1.25 0.0 0.0 4.75 0.0 0.0 4.75 1.75 0.0 0.25 0.0 0.25 4.75 0.25 1.75 0.0 0.0 0.0 0.25 0.0 0.0 0.0 0.0 0.0 1.75 0.0 14.75 0.0 16.75 12.75 0.0 0.0 0.0 0.0 0.0 0.0 0.0 0.0

L
3 7 4 1 1 28 2 16 45 2 11 11 28 5 24 0 12 22 2 51 3 0 16 6 10 4 3 50 3 1 1 1 1 1 1 2 0

g
0 0 0 0 0 0 0 0 0 0 0 0 0 0 0 0 0 0 0 0 0 0 0 0 0 0 0 0 0 0 0 0 0 0 0 0 0 0 0 0 0 0 0 0 0 0 0 0 0 0 0 0 0 0 0 0 0 0 0 0 0
0 0 0 0 0 0 0 0 0 0 0 0 0 0 0 0 0 0 0 0 0 0 0 0 0 0 0 0 0 0 0 0 0 0 0 0 0 0 0 0 0 0 0 0 0 0 0 0 0 0 0 0 0 0 0 0 0 0 0 0 0
0 0 0 0 0 0 0 0 0 0 0 0 0 0 0 0 0 0 0 0 0 0 0 0 0 0 0 0 0 0 0 0 0 0 0 0 0 0 0 0 0 0 0 0 0 0 0 0 0 0 0 0 0 0 0 0 0 0 0 0 0
0 0 0 0 0 0 0 0 0 0 0 0 0 0 0 0 0 0 0 0 0 0 0 0 0 0 0 0 0 0 0 0 0 0 0 0 0 0 0 0 0 0 0 0 0 0 0 0 0 0 0 0 0 0 0 0 0 0 0 0 0
0 0 0 0 0 0 0 0 0 0 0 0 0 0 0 0 0 0 0 0 0 0 0 0 0 0 0 0 0 0 0 0 0 0 0 0 0 0 0 0 0 0 0 0 0 0 0 0 0 0 0 0 0 0 0 0 0 0 0 0 0
0 0 0 0 0 0 0 0 0 0 0 0 0 0 0 0 0 0 0 0 0 0 0 0 0 0 0 0 0 0 0 0 0 0 0 0 0 0 0 0 0 0 0 0 0 0 0 0 0 0 0 0 0 0 0 0 0 0 0 0 0
0 0 0 0 0 0 0 0 0 0 0 0 0 0 0 0 0 0 0 0 0 0 0 0 0 0 0 0 0 0 0 0 0 0 0 0 0 0 0 0 0 0 0 0 0 0 0 0 0 0 0 0 0 0 0 0 0 0 0 0 0
0 0 0 0 0 0 0 0 0 0 0 0 0 0 0 0 0 0 0 0 0 0 0 0 0 0 0 0 0 0 0 0 0 0 0 0 0 0 0 0 0 0 0 0 0 0 0 0 0 0 0 0 0 0 0 0 0 0 0 0 0
0 0 0 0 0 0 0 0 0 0 0 0 0 0 0 0 0 0 0 0 0 0 0 0 0 0 0 0 0 0 0 0 0 0 0 0 0 0 0 0 0 0 0 0 0 0 0 0 0 0 0 0 0 0 0 0 0 0 0 0 0
0 0 0 0 0 0 0 0 0 0 0 0 0 0 0 0 0 0 0 0 0 0 0 0 0 0 0 0 0 0 0 0 0 0 0 0 0 0 0 0 0 0 0 0 0 0 0 0 0 0 0 0 0 0 0 0 0 0 0 0 0
0 0 0 0 0 0 0 0 0 0 0 0 0 0 0 0 0 0 0 0 0 0 0 0 0 0 0 0 0 0 0 0 0 0 0 0 0 0 0 0 0 0 0 0 0 0 0 0 0 0 0 0 0 0 0 0 0 0 0 0 0
0 0 0 0 0 0 0 0 0 0 0 0 0 0 0 0 0 0 0 0 0 0 0 0 0 0 0 0 0 0 0 0 0 0 0 0 0 0 0 0 0 0 0 0 0 0 0 0 0 0 0 0 0 0 0 0 0 0 0 0 0
0 0 0 0 0 0 0 0 0 0 0 0 0 0 0 0 0 0 0 0 0 0 0 0 0 0 0 0 0 0 0 0 0 0 0 0 0 0 0 0 0 0 0 0 0 0 0 0 0 0 0 0 0 0 0 0 0 0 0 0 0
0 0 0 0 0 0 0 0 0 0 0 0 0 0 0 0 0 0 0 0 0 0 0 0 0 0 0 0 0 0 0 0 0 0 0 0 0 0 0 0 0 0 0 0 0 0 0 0 0 0 0 0 0 0 0 0 0 0 0 0 0
0 0 0 0 0 0 0 0 0 0 0 0 0 0 0 0 0 0 0 0 0 0 0 0 0 0 0 0 0 0 0 0 0 0 0 0 0 0 0 0 0 0 0 0 0 0 0 0 0 0 0 0 0 0 0 0 0 0 0 0 0
0 0 0 0 0 0 0 0 0 0 0 0 0 0 0 0 0 0 0 0 0 0 0 0 0 0 0 0 0 0 0 0 0 0 0 0 0 0 0 0 0 0 0 0 0 0 0 0 0 0 0 0 0 0 0 0 0 0 0 0 0
0 0 0 0 0 0 0 0 0 0 0 0 0 0 0 0 0 0 0 0 0 0 0 0 0 0 0 0 0 0 0 0 0 0 0 0 0 0 0 0 0 0 0 0 0 0 0 0 0 0 0 0 0 0 0 0 0 0 0 0 0
0 0 0 0 0 0 0 0 0 0 0 0 0 0 0 0 0 0 0 0 0 0 0 0 0 0 0 0 0 0 0 0 0 0 0 0 0 0 0 0 0 0 0 0 0 0 0 0 0 0 0 0 0 0 0 0 0 0 0 0 0
0 0 0 0 0 0 0 0 0 0 0 0 0 0 0 0 0 0 0 0 0 0 0 0 0 0 0 0 0 0 0 0 0 0 0 0 0 0 0 0 0 0 0 0 0 0 0 0 0 0 0 0 0 0 0 0 0 0 0 0 0
0 0 0 0 0 0 0 0 0 0 0 0 0 0 0 0 0 0 0 0 0 0 0 0 0 0 0 0 0 0 0 0 0 0 0 0 0 0 0 0 0 0 0 0 0 0 0 0 0 0 0 0 0 0 0 0 0 0 0 0 0
0 0 0 0 0 0 0 0 0 0 0 0 0 0 0 0 0 0 0 0 0 0 0 0 0 0 0 0 0 0 0 0 0 0 0 0 0 0 0 0 0 0 0 0 0 0 0 0 0 0 0 0 0 0 0 0 0 0 0 0 0
0 0 0 0 0 0 0 0 0 0 0 0 0 0 0 0 0 0 0 0 0 0 0 0 0 0 0 0 0 0 0 0 0 0 0 0 0 0 0 0 0 0 0 0 0 0 0 0 0 0 0 0 0 0 0 0 0 0 0 0 0
0 0 0 0 0 0 0 0 0 0 0 0 0 0 0 0 0 0 0 0 0 0 0 0 0 0 0 0 0 0 0 0 0 0 0 0 0 0 0 0 0 0 0 0 0 0 0 0 0 0 0 0 0 0 0 0 0 0 0 0 0
0 0 0 0 0 0 0 0 0 0 0 0 0 0 0 0 0 0 0 0 0 0 0 0 0 0 0 0 0 0 0 0 0 0 0 0 0 0 0 0 0 0 0 0 0 0 0 0 0 0 0 0 0 0 0 0 0 0 0 0 0
0 0 0 0 0 0 0 0 0 0 0 0 0 0 0 0 0 0 0 0 0 0 0 0 0 0 0 0 0 0 0 0 0 0 0 0 0 0 0 0 0 0 0 0 0 0 0 0 0 0 0 0 0 0 0 0 0 0 0 0 0
0 0 0 0 0 0 0 0 0 0 0 0 0 0 0 0 0 0 0 0 0 0 0 0 0 0 0 0 0 0 0 0 0 0 0 0 0 0 0 0 0 0 0 0 0 0 0 0 0 0 0 0 0 0 0 0 0 0 0 0 0
0 0 0 0 0 0 0 0 0 0 0 0 0 0 0 0 0 0 0 0 0 0 0 0 0 0 0 0 0 0 0 0 0 0 0 0 0 0 0 0 0 0 0 0 0 0 0 0 0 0 0 0 0 0 0 0 0 0 0 0 0
0 0 0 0 0 0 0 0 0 0 0 0 0 0 0 0 0 0 0 0 0 0 0 0 0 0 0 0 0 0 0 0 0 0 0 0 0 0 0 0 0 0 0 0 0 0 0 0 0 0 0 0 0 0 0 0 0 0 0 0 0
0 0 0 0 0 0 0 0 0 0 0 0 0 0 0 0 0 0 0 0 0 0 0 0 0 0 0 0 0 0 0 0 0 0 0 0 0 0 0 0 0 0 0 0 0 0 0 0 0 0 0 0 0 0 0 0 0 0 0 0 0
0 0 0 0 0 0 0 0 0 0 0 0 0 0 0 0 0 0 0 0 0 0 0 0 0 0 0 0 0 0 0 0 0 0 0 0 0 0 0 0 0 0 0 0 0 0 0 0 0 0 0 0 0 0 0 0 0 0 0 0 0
0 0 0 0 0 0 0 0 0 0 0 0 0 0 0 0 0 0 0 0 0 0 0 0 0 0 0 0 0 0 0 0 0 0 0 0 0 0 0 0 0 0 0 0 0 0 0 0 0 0 0 0 0 0 0 0 0 0 0 0 0
0 0 0 0 0 0 0 0 0 0 0 0 0 0 0 0 0 0 0 0 0 0 0 0 0 0 0 0 0 0 0 0 0 0 0 0 0 0 0 0 0 0 0 0 0 0 0 0 0 0 0 0 0 0 0 0 0 0 0 0 0
0 0 0 0 0 0 0 0 0 0 0 0 0 0 0 0 0 0 0 0 0 0 0 0 0 0 0 0 0 0 0 0 0 0 0 0 0 0 0 0 0 0 0 0 0 0 0 0 0 0 0 0 0 0 0 0 0 0 0 0 0
0 0 0 0 0 0 0 0 0 0 0 0 0 0 0 0 0 0 0 0 0 0 0 0 0 0 0 0 0 0 0 0 0 0 0 0 0 0 0 0 0 0 0 0 0 0 0 0 0 0 0 0 0 0 0 0 0 0 0 0 0
0 0 0 0 0 0 0 0 0 0 0 0 0 0 0 0 0 0 0 0 0 0 0 0 0 0 0 0 0 0 0 0 0 0 0 0 0 0 0 0 0 0 0 0 0 0 0 0 0 0 0 0 0 0 0 0 0 0 0 0 0
0 0 0 0 0 0 0 0 0 0 0 0 0 0 0 0 0 0 0 0 0 0 0 0 0 0 0 0 0 0 0 0 0 0 0 0 0 0 0 0 0 0 0 0 0 0 0 0 0 0 0 0 0 0 0 0 0 0 0 0 0
0 0 0 0 0 0 0 0 0 0 0 0 0 0 0 0 0 0 0 0 0 0 0 0 0 0 0 0 0 0 0 0 0 0 0 0 0 0 0 0 0 0 0 0 0 0 0 0 0 0 0 0 0 0 0 0 0 0 0 0 0

I cap
1058.909090909091 1058.909090909091 1001.5090909091032 940.0090909091141 1127.4000000000028 1059.7199999999912 631.0000000000377 1000.7400000000123 262.70000000000306 474.55999999999426 162.22000000001117 480.4600000000155 310.2999999999935 293.63999999999186 315.78000000001487 616.1090909091095 403.7490909090811 675.1890909091157 672.0090909091091 711.9090909090737 663.2890909090945 532.4090909091096 485.94909090909846 428.5890909090873 203.90909090911896 297.2090909091023 566.569090909097 480.32909090909914 546.0490909090963 555.2890909090906 546.149090909096 571.0890909090974 416.40909090908576 501.00909090909886 117.91999999999956 361.5999999999992 411.99999999999676 592.9800000000077 630.000000000023 333.5799999999909 298.01999999997963 293.8200000000212 580.5600000000193 627.2599999999857 636.6400000000183 522.3800000000294 837.5400000000218 965.5599999999713 677.4599999999905 692.5400000000409 567.9600000000216 710.4000000000225 932.6000000000263 892.3600000000285 1094.8400000000115 1102.4600000000028 862.9690909090803 919.3490909090988 976.349090909091 1058.909090909091 1058.909090909091
107.96969696969697 107.96969696969697 70.96969696969697 58.46969696969694 50.400000000000006 73.27999999999996 0.999999999999857 14.259999999999899 20.300000000000335 66.44000000000003 48.78000000000034 74.53999999999996 69.69999999999985 53.359999999999616 70.2200000000002 69.76969696969724 36.12969696969674 41.689696969697145 1.869696969697344 10.969696969696969 16.589696969697258 38.46969696969714 44.92969696969739 13.289696969697054 31.969696969697065 27.669696969696822 36.30969696969699 61.549696969697486 38.829696969697004 34.589696969696874 9.729696969696874 31.789696969696887 80.4696969696974 81.86969696969679 22.079999999999913 36.40000000000114 22.00000000000034 38.01999999999981 34.000000000000085 21.42000000000013 55.98000000000053 20.179999999999794 27.44000000000107 74.73999999999974 18.35999999999975 51.619999999999905 61.459999999999994 107.43999999999973 89.5399999999992 40.45999999999995 17.039999999999754 49.59999999999985 8.399999999999977 4.239999999999952 0.7600000000000335 47.34 99.90969696969682 101.52969696969694 104.52969696969697 107.96969696969697 107.96969696969697
38.96666666666666 38.96666666666666 14.033333333333328 14.033333333333328 27.96666666666666 29.325 28.624999999999996 18.825 5.558333333333341 10.533333333333339 9.133333333333333 7.733333333333336 9.833333333333334 14.733333333333341 9.833333333333336 17.299999999999997 17.299999999999997 31.96666666666666 31.96666666666667 17.299999999999997 17.299999999999997 17.299999999999997 31.96666666666667 17.300000000000004 10.300000000000004 17.300000000000004 24.96666666666667 19.29166666666667 12.291666666666671 19.29166666666667 4.6250000000000036 17.300000000000004 17.300000000000004 31.96666666666667 9.133333333333335 4.2333333333333325 3.533333333333333 1.4333333333333353 5.633333333333331 2.133333333333331 16.133333333333333 11.233333333333341 25.23333333333337 17.533333333333367 21.73333333333334 12.633333333333331 23.833333333333357 22.433333333333373 23.133333333333333 17.533333333333353 14.658333333333385 7.658333333333363 32.82500000000006 4.391666666666666 19.166666666666675 29.366666666666674 31.96666666666666 38.96666666666666 38.96666666666666 38.96666666666666 38.96666666666666
45.24545454545453 45.24545454545453 43.77545454545453 41.67545454545453 30.45000000000001 40.67000000000007 28.520000000000593 28.740000000001174 19.310000000000365 24.860000000000404 26.37000000000035 27.010000000000115 18.880000000000212 13.150000000000084 11.410000000000137 27.705454545454927 19.255454545454988 23.835454545455036 25.855454545454915 29.205454545455428 30.19545454545501 27.405454545454838 29.20545454545519 19.035454545455885 18.40545454545583 24.615454545455098 25.94545454545497 25.9654545454551 32.81545454545486 33.90545454545495 27.70545454545504 28.77545454545501 30.72545454545503 25.78545454545516 25.83000000000023 17.210000000000164 15.940000000000124 19.820000000000075 32.61000000000036 39.570000000000036 20.820000000000917 27.040000000001076 35.670000000000144 32.250000000000355 26.900000000000563 29.740000000000652 27.020000000000362 30.520000000000433 27.560000000000283 26.850000000000495 29.230000000000114 36.40000000000006 41.91 39.23000000000002 40.45000000000041 46.46000000000002 44.405454545454525 44.615454545454526 44.615454545454526 45.24545454545453 45.24545454545453
20.999999999999993 20.999999999999993 20.369999999999994 20.069999999999993 10.40999999999999 16.88999999999998 8.209999999999894 12.139999999999867 4.759999999999962 4.55999999999996 7.959999999999939 11.810000000000024 7.749999999999976 8.609999999999859 4.459999999999956 9.819999999999927 4.439999999999967 6.859999999999999 7.019999999999989 12.699999999999998 16.069999999999762 13.77999999999978 13.179999999999914 4.239999999999917 3.75999999999993 7.349999999999966 9.799999999999978 8.19999999999997 7.419999999999964 11.209999999999974 15.34000000000004 13.25999999999997 10.79999999999999 8.129999999999953 10.250000000000032 10.30000000000006 5.939999999999971 6.869999999999852 9.829999999999867 4.740000000000011 0.5799999999999206 6.569999999999995 8.389999999999937 12.830000000000078 6.4600000000000435 6.34 7.229999999999983 11.719999999999935 13.520000000000003 6.239999999999975 4.830000000000005 7.750000000000061 9.789999999999974 8.36000000000002 13.109999999999802 16.449999999999946 20.720000000000006 20.789999999999992 20.789999999999992 20.999999999999993 20.999999999999993
345.75757575757575 345.75757575757575 345.75757575757575 272.8163992869875 185.47058823529412 232.97058823529423 278.4099999999996 243.06882352941125 225.23941176470834 253.78117647059 186.0094117647055 214.52058823529396 239.23941176470768 261.47058823529574 211.62058823529378 227.88639928698754 211.0369875222835 227.53757575757533 282.0187522281643 279.9769875222828 281.3069875222827 249.8475757575759 245.94757575757782 196.73757575757722 172.43757575757573 190.34757575757746 172.0975757575751 203.2575757575762 239.32757575757577 247.75875222816396 189.00698752228132 183.27698752228244 254.89875222816443 248.71698752228184 167.15941176470628 209.26117647058848 244.9205882352942 273.7088235294119 252.71941176470614 215.3100000000009 189.64000000000053 240.4800000000025 190.9200000000016 177.67000000000093 175.67000000000002 252.7799999999998 239.6400000000004 208.54000000000156 306.73000000000275 298.4211764705915 287.1805882352975 353.9300000000031 324.8588235294135 346.13058823529525 349.03941176470835 317.35058823529437 252.00816399286998 302.71757575757573 341.76757575757574 345.75757575757575 345.75757575757575
779.7575757575758 779.7575757575758 762.7475757575758 704.0475757575758 568.2500000000002 712.0600000000002 729.4599999999999 686.7099999999996 622.0900000000003 717.9900000000002 629.7600000000006 692.589999999999 711.0500000000001 697.9299999999996 676.4300000000002 622.7775757575749 551.547575757575 626.727575757574 656.9275757575793 708.5175757575753 649.317575757575 541.7575757575752 650.8075757575763 602.9775757575754 583.5375757575766 651.6675757575763 678.8975757575757 549.057575757575 596.0175757575757 656.7375757575745 602.3175757575708 561.5575757575756 629.7375757575774 648.8275757575738 475.769999999997 552.5600000000029 665.8599999999997 755.5800000000003 716.2999999999957 531.3800000000006 520.719999999993 543.7099999999979 544.8300000000027 499.2300000000014 420.78999999999724 524.809999999994 599.459999999997 540.4699999999998 499.9999999999991 484.6700000000012 582.5199999999984 550.1399999999979 532.1599999999987 614.27 721.5799999999997 604.2400000000017 717.3975757575763 739.2875757575758 764.8475757575758 779.7575757575758 779.7575757575758
80.73333333333335 80.73333333333335 79.89333333333335 77.49333333333334 64.38000000000001 83.48666666666668 71.87333333333333 84.64999999999999 76.25666666666665 79.53999999999999 73.97333333333334 85.25 88.71666666666667 82.91 75.23 73.60666666666665 69.02999999999994 65.58333333333331 69.58666666666666 74.86333333333334 76.99333333333334 71.49000000000001 70.02333333333334 65.51333333333332 65.25333333333326 72.22666666666663 77.41333333333327 76.06333333333332 70.18000000000002 71.75666666666663 74.71333333333337 71.73999999999994 72.77666666666666 72.11999999999975 41.53333333333344 60.54666666666638 68.66333333333307 70.78999999999922 69.5566666666657 65.29 69.05333333333085 70.90666666666668 71.16999999999999 77.96999999999998 75.0 78.76 73.60000000000001 72.66 66.05999999999993 60.42999999999934 64.11333333333286 65.92999999999935 63.08666666666639 58.029999999999376 62.4633333333324 63.49999999999985 79.89333333333335 80.10333333333335 80.10333333333335 80.73333333333335 80.73333333333335
10.775757575757575 10.775757575757575 9.725757575757573 4.125757575757577 0.049999999999998934 3.4999999999999964 2.500000000000001 3.3499999999999988 1.8000000000000043 3.1000000000000014 1.4000000000000004 2.899999999999997 2.5000000000000018 2.7700000000000005 0.5799999999999965 1.98575757575757 2.77575757575757 3.1757575757575722 9.72575757575757 9.725757575757584 9.425757575757604 6.5257575757576065 4.52575757575757 5.025757575757565 2.3457575757575713 4.74575757575758 1.2457575757575645 2.345757575757574 3.945757575757577 0.33575757575758036 0.15575757575757265 0.7257575757575703 5.225757575757574 5.465757575757578 4.44000000000001 1.1500000000000012 0.15000000000000657 7.350000000000015 1.050000000000011 1.250000000000016 1.240000000000002 2.0200000000000005 2.1699999999999964 1.7000000000000108 2.0999999999999908 10.100000000000009 5.0999999999999925 0.13999999999999702 3.320000000000009 0.1599999999999966 0.8100000000000138 6.220000000000009 3.520000000000024 2.6400000000000485 10.149999999999995 6.020000000000035 0.15575757575757088 4.385757575757574 10.775757575757575 10.775757575757575 10.775757575757575
2.545454545454545 2.545454545454545 2.545454545454545 1.645454545454545 1.3599999999999999 0.5599999999999999 0.46000000000000163 0.7500000000000008 1.2400000000000455 1.2600000000000007 1.5400000000000071 0.1399999999999999 0.5599999999999999 0.6300000000000002 0.8400000000000006 1.075454545454546 1.0754545454545497 0.2954545454545483 0.35545454545455024 0.35545454545455635 1.2854545454545505 1.0754545454545603 1.0754545454545523 1.2854545454545483 1.0754545454545514 0.595454545454553 0.4154545454545513 0.1754545454545473 0.9254545454545522 0.9854545454545549 0.3554545454545528 0.02545454545455672 0.32545454545455765 0.5654545454545483 1.0300000000000131 1.330000000000008 1.3300000000000303 0.8400000000000002 1.3300000000000356 0.5599999999999999 0.2800000000000009 0.09000000000000052 1.4500000000000193 0.04999999999999993 0.48000000000000076 0.8200000000000002 0.7500000000000008 2.1000000000000147 0.3100000000000035 0.22000000000000297 0.22000000000001085 0.08000000000000274 0.8000000000000016 0.46000000000000474 0.6700000000000007 0.8500000000000124 1.7054545454545496 1.915454545454573 1.915454545454545 2.545454545454545 2.545454545454545
8.515433299825174 8.515433299825174 8.515433299825174 8.515433299825172 6.3705132758620655 7.081624195402255 6.218375058983659 6.693859137930915 6.535514770114719 4.705133362068717 6.612636981245845 7.677387356321615 6.8167403750754705 4.618751839080449 5.501113419540205 5.012127586206889 5.412083735632173 5.7584413793103275 5.342544310344788 5.796779454022976 4.816251102403374 5.557781724137912 5.968982931034433 4.869371379310338 4.313427528735632 4.367670172413775 4.273834137931078 6.845996379310177 6.515146923774807 6.56986911070775 6.214940057471057 6.190223073200033 5.625695834845724 5.996030603448276 9.223420862068892 10.240467413793093 5.4952907471264485 7.100722758620678 6.666536521476101 5.955383593466419 4.539960172413801 4.448154482758602 3.4276998275861397 4.054655862068939 4.313805517241354 5.771406379310326 4.441414827586161 5.022309137931 3.679546724137942 3.6917750000000273 5.9076047126436535 5.668956724137911 6.06509810344822 6.269945804597657 8.68184405021161 6.815724942528728 7.5384216331584994 7.653364161894137 8.170605713618277 8.515433299825174 8.170605713618277
700.0 700.0 699.0 696.0 689.0 689.0 679.0 685.0 677.0 679.0 680.0 682.0 682.0 682.0 678.0 679.0 681.0 684.0 688.0 682.0 681.0 682.0 682.0 682.0 681.0 682.0 687.0 680.0 682.0 683.0 676.0 680.0 681.0 684.0 679.0 684.0 686.0 684.0 686.0 680.0 683.0 681.0 684.0 683.0 685.0 683.0 685.0 684.0 687.0 682.0 687.0 683.0 686.0 680.0 683.0 674.0 686.0 690.0 694.0 700.0 698.0

H cap
-1.75 -36.75 -8.75 -5.25 -5.25 -5.25 40.25 15.75 -8.75 5.25 36.75 -1.75 8.75 33.25 12.25 36.75 36.75 5.25 19.25 29.75 5.25 8.75 19.25 36.75 33.25 -8.75 15.75 40.25 -5.25 33.25 82.25 29.75 5.25 12.25 5.25 -5.25 33.25 33.25 1.75 26.25 68.25 89.25 89.25 47.25 15.75 1.75 1.75 5.25 -5.25 33.25 85.75 1.75 12.25 131.25 131.25 131.25 131.25 131.25 131.25 131.25 131.25
30.5 24.5 32.0 28.0 10.5 -2.0 1.5 11.0 18.5 10.0 15.5 18.0 8.5 11.5 20.5 33.5 38.5 16.0 0.0 1.5 9.0 7.0 12.5 18.0 10.0 15.5 27.5 20.0 16.0 29.5 24.5 11.0 19.0 35.5 23.5 14.0 16.0 6.5 5.5 5.5 8.0 15.0 17.5 13.5 6.5 3.0 13.0 29.5 21.5 5.5 24.5 36.5 39.5 52.5 52.5 52.5 52.5 52.5 52.5 52.5 52.5
49.0 49.0 49.0 38.5 35.0 35.0 38.5 45.5 42.0 31.5 38.5 42.0 42.0 45.5 49.0 52.5 49.0 45.5 45.5 38.5 35.0 35.0 42.0 49.0 42.0 38.5 45.5 42.0 38.5 52.5 59.5 52.5 49.0 49.0 49.0 45.5 45.5 42.0 45.5 45.5 45.5 56.0 56.0 52.5 49.0 42.0 45.5 45.5 42.0 49.0 52.5 49.0 52.5 63.0 63.0 63.0 63.0 63.0 63.0 63.0 63.0
8.25 2.75 1.25 -3.75 9.75 1.25 8.75 -3.75 -2.75 -5.75 4.75 -4.25 6.75 -0.25 -1.25 3.25 -9.75 -0.25 0.25 -0.25 1.25 -0.25 -0.75 -1.25 6.75 0.75 -4.75 8.25 6.75 -4.75 -1.75 0.75 -0.25 0.25 -0.25 -4.75 -0.25 -1.75 1.25 2.25 4.75 -0.25 0.75 0.25 0.25 11.75 0.75 -1.75 15.25 -14.75 2.75 -16.75 -12.75 78.75 78.75 78.75 78.75 78.75 78.75 78.75 78.75

Gap
NaN

Time
NaN

