T P M C
61 37 4 12

base obj
8.97975243147657

exp obj
16.735052790206186

Objective struct
8.97975243147657 7.569581317375425 32.43137254901961

num campaigns
534

x
0 0 0 0 0 1 0 0 0 0 0 0 1 0 0 0 0 0 0 1 1 1 0 0 0 0 0 1 0 0 0 1 0 0 0 2 0 1 0 0 1 0 0 0 1 0 0 0 0 0 0 0 0 0 0 1 0 0 0 0 0
0 0 0 0 1 0 0 0 0 0 0 1 0 0 0 0 0 0 0 0 0 0 0 0 0 0 0 0 0 0 0 1 0 0 0 0 0 0 0 0 0 0 0 0 0 1 0 0 1 0 0 2 0 0 0 0 0 0 0 0 0
0 0 0 0 0 0 0 0 0 0 0 0 0 0 0 1 0 0 0 0 0 0 0 0 0 0 0 0 0 0 0 0 0 3 0 0 0 0 1 0 0 1 0 0 0 0 1 1 0 2 0 0 0 0 1 2 0 0 0 0 0
0 0 0 0 0 0 2 0 0 1 0 0 0 0 2 0 0 0 0 0 0 0 0 0 0 4 0 0 0 0 0 0 0 1 0 0 0 0 0 0 0 0 0 0 0 1 0 0 0 0 0 0 0 0 0 0 0 0 0 0 0
0 0 0 0 0 0 2 2 0 2 0 0 0 0 5 1 0 0 0 2 0 0 0 0 1 0 0 0 0 0 0 0 0 0 0 0 0 0 0 0 0 0 0 0 0 2 0 0 0 0 0 0 0 0 0 0 0 0 0 0 0
0 0 0 0 0 0 0 0 0 0 0 0 0 0 0 0 0 0 0 0 0 0 0 0 0 0 0 0 0 0 0 0 1 0 0 0 0 0 0 0 0 0 0 0 0 0 0 0 0 0 0 0 0 0 0 0 0 0 0 0 0
0 0 0 0 0 0 0 0 0 0 0 0 0 0 0 0 0 0 0 2 0 1 0 0 0 1 0 0 3 0 0 0 0 2 1 0 0 0 0 0 0 0 0 0 0 0 2 0 0 0 0 0 0 0 0 0 0 0 0 0 0
0 0 0 0 0 0 0 0 0 1 0 0 0 0 0 0 0 1 0 0 0 0 0 0 0 0 0 0 0 0 0 0 0 0 0 0 0 1 0 0 0 0 0 0 0 0 0 0 0 0 0 0 1 0 0 0 0 0 0 0 0
0 0 0 0 0 0 0 0 0 0 0 0 0 0 0 0 0 0 0 0 0 0 0 0 1 0 0 0 0 0 0 0 0 0 0 0 0 0 0 0 0 0 0 0 0 0 0 1 0 0 0 0 0 0 0 0 0 0 0 0 0
0 0 0 0 0 0 0 0 0 0 0 0 0 0 0 0 0 0 0 0 0 0 0 0 0 0 1 0 0 0 0 0 0 0 0 0 0 0 0 0 0 0 1 0 0 0 0 0 0 0 0 0 0 0 0 0 0 0 0 0 0
0 0 0 0 0 0 0 0 0 0 0 2 0 0 0 0 0 0 0 0 0 0 0 0 0 0 0 0 0 0 0 0 0 0 0 0 0 0 0 0 0 1 0 0 0 0 2 0 0 0 0 0 0 0 0 0 0 0 0 0 0
0 0 0 0 0 0 0 1 1 0 0 0 0 0 1 0 0 0 0 0 0 0 0 0 0 0 0 0 0 0 0 0 0 0 0 0 0 0 0 0 1 0 0 0 0 0 0 0 0 0 0 0 0 0 0 0 0 0 0 0 0
0 0 0 0 0 0 0 0 0 0 0 0 0 0 0 0 1 0 0 0 0 0 0 0 0 0 1 0 0 0 0 0 0 0 0 0 0 0 0 0 0 0 0 0 0 0 0 0 1 0 0 1 0 0 0 1 0 0 0 0 0
0 0 0 0 0 0 0 0 0 0 2 0 1 0 0 0 2 0 0 0 0 0 0 1 0 0 0 0 0 0 0 0 0 0 0 0 0 0 0 0 0 1 0 2 1 0 1 0 0 0 0 0 0 0 0 0 0 0 0 0 0
0 0 0 0 0 0 0 0 0 0 0 0 0 0 0 0 0 0 0 0 0 0 0 0 0 0 0 0 0 0 0 0 0 0 0 0 0 0 0 0 0 0 0 0 0 0 0 0 0 0 0 0 0 0 0 0 0 0 0 0 0
0 0 0 0 1 0 0 0 0 0 0 0 0 0 0 0 0 0 0 0 0 0 0 0 0 0 0 0 0 0 0 0 0 0 0 0 0 0 0 0 0 0 0 0 0 0 0 0 0 0 0 0 0 0 0 0 0 0 0 0 0
0 0 0 0 0 0 0 0 0 0 0 0 0 1 0 0 0 0 0 0 0 1 0 0 0 0 1 0 0 0 0 0 0 0 0 0 0 0 0 0 0 0 1 0 0 1 0 0 0 0 0 1 0 0 0 0 0 0 0 0 0
0 0 0 0 0 0 0 0 0 0 0 0 0 0 0 0 0 0 0 0 0 0 0 0 0 0 0 0 0 0 0 0 0 0 0 0 0 0 1 0 0 0 1 0 0 0 0 0 0 0 0 0 0 1 0 0 0 0 0 0 0
0 0 0 0 0 0 0 1 0 0 2 0 0 0 2 1 0 0 0 1 0 0 0 1 0 2 0 0 0 0 0 1 1 1 0 0 0 0 2 0 0 0 2 0 0 0 0 3 1 2 2 0 0 0 0 0 0 0 0 0 0
0 0 0 0 0 0 0 0 1 0 0 0 0 0 0 0 0 0 0 0 0 0 0 0 0 0 0 0 0 0 0 0 0 0 0 0 0 0 0 0 0 0 0 0 0 0 0 0 1 0 0 0 0 0 0 0 0 0 0 0 0
0 0 0 0 1 0 0 0 1 0 0 0 0 0 1 0 0 2 0 0 1 0 1 1 0 0 1 0 0 0 0 1 0 0 0 0 0 0 0 0 0 0 0 0 0 0 0 0 0 0 0 0 0 2 0 0 0 0 0 0 0
0 0 0 0 0 0 0 0 0 0 0 0 0 0 0 0 0 0 0 0 0 0 0 0 0 0 0 0 0 0 0 0 0 0 0 0 0 0 0 0 0 0 0 0 0 0 0 0 0 0 0 0 0 0 0 0 0 0 0 0 0
0 0 0 0 0 0 0 0 0 0 0 0 0 0 0 0 0 0 0 0 0 0 1 0 0 0 0 0 0 0 0 0 0 0 0 0 1 0 0 1 0 0 0 0 0 0 0 0 0 0 1 0 0 0 0 0 0 0 0 0 0
0 0 0 0 0 0 1 0 1 0 0 0 0 0 0 0 0 0 0 0 0 0 0 0 1 0 0 0 0 0 0 0 0 0 1 0 0 0 0 0 0 0 0 0 0 0 0 0 0 0 0 0 0 0 0 0 0 0 0 0 0
0 0 0 0 1 0 0 0 0 0 0 0 0 0 0 0 0 0 1 0 0 0 0 0 0 0 0 0 1 1 0 0 0 0 0 0 0 0 0 0 0 0 0 0 0 0 0 0 0 0 0 0 0 1 0 0 0 0 0 0 0
0 0 0 0 0 0 0 0 0 0 0 0 0 0 2 0 0 0 0 0 0 0 0 0 0 0 0 0 0 0 5 0 0 0 0 0 0 0 0 0 0 0 0 0 0 0 0 0 0 0 0 1 0 0 0 0 0 0 0 0 0
0 0 0 0 0 0 1 0 0 0 0 1 0 0 0 0 0 0 0 0 0 0 0 0 1 0 0 0 0 1 0 0 0 0 0 0 0 1 0 1 1 0 0 0 0 0 0 0 0 1 0 0 0 0 0 2 0 0 0 0 0
0 0 0 0 0 0 0 0 0 0 0 0 0 0 0 0 0 0 0 0 0 0 0 0 0 0 1 0 0 0 1 0 0 0 0 0 0 0 0 0 0 0 0 0 0 0 0 0 0 0 0 0 0 0 0 0 0 0 0 0 0
0 0 0 0 0 0 0 0 0 0 0 0 0 0 0 0 0 0 0 0 0 0 0 0 0 0 0 0 0 0 0 0 0 0 0 0 0 0 0 0 0 0 0 0 0 0 0 0 0 0 0 0 0 0 0 0 0 0 0 0 0
0 0 0 0 0 0 2 0 0 0 1 0 5 0 0 4 0 0 6 0 0 0 0 0 0 1 0 0 0 0 0 3 0 0 0 2 1 0 2 0 0 0 2 0 0 0 4 0 2 3 0 6 0 8 0 0 0 0 0 0 0
0 0 0 0 0 0 5 0 0 1 2 2 1 0 3 2 0 1 0 4 2 0 0 3 0 0 0 6 0 0 0 3 0 0 1 3 0 3 1 0 0 3 0 1 0 1 0 0 0 3 0 0 0 0 0 1 0 0 0 0 0
0 0 0 0 6 1 0 7 0 3 0 0 0 0 0 0 0 0 2 0 1 0 0 5 1 4 0 0 1 0 0 0 0 0 2 0 0 0 6 0 0 0 2 0 0 0 0 0 0 0 2 0 0 1 0 8 0 0 0 0 0
0 0 0 0 2 3 0 0 0 0 0 0 0 8 0 2 0 6 0 0 9 0 7 1 1 3 0 6 0 0 9 1 7 3 3 0 0 4 1 0 0 5 0 1 0 2 1 5 0 0 0 6 1 7 0 0 0 0 0 0 0
0 0 0 0 1 0 0 0 9 0 5 2 3 1 1 2 0 2 0 0 0 0 0 1 1 2 0 1 0 0 0 0 0 1 2 0 0 0 0 8 1 0 0 0 0 0 0 6 2 1 0 0 0 0 0 0 0 0 0 0 0
0 0 0 0 0 1 0 1 0 2 0 1 0 0 0 1 2 1 2 1 2 0 0 1 1 0 0 0 1 1 0 1 2 1 1 0 1 0 0 0 0 0 1 0 2 0 0 1 3 0 0 0 0 1 1 0 0 0 0 0 0
0 0 0 0 0 0 0 0 0 0 0 0 0 0 0 0 0 0 0 0 0 0 0 0 0 0 0 0 0 0 0 0 0 0 0 0 0 0 0 0 0 0 0 0 0 0 0 0 0 0 0 0 0 0 0 0 0 0 0 0 0
0 0 0 0 0 0 0 0 0 0 0 0 0 0 0 0 0 0 0 0 0 0 0 0 0 0 0 0 0 0 0 0 0 0 0 0 0 0 0 0 0 0 0 0 0 0 0 0 0 0 0 0 0 0 0 0 0 0 0 0 0

y
0.0 0.0 0.0 0.0 0.0 0.0 0.0 0.0 0.0 14.178571428571429 0.0 0.0 0.0 0.0 0.0 0.0 0.0 0.0 0.0 0.0 0.0 0.0 0.0 0.0 0.0 0.0 0.0 0.0 0.0 0.0 0.0 0.0 0.0 0.0 0.0 0.0 0.0

k
0 5 0 0 0 11 0 0 0 27 0 0 7 0 7 0 0 0 0 0 0 6 0 6 1 0 0 0 21 0 0 0 0 0 19 52 6

f
0.0 0.0 0.0 0.0 0.0 0.0 0.0 0.0 0.0 0.0 0.0 1.0500000000000362 0.0 0.0 0.0 0.0 19.950000000000017 0.0 0.0 0.0 0.0 1.050000000000022 0.0 0.0 0.0 0.0 0.0 0.0 7.350000000000007 0.0 0.0 0.0 0.0 10.5 38.85000000000001 0.0 0.0 0.0 0.0 0.0 0.0 0.0 0.0 0.0 0.0 0.0 0.0 0.0 0.0 0.0 0.0 0.0 0.0 0.0 0.0 0.0 0.0 0.0 0.0 0.0 0.0
0.0 0.0 0.0 4.200000000000004 0.6000000000000014 0.1500000000000128 4.6499999999999995 0.6000000000000085 3.3000000000000087 9.600000000000009 2.4000000000000163 7.349999999999982 0.150000000000011 0.0 6.000000000000009 0.0 14.999999999999993 0.6000000000000076 0.0 0.6000000000000156 0.0 3.3000000000000123 0.0 0.5999999999999943 0.0 0.0 0.0 0.6000000000000156 2.4000000000000092 0.0 0.0 0.0 0.0 0.0 7.350000000000007 1.0500000000000114 0.0 0.0 0.15000000000000568 0.0 0.0 0.0 0.0 12.29999999999999 10.950000000000014 0.0 0.0 0.0 1.5000000000000053 0.6000000000000085 0.0 0.0 0.0 0.0 0.0 0.0 0.0 0.0 0.0 0.0 0.0
0.0 0.0 0.0 0.0 0.0 0.0 0.0 0.0 0.0 0.0 0.0 0.0 0.0 0.0 0.0 0.0 0.0 0.0 0.0 0.0 0.0 0.0 0.0 0.0 0.0 0.0 0.0 0.0 0.0 0.0 0.0 0.0 0.0 0.0 0.0 0.0 0.0 0.0 0.0 0.0 0.0 0.0 0.0 0.0 0.0 0.0 0.0 0.0 0.0 0.0 0.0 0.0 0.0 0.0 0.0 0.0 0.0 0.0 0.0 0.0 0.0
0.45000000000000284 27.45000000000001 8.43769498715119e-15 0.0 0.0 0.4500000000000206 8.43769498715119e-15 0.4500000000000117 0.0 0.4500000000000135 1.9095836023552692e-14 0.4499999999999993 0.4500000000000215 0.45000000000000107 0.0 5.400000000000016 0.0 0.9000000000000252 0.0 6.661338147750939e-15 0.9000000000000199 1.199040866595169e-14 0.0 0.45000000000000284 0.0 5.850000000000023 3.1086244689504383e-15 0.8999999999999968 1.3766765505351941e-14 1.199040866595169e-14 0.4500000000000064 2.7000000000000246 7.993605777301127e-15 0.45000000000000107 0.9000000000000075 0.45000000000001705 6.750000000000007 0.4499999999999975 2.700000000000021 0.4500000000000073 0.900000000000003 0.9000000000000052 0.9000000000000057 0.45000000000001883 0.0 1.3500000000000068 0.0 23.40000000000001 0.0 0.44999999999999574 2.1760371282653068e-14 11.249999999999996 0.0 0.0 0.0 0.0 0.0 0.0 0.0 0.0 0.0

L
0 0 0 0 0 0 0 8 23 16 0 1 3 0 0 0 3 4 0 40 0 0 3 2 1 0 0 4 0 0 0 0 0 0 0 0 0

g
0 0 0 0 0 0 0 0 0 0 0 0 0 0 0 0 0 0 0 0 0 0 0 0 0 0 0 0 0 0 0 0 0 0 0 1 0 0 0 0 0 0 0 0 0 0 0 0 0 0 0 0 0 0 0 0 0 0 0 0 0
0 0 0 0 0 0 0 0 0 0 0 0 0 0 0 0 0 0 0 0 0 0 0 0 0 0 0 0 0 0 0 0 0 0 0 0 0 0 0 0 0 0 0 0 0 0 0 0 0 0 0 1 0 0 0 0 0 0 0 0 0
0 0 0 0 0 0 0 0 0 0 0 0 0 0 0 0 0 0 0 0 0 0 0 0 0 0 0 0 0 0 0 0 0 2 0 0 0 0 0 0 0 0 0 0 0 0 0 0 0 1 0 0 0 0 0 1 0 0 0 0 0
0 0 0 0 0 0 1 0 0 0 0 0 0 0 1 0 0 0 0 0 0 0 0 0 0 3 0 0 0 0 0 0 0 0 0 0 0 0 0 0 0 0 0 0 0 0 0 0 0 0 0 0 0 0 0 0 0 0 0 0 0
0 0 0 0 0 0 1 1 0 1 0 0 0 0 4 0 0 0 0 1 0 0 0 0 0 0 0 0 0 0 0 0 0 0 0 0 0 0 0 0 0 0 0 0 0 1 0 0 0 0 0 0 0 0 0 0 0 0 0 0 0
0 0 0 0 0 0 0 0 0 0 0 0 0 0 0 0 0 0 0 0 0 0 0 0 0 0 0 0 0 0 0 0 0 0 0 0 0 0 0 0 0 0 0 0 0 0 0 0 0 0 0 0 0 0 0 0 0 0 0 0 0
0 0 0 0 0 0 0 0 0 0 0 0 0 0 0 0 0 0 0 1 0 0 0 0 0 0 0 0 2 0 0 0 0 1 0 0 0 0 0 0 0 0 0 0 0 0 1 0 0 0 0 0 0 0 0 0 0 0 0 0 0
0 0 0 0 0 0 0 0 0 0 0 0 0 0 0 0 0 0 0 0 0 0 0 0 0 0 0 0 0 0 0 0 0 0 0 0 0 0 0 0 0 0 0 0 0 0 0 0 0 0 0 0 0 0 0 0 0 0 0 0 0
0 0 0 0 0 0 0 0 0 0 0 0 0 0 0 0 0 0 0 0 0 0 0 0 0 0 0 0 0 0 0 0 0 0 0 0 0 0 0 0 0 0 0 0 0 0 0 0 0 0 0 0 0 0 0 0 0 0 0 0 0
0 0 0 0 0 0 0 0 0 0 0 0 0 0 0 0 0 0 0 0 0 0 0 0 0 0 0 0 0 0 0 0 0 0 0 0 0 0 0 0 0 0 0 0 0 0 0 0 0 0 0 0 0 0 0 0 0 0 0 0 0
0 0 0 0 0 0 0 0 0 0 0 1 0 0 0 0 0 0 0 0 0 0 0 0 0 0 0 0 0 0 0 0 0 0 0 0 0 0 0 0 0 0 0 0 0 0 1 0 0 0 0 0 0 0 0 0 0 0 0 0 0
0 0 0 0 0 0 0 0 0 0 0 0 0 0 0 0 0 0 0 0 0 0 0 0 0 0 0 0 0 0 0 0 0 0 0 0 0 0 0 0 0 0 0 0 0 0 0 0 0 0 0 0 0 0 0 0 0 0 0 0 0
0 0 0 0 0 0 0 0 0 0 0 0 0 0 0 0 0 0 0 0 0 0 0 0 0 0 0 0 0 0 0 0 0 0 0 0 0 0 0 0 0 0 0 0 0 0 0 0 0 0 0 0 0 0 0 0 0 0 0 0 0
0 0 0 0 0 0 0 0 0 0 1 0 0 0 0 0 1 0 0 0 0 0 0 0 0 0 0 0 0 0 0 0 0 0 0 0 0 0 0 0 0 0 0 1 0 0 0 0 0 0 0 0 0 0 0 0 0 0 0 0 0
0 0 0 0 0 0 0 0 0 0 0 0 0 0 0 0 0 0 0 0 0 0 0 0 0 0 0 0 0 0 0 0 0 0 0 0 0 0 0 0 0 0 0 0 0 0 0 0 0 0 0 0 0 0 0 0 0 0 0 0 0
0 0 0 0 0 0 0 0 0 0 0 0 0 0 0 0 0 0 0 0 0 0 0 0 0 0 0 0 0 0 0 0 0 0 0 0 0 0 0 0 0 0 0 0 0 0 0 0 0 0 0 0 0 0 0 0 0 0 0 0 0
0 0 0 0 0 0 0 0 0 0 0 0 0 0 0 0 0 0 0 0 0 0 0 0 0 0 0 0 0 0 0 0 0 0 0 0 0 0 0 0 0 0 0 0 0 0 0 0 0 0 0 0 0 0 0 0 0 0 0 0 0
0 0 0 0 0 0 0 0 0 0 0 0 0 0 0 0 0 0 0 0 0 0 0 0 0 0 0 0 0 0 0 0 0 0 0 0 0 0 0 0 0 0 0 0 0 0 0 0 0 0 0 0 0 0 0 0 0 0 0 0 0
0 0 0 0 0 0 0 0 0 0 1 0 0 0 1 0 0 0 0 0 0 0 0 0 0 1 0 0 0 0 0 0 0 0 0 0 0 0 1 0 0 0 1 0 0 0 0 2 0 1 1 0 0 0 0 0 0 0 0 0 0
0 0 0 0 0 0 0 0 0 0 0 0 0 0 0 0 0 0 0 0 0 0 0 0 0 0 0 0 0 0 0 0 0 0 0 0 0 0 0 0 0 0 0 0 0 0 0 0 0 0 0 0 0 0 0 0 0 0 0 0 0
0 0 0 0 0 0 0 0 0 0 0 0 0 0 0 0 0 1 0 0 0 0 0 0 0 0 0 0 0 0 0 0 0 0 0 0 0 0 0 0 0 0 0 0 0 0 0 0 0 0 0 0 0 1 0 0 0 0 0 0 0
0 0 0 0 0 0 0 0 0 0 0 0 0 0 0 0 0 0 0 0 0 0 0 0 0 0 0 0 0 0 0 0 0 0 0 0 0 0 0 0 0 0 0 0 0 0 0 0 0 0 0 0 0 0 0 0 0 0 0 0 0
0 0 0 0 0 0 0 0 0 0 0 0 0 0 0 0 0 0 0 0 0 0 0 0 0 0 0 0 0 0 0 0 0 0 0 0 0 0 0 0 0 0 0 0 0 0 0 0 0 0 0 0 0 0 0 0 0 0 0 0 0
0 0 0 0 0 0 0 0 0 0 0 0 0 0 0 0 0 0 0 0 0 0 0 0 0 0 0 0 0 0 0 0 0 0 0 0 0 0 0 0 0 0 0 0 0 0 0 0 0 0 0 0 0 0 0 0 0 0 0 0 0
0 0 0 0 0 0 0 0 0 0 0 0 0 0 0 0 0 0 0 0 0 0 0 0 0 0 0 0 0 0 0 0 0 0 0 0 0 0 0 0 0 0 0 0 0 0 0 0 0 0 0 0 0 0 0 0 0 0 0 0 0
0 0 0 0 0 0 0 0 0 0 0 0 0 0 1 0 0 0 0 0 0 0 0 0 0 0 0 0 0 0 4 0 0 0 0 0 0 0 0 0 0 0 0 0 0 0 0 0 0 0 0 0 0 0 0 0 0 0 0 0 0
0 0 0 0 0 0 0 0 0 0 0 0 0 0 0 0 0 0 0 0 0 0 0 0 0 0 0 0 0 0 0 0 0 0 0 0 0 0 0 0 0 0 0 0 0 0 0 0 0 0 0 0 0 0 0 1 0 0 0 0 0
0 0 0 0 0 0 0 0 0 0 0 0 0 0 0 0 0 0 0 0 0 0 0 0 0 0 0 0 0 0 0 0 0 0 0 0 0 0 0 0 0 0 0 0 0 0 0 0 0 0 0 0 0 0 0 0 0 0 0 0 0
0 0 0 0 0 0 0 0 0 0 0 0 0 0 0 0 0 0 0 0 0 0 0 0 0 0 0 0 0 0 0 0 0 0 0 0 0 0 0 0 0 0 0 0 0 0 0 0 0 0 0 0 0 0 0 0 0 0 0 0 0
0 0 0 0 0 0 1 0 0 0 0 0 4 0 0 3 0 0 5 0 0 0 0 0 0 0 0 0 0 0 0 2 0 0 0 1 0 0 1 0 0 0 1 0 0 0 3 0 1 2 0 5 0 7 0 0 0 0 0 0 0
0 0 0 0 0 0 4 0 0 0 1 1 0 0 2 1 0 0 0 3 1 0 0 2 0 0 0 5 0 0 0 2 0 0 0 2 0 2 0 0 0 2 0 0 0 0 0 0 0 2 0 0 0 0 0 0 0 0 0 0 0
0 0 0 0 5 0 0 6 0 2 0 0 0 0 0 0 0 0 1 0 0 0 0 4 0 3 0 0 0 0 0 0 0 0 1 0 0 0 5 0 0 0 1 0 0 0 0 0 0 0 1 0 0 0 0 7 0 0 0 0 0
0 0 0 0 0 1 0 0 0 0 0 0 0 6 0 0 0 4 0 0 7 0 5 0 0 1 0 4 0 0 7 0 5 1 1 0 0 2 0 0 0 3 0 0 0 0 0 3 0 0 0 4 0 5 0 0 0 0 0 0 0
0 0 0 0 0 0 0 0 8 0 4 1 2 0 0 1 0 1 0 0 0 0 0 0 0 1 0 0 0 0 0 0 0 0 1 0 0 0 0 7 0 0 0 0 0 0 0 5 1 0 0 0 0 0 0 0 0 0 0 0 0
0 0 0 0 0 0 0 0 0 1 0 0 0 0 0 0 1 0 1 0 1 0 0 0 0 0 0 0 0 0 0 0 1 0 0 0 0 0 0 0 0 0 0 0 1 0 0 0 2 0 0 0 0 0 0 0 0 0 0 0 0
0 0 0 0 0 0 0 0 0 0 0 0 0 0 0 0 0 0 0 0 0 0 0 0 0 0 0 0 0 0 0 0 0 0 0 0 0 0 0 0 0 0 0 0 0 0 0 0 0 0 0 0 0 0 0 0 0 0 0 0 0
0 0 0 0 0 0 0 0 0 0 0 0 0 0 0 0 0 0 0 0 0 0 0 0 0 0 0 0 0 0 0 0 0 0 0 0 0 0 0 0 0 0 0 0 0 0 0 0 0 0 0 0 0 0 0 0 0 0 0 0 0

I cap
1058.909090909091 1058.909090909091 1058.909090909091 885.2490909090909 1003.04 1009.1799999999998 586.7799999999999 952.94 612.14 665.0 770.44 605.44 835.06 891.06 128.84000000000003 281.44909090909107 312.009090909091 701.2490909090909 752.389090909091 433.4290909090909 604.4690909090909 558.5090909090909 760.349090909091 852.3890909090911 755.349090909091 117.48909090909103 694.149090909091 746.7690909090909 557.189090909091 748.7890909090911 0.28909090909104407 95.969090909091 139.349090909091 190.24909090909114 23.500000000000057 87.62000000000006 459.5599999999999 470.44000000000005 460.4800000000001 535.8800000000001 420.0000000000001 646.66 600.0800000000002 661.1800000000001 837.56 455.55999999999995 553.82 636.6400000000001 712.6 661.1 564.9 353.80000000000007 813.3 799.04 1081.54 784.8599999999998 534.369090909091 667.1490909090911 976.349090909091 1058.909090909091 1058.909090909091
107.96969696969697 107.96969696969697 107.96969696969697 103.62969696969697 127.96000000000001 120.82 86.82 28.659999999999997 4.660000000000004 18.0 61.56 17.56 13.940000000000001 34.94 17.160000000000004 23.42969696969697 3.8696969696969674 17.629696969696976 42.48969696969698 45.44969696969697 60.40969696969697 88.36969696969696 96.52969696969697 89.48969696969698 67.52969696969697 11.389696969696976 41.72969696969697 33.10969696969697 57.68969696969696 96.08969696969697 57.58969696969697 64.90969696969697 64.52969696969697 41.629696969696994 35.50000000000001 12.380000000000003 41.44 25.560000000000002 22.52 30.12 5.000000000000007 29.339999999999996 1.920000000000003 38.82000000000001 107.44 75.44 5.779999999999996 3.960000000000001 4.200000000000003 44.900000000000006 23.099999999999994 25.200000000000017 13.700000000000003 29.960000000000004 50.46 17.139999999999993 41.509696969696975 59.72969696969699 104.52969696969697 107.96969696969697 107.96969696969697
38.96666666666666 38.96666666666666 38.96666666666666 38.96666666666666 29.43333333333333 27.333333333333336 1.6999999999999993 6.566666666666666 2.1000000000000068 17.53333333333334 2.133333333333333 15.400000000000002 10.5 36.4 2.833333333333334 3.2999999999999954 3.2999999999999954 2.633333333333331 9.633333333333331 2.633333333333331 17.299999999999997 17.299999999999997 9.633333333333331 2.633333333333331 2.633333333333331 3.299999999999997 10.299999999999995 10.299999999999995 24.299999999999997 38.96666666666666 38.96666666666666 17.299999999999997 10.299999999999997 3.299999999999997 9.8 11.899999999999999 18.2 10.425 0.6249999999999964 4.1249999999999964 11.124999999999996 27.225000000000005 20.22500000000001 19.525000000000006 16.725000000000005 41.3 20.566666666666666 5.166666666666661 0.6666666666666643 4.200000000000003 14.0 21.0 25.825 6.9916666666666725 9.091666666666667 10.491666666666672 38.96666666666666 38.96666666666666 38.96666666666666 38.96666666666666 38.96666666666666
45.24545454545453 45.24545454545453 45.24545454545453 43.77545454545452 34.57 31.019999999999985 23.819999999999986 40.050000000000004 34.65 31.55999999999999 34.009999999999984 3.55 1.0400000000000045 31.419999999999998 0.12000000000000632 14.79545454545452 38.005454545454526 3.175454545454526 6.445454545454532 41.67545454545452 41.60545454545452 42.93545454545452 43.14545454545452 41.88545454545452 34.10545454545452 22.30545454545453 37.19545454545453 40.03545454545453 44.03545454545453 42.78545454545452 22.89545454545452 23.655454545454525 41.50545454545452 28.68545454545452 14.329999999999998 4.839999999999994 28.069999999999993 20.709999999999987 20.849999999999998 45.46999999999999 31.3 26.20999999999999 29.97 39.81999999999999 46.61999999999999 20.15999999999999 13.879999999999987 19.479999999999986 3.9699999999999944 20.179999999999986 5.639999999999988 8.359999999999998 7.429999999999981 5.249999999999991 43.55 33.15999999999999 27.35545454545452 32.74545454545453 44.615454545454526 45.24545454545453 45.24545454545453
20.999999999999993 20.999999999999993 20.999999999999993 20.789999999999992 14.49 22.819999999999993 0.9200000000000035 6.6000000000000005 3.319999999999996 12.78 13.129999999999995 6.21 5.5000000000000036 15.920000000000002 1.2299999999999986 0.5999999999999933 1.5299999999999931 6.199999999999995 14.849999999999989 4.669999999999993 1.6599999999999913 2.2299999999999924 14.299999999999992 11.27999999999999 10.959999999999992 1.5599999999999925 19.559999999999995 1.4299999999999926 2.7199999999999918 2.579999999999992 19.529999999999987 10.669999999999987 10.439999999999992 0.28999999999999204 5.950000000000001 0.6699999999999994 6.549999999999995 0.08999999999999564 3.3799999999999963 2.4899999999999993 7.3 7.859999999999999 5.349999999999997 7.4099999999999975 17.72 10.219999999999997 12.709999999999997 11.270000000000003 15.729999999999992 1.9700000000000006 1.8499999999999983 3.910000000000003 16.689999999999987 15.259999999999991 16.779999999999998 7.729999999999997 8.319999999999993 12.429999999999993 20.789999999999992 20.999999999999993 20.999999999999993
345.75757575757575 345.75757575757575 345.75757575757575 96.98051693404638 26.642352941176462 83.58411764705883 13.472352941176467 111.3041176470588 33.480588235294135 244.81176470588238 219.28176470588238 282.26 306.79 280.94 239.91 295.3475757575757 323.56757575757575 251.01522281639927 277.768752228164 252.4575757575758 307.5981639928699 281.7481639928698 102.85169340463455 148.13934046345804 58.326399286987595 176.72051693404626 161.7799286987523 191.1263992869875 264.90816399286985 303.7481639928699 309.63757575757575 315.18757575757576 337.54757575757577 236.30522281639924 158.25117647058818 210.20117647058822 293.37 100.5529411764706 142.16352941176464 139.1035294117647 266.82 271.42764705882354 240.80117647058816 202.72117647058818 326.49 307.97999999999996 284.85 308.32 386.19 301.11764705882354 282.34117647058827 254.9011764705883 270.8788235294118 334.70058823529416 128.58117647058828 133.51470588235298 66.85228163992866 272.07757575757574 341.76757575757574 345.75757575757575 345.75757575757575
779.7575757575758 779.7575757575758 779.7575757575758 541.4475757575758 236.58999999999997 535.37 728.7199999999999 756.5500000000001 821.11 803.0499999999998 771.14 808.4300000000001 179.18000000000006 317.6500000000001 540.9799999999999 528.7475757575758 183.5575757575756 293.3875757575757 710.3575757575758 4.297575757575796 158.44757575757578 156.91757575757583 180.0775757575758 560.0775757575759 412.5675757575758 341.81757575757564 199.63757575757575 316.8175757575757 711.7475757575758 25.287575757575805 56.63757575757583 96.8275757575758 25.16757575757572 72.82757575757563 179.00000000000006 494.0699999999999 432.32000000000005 442.7800000000001 557.7400000000001 547.7900000000002 137.05000000000007 309.24 547.6100000000001 533.28 472.56000000000006 397.0 105.96999999999997 174.8800000000001 554.73 480.6399999999999 21.00999999999998 73.76999999999998 9.149999999999977 242.70000000000002 700.49 421.50000000000006 484.82757575757563 575.4975757575758 764.8475757575758 779.7575757575758 779.7575757575758
80.73333333333335 80.73333333333335 80.73333333333335 80.10333333333335 64.93666666666667 84.79333333333334 78.16 85.16 47.999999999999986 55.80000000000001 61.00333333333332 62.22999999999999 76.56666666666665 84.32666666666665 73.3 61.56 68.68000000000002 65.34666666666666 67.9 77.79333333333335 77.66333333333334 78.42333333333335 78.63333333333335 73.34000000000002 68.56333333333335 59.230000000000025 70.66000000000003 74.87 76.62666666666668 79.47333333333336 77.37333333333335 77.79333333333334 76.69333333333334 65.68000000000002 25.11666666666666 50.586666666666645 74.55 71.72000000000001 69.32000000000001 45.31333333333334 42.023333333333326 72.22333333333333 74.97000000000003 83.63999999999999 89.46000000000001 87.65999999999998 78.96 49.099999999999994 40.363333333333316 55.983333333333334 62.95333333333333 63.039999999999964 62.619999999999976 60.82999999999998 64.42 56.95999999999999 72.84333333333335 76.08333333333334 80.10333333333335 80.73333333333335 80.73333333333335
10.775757575757575 10.775757575757575 10.775757575757575 3.915757575757576 0.6500000000000004 0.8400000000000007 0.23999999999999977 0.0499999999999996 1.150000000000001 1.3499999999999996 1.8900000000000003 3.0999999999999988 1.4400000000000013 0.2600000000000007 0.5800000000000001 0.13575757575757552 0.5257575757575752 0.6257575757575755 0.5257575757575745 0.9257575757575749 0.625757575757576 0.9457575757575754 0.1557575757575762 1.1857575757575756 2.375757575757576 3.175757575757576 1.7457575757575752 0.1557575757575762 1.1857575757575756 2.375757575757576 1.9157575757575758 2.0257575757575754 1.0657575757575755 1.4657575757575758 2.4000000000000004 3.1500000000000004 2.0500000000000007 1.85 1.8499999999999996 1.5500000000000003 2.350000000000001 0.20000000000000107 1.0699999999999994 0.580000000000001 0.6500000000000019 2.7199999999999998 2.1700000000000017 2.6400000000000006 0.14999999999999947 0.5900000000000003 3.0199999999999996 1.7199999999999995 0.31000000000000183 0.23999999999999932 4.149999999999999 2.650000000000001 1.1757575757575758 1.1757575757575758 10.775757575757575 10.775757575757575 10.775757575757575
2.545454545454545 2.545454545454545 2.545454545454545 0.655454545454545 1.42 0.04999999999999993 1.4500000000000002 0.4800000000000002 0.45999999999999996 0.6600000000000001 0.19000000000000006 0.019999999999999907 0.04999999999999993 0.7500000000000001 0.4800000000000002 1.195454545454545 0.7154545454545449 0.41545454545454497 0.17545454545454486 0.4454545454545452 0.23545454545454514 0.23545454545454525 0.4454545454545452 0.38545454545454516 0.47545454545454513 1.0754545454545452 0.0854545454545449 0.205454545454545 0.5954545454545449 1.2854545454545452 0.025454545454545174 0.9554545454545451 1.195454545454545 0.14545454545454506 0.9100000000000005 0.4900000000000001 0.4900000000000001 2.220446049250313e-16 0.07000000000000006 0.1399999999999999 0.3400000000000001 0.5400000000000003 0.82 0.1399999999999999 2.220446049250313e-16 1.21 0.060000000000000164 0.36000000000000054 0.09999999999999987 0.07000000000000006 0.06000000000000005 0.18999999999999972 0.28 1.4400000000000004 2.17 0.8499999999999999 0.2054545454545451 0.805454545454545 1.915454545454545 2.545454545454545 2.545454545454545
8.515433299825174 8.515433299825174 8.515433299825174 7.825778127411381 4.309019195402296 4.159694543254687 4.330292956745309 5.257077701149422 8.45562954022988 6.06629488656987 7.934476234119779 6.333769691470052 3.575058584392009 3.969326379310341 3.4744951497277636 2.9243782123411934 3.141968965517238 2.459893457350269 4.1244257380520235 2.497354166666663 1.804182136886099 3.0290460919540196 4.5896727586206865 5.530291091954021 4.121715490018147 3.17892244101633 1.4795810919540195 5.8959963793103425 8.16021632183908 4.743764885057468 5.154746125226857 3.6857159437386535 2.7076377586206863 2.921318132183905 7.681376267392619 10.206317555958865 4.507692613430125 4.052355980036295 4.840432468239562 6.145946034482757 5.062373793103446 3.739442704174226 4.223192698124619 5.731667356321838 5.432771034482758 2.750535235934662 0.0071135571687821475 0.5929080490018122 2.2820875589836627 3.713462840290379 2.8607807562008425 2.4031370024198377 1.399218058076221 1.6392744706594011 9.1809366091954 4.516874367816089 5.3545134147677 7.998191575687242 8.515433299825174 8.515433299825174 8.170605713618277
700.0 700.0 700.0 698.0 688.0 689.0 678.0 684.0 680.0 683.0 681.0 682.0 682.0 687.0 674.0 673.0 674.0 681.0 680.0 683.0 685.0 677.0 685.0 685.0 683.0 677.0 675.0 688.0 680.0 686.0 676.0 670.0 681.0 682.0 684.0 691.0 685.0 681.0 685.0 683.0 688.0 684.0 681.0 680.0 683.0 679.0 675.0 674.0 674.0 681.0 678.0 676.0 682.0 676.0 688.0 679.0 685.0 694.0 698.0 700.0 697.0

H cap
49.349999999999994 2.0999999999999943 20.999999999999986 30.449999999999974 55.64999999999998 17.84999999999998 36.749999999999986 46.19999999999999 17.849999999999994 74.55 17.849999999999966 -1.0500000000000362 102.89999999999999 65.1 55.64999999999999 27.299999999999983 -19.950000000000017 8.399999999999993 24.14999999999999 71.39999999999999 46.19999999999999 -1.050000000000022 5.249999999999972 24.14999999999999 46.19999999999999 68.24999999999999 74.55 2.099999999999998 -7.350000000000007 24.149999999999977 46.199999999999974 17.849999999999994 5.25 -10.5 -38.85000000000001 24.14999999999999 11.549999999999997 39.89999999999999 43.04999999999998 61.94999999999999 84.0 14.69999999999999 14.699999999999976 14.699999999999976 11.549999999999985 27.299999999999983 27.299999999999983 8.399999999999993 11.549999999999997 24.14999999999999 61.94999999999999 24.14999999999999 33.599999999999994 131.25 131.25 131.25 131.25 131.25 131.25 131.25 131.25
22.799999999999983 4.799999999999985 4.799999999999988 -4.200000000000004 -0.6000000000000014 -0.1500000000000128 -4.6499999999999995 -0.6000000000000085 -3.3000000000000087 -9.600000000000009 -2.4000000000000163 -7.349999999999982 -0.150000000000011 2.0999999999999988 -6.000000000000009 0.2999999999999803 -14.999999999999993 -0.6000000000000076 22.799999999999997 -0.6000000000000156 0.29999999999999094 -3.3000000000000123 1.1999999999999993 -0.5999999999999943 2.09999999999999 36.3 22.799999999999983 -0.6000000000000156 -2.4000000000000092 0.2999999999999874 0.30000000000000515 3.8999999999999897 24.59999999999999 16.499999999999993 -7.350000000000007 -1.0500000000000114 16.499999999999982 10.650000000000006 -0.15000000000000568 15.59999999999999 23.699999999999996 16.949999999999992 3.899999999999997 -12.29999999999999 -10.950000000000014 0.29999999999999094 20.99999999999999 0.2999999999999945 -1.5000000000000053 -0.6000000000000085 1.6499999999999861 4.350000000000003 9.3 52.5 52.5 52.5 52.5 52.5 52.5 52.5 52.5
56.7 53.550000000000004 40.95000000000001 34.65000000000001 47.25000000000001 44.10000000000001 44.10000000000001 44.10000000000001 47.25000000000001 56.7 25.200000000000017 18.90000000000002 50.400000000000006 56.7 59.85 50.400000000000006 47.25000000000001 53.550000000000004 53.550000000000004 56.7 47.25000000000001 31.500000000000014 34.65000000000001 50.400000000000006 59.85 59.85 44.10000000000001 37.80000000000001 50.400000000000006 44.10000000000001 44.10000000000001 53.550000000000004 53.550000000000004 50.400000000000006 40.95000000000001 44.10000000000001 50.400000000000006 50.400000000000006 40.95000000000001 47.25000000000001 59.85 44.10000000000001 37.80000000000001 37.80000000000001 34.65000000000001 34.65000000000001 37.80000000000001 37.80000000000001 44.10000000000001 56.7 56.7 40.95000000000001 44.10000000000001 63.0 63.0 63.0 63.0 63.0 63.0 63.0 63.0
-0.45000000000000284 -27.45000000000001 -8.43769498715119e-15 0.4499999999999873 0.4499999999999855 -0.4500000000000206 -8.43769498715119e-15 -0.4500000000000117 0.4499999999999962 -0.4500000000000135 -1.9095836023552692e-14 -0.4499999999999993 -0.4500000000000215 -0.45000000000000107 0.8999999999999866 -5.400000000000016 1.3499999999999952 -0.9000000000000252 4.440892098500626e-16 -6.661338147750939e-15 -0.9000000000000199 -1.199040866595169e-14 0.44999999999998064 -0.45000000000000284 0.4499999999999842 -5.850000000000023 -3.1086244689504383e-15 -0.8999999999999968 -1.3766765505351941e-14 -1.199040866595169e-14 -0.4500000000000064 -2.7000000000000246 -7.993605777301127e-15 -0.45000000000000107 -0.9000000000000075 -0.45000000000001705 -6.750000000000007 -0.4499999999999975 -2.700000000000021 -0.4500000000000073 -0.900000000000003 -0.9000000000000052 -0.9000000000000057 -0.45000000000001883 1.7999999999999803 -1.3500000000000068 1.3499999999999863 -23.40000000000001 0.8999999999999821 -0.44999999999999574 -2.1760371282653068e-14 -11.249999999999996 5.773159728050814e-15 78.75 78.75 78.75 78.75 78.75 78.75 78.75 78.75

Gap
0.047559337948903664


