T P M C
61 37 4 12

base obj
10.114876215738285

exp obj
17.64978530245391

Objective struct
10.114876215738285 7.489806680247846 32.76470588235294

num campaigns
517

x
0 0 0 0 1 0 0 0 2 0 0 0 0 0 2 0 0 0 2 0 0 0 0 0 0 1 0 1 0 0 0 0 1 0 0 2 0 0 0 0 0 0 0 0 0 0 0 0 0 0 0 0 0 0 1 0 0 0 0 0 0
0 0 0 0 1 0 0 0 0 0 0 0 0 0 0 0 0 0 0 0 0 0 0 0 0 0 0 0 0 0 0 0 0 0 0 0 0 0 0 1 0 0 0 0 0 0 1 0 0 0 1 0 1 0 0 0 0 0 0 0 0
0 0 0 0 0 0 4 0 0 0 0 0 0 1 0 0 3 0 0 1 0 0 0 0 0 0 0 0 0 0 0 0 0 0 0 0 0 0 0 0 0 1 1 1 0 0 0 0 0 0 0 0 0 0 0 1 0 0 0 0 0
0 0 0 0 0 0 0 0 0 0 0 0 0 0 0 0 0 0 0 0 1 0 0 0 0 0 0 0 0 0 0 0 0 1 0 0 1 0 0 2 1 3 0 0 0 0 0 0 0 2 0 0 0 0 0 0 0 0 0 0 0
0 0 0 0 0 0 0 0 0 1 1 1 1 0 0 0 0 0 0 0 5 0 2 0 0 0 0 0 0 0 0 0 0 0 0 0 0 0 3 1 1 0 0 0 0 0 0 0 0 0 0 1 0 0 0 0 0 0 0 0 0
0 0 0 0 0 0 0 0 0 0 0 0 0 0 0 0 0 0 0 0 0 0 0 0 0 0 0 0 0 0 0 0 0 0 0 0 0 0 0 0 0 0 0 0 0 0 0 0 0 0 0 0 0 0 0 0 0 0 0 0 0
0 0 0 0 0 0 0 0 0 0 0 1 0 0 0 0 1 0 0 0 0 0 0 0 0 0 0 0 0 0 0 0 0 0 0 0 0 5 1 0 0 0 0 0 2 0 0 0 0 0 0 0 2 0 0 0 0 0 0 0 0
0 0 0 0 0 0 0 0 0 0 0 0 0 0 0 0 0 0 0 0 0 0 0 0 0 0 0 0 0 2 0 0 0 0 0 0 1 0 0 0 0 0 0 0 0 0 0 1 0 0 0 0 0 0 0 0 0 0 0 0 0
0 0 0 0 0 0 0 0 0 0 0 0 0 0 0 0 0 0 0 0 0 0 0 0 0 0 0 0 0 0 0 0 0 0 0 0 0 0 0 0 0 0 1 0 0 0 0 0 0 0 0 0 0 0 1 0 0 0 0 0 0
0 0 0 0 0 0 0 0 0 0 0 0 0 0 0 0 0 0 0 0 0 0 0 0 0 0 0 0 0 0 0 0 0 0 0 0 0 0 0 0 0 1 0 0 0 0 0 0 0 0 0 0 0 0 0 0 0 0 0 0 0
0 0 0 0 0 0 1 0 0 0 0 0 3 0 0 0 0 0 0 0 0 0 1 0 0 0 0 0 0 0 0 0 0 0 0 0 0 0 0 0 0 0 0 0 0 0 0 0 0 0 0 0 0 0 0 0 0 0 0 0 0
0 0 0 0 0 0 0 0 0 0 0 0 0 0 0 0 0 0 0 0 0 0 1 0 1 0 0 0 0 0 0 0 0 0 0 0 0 0 0 0 0 0 0 0 0 0 0 0 0 0 0 1 0 0 0 1 0 0 0 0 0
0 0 0 0 0 0 0 0 0 0 0 0 0 0 0 0 0 0 0 0 0 1 0 0 0 0 0 0 0 0 1 0 0 0 0 0 0 0 0 0 0 0 0 0 1 0 0 1 0 0 0 0 0 0 0 0 0 0 0 0 0
0 0 0 0 0 0 0 0 0 0 0 0 0 0 0 0 0 0 0 0 0 0 0 1 0 0 0 0 0 1 0 2 0 0 0 0 0 1 0 1 0 0 0 0 0 2 0 0 1 0 0 1 0 0 0 1 0 0 0 0 0
0 0 0 0 0 0 0 0 0 0 0 0 0 0 0 0 0 0 0 0 0 0 0 0 0 0 0 0 0 0 0 0 0 0 0 0 0 0 0 0 0 0 0 0 0 0 0 0 0 0 0 0 0 0 0 0 0 0 0 0 0
0 0 0 0 1 0 0 0 0 0 0 0 0 0 0 0 0 0 0 0 0 0 0 0 0 0 0 0 0 0 0 0 0 0 0 0 0 0 0 0 0 0 0 0 0 0 0 0 0 0 0 0 0 0 0 0 0 0 0 0 0
0 0 0 0 0 0 0 0 0 0 0 0 0 0 0 0 0 0 0 0 0 1 0 0 0 1 0 0 0 0 0 0 0 0 0 0 0 0 0 0 0 0 0 1 0 0 0 1 0 0 1 0 1 0 0 0 0 0 0 0 0
0 0 0 0 0 0 1 0 0 0 0 0 0 0 0 0 0 0 0 0 0 1 0 0 0 0 1 0 0 0 0 0 0 0 0 0 0 0 0 0 0 0 0 0 0 0 0 0 0 0 0 0 0 0 0 0 0 0 0 0 0
0 0 0 0 0 0 0 0 1 0 0 0 1 0 0 0 2 0 0 0 0 0 3 0 0 3 0 0 0 0 1 0 0 0 2 0 0 0 0 0 2 1 0 1 0 0 2 0 0 6 0 0 0 0 0 0 0 0 0 0 0
0 0 0 0 0 0 0 0 0 0 0 0 0 0 0 0 0 1 0 0 0 0 0 0 0 0 0 0 0 0 0 0 0 0 0 0 0 0 0 0 1 0 0 0 0 0 0 0 0 0 0 0 0 0 0 0 0 0 0 0 0
0 0 0 0 0 0 1 0 0 1 0 1 0 0 0 0 0 0 0 0 0 0 0 0 0 0 0 0 1 1 0 1 0 0 0 0 0 0 0 0 0 1 0 1 1 0 1 0 0 0 0 0 0 0 0 2 0 0 0 0 0
0 0 0 0 0 0 0 0 0 0 0 0 0 0 0 0 0 0 0 0 0 0 0 0 0 0 0 0 0 0 0 0 0 0 0 0 0 0 0 0 0 0 0 0 0 0 0 0 0 0 0 0 0 0 0 0 0 0 0 0 0
0 0 0 0 0 0 0 0 0 0 0 0 0 0 0 0 0 0 0 0 0 0 0 1 0 0 0 1 0 0 0 0 0 1 0 0 0 0 0 0 0 0 0 0 0 0 0 0 0 0 0 0 0 1 0 0 0 0 0 0 0
0 0 0 0 0 0 0 0 0 0 0 0 0 0 0 0 0 0 0 0 1 0 0 0 0 0 0 0 0 0 0 0 0 0 0 0 0 1 0 0 0 0 0 0 0 0 0 0 0 0 0 0 0 0 0 0 0 0 0 0 0
0 0 0 0 0 0 0 0 0 0 1 0 1 0 0 0 0 0 0 0 0 0 0 0 0 0 0 0 0 0 0 0 0 0 0 0 0 0 0 0 0 0 0 0 0 0 0 0 0 0 0 0 0 0 0 0 0 0 0 0 0
0 0 0 0 0 0 0 0 1 0 0 0 0 0 0 1 0 0 0 0 0 0 0 0 0 0 0 0 0 0 0 0 0 0 2 0 0 0 0 0 0 0 1 0 1 0 0 0 0 2 0 0 0 0 0 0 0 0 0 0 0
0 0 0 0 0 1 0 1 0 0 1 0 0 0 1 1 0 1 0 1 0 0 0 0 0 0 0 0 0 0 0 0 0 0 0 0 0 0 1 0 0 0 0 0 0 0 0 0 0 0 0 0 0 0 0 2 0 0 0 0 0
0 0 0 0 0 0 0 0 0 0 0 0 0 0 0 0 1 0 0 0 0 0 0 0 0 0 0 0 0 0 0 0 0 0 0 0 0 0 0 0 0 0 0 1 0 0 0 0 0 0 0 0 0 0 0 0 0 0 0 0 0
0 0 0 0 0 0 0 0 0 0 0 0 0 0 0 0 0 0 0 0 0 0 0 0 0 0 0 0 0 0 0 0 0 0 0 0 0 0 0 0 0 0 0 0 0 0 0 0 0 0 0 0 0 0 0 0 0 0 0 0 0
0 0 0 0 5 0 0 1 0 0 4 0 2 0 0 0 0 0 4 0 5 0 2 0 7 0 0 0 0 0 0 0 0 0 0 0 2 0 5 0 3 0 0 0 3 0 5 0 0 0 0 4 0 0 0 0 0 0 0 0 0
0 0 0 0 1 0 0 0 0 2 2 0 5 0 0 0 0 0 1 2 0 0 3 0 0 0 6 0 0 4 1 1 0 4 0 2 3 0 0 0 0 3 0 0 1 0 0 0 4 0 0 4 0 1 0 2 0 0 0 0 0
0 0 0 0 0 0 0 0 0 0 5 0 3 0 4 3 0 0 1 0 1 0 0 0 0 0 0 0 5 1 2 1 0 0 0 1 2 0 3 5 2 0 2 0 0 0 0 0 0 3 0 1 0 2 0 5 0 0 0 0 0
0 0 0 0 8 0 7 0 0 0 0 2 0 0 3 0 1 0 3 0 0 0 6 0 1 1 8 0 8 0 1 3 3 3 5 0 1 0 0 0 0 1 0 7 0 4 1 4 3 2 2 0 0 7 0 2 0 0 0 0 0
0 0 0 0 0 0 4 0 11 0 0 0 1 0 0 0 11 1 1 0 3 1 0 0 1 2 0 0 0 0 1 1 0 0 5 0 0 0 0 0 0 0 1 0 1 1 0 0 0 3 0 1 1 1 0 0 0 0 0 0 0
0 0 0 0 0 0 0 0 1 0 2 0 1 2 1 0 0 1 0 1 0 0 0 1 2 0 0 0 2 0 2 0 2 1 1 0 1 1 0 0 1 2 2 1 0 1 2 0 0 1 0 0 0 0 1 0 0 0 0 0 0
0 0 0 0 0 0 0 0 0 0 0 0 0 0 0 0 0 0 0 0 0 0 0 0 0 0 0 0 0 0 0 0 0 0 0 0 0 0 0 0 0 0 0 0 0 0 0 0 0 0 0 0 0 0 0 0 0 0 0 0 0
0 0 0 0 0 0 0 0 0 0 0 0 0 0 0 0 0 0 0 0 0 0 0 0 0 0 0 0 0 0 0 0 0 0 0 0 0 0 0 0 0 0 0 0 0 0 0 0 0 0 0 0 0 0 0 0 0 0 0 0 0

y
0.0 0.0 0.0 0.0 0.0 0.0 0.0 0.0 0.0 0.0 0.0 0.0 0.0 0.0 0.0 0.0 0.0 0.0 0.0 0.0 0.0 0.0 0.0 11.333333333333332 0.0 0.0 0.0 0.0 0.0 0.0 0.0 0.0 0.0 0.0 0.0 0.0 0.0

k
0 7 0 0 0 12 0 0 0 28 0 0 8 0 7 0 0 0 0 0 0 6 0 8 4 0 0 0 21 0 0 0 7 0 19 52 6

f
0.0 8.75 0.0 0.0 1.75 5.25 0.0 0.0 0.0 0.0 1.75 8.75 0.0 0.0 1.75 1.75 0.0 0.0 0.0 0.0 0.0 0.0 0.0 0.0 0.0 0.0 0.0 0.0 0.0 0.0 0.0 0.0 36.75 0.0 0.0 0.0 0.0 0.0 0.0 0.0 0.0 0.0 0.0 0.0 0.0 0.0 0.0 0.0 0.0 0.0 0.0 33.25 0.0 0.0 0.0 0.0 0.0 0.0 0.0 0.0 0.0
0.5 3.5 0.0 0.0 0.0 1.5 0.0 1.5 1.5 0.0 0.0 0.0 5.0 2.0 0.0 2.0 1.5 0.0 1.5 0.0 0.0 1.5 8.5 0.0 0.0 22.5 3.5 1.5 0.0 0.0 7.0 0.0 1.0 0.0 0.5 12.5 0.0 3.0 1.0 0.0 3.0 0.0 2.5 1.5 0.5 5.5 0.0 0.5 1.5 0.0 0.0 1.0 0.0 0.0 0.0 0.0 0.0 0.0 0.0 0.0 0.0
0.0 0.0 0.0 0.0 0.0 0.0 0.0 0.0 0.0 0.0 0.0 0.0 0.0 0.0 0.0 0.0 0.0 0.0 0.0 0.0 0.0 0.0 0.0 0.0 0.0 0.0 0.0 0.0 0.0 0.0 0.0 0.0 0.0 0.0 0.0 0.0 0.0 0.0 0.0 0.0 0.0 0.0 0.0 0.0 0.0 0.0 0.0 0.0 0.0 0.0 0.0 0.0 0.0 0.0 0.0 0.0 0.0 0.0 0.0 0.0 0.0
0.0 5.75 0.25 1.75 1.25 0.0 0.0 0.25 0.25 4.75 0.75 4.25 0.0 0.0 0.25 5.25 0.0 12.75 0.0 16.25 1.25 0.75 0.0 1.25 1.25 0.25 0.25 0.0 3.25 0.25 0.75 1.25 0.75 1.25 0.25 0.25 0.25 0.25 0.25 0.0 0.25 0.0 0.25 0.0 0.25 0.0 0.25 0.25 0.75 1.75 0.0 28.75 0.0 0.0 0.0 0.0 0.0 0.0 0.0 0.0 0.0

L
0 2 0 0 0 0 0 0 12 0 0 2 3 0 0 0 2 5 0 23 0 0 4 17 2 0 0 27 0 0 0 0 0 0 0 0 0

g
0 0 0 0 0 0 0 0 1 0 0 0 0 0 1 0 0 0 1 0 0 0 0 0 0 0 0 0 0 0 0 0 0 0 0 1 0 0 0 0 0 0 0 0 0 0 0 0 0 0 0 0 0 0 0 0 0 0 0 0 0
0 0 0 0 0 0 0 0 0 0 0 0 0 0 0 0 0 0 0 0 0 0 0 0 0 0 0 0 0 0 0 0 0 0 0 0 0 0 0 0 0 0 0 0 0 0 0 0 0 0 0 0 0 0 0 0 0 0 0 0 0
0 0 0 0 0 0 3 0 0 0 0 0 0 0 0 0 2 0 0 0 0 0 0 0 0 0 0 0 0 0 0 0 0 0 0 0 0 0 0 0 0 0 0 0 0 0 0 0 0 0 0 0 0 0 0 0 0 0 0 0 0
0 0 0 0 0 0 0 0 0 0 0 0 0 0 0 0 0 0 0 0 0 0 0 0 0 0 0 0 0 0 0 0 0 0 0 0 0 0 0 1 0 2 0 0 0 0 0 0 0 1 0 0 0 0 0 0 0 0 0 0 0
0 0 0 0 0 0 0 0 0 0 0 0 0 0 0 0 0 0 0 0 4 0 1 0 0 0 0 0 0 0 0 0 0 0 0 0 0 0 2 0 0 0 0 0 0 0 0 0 0 0 0 0 0 0 0 0 0 0 0 0 0
0 0 0 0 0 0 0 0 0 0 0 0 0 0 0 0 0 0 0 0 0 0 0 0 0 0 0 0 0 0 0 0 0 0 0 0 0 0 0 0 0 0 0 0 0 0 0 0 0 0 0 0 0 0 0 0 0 0 0 0 0
0 0 0 0 0 0 0 0 0 0 0 0 0 0 0 0 0 0 0 0 0 0 0 0 0 0 0 0 0 0 0 0 0 0 0 0 0 4 0 0 0 0 0 0 1 0 0 0 0 0 0 0 1 0 0 0 0 0 0 0 0
0 0 0 0 0 0 0 0 0 0 0 0 0 0 0 0 0 0 0 0 0 0 0 0 0 0 0 0 0 1 0 0 0 0 0 0 0 0 0 0 0 0 0 0 0 0 0 0 0 0 0 0 0 0 0 0 0 0 0 0 0
0 0 0 0 0 0 0 0 0 0 0 0 0 0 0 0 0 0 0 0 0 0 0 0 0 0 0 0 0 0 0 0 0 0 0 0 0 0 0 0 0 0 0 0 0 0 0 0 0 0 0 0 0 0 0 0 0 0 0 0 0
0 0 0 0 0 0 0 0 0 0 0 0 0 0 0 0 0 0 0 0 0 0 0 0 0 0 0 0 0 0 0 0 0 0 0 0 0 0 0 0 0 0 0 0 0 0 0 0 0 0 0 0 0 0 0 0 0 0 0 0 0
0 0 0 0 0 0 0 0 0 0 0 0 2 0 0 0 0 0 0 0 0 0 0 0 0 0 0 0 0 0 0 0 0 0 0 0 0 0 0 0 0 0 0 0 0 0 0 0 0 0 0 0 0 0 0 0 0 0 0 0 0
0 0 0 0 0 0 0 0 0 0 0 0 0 0 0 0 0 0 0 0 0 0 0 0 0 0 0 0 0 0 0 0 0 0 0 0 0 0 0 0 0 0 0 0 0 0 0 0 0 0 0 0 0 0 0 0 0 0 0 0 0
0 0 0 0 0 0 0 0 0 0 0 0 0 0 0 0 0 0 0 0 0 0 0 0 0 0 0 0 0 0 0 0 0 0 0 0 0 0 0 0 0 0 0 0 0 0 0 0 0 0 0 0 0 0 0 0 0 0 0 0 0
0 0 0 0 0 0 0 0 0 0 0 0 0 0 0 0 0 0 0 0 0 0 0 0 0 0 0 0 0 0 0 1 0 0 0 0 0 0 0 0 0 0 0 0 0 1 0 0 0 0 0 0 0 0 0 0 0 0 0 0 0
0 0 0 0 0 0 0 0 0 0 0 0 0 0 0 0 0 0 0 0 0 0 0 0 0 0 0 0 0 0 0 0 0 0 0 0 0 0 0 0 0 0 0 0 0 0 0 0 0 0 0 0 0 0 0 0 0 0 0 0 0
0 0 0 0 0 0 0 0 0 0 0 0 0 0 0 0 0 0 0 0 0 0 0 0 0 0 0 0 0 0 0 0 0 0 0 0 0 0 0 0 0 0 0 0 0 0 0 0 0 0 0 0 0 0 0 0 0 0 0 0 0
0 0 0 0 0 0 0 0 0 0 0 0 0 0 0 0 0 0 0 0 0 0 0 0 0 0 0 0 0 0 0 0 0 0 0 0 0 0 0 0 0 0 0 0 0 0 0 0 0 0 0 0 0 0 0 0 0 0 0 0 0
0 0 0 0 0 0 0 0 0 0 0 0 0 0 0 0 0 0 0 0 0 0 0 0 0 0 0 0 0 0 0 0 0 0 0 0 0 0 0 0 0 0 0 0 0 0 0 0 0 0 0 0 0 0 0 0 0 0 0 0 0
0 0 0 0 0 0 0 0 0 0 0 0 0 0 0 0 1 0 0 0 0 0 2 0 0 2 0 0 0 0 0 0 0 0 1 0 0 0 0 0 1 0 0 0 0 0 1 0 0 5 0 0 0 0 0 0 0 0 0 0 0
0 0 0 0 0 0 0 0 0 0 0 0 0 0 0 0 0 0 0 0 0 0 0 0 0 0 0 0 0 0 0 0 0 0 0 0 0 0 0 0 0 0 0 0 0 0 0 0 0 0 0 0 0 0 0 0 0 0 0 0 0
0 0 0 0 0 0 0 0 0 0 0 0 0 0 0 0 0 0 0 0 0 0 0 0 0 0 0 0 0 0 0 0 0 0 0 0 0 0 0 0 0 0 0 0 0 0 0 0 0 0 0 0 0 0 0 1 0 0 0 0 0
0 0 0 0 0 0 0 0 0 0 0 0 0 0 0 0 0 0 0 0 0 0 0 0 0 0 0 0 0 0 0 0 0 0 0 0 0 0 0 0 0 0 0 0 0 0 0 0 0 0 0 0 0 0 0 0 0 0 0 0 0
0 0 0 0 0 0 0 0 0 0 0 0 0 0 0 0 0 0 0 0 0 0 0 0 0 0 0 0 0 0 0 0 0 0 0 0 0 0 0 0 0 0 0 0 0 0 0 0 0 0 0 0 0 0 0 0 0 0 0 0 0
0 0 0 0 0 0 0 0 0 0 0 0 0 0 0 0 0 0 0 0 0 0 0 0 0 0 0 0 0 0 0 0 0 0 0 0 0 0 0 0 0 0 0 0 0 0 0 0 0 0 0 0 0 0 0 0 0 0 0 0 0
0 0 0 0 0 0 0 0 0 0 0 0 0 0 0 0 0 0 0 0 0 0 0 0 0 0 0 0 0 0 0 0 0 0 0 0 0 0 0 0 0 0 0 0 0 0 0 0 0 0 0 0 0 0 0 0 0 0 0 0 0
0 0 0 0 0 0 0 0 0 0 0 0 0 0 0 0 0 0 0 0 0 0 0 0 0 0 0 0 0 0 0 0 0 0 1 0 0 0 0 0 0 0 0 0 0 0 0 0 0 1 0 0 0 0 0 0 0 0 0 0 0
0 0 0 0 0 0 0 0 0 0 0 0 0 0 0 0 0 0 0 0 0 0 0 0 0 0 0 0 0 0 0 0 0 0 0 0 0 0 0 0 0 0 0 0 0 0 0 0 0 0 0 0 0 0 0 1 0 0 0 0 0
0 0 0 0 0 0 0 0 0 0 0 0 0 0 0 0 0 0 0 0 0 0 0 0 0 0 0 0 0 0 0 0 0 0 0 0 0 0 0 0 0 0 0 0 0 0 0 0 0 0 0 0 0 0 0 0 0 0 0 0 0
0 0 0 0 0 0 0 0 0 0 0 0 0 0 0 0 0 0 0 0 0 0 0 0 0 0 0 0 0 0 0 0 0 0 0 0 0 0 0 0 0 0 0 0 0 0 0 0 0 0 0 0 0 0 0 0 0 0 0 0 0
0 0 0 0 4 0 0 0 0 0 3 0 1 0 0 0 0 0 3 0 4 0 1 0 6 0 0 0 0 0 0 0 0 0 0 0 1 0 4 0 2 0 0 0 2 0 4 0 0 0 0 3 0 0 0 0 0 0 0 0 0
0 0 0 0 0 0 0 0 0 1 1 0 4 0 0 0 0 0 0 1 0 0 2 0 0 0 5 0 0 3 0 0 0 3 0 1 2 0 0 0 0 2 0 0 0 0 0 0 3 0 0 3 0 0 0 1 0 0 0 0 0
0 0 0 0 0 0 0 0 0 0 4 0 2 0 3 2 0 0 0 0 0 0 0 0 0 0 0 0 4 0 1 0 0 0 0 0 1 0 2 4 1 0 1 0 0 0 0 0 0 2 0 0 0 1 0 4 0 0 0 0 0
0 0 0 0 6 0 5 0 0 0 0 0 0 0 1 0 0 0 1 0 0 0 4 0 0 0 6 0 6 0 0 1 1 1 3 0 0 0 0 0 0 0 0 5 0 2 0 2 1 0 0 0 0 5 0 0 0 0 0 0 0
0 0 0 0 0 0 3 0 10 0 0 0 0 0 0 0 10 0 0 0 2 0 0 0 0 1 0 0 0 0 0 0 0 0 4 0 0 0 0 0 0 0 0 0 0 0 0 0 0 2 0 0 0 0 0 0 0 0 0 0 0
0 0 0 0 0 0 0 0 0 0 1 0 0 1 0 0 0 0 0 0 0 0 0 0 1 0 0 0 1 0 1 0 1 0 0 0 0 0 0 0 0 1 1 0 0 0 1 0 0 0 0 0 0 0 0 0 0 0 0 0 0
0 0 0 0 0 0 0 0 0 0 0 0 0 0 0 0 0 0 0 0 0 0 0 0 0 0 0 0 0 0 0 0 0 0 0 0 0 0 0 0 0 0 0 0 0 0 0 0 0 0 0 0 0 0 0 0 0 0 0 0 0
0 0 0 0 0 0 0 0 0 0 0 0 0 0 0 0 0 0 0 0 0 0 0 0 0 0 0 0 0 0 0 0 0 0 0 0 0 0 0 0 0 0 0 0 0 0 0 0 0 0 0 0 0 0 0 0 0 0 0 0 0

I cap
1058.909090909091 1058.909090909091 976.349090909091 885.249090909091 1018.16 946.1799999999998 685.8399999999999 634.8200000000002 308.52000000000004 678.1199999999999 547.8800000000001 552.4200000000001 635.3800000000001 703.98 660.6199999999999 452.72909090909104 150.6090909090912 135.9690909090911 489.8290909090911 633.6290909090909 328.7890909090911 448.98909090909115 580.1090909090909 796.949090909091 815.7490909090909 850.909090909091 850.909090909091 792.909090909091 780.909090909091 854.349090909091 745.389090909091 811.149090909091 817.0690909090911 610.349090909091 102.32000000000005 128.56000000000006 140.12 282.0800000000001 358.5200000000001 216.1 384.3 184.9 510.30000000000007 496.30000000000007 252.28000000000003 494.19999999999993 714.6 992.6 938.8 334.6 616.0 624.4 659.52 998.0400000000001 1121.56 970.6599999999999 740.849090909091 746.249090909091 1058.909090909091 1058.909090909091 1058.909090909091
107.96969696969697 107.96969696969697 104.52969696969697 103.62969696969697 126.84 115.82 63.160000000000025 35.18000000000001 35.48000000000002 114.88 108.12 102.58 18.619999999999997 0.020000000000000462 11.380000000000003 74.74969696969697 50.869696969696996 48.70969696969698 66.04969696969698 84.24969696969697 71.08969696969697 67.88969696969698 3.769696969696973 30.929696969696973 5.129696969696971 75.96969696969697 75.96969696969697 25.96969696969697 25.96969696969697 6.529696969696971 5.48969696969697 1.7296969696969682 11.809696969696969 78.52969696969697 21.680000000000007 28.439999999999998 2.8799999999999955 11.920000000000009 28.080000000000005 17.5 91.5 0.10000000000000675 12.699999999999996 64.70000000000002 30.72 4.800000000000011 33.400000000000006 41.4 46.2 2.3999999999999986 64.0 52.6 56.48 58.96 61.44 31.34000000000001 56.02969696969697 57.62969696969698 107.96969696969697 107.96969696969697 107.96969696969697
38.96666666666666 38.96666666666666 38.96666666666666 38.96666666666666 44.099999999999994 29.325 13.95833333333333 11.158333333333333 5.558333333333339 17.53333333333334 9.133333333333331 0.06666666666666998 2.833333333333334 14.733333333333334 24.5 14.033333333333328 0.033333333333327886 8.833333333333329 24.96666666666666 38.96666666666666 26.29166666666666 26.29166666666666 5.291666666666661 5.291666666666661 17.96666666666666 5.291666666666661 5.291666666666661 5.291666666666661 11.624999999999995 9.633333333333331 2.633333333333331 2.633333333333331 17.299999999999997 24.299999999999997 9.8 4.899999999999999 4.199999999999999 23.1 2.3666666666666636 5.866666666666664 7.666666666666664 4.23333333333334 11.23333333333334 2.8666666666666725 7.066666666666675 4.966666666666667 2.1666666666666696 22.43333333333333 16.133333333333333 4.200000000000003 7.0 7.0 52.5 49.0 51.099999999999994 23.16666666666667 9.633333333333331 9.633333333333331 38.96666666666666 38.96666666666666 38.96666666666666
45.24545454545453 45.24545454545453 44.615454545454526 14.025454545454522 4.610000000000002 41.719999999999985 20.119999999999987 17.96 24.519999999999996 16.91999999999999 17.839999999999986 21.54 20.140000000000008 30.39 25.120000000000005 36.61545454545452 27.875454545454524 2.7254545454545243 7.315454545454528 6.865454545454521 4.635454545454524 25.965454545454527 31.195454545454528 1.3954545454545277 0.11545454545452649 42.57545454545452 42.57545454545452 40.835454545454525 40.835454545454525 40.835454545454525 40.67545454545453 41.17545454545453 41.37545454545453 40.14545454545452 38.63999999999999 22.11999999999999 19.32999999999999 5.319999999999996 8.179999999999996 27.919999999999998 19.110000000000003 30.539999999999992 39.120000000000005 17.589999999999993 20.849999999999994 12.389999999999992 12.009999999999996 41.49999999999999 41.78999999999999 43.12 30.369999999999994 29.36999999999999 55.429999999999986 51.72999999999999 44.459999999999994 38.79999999999999 32.73545454545452 35.265454545454524 45.24545454545453 45.24545454545453 45.24545454545453
20.999999999999993 20.999999999999993 20.789999999999992 19.039999999999985 9.670000000000003 20.519999999999996 7.0000000000000036 8.680000000000001 9.02 12.339999999999996 9.979999999999992 10.679999999999996 0.9799999999999986 7.100000000000003 1.3800000000000008 17.75999999999999 12.11999999999999 8.679999999999993 7.9999999999999964 7.009999999999993 4.069999999999993 11.199999999999992 10.63999999999999 8.859999999999994 8.199999999999994 20.02999999999999 2.0299999999999914 1.249999999999992 1.249999999999992 7.169999999999995 4.319999999999994 1.529999999999995 13.579999999999993 2.8999999999999915 7.7399999999999975 3.699999999999998 0.8299999999999947 2.4999999999999942 8.499999999999998 12.479999999999999 11.250000000000002 0.829999999999999 3.4899999999999984 4.75 10.670000000000003 12.239999999999998 14.919999999999993 20.890000000000004 11.169999999999998 2.869999999999998 6.329999999999998 6.939999999999994 7.609999999999997 2.9099999999999984 16.539999999999996 7.399999999999995 10.709999999999994 11.629999999999992 20.999999999999993 20.999999999999993 20.999999999999993
345.75757575757575 345.75757575757575 341.76757575757574 294.62757575757576 199.43 237.79000000000002 234.15999999999997 220.56999999999994 260.88 125.65411764705885 164.8729411764706 55.549411764705866 236.4317647058824 118.29705882352948 98.6788235294118 131.54169340463463 195.09934046345808 237.63639928698746 268.4781639928699 239.77698752228167 277.40816399286985 247.0781639928699 263.3575757575758 289.76757575757574 341.76757575757574 310.5975757575757 271.5475757575757 132.69169340463458 185.85934046345812 134.70875222816406 221.2981639928699 253.67934046345817 303.95816399286986 325.8575757575757 200.08882352941174 189.95823529411766 220.17176470588237 168.13764705882357 68.08588235294124 36.43235294117653 119.80411764705886 222.92882352941177 280.36117647058825 267.11117647058825 283.54 278.94 346.8 336.31 235.88647058823534 277.0717647058824 265.3705882352942 286.5405882352942 226.5582352941176 301.1611764705883 167.97529411764708 233.66294117647064 172.88051693404634 292.39757575757574 345.75757575757575 345.75757575757575 345.75757575757575
779.7575757575758 779.7575757575758 764.8475757575758 68.9475757575758 100.37 151.97000000000003 145.25999999999993 495.8499999999999 653.0799999999999 838.44 650.7800000000001 690.8800000000001 827.3800000000001 571.34 570.91 561.9575757575758 440.49757575757576 242.12757575757564 369.6775757575757 640.7075757575758 607.2575757575758 154.55757575757582 312.5475757575757 618.5275757575757 578.6775757575757 17.35757575757574 193.0475757575757 55.38757575757583 220.9475757575758 642.3575757575758 395.8475757575757 280.3275757575758 286.52757575757573 106.35757575757572 262.01 598.57 649.92 807.1700000000001 689.7700000000001 548.66 537.5 479.5299999999998 82.01999999999987 84.79000000000008 191.23999999999995 220.09000000000003 272.41999999999996 165.64 291.01 244.95999999999992 596.44 635.54 82.42000000000004 234.3699999999999 529.4300000000001 403.82000000000005 597.6875757575758 630.2175757575758 779.7575757575758 779.7575757575758 779.7575757575758
80.73333333333335 80.73333333333335 80.10333333333335 76.60333333333334 64.95999999999998 89.46000000000001 58.43666666666664 63.86333333333335 37.413333333333284 52.68666666666665 79.94 88.34 93.00666666666667 92.16333333333333 86.1 77.04333333333334 31.116666666666667 28.186666666666717 63.223333333333315 70.27666666666666 60.45333333333335 62.530000000000015 73.09666666666668 73.04333333333334 66.34 66.37000000000002 70.57000000000002 77.58333333333334 77.58333333333334 77.94333333333336 74.06000000000002 71.42333333333335 75.10666666666667 76.83333333333336 26.903333333333332 49.11666666666666 72.44 70.7 70.7 73.34 75.19999999999999 71.10000000000001 69.90666666666667 74.05333333333331 78.01666666666667 79.74999999999997 79.19333333333333 80.82000000000001 76.85999999999999 60.66000000000001 62.94 62.59666666666665 59.51 55.71000000000001 59.95333333333333 57.03999999999999 73.50333333333336 75.93333333333335 80.73333333333335 80.73333333333335 80.73333333333335
10.775757575757575 10.775757575757575 10.775757575757575 3.915757575757576 0.6500000000000004 1.640000000000001 0.6399999999999997 1.9 1.8000000000000007 1.5 1.0 0.10000000000000053 2.5 0.6000000000000005 -1.3322676295501878e-15 0.7757575757575759 1.1757575757575758 0.3757575757575755 3.175757575757576 0.3757575757575755 3.175757575757576 1.7457575757575752 0.1557575757575762 1.1857575757575756 1.5757575757575752 0.9457575757575754 0.1557575757575762 2.285757575757576 2.2757575757575754 2.4757575757575756 2.2757575757575736 3.0757575757575744 2.4757575757575765 1.9757575757575756 1.3500000000000003 3.1500000000000004 1.7500000000000009 1.3500000000000005 0.18999999999999972 3.3000000000000016 1.9900000000000002 0.09000000000000075 1.2999999999999998 0.969999999999998 1.280000000000002 1.400000000000001 2.3 2.3100000000000005 1.120000000000001 -1.9984014443252818e-15 3.169999999999998 0.9100000000000017 1.4200000000000008 0.7699999999999996 1.0999999999999996 3.5999999999999983 1.1757575757575758 1.1757575757575758 10.775757575757575 10.775757575757575 10.775757575757575
2.545454545454545 2.545454545454545 1.915454545454545 0.6554545454545451 1.21 0.04999999999999993 0.3999999999999998 0.2100000000000002 1.12 0.42000000000000026 1.54 0.1399999999999999 0.1399999999999999 0.8400000000000002 0.42000000000000026 0.8654545454545451 0.025454545454545174 0.025454545454545174 0.8654545454545451 0.8654545454545451 1.2854545454545452 0.17545454545454509 0.05545454545454498 0.0854545454545449 0.205454545454545 0.355454545454545 0.355454545454545 1.0754545454545452 1.0754545454545452 1.915454545454545 0.17545454545454497 0.41545454545454497 0.5954545454545449 0.4454545454545452 0.9100000000000005 0.4900000000000001 1.12 0.8400000000000002 0.28 0.6499999999999999 2.29 0.6900000000000001 1.3599999999999999 0.5599999999999999 0.27 0.039999999999999813 0.24 2.58 0.79 0.4299999999999997 3.45 0.040000000000000036 0.19000000000000006 1.4400000000000008 0.010000000000000231 0.13000000000000012 0.47545454545454513 1.195454545454545 2.545454545454545 2.545454545454545 2.545454545454545
8.515433299825174 8.515433299825174 8.515433299825174 3.9419305775021236 1.9911426073805158 4.59311844827586 2.2356166107078 7.056835544464607 9.270572241379309 6.3566758393829375 5.546393787053837 6.60660695704779 6.377508675136113 4.072774827586203 3.7585845114942487 6.098909022988503 5.986796034482756 4.7375697186932815 4.069736947973379 4.240517766182696 2.0621674454160455 3.332403451300662 2.557004882032663 3.5354332577132466 3.0559866848154833 3.4245668965517213 2.801420517241376 5.378755172413792 4.913090057471262 6.209282298850573 6.272411321839078 6.287016954022986 4.597867816091952 3.628214683908043 8.522271609195402 9.893250405323656 4.123542583182091 4.366300496067754 4.550051343012701 3.114488251663639 1.7323374954627921 2.925165977011492 0.7713779885057432 2.056531067755592 3.49928628856624 3.1806621052631554 1.835607205081666 3.182653965517239 3.679546896551722 3.7624648275862045 4.994779718693283 5.573736085904414 4.188086781609194 5.074543678160916 7.3625458045976995 4.59790885057471 6.733823759595287 8.17060536879069 8.515433299825174 8.515433299825174 8.515433299825174
700.0 700.0 700.0 697.0 694.0 692.0 682.0 684.0 690.0 687.0 683.0 685.0 681.0 684.0 682.0 690.0 680.0 681.0 692.0 691.0 682.0 683.0 679.0 681.0 684.0 683.0 681.0 684.0 687.0 683.0 686.0 680.0 688.0 684.0 682.0 682.0 680.0 682.0 685.0 678.0 681.0 678.0 681.0 682.0 678.0 683.0 681.0 683.0 684.0 674.0 674.0 680.0 680.0 682.0 690.0 676.0 683.0 690.0 700.0 700.0 696.0

H cap
8.75 -8.75 15.75 15.75 -1.75 -5.25 71.75 61.25 36.75 57.75 -1.75 -8.75 15.75 5.25 -1.75 -1.75 29.75 12.25 12.25 22.75 85.75 26.25 1.75 8.75 33.25 5.25 5.25 110.25 68.25 33.25 64.75 5.25 -36.75 5.25 8.75 5.25 12.25 5.25 12.25 8.75 22.75 99.75 64.75 1.75 68.25 47.25 1.75 64.75 43.75 29.75 8.75 -33.25 54.25 131.25 131.25 131.25 131.25 131.25 131.25 131.25 131.25
-0.5 -3.5 4.5 1.5 0.5 -1.5 0.5 -1.5 -1.5 0.0 7.0 3.5 -5.0 -2.0 3.5 -2.0 -1.5 0.0 -1.5 3.5 9.5 -1.5 -8.5 5.5 2.5 -22.5 -3.5 -1.5 4.5 6.0 -7.0 0.5 -1.0 0.0 -0.5 -12.5 0.0 -3.0 -1.0 0.5 -3.0 0.5 -2.5 -1.5 -0.5 -5.5 6.5 -0.5 -1.5 4.5 8.5 -1.0 10.0 52.5 52.5 52.5 52.5 52.5 52.5 52.5 52.5
52.5 49.0 38.5 38.5 45.5 45.5 52.5 52.5 42.0 42.0 49.0 45.5 38.5 38.5 49.0 49.0 31.5 28.0 31.5 38.5 59.5 45.5 42.0 52.5 56.0 56.0 49.0 56.0 59.5 52.5 42.0 42.0 49.0 52.5 45.5 35.0 31.5 24.5 31.5 42.0 45.5 56.0 52.5 42.0 52.5 28.0 21.0 52.5 52.5 52.5 52.5 45.5 52.5 63.0 63.0 63.0 63.0 63.0 63.0 63.0 63.0
2.75 -5.75 -0.25 -1.75 -1.25 0.25 0.75 -0.25 -0.25 -4.75 -0.75 -4.25 1.75 0.25 -0.25 -5.25 0.25 -12.75 0.25 -16.25 -1.25 -0.75 0.25 -1.25 -1.25 -0.25 -0.25 1.25 -3.25 -0.25 -0.75 -1.25 -0.75 -1.25 -0.25 -0.25 -0.25 -0.25 -0.25 0.25 -0.25 0.25 -0.25 0.25 -0.25 0.75 -0.25 -0.25 -0.75 -1.75 0.25 -28.75 1.25 78.75 78.75 78.75 78.75 78.75 78.75 78.75 78.75

Gap
0.049789380986772935


