T P M C
61 37 4 12

base obj
11.615866317590454

exp obj
10.36876248329088

Objective struct
11.615866317590454 0.0 6.627450980392155

num campaigns
406

x
0 0 0 0 0 0 0 1 0 1 0 0 1 0 0 0 0 0 0 0 1 0 0 0 0 1 0 1 0 0 0 1 0 1 0 1 0 0 0 0 0 0 0 0 1 0 0 1 0 0 1 0 0 0 0 1 0 0 0 0 0
0 0 0 0 0 0 0 0 0 0 0 0 0 0 1 0 0 0 0 0 1 0 0 0 0 1 0 0 0 0 0 1 0 0 0 0 1 0 0 0 0 0 0 1 0 0 0 0 1 0 0 0 0 0 0 0 0 0 0 0 0
0 0 0 0 0 0 0 0 1 0 0 1 0 0 0 1 0 0 1 0 0 1 0 1 0 0 1 0 1 0 0 0 0 0 0 1 0 1 0 0 0 0 0 1 0 1 0 0 0 0 1 0 0 0 0 0 0 0 0 0 0
0 0 0 0 1 0 0 0 0 0 1 0 0 1 0 0 0 1 0 0 0 0 0 0 0 0 1 0 0 0 0 0 1 0 0 1 0 0 1 0 0 0 1 0 0 1 0 0 0 1 0 0 0 0 0 0 0 0 0 0 0
0 0 0 0 0 0 0 0 1 0 1 0 1 0 1 0 1 0 1 0 1 0 1 0 1 0 1 0 1 0 0 0 0 0 0 0 1 0 0 0 1 0 0 1 0 1 0 1 0 0 1 0 0 0 0 0 0 0 0 0 0
0 0 0 0 0 0 0 0 0 0 0 0 0 0 0 0 0 0 0 0 0 0 0 0 0 0 0 0 0 0 0 0 0 0 1 0 0 0 0 0 0 0 0 0 0 0 1 0 0 0 0 0 0 0 0 0 0 0 0 0 0
0 0 0 0 1 0 0 0 1 0 0 0 1 0 0 0 1 0 0 0 0 1 0 0 0 0 0 1 0 0 0 0 0 0 0 0 0 1 0 0 0 1 0 0 0 1 0 0 0 1 0 0 0 0 0 1 0 0 0 0 0
0 0 0 0 0 0 1 0 0 0 0 0 0 0 0 0 0 0 0 0 0 0 0 1 0 0 0 0 0 0 0 0 0 0 0 0 0 0 0 0 0 0 1 0 0 0 0 0 0 0 0 1 0 0 0 0 0 0 0 0 0
0 0 0 0 1 0 0 0 0 0 0 0 0 0 0 0 0 0 0 0 0 0 0 0 0 0 0 0 0 0 0 0 0 0 0 0 0 0 0 0 0 0 0 0 0 0 0 0 0 0 0 0 0 0 1 0 0 0 0 0 0
0 0 0 0 0 0 0 0 0 0 0 0 1 0 0 0 0 0 0 0 0 0 0 0 0 0 0 0 0 0 0 0 0 1 0 0 0 0 0 0 0 0 0 0 0 0 0 0 0 0 0 0 0 0 0 0 0 0 0 0 0
0 0 0 0 1 0 0 0 0 0 0 0 0 0 0 0 1 0 0 0 0 0 0 0 0 0 0 0 1 0 0 0 0 0 0 0 0 0 0 0 0 1 0 0 0 0 0 0 0 0 0 0 0 0 0 1 0 0 0 0 0
0 0 0 0 0 0 0 0 1 0 0 0 0 0 0 0 0 0 0 0 0 0 1 0 0 0 0 0 0 0 0 0 0 0 0 0 0 0 1 0 0 0 0 0 0 0 0 0 0 0 0 0 0 0 0 1 0 0 0 0 0
0 0 0 0 0 0 0 0 0 0 0 0 0 0 0 0 1 0 0 0 0 0 0 0 0 0 0 0 0 0 0 0 0 0 0 0 0 0 0 0 0 0 0 0 0 0 0 0 0 1 0 0 0 0 0 0 0 0 0 0 0
0 0 0 0 1 0 0 0 0 0 0 0 0 0 0 0 0 0 0 0 1 0 0 0 0 0 0 0 1 0 0 0 0 0 0 0 0 0 0 0 1 0 0 0 0 0 0 0 1 0 0 0 0 0 0 0 0 0 0 0 0
0 0 0 0 0 0 0 0 0 0 0 0 0 0 0 0 0 0 1 0 0 0 0 0 0 0 0 0 0 0 0 0 0 0 0 0 0 0 0 1 0 0 0 0 0 0 0 0 0 0 0 0 0 0 0 0 0 0 0 0 0
0 0 0 0 0 0 0 0 0 0 0 0 0 0 0 0 0 0 0 0 0 0 0 0 0 0 0 0 0 1 0 0 0 0 0 0 0 0 0 0 0 0 0 0 0 0 0 0 0 0 0 0 0 0 0 0 0 0 0 0 0
0 0 0 0 0 0 0 0 0 0 0 0 0 1 0 0 0 0 0 0 0 0 0 0 0 0 0 0 0 0 0 0 1 0 0 0 0 0 0 0 0 0 0 0 1 0 0 0 0 0 0 0 0 0 0 1 0 0 0 0 0
0 0 0 0 0 1 0 0 0 0 0 0 0 0 0 0 0 0 0 0 0 0 0 0 0 0 0 0 0 1 0 0 0 0 0 0 0 0 0 0 0 0 0 0 0 0 0 0 0 0 0 0 0 1 0 0 0 0 0 0 0
0 0 0 0 0 0 0 1 0 1 0 1 0 1 0 1 0 1 0 1 0 1 0 0 1 0 1 0 0 0 0 0 1 0 0 0 0 0 0 1 0 0 0 0 0 1 0 1 0 1 0 0 0 0 0 0 0 0 0 0 0
0 0 0 0 1 0 0 0 0 0 0 0 0 0 0 0 0 0 0 0 0 0 0 0 0 0 0 0 0 0 0 0 0 0 0 0 0 0 0 0 0 0 0 0 0 0 0 0 0 0 0 0 0 0 0 1 0 0 0 0 0
0 0 0 0 0 0 1 0 0 0 1 0 0 0 1 0 0 0 1 0 0 0 0 1 0 0 0 1 0 0 0 0 1 0 0 0 1 0 0 0 1 0 0 0 0 1 0 0 0 1 0 0 0 0 0 1 0 0 0 0 0
0 0 0 0 0 0 0 0 0 0 0 0 0 0 0 0 0 0 0 0 0 0 0 0 0 0 0 0 0 0 0 0 0 0 0 0 0 0 0 0 0 0 0 0 0 0 0 0 0 0 0 0 0 0 0 0 0 0 0 0 0
0 0 0 0 0 0 1 0 0 0 0 0 0 0 0 0 0 0 0 0 0 0 1 0 0 0 0 0 0 0 0 0 0 0 0 0 0 1 0 0 0 0 0 0 0 0 0 0 0 0 0 0 1 0 0 0 0 0 0 0 0
0 0 0 0 0 0 0 0 0 0 1 0 0 0 0 0 1 0 0 0 0 0 0 0 1 0 0 0 0 0 0 0 0 0 0 0 0 0 0 0 0 0 0 0 0 0 0 0 0 0 0 0 0 0 0 0 0 0 0 0 0
0 0 0 0 0 0 0 0 0 0 0 0 0 0 1 0 0 0 0 0 0 0 0 0 0 0 0 0 0 0 1 0 0 0 0 0 0 0 0 0 0 1 0 0 0 0 0 0 0 0 0 0 0 1 0 0 0 0 0 0 0
0 0 0 0 1 0 0 0 0 0 0 1 0 0 0 0 0 0 1 0 0 0 0 0 0 1 0 0 0 0 0 0 1 0 0 0 0 0 0 1 0 0 0 0 0 0 0 0 1 0 0 0 0 0 0 1 0 0 0 0 0
0 0 0 0 1 0 0 0 1 0 0 1 0 0 0 0 1 0 0 1 0 0 0 0 1 0 0 0 0 0 0 0 0 0 1 0 0 0 1 0 0 0 0 0 0 0 0 0 1 0 0 0 0 1 0 0 0 0 0 0 0
0 0 0 0 1 0 0 0 0 0 0 0 0 0 0 0 0 0 0 0 0 0 0 0 0 0 0 0 0 0 0 0 0 0 0 0 0 0 0 0 0 0 0 0 0 0 0 0 0 0 0 0 0 1 0 0 0 0 0 0 0
0 0 0 0 0 0 0 0 0 0 0 0 0 0 0 0 0 0 0 0 0 0 0 0 0 0 0 0 0 0 0 0 0 0 0 0 0 0 0 0 0 0 1 0 0 0 1 0 0 0 0 1 0 0 0 0 0 0 0 0 0
0 0 0 0 1 1 1 1 1 1 1 1 1 1 1 1 1 1 1 1 1 1 1 1 1 1 1 1 1 1 1 1 1 1 1 1 1 1 1 1 1 1 1 1 1 1 1 1 1 1 1 1 1 1 1 1 0 0 0 0 0
0 0 0 0 1 1 1 1 1 1 1 1 1 1 1 1 1 1 1 1 1 1 1 1 1 1 1 1 1 1 1 1 1 1 1 1 1 1 1 1 1 1 1 1 1 1 1 1 1 1 1 1 1 1 1 1 0 0 0 0 0
0 0 0 0 1 1 1 1 1 1 1 1 1 1 1 1 1 1 1 1 1 1 1 1 1 1 1 1 1 1 1 1 1 1 1 1 1 1 1 1 1 1 1 1 1 1 1 1 1 1 1 1 1 1 1 1 0 0 0 0 0
0 0 0 0 1 1 1 1 1 0 1 1 1 0 0 0 0 0 0 0 0 0 0 0 1 0 0 1 1 0 0 0 0 0 0 0 1 0 0 0 0 0 0 1 0 1 0 0 0 0 0 1 0 0 0 1 0 0 0 0 0
0 0 0 0 1 1 1 1 1 1 1 1 1 1 1 1 1 1 1 1 1 1 1 1 1 1 1 1 1 1 1 1 1 1 1 1 1 1 1 1 1 1 1 1 1 1 1 1 1 1 1 1 1 1 1 1 0 0 0 0 0
0 0 0 0 1 0 1 0 1 0 1 1 0 0 0 0 1 0 0 0 0 0 0 0 0 0 1 1 0 1 0 0 0 0 0 0 0 0 0 0 0 0 0 0 0 0 0 0 0 0 0 0 0 0 0 0 0 0 0 0 0
0 0 0 0 0 0 0 0 0 0 0 0 0 0 0 0 0 0 0 0 0 0 0 0 0 0 0 0 0 0 0 0 0 0 0 0 0 0 0 0 1 0 0 0 0 0 0 0 0 0 0 0 1 0 0 0 0 0 0 0 0
0 0 0 0 0 0 0 0 0 0 0 0 0 0 0 0 0 0 0 0 0 0 0 0 0 0 0 0 0 0 0 0 0 0 0 0 0 0 0 0 0 0 0 0 0 0 0 0 0 0 0 0 0 0 0 0 0 0 0 0 0

y
0.0 0.3636363636363633 0.0 0.0 0.0 7.363636363636363 0.0 0.0 0.0 19.178571428571427 0.0 0.0 28.363636363636363 2.9000000000000004 12.5 0.0 0.8000000000000007 0.0 0.0 0.0 0.0 0.0 0.0 0.33333333333333304 0.8000000000000007 0.0 0.0 0.0 1.4500000000000002 0.0 0.0 0.0 0.5048543689320388 0.0 0.0 11.0 0.0

k
0 5 0 0 0 10 1 0 0 27 0 0 10 6 5 0 2 0 10 0 0 6 0 7 2 0 0 0 18 0 0 0 88 0 43 50 6

f
0.0 33.25 1.75 29.75 0.0 0.0 0.0 0.0 0.0 0.0 0.0 0.0 0.0 0.0 0.0 0.0 0.0 0.0 0.0 0.0 0.0 5.25 0.0 0.0 0.0 0.0 0.0 0.0 0.0 0.0 0.0 0.0 0.0 0.0 0.0 0.0 0.0 0.0 0.0 0.0 0.0 0.0 0.0 0.0 0.0 0.0 0.0 5.25 0.0 1.75 1.75 19.25 0.0 0.0 0.0 0.0 0.0 0.0 0.0 0.0 0.0
0.0 0.0 0.0 0.0 0.0 0.0 0.0 0.0 0.0 0.0 0.0 0.0 0.0 0.0 0.0 0.0 0.0 0.0 0.0 0.0 0.0 0.0 0.0 0.0 0.0 0.0 0.0 0.0 0.0 0.0 0.0 0.0 0.0 0.0 0.0 0.0 0.0 0.0 0.0 0.0 0.0 0.0 0.0 0.0 0.0 0.0 0.0 0.0 0.0 0.0 0.0 0.0 0.0 0.0 0.0 0.0 0.0 0.0 0.0 0.0 0.0
0.0 0.0 0.0 0.0 0.0 0.0 0.0 0.0 0.0 0.0 0.0 0.0 0.0 0.0 0.0 0.0 0.0 0.0 0.0 0.0 0.0 0.0 0.0 0.0 0.0 0.0 0.0 0.0 0.0 0.0 0.0 0.0 0.0 0.0 0.0 0.0 0.0 0.0 0.0 0.0 0.0 0.0 0.0 0.0 0.0 0.0 0.0 0.0 0.0 0.0 0.0 0.0 0.0 0.0 0.0 0.0 0.0 0.0 0.0 0.0 0.0
0.0 0.0 0.0 9.25 0.0 0.0 0.0 0.0 0.0 0.0 13.75 1.25 0.0 0.0 0.0 0.0 0.0 2.75 0.0 3.25 0.0 8.75 0.0 0.0 0.25 0.0 0.75 4.75 0.0 0.0 0.0 1.75 0.0 0.0 0.75 0.0 1.25 2.75 10.75 0.0 0.0 0.75 0.0 0.75 3.75 0.25 0.0 0.75 0.0 21.25 0.0 10.25 0.0 0.0 0.0 0.0 0.0 0.0 0.0 0.0 0.0

L
2 5 2 3 2 12 4 9 50 21 12 14 33 8 21 0 11 24 2 51 4 0 15 6 11 7 3 49 4 1 1 1 1 1 1 12 0

g
0 0 0 0 0 0 0 0 0 0 0 0 0 0 0 0 0 0 0 0 0 0 0 0 0 0 0 0 0 0 0 0 0 0 0 0 0 0 0 0 0 0 0 0 0 0 0 0 0 0 0 0 0 0 0 0 0 0 0 0 0
0 0 0 0 0 0 0 0 0 0 0 0 0 0 0 0 0 0 0 0 0 0 0 0 0 0 0 0 0 0 0 0 0 0 0 0 0 0 0 0 0 0 0 0 0 0 0 0 0 0 0 0 0 0 0 0 0 0 0 0 0
0 0 0 0 0 0 0 0 0 0 0 0 0 0 0 0 0 0 0 0 0 0 0 0 0 0 0 0 0 0 0 0 0 0 0 0 0 0 0 0 0 0 0 0 0 0 0 0 0 0 0 0 0 0 0 0 0 0 0 0 0
0 0 0 0 0 0 0 0 0 0 0 0 0 0 0 0 0 0 0 0 0 0 0 0 0 0 0 0 0 0 0 0 0 0 0 0 0 0 0 0 0 0 0 0 0 0 0 0 0 0 0 0 0 0 0 0 0 0 0 0 0
0 0 0 0 0 0 0 0 0 0 0 0 0 0 0 0 0 0 0 0 0 0 0 0 0 0 0 0 0 0 0 0 0 0 0 0 0 0 0 0 0 0 0 0 0 0 0 0 0 0 0 0 0 0 0 0 0 0 0 0 0
0 0 0 0 0 0 0 0 0 0 0 0 0 0 0 0 0 0 0 0 0 0 0 0 0 0 0 0 0 0 0 0 0 0 0 0 0 0 0 0 0 0 0 0 0 0 0 0 0 0 0 0 0 0 0 0 0 0 0 0 0
0 0 0 0 0 0 0 0 0 0 0 0 0 0 0 0 0 0 0 0 0 0 0 0 0 0 0 0 0 0 0 0 0 0 0 0 0 0 0 0 0 0 0 0 0 0 0 0 0 0 0 0 0 0 0 0 0 0 0 0 0
0 0 0 0 0 0 0 0 0 0 0 0 0 0 0 0 0 0 0 0 0 0 0 0 0 0 0 0 0 0 0 0 0 0 0 0 0 0 0 0 0 0 0 0 0 0 0 0 0 0 0 0 0 0 0 0 0 0 0 0 0
0 0 0 0 0 0 0 0 0 0 0 0 0 0 0 0 0 0 0 0 0 0 0 0 0 0 0 0 0 0 0 0 0 0 0 0 0 0 0 0 0 0 0 0 0 0 0 0 0 0 0 0 0 0 0 0 0 0 0 0 0
0 0 0 0 0 0 0 0 0 0 0 0 0 0 0 0 0 0 0 0 0 0 0 0 0 0 0 0 0 0 0 0 0 0 0 0 0 0 0 0 0 0 0 0 0 0 0 0 0 0 0 0 0 0 0 0 0 0 0 0 0
0 0 0 0 0 0 0 0 0 0 0 0 0 0 0 0 0 0 0 0 0 0 0 0 0 0 0 0 0 0 0 0 0 0 0 0 0 0 0 0 0 0 0 0 0 0 0 0 0 0 0 0 0 0 0 0 0 0 0 0 0
0 0 0 0 0 0 0 0 0 0 0 0 0 0 0 0 0 0 0 0 0 0 0 0 0 0 0 0 0 0 0 0 0 0 0 0 0 0 0 0 0 0 0 0 0 0 0 0 0 0 0 0 0 0 0 0 0 0 0 0 0
0 0 0 0 0 0 0 0 0 0 0 0 0 0 0 0 0 0 0 0 0 0 0 0 0 0 0 0 0 0 0 0 0 0 0 0 0 0 0 0 0 0 0 0 0 0 0 0 0 0 0 0 0 0 0 0 0 0 0 0 0
0 0 0 0 0 0 0 0 0 0 0 0 0 0 0 0 0 0 0 0 0 0 0 0 0 0 0 0 0 0 0 0 0 0 0 0 0 0 0 0 0 0 0 0 0 0 0 0 0 0 0 0 0 0 0 0 0 0 0 0 0
0 0 0 0 0 0 0 0 0 0 0 0 0 0 0 0 0 0 0 0 0 0 0 0 0 0 0 0 0 0 0 0 0 0 0 0 0 0 0 0 0 0 0 0 0 0 0 0 0 0 0 0 0 0 0 0 0 0 0 0 0
0 0 0 0 0 0 0 0 0 0 0 0 0 0 0 0 0 0 0 0 0 0 0 0 0 0 0 0 0 0 0 0 0 0 0 0 0 0 0 0 0 0 0 0 0 0 0 0 0 0 0 0 0 0 0 0 0 0 0 0 0
0 0 0 0 0 0 0 0 0 0 0 0 0 0 0 0 0 0 0 0 0 0 0 0 0 0 0 0 0 0 0 0 0 0 0 0 0 0 0 0 0 0 0 0 0 0 0 0 0 0 0 0 0 0 0 0 0 0 0 0 0
0 0 0 0 0 0 0 0 0 0 0 0 0 0 0 0 0 0 0 0 0 0 0 0 0 0 0 0 0 0 0 0 0 0 0 0 0 0 0 0 0 0 0 0 0 0 0 0 0 0 0 0 0 0 0 0 0 0 0 0 0
0 0 0 0 0 0 0 0 0 0 0 0 0 0 0 0 0 0 0 0 0 0 0 0 0 0 0 0 0 0 0 0 0 0 0 0 0 0 0 0 0 0 0 0 0 0 0 0 0 0 0 0 0 0 0 0 0 0 0 0 0
0 0 0 0 0 0 0 0 0 0 0 0 0 0 0 0 0 0 0 0 0 0 0 0 0 0 0 0 0 0 0 0 0 0 0 0 0 0 0 0 0 0 0 0 0 0 0 0 0 0 0 0 0 0 0 0 0 0 0 0 0
0 0 0 0 0 0 0 0 0 0 0 0 0 0 0 0 0 0 0 0 0 0 0 0 0 0 0 0 0 0 0 0 0 0 0 0 0 0 0 0 0 0 0 0 0 0 0 0 0 0 0 0 0 0 0 0 0 0 0 0 0
0 0 0 0 0 0 0 0 0 0 0 0 0 0 0 0 0 0 0 0 0 0 0 0 0 0 0 0 0 0 0 0 0 0 0 0 0 0 0 0 0 0 0 0 0 0 0 0 0 0 0 0 0 0 0 0 0 0 0 0 0
0 0 0 0 0 0 0 0 0 0 0 0 0 0 0 0 0 0 0 0 0 0 0 0 0 0 0 0 0 0 0 0 0 0 0 0 0 0 0 0 0 0 0 0 0 0 0 0 0 0 0 0 0 0 0 0 0 0 0 0 0
0 0 0 0 0 0 0 0 0 0 0 0 0 0 0 0 0 0 0 0 0 0 0 0 0 0 0 0 0 0 0 0 0 0 0 0 0 0 0 0 0 0 0 0 0 0 0 0 0 0 0 0 0 0 0 0 0 0 0 0 0
0 0 0 0 0 0 0 0 0 0 0 0 0 0 0 0 0 0 0 0 0 0 0 0 0 0 0 0 0 0 0 0 0 0 0 0 0 0 0 0 0 0 0 0 0 0 0 0 0 0 0 0 0 0 0 0 0 0 0 0 0
0 0 0 0 0 0 0 0 0 0 0 0 0 0 0 0 0 0 0 0 0 0 0 0 0 0 0 0 0 0 0 0 0 0 0 0 0 0 0 0 0 0 0 0 0 0 0 0 0 0 0 0 0 0 0 0 0 0 0 0 0
0 0 0 0 0 0 0 0 0 0 0 0 0 0 0 0 0 0 0 0 0 0 0 0 0 0 0 0 0 0 0 0 0 0 0 0 0 0 0 0 0 0 0 0 0 0 0 0 0 0 0 0 0 0 0 0 0 0 0 0 0
0 0 0 0 0 0 0 0 0 0 0 0 0 0 0 0 0 0 0 0 0 0 0 0 0 0 0 0 0 0 0 0 0 0 0 0 0 0 0 0 0 0 0 0 0 0 0 0 0 0 0 0 0 0 0 0 0 0 0 0 0
0 0 0 0 0 0 0 0 0 0 0 0 0 0 0 0 0 0 0 0 0 0 0 0 0 0 0 0 0 0 0 0 0 0 0 0 0 0 0 0 0 0 0 0 0 0 0 0 0 0 0 0 0 0 0 0 0 0 0 0 0
0 0 0 0 0 0 0 0 0 0 0 0 0 0 0 0 0 0 0 0 0 0 0 0 0 0 0 0 0 0 0 0 0 0 0 0 0 0 0 0 0 0 0 0 0 0 0 0 0 0 0 0 0 0 0 0 0 0 0 0 0
0 0 0 0 0 0 0 0 0 0 0 0 0 0 0 0 0 0 0 0 0 0 0 0 0 0 0 0 0 0 0 0 0 0 0 0 0 0 0 0 0 0 0 0 0 0 0 0 0 0 0 0 0 0 0 0 0 0 0 0 0
0 0 0 0 0 0 0 0 0 0 0 0 0 0 0 0 0 0 0 0 0 0 0 0 0 0 0 0 0 0 0 0 0 0 0 0 0 0 0 0 0 0 0 0 0 0 0 0 0 0 0 0 0 0 0 0 0 0 0 0 0
0 0 0 0 0 0 0 0 0 0 0 0 0 0 0 0 0 0 0 0 0 0 0 0 0 0 0 0 0 0 0 0 0 0 0 0 0 0 0 0 0 0 0 0 0 0 0 0 0 0 0 0 0 0 0 0 0 0 0 0 0
0 0 0 0 0 0 0 0 0 0 0 0 0 0 0 0 0 0 0 0 0 0 0 0 0 0 0 0 0 0 0 0 0 0 0 0 0 0 0 0 0 0 0 0 0 0 0 0 0 0 0 0 0 0 0 0 0 0 0 0 0
0 0 0 0 0 0 0 0 0 0 0 0 0 0 0 0 0 0 0 0 0 0 0 0 0 0 0 0 0 0 0 0 0 0 0 0 0 0 0 0 0 0 0 0 0 0 0 0 0 0 0 0 0 0 0 0 0 0 0 0 0
0 0 0 0 0 0 0 0 0 0 0 0 0 0 0 0 0 0 0 0 0 0 0 0 0 0 0 0 0 0 0 0 0 0 0 0 0 0 0 0 0 0 0 0 0 0 0 0 0 0 0 0 0 0 0 0 0 0 0 0 0
0 0 0 0 0 0 0 0 0 0 0 0 0 0 0 0 0 0 0 0 0 0 0 0 0 0 0 0 0 0 0 0 0 0 0 0 0 0 0 0 0 0 0 0 0 0 0 0 0 0 0 0 0 0 0 0 0 0 0 0 0

I cap
1058.909090909091 1058.909090909091 1039.5290909090909 1022.999090909091 696.448 848.6129999999999 951.1429999999998 1144.5099999999998 525.8629999999999 726.4499999999999 405.0879999999999 545.0559999999999 419.0530000000001 466.29200000000003 809.518 810.5220909090909 553.927090909091 600.7240909090909 491.626090909091 524.762090909091 445.646090909091 601.408090909091 703.932090909091 640.0350909090909 600.952090909091 416.804090909091 336.0540909090909 519.822090909091 576.404090909091 677.9400909090909 665.2290909090909 724.1480909090909 547.3340909090911 604.9420909090911 25.54399999999997 167.02800000000002 261.858 404.253 381.408 612.4289999999999 566.9850000000001 560.2230000000001 491.27700000000016 622.263 694.807 218.47799999999995 616.097 655.903 461.933 314.4660000000002 421.2800000000001 673.6270000000001 871.2629999999999 787.151 1005.0380000000001 914.3299999999997 790.1160909090911 826.3870909090911 980.477090909091 1058.909090909091 1058.909090909091
107.96969696969697 107.96969696969697 107.96969696969697 96.94969696969697 1.862000000000016 38.08700000000001 36.15700000000001 67.89000000000001 13.036999999999999 57.949999999999996 64.21200000000002 93.844 56.197 32.10800000000002 115.732 97.95669696969696 39.15169696969697 24.65469696969698 39.70269696969698 83.51669696969697 85.68269696969698 51.520696969696964 15.49669696969697 16.693696969696973 32.97669696969697 47.07469696969698 34.72469696969698 78.95669696969696 57.52469696969698 64.28869696969697 65.59969696969698 99.78069696969698 76.14469696969698 66.98669696969698 29.35600000000001 54.67200000000001 69.492 62.747 3.5920000000000054 48.42100000000001 44.26500000000001 22.627000000000002 3.3230000000000084 40.23700000000001 63.49299999999999 17.97200000000001 76.853 93.24700000000001 90.01700000000001 15.784000000000013 27.070000000000007 31.573000000000008 50.937000000000005 37.218999999999994 25.381999999999998 5.980000000000025 38.56269696969699 41.241696969696974 104.70169696969697 107.96969696969697 107.96969696969697
38.96666666666666 38.96666666666666 15.279999999999994 15.279999999999994 16.73208333333333 29.958750000000002 15.325416666666667 5.875416666666671 19.316666666666677 25.900000000000006 10.216666666666667 2.1666666666666723 3.9166666666666687 23.1 10.91666666666667 11.733333333333334 18.383333333333333 25.666666666666664 18.383333333333333 11.733333333333334 18.383333333333333 25.666666666666664 32.31666666666666 18.383333333333333 18.383333333333333 18.383333333333333 25.666666666666664 18.383333333333333 6.342083333333333 12.992083333333332 26.925416666666663 26.925416666666663 18.383333333333333 18.383333333333333 3.2166666666666703 18.9 4.2666666666666675 9.16666666666667 13.366666666666665 24.15 17.21666666666667 19.316666666666677 32.966666666666676 46.2 43.400000000000006 20.71666666666667 24.91666666666667 23.866666666666667 38.15 18.966666666666676 28.41666666666667 28.41666666666667 40.45875 13.272083333333335 15.372083333333329 11.198750000000002 25.03333333333333 25.03333333333333 38.96666666666666 38.96666666666666 38.96666666666666
45.24545454545453 45.24545454545453 45.24545454545453 37.59795454545453 15.816500000000001 26.65799999999999 26.524999999999995 32.10199999999999 22.011999999999993 23.42499999999999 21.34749999999999 20.2755 13.907000000000004 10.110000000000001 19.8215 29.836454545454533 28.135954545454528 25.152954545454527 27.527954545454524 27.41395454545452 27.20495454545453 25.96045454545453 26.06495454545452 23.442954545454533 24.877454545454523 25.209954545454522 22.644954545454524 28.230954545454527 26.17895454545453 28.75345454545452 28.762954545454523 32.06895454545452 29.370954545454527 28.80095454545452 21.451499999999996 14.771999999999995 17.137499999999992 17.992499999999996 20.925999999999995 38.0925 26.5785 35.59849999999999 36.553 31.34249999999999 30.487499999999986 24.796999999999997 25.175999999999988 26.20199999999999 28.567499999999985 30.88099999999999 35.64149999999999 37.75999999999999 41.61749999999999 38.966499999999996 30.360999999999994 36.83999999999999 41.71145454545453 43.506954545454526 44.64695454545453 45.24545454545453 45.24545454545453
20.999999999999993 20.999999999999993 20.999999999999993 20.382499999999993 7.850500000000004 16.371 11.288 12.821 6.847999999999998 6.429999999999998 8.638000000000003 11.639999999999995 9.287 9.667500000000006 10.885500000000004 9.039499999999993 8.592999999999993 6.958999999999996 9.039499999999993 8.393499999999992 8.972999999999995 8.374499999999996 7.167999999999992 5.068499999999996 7.338999999999998 8.174999999999994 5.951999999999997 8.127499999999992 6.227499999999996 8.193999999999992 8.839999999999995 11.319499999999993 9.039499999999995 10.179499999999992 8.678500000000001 8.685500000000001 6.8195000000000014 5.185499999999999 4.786499999999997 6.683000000000002 4.430500000000004 11.1865 7.835999999999998 11.240999999999994 7.728499999999999 2.7060000000000013 6.277999999999998 8.865500000000003 13.5115 7.1995000000000005 7.474999999999998 7.557500000000001 7.741 8.402499999999998 9.887999999999998 10.258499999999998 14.349999999999993 17.494499999999995 20.800499999999992 20.999999999999993 20.999999999999993
345.75757575757575 345.75757575757575 345.75757575757575 314.4634581105169 189.1079411764706 194.25950000000003 222.25949999999997 216.15550000000002 220.17899999999997 208.4275 179.14350000000002 200.44249999999994 197.661 158.11250000000004 176.517 219.1225757575757 223.41657575757569 207.37107575757577 210.37307575757575 227.89107575757563 221.17457575757572 223.2265757575758 254.4435757575757 248.17357575757566 240.43107575757566 229.9240757575757 224.94607575757576 249.38957575757573 208.9100757575757 205.8985757575757 212.76707575757572 235.50057575757572 227.34007575757576 167.95557575757573 77.02100000000002 169.15100000000004 190.39000000000004 212.92099999999994 208.90099999999998 209.70850000000002 206.51 303.4599999999999 242.02649999999997 200.02049999999997 260.86499999999995 180.482 203.19349999999991 206.22100000000003 321.1429999999999 295.15099999999995 267.83349999999996 251.51549999999995 232.05799999999996 326.4439999999999 327.25949999999995 290.7326176470588 256.6956345811052 304.8695757575757 341.96707575757574 345.75757575757575 345.75757575757575
779.7575757575758 779.7575757575758 779.7575757575758 681.8600757575757 426.9095 568.92 672.381 664.7900000000001 734.0935000000001 677.3925 532.2065000000001 649.5555 704.225 698.5535000000001 802.667 680.1880757575758 654.2910757575758 612.3105757575757 644.9145757575758 643.7555757575758 648.4770757575758 638.9485757575758 650.4815757575758 539.3505757575759 566.3020757575758 633.5145757575758 522.0510757575759 540.1485757575758 557.8185757575759 649.1325757575758 641.8555757575758 710.5120757575758 674.6305757575759 678.1930757575759 486.83500000000004 461.04550000000006 591.2375 687.2845000000001 596.527 589.2950000000001 626.801 738.479 572.4810000000001 517.7855000000001 507.5095000000001 399.76200000000017 518.311 534.0780000000001 641.976 534.8015 525.6695000000001 547.7425000000001 614.7855000000001 694.3215 613.2565 508.703 683.5795757575759 722.8430757575758 765.5930757575758 779.7575757575758 779.7575757575758
80.73333333333335 80.73333333333335 80.73333333333335 77.78833333333334 58.26733333333334 78.79549999999999 72.57149999999999 79.42549999999997 73.29449999999997 78.55549999999997 68.35349999999998 79.91349999999998 86.68899999999998 85.07699999999998 81.72149999999998 70.24533333333333 70.35933333333332 69.13383333333334 70.24533333333333 69.76083333333332 70.04583333333333 69.24783333333333 66.14133333333332 64.65933333333334 66.91083333333331 68.64933333333333 67.01533333333334 68.96283333333332 67.53783333333334 69.16233333333332 69.64683333333333 71.35683333333333 69.64683333333333 69.81783333333333 34.05950000000001 55.483999999999995 65.10949999999998 62.382500000000014 60.796 67.85849999999999 68.26999999999997 73.12199999999999 71.9855 76.91399999999997 78.32999999999998 77.4725 72.18899999999998 69.094 66.80349999999997 63.095000000000006 64.216 59.90199999999998 58.014 55.645 54.95150000000001 52.037499999999994 72.956 78.08283333333334 80.13483333333335 80.73333333333335 80.73333333333335
10.775757575757575 10.775757575757575 10.775757575757575 10.775757575757575 2.082500000000001 1.5825000000000014 0.21750000000000025 5.442499999999999 3.482500000000001 0.9775000000000005 2.200000000000001 2.5200000000000005 3.2800000000000007 0.024500000000000854 0.39850000000000074 4.220757575757577 1.5227575757575758 0.10725757575757644 1.7222575757575758 3.8502575757575768 2.0547575757575767 1.494257575757576 9.293757575757574 9.493257575757575 6.3012575757575755 4.505757575757576 1.7887575757575762 4.591257575757575 2.795757575757576 1.085757575757576 1.931257575757576 7.070757575757575 6.272757575757574 0.2022575757575762 0.04950000000000143 1.2430000000000005 1.0275000000000012 4.4670000000000005 1.4869999999999997 0.746500000000001 1.4940000000000007 5.354000000000002 2.4510000000000005 0.32000000000000073 9.1995 1.8240000000000016 2.0995000000000017 0.8330000000000013 10.307500000000001 5.857999999999999 5.857999999999999 6.8875 0.33250000000000135 8.622499999999999 5.7375 2.6214999999999993 0.6867575757575768 4.705257575757576 10.775757575757575 10.775757575757575 10.775757575757575
2.545454545454545 2.545454545454545 2.545454545454545 1.690454545454545 1.432 0.0035000000000000586 1.5174999999999996 0.7035000000000001 0.46299999999999975 0.019500000000000184 0.121 0.20300000000000007 0.0035000000000000586 0.1050000000000002 0.7890000000000001 1.462454545454545 1.0064545454545448 1.1204545454545451 0.8924545454545451 0.7499545454545451 1.034954545454545 1.262954545454545 0.521954545454545 0.6644545454545451 0.06595454545454538 0.4364545454545451 0.6644545454545451 0.6644545454545451 1.148954545454545 1.348454545454545 0.15145454545454506 0.4364545454545451 0.6644545454545451 0.06595454545454515 0.8050000000000003 0.2064999999999999 0.6909999999999998 1.0170000000000001 0.7764999999999999 0.716 0.21599999999999975 0.20000000000000018 1.0045000000000002 0.08900000000000008 0.8175000000000002 0.9189999999999997 0.9030000000000001 1.6065000000000003 0.691 0.06399999999999995 0.8940000000000002 0.9474999999999999 0.3014999999999999 0.24800000000000033 0.8335 0.26349999999999973 0.37945454545454527 1.262954545454545 1.946954545454545 2.545454545454545 2.545454545454545
8.515433299825174 8.515433299825174 8.515433299825174 7.843019506721726 4.531231347701149 5.439670017241379 5.172730793103448 6.491876724137931 8.277468801724137 6.6841849224137935 7.226672077586207 6.627100008620691 6.5185386293103456 5.921912594827585 5.845366293103448 6.400058793103447 5.616968801724139 5.732579318965518 4.649957939655174 5.9312045775862074 4.835360134012539 5.937091905172414 6.008638275862069 5.520233620689655 5.303944778735634 5.498446043103447 3.4919375948275877 5.15953103448276 6.148722241379312 6.375948965517241 7.827813620689655 7.5360112068965535 5.747293103448277 4.819335373563218 9.250719721264371 9.873829491379311 4.46023328448276 5.933481379310345 5.352410698275863 6.148187594827586 5.421511905172414 5.188499310344827 4.4592515517241385 4.068104137931035 4.454926206896552 3.9662339655172425 3.652276896551724 4.474291896551724 5.081270870689655 4.164188801724139 5.422288629310344 4.724646551724138 6.124236206896553 7.598968637931035 8.223551224137932 5.791040887931034 6.60451375959529 7.368881575687244 8.515433299825174 8.515433299825174 8.187847092928623
700.0 700.0 699.05 698.1 683.8499999999998 686.6999999999998 680.9999999999998 690.5 683.8499999999998 686.6999999999998 684.7999999999998 683.8499999999998 683.8499999999998 684.7999999999997 681.9499999999998 686.6999999999998 680.0499999999997 686.6999999999997 680.0499999999998 685.7499999999998 684.7999999999998 683.8499999999997 681.9499999999997 685.75 680.9999999999998 683.8499999999998 682.8999999999997 684.7999999999998 686.6999999999997 686.6999999999999 685.7499999999998 690.5 681.9499999999999 682.8999999999999 682.9 688.5999999999999 688.5999999999999 684.7999999999998 683.8499999999998 684.8 686.6999999999998 682.8999999999997 681.9499999999998 682.8999999999997 688.5999999999999 681.9499999999998 684.7999999999998 689.5499999999996 686.6999999999999 678.1499999999997 680.9999999999997 682.9 688.5999999999999 681.9499999999999 681.9499999999998 676.2499999999998 688.5999999999998 691.4499999999999 698.1 700.0 697.15

H cap
1.75 -33.25 -1.75 -29.75 8.75 8.75 26.25 50.75 8.75 15.75 33.25 43.75 50.75 50.75 26.25 19.25 5.25 1.75 43.75 1.75 8.75 -5.25 1.75 15.75 26.25 29.75 50.75 33.25 1.75 26.25 15.75 5.25 1.75 19.25 36.75 29.75 47.25 78.75 26.25 1.75 12.25 5.25 22.75 12.25 5.25 36.75 15.75 -5.25 33.25 -1.75 -1.75 -19.25 15.75 131.25 131.25 131.25 131.25 131.25 131.25 131.25 131.25
17.0 2.0 14.5 9.5 3.0 6.0 13.0 6.5 0.0 4.0 16.0 21.0 9.0 9.0 16.5 16.0 10.5 9.0 20.0 17.0 13.0 12.5 10.5 5.5 1.0 8.0 22.5 20.5 13.0 11.0 13.5 13.5 10.5 16.0 16.5 16.0 13.5 14.5 12.0 5.5 8.0 6.5 9.5 14.5 10.5 8.0 9.5 6.0 12.5 22.5 22.5 6.5 21.5 52.5 52.5 52.5 52.5 52.5 52.5 52.5 52.5
42.0 38.5 52.5 49.0 45.5 45.5 45.5 38.5 38.5 42.0 45.5 49.0 38.5 38.5 42.0 42.0 45.5 45.5 49.0 49.0 42.0 38.5 38.5 45.5 49.0 45.5 56.0 56.0 42.0 42.0 52.5 49.0 45.5 49.0 49.0 45.5 49.0 56.0 49.0 42.0 45.5 42.0 45.5 49.0 42.0 42.0 42.0 45.5 52.5 52.5 52.5 42.0 45.5 63.0 63.0 63.0 63.0 63.0 63.0 63.0 63.0
12.25 0.25 11.25 -9.25 4.25 5.75 4.75 0.25 0.25 3.75 -13.75 -1.25 1.25 7.25 4.25 0.75 0.75 -2.75 7.75 -3.25 2.75 -8.75 7.25 14.75 -0.25 0.75 -0.75 -4.75 0.75 1.25 4.75 -1.75 11.25 5.75 -0.75 2.25 -1.25 -2.75 -10.75 6.75 0.75 -0.75 0.25 -0.75 -3.75 -0.25 6.75 -0.75 1.75 -21.25 6.25 -10.25 1.75 78.75 78.75 78.75 78.75 78.75 78.75 78.75 78.75

Gap
0.20404816741017887

Time
3120.0565259456635

