T P M C
61 37 4 12

base obj
11.942720555306762

exp obj
10.604099240009482

Objective struct
11.942720555306762 0.0 6.588235294117647

num campaigns
400

x
0 0 0 0 0 0 0 0 1 0 0 0 0 0 1 0 1 0 0 1 0 0 0 0 0 1 0 0 0 1 0 1 0 0 1 0 0 1 0 0 0 0 0 0 1 0 0 1 0 1 0 0 0 0 0 1 0 0 0 0 0
0 0 0 0 0 0 0 0 0 0 0 0 0 0 0 0 0 0 0 0 0 0 0 0 0 0 0 0 0 0 0 0 0 0 0 0 1 0 0 0 0 0 0 0 0 1 0 0 0 0 0 0 0 0 0 0 0 0 0 0 0
0 0 0 0 0 0 0 0 0 0 0 0 1 0 0 0 1 0 0 0 0 1 0 0 0 0 1 0 0 0 1 0 0 1 0 0 1 0 0 0 0 0 0 1 0 0 0 1 0 0 1 0 0 0 0 0 0 0 0 0 0
0 0 0 0 0 0 0 1 0 0 1 0 0 1 0 0 0 1 0 0 0 0 0 0 1 0 0 1 0 0 0 0 0 1 0 0 0 0 0 0 1 0 0 0 1 0 0 1 0 0 0 1 0 0 0 0 0 0 0 0 0
0 0 0 0 0 0 1 0 1 0 1 0 1 0 1 0 0 0 0 0 1 0 1 0 0 0 0 1 0 0 1 0 1 0 0 0 1 0 1 0 0 0 1 0 1 0 1 0 1 0 0 1 0 0 0 0 0 0 0 0 0
0 0 0 0 0 0 0 0 0 0 0 0 1 0 0 0 0 0 0 0 0 0 0 0 0 0 0 0 0 0 0 0 0 0 0 0 0 0 0 0 0 0 1 0 0 0 0 0 0 0 0 0 0 0 0 0 0 0 0 0 0
0 0 0 0 1 0 0 0 0 0 0 1 0 0 1 0 0 1 0 0 0 0 1 0 0 1 0 0 1 0 0 0 0 0 0 0 0 1 0 0 0 0 1 0 0 1 0 0 0 0 1 0 0 1 0 0 0 0 0 0 0
0 0 0 0 1 0 0 0 0 0 0 0 0 0 0 0 0 0 1 0 0 0 0 0 0 0 0 0 0 0 0 0 0 0 1 0 0 0 0 0 0 0 0 0 0 0 0 0 0 0 0 1 0 0 0 0 0 0 0 0 0
0 0 0 0 0 0 0 0 1 0 0 0 0 0 0 0 0 0 0 0 0 0 0 0 0 0 0 0 0 0 0 0 0 0 0 0 0 0 0 0 0 0 0 0 0 0 0 0 0 0 0 0 0 0 1 0 0 0 0 0 0
0 0 0 0 0 0 0 0 0 0 0 0 0 0 0 0 0 0 0 0 0 0 0 0 1 0 0 1 0 0 0 0 0 0 0 1 0 0 0 0 0 0 0 0 0 0 0 0 0 0 0 0 0 0 0 0 0 0 0 0 0
0 0 0 0 0 0 1 0 0 0 0 0 0 0 0 0 0 0 1 0 0 0 0 0 0 0 0 0 0 0 1 0 0 0 0 0 0 0 0 0 0 0 0 1 0 0 0 0 0 0 0 0 0 0 0 1 0 0 0 0 0
0 0 0 0 1 0 0 0 0 0 0 0 0 0 0 0 0 0 0 0 0 1 0 0 0 0 0 0 0 0 0 0 0 0 0 0 0 0 1 0 0 0 0 0 0 0 0 0 0 0 0 0 0 0 0 1 0 0 0 0 0
0 0 0 0 0 0 0 0 0 0 0 0 0 0 0 0 0 0 0 0 0 0 0 0 0 1 0 0 0 0 0 0 0 0 0 0 0 0 0 0 1 0 0 0 0 0 0 0 0 0 0 0 0 0 0 0 0 0 0 0 0
0 0 0 0 1 0 0 0 0 0 0 0 0 0 0 0 0 0 1 0 0 0 0 0 0 0 0 0 0 0 1 0 0 0 0 0 0 1 0 0 0 0 0 0 0 0 0 0 0 1 0 0 0 0 0 0 0 0 0 0 0
0 0 0 0 0 0 0 0 0 0 0 0 0 0 0 0 0 0 0 0 1 0 0 0 0 0 0 0 0 0 0 0 1 0 0 0 0 0 0 0 0 0 0 0 0 0 0 0 0 0 0 0 0 0 0 0 0 0 0 0 0
0 0 0 0 0 0 0 0 0 0 0 0 1 0 0 0 0 0 0 0 0 0 0 0 0 0 0 0 0 0 0 0 0 0 0 0 0 0 0 0 0 0 0 0 0 0 0 0 0 0 0 0 0 0 0 0 0 0 0 0 0
0 0 0 0 0 0 0 0 0 0 0 0 0 0 1 0 0 0 0 0 0 0 0 0 0 0 1 0 0 0 0 0 0 0 0 0 0 0 0 0 0 1 0 0 0 0 0 0 0 0 0 0 1 0 0 0 0 0 0 0 0
0 0 0 0 0 0 1 0 0 0 0 0 0 0 0 0 0 0 0 0 0 0 0 0 0 0 0 0 0 0 1 0 0 0 0 0 0 0 0 0 0 0 0 0 0 0 0 0 0 0 0 0 0 0 1 0 0 0 0 0 0
0 0 0 0 0 0 0 0 0 1 0 0 1 0 0 1 0 0 1 0 0 1 0 0 1 0 0 1 0 0 0 1 0 0 0 0 1 0 0 0 1 0 0 1 0 0 1 0 0 1 0 0 1 0 0 0 0 0 0 0 0
0 0 0 0 1 0 0 0 0 0 0 0 0 0 0 0 0 0 0 0 0 0 0 0 0 0 0 0 0 0 0 0 0 0 0 0 0 0 0 0 0 0 0 0 0 0 0 0 0 0 0 0 0 0 0 1 0 0 0 0 0
0 0 0 0 1 0 0 0 0 1 0 0 0 1 0 0 0 1 0 0 0 1 0 0 0 1 0 0 0 1 0 0 0 1 0 0 0 0 0 1 0 0 0 1 0 0 0 0 1 0 0 0 0 0 0 1 0 0 0 0 0
0 0 0 0 0 0 0 0 0 0 0 0 0 0 0 0 0 0 0 0 0 0 0 0 0 0 0 0 0 0 0 0 0 0 0 0 0 0 0 0 0 0 0 0 0 0 0 0 0 0 0 0 0 0 0 0 0 0 0 0 0
0 0 0 0 0 0 1 0 0 0 0 0 0 0 0 0 0 0 0 0 0 0 0 1 0 0 0 0 0 0 0 0 0 0 0 0 0 0 0 1 0 0 0 0 0 0 0 0 0 0 0 0 0 0 0 1 0 0 0 0 0
0 0 0 0 0 0 1 0 0 0 0 0 0 0 1 0 0 0 0 0 0 0 1 0 0 0 0 0 0 0 0 0 0 0 0 1 0 0 0 0 0 0 0 0 0 1 0 0 0 0 0 1 0 0 0 0 0 0 0 0 0
0 0 0 0 0 0 0 0 0 0 1 0 0 0 0 0 0 0 0 0 0 0 0 0 0 0 0 0 1 0 0 0 0 0 0 0 0 0 0 0 0 1 0 0 0 0 0 0 0 0 0 0 0 1 0 0 0 0 0 0 0
0 0 0 0 1 0 0 0 0 0 1 0 0 0 0 0 1 0 0 0 0 0 0 0 0 0 0 1 0 0 0 0 0 1 0 0 0 0 0 1 0 0 0 0 0 0 0 0 1 0 0 0 0 0 1 0 0 0 0 0 0
0 0 0 0 0 0 0 0 1 1 0 0 0 0 0 0 0 1 0 0 0 1 0 1 1 0 0 0 0 0 0 0 0 0 0 0 0 0 1 1 0 0 0 0 0 0 0 0 1 0 1 0 0 0 0 0 0 0 0 0 0
0 0 0 0 1 0 0 0 0 0 0 0 0 0 0 0 0 0 0 0 0 0 0 0 0 0 0 0 0 0 0 0 0 0 0 0 0 0 0 0 0 0 0 0 0 0 0 0 0 0 0 0 0 1 0 0 0 0 0 0 0
0 0 0 0 0 0 0 0 0 0 0 0 0 0 0 0 0 0 0 0 0 0 0 0 0 0 0 0 0 0 0 0 0 0 0 0 0 0 0 0 0 0 0 1 0 0 1 0 0 0 0 0 0 0 0 0 0 0 0 0 0
0 0 0 0 1 1 1 1 1 1 1 1 1 1 1 1 1 1 1 1 1 1 1 1 1 1 1 1 1 1 1 1 1 1 1 1 1 1 1 1 1 1 1 1 1 1 1 1 1 1 1 1 1 1 1 1 0 0 0 0 0
0 0 0 0 1 1 1 1 1 1 1 1 1 1 1 1 1 1 1 1 1 1 1 1 1 1 1 1 1 1 1 1 1 1 1 1 1 1 1 1 1 1 1 1 1 1 1 1 1 1 1 1 1 1 1 1 0 0 0 0 0
0 0 0 0 1 1 1 1 1 1 1 1 1 1 1 1 1 1 1 1 1 1 1 1 1 1 1 1 1 1 1 1 1 1 1 1 1 1 1 1 1 1 1 1 1 1 1 1 1 1 1 1 1 1 1 1 0 0 0 0 0
0 0 0 0 1 0 0 1 1 0 1 1 0 0 0 1 0 1 1 0 0 0 0 0 1 0 0 1 0 0 0 0 0 0 0 1 0 0 0 0 0 0 0 0 0 1 1 1 1 0 0 0 0 0 0 0 0 0 0 0 0
0 0 0 0 1 1 1 1 1 1 1 1 1 1 1 1 1 1 1 1 1 1 1 1 1 1 1 1 1 1 1 1 1 1 1 1 1 1 1 1 1 1 1 1 1 1 1 1 1 1 1 1 1 1 1 1 0 0 0 0 0
0 0 0 0 1 1 0 0 0 0 0 0 0 1 0 0 1 0 0 0 0 0 0 0 0 0 0 0 0 0 1 0 1 1 0 0 0 0 0 0 0 0 0 0 0 0 0 0 1 0 0 0 0 0 1 0 0 0 0 0 0
0 0 0 0 0 0 0 0 0 0 0 0 0 0 0 0 0 0 0 0 0 0 0 0 0 0 0 0 0 0 0 0 0 0 0 0 0 0 0 0 0 0 0 0 0 0 0 0 0 0 1 0 1 0 0 0 0 0 0 0 0
0 0 0 0 0 0 0 0 0 0 0 0 0 0 0 0 0 0 0 0 0 0 0 0 0 0 0 0 0 0 0 0 0 0 0 0 0 0 0 0 0 0 0 0 0 0 0 0 0 0 0 0 0 0 0 0 0 0 0 0 0

y
0.0 4.363636363636363 0.0 0.0 0.0 25.363636363636363 0.0 0.0 0.0 1.1785714285714286 0.0 0.0 10.363636363636363 1.9000000000000004 3.5 0.0 0.8000000000000007 0.0 0.875 0.0 0.0 0.0 0.0 0.33333333333333304 1.8000000000000007 0.0 0.0 0.0 0.4500000000000002 0.0 0.0 0.0 0.5048543689320388 0.0 0.0 1.0 0.0

k
0 10 3 0 0 10 0 0 0 26 0 0 10 6 5 0 2 0 11 0 0 6 0 4 2 0 0 0 19 0 0 0 89 0 43 50 6

f
0.0 0.0 0.0 0.0 0.0 22.75 0.0 0.0 0.0 0.0 0.0 0.0 0.0 0.0 0.0 0.0 0.0 0.0 0.0 0.0 0.0 0.0 0.0 0.0 0.0 0.0 0.0 0.0 0.0 0.0 5.25 0.0 0.0 0.0 0.0 0.0 0.0 0.0 0.0 0.0 0.0 0.0 0.0 0.0 0.0 0.0 0.0 0.0 0.0 0.0 0.0 68.25 0.0 0.0 0.0 0.0 0.0 0.0 0.0 0.0 0.0
0.0 0.0 0.0 0.0 0.0 0.0 0.0 0.0 0.0 0.0 0.0 0.0 0.0 0.0 0.0 0.0 0.0 0.0 0.0 0.0 0.0 0.0 0.0 0.0 0.0 0.0 0.0 0.0 0.0 0.0 0.0 0.0 0.0 0.0 0.0 0.0 0.0 0.0 0.0 0.0 0.0 0.0 0.0 0.0 0.0 0.0 0.0 0.0 0.0 0.0 0.0 0.0 0.0 0.0 0.0 0.0 0.0 0.0 0.0 0.0 0.0
0.0 0.0 0.0 0.0 0.0 0.0 0.0 0.0 0.0 0.0 0.0 0.0 0.0 0.0 0.0 0.0 0.0 0.0 0.0 0.0 0.0 0.0 0.0 0.0 0.0 0.0 0.0 0.0 0.0 0.0 0.0 0.0 0.0 0.0 0.0 0.0 0.0 0.0 0.0 0.0 0.0 0.0 0.0 0.0 0.0 0.0 0.0 0.0 0.0 0.0 0.0 0.0 0.0 0.0 0.0 0.0 0.0 0.0 0.0 0.0 0.0
0.0 0.0 0.0 4.75 0.0 0.0 0.0 0.0 0.0 2.75 10.75 5.25 0.0 0.0 0.0 0.0 0.0 4.75 0.0 0.75 0.75 0.0 1.75 0.0 0.0 0.0 0.75 0.25 0.0 0.0 0.0 1.75 0.0 2.75 0.0 2.25 1.25 10.75 15.75 0.0 0.75 0.0 0.0 0.0 0.0 0.0 0.25 0.0 0.0 0.0 0.0 27.25 4.75 0.0 0.0 0.0 0.0 0.0 0.0 0.0 0.0

L
2 9 3 3 2 30 3 14 46 3 12 17 15 7 12 0 11 24 3 51 4 0 16 6 12 6 1 49 3 1 1 1 1 1 1 2 0

g
0 0 0 0 0 0 0 0 0 0 0 0 0 0 0 0 0 0 0 0 0 0 0 0 0 0 0 0 0 0 0 0 0 0 0 0 0 0 0 0 0 0 0 0 0 0 0 0 0 0 0 0 0 0 0 0 0 0 0 0 0
0 0 0 0 0 0 0 0 0 0 0 0 0 0 0 0 0 0 0 0 0 0 0 0 0 0 0 0 0 0 0 0 0 0 0 0 0 0 0 0 0 0 0 0 0 0 0 0 0 0 0 0 0 0 0 0 0 0 0 0 0
0 0 0 0 0 0 0 0 0 0 0 0 0 0 0 0 0 0 0 0 0 0 0 0 0 0 0 0 0 0 0 0 0 0 0 0 0 0 0 0 0 0 0 0 0 0 0 0 0 0 0 0 0 0 0 0 0 0 0 0 0
0 0 0 0 0 0 0 0 0 0 0 0 0 0 0 0 0 0 0 0 0 0 0 0 0 0 0 0 0 0 0 0 0 0 0 0 0 0 0 0 0 0 0 0 0 0 0 0 0 0 0 0 0 0 0 0 0 0 0 0 0
0 0 0 0 0 0 0 0 0 0 0 0 0 0 0 0 0 0 0 0 0 0 0 0 0 0 0 0 0 0 0 0 0 0 0 0 0 0 0 0 0 0 0 0 0 0 0 0 0 0 0 0 0 0 0 0 0 0 0 0 0
0 0 0 0 0 0 0 0 0 0 0 0 0 0 0 0 0 0 0 0 0 0 0 0 0 0 0 0 0 0 0 0 0 0 0 0 0 0 0 0 0 0 0 0 0 0 0 0 0 0 0 0 0 0 0 0 0 0 0 0 0
0 0 0 0 0 0 0 0 0 0 0 0 0 0 0 0 0 0 0 0 0 0 0 0 0 0 0 0 0 0 0 0 0 0 0 0 0 0 0 0 0 0 0 0 0 0 0 0 0 0 0 0 0 0 0 0 0 0 0 0 0
0 0 0 0 0 0 0 0 0 0 0 0 0 0 0 0 0 0 0 0 0 0 0 0 0 0 0 0 0 0 0 0 0 0 0 0 0 0 0 0 0 0 0 0 0 0 0 0 0 0 0 0 0 0 0 0 0 0 0 0 0
0 0 0 0 0 0 0 0 0 0 0 0 0 0 0 0 0 0 0 0 0 0 0 0 0 0 0 0 0 0 0 0 0 0 0 0 0 0 0 0 0 0 0 0 0 0 0 0 0 0 0 0 0 0 0 0 0 0 0 0 0
0 0 0 0 0 0 0 0 0 0 0 0 0 0 0 0 0 0 0 0 0 0 0 0 0 0 0 0 0 0 0 0 0 0 0 0 0 0 0 0 0 0 0 0 0 0 0 0 0 0 0 0 0 0 0 0 0 0 0 0 0
0 0 0 0 0 0 0 0 0 0 0 0 0 0 0 0 0 0 0 0 0 0 0 0 0 0 0 0 0 0 0 0 0 0 0 0 0 0 0 0 0 0 0 0 0 0 0 0 0 0 0 0 0 0 0 0 0 0 0 0 0
0 0 0 0 0 0 0 0 0 0 0 0 0 0 0 0 0 0 0 0 0 0 0 0 0 0 0 0 0 0 0 0 0 0 0 0 0 0 0 0 0 0 0 0 0 0 0 0 0 0 0 0 0 0 0 0 0 0 0 0 0
0 0 0 0 0 0 0 0 0 0 0 0 0 0 0 0 0 0 0 0 0 0 0 0 0 0 0 0 0 0 0 0 0 0 0 0 0 0 0 0 0 0 0 0 0 0 0 0 0 0 0 0 0 0 0 0 0 0 0 0 0
0 0 0 0 0 0 0 0 0 0 0 0 0 0 0 0 0 0 0 0 0 0 0 0 0 0 0 0 0 0 0 0 0 0 0 0 0 0 0 0 0 0 0 0 0 0 0 0 0 0 0 0 0 0 0 0 0 0 0 0 0
0 0 0 0 0 0 0 0 0 0 0 0 0 0 0 0 0 0 0 0 0 0 0 0 0 0 0 0 0 0 0 0 0 0 0 0 0 0 0 0 0 0 0 0 0 0 0 0 0 0 0 0 0 0 0 0 0 0 0 0 0
0 0 0 0 0 0 0 0 0 0 0 0 0 0 0 0 0 0 0 0 0 0 0 0 0 0 0 0 0 0 0 0 0 0 0 0 0 0 0 0 0 0 0 0 0 0 0 0 0 0 0 0 0 0 0 0 0 0 0 0 0
0 0 0 0 0 0 0 0 0 0 0 0 0 0 0 0 0 0 0 0 0 0 0 0 0 0 0 0 0 0 0 0 0 0 0 0 0 0 0 0 0 0 0 0 0 0 0 0 0 0 0 0 0 0 0 0 0 0 0 0 0
0 0 0 0 0 0 0 0 0 0 0 0 0 0 0 0 0 0 0 0 0 0 0 0 0 0 0 0 0 0 0 0 0 0 0 0 0 0 0 0 0 0 0 0 0 0 0 0 0 0 0 0 0 0 0 0 0 0 0 0 0
0 0 0 0 0 0 0 0 0 0 0 0 0 0 0 0 0 0 0 0 0 0 0 0 0 0 0 0 0 0 0 0 0 0 0 0 0 0 0 0 0 0 0 0 0 0 0 0 0 0 0 0 0 0 0 0 0 0 0 0 0
0 0 0 0 0 0 0 0 0 0 0 0 0 0 0 0 0 0 0 0 0 0 0 0 0 0 0 0 0 0 0 0 0 0 0 0 0 0 0 0 0 0 0 0 0 0 0 0 0 0 0 0 0 0 0 0 0 0 0 0 0
0 0 0 0 0 0 0 0 0 0 0 0 0 0 0 0 0 0 0 0 0 0 0 0 0 0 0 0 0 0 0 0 0 0 0 0 0 0 0 0 0 0 0 0 0 0 0 0 0 0 0 0 0 0 0 0 0 0 0 0 0
0 0 0 0 0 0 0 0 0 0 0 0 0 0 0 0 0 0 0 0 0 0 0 0 0 0 0 0 0 0 0 0 0 0 0 0 0 0 0 0 0 0 0 0 0 0 0 0 0 0 0 0 0 0 0 0 0 0 0 0 0
0 0 0 0 0 0 0 0 0 0 0 0 0 0 0 0 0 0 0 0 0 0 0 0 0 0 0 0 0 0 0 0 0 0 0 0 0 0 0 0 0 0 0 0 0 0 0 0 0 0 0 0 0 0 0 0 0 0 0 0 0
0 0 0 0 0 0 0 0 0 0 0 0 0 0 0 0 0 0 0 0 0 0 0 0 0 0 0 0 0 0 0 0 0 0 0 0 0 0 0 0 0 0 0 0 0 0 0 0 0 0 0 0 0 0 0 0 0 0 0 0 0
0 0 0 0 0 0 0 0 0 0 0 0 0 0 0 0 0 0 0 0 0 0 0 0 0 0 0 0 0 0 0 0 0 0 0 0 0 0 0 0 0 0 0 0 0 0 0 0 0 0 0 0 0 0 0 0 0 0 0 0 0
0 0 0 0 0 0 0 0 0 0 0 0 0 0 0 0 0 0 0 0 0 0 0 0 0 0 0 0 0 0 0 0 0 0 0 0 0 0 0 0 0 0 0 0 0 0 0 0 0 0 0 0 0 0 0 0 0 0 0 0 0
0 0 0 0 0 0 0 0 0 0 0 0 0 0 0 0 0 0 0 0 0 0 0 0 0 0 0 0 0 0 0 0 0 0 0 0 0 0 0 0 0 0 0 0 0 0 0 0 0 0 0 0 0 0 0 0 0 0 0 0 0
0 0 0 0 0 0 0 0 0 0 0 0 0 0 0 0 0 0 0 0 0 0 0 0 0 0 0 0 0 0 0 0 0 0 0 0 0 0 0 0 0 0 0 0 0 0 0 0 0 0 0 0 0 0 0 0 0 0 0 0 0
0 0 0 0 0 0 0 0 0 0 0 0 0 0 0 0 0 0 0 0 0 0 0 0 0 0 0 0 0 0 0 0 0 0 0 0 0 0 0 0 0 0 0 0 0 0 0 0 0 0 0 0 0 0 0 0 0 0 0 0 0
0 0 0 0 0 0 0 0 0 0 0 0 0 0 0 0 0 0 0 0 0 0 0 0 0 0 0 0 0 0 0 0 0 0 0 0 0 0 0 0 0 0 0 0 0 0 0 0 0 0 0 0 0 0 0 0 0 0 0 0 0
0 0 0 0 0 0 0 0 0 0 0 0 0 0 0 0 0 0 0 0 0 0 0 0 0 0 0 0 0 0 0 0 0 0 0 0 0 0 0 0 0 0 0 0 0 0 0 0 0 0 0 0 0 0 0 0 0 0 0 0 0
0 0 0 0 0 0 0 0 0 0 0 0 0 0 0 0 0 0 0 0 0 0 0 0 0 0 0 0 0 0 0 0 0 0 0 0 0 0 0 0 0 0 0 0 0 0 0 0 0 0 0 0 0 0 0 0 0 0 0 0 0
0 0 0 0 0 0 0 0 0 0 0 0 0 0 0 0 0 0 0 0 0 0 0 0 0 0 0 0 0 0 0 0 0 0 0 0 0 0 0 0 0 0 0 0 0 0 0 0 0 0 0 0 0 0 0 0 0 0 0 0 0
0 0 0 0 0 0 0 0 0 0 0 0 0 0 0 0 0 0 0 0 0 0 0 0 0 0 0 0 0 0 0 0 0 0 0 0 0 0 0 0 0 0 0 0 0 0 0 0 0 0 0 0 0 0 0 0 0 0 0 0 0
0 0 0 0 0 0 0 0 0 0 0 0 0 0 0 0 0 0 0 0 0 0 0 0 0 0 0 0 0 0 0 0 0 0 0 0 0 0 0 0 0 0 0 0 0 0 0 0 0 0 0 0 0 0 0 0 0 0 0 0 0
0 0 0 0 0 0 0 0 0 0 0 0 0 0 0 0 0 0 0 0 0 0 0 0 0 0 0 0 0 0 0 0 0 0 0 0 0 0 0 0 0 0 0 0 0 0 0 0 0 0 0 0 0 0 0 0 0 0 0 0 0
0 0 0 0 0 0 0 0 0 0 0 0 0 0 0 0 0 0 0 0 0 0 0 0 0 0 0 0 0 0 0 0 0 0 0 0 0 0 0 0 0 0 0 0 0 0 0 0 0 0 0 0 0 0 0 0 0 0 0 0 0

I cap
1058.909090909091 1058.909090909091 1001.509090909091 1001.509090909091 920.24 956.0 936.44 1029.04 697.56 799.66 424.94000000000005 573.18 484.02000000000004 603.2 566.3999999999999 759.669090909091 570.509090909091 188.389090909091 518.689090909091 699.709090909091 767.189090909091 622.149090909091 563.689090909091 611.169090909091 581.0490909090911 667.309090909091 758.8690909090909 349.5890909090911 480.6290909090911 667.909090909091 666.3090909090909 645.709090909091 467.16909090909115 359.689090909091 93.30000000000007 132.52000000000004 324.1800000000001 412.5400000000001 511.06000000000006 517.44 308.5400000000001 667.3 529.96 677.1800000000001 400.70000000000005 365.9000000000001 747.8800000000001 550.54 450.99999999999994 531.1000000000001 312.64000000000004 534.44 811.0400000000001 809.18 894.0400000000001 1035.86 785.4690909090909 928.149090909091 976.349090909091 1058.909090909091 1058.909090909091
107.96969696969697 107.96969696969697 70.96969696969697 70.96969696969697 18.559999999999995 55.0 31.56 22.96 49.44 109.34 82.06 89.82 87.98000000000002 63.8 91.6 98.20969696969696 48.369696969696975 13.48969696969697 5.1896969696969775 31.169696969696968 36.68969696969697 8.729696969696974 60.189696969696975 62.70969696969698 53.82969696969697 40.56969696969696 65.00969696969698 19.289696969696976 49.24969696969698 93.96969696969697 63.56969696969698 61.16969696969697 20.709696969696978 30.189696969696982 9.700000000000003 4.480000000000006 10.820000000000004 31.46 17.940000000000005 48.56 33.46 60.7 60.04000000000001 70.82000000000001 49.3 44.1 91.12 75.46000000000001 82.0 48.900000000000006 39.36 29.560000000000002 45.96000000000001 35.42 16.56 10.940000000000005 35.40969696969697 43.729696969696974 104.52969696969697 107.96969696969697 107.96969696969697
38.96666666666666 38.96666666666666 14.033333333333328 14.033333333333328 13.299999999999995 14.658333333333335 13.958333333333332 25.825 27.225000000000005 17.53333333333334 9.133333333333331 7.733333333333336 17.5 14.733333333333333 9.833333333333334 17.299999999999997 31.96666666666666 17.299999999999997 17.299999999999997 17.299999999999997 31.96666666666666 17.299999999999997 17.299999999999997 17.299999999999997 31.96666666666666 17.299999999999997 17.299999999999997 17.299999999999997 31.96666666666666 4.6249999999999964 11.624999999999996 4.6249999999999964 19.29166666666666 17.299999999999997 9.133333333333335 4.2333333333333325 11.2 16.1 20.299999999999997 16.133333333333333 16.133333333333333 18.23333333333334 39.900000000000006 24.53333333333334 21.73333333333334 19.633333333333333 38.5 44.099999999999994 23.133333333333333 24.53333333333334 27.333333333333336 42.0 45.5 4.391666666666666 6.49166666666666 9.025000000000004 11.624999999999995 24.299999999999997 38.96666666666666 38.96666666666666 38.96666666666666
45.24545454545453 45.24545454545453 43.77545454545453 37.82545454545453 20.260000000000005 29.52999999999999 28.89999999999999 27.24 24.699999999999996 26.49999999999999 22.089999999999996 22.17 17.260000000000005 13.990000000000002 14.200000000000001 30.59545454545452 27.05545454545452 21.37545454545452 24.445454545454528 28.005454545454523 31.035454545454524 25.185454545454526 24.915454545454523 24.565454545454525 23.14545454545453 23.465454545454534 26.255454545454523 21.54545454545453 24.86545454545453 31.87545454545452 28.52545454545452 27.675454545454517 26.42545454545452 24.265454545454524 22.539999999999992 15.799999999999995 15.449999999999996 18.559999999999995 23.419999999999995 38.66999999999999 20.800000000000004 33.49999999999999 38.44 31.13999999999999 26.239999999999984 29.79999999999999 30.599999999999984 23.409999999999986 25.329999999999988 31.209999999999987 34.20999999999999 31.979999999999993 38.34999999999999 39.89999999999999 31.779999999999998 38.599999999999994 41.52545454545452 43.41545454545452 44.615454545454526 45.24545454545453 45.24545454545453
20.999999999999993 20.999999999999993 20.369999999999994 20.019999999999992 9.530000000000001 15.989999999999997 10.680000000000003 9.92 9.839999999999998 10.039999999999996 11.249999999999998 13.889999999999995 9.230000000000002 8.890000000000002 6.790000000000002 10.169999999999991 7.499999999999994 4.209999999999992 7.389999999999993 10.179999999999994 10.389999999999993 7.179999999999993 7.249999999999993 7.9299999999999935 7.699999999999992 9.729999999999995 8.339999999999993 4.129999999999993 6.909999999999994 10.809999999999993 8.129999999999992 7.449999999999994 7.289999999999994 5.169999999999993 6.640000000000001 9.309999999999997 5.579999999999999 6.179999999999998 6.979999999999999 8.509999999999998 1.9099999999999997 11.3 9.109999999999998 10.569999999999997 4.620000000000001 6.789999999999998 10.179999999999996 6.220000000000003 10.249999999999996 6.799999999999998 6.799999999999996 4.52 7.0799999999999965 8.059999999999999 9.339999999999996 9.729999999999997 13.999999999999993 17.30999999999999 20.789999999999992 20.999999999999993 20.999999999999993
345.75757575757575 345.75757575757575 345.75757575757575 312.8163992869875 202.52941176470588 214.00000000000003 238.01000000000005 210.41 226.18 205.17999999999998 168.41 156.01 194.64000000000001 198.67 176.97000000000003 191.54757575757571 210.0275757575757 226.1175757575757 216.2075757575758 222.24757575757576 243.2375757575757 230.69757575757575 218.32757575757572 210.4975757575758 197.59757575757575 171.51757575757574 188.71757575757573 138.01757575757574 177.38757575757575 256.44757575757575 235.87757575757576 234.00757575757575 227.8875757575757 230.60757575757572 133.25 151.71000000000004 174.42999999999995 220.56000000000003 222.92 213.51000000000002 169.46 247.65000000000003 216.16 200.58999999999995 192.70000000000002 249.07 240.13000000000005 190.84000000000003 310.95 302.32 270.82 264.17 253.79000000000002 271.11000000000007 303.96 332.62117647058824 316.90816399286985 341.76757575757574 341.76757575757574 345.75757575757575 345.75757575757575
779.7575757575758 779.7575757575758 762.7475757575758 683.9975757575758 562.15 747.55 758.89 606.2 795.09 740.9900000000001 569.85 732.6400000000001 722.54 702.4799999999999 645.12 612.7575757575758 572.0575757575758 446.2675757575757 567.2575757575759 679.9875757575759 721.7975757575757 639.0675757575758 632.7575757575758 552.1775757575757 607.7175757575758 671.1275757575758 550.3175757575758 510.77757575757556 670.2075757575758 744.9675757575758 677.2075757575758 664.1175757575759 640.3875757575757 618.9675757575758 413.74 535.6899999999999 699.25 726.39 657.15 624.95 540.28 690.7800000000001 654.0799999999999 578.86 387.10999999999996 426.38999999999993 502.83000000000004 370.35999999999996 558.3800000000001 578.8100000000001 618.9100000000001 569.5400000000001 609.7700000000001 678.3000000000001 689.2600000000001 609.71 720.9975757575756 745.4075757575757 764.8475757575758 779.7575757575758 779.7575757575758
80.73333333333335 80.73333333333335 79.89333333333335 79.19333333333334 60.11666666666666 78.9 71.97 75.60999999999999 75.11999999999998 81.61999999999999 71.25 81.97 85.16 83.75 76.82 69.26333333333335 68.01333333333334 65.07333333333335 67.98333333333335 70.02333333333334 70.65333333333334 65.96333333333334 67.02333333333335 67.53333333333335 68.91333333333336 70.20333333333333 69.48333333333333 65.76333333333336 67.77333333333334 70.86333333333334 68.85333333333334 68.34333333333335 67.38333333333334 66.42333333333335 34.82999999999999 56.28999999999998 64.6 63.150000000000006 62.08 68.61000000000001 66.11 73.5 71.07000000000001 75.55999999999999 75.14000000000001 79.61999999999999 77.14000000000001 67.59 65.30999999999999 63.58 63.58 57.67 57.41999999999999 55.629999999999995 54.26999999999999 51.34999999999999 72.54666666666668 77.94333333333336 80.10333333333335 80.73333333333335 80.73333333333335
10.775757575757575 10.775757575757575 9.725757575757575 9.725757575757575 3.8500000000000005 2.75 5.249999999999999 8.15 7.4 1.9 0.20000000000000107 0.10000000000000053 3.5 1.3500000000000005 1.0199999999999987 0.1557575757575762 0.13575757575757552 4.525757575757576 0.9957575757575752 1.2957575757575759 4.995757575757574 3.7957575757575763 2.3457575757575757 0.16575757575757555 3.5757575757575757 1.1757575757575758 1.7457575757575752 0.1557575757575762 4.385757575757576 10.775757575757575 3.9457575757575754 4.345757575757576 1.7957575757575748 0.09575757575757549 0.6200000000000006 1.28 4.500000000000001 6.94 4.789999999999999 2.600000000000001 0.9000000000000004 0.7700000000000005 2.6800000000000015 2.21 0.8400000000000014 12.55 7.390000000000001 0.8900000000000006 7.7 3.249999999999999 3.6499999999999995 7.15 3.2199999999999998 0.22999999999999865 0.6600000000000001 8.399999999999999 10.775757575757575 10.775757575757575 10.775757575757575 10.775757575757575 10.775757575757575
2.545454545454545 2.545454545454545 2.545454545454545 2.545454545454545 1.8099999999999998 0.6799999999999999 1.4500000000000002 0.5700000000000002 0.52 0.42000000000000026 1.45 0.7699999999999999 0.7699999999999999 1.4700000000000002 0.6300000000000002 1.0754545454545452 1.0754545454545452 0.4454545454545452 1.2854545454545452 1.0754545454545452 1.7054545454545451 0.9254545454545451 1.195454545454545 1.1954545454545449 1.915454545454545 0.595454545454545 0.2054545454545451 0.17545454545454497 1.2854545454545452 1.0754545454545452 1.0754545454545452 1.0754545454545452 0.4454545454545452 1.2854545454545452 1.3300000000000005 0.06999999999999995 0.7899999999999999 0.12000000000000022 0.4600000000000002 0.04999999999999993 0.33999999999999986 0.6000000000000001 1.0599999999999996 0.7699999999999999 2.220446049250313e-16 0.58 0.3300000000000002 1.5900000000000007 1.33 1.33 0.7300000000000004 0.16999999999999993 0.16999999999999993 0.6700000000000003 0.7299999999999999 0.13000000000000012 0.26545454545454505 1.195454545454545 1.915454545454545 2.545454545454545 2.545454545454545
8.515433299825174 8.515433299825174 8.515433299825174 7.807629307084703 5.475685517241376 6.4138081034482735 5.715834396551722 6.435238793103446 7.315399827586204 7.291339913793101 6.968051206896548 8.165893103448276 7.806728448275861 5.7176024137931005 5.452262844827584 6.127644999999998 5.129899999999998 5.068786206896549 4.9925441379310325 5.31344594827586 5.053032711598744 6.162953965517239 6.403465689655171 6.4210953448275845 5.515151494252872 4.717669999999997 4.611765172413791 5.977031034482756 7.096998103448275 6.846638620689654 6.847123965517239 5.976097413793101 4.3697068965517225 4.669593994252871 7.841237126436784 10.235295172413792 4.64471620689655 5.795550344827586 5.3903417241379294 5.887325344827584 4.970994482758618 5.758499137931033 5.681148103448274 4.9339662068965495 3.6293227586206873 3.771406379310343 2.7862424137931017 3.2809298275862053 3.351960517241376 4.629706034482757 6.291512586206894 4.541370517241376 6.492684310344826 6.84465844827586 8.207947931034482 5.770655372050815 7.193594219365403 7.3085367481010355 8.515433299825174 8.515433299825174 8.515433299825174
700.0 700.0 699.0 697.0 685.0 689.0 679.0 687.0 684.0 685.0 682.0 684.0 684.0 688.0 684.0 687.0 684.0 679.0 685.0 686.0 689.0 686.0 686.0 681.0 682.0 682.0 686.0 682.0 685.0 684.0 679.0 683.0 688.0 683.0 687.0 681.0 685.0 683.0 688.0 681.0 683.0 680.0 682.0 681.0 686.0 683.0 685.0 682.0 684.0 687.0 682.0 682.0 688.0 682.0 680.0 675.0 688.0 689.0 700.0 698.0 699.0

H cap
1.75 1.75 29.75 19.25 5.25 -22.75 61.25 89.25 19.25 8.75 15.75 26.25 57.75 19.25 8.75 5.25 15.75 8.75 40.25 47.25 29.75 8.75 36.75 68.25 68.25 47.25 1.75 1.75 5.25 36.75 -5.25 5.25 43.75 1.75 29.75 29.75 47.25 89.25 54.25 22.75 5.25 1.75 43.75 26.25 19.25 29.75 29.75 8.75 26.25 54.25 5.25 -68.25 1.75 131.25 131.25 131.25 131.25 131.25 131.25 131.25 131.25
20.5 5.5 21.5 19.0 7.0 9.5 18.0 16.0 14.0 13.5 9.0 11.5 15.0 7.5 3.0 8.5 16.5 14.0 17.0 21.5 12.0 3.0 9.0 8.5 14.0 21.5 9.0 9.0 13.5 10.5 10.5 10.5 13.0 9.0 9.5 18.5 18.0 16.0 17.5 13.0 9.5 11.0 10.5 5.5 4.5 7.5 8.0 8.5 11.0 18.5 20.5 13.5 31.5 52.5 52.5 52.5 52.5 52.5 52.5 52.5 52.5
52.5 52.5 45.5 42.0 45.5 42.0 45.5 52.5 49.0 45.5 45.5 45.5 49.0 45.5 45.5 49.0 52.5 45.5 45.5 49.0 42.0 42.0 49.0 38.5 45.5 59.5 45.5 42.0 49.0 45.5 45.5 49.0 42.0 45.5 52.5 45.5 42.0 49.0 56.0 45.5 38.5 45.5 45.5 42.0 42.0 45.5 49.0 42.0 42.0 56.0 52.5 38.5 49.0 63.0 63.0 63.0 63.0 63.0 63.0 63.0 63.0
9.75 2.25 0.25 -4.75 19.25 11.75 0.25 11.75 4.25 -2.75 -10.75 -5.25 23.25 8.25 9.75 6.25 7.75 -4.75 4.75 -0.75 -0.75 0.75 -1.75 11.75 1.25 1.25 -0.75 -0.25 3.75 3.75 7.75 -1.75 6.25 -2.75 2.25 -2.25 -1.25 -10.75 -15.75 4.25 -0.75 0.75 5.75 1.75 5.25 0.25 -0.25 2.25 1.75 1.75 7.75 -27.25 -4.75 78.75 78.75 78.75 78.75 78.75 78.75 78.75 78.75

Gap
0.21823600158089163

Time
3120.0646069049835

