T P M C
61 37 4 12

base obj
10.674837346561484

exp obj
9.80514761776425

Objective struct
10.674837346561484 0.0 7.196078431372547

num campaigns
427

x
0 0 0 0 0 0 0 0 1 0 0 0 1 0 0 1 1 0 1 0 0 0 0 0 0 0 0 0 0 0 0 1 0 1 1 0 0 0 0 0 1 0 0 0 1 0 1 0 0 0 0 1 0 0 0 1 0 0 0 0 0
0 0 0 0 0 0 0 0 0 0 0 0 0 0 0 0 0 0 0 0 0 1 0 0 0 0 1 0 0 0 0 0 0 0 0 0 0 0 0 1 0 0 0 0 0 0 0 0 0 0 0 1 0 0 0 0 0 0 0 0 0
0 0 0 0 0 0 1 0 0 1 0 1 0 0 1 0 0 1 0 0 1 0 0 0 1 0 1 0 0 0 1 0 0 0 0 0 0 0 0 0 0 1 0 0 0 0 0 1 0 1 0 1 0 0 0 0 0 0 0 0 0
0 0 0 0 0 0 1 0 0 0 1 0 0 0 1 0 0 0 1 0 0 0 0 1 0 0 0 0 1 0 0 0 0 1 0 0 0 0 0 0 0 1 0 0 0 1 0 0 0 1 0 0 0 0 1 0 0 0 0 0 0
0 0 0 0 0 1 0 1 0 1 0 1 0 0 0 0 0 1 0 1 0 1 0 0 0 1 0 1 0 1 0 0 0 0 1 0 1 0 0 0 0 1 0 0 1 0 0 1 0 0 0 1 0 1 0 0 0 0 0 0 0
0 0 0 0 0 0 0 0 1 0 0 0 0 0 0 0 0 0 0 0 0 0 0 0 0 1 0 0 0 0 1 0 0 0 0 0 0 1 0 0 0 0 0 1 0 0 0 0 0 0 0 0 0 0 0 0 0 0 0 0 0
0 0 0 0 0 0 1 0 0 0 1 0 0 1 0 0 0 1 0 0 1 0 0 0 0 0 0 0 0 0 1 0 0 0 0 0 1 0 0 1 0 0 1 0 0 1 0 0 1 0 0 0 0 0 0 1 0 0 0 0 0
0 0 0 0 0 0 1 0 0 0 0 0 0 0 0 0 0 0 0 0 0 0 1 0 0 0 0 0 0 0 0 0 0 0 0 0 0 1 0 0 0 0 0 0 0 0 0 0 0 0 0 1 0 0 0 0 0 0 0 0 0
0 0 0 0 1 0 0 0 0 0 0 0 0 0 0 0 0 0 0 0 0 0 0 0 0 0 0 0 0 0 0 0 0 0 0 0 0 0 0 0 0 0 0 0 0 0 0 0 0 0 0 0 0 1 0 0 0 0 0 0 0
0 0 0 0 0 0 0 0 0 0 0 0 0 0 0 0 0 0 0 0 0 0 0 0 0 0 0 0 0 0 0 0 1 0 0 0 0 0 0 0 0 0 0 1 0 0 0 0 0 0 0 0 0 0 0 0 0 0 0 0 0
0 0 0 0 1 0 0 0 0 0 0 0 0 0 0 0 1 0 0 0 0 0 0 0 0 0 0 0 0 1 0 0 0 0 0 0 0 0 0 0 0 0 1 0 0 0 0 0 0 0 0 0 0 0 0 1 0 0 0 0 0
0 0 0 0 0 0 0 0 1 0 0 0 0 0 0 0 0 0 0 0 0 0 0 0 1 0 0 0 0 0 0 0 0 0 0 0 0 0 0 0 1 0 0 0 0 0 0 0 0 0 0 0 0 0 0 1 0 0 0 0 0
0 0 0 0 0 0 0 0 0 0 0 0 0 0 0 0 0 0 0 0 0 0 0 0 0 0 0 0 0 0 0 0 0 0 0 1 0 0 0 0 0 0 0 0 0 0 0 0 0 1 0 0 0 0 0 0 0 0 0 0 0
0 0 0 0 0 0 0 0 0 0 1 0 0 0 1 0 0 0 1 0 0 0 1 0 0 0 0 1 0 0 0 1 0 0 0 0 1 0 0 0 0 0 1 0 0 0 0 1 0 0 0 0 0 1 0 0 0 0 0 0 0
0 0 0 0 0 0 0 0 0 0 0 0 0 0 0 0 0 0 0 0 0 0 0 0 0 0 0 0 0 1 0 0 0 0 0 0 0 0 0 0 0 0 0 0 0 0 0 0 0 1 0 0 0 0 0 0 0 0 0 0 0
0 0 0 0 0 0 0 0 0 0 0 0 0 0 0 0 0 0 0 0 0 0 0 0 1 0 0 0 0 0 0 0 0 0 0 0 0 0 0 0 0 0 0 0 0 0 0 0 0 0 0 0 0 0 0 0 0 0 0 0 0
0 0 0 0 0 0 0 0 0 0 0 0 0 0 0 1 0 0 0 0 0 0 0 0 0 0 0 0 0 0 0 0 0 0 0 0 0 0 0 0 0 0 0 1 0 0 0 0 0 0 0 0 0 0 0 1 0 0 0 0 0
0 0 0 0 1 0 0 0 0 0 0 0 0 0 0 0 0 0 0 0 0 0 0 0 0 0 0 0 1 0 0 0 0 0 0 0 0 0 0 0 0 0 0 0 0 0 0 0 0 0 0 0 0 1 0 0 0 0 0 0 0
0 0 0 0 1 0 0 1 0 0 1 0 0 1 0 0 1 0 0 1 0 0 0 1 0 0 1 0 0 0 0 0 0 0 0 0 0 0 0 1 0 0 1 0 0 1 0 0 1 0 0 1 0 0 0 0 0 0 0 0 0
0 0 0 0 1 0 0 0 0 0 0 0 0 0 0 0 0 0 0 0 0 0 0 0 0 0 0 0 0 0 0 0 0 0 0 0 0 0 0 0 0 0 0 0 0 0 0 0 0 0 0 0 0 0 0 1 0 0 0 0 0
0 0 0 0 0 0 0 1 0 0 1 0 0 1 0 0 0 1 0 0 1 0 0 1 0 0 0 1 0 0 0 0 0 1 0 0 1 0 0 0 1 0 0 0 0 0 0 1 0 0 1 0 0 0 0 0 0 0 0 0 0
0 0 0 0 0 0 0 0 0 0 0 0 0 0 0 0 0 0 0 0 0 0 0 0 0 0 0 0 0 0 0 0 0 0 0 0 0 0 0 0 0 0 0 0 0 0 0 0 0 0 0 0 0 0 0 0 0 0 0 0 0
0 0 0 0 0 0 1 0 0 0 0 0 0 0 0 0 0 0 0 0 0 0 0 1 0 0 0 0 0 0 0 0 0 0 0 0 0 0 1 0 0 0 0 0 0 0 0 0 0 0 0 0 0 1 0 0 0 0 0 0 0
0 0 0 0 0 0 0 0 0 0 1 0 0 0 0 0 0 0 0 1 0 0 0 0 0 0 1 0 0 0 0 0 1 0 0 0 0 0 0 1 0 0 0 0 0 1 0 0 0 0 0 0 0 0 0 0 0 0 0 0 0
0 0 0 0 1 0 0 0 0 0 0 0 0 1 0 0 0 0 0 0 0 1 0 0 0 0 0 0 1 0 0 0 0 0 0 1 0 0 0 0 0 0 0 0 0 0 0 0 0 0 0 0 0 0 0 0 0 0 0 0 0
0 0 0 0 1 0 0 0 0 0 0 1 0 0 0 0 0 0 0 1 0 0 0 0 0 0 1 0 0 0 0 0 0 1 0 0 0 0 0 0 0 1 0 0 0 0 0 0 1 0 0 0 0 0 0 1 0 0 0 0 0
0 0 0 0 0 0 0 0 1 0 0 0 1 0 0 0 0 1 0 0 1 0 0 0 0 1 0 0 0 0 0 0 0 1 0 0 0 0 1 0 0 0 0 0 0 0 0 1 0 0 1 0 0 1 0 0 0 0 0 0 0
0 0 0 0 1 0 0 0 0 0 0 0 0 0 0 0 0 0 0 0 0 0 0 0 0 0 0 0 0 0 0 0 0 0 0 0 0 0 0 0 0 0 0 0 0 0 0 0 0 0 0 0 0 0 0 1 0 0 0 0 0
0 0 0 0 0 0 0 0 0 0 0 0 0 0 0 0 0 0 0 0 0 0 0 0 0 0 0 0 0 0 0 0 0 0 0 0 0 0 0 0 0 1 0 0 0 1 0 0 0 0 0 0 0 0 0 0 0 0 0 0 0
0 0 0 0 1 1 1 1 1 1 1 1 1 1 1 1 1 1 1 1 1 1 1 1 1 1 1 1 1 1 1 1 1 1 1 1 1 1 1 1 1 1 1 1 1 1 1 1 1 1 1 1 1 1 1 1 0 0 0 0 0
0 0 0 0 1 1 1 1 1 1 1 1 1 1 1 1 1 1 1 1 1 1 1 1 1 1 1 1 1 1 1 1 1 1 1 1 1 1 1 1 1 1 1 1 1 1 1 1 1 1 1 1 1 1 1 1 0 0 0 0 0
0 0 0 0 1 1 1 1 1 1 1 1 1 1 1 1 1 1 1 1 1 1 1 1 1 1 1 1 1 1 1 1 1 1 1 1 1 1 1 1 1 1 1 1 1 1 1 1 1 1 1 1 1 1 1 1 0 0 0 0 0
0 0 0 0 1 0 0 0 1 1 0 0 0 0 0 1 1 1 0 0 0 0 0 0 0 0 0 0 0 0 0 0 0 0 0 0 0 1 0 0 1 0 1 1 1 1 1 1 1 1 1 1 1 1 1 1 0 0 0 0 0
0 0 0 0 1 1 1 1 1 1 1 1 1 1 1 1 1 1 1 1 1 1 1 1 1 1 1 1 1 1 1 1 1 1 1 1 1 1 1 1 1 1 1 1 1 1 1 1 1 1 1 1 1 1 1 1 0 0 0 0 0
0 0 0 0 1 1 1 1 0 0 0 1 1 0 0 0 0 0 0 0 1 0 1 0 0 0 0 0 0 1 1 0 0 0 0 0 1 1 0 1 0 0 0 1 0 0 0 1 0 0 0 0 1 1 0 0 0 0 0 0 0
0 0 0 0 0 0 0 0 0 0 0 0 0 0 0 0 0 0 0 0 0 0 1 0 0 0 0 1 0 0 0 0 0 0 0 0 0 0 0 0 0 0 0 0 0 0 0 1 0 0 0 0 0 0 0 0 0 0 0 0 0
0 0 0 0 0 0 0 0 0 0 0 0 0 0 0 0 0 0 0 0 0 0 0 0 0 0 0 0 0 0 0 0 0 0 0 0 0 0 0 0 0 0 0 0 0 0 0 0 0 0 0 0 0 0 0 0 0 0 0 0 0

y
0.0 0.3636363636363633 0.0 0.0 0.0 0.3636363636363633 0.0 0.0 0.0 9.178571428571429 0.0 0.0 9.363636363636363 0.0 11.5 0.0 1.8000000000000007 0.0 0.875 0.0 0.0 0.0 0.0 0.33333333333333304 0.0 0.0 0.0 0.0 1.4500000000000002 0.0 0.0 0.0 0.5048543689320388 0.0 0.0 4.0 0.0

k
0 8 0 0 0 7 0 0 0 27 0 0 10 1 5 0 3 0 12 0 0 6 0 4 1 0 0 0 19 0 0 0 82 0 35 49 6

f
1.0500000000000114 10.500000000000012 0.0 4.200000000000012 1.0500000000000096 0.0 0.0 0.0 0.0 0.0 0.0 0.0 0.0 0.0 0.0 0.0 0.0 0.0 0.0 0.0 0.0 0.0 0.0 0.0 0.0 0.0 0.0 0.0 0.0 0.0 7.350000000000007 0.0 0.0 0.0 0.0 0.0 0.0 0.0 0.0 0.0 0.0 0.0 0.0 0.0 0.0 0.0 0.0 48.30000000000001 23.10000000000001 0.0 0.0 4.200000000000017 0.0 0.0 0.0 0.0 0.0 0.0 0.0 0.0 0.0
0.0 0.0 0.0 0.0 0.0 0.0 0.0 0.0 0.0 0.0 0.0 0.0 0.0 0.0 0.0 0.0 0.0 0.0 0.0 0.0 0.0 0.0 0.0 0.0 0.0 0.0 0.0 0.0 0.0 0.0 0.0 0.0 0.0 0.0 0.0 0.0 0.0 0.0 0.0 0.0 0.0 0.0 0.0 0.0 0.0 0.0 0.0 0.0 0.0 0.0 0.0 0.0 0.0 0.0 0.0 0.0 0.0 0.0 0.0 0.0 0.0
0.0 0.0 0.0 0.0 0.0 0.0 0.0 0.0 0.0 0.0 0.0 0.0 0.0 0.0 0.0 0.0 0.0 0.0 0.0 0.0 0.0 0.0 0.0 0.0 0.0 0.0 0.0 0.0 0.0 0.0 0.0 0.0 0.0 0.0 0.0 0.0 0.0 0.0 0.0 0.0 0.0 0.0 0.0 0.0 0.0 0.0 0.0 0.0 0.0 0.0 0.0 0.0 0.0 0.0 0.0 0.0 0.0 0.0 0.0 0.0 0.0
0.0 0.45000000000000284 0.0 0.0 0.0 3.150000000000006 0.0 0.0 0.0 2.250000000000009 5.400000000000015 2.700000000000014 0.0 0.0 0.0 4.500000000000008 0.0 0.9000000000000217 9.450000000000008 1.3500000000000068 9.450000000000003 0.4500000000000135 7.650000000000006 2.7000000000000006 8.43769498715119e-15 12.150000000000004 8.43769498715119e-15 1.8000000000000131 8.43769498715119e-15 0.9000000000000092 0.0 0.9000000000000075 3.6000000000000063 0.0 0.9000000000000128 3.1500000000000026 1.9095836023552692e-14 2.7000000000000117 0.0 4.050000000000018 3.1500000000000203 2.7000000000000104 0.45000000000002416 0.0 0.0 0.0 1.3500000000000139 0.0 0.0 3.5999999999999632 6.750000000000002 1.349999999999973 0.0 0.0 0.0 0.0 0.0 0.0 0.0 0.0 0.0

L
1 5 2 4 2 5 3 14 49 11 12 15 14 4 20 0 12 24 3 51 3 0 15 6 7 7 3 51 4 1 1 1 1 1 1 5 0

g
0 0 0 0 0 0 0 0 0 0 0 0 0 0 0 0 0 0 0 0 0 0 0 0 0 0 0 0 0 0 0 0 0 0 0 0 0 0 0 0 0 0 0 0 0 0 0 0 0 0 0 0 0 0 0 0 0 0 0 0 0
0 0 0 0 0 0 0 0 0 0 0 0 0 0 0 0 0 0 0 0 0 0 0 0 0 0 0 0 0 0 0 0 0 0 0 0 0 0 0 0 0 0 0 0 0 0 0 0 0 0 0 0 0 0 0 0 0 0 0 0 0
0 0 0 0 0 0 0 0 0 0 0 0 0 0 0 0 0 0 0 0 0 0 0 0 0 0 0 0 0 0 0 0 0 0 0 0 0 0 0 0 0 0 0 0 0 0 0 0 0 0 0 0 0 0 0 0 0 0 0 0 0
0 0 0 0 0 0 0 0 0 0 0 0 0 0 0 0 0 0 0 0 0 0 0 0 0 0 0 0 0 0 0 0 0 0 0 0 0 0 0 0 0 0 0 0 0 0 0 0 0 0 0 0 0 0 0 0 0 0 0 0 0
0 0 0 0 0 0 0 0 0 0 0 0 0 0 0 0 0 0 0 0 0 0 0 0 0 0 0 0 0 0 0 0 0 0 0 0 0 0 0 0 0 0 0 0 0 0 0 0 0 0 0 0 0 0 0 0 0 0 0 0 0
0 0 0 0 0 0 0 0 0 0 0 0 0 0 0 0 0 0 0 0 0 0 0 0 0 0 0 0 0 0 0 0 0 0 0 0 0 0 0 0 0 0 0 0 0 0 0 0 0 0 0 0 0 0 0 0 0 0 0 0 0
0 0 0 0 0 0 0 0 0 0 0 0 0 0 0 0 0 0 0 0 0 0 0 0 0 0 0 0 0 0 0 0 0 0 0 0 0 0 0 0 0 0 0 0 0 0 0 0 0 0 0 0 0 0 0 0 0 0 0 0 0
0 0 0 0 0 0 0 0 0 0 0 0 0 0 0 0 0 0 0 0 0 0 0 0 0 0 0 0 0 0 0 0 0 0 0 0 0 0 0 0 0 0 0 0 0 0 0 0 0 0 0 0 0 0 0 0 0 0 0 0 0
0 0 0 0 0 0 0 0 0 0 0 0 0 0 0 0 0 0 0 0 0 0 0 0 0 0 0 0 0 0 0 0 0 0 0 0 0 0 0 0 0 0 0 0 0 0 0 0 0 0 0 0 0 0 0 0 0 0 0 0 0
0 0 0 0 0 0 0 0 0 0 0 0 0 0 0 0 0 0 0 0 0 0 0 0 0 0 0 0 0 0 0 0 0 0 0 0 0 0 0 0 0 0 0 0 0 0 0 0 0 0 0 0 0 0 0 0 0 0 0 0 0
0 0 0 0 0 0 0 0 0 0 0 0 0 0 0 0 0 0 0 0 0 0 0 0 0 0 0 0 0 0 0 0 0 0 0 0 0 0 0 0 0 0 0 0 0 0 0 0 0 0 0 0 0 0 0 0 0 0 0 0 0
0 0 0 0 0 0 0 0 0 0 0 0 0 0 0 0 0 0 0 0 0 0 0 0 0 0 0 0 0 0 0 0 0 0 0 0 0 0 0 0 0 0 0 0 0 0 0 0 0 0 0 0 0 0 0 0 0 0 0 0 0
0 0 0 0 0 0 0 0 0 0 0 0 0 0 0 0 0 0 0 0 0 0 0 0 0 0 0 0 0 0 0 0 0 0 0 0 0 0 0 0 0 0 0 0 0 0 0 0 0 0 0 0 0 0 0 0 0 0 0 0 0
0 0 0 0 0 0 0 0 0 0 0 0 0 0 0 0 0 0 0 0 0 0 0 0 0 0 0 0 0 0 0 0 0 0 0 0 0 0 0 0 0 0 0 0 0 0 0 0 0 0 0 0 0 0 0 0 0 0 0 0 0
0 0 0 0 0 0 0 0 0 0 0 0 0 0 0 0 0 0 0 0 0 0 0 0 0 0 0 0 0 0 0 0 0 0 0 0 0 0 0 0 0 0 0 0 0 0 0 0 0 0 0 0 0 0 0 0 0 0 0 0 0
0 0 0 0 0 0 0 0 0 0 0 0 0 0 0 0 0 0 0 0 0 0 0 0 0 0 0 0 0 0 0 0 0 0 0 0 0 0 0 0 0 0 0 0 0 0 0 0 0 0 0 0 0 0 0 0 0 0 0 0 0
0 0 0 0 0 0 0 0 0 0 0 0 0 0 0 0 0 0 0 0 0 0 0 0 0 0 0 0 0 0 0 0 0 0 0 0 0 0 0 0 0 0 0 0 0 0 0 0 0 0 0 0 0 0 0 0 0 0 0 0 0
0 0 0 0 0 0 0 0 0 0 0 0 0 0 0 0 0 0 0 0 0 0 0 0 0 0 0 0 0 0 0 0 0 0 0 0 0 0 0 0 0 0 0 0 0 0 0 0 0 0 0 0 0 0 0 0 0 0 0 0 0
0 0 0 0 0 0 0 0 0 0 0 0 0 0 0 0 0 0 0 0 0 0 0 0 0 0 0 0 0 0 0 0 0 0 0 0 0 0 0 0 0 0 0 0 0 0 0 0 0 0 0 0 0 0 0 0 0 0 0 0 0
0 0 0 0 0 0 0 0 0 0 0 0 0 0 0 0 0 0 0 0 0 0 0 0 0 0 0 0 0 0 0 0 0 0 0 0 0 0 0 0 0 0 0 0 0 0 0 0 0 0 0 0 0 0 0 0 0 0 0 0 0
0 0 0 0 0 0 0 0 0 0 0 0 0 0 0 0 0 0 0 0 0 0 0 0 0 0 0 0 0 0 0 0 0 0 0 0 0 0 0 0 0 0 0 0 0 0 0 0 0 0 0 0 0 0 0 0 0 0 0 0 0
0 0 0 0 0 0 0 0 0 0 0 0 0 0 0 0 0 0 0 0 0 0 0 0 0 0 0 0 0 0 0 0 0 0 0 0 0 0 0 0 0 0 0 0 0 0 0 0 0 0 0 0 0 0 0 0 0 0 0 0 0
0 0 0 0 0 0 0 0 0 0 0 0 0 0 0 0 0 0 0 0 0 0 0 0 0 0 0 0 0 0 0 0 0 0 0 0 0 0 0 0 0 0 0 0 0 0 0 0 0 0 0 0 0 0 0 0 0 0 0 0 0
0 0 0 0 0 0 0 0 0 0 0 0 0 0 0 0 0 0 0 0 0 0 0 0 0 0 0 0 0 0 0 0 0 0 0 0 0 0 0 0 0 0 0 0 0 0 0 0 0 0 0 0 0 0 0 0 0 0 0 0 0
0 0 0 0 0 0 0 0 0 0 0 0 0 0 0 0 0 0 0 0 0 0 0 0 0 0 0 0 0 0 0 0 0 0 0 0 0 0 0 0 0 0 0 0 0 0 0 0 0 0 0 0 0 0 0 0 0 0 0 0 0
0 0 0 0 0 0 0 0 0 0 0 0 0 0 0 0 0 0 0 0 0 0 0 0 0 0 0 0 0 0 0 0 0 0 0 0 0 0 0 0 0 0 0 0 0 0 0 0 0 0 0 0 0 0 0 0 0 0 0 0 0
0 0 0 0 0 0 0 0 0 0 0 0 0 0 0 0 0 0 0 0 0 0 0 0 0 0 0 0 0 0 0 0 0 0 0 0 0 0 0 0 0 0 0 0 0 0 0 0 0 0 0 0 0 0 0 0 0 0 0 0 0
0 0 0 0 0 0 0 0 0 0 0 0 0 0 0 0 0 0 0 0 0 0 0 0 0 0 0 0 0 0 0 0 0 0 0 0 0 0 0 0 0 0 0 0 0 0 0 0 0 0 0 0 0 0 0 0 0 0 0 0 0
0 0 0 0 0 0 0 0 0 0 0 0 0 0 0 0 0 0 0 0 0 0 0 0 0 0 0 0 0 0 0 0 0 0 0 0 0 0 0 0 0 0 0 0 0 0 0 0 0 0 0 0 0 0 0 0 0 0 0 0 0
0 0 0 0 0 0 0 0 0 0 0 0 0 0 0 0 0 0 0 0 0 0 0 0 0 0 0 0 0 0 0 0 0 0 0 0 0 0 0 0 0 0 0 0 0 0 0 0 0 0 0 0 0 0 0 0 0 0 0 0 0
0 0 0 0 0 0 0 0 0 0 0 0 0 0 0 0 0 0 0 0 0 0 0 0 0 0 0 0 0 0 0 0 0 0 0 0 0 0 0 0 0 0 0 0 0 0 0 0 0 0 0 0 0 0 0 0 0 0 0 0 0
0 0 0 0 0 0 0 0 0 0 0 0 0 0 0 0 0 0 0 0 0 0 0 0 0 0 0 0 0 0 0 0 0 0 0 0 0 0 0 0 0 0 0 0 0 0 0 0 0 0 0 0 0 0 0 0 0 0 0 0 0
0 0 0 0 0 0 0 0 0 0 0 0 0 0 0 0 0 0 0 0 0 0 0 0 0 0 0 0 0 0 0 0 0 0 0 0 0 0 0 0 0 0 0 0 0 0 0 0 0 0 0 0 0 0 0 0 0 0 0 0 0
0 0 0 0 0 0 0 0 0 0 0 0 0 0 0 0 0 0 0 0 0 0 0 0 0 0 0 0 0 0 0 0 0 0 0 0 0 0 0 0 0 0 0 0 0 0 0 0 0 0 0 0 0 0 0 0 0 0 0 0 0
0 0 0 0 0 0 0 0 0 0 0 0 0 0 0 0 0 0 0 0 0 0 0 0 0 0 0 0 0 0 0 0 0 0 0 0 0 0 0 0 0 0 0 0 0 0 0 0 0 0 0 0 0 0 0 0 0 0 0 0 0
0 0 0 0 0 0 0 0 0 0 0 0 0 0 0 0 0 0 0 0 0 0 0 0 0 0 0 0 0 0 0 0 0 0 0 0 0 0 0 0 0 0 0 0 0 0 0 0 0 0 0 0 0 0 0 0 0 0 0 0 0
0 0 0 0 0 0 0 0 0 0 0 0 0 0 0 0 0 0 0 0 0 0 0 0 0 0 0 0 0 0 0 0 0 0 0 0 0 0 0 0 0 0 0 0 0 0 0 0 0 0 0 0 0 0 0 0 0 0 0 0 0

I cap
1058.909090909091 1058.909090909091 1038.509090909091 1021.1090909090909 971.8 885.5999999999999 631.5799999999999 1048.74 502.94000000000005 679.8 385.56000000000006 435.3400000000001 592.56 480.64000000000004 580.9200000000001 686.849090909091 668.5690909090911 471.489090909091 417.34909090909105 476.0090909090911 463.98909090909103 433.34909090909105 765.509090909091 720.809090909091 836.009090909091 542.909090909091 450.369090909091 526.3490909090909 470.069090909091 746.0690909090911 566.669090909091 594.349090909091 541.5090909090911 286.809090909091 133.56000000000006 178.10000000000005 308.7200000000001 500.9200000000001 576.0799999999999 544.6199999999999 595.2199999999999 348.15999999999997 415.9200000000001 359.06000000000006 633.8400000000001 393.68000000000006 762.76 653.4 517.28 197.40000000000015 404.0399999999999 373.15999999999997 661.38 612.58 808.58 840.3 723.2690909090909 782.349090909091 976.349090909091 1058.909090909091 1058.909090909091
107.96969696969697 107.96969696969697 107.96969696969697 96.36969696969697 25.0 39.400000000000006 1.4200000000000066 60.260000000000005 10.060000000000002 57.199999999999996 55.440000000000005 86.66000000000001 86.44 65.36 81.08000000000001 87.02969696969697 58.30969696969697 49.38969696969698 38.52969696969697 80.86969696969697 41.88969696969697 49.52969696969697 47.369696969696975 52.06969696969697 14.86969696969697 27.96969696969697 54.50969696969697 85.52969696969697 71.80969696969697 74.80969696969697 55.209696969696985 58.52969696969697 58.369696969696975 35.06969696969696 62.44 15.899999999999999 11.280000000000008 11.080000000000005 35.92 38.38 20.779999999999994 36.839999999999996 16.080000000000002 30.94000000000001 44.16 62.31999999999999 88.24 90.60000000000001 80.72 1.6000000000000156 20.960000000000008 16.840000000000018 31.619999999999997 8.020000000000008 24.02 1.499999999999993 32.60969696969697 43.52969696969697 104.52969696969697 107.96969696969697 107.96969696969697
38.96666666666666 38.96666666666666 14.033333333333328 1.3583333333333272 8.29166666666666 22.325 21.624999999999996 16.833333333333336 18.23333333333334 17.53333333333334 9.133333333333331 7.733333333333336 2.833333333333334 14.733333333333333 9.833333333333334 17.299999999999997 31.96666666666666 17.299999999999997 17.299999999999997 17.299999999999997 17.299999999999997 17.299999999999997 24.299999999999997 17.299999999999997 17.299999999999997 17.299999999999997 31.96666666666666 4.6249999999999964 4.6249999999999964 11.624999999999996 26.29166666666666 38.96666666666666 38.96666666666666 24.299999999999997 9.133333333333335 4.2333333333333325 3.533333333333333 8.433333333333335 12.633333333333331 23.799999999999997 16.133333333333333 18.23333333333334 25.23333333333334 39.2 36.400000000000006 34.3 38.5 29.43333333333333 23.133333333333333 24.53333333333334 27.333333333333336 27.333333333333336 18.158333333333335 4.391666666666666 13.491666666666664 23.69166666666667 38.96666666666666 38.96666666666666 38.96666666666666 38.96666666666666 38.96666666666666
45.24545454545453 45.24545454545453 45.24545454545453 37.195454545454524 18.970000000000006 28.769999999999992 21.649999999999995 27.999999999999996 19.029999999999998 22.499999999999993 18.85999999999999 15.959999999999997 17.560000000000006 15.88 9.660000000000005 27.045454545454515 27.68545454545452 26.695454545454513 21.64545454545452 26.12545454545452 25.855454545454517 24.145454545454527 25.365454545454526 28.535454545454524 26.875454545454527 22.01545454545452 21.265454545454524 25.125454545454524 25.375454545454524 32.71545454545452 26.80545454545452 26.39545454545452 23.645454545454527 21.895454545454523 25.389999999999993 20.189999999999998 22.669999999999995 20.449999999999996 25.38 37.81999999999999 22.96 27.669999999999984 35.33999999999999 26.259999999999987 29.779999999999994 30.649999999999988 29.449999999999985 26.179999999999982 24.96999999999999 24.699999999999996 35.259999999999984 31.399999999999995 34.84999999999998 33.11999999999998 27.149999999999995 36.48 43.20545454545452 43.41545454545452 44.615454545454526 45.24545454545453 45.24545454545453
20.999999999999993 20.999999999999993 20.999999999999993 20.34999999999999 9.89 16.189999999999994 5.660000000000005 9.200000000000003 5.07 5.949999999999996 6.799999999999996 7.679999999999996 9.760000000000003 12.330000000000002 4.890000000000001 7.239999999999994 7.849999999999995 7.919999999999991 4.839999999999993 8.129999999999994 7.779999999999993 7.099999999999993 7.809999999999993 8.269999999999994 7.329999999999995 5.609999999999994 4.819999999999993 7.299999999999994 5.579999999999993 11.089999999999993 7.129999999999995 6.809999999999994 6.289999999999994 6.269999999999993 10.53 12.979999999999993 9.549999999999995 8.299999999999997 9.119999999999997 7.719999999999999 2.85 5.459999999999999 6.339999999999997 8.729999999999997 8.88 7.069999999999996 9.469999999999997 8.830000000000002 10.529999999999998 1.789999999999997 6.399999999999999 4.850000000000001 6.029999999999997 4.9899999999999975 6.929999999999995 9.77 14.239999999999991 17.30999999999999 20.789999999999992 20.999999999999993 20.999999999999993
345.75757575757575 345.75757575757575 345.75757575757575 312.8163992869875 202.52941176470588 214.00000000000003 224.04000000000002 207.77 218.81000000000003 208.30999999999997 176.17999999999998 198.28 230.94 218.31999999999996 195.05999999999997 217.36757575757574 178.85757575757572 195.53757575757575 215.61757575757574 228.07757575757574 236.7575757575758 227.2775757575758 234.49757575757582 216.2675757575758 208.38757575757577 201.37757575757578 203.26757575757577 219.42757575757582 235.6975757575758 244.56757575757575 241.19757575757575 234.0075757575757 206.61757575757574 201.38757575757572 129.37 170.74 202.52 225.06 227.37000000000006 219.76000000000005 205.79000000000005 256.82 203.78 216.73 189.82 182.04 197.69000000000003 257.62 292.57000000000005 259.53000000000003 257.43 233.54000000000002 261.15000000000003 311.26000000000005 311.42 285.7711764705882 252.00816399286984 302.71757575757573 341.76757575757574 345.75757575757575 345.75757575757575
779.7575757575758 779.7575757575758 779.7575757575758 676.7075757575758 554.86 744.3100000000001 734.9899999999999 671.65 602.93 682.17 633.58 713.52 788.54 770.82 621.9300000000001 508.4575757575759 491.0175757575757 575.7575757575759 587.3775757575758 661.5775757575758 648.8475757575758 632.6075757575759 661.7475757575758 669.3975757575757 641.4275757575757 543.6375757575757 558.7575757575756 625.8775757575758 624.5675757575757 743.7775757575757 640.1275757575758 635.6375757575759 632.8175757575757 636.8975757575757 543.5300000000001 642.83 662.9200000000001 676.4399999999999 676.2 517.3000000000001 510.72 519.7899999999998 486.66 423.72999999999996 458.6699999999999 403.36999999999995 453.33000000000004 462.55 467.44000000000017 302.34999999999997 439.33000000000004 374.78 416.39000000000004 471.05 498.1100000000001 502.98 697.9575757575757 719.8475757575758 764.8475757575758 779.7575757575758 779.7575757575758
80.73333333333335 80.73333333333335 80.73333333333335 77.63333333333334 59.48666666666665 78.82000000000001 68.16 77.21 69.93999999999997 77.32999999999998 66.26000000000002 75.72 87.64 86.81999999999998 76.2 67.71333333333335 68.01333333333334 68.22333333333334 65.91333333333336 68.85333333333334 68.85333333333334 68.34333333333335 69.24333333333334 69.69333333333334 66.51333333333334 63.69333333333334 64.55333333333334 68.21333333333335 66.92333333333335 71.70333333333335 66.49333333333334 66.74333333333335 65.63333333333335 65.54333333333335 37.58999999999999 59.28999999999999 67.9 62.99000000000001 64.83000000000001 68.33000000000001 64.52999999999999 66.69 68.96000000000002 72.33999999999999 77.54 79.83 75.33000000000001 70.02 66.14999999999999 59.98 63.91000000000001 57.759999999999984 54.29999999999999 51.54999999999999 53.440000000000005 51.66999999999999 74.46666666666668 77.94333333333336 80.10333333333335 80.73333333333335 80.73333333333335
10.775757575757575 10.775757575757575 10.775757575757575 10.775757575757575 4.15 2.750000000000001 1.7499999999999991 2.049999999999999 3.5500000000000003 3.3500000000000005 5.000000000000001 7.3 2.1000000000000005 2.200000000000001 6.3999999999999995 6.545757575757575 0.1557575757575762 1.9857575757575758 5.975757575757576 5.975757575757576 2.8657575757575753 1.3757575757575757 0.9157575757575751 0.8157575757575755 2.7257575757575747 0.9157575757575762 2.0757575757575752 1.835757575757576 6.635757575757576 2.845757575757575 1.1457575757575755 4.345757575757576 7.365757575757575 8.375757575757575 3.6000000000000005 1.1500000000000001 2.0500000000000007 1.0499999999999998 0.18999999999999972 0.0 1.4400000000000013 3.8900000000000006 0.7000000000000011 6.569999999999999 1.280000000000002 1.5100000000000007 0.7000000000000011 4.769999999999999 2.0700000000000003 1.3199999999999983 3.5599999999999996 2.770000000000002 0.33000000000000096 1.9399999999999986 2.6500000000000004 2.169999999999999 0.1557575757575762 4.385757575757576 10.775757575757575 10.775757575757575 10.775757575757575
2.545454545454545 2.545454545454545 2.545454545454545 1.645454545454545 1.3599999999999999 0.5599999999999999 1.4500000000000002 1.4700000000000002 0.97 0.5400000000000003 0.82 0.1399999999999999 0.5599999999999999 0.6300000000000002 0.2100000000000002 0.4454545454545452 0.23545454545454514 0.4454545454545452 0.4454545454545452 1.0754545454545452 0.6554545454545451 1.165454545454545 0.03545454545454518 0.03545454545454518 1.555454545454545 0.565454545454545 1.075454545454545 0.03545454545454518 0.03545454545454518 1.915454545454545 1.915454545454545 1.0754545454545452 0.4454545454545452 0.4454545454545452 0.49000000000000055 0.21999999999999997 0.040000000000000036 0.3600000000000001 0.9099999999999998 0.019999999999999907 0.4600000000000002 0.030000000000000138 0.82 0.1399999999999999 0.6300000000000002 1.33 0.6300000000000002 0.7300000000000004 0.16999999999999993 0.4299999999999998 0.8100000000000003 0.09999999999999976 0.5499999999999999 0.9900000000000005 0.7000000000000001 0.2500000000000002 0.9854545454545451 1.195454545454545 1.915454545454545 2.545454545454545 2.545454545454545
8.515433299825174 8.515433299825174 8.515433299825174 7.807629307084703 5.077409655172411 5.72415293103448 4.422730948275859 5.573169827586204 8.144710172413792 6.946512499999997 8.002534137931033 7.562444999999999 7.122245517241378 6.2279470689655145 6.391917844827583 5.7879898275862045 5.388520689655171 4.810165517241376 4.480475172413791 5.3082735344827565 4.787515297805641 6.052609137931033 6.124155344827583 5.110750862068964 6.204807011494252 5.581463275862067 4.770385862068964 6.82185844827586 7.07975672413793 5.727673103448273 7.11264120689655 6.496787068965516 6.000741379310344 5.357524856321837 8.613650747126439 10.06288120689655 4.403336896551722 5.807619310344826 6.011031379310343 5.783877241379309 4.52789120689655 3.851602758620688 3.446665344827583 4.668448965517239 3.708633103448274 4.140371896551722 2.636242413793102 3.717136551724135 3.007132931034479 3.855568103448274 5.436340344827583 4.187922241379307 5.00992568965517 4.705003275862066 6.537258275862065 4.994793130671503 7.19359404695161 7.308536575687242 8.515433299825174 8.515433299825174 8.170605713618277
700.0 700.0 699.0 697.0 684.0 685.0 676.0 685.0 685.0 687.0 680.0 683.0 682.0 680.0 682.0 678.0 688.0 683.0 684.0 681.0 678.0 680.0 686.0 674.0 684.0 683.0 685.0 678.0 677.0 680.0 680.0 688.0 684.0 676.0 683.0 680.0 679.0 683.0 684.0 685.0 681.0 678.0 679.0 684.0 687.0 681.0 687.0 680.0 678.0 682.0 681.0 684.0 684.0 678.0 678.0 675.0 690.0 691.0 695.0 700.0 697.0

H cap
-1.0500000000000114 -10.500000000000012 14.699999999999989 -4.200000000000012 -1.0500000000000096 8.399999999999993 65.09999999999998 65.09999999999998 49.349999999999994 30.44999999999999 74.54999999999998 55.64999999999999 8.399999999999993 11.549999999999983 20.999999999999986 46.19999999999999 58.79999999999998 36.749999999999986 33.599999999999994 24.14999999999999 20.999999999999986 24.14999999999999 14.69999999999999 52.499999999999986 61.94999999999999 14.699999999999989 14.69999999999999 33.599999999999994 65.1 30.44999999999999 -7.350000000000007 65.1 93.44999999999999 24.14999999999999 5.25 24.14999999999999 5.249999999999989 27.299999999999983 65.09999999999998 52.499999999999986 24.14999999999999 27.299999999999983 36.749999999999986 39.89999999999999 68.24999999999999 46.19999999999999 39.89999999999999 -48.30000000000001 -23.10000000000001 11.549999999999997 2.099999999999996 -4.200000000000017 5.249999999999986 131.25 131.25 131.25 131.25 131.25 131.25 131.25 131.25
31.799999999999986 16.49999999999999 12.899999999999991 12.899999999999999 12.899999999999991 10.649999999999999 15.59999999999999 15.599999999999994 14.249999999999993 19.19999999999999 20.099999999999994 10.199999999999992 10.199999999999992 10.649999999999991 8.399999999999995 17.849999999999994 19.649999999999995 16.94999999999999 11.999999999999993 14.249999999999993 21.89999999999999 17.849999999999994 19.64999999999999 16.949999999999992 19.64999999999999 17.849999999999998 11.549999999999997 13.349999999999994 17.39999999999999 16.949999999999992 15.149999999999988 20.099999999999994 15.599999999999998 8.399999999999999 16.499999999999993 20.99999999999999 14.699999999999989 11.09999999999999 9.299999999999997 3.899999999999997 5.699999999999998 10.649999999999991 12.449999999999996 4.349999999999989 7.049999999999996 10.199999999999992 9.3 7.049999999999986 7.050000000000003 8.399999999999991 8.849999999999994 8.849999999999987 24.600000000000005 52.5 52.5 52.5 52.5 52.5 52.5 52.5 52.5
44.10000000000001 40.95000000000001 47.25000000000001 44.10000000000001 50.400000000000006 50.400000000000006 47.25000000000001 44.10000000000001 47.25000000000001 53.550000000000004 53.550000000000004 50.400000000000006 47.25000000000001 44.10000000000001 47.25000000000001 44.10000000000001 44.10000000000001 50.400000000000006 53.550000000000004 50.400000000000006 47.25000000000001 50.400000000000006 40.95000000000001 44.10000000000001 53.550000000000004 47.25000000000001 50.400000000000006 56.7 53.550000000000004 44.10000000000001 44.10000000000001 53.550000000000004 56.7 56.7 53.550000000000004 47.25000000000001 50.400000000000006 44.10000000000001 40.95000000000001 50.400000000000006 50.400000000000006 44.10000000000001 47.25000000000001 50.400000000000006 47.25000000000001 44.10000000000001 47.25000000000001 40.95000000000001 44.10000000000001 47.25000000000001 44.10000000000001 44.10000000000001 47.25000000000001 63.0 63.0 63.0 63.0 63.0 63.0 63.0 63.0
8.549999999999997 -0.45000000000000284 8.550000000000031 3.5999999999999885 1.8000000000000247 -3.150000000000006 4.949999999999996 0.899999999999983 21.149999999999984 -2.250000000000009 -5.400000000000015 -2.700000000000014 3.5999999999999885 17.099999999999987 0.4499999999999802 -4.500000000000008 15.749999999999988 -0.9000000000000217 -9.450000000000008 -1.3500000000000068 -9.450000000000003 -0.4500000000000135 -7.650000000000006 -2.7000000000000006 -8.43769498715119e-15 -12.150000000000004 -8.43769498715119e-15 -1.8000000000000131 -8.43769498715119e-15 -0.9000000000000092 6.299999999999997 -0.9000000000000075 -3.6000000000000063 10.349999999999982 -0.9000000000000128 -3.1500000000000026 -1.9095836023552692e-14 -2.7000000000000117 5.849999999999989 -4.050000000000018 -3.1500000000000203 -2.7000000000000104 -0.45000000000002416 1.7999999999999963 14.849999999999978 1.8000000000000265 -1.3500000000000139 0.9000000000000079 9.899999999999993 -3.5999999999999632 -6.750000000000002 -1.349999999999973 9.9 78.75 78.75 78.75 78.75 78.75 78.75 78.75 78.75

Gap
0.24695039546444428


