T P M C
22 37 4 12

base obj
12.187728937728938

exp obj
13.515796703296704

Objective struct
12.187728937728938 0.0 17.5

num campaigns
111

x
0 0 0 0 0 0 1 0 0 0 0 0 1 0 1 0 1 0 0 0 0 0
0 0 0 0 0 0 0 0 0 0 0 0 0 0 0 0 0 0 0 0 0 0
0 0 0 0 0 0 0 0 1 0 0 0 1 0 0 0 0 0 0 0 0 0
0 0 0 0 1 0 0 0 0 0 1 0 0 0 0 0 1 0 0 0 0 0
0 0 0 0 1 0 0 1 0 0 1 0 0 1 0 0 1 0 0 0 0 0
0 0 0 0 0 0 1 0 0 0 0 0 1 0 0 0 0 0 0 0 0 0
0 0 0 0 1 0 0 0 0 0 1 0 0 0 0 0 1 0 0 0 0 0
0 0 0 0 0 0 0 0 0 0 1 0 0 0 0 0 0 0 0 0 0 0
0 0 0 0 1 0 0 0 0 0 0 0 0 0 0 0 0 0 0 0 0 0
0 0 0 0 0 0 1 0 0 0 0 0 1 0 0 0 0 0 0 0 0 0
0 0 0 0 1 0 0 0 0 0 0 0 0 0 0 0 1 0 0 0 0 0
0 0 0 0 0 0 0 0 0 0 0 0 0 0 0 0 1 0 0 0 0 0
0 0 0 0 0 0 0 0 1 0 0 0 0 0 0 0 0 0 0 0 0 0
0 0 0 0 1 0 0 0 0 0 1 0 0 0 0 0 0 0 0 0 0 0
0 0 0 0 0 0 0 0 0 0 0 0 0 0 0 0 0 0 0 0 0 0
0 0 0 0 0 0 0 0 0 0 1 0 0 0 0 0 0 0 0 0 0 0
0 0 0 0 1 0 0 0 0 0 0 0 0 0 0 0 1 0 0 0 0 0
0 0 0 0 0 0 0 0 0 0 0 0 0 0 1 0 0 0 0 0 0 0
0 0 0 0 1 0 1 0 1 0 0 0 1 0 1 0 1 0 0 0 0 0
0 0 0 0 1 0 0 0 0 0 0 0 0 0 0 0 0 0 0 0 0 0
0 0 0 0 1 0 0 0 0 0 1 0 0 0 0 0 1 0 0 0 0 0
0 0 0 0 0 0 0 0 0 0 0 0 0 0 0 0 0 0 0 0 0 0
0 0 0 0 0 0 0 0 1 0 0 0 0 0 0 0 0 0 0 0 0 0
0 0 0 0 0 0 0 0 0 0 0 0 0 0 1 0 0 0 0 0 0 0
0 0 0 0 0 0 0 0 0 0 0 0 0 0 0 0 0 0 0 0 0 0
0 0 0 0 1 0 0 0 0 0 0 0 0 0 0 0 1 0 0 0 0 0
0 0 0 0 0 0 1 0 0 0 0 0 0 0 1 0 0 0 0 0 0 0
0 0 0 0 0 0 0 0 1 0 0 0 0 0 0 0 0 0 0 0 0 0
0 0 0 0 0 0 0 0 0 0 0 0 0 0 0 0 0 0 0 0 0 0
0 0 0 0 1 1 1 1 1 1 1 1 1 1 1 1 1 0 0 0 0 0
0 0 0 0 1 1 1 1 1 1 1 1 1 1 1 1 1 0 0 0 0 0
0 0 0 0 1 1 1 1 1 1 1 1 1 1 1 1 1 0 0 0 0 0
0 0 0 0 0 0 1 0 1 0 1 0 0 0 1 0 0 0 0 0 0 0
0 0 0 0 1 1 1 1 1 1 1 1 1 1 1 1 1 0 0 0 0 0
0 0 0 0 0 0 0 0 1 0 0 1 0 1 1 1 0 0 0 0 0 0
0 0 0 0 0 0 0 0 0 0 0 0 0 0 0 0 0 0 0 0 0 0
0 0 0 0 0 0 0 0 0 0 0 0 0 0 0 0 0 0 0 0 0 0

y
0.0 0.0 0.0 0.0 0.0 0.0 0.0 0.0 0.0 4.285714285714286 0.0 0.0 0.0 0.0 0.0 0.0 0.0 0.0 0.0 0.0 0.0 0.0 0.0 0.0 0.0 0.0 2.0 0.0 0.0 0.0 0.0 0.0 1.52 0.0 0.0 0.0 0.0

k
0 3 2 0 0 1 0 0 0 6 0 0 2 1 2 0 0 0 1 0 0 2 0 2 2 0 1 0 6 0 0 0 22 0 8 13 2

f
0.0 0.0 0.0 5.25 0.0 0.0 0.0 0.0 0.0 0.0 5.25 0.0 5.25 5.25 0.0 0.0 0.0 0.0 0.0 0.0 0.0 0.0
0.0 0.0 0.0 0.0 0.0 0.0 0.0 0.0 0.0 0.0 0.0 0.0 0.0 0.0 0.0 0.0 0.0 0.0 0.0 0.0 0.0 0.0
0.0 0.0 0.0 0.0 0.0 0.0 0.0 0.0 0.0 0.0 0.0 0.0 0.0 0.0 0.0 0.0 0.0 0.0 0.0 0.0 0.0 0.0
0.25 6.25 0.0 1.75 0.0 0.0 0.25 1.75 1.75 4.25 1.75 0.0 6.75 0.0 0.0 0.0 0.0 0.0 0.0 0.0 0.0 0.0

L
2 0 4 6 3 6 6 0 0 6 12 0 0 6 0 0 12 0 2 0 6 0 0 0 0 12 8 0 0 1 1 1 2 1 1 0 0

g
0 0 0 0 0 0 0 0 0 0 0 0 0 0 0 0 0 0 0 0 0 0
0 0 0 0 0 0 0 0 0 0 0 0 0 0 0 0 0 0 0 0 0 0
0 0 0 0 0 0 0 0 0 0 0 0 0 0 0 0 0 0 0 0 0 0
0 0 0 0 0 0 0 0 0 0 0 0 0 0 0 0 0 0 0 0 0 0
0 0 0 0 0 0 0 0 0 0 0 0 0 0 0 0 0 0 0 0 0 0
0 0 0 0 0 0 0 0 0 0 0 0 0 0 0 0 0 0 0 0 0 0
0 0 0 0 0 0 0 0 0 0 0 0 0 0 0 0 0 0 0 0 0 0
0 0 0 0 0 0 0 0 0 0 0 0 0 0 0 0 0 0 0 0 0 0
0 0 0 0 0 0 0 0 0 0 0 0 0 0 0 0 0 0 0 0 0 0
0 0 0 0 0 0 0 0 0 0 0 0 0 0 0 0 0 0 0 0 0 0
0 0 0 0 0 0 0 0 0 0 0 0 0 0 0 0 0 0 0 0 0 0
0 0 0 0 0 0 0 0 0 0 0 0 0 0 0 0 0 0 0 0 0 0
0 0 0 0 0 0 0 0 0 0 0 0 0 0 0 0 0 0 0 0 0 0
0 0 0 0 0 0 0 0 0 0 0 0 0 0 0 0 0 0 0 0 0 0
0 0 0 0 0 0 0 0 0 0 0 0 0 0 0 0 0 0 0 0 0 0
0 0 0 0 0 0 0 0 0 0 0 0 0 0 0 0 0 0 0 0 0 0
0 0 0 0 0 0 0 0 0 0 0 0 0 0 0 0 0 0 0 0 0 0
0 0 0 0 0 0 0 0 0 0 0 0 0 0 0 0 0 0 0 0 0 0
0 0 0 0 0 0 0 0 0 0 0 0 0 0 0 0 0 0 0 0 0 0
0 0 0 0 0 0 0 0 0 0 0 0 0 0 0 0 0 0 0 0 0 0
0 0 0 0 0 0 0 0 0 0 0 0 0 0 0 0 0 0 0 0 0 0
0 0 0 0 0 0 0 0 0 0 0 0 0 0 0 0 0 0 0 0 0 0
0 0 0 0 0 0 0 0 0 0 0 0 0 0 0 0 0 0 0 0 0 0
0 0 0 0 0 0 0 0 0 0 0 0 0 0 0 0 0 0 0 0 0 0
0 0 0 0 0 0 0 0 0 0 0 0 0 0 0 0 0 0 0 0 0 0
0 0 0 0 0 0 0 0 0 0 0 0 0 0 0 0 0 0 0 0 0 0
0 0 0 0 0 0 0 0 0 0 0 0 0 0 0 0 0 0 0 0 0 0
0 0 0 0 0 0 0 0 0 0 0 0 0 0 0 0 0 0 0 0 0 0
0 0 0 0 0 0 0 0 0 0 0 0 0 0 0 0 0 0 0 0 0 0
0 0 0 0 0 0 0 0 0 0 0 0 0 0 0 0 0 0 0 0 0 0
0 0 0 0 0 0 0 0 0 0 0 0 0 0 0 0 0 0 0 0 0 0
0 0 0 0 0 0 0 0 0 0 0 0 0 0 0 0 0 0 0 0 0 0
0 0 0 0 0 0 0 0 0 0 0 0 0 0 0 0 0 0 0 0 0 0
0 0 0 0 0 0 0 0 0 0 0 0 0 0 0 0 0 0 0 0 0 0
0 0 0 0 0 0 0 0 0 0 0 0 0 0 0 0 0 0 0 0 0 0
0 0 0 0 0 0 0 0 0 0 0 0 0 0 0 0 0 0 0 0 0 0
0 0 0 0 0 0 0 0 0 0 0 0 0 0 0 0 0 0 0 0 0 0

I cap
1058.909090909091 1058.909090909091 1040.549090909091 1024.889090909091 774.0020000000002 945.086 790.076 1087.83 646.202 703.7099999999998 433.60199999999986 856.5540000000001 560.5200000000001 665.706 622.9619999999999 683.339090909091 402.30509090909106 695.7590909090911 802.8050909090911 984.605090909091 1058.909090909091 1058.909090909091
107.96969696969697 107.96969696969697 107.96969696969697 97.52969696969697 46.617999999999995 81.414 56.82399999999999 76.07 48.99799999999998 56.58999999999998 24.497999999999998 82.04599999999998 36.579999999999984 22.094000000000005 93.63799999999999 93.83969696969696 1.3736969696969652 48.11969696969696 52.67369696969696 104.87369696969697 107.96969696969697 107.96969696969697
38.96666666666666 38.96666666666666 16.52666666666666 16.52666666666666 10.079999999999998 22.500000000000004 15.5 32.2 27.300000000000008 32.900000000000006 11.299999999999997 16.200000000000003 5.000000000000001 18.692499999999995 7.492499999999999 21.259166666666662 1.7591666666666619 19.466666666666665 19.466666666666665 38.96666666666666 38.96666666666666 38.96666666666666
45.24545454545453 45.24545454545453 45.24545454545453 38.00045454545453 18.698999999999998 31.058999999999994 25.06499999999999 27.938999999999997 22.739999999999995 26.817999999999994 25.07399999999999 24.5 14.351999999999997 13.354999999999993 14.353000000000002 29.333454545454526 32.222454545454525 42.84245454545453 43.59845454545453 44.67845454545453 45.24545454545453 45.24545454545453
20.999999999999993 20.999999999999993 20.999999999999993 20.414999999999992 8.589 17.328999999999997 10.459000000000005 12.381000000000002 7.825999999999999 7.213999999999996 9.58 14.313999999999998 8.907000000000005 10.755 7.9520000000000035 11.063999999999995 9.389999999999993 14.726999999999997 17.678999999999995 20.810999999999993 20.999999999999993 20.999999999999993
345.75757575757575 345.75757575757575 345.75757575757575 316.11051693404636 175.38047058823528 159.99899999999997 177.154 174.73899999999998 209.22100000000003 186.343 156.181 191.65899999999996 205.27499999999995 216.732 221.94699999999997 242.88757575757572 246.92063458110516 257.7921051693404 307.02157575757576 342.16657575757574 345.75757575757575 345.75757575757575
779.7575757575758 779.7575757575758 779.7575757575758 757.8875757575757 566.7810000000001 641.062 708.127 701.659 726.1510000000001 668.143 618.7489999999999 817.2470000000001 725.4879999999999 686.797 688.772 680.7755757575758 638.9615757575757 692.7185757575758 725.8385757575758 766.3385757575758 779.7575757575758 779.7575757575758
80.73333333333335 80.73333333333335 80.73333333333335 77.94333333333336 59.036999999999985 80.15700000000002 70.18500000000002 78.683 76.06800000000001 80.50900000000001 71.47200000000002 82.11700000000002 84.18100000000003 84.26400000000001 77.60100000000003 69.84333333333338 68.18733333333336 74.52633333333335 78.22233333333335 80.16633333333336 80.73333333333335 80.73333333333335
10.775757575757575 10.775757575757575 10.775757575757575 10.775757575757575 4.593 0.24200000000000088 1.189 4.779999999999999 1.655 0.5949999999999998 2.285000000000001 1.9499999999999988 4.199999999999999 6.0649999999999995 3.6399999999999992 1.0557575757575748 0.12875757575757474 1.2177575757575756 5.024757575757576 10.775757575757575 10.775757575757575 10.775757575757575
2.545454545454545 2.545454545454545 2.545454545454545 1.735454545454545 0.9369999999999997 0.07699999999999985 1.3959999999999997 1.344 1.2339999999999995 0.18299999999999983 1.2339999999999995 0.8329999999999999 0.07699999999999985 0.777 0.20999999999999985 0.6554545454545447 0.3314545454545448 0.5744545454545448 1.3304545454545447 1.9784545454545448 2.545454545454545 2.545454545454545
8.515433299825174 8.515433299825174 8.515433299825174 8.188754533944957 5.217812143678158 5.508635862068961 4.780834413793101 6.857652431034482 8.105054862068968 7.1534090689655185 8.40770656896552 7.516927758620693 7.004142241379311 5.193464482758617 6.025883379310344 6.2224724310344826 6.1284751624319425 6.396372586206895 6.440820172413792 7.808273706896552 7.546136159874608 8.34571275862069
700.0 700.0 699.1 698.2 682.0000000000001 685.6000000000001 681.1000000000004 693.7000000000002 683.8000000000003 682.9000000000002 680.2000000000003 685.6000000000001 685.6000000000003 688.3000000000002 685.6000000000003 685.6000000000001 678.4000000000003 683.8000000000002 690.1000000000003 698.2 700.0 697.3000000000001

H cap
12.25 12.25 5.25 -5.25 29.75 40.25 1.75 1.75 12.25 1.75 -5.25 5.25 -5.25 -5.25 131.25 131.25 131.25 131.25 131.25 131.25 131.25 131.25
19.0 7.0 10.5 8.5 13.0 15.0 6.0 3.0 11.0 9.0 9.5 11.5 5.0 20.0 52.5 52.5 52.5 52.5 52.5 52.5 52.5 52.5
35.0 35.0 49.0 45.5 45.5 49.0 49.0 49.0 49.0 45.5 42.0 45.5 38.5 38.5 63.0 63.0 63.0 63.0 63.0 63.0 63.0 63.0
-0.25 -6.25 0.75 -1.75 0.75 3.25 -0.25 -1.75 -1.75 -4.25 -1.75 0.75 -6.75 0.75 78.75 78.75 78.75 78.75 78.75 78.75 78.75 78.75

Gap
12.614114339840212


