T P M C
35 37 4 12

base obj
10.247435897435897

exp obj
18.19349358974359

Objective struct
10.247435897435897 8.071666666666667 33.96

num campaigns
261

x
0 0 0 0 0 0 0 0 0 0 0 0 0 1 0 0 0 1 0 1 0 0 0 1 0 0 0 0 1 2 0 0 0 0 0
0 0 0 0 1 0 0 1 1 0 0 1 0 0 0 1 0 0 0 0 0 0 1 0 0 0 0 0 0 0 0 0 0 0 0
0 0 0 0 0 0 0 0 0 0 0 1 2 0 0 0 0 0 0 0 1 0 0 1 0 0 0 2 0 0 0 0 0 0 0
0 0 0 0 0 0 1 0 1 0 0 0 0 1 0 0 1 1 0 0 0 0 0 0 0 0 0 1 0 0 0 0 0 0 0
0 0 0 0 0 0 0 0 0 1 3 0 0 0 0 0 3 0 0 0 0 0 0 0 0 2 0 0 0 0 0 0 0 0 0
0 0 0 0 0 0 0 0 0 0 0 0 0 0 0 0 0 0 0 0 0 0 0 0 0 0 0 0 0 0 0 0 0 0 0
0 0 0 0 0 0 0 0 0 0 3 0 0 0 0 0 0 0 0 0 1 1 0 0 0 1 0 0 0 0 0 0 0 0 0
0 0 0 0 1 0 0 0 0 0 0 0 0 0 1 0 0 0 0 0 0 0 0 0 0 0 0 0 0 0 0 0 0 0 0
0 0 0 0 1 0 0 0 0 0 0 0 0 0 0 0 0 0 0 0 0 0 0 0 0 0 0 0 0 0 0 0 0 0 0
0 0 0 0 0 0 0 0 0 0 0 0 0 0 0 0 0 0 0 0 0 0 0 0 0 0 0 0 0 0 0 0 0 0 0
0 0 0 0 0 0 0 0 0 0 0 0 0 0 0 0 0 0 0 0 2 0 0 0 0 1 0 0 0 0 0 0 0 0 0
0 0 0 0 0 0 0 0 1 0 0 0 0 0 0 0 0 0 1 0 0 0 0 0 0 0 0 0 0 0 0 0 0 0 0
0 0 0 0 0 0 0 0 0 0 0 0 0 0 0 0 0 0 0 0 0 0 0 0 1 0 0 0 0 0 0 0 0 0 0
0 0 0 0 0 0 0 0 0 0 0 0 0 0 0 0 0 0 0 0 0 0 0 0 0 0 0 0 0 0 0 0 0 0 0
0 0 0 0 0 0 0 0 0 0 0 0 0 0 0 0 0 0 0 0 0 0 0 0 0 0 0 0 0 0 0 0 0 0 0
0 0 0 0 0 0 0 0 0 0 0 0 0 0 0 0 0 0 0 0 0 0 0 0 0 0 0 1 0 0 0 0 0 0 0
0 0 0 0 0 0 0 0 0 0 0 0 0 0 0 0 0 1 0 1 0 0 0 0 0 0 0 0 0 1 0 0 0 0 0
0 0 0 0 0 0 2 0 0 0 0 0 0 0 0 0 0 0 0 0 0 0 0 0 0 0 0 0 0 0 0 0 0 0 0
0 0 0 0 0 0 0 0 2 2 0 1 0 0 0 0 1 0 2 1 0 2 0 0 0 0 2 0 0 0 0 0 0 0 0
0 0 0 0 0 0 0 0 0 0 0 0 0 0 0 0 0 0 0 0 0 0 0 0 0 1 0 0 0 0 0 0 0 0 0
0 0 0 0 0 0 0 0 0 0 0 0 1 1 0 1 1 0 0 1 0 0 0 0 0 0 1 0 0 0 0 0 0 0 0
0 0 0 0 0 0 0 0 0 0 0 0 0 0 0 0 0 0 0 0 0 0 0 0 0 0 0 0 0 0 0 0 0 0 0
0 0 0 0 0 0 0 0 0 0 0 0 0 0 0 0 0 0 0 0 0 1 0 0 0 1 0 0 0 0 0 0 0 0 0
0 0 0 0 1 0 0 0 0 0 0 0 0 0 0 1 0 0 0 0 0 0 0 0 0 0 0 0 0 0 0 0 0 0 0
0 0 0 0 0 0 1 0 0 0 1 0 0 0 0 0 0 0 0 0 0 0 0 0 0 0 0 0 0 0 0 0 0 0 0
0 0 0 0 0 0 0 0 0 0 0 0 0 0 4 0 0 0 0 0 0 0 0 0 0 0 0 0 0 0 0 0 0 0 0
0 0 0 0 0 0 0 0 1 0 0 0 1 0 0 0 0 0 0 0 0 1 0 2 0 0 0 0 0 0 0 0 0 0 0
0 0 0 0 0 0 0 0 0 0 0 0 0 0 0 0 0 0 0 0 0 0 0 0 1 0 0 0 0 0 0 0 0 0 0
0 0 0 0 0 0 0 0 0 0 0 0 0 0 0 0 0 0 0 0 0 0 0 0 0 0 0 0 0 0 0 0 0 0 0
0 0 0 0 4 0 0 0 0 5 0 2 3 0 0 0 0 0 6 0 1 0 1 0 0 0 0 0 0 4 0 0 0 0 0
0 0 0 0 0 3 3 0 0 0 0 2 0 0 1 2 0 0 4 0 0 0 3 1 1 0 2 2 0 2 0 0 0 0 0
0 0 0 0 4 0 0 1 0 1 1 0 0 1 3 0 0 1 0 2 0 0 8 0 0 3 0 1 0 0 0 0 0 0 0
0 0 0 0 5 0 9 0 4 1 0 0 0 1 5 1 8 0 0 0 7 2 0 0 0 0 7 0 0 1 0 0 0 0 0
0 0 0 0 0 0 0 0 6 4 0 0 4 0 0 0 0 0 0 0 0 0 0 0 7 0 2 0 0 3 0 0 0 0 0
0 0 0 0 1 1 1 1 1 0 1 2 0 1 0 2 1 0 0 0 0 0 0 0 0 0 1 0 1 0 0 0 0 0 0
0 0 0 0 0 0 0 0 0 0 0 0 0 0 0 0 0 0 0 0 0 0 0 0 0 0 0 0 0 0 0 0 0 0 0
0 0 0 0 0 0 0 0 0 0 0 0 0 0 0 0 0 0 0 0 0 0 0 0 0 0 0 0 0 0 0 0 0 0 0

y
0.0 0.0 0.0 0.0 0.0 0.0 0.0 0.0 0.0 0.0 0.0 0.0 0.0 0.0 0.0 0.0 0.0 0.0 0.0 0.0 0.0 0.0 0.0 4.75 0.0 0.0 0.0 0.0 0.0 0.0 0.0 0.0 0.0 0.0 0.0 0.0 0.0

k
0 0 0 0 0 6 0 0 0 15 0 0 5 6 4 0 0 0 0 0 0 3 0 3 1 0 0 0 11 0 0 0 1 0 12 26 3

f
1.75 1.75 0.0 0.0 0.0 0.0 0.0 0.0 0.0 0.0 0.0 0.0 0.0 5.25 0.0 0.0 0.0 0.0 0.0 1.75 1.75 0.0 0.0 0.0 0.0 36.75 0.0 0.0 0.0 0.0 0.0 0.0 0.0 0.0 0.0
0.5 12.5 1.0 0.0 0.0 26.0 0.5 0.0 0.0 0.0 0.0 0.0 1.0 0.0 0.0 0.0 0.0 0.0 0.0 3.0 0.0 0.0 0.5 3.0 0.0 0.5 0.0 0.0 0.0 0.0 0.0 0.0 0.0 0.0 0.0
0.0 0.0 0.0 0.0 0.0 0.0 0.0 0.0 0.0 0.0 0.0 0.0 0.0 0.0 0.0 0.0 0.0 0.0 0.0 0.0 0.0 0.0 0.0 0.0 0.0 0.0 0.0 0.0 0.0 0.0 0.0 0.0 0.0 0.0 0.0
0.0 0.0 0.0 6.75 0.0 0.25 0.0 6.25 0.0 0.25 0.0 8.25 0.0 0.25 0.0 0.75 0.0 0.0 0.0 1.25 0.25 0.75 0.0 1.25 0.0 23.75 0.0 0.0 0.0 0.0 0.0 0.0 0.0 0.0 0.0

L
0 1 0 1 0 0 0 10 0 0 0 10 0 0 0 0 2 0 0 0 1 0 4 11 4 0 0 0 0 0 0 0 0 0 0 0 0

g
0 0 0 0 0 0 0 0 0 0 0 0 0 0 0 0 0 0 0 0 0 0 0 0 0 0 0 0 0 1 0 0 0 0 0
0 0 0 0 0 0 0 0 0 0 0 0 0 0 0 0 0 0 0 0 0 0 0 0 0 0 0 0 0 0 0 0 0 0 0
0 0 0 0 0 0 0 0 0 0 0 0 1 0 0 0 0 0 0 0 0 0 0 0 0 0 0 1 0 0 0 0 0 0 0
0 0 0 0 0 0 0 0 0 0 0 0 0 0 0 0 0 0 0 0 0 0 0 0 0 0 0 0 0 0 0 0 0 0 0
0 0 0 0 0 0 0 0 0 0 2 0 0 0 0 0 2 0 0 0 0 0 0 0 0 1 0 0 0 0 0 0 0 0 0
0 0 0 0 0 0 0 0 0 0 0 0 0 0 0 0 0 0 0 0 0 0 0 0 0 0 0 0 0 0 0 0 0 0 0
0 0 0 0 0 0 0 0 0 0 2 0 0 0 0 0 0 0 0 0 0 0 0 0 0 0 0 0 0 0 0 0 0 0 0
0 0 0 0 0 0 0 0 0 0 0 0 0 0 0 0 0 0 0 0 0 0 0 0 0 0 0 0 0 0 0 0 0 0 0
0 0 0 0 0 0 0 0 0 0 0 0 0 0 0 0 0 0 0 0 0 0 0 0 0 0 0 0 0 0 0 0 0 0 0
0 0 0 0 0 0 0 0 0 0 0 0 0 0 0 0 0 0 0 0 0 0 0 0 0 0 0 0 0 0 0 0 0 0 0
0 0 0 0 0 0 0 0 0 0 0 0 0 0 0 0 0 0 0 0 1 0 0 0 0 0 0 0 0 0 0 0 0 0 0
0 0 0 0 0 0 0 0 0 0 0 0 0 0 0 0 0 0 0 0 0 0 0 0 0 0 0 0 0 0 0 0 0 0 0
0 0 0 0 0 0 0 0 0 0 0 0 0 0 0 0 0 0 0 0 0 0 0 0 0 0 0 0 0 0 0 0 0 0 0
0 0 0 0 0 0 0 0 0 0 0 0 0 0 0 0 0 0 0 0 0 0 0 0 0 0 0 0 0 0 0 0 0 0 0
0 0 0 0 0 0 0 0 0 0 0 0 0 0 0 0 0 0 0 0 0 0 0 0 0 0 0 0 0 0 0 0 0 0 0
0 0 0 0 0 0 0 0 0 0 0 0 0 0 0 0 0 0 0 0 0 0 0 0 0 0 0 0 0 0 0 0 0 0 0
0 0 0 0 0 0 0 0 0 0 0 0 0 0 0 0 0 0 0 0 0 0 0 0 0 0 0 0 0 0 0 0 0 0 0
0 0 0 0 0 0 1 0 0 0 0 0 0 0 0 0 0 0 0 0 0 0 0 0 0 0 0 0 0 0 0 0 0 0 0
0 0 0 0 0 0 0 0 1 1 0 0 0 0 0 0 0 0 1 0 0 1 0 0 0 0 1 0 0 0 0 0 0 0 0
0 0 0 0 0 0 0 0 0 0 0 0 0 0 0 0 0 0 0 0 0 0 0 0 0 0 0 0 0 0 0 0 0 0 0
0 0 0 0 0 0 0 0 0 0 0 0 0 0 0 0 0 0 0 0 0 0 0 0 0 0 0 0 0 0 0 0 0 0 0
0 0 0 0 0 0 0 0 0 0 0 0 0 0 0 0 0 0 0 0 0 0 0 0 0 0 0 0 0 0 0 0 0 0 0
0 0 0 0 0 0 0 0 0 0 0 0 0 0 0 0 0 0 0 0 0 0 0 0 0 0 0 0 0 0 0 0 0 0 0
0 0 0 0 0 0 0 0 0 0 0 0 0 0 0 0 0 0 0 0 0 0 0 0 0 0 0 0 0 0 0 0 0 0 0
0 0 0 0 0 0 0 0 0 0 0 0 0 0 0 0 0 0 0 0 0 0 0 0 0 0 0 0 0 0 0 0 0 0 0
0 0 0 0 0 0 0 0 0 0 0 0 0 0 3 0 0 0 0 0 0 0 0 0 0 0 0 0 0 0 0 0 0 0 0
0 0 0 0 0 0 0 0 0 0 0 0 0 0 0 0 0 0 0 0 0 0 0 1 0 0 0 0 0 0 0 0 0 0 0
0 0 0 0 0 0 0 0 0 0 0 0 0 0 0 0 0 0 0 0 0 0 0 0 0 0 0 0 0 0 0 0 0 0 0
0 0 0 0 0 0 0 0 0 0 0 0 0 0 0 0 0 0 0 0 0 0 0 0 0 0 0 0 0 0 0 0 0 0 0
0 0 0 0 3 0 0 0 0 4 0 1 2 0 0 0 0 0 5 0 0 0 0 0 0 0 0 0 0 3 0 0 0 0 0
0 0 0 0 0 2 2 0 0 0 0 1 0 0 0 1 0 0 3 0 0 0 2 0 0 0 1 1 0 1 0 0 0 0 0
0 0 0 0 3 0 0 0 0 0 0 0 0 0 2 0 0 0 0 1 0 0 7 0 0 2 0 0 0 0 0 0 0 0 0
0 0 0 0 3 0 7 0 2 0 0 0 0 0 3 0 6 0 0 0 5 0 0 0 0 0 5 0 0 0 0 0 0 0 0
0 0 0 0 0 0 0 0 5 3 0 0 3 0 0 0 0 0 0 0 0 0 0 0 6 0 1 0 0 2 0 0 0 0 0
0 0 0 0 0 0 0 0 0 0 0 1 0 0 0 1 0 0 0 0 0 0 0 0 0 0 0 0 0 0 0 0 0 0 0
0 0 0 0 0 0 0 0 0 0 0 0 0 0 0 0 0 0 0 0 0 0 0 0 0 0 0 0 0 0 0 0 0 0 0
0 0 0 0 0 0 0 0 0 0 0 0 0 0 0 0 0 0 0 0 0 0 0 0 0 0 0 0 0 0 0 0 0 0 0

I cap
1058.909090909091 1058.909090909091 1021.909090909091 957.509090909091 1109.0 1126.6 995.0 1160.8 635.4 956.5 442.6199999999999 561.54 442.14000000000004 429.1600000000001 123.25999999999999 228.78909090909104 22.789090909091044 456.90909090909093 664.3090909090909 838.909090909091 680.049090909091 559.3290909090911 640.389090909091 597.669090909091 601.669090909091 456.58909090909106 617.2890909090911 318.02909090909105 570.9690909090912 536.409090909091 757.4690909090909 811.2290909090912 893.7890909090911 1058.909090909091 672.0
107.96969696969697 107.96969696969697 70.96969696969697 59.36969696969697 52.0 77.4 68.0 75.2 48.6 106.5 78.37999999999998 108.46000000000001 42.860000000000014 7.840000000000003 14.740000000000009 38.08969696969697 22.08969696969697 46.96969696969697 52.56969696969697 75.96969696969697 5.829696969696975 23.54969696969697 33.48969696969698 83.80969696969697 63.80969696969697 23.08969696969698 47.58969696969698 35.849696969696986 76.90969696969697 75.46969696969697 95.40969696969697 97.64969696969698 101.08969696969697 107.96969696969697 84.0
38.96666666666666 38.96666666666666 38.96666666666666 38.96666666666666 44.099999999999994 16.65 15.949999999999996 13.149999999999999 0.5500000000000043 11.200000000000003 2.799999999999997 8.400000000000002 2.833333333333334 0.06666666666666643 2.1666666666666696 9.633333333333331 2.633333333333331 2.633333333333331 3.299999999999997 3.2999999999999954 3.2999999999999954 3.299999999999997 24.96666666666666 0.033333333333327886 14.033333333333328 22.83333333333333 10.299999999999995 10.299999999999995 10.299999999999995 38.96666666666666 38.96666666666666 38.96666666666666 38.96666666666666 38.96666666666666 23.8
45.24545454545453 45.24545454545453 43.77545454545453 17.035454545454524 6.150000000000005 40.32999999999999 36.76999999999999 43.53 5.559999999999998 10.769999999999989 27.419999999999984 2.8700000000000028 3.3099999999999996 15.199999999999998 19.53 42.015454545454524 39.17545454545452 3.405454545454523 6.425454545454526 36.62545454545452 33.275454545454515 31.795454545454515 31.785454545454524 35.915454545454516 34.695454545454524 35.96545454545453 43.615454545454526 33.65545454545452 10.945454545454517 12.225454545454518 42.93545454545452 43.35545454545452 43.98545454545452 45.24545454545453 42.0
20.999999999999993 20.999999999999993 20.369999999999994 18.669999999999987 12.010000000000002 13.889999999999997 0.43000000000000504 4.530000000000001 6.489999999999998 18.06999999999999 22.619999999999994 13.159999999999995 6.490000000000004 6.490000000000005 10.850000000000001 10.949999999999992 8.549999999999992 9.439999999999994 5.749999999999983 7.679999999999993 4.999999999999993 16.86999999999999 8.54999999999999 6.039999999999994 2.359999999999994 12.109999999999992 11.579999999999991 0.6099999999999932 0.17999999999999428 1.3999999999999968 14.22999999999999 14.36999999999999 20.57999999999999 20.999999999999993 21.0
345.75757575757575 345.75757575757575 345.75757575757575 206.85286987522284 160.63235294117646 196.9923529411765 272.4288235294118 266.08058823529416 241.2894117647059 238.74941176470594 222.91117647058826 261.86058823529413 261.69882352941175 151.9870588235294 179.68235294117645 262.93934046345817 295.3463992869875 277.5781639928698 182.13581105169337 224.48875222816395 217.11875222816394 8.318163992869879 116.92228163992873 99.94228163992875 174.53404634581108 204.30934046345808 181.2981639928699 238.9181639928698 252.94816399286987 266.70757575757574 266.2275757575758 294.7375757575757 337.77757575757573 345.75757575757575 245.0
779.7575757575758 779.7575757575758 762.7475757575758 313.1975757575758 286.25 22.81000000000006 210.8499999999999 466.36 486.91999999999996 772.01 758.51 789.75 581.8199999999999 125.40999999999997 281.77 22.92757575757579 183.97757575757575 653.7075757575758 675.7575757575758 131.79757575757583 45.20757575757568 489.7975757575759 647.7975757575758 631.9375757575758 596.2775757575758 67.90757575757584 264.21757575757573 542.6475757575757 489.6975757575757 519.4175757575757 682.6075757575758 709.4675757575759 749.9375757575758 779.7575757575758 630.0
80.73333333333335 80.73333333333335 79.89333333333335 74.69333333333333 61.579999999999984 87.22000000000001 79.44 88.83999999999999 57.52999999999997 52.90666666666665 67.37333333333333 84.85999999999999 74.35666666666665 75.10333333333332 84.35999999999999 78.63333333333335 76.83333333333336 72.50333333333333 72.09333333333333 76.40333333333335 74.39333333333335 76.25333333333336 76.76333333333335 77.88333333333334 51.24000000000001 55.22666666666669 72.00666666666669 66.49000000000002 70.79333333333335 60.193333333333314 68.62333333333335 78.84333333333336 79.47333333333336 80.73333333333335 48.300000000000004
10.775757575757575 10.775757575757575 9.725757575757575 8.465757575757575 3.1000000000000005 2.24 0.28 0.14000000000000035 0.140000000000001 0.4800000000000004 0.030000000000000915 0.5499999999999998 0.9400000000000006 0.24000000000000088 0.9899999999999995 2.5757575757575744 0.4157575757575751 2.285757575757576 0.1557575757575762 0.15575757575757532 0.1557575757575762 0.7257575757575758 5.225757575757576 0.665757575757576 0.665757575757576 1.1757575757575758 1.9757575757575756 0.9757575757575756 2.3257575757575752 0.5957575757575748 0.1557575757575762 4.385757575757576 10.775757575757575 10.775757575757575 8.4
2.545454545454545 2.545454545454545 2.545454545454545 0.38545454545454494 0.6099999999999999 0.04999999999999993 0.31000000000000005 0.09000000000000008 0.55 0.3600000000000001 0.31000000000000005 0.019999999999999907 0.2599999999999999 0.7500000000000001 2.220446049250313e-16 0.5354545454545451 0.7754545454545451 0.5654545454545453 0.08545454545454512 0.35545454545454513 0.35545454545454513 0.025454545454545063 0.5354545454545451 1.1954545454545453 0.08545454545454523 0.4154545454545451 0.17545454545454497 0.6554545454545452 0.4454545454545452 0.025454545454545174 0.23545454545454525 0.6554545454545452 1.2854545454545452 2.545454545454545 2.8000000000000003
8.515433299825174 8.515433299825174 8.515433299825174 5.339389742656389 2.2879363157894694 3.091969195402295 3.284800086206894 6.360526149425285 5.65798905928614 5.997026716575918 7.517960635208707 5.429353650937686 5.516347150635204 3.9170275287356286 4.81145807471264 3.437989827586203 3.4695551724137896 3.3386290895341775 3.520977462189955 3.3700099440411346 1.9895723365231224 5.706874110707802 5.854947843315182 5.920520459770113 5.928944425287355 2.8159455172413743 3.0600410344827553 7.040249425287355 5.369805120992134 4.858889074410161 8.054020517241378 8.212304310344827 7.466258620689655 8.024766408045977 11.280892298850576
700.0 700.0 700.0 698.0 692.0 690.0 682.0 689.0 685.0 690.0 680.0 680.0 679.0 684.0 683.0 680.0 677.0 682.0 685.0 685.0 685.0 679.0 686.0 682.0 686.0 681.0 685.0 681.0 686.0 687.0 691.0 694.0 698.0 700.0 698.0

H cap
-1.75 -1.75 40.25 5.25 1.75 5.25 26.25 1.75 26.25 8.75 5.25 22.75 12.25 -5.25 26.25 15.75 5.25 5.25 12.25 -1.75 -1.75 8.75 12.25 33.25 12.25 -36.75 15.75 131.25 131.25 131.25 131.25 131.25 131.25 131.25 131.25
-0.5 -12.5 -1.0 2.0 0.0 -26.0 -0.5 11.0 0.0 7.0 4.0 2.5 -1.0 1.5 5.0 4.5 4.0 9.0 2.5 -3.0 7.0 6.5 -0.5 -3.0 25.0 -0.5 7.5 52.5 52.5 52.5 52.5 52.5 52.5 52.5 52.5
49.0 49.0 52.5 49.0 42.0 35.0 42.0 42.0 42.0 45.5 38.5 38.5 38.5 35.0 45.5 45.5 42.0 38.5 45.5 45.5 45.5 42.0 38.5 42.0 45.5 49.0 52.5 63.0 63.0 63.0 63.0 63.0 63.0 63.0 63.0
6.75 0.75 0.25 -6.75 10.75 -0.25 2.25 -6.25 2.25 -0.25 0.75 -8.25 3.25 -0.25 1.25 -0.75 0.25 0.25 1.25 -1.25 -0.25 -0.75 0.25 -1.25 0.75 -23.75 0.25 78.75 78.75 78.75 78.75 78.75 78.75 78.75 78.75

Gap
0.021809067571912002

Time
1560.0132319927216

