T P M C
35 37 4 12

base obj
9.861538461538462

exp obj
18.076570512820513

Objective struct
9.861538461538462 8.761666666666661 33.96

num campaigns
263

x
0 0 0 0 0 0 0 0 0 0 0 0 1 0 0 0 1 0 0 0 0 0 0 1 0 1 0 0 0 3 0 0 0 0 0
0 0 0 0 1 0 0 0 0 0 0 1 0 0 0 0 0 0 0 0 0 2 0 0 0 0 0 0 0 0 0 0 0 0 0
0 0 0 0 0 0 0 0 0 0 0 0 0 0 0 0 0 0 0 0 2 2 0 0 0 0 0 3 0 0 0 0 0 0 0
0 0 0 0 0 0 0 0 0 0 0 0 0 0 0 0 0 2 0 0 0 0 0 0 0 4 0 0 0 0 0 0 0 0 0
0 0 0 0 0 0 3 0 2 0 0 0 0 0 0 2 0 0 0 0 0 0 0 0 0 0 2 0 0 0 0 0 0 0 0
0 0 0 0 0 0 0 0 0 0 0 0 0 0 0 0 0 0 0 0 0 0 0 0 0 0 0 0 0 0 0 0 0 0 0
0 0 0 0 0 0 0 0 0 5 0 0 0 0 0 1 0 0 0 0 0 0 0 0 0 0 0 0 0 0 0 0 0 0 0
0 0 0 0 0 0 0 0 0 0 0 1 0 0 0 0 0 0 0 1 0 0 0 0 0 0 0 0 0 0 0 0 0 0 0
0 0 0 0 1 0 0 0 0 0 0 0 0 0 0 0 0 0 0 0 0 0 0 0 0 0 0 0 0 0 0 0 0 0 0
0 0 0 0 0 0 0 0 0 0 0 0 0 0 0 0 0 0 0 0 0 0 0 0 0 0 0 0 0 0 0 0 0 0 0
0 0 0 0 0 0 0 0 0 0 2 0 0 0 1 0 0 0 0 0 0 0 0 0 0 0 0 0 0 0 0 0 0 0 0
0 0 0 0 0 0 0 0 1 0 0 0 0 0 0 0 0 0 0 0 0 0 0 0 1 0 0 0 0 0 0 0 0 0 0
0 0 0 0 0 0 1 0 0 0 0 0 0 0 0 1 0 0 0 0 0 0 0 0 0 0 0 0 0 0 0 0 0 0 0
0 0 0 0 0 0 0 0 0 0 0 0 0 0 0 0 0 0 0 0 0 0 0 0 0 0 0 0 0 0 0 0 0 0 0
0 0 0 0 0 0 0 0 0 0 0 0 0 0 0 0 0 0 0 0 0 0 0 0 0 0 0 0 0 0 0 0 0 0 0
0 0 0 0 1 0 0 0 0 0 0 0 0 0 0 0 0 0 0 0 0 0 0 0 0 0 0 0 0 0 0 0 0 0 0
0 0 0 0 0 0 0 0 0 0 0 0 0 0 0 1 0 0 0 0 0 0 0 0 0 1 0 1 0 0 0 0 0 0 0
0 0 0 0 0 0 1 0 0 0 0 0 0 1 0 0 0 0 0 0 0 0 0 0 0 0 0 0 0 0 0 0 0 0 0
0 0 0 0 0 0 1 0 0 2 1 0 0 0 0 0 0 0 0 5 0 0 0 0 1 0 0 3 0 0 0 0 0 0 0
0 0 0 0 0 0 1 0 0 0 0 0 0 0 0 0 0 0 0 0 0 0 0 0 0 0 0 0 0 0 0 0 0 0 0
0 0 0 0 0 0 0 1 0 0 0 0 0 0 0 0 2 0 0 0 0 0 0 2 0 0 0 1 0 0 0 0 0 0 0
0 0 0 0 0 0 0 0 0 0 0 0 0 0 0 0 0 0 0 0 0 0 0 0 0 0 0 0 0 0 0 0 0 0 0
0 0 0 0 0 0 0 0 0 0 0 0 0 0 0 0 0 0 1 0 0 0 1 0 0 0 0 0 0 0 0 0 0 0 0
0 0 0 0 0 0 0 0 0 0 0 0 0 1 1 0 0 1 0 0 0 0 0 0 0 0 0 0 0 0 0 0 0 0 0
0 0 0 0 1 0 0 0 1 0 1 0 0 0 0 0 0 0 0 0 0 0 0 0 0 0 0 0 0 0 0 0 0 0 0
0 0 0 0 0 0 2 0 0 0 0 0 1 0 0 0 0 0 0 1 0 0 0 0 0 0 0 0 0 0 0 0 0 0 0
0 0 0 0 0 0 1 1 0 1 0 0 0 0 0 0 0 0 0 0 1 0 0 1 0 0 0 0 0 0 0 0 0 0 0
0 0 0 0 0 0 0 0 0 0 0 0 0 0 0 0 0 0 0 0 0 0 0 0 0 0 0 1 0 0 0 0 0 0 0
0 0 0 0 0 0 0 0 0 0 0 0 0 0 0 0 0 0 0 0 0 0 0 0 0 0 0 0 0 0 0 0 0 0 0
0 0 0 0 0 5 0 2 0 2 4 0 0 0 0 4 3 0 0 3 0 0 0 0 2 1 0 0 0 0 0 0 0 0 0
0 0 0 0 0 3 0 0 0 3 2 0 4 0 1 0 0 4 0 2 0 0 0 3 0 0 0 1 0 3 0 0 0 0 0
0 0 0 0 2 0 2 0 0 0 0 1 0 0 3 0 0 0 1 6 2 0 0 8 0 0 0 0 0 1 0 0 0 0 0
0 0 0 0 2 0 9 0 9 0 0 0 0 9 3 0 4 0 0 1 0 5 0 0 0 1 1 7 1 0 0 0 0 0 0
0 0 0 0 0 0 0 0 0 0 1 3 4 0 0 0 0 3 0 0 0 0 0 2 0 8 0 0 0 5 0 0 0 0 0
0 0 0 0 0 1 0 0 0 0 0 1 1 1 2 0 0 1 2 1 0 1 0 2 0 0 0 0 0 1 0 0 0 0 0
0 0 0 0 0 0 0 0 0 0 0 0 0 0 0 0 0 0 0 0 0 0 0 0 0 0 0 0 0 0 0 0 0 0 0
0 0 0 0 0 0 0 0 0 0 0 0 0 0 0 0 0 0 0 0 0 0 0 0 0 0 0 0 0 0 0 0 0 0 0

y
0.0 0.0 0.0 0.0 0.0 0.0 0.0 0.0 0.0 0.0 0.0 0.0 4.0 0.0 0.0 0.0 0.0 0.0 0.0 0.0 0.0 0.0 0.0 0.0 0.0 0.0 0.0 0.0 0.0 0.0 0.0 0.0 0.0 0.0 0.0 0.0 0.0

k
0 2 0 0 0 6 0 0 0 15 0 0 4 6 4 0 0 0 0 0 0 3 0 2 0 0 0 0 11 0 0 0 0 0 12 26 3

f
0.0 0.0 0.0 0.0 0.0 0.0 0.0 0.0 1.75 0.0 0.0 0.0 0.0 0.0 0.0 1.7500000000000036 5.075000000000001 0.0 0.0 0.0 0.0 0.0 0.0 1.7499999999999716 0.0 18.375 18.375 0.0 0.0 0.0 0.0 0.0 0.0 0.0 0.0
0.0 0.0 17.800000000000004 0.7000000000000064 0.0 5.450000000000005 0.0 0.0 0.0 6.400000000000013 3.550000000000013 1.6500000000000057 0.0 0.0 0.0 0.0 2.600000000000014 0.0 0.0 0.0 5.4500000000000135 2.600000000000003 1.6500000000000066 0.0 0.0 0.0 0.0 0.0 0.0 0.0 0.0 0.0 0.0 0.0 0.0
0.0 0.0 0.0 0.0 0.0 0.0 0.0 0.0 0.0 0.0 0.0 0.0 0.0 0.0 0.0 0.0 0.0 0.0 0.0 0.0 0.0 0.0 0.0 0.0 0.0 0.0 0.0 0.0 0.0 0.0 0.0 0.0 0.0 0.0 0.0
0.5749999999999993 13.399999999999999 0.0 0.10000000000000142 0.0 10.075 0.09999999999999964 2.9499999999999966 0.0 0.5749999999999718 0.0 0.0 0.0 1.5249999999999817 0.0 1.5249999999999888 0.0 1.5250000000000004 0.09999999999999432 8.175 0.0 8.174999999999992 0.0 0.1000000000000032 0.0 1.049999999999998 0.0 0.0 0.0 0.0 0.0 0.0 0.0 0.0 0.0

L
0 0 0 0 0 0 0 8 0 0 0 16 9 0 0 0 2 7 0 0 0 0 4 1 2 0 1 0 0 0 0 0 0 0 0 0 0

g
0 0 0 0 0 0 0 0 0 0 0 0 0 0 0 0 0 0 0 0 0 0 0 0 0 0 0 0 0 2 0 0 0 0 0
0 0 0 0 0 0 0 0 0 0 0 0 0 0 0 0 0 0 0 0 0 1 0 0 0 0 0 0 0 0 0 0 0 0 0
0 0 0 0 0 0 0 0 0 0 0 0 0 0 0 0 0 0 0 0 1 1 0 0 0 0 0 2 0 0 0 0 0 0 0
0 0 0 0 0 0 0 0 0 0 0 0 0 0 0 0 0 1 0 0 0 0 0 0 0 3 0 0 0 0 0 0 0 0 0
0 0 0 0 0 0 2 0 1 0 0 0 0 0 0 1 0 0 0 0 0 0 0 0 0 0 1 0 0 0 0 0 0 0 0
0 0 0 0 0 0 0 0 0 0 0 0 0 0 0 0 0 0 0 0 0 0 0 0 0 0 0 0 0 0 0 0 0 0 0
0 0 0 0 0 0 0 0 0 4 0 0 0 0 0 0 0 0 0 0 0 0 0 0 0 0 0 0 0 0 0 0 0 0 0
0 0 0 0 0 0 0 0 0 0 0 0 0 0 0 0 0 0 0 0 0 0 0 0 0 0 0 0 0 0 0 0 0 0 0
0 0 0 0 0 0 0 0 0 0 0 0 0 0 0 0 0 0 0 0 0 0 0 0 0 0 0 0 0 0 0 0 0 0 0
0 0 0 0 0 0 0 0 0 0 0 0 0 0 0 0 0 0 0 0 0 0 0 0 0 0 0 0 0 0 0 0 0 0 0
0 0 0 0 0 0 0 0 0 0 1 0 0 0 0 0 0 0 0 0 0 0 0 0 0 0 0 0 0 0 0 0 0 0 0
0 0 0 0 0 0 0 0 0 0 0 0 0 0 0 0 0 0 0 0 0 0 0 0 0 0 0 0 0 0 0 0 0 0 0
0 0 0 0 0 0 0 0 0 0 0 0 0 0 0 0 0 0 0 0 0 0 0 0 0 0 0 0 0 0 0 0 0 0 0
0 0 0 0 0 0 0 0 0 0 0 0 0 0 0 0 0 0 0 0 0 0 0 0 0 0 0 0 0 0 0 0 0 0 0
0 0 0 0 0 0 0 0 0 0 0 0 0 0 0 0 0 0 0 0 0 0 0 0 0 0 0 0 0 0 0 0 0 0 0
0 0 0 0 0 0 0 0 0 0 0 0 0 0 0 0 0 0 0 0 0 0 0 0 0 0 0 0 0 0 0 0 0 0 0
0 0 0 0 0 0 0 0 0 0 0 0 0 0 0 0 0 0 0 0 0 0 0 0 0 0 0 0 0 0 0 0 0 0 0
0 0 0 0 0 0 0 0 0 0 0 0 0 0 0 0 0 0 0 0 0 0 0 0 0 0 0 0 0 0 0 0 0 0 0
0 0 0 0 0 0 0 0 0 1 0 0 0 0 0 0 0 0 0 4 0 0 0 0 0 0 0 2 0 0 0 0 0 0 0
0 0 0 0 0 0 0 0 0 0 0 0 0 0 0 0 0 0 0 0 0 0 0 0 0 0 0 0 0 0 0 0 0 0 0
0 0 0 0 0 0 0 0 0 0 0 0 0 0 0 0 1 0 0 0 0 0 0 1 0 0 0 0 0 0 0 0 0 0 0
0 0 0 0 0 0 0 0 0 0 0 0 0 0 0 0 0 0 0 0 0 0 0 0 0 0 0 0 0 0 0 0 0 0 0
0 0 0 0 0 0 0 0 0 0 0 0 0 0 0 0 0 0 0 0 0 0 0 0 0 0 0 0 0 0 0 0 0 0 0
0 0 0 0 0 0 0 0 0 0 0 0 0 0 0 0 0 0 0 0 0 0 0 0 0 0 0 0 0 0 0 0 0 0 0
0 0 0 0 0 0 0 0 0 0 0 0 0 0 0 0 0 0 0 0 0 0 0 0 0 0 0 0 0 0 0 0 0 0 0
0 0 0 0 0 0 1 0 0 0 0 0 0 0 0 0 0 0 0 0 0 0 0 0 0 0 0 0 0 0 0 0 0 0 0
0 0 0 0 0 0 0 0 0 0 0 0 0 0 0 0 0 0 0 0 0 0 0 0 0 0 0 0 0 0 0 0 0 0 0
0 0 0 0 0 0 0 0 0 0 0 0 0 0 0 0 0 0 0 0 0 0 0 0 0 0 0 0 0 0 0 0 0 0 0
0 0 0 0 0 0 0 0 0 0 0 0 0 0 0 0 0 0 0 0 0 0 0 0 0 0 0 0 0 0 0 0 0 0 0
0 0 0 0 0 4 0 1 0 1 3 0 0 0 0 3 2 0 0 2 0 0 0 0 1 0 0 0 0 0 0 0 0 0 0
0 0 0 0 0 2 0 0 0 2 1 0 3 0 0 0 0 3 0 1 0 0 0 2 0 0 0 0 0 2 0 0 0 0 0
0 0 0 0 1 0 1 0 0 0 0 0 0 0 2 0 0 0 0 5 1 0 0 7 0 0 0 0 0 0 0 0 0 0 0
0 0 0 0 0 0 7 0 7 0 0 0 0 7 1 0 2 0 0 0 0 3 0 0 0 0 0 5 0 0 0 0 0 0 0
0 0 0 0 0 0 0 0 0 0 0 2 3 0 0 0 0 2 0 0 0 0 0 1 0 7 0 0 0 4 0 0 0 0 0
0 0 0 0 0 0 0 0 0 0 0 0 0 0 1 0 0 0 1 0 0 0 0 1 0 0 0 0 0 0 0 0 0 0 0
0 0 0 0 0 0 0 0 0 0 0 0 0 0 0 0 0 0 0 0 0 0 0 0 0 0 0 0 0 0 0 0 0 0 0
0 0 0 0 0 0 0 0 0 0 0 0 0 0 0 0 0 0 0 0 0 0 0 0 0 0 0 0 0 0 0 0 0 0 0

I cap
1058.909090909091 1058.909090909091 1058.909090909091 950.409090909091 1029.1999999999998 1092.8199999999997 635.0199999999998 745.0999999999999 350.0 395.6999999999998 690.94 726.94 738.06 792.06 812.8800000000001 647.429090909091 745.2690909090909 408.0690909090911 915.349090909091 784.849090909091 581.609090909091 259.04909090909103 499.04909090909103 524.109090909091 763.8090909090909 131.409090909091 742.909090909091 352.46909090909105 287.66909090909104 415.88909090909107 730.5890909090908 811.2290909090912 811.2290909090912 1058.909090909091 672.0
107.96969696969697 107.96969696969697 107.96969696969697 95.46969696969697 99.4 113.78 80.78 60.900000000000006 33.00000000000001 29.29999999999997 3.06 8.06 6.940000000000001 49.94 43.120000000000005 44.449696969696966 46.60969696969697 8.809696969696972 67.52969696969697 48.02969696969697 45.269696969696966 25.829696969696965 29.829696969696965 76.76969696969698 50.06969696969697 1.4696969696969688 75.96969696969697 69.409696969697 62.20969696969698 63.98969696969698 94.28969696969696 97.64969696969698 97.64969696969698 107.96969696969697 84.0
38.96666666666666 38.96666666666666 38.96666666666666 38.96666666666666 19.16666666666666 4.391666666666666 5.491666666666664 4.158333333333333 5.558333333333339 10.533333333333339 9.799999999999997 8.400000000000002 4.824999999999999 23.724999999999998 18.825 26.29166666666666 9.633333333333331 9.633333333333331 9.633333333333331 3.9666666666666615 3.9666666666666615 3.9666666666666615 38.96666666666666 9.633333333333331 2.633333333333331 2.633333333333331 31.96666666666666 3.2999999999999954 3.2999999999999954 3.2999999999999954 38.96666666666666 38.96666666666666 38.96666666666666 38.96666666666666 23.8
45.24545454545453 45.24545454545453 45.24545454545453 42.30545454545452 2.090000000000006 12.04999999999999 28.60999999999999 30.2 23.28000000000001 2.829999999999993 13.759999999999991 31.680000000000003 33.05 32.349999999999994 5.810000000000008 1.9654545454545254 26.05545454545452 36.56545454545453 25.295454545454525 24.875454545454524 34.19545454545452 24.645454545454523 25.105454545454524 23.295454545454515 21.875454545454527 22.22545454545452 42.57545454545452 32.675454545454514 30.12545454545452 32.675454545454514 42.72545454545452 43.35545454545452 43.35545454545452 45.24545454545453 42.0
20.999999999999993 20.999999999999993 20.999999999999993 20.699999999999992 12.470000000000002 12.769999999999989 11.760000000000005 13.400000000000002 18.939999999999994 8.089999999999995 6.079999999999998 7.779999999999997 4.190000000000001 12.290000000000003 2.9099999999999997 15.129999999999987 16.669999999999987 3.289999999999993 7.109999999999992 0.9299999999999926 9.009999999999994 2.079999999999995 8.139999999999993 5.449999999999995 9.799999999999992 1.0799999999999916 20.02999999999999 9.11999999999999 7.079999999999994 0.11999999999999567 11.15999999999999 11.36999999999999 20.36999999999999 20.999999999999993 21.0
345.75757575757575 345.75757575757575 345.75757575757575 232.7352228163993 157.69117647058823 140.66882352941178 226.10117647058826 204.94117647058823 267.05 290.5 235.92882352941177 248.2305882352941 304.26058823529416 228.96647058823532 243.4317647058824 228.38934046345818 258.0375757575758 242.29639928698748 120.5911051693405 111.17934046345817 118.00228163992875 231.988752228164 18.238163992869886 117.19228163992871 127.21228163992869 263.19757575757563 271.5475757575757 242.7875757575757 204.23639928698745 245.10816399286986 306.26816399286986 333.7875757575757 333.7875757575757 345.75757575757575 245.0
779.7575757575758 779.7575757575758 779.7575757575758 532.0575757575758 448.87 7.57000000000005 247.7399999999999 60.05000000000007 266.85 825.85 739.34 787.6700000000001 130.61 51.860000000000014 646.0400000000001 395.4475757575758 441.89757575757574 602.3375757575757 669.0875757575758 681.7275757575758 186.91757575757572 139.74757575757562 459.61757575757576 600.3875757575757 607.6875757575758 352.00757575757564 70.54757575757571 15.367575757575786 422.3475757575756 539.7875757575757 720.1175757575758 735.0275757575758 735.0275757575758 779.7575757575758 630.0
80.73333333333335 80.73333333333335 80.73333333333335 78.33333333333334 61.95999999999998 84.56 80.67999999999999 88.19999999999999 83.82999999999998 85.89999999999998 73.83666666666666 74.82333333333334 72.98666666666666 83.95333333333332 85.47999999999999 74.57333333333334 77.79333333333334 64.25333333333334 67.36333333333334 76.92333333333335 75.87333333333333 70.20333333333335 70.28333333333335 66.37666666666667 67.66000000000001 39.33666666666669 50.97000000000003 72.18333333333335 70.65333333333338 53.51666666666665 61.88000000000001 78.84333333333336 78.84333333333336 80.73333333333335 48.300000000000004
10.775757575757575 10.775757575757575 10.775757575757575 3.915757575757576 0.6500000000000004 0.8400000000000007 0.23999999999999977 1.9 0.20000000000000107 0.8499999999999999 2.6900000000000013 0.3999999999999999 2.9399999999999995 2.24 1.0499999999999998 0.9457575757575754 0.1557575757575762 0.13575757575757552 0.5257575757575752 0.6257575757575755 2.005757575757576 0.2257575757575747 1.205757575757577 0.9557575757575751 0.37575757575757596 1.7457575757575752 0.1557575757575762 0.15575757575757532 0.1557575757575762 1.1857575757575756 7.975757575757576 10.775757575757575 10.775757575757575 10.775757575757575 8.4
2.545454545454545 2.545454545454545 2.545454545454545 0.38545454545454494 0.6099999999999999 0.04999999999999993 0.45999999999999996 0.6000000000000001 0.6999999999999997 1.3800000000000001 0.19000000000000006 0.019999999999999907 0.04999999999999993 0.7500000000000001 0.8400000000000002 0.17545454545454497 0.205454545454545 0.5954545454545449 1.915454545454545 1.915454545454545 0.025454545454544952 0.41545454545454497 0.8954545454545452 0.0554545454545452 0.08545454545454512 0.35545454545454513 0.35545454545454513 0.025454545454545174 0.025454545454545174 0.025454545454545174 0.025454545454545174 0.6554545454545452 0.6554545454545452 2.545454545454545 2.8000000000000003
8.515433299825174 8.515433299825174 8.515433299825174 7.825778127411381 3.7050567029643053 1.9539776648517801 1.1542492271627303 3.74165103145795 5.34461925589836 6.651593997277676 7.8165087295825755 8.004973563218389 4.145234195402295 2.7624299999999957 4.336564115245006 2.611311061705984 4.149863702359344 6.017062241379309 4.2771783091349045 4.385708673623712 2.8622279414838 4.339965459770113 7.055189827586204 4.430200175438595 4.527553360556562 4.1323707168784 1.4221101724137895 4.166686034482755 7.010791034482757 6.7133051149425285 7.680457298850573 8.039890517241378 7.466258620689655 8.024766408045977 11.625719885057473
700.0 700.0 700.0 698.0 689.0 687.0 675.0 684.0 679.0 679.0 679.0 679.0 684.0 688.0 688.0 684.0 683.0 683.0 683.0 684.0 674.0 679.0 687.0 686.0 688.0 680.0 687.0 679.0 681.0 686.0 692.0 694.0 698.0 700.0 700.0

H cap
21.525 21.525 31.500000000000014 4.900000000000013 64.75000000000003 4.900000000000027 4.9000000000000306 8.225000000000023 -1.75 38.15 68.07500000000002 71.40000000000003 21.52500000000002 31.5 68.07500000000002 -1.7500000000000036 -5.075000000000001 8.22500000000001 11.549999999999997 11.549999999999997 24.85 11.550000000000006 11.549999999999999 -1.7499999999999716 18.20000000000003 -18.375 -18.375 131.25 131.25 131.25 131.25 131.25 131.25 131.25 131.25
32.54999999999999 6.899999999999984 -17.800000000000004 -0.7000000000000064 12.59999999999999 -5.450000000000005 2.1500000000000004 6.8999999999999915 0.24999999999998934 -6.400000000000013 -3.550000000000013 -1.6500000000000057 1.1999999999999993 0.24999999999998934 16.399999999999984 2.149999999999986 -2.600000000000014 11.649999999999988 24.94999999999999 2.149999999999986 -5.4500000000000135 -2.600000000000003 -1.6500000000000066 11.174999999999994 14.974999999999989 6.8999999999999915 9.749999999999991 52.5 52.5 52.5 52.5 52.5 52.5 52.5 52.5
53.02499999999999 53.02499999999999 29.749999999999975 26.424999999999976 53.02499999999999 46.374999999999986 43.04999999999998 46.374999999999986 49.69999999999999 49.69999999999999 49.69999999999999 43.04999999999998 46.374999999999986 49.69999999999999 49.69999999999999 36.39999999999998 29.749999999999975 39.72499999999998 46.374999999999986 53.02499999999999 53.02499999999999 39.72499999999998 36.39999999999998 33.074999999999974 39.72499999999998 53.02499999999999 53.02499999999999 63.0 63.0 63.0 63.0 63.0 63.0 63.0 63.0
-0.5749999999999993 -13.399999999999999 0.8500000000000281 -0.10000000000000142 0.8500000000000103 -10.075 -0.09999999999999964 -2.9499999999999966 12.725000000000012 -0.5749999999999718 0.37500000000001954 0.3750000000000213 0.8500000000000068 -1.5249999999999817 0.8500000000000218 -1.5249999999999888 1.3250000000000437 -1.5250000000000004 -0.09999999999999432 -8.175 7.5000000000000115 -8.174999999999992 0.37499999999999556 -0.1000000000000032 4.649999999999991 -1.049999999999998 0.3749999999999982 78.75 78.75 78.75 78.75 78.75 78.75 78.75 78.75

Gap
0.03213393027824686

Time
1560.0072700977325

