T P M C
22 37 4 12

base obj
14.960531135531136

exp obj
-5.206135531135526

Objective struct
14.960531135531136 0.0 21.999999999999996

num campaigns
78

x
0 0 0 0 1 0 0 0 1 0 0 0 1 0 0 0 1 0 0 0 0 0
0 0 0 0 0 0 0 0 0 0 0 0 0 0 0 0 0 0 0 0 0 0
0 0 0 0 0 0 1 0 0 0 1 0 0 0 0 0 0 0 0 0 0 0
0 0 0 0 1 0 0 0 0 0 1 0 0 0 0 0 1 0 0 0 0 0
0 0 0 0 0 0 1 0 0 1 0 0 1 0 0 1 0 0 0 0 0 0
0 0 0 0 0 0 1 0 0 0 0 0 1 0 0 0 0 0 0 0 0 0
0 0 0 0 1 0 0 0 0 0 1 0 0 0 0 0 1 0 0 0 0 0
0 0 0 0 1 0 0 0 0 0 0 0 0 0 0 0 0 0 0 0 0 0
0 0 0 0 0 0 0 0 0 0 0 0 0 0 0 0 1 0 0 0 0 0
0 0 0 0 0 0 1 0 0 0 1 0 0 1 0 0 0 0 0 0 0 0
0 0 0 0 1 0 0 0 0 0 0 0 0 0 0 0 1 0 0 0 0 0
0 0 0 0 0 0 0 0 1 0 0 0 0 0 0 0 0 0 0 0 0 0
0 0 0 0 0 0 0 0 0 0 0 0 0 0 0 0 0 0 0 0 0 0
0 0 0 0 1 0 0 0 0 0 1 0 0 0 0 0 1 0 0 0 0 0
0 0 0 0 0 0 0 0 0 0 0 0 0 0 0 0 0 0 0 0 0 0
0 0 0 0 0 0 0 0 0 0 1 0 0 0 0 0 0 0 0 0 0 0
0 0 0 0 0 0 0 0 0 0 0 0 0 0 1 0 1 0 0 0 0 0
0 0 0 0 0 0 0 0 0 0 0 0 0 0 1 0 0 0 0 0 0 0
0 0 0 0 0 0 1 0 1 0 1 0 0 0 0 0 0 0 0 0 0 0
0 0 0 0 0 0 1 0 0 0 0 0 0 0 0 0 0 0 0 0 0 0
0 0 0 0 0 0 1 0 0 0 0 0 1 0 0 0 0 0 0 0 0 0
0 0 0 0 0 0 0 0 0 0 0 0 0 0 0 0 0 0 0 0 0 0
0 0 0 0 0 0 0 0 0 0 0 0 0 0 1 0 0 0 0 0 0 0
0 0 0 0 0 0 0 0 1 0 0 0 0 0 1 0 0 0 0 0 0 0
0 0 0 0 0 0 0 0 0 0 0 0 0 0 0 0 0 0 0 0 0 0
0 0 0 0 1 0 0 0 0 0 0 0 0 0 0 0 1 0 0 0 0 0
0 0 0 0 0 0 1 0 0 0 0 0 1 0 0 0 0 0 0 0 0 0
0 0 0 0 0 0 0 0 1 0 0 0 0 0 0 0 0 0 0 0 0 0
0 0 0 0 0 0 0 0 0 0 0 0 0 0 0 0 0 0 0 0 0 0
0 0 0 0 0 1 1 1 1 1 1 1 0 0 0 0 0 0 0 0 0 0
0 0 0 0 1 1 1 1 1 1 1 1 0 0 0 0 0 0 0 0 0 0
0 0 0 0 1 1 1 1 1 0 0 1 0 0 0 0 0 0 0 0 0 0
0 0 0 0 0 1 0 1 1 0 0 0 0 0 0 0 0 0 0 0 0 0
0 0 0 0 0 1 1 1 1 0 0 0 0 0 0 0 0 0 0 0 0 0
0 0 0 0 1 1 0 1 0 0 0 0 0 0 0 0 0 0 0 0 0 0
0 0 0 0 0 0 0 0 0 0 0 0 0 0 0 0 0 0 0 0 0 0
0 0 0 0 0 0 0 0 0 0 0 0 0 0 0 0 0 0 0 0 0 0

y
0.0 0.0 0.0 0.0 0.0 0.0 0.0 0.0 0.0 1.2857142857142858 0.0 0.0 0.0 0.0 0.0 0.0 0.0 0.0 0.0 0.0 0.0 0.0 0.0 0.0 0.0 0.0 0.0 0.0 0.0 0.0 0.0 0.0 0.52 0.0 0.0 0.0 0.0

k
0 3 2 0 1 1 0 0 0 5 0 0 3 0 2 0 0 0 4 0 1 2 0 1 2 0 1 0 6 6 5 7 23 9 10 13 2

f
5.25 5.25 0.0 0.0 0.0 0.0 0.0 0.0 0.0 5.25 0.0 0.0 8.75 0.0 0.0 0.0 0.0 0.0 0.0 0.0 0.0 0.0
0.0 0.0 0.0 0.0 0.0 0.0 0.0 0.0 0.0 0.0 0.0 0.0 0.0 0.0 0.0 0.0 0.0 0.0 0.0 0.0 0.0 0.0
0.0 0.0 0.0 0.0 0.0 0.0 0.0 0.0 0.0 0.0 0.0 0.0 0.0 0.0 0.0 0.0 0.0 0.0 0.0 0.0 0.0 0.0
0.0 1.75 2.25 2.25 0.0 0.0 1.25 0.25 0.0 0.0 9.25 2.25 3.75 1.25 0.0 0.0 0.0 0.0 0.0 0.0 0.0 0.0

L
4 0 4 6 3 6 6 0 0 3 12 0 0 6 0 0 2 0 2 0 6 0 0 6 0 12 6 0 0 1 1 1 1 1 1 0 0

g
0 0 0 0 0 0 0 0 0 0 0 0 0 0 0 0 0 0 0 0 0 0
0 0 0 0 0 0 0 0 0 0 0 0 0 0 0 0 0 0 0 0 0 0
0 0 0 0 0 0 0 0 0 0 0 0 0 0 0 0 0 0 0 0 0 0
0 0 0 0 0 0 0 0 0 0 0 0 0 0 0 0 0 0 0 0 0 0
0 0 0 0 0 0 0 0 0 0 0 0 0 0 0 0 0 0 0 0 0 0
0 0 0 0 0 0 0 0 0 0 0 0 0 0 0 0 0 0 0 0 0 0
0 0 0 0 0 0 0 0 0 0 0 0 0 0 0 0 0 0 0 0 0 0
0 0 0 0 0 0 0 0 0 0 0 0 0 0 0 0 0 0 0 0 0 0
0 0 0 0 0 0 0 0 0 0 0 0 0 0 0 0 0 0 0 0 0 0
0 0 0 0 0 0 0 0 0 0 0 0 0 0 0 0 0 0 0 0 0 0
0 0 0 0 0 0 0 0 0 0 0 0 0 0 0 0 0 0 0 0 0 0
0 0 0 0 0 0 0 0 0 0 0 0 0 0 0 0 0 0 0 0 0 0
0 0 0 0 0 0 0 0 0 0 0 0 0 0 0 0 0 0 0 0 0 0
0 0 0 0 0 0 0 0 0 0 0 0 0 0 0 0 0 0 0 0 0 0
0 0 0 0 0 0 0 0 0 0 0 0 0 0 0 0 0 0 0 0 0 0
0 0 0 0 0 0 0 0 0 0 0 0 0 0 0 0 0 0 0 0 0 0
0 0 0 0 0 0 0 0 0 0 0 0 0 0 0 0 0 0 0 0 0 0
0 0 0 0 0 0 0 0 0 0 0 0 0 0 0 0 0 0 0 0 0 0
0 0 0 0 0 0 0 0 0 0 0 0 0 0 0 0 0 0 0 0 0 0
0 0 0 0 0 0 0 0 0 0 0 0 0 0 0 0 0 0 0 0 0 0
0 0 0 0 0 0 0 0 0 0 0 0 0 0 0 0 0 0 0 0 0 0
0 0 0 0 0 0 0 0 0 0 0 0 0 0 0 0 0 0 0 0 0 0
0 0 0 0 0 0 0 0 0 0 0 0 0 0 0 0 0 0 0 0 0 0
0 0 0 0 0 0 0 0 0 0 0 0 0 0 0 0 0 0 0 0 0 0
0 0 0 0 0 0 0 0 0 0 0 0 0 0 0 0 0 0 0 0 0 0
0 0 0 0 0 0 0 0 0 0 0 0 0 0 0 0 0 0 0 0 0 0
0 0 0 0 0 0 0 0 0 0 0 0 0 0 0 0 0 0 0 0 0 0
0 0 0 0 0 0 0 0 0 0 0 0 0 0 0 0 0 0 0 0 0 0
0 0 0 0 0 0 0 0 0 0 0 0 0 0 0 0 0 0 0 0 0 0
0 0 0 0 0 0 0 0 0 0 0 0 0 0 0 0 0 0 0 0 0 0
0 0 0 0 0 0 0 0 0 0 0 0 0 0 0 0 0 0 0 0 0 0
0 0 0 0 0 0 0 0 0 0 0 0 0 0 0 0 0 0 0 0 0 0
0 0 0 0 0 0 0 0 0 0 0 0 0 0 0 0 0 0 0 0 0 0
0 0 0 0 0 0 0 0 0 0 0 0 0 0 0 0 0 0 0 0 0 0
0 0 0 0 0 0 0 0 0 0 0 0 0 0 0 0 0 0 0 0 0 0
0 0 0 0 0 0 0 0 0 0 0 0 0 0 0 0 0 0 0 0 0 0
0 0 0 0 0 0 0 0 0 0 0 0 0 0 0 0 0 0 0 0 0 0

I cap
1058.909090909091 1058.909090909091 939.349090909107 939.3490909091099 744.6999999999929 913.6599999999752 575.86000000011 880.7200000000541 598.6999999999571 801.719999999932 356.8200000000843 672.2000000000907 547.1599999999513 768.8999999999234 749.2200000000963 780.1490909091842 456.0090909090502 748.5690909090456 840.3490909091065 963.149090909091 1058.909090909091 1058.909090909091
107.96969696969697 107.96969696969697 67.52969696969697 67.52969696969697 18.900000000000233 49.940000000000026 11.940000000000438 33.28000000000044 49.299999999999166 98.27999999999868 33.179999999999794 72.79999999999994 86.83999999999928 63.09999999999893 77.77999999999956 87.7296969696948 10.8696969696954 57.309696969694535 60.5296969696968 95.72969696969697 107.96969696969697 107.96969696969697
38.96666666666666 38.96666666666666 38.96666666666666 38.96666666666666 19.16666666666666 17.066666666666666 3.5 16.833333333333336 11.233333333333341 32.2 16.8 22.400000000000002 2.833333333333334 9.05833333333334 4.158333333333335 26.291666666666668 26.291666666666668 38.96666666666667 38.96666666666666 38.96666666666666 38.96666666666666 38.96666666666666
45.24545454545453 45.24545454545453 43.14545454545453 43.14545454545453 24.01999999999954 29.89000000000046 19.390000000000043 19.9600000000015 20.580000000000346 29.580000000000073 20.419999999999433 21.81999999999935 27.749999999999364 27.50999999999948 23.390000000000928 40.60545454545406 38.04545454545526 42.445454545454524 42.935454545454526 44.615454545454526 45.24545454545453 45.24545454545453
20.999999999999993 20.999999999999993 20.159999999999993 20.159999999999993 7.860000000000012 16.19000000000001 6.000000000000984 7.119999999999953 6.339999999999996 9.199999999999719 7.130000000000296 9.380000000000337 12.859999999999935 20.289999999999687 17.950000000000376 19.64000000000039 17.839999999999613 20.439999999999827 20.55000000000003 20.789999999999992 20.999999999999993 20.999999999999993
345.75757575757575 345.75757575757575 341.76757575757574 308.8263992869875 190.6094117647059 208.68000000000066 190.07999999999893 148.81000000000031 241.25117647058968 253.15058823529574 170.0388235294099 188.78058823529227 266.78058823529636 283.60999999999984 233.20000000000007 272.8775757575721 268.93757575757525 275.53757575757595 302.71757575757573 341.76757575757574 345.75757575757575 345.75757575757575
779.7575757575758 779.7575757575758 747.8375757575758 747.8375757575758 505.30000000000086 685.8599999999997 636.9900000000006 534.2499999999997 711.2700000000006 807.8000000000013 661.9700000000007 745.6699999999972 725.3200000000006 806.859999999998 765.3999999999999 654.6775757575828 632.3175757575767 694.7175757575761 719.8475757575758 764.8475757575758 779.7575757575758 779.7575757575758
80.73333333333335 80.73333333333335 79.26333333333335 79.26333333333335 64.88000000000022 83.48666666666666 67.3 73.77 72.37999999999998 83.83333333333333 74.38000000000001 85.23 93.35 95.27 86.15 75.4733333333335 74.25333333333337 77.65333333333335 78.18333333333335 80.10333333333335 80.73333333333335 80.73333333333335
10.775757575757575 10.775757575757575 9.725757575757573 9.725757575757573 3.8500000000000276 2.749999999999961 2.849999999999743 0.14999999999999858 2.199999999999987 3.4999999999999982 2.7999999999999883 5.249999999999979 4.949999999999919 4.99999999999999 2.169999999999999 0.15575757575757265 0.1557575757575611 0.15575757575757798 4.385757575757576 10.775757575757575 10.775757575757575 10.775757575757575
2.545454545454545 2.545454545454545 1.915454545454545 1.915454545454545 1.96 0.5599999999999999 1.5400000000000054 0.8400000000000006 0.9700000000000654 0.5400000000000008 0.8200000000000002 0.1399999999999999 0.5599999999999999 1.2600000000000007 0.8400000000000002 0.3854545454545567 0.26545454545456193 0.865454545454546 1.195454545454643 1.915454545454545 2.545454545454545 2.545454545454545
8.515433299825174 8.515433299825174 8.515433299825174 8.515433299825103 4.600640490018145 4.86208413793103 4.508937672413794 6.176617931033639 8.489537586206758 8.124673419539118 7.916327241378656 7.616226004234025 8.47626850574627 7.090016034482721 7.685021293102658 7.248334655172076 6.45576206896541 6.275682931034476 5.940820172413792 7.463446120689655 7.546136159874608 8.31123
700.0 700.0 700.0 698.0 686.0 687.0 676.0 691.0 686.0 686.0 677.0 683.0 685.0 690.0 680.0 679.0 674.0 681.0 688.0 696.0 700.0 695.0

H cap
-5.25 -5.25 15.75 15.75 12.25 1.75 33.25 43.75 5.25 -5.25 29.75 29.75 -8.75 1.75 131.25 131.25 131.25 131.25 131.25 131.25 131.25 131.25
22.0 4.0 8.0 8.0 12.5 22.5 18.5 17.5 31.5 35.5 42.5 45.5 26.0 28.0 52.5 52.5 52.5 52.5 52.5 52.5 52.5 52.5
45.5 45.5 42.0 42.0 52.5 49.0 42.0 45.5 52.5 49.0 45.5 45.5 38.5 42.0 63.0 63.0 63.0 63.0 63.0 63.0 63.0 63.0
7.25 -1.75 -2.25 -2.25 1.25 4.75 -1.25 -0.25 16.25 11.25 -9.25 -2.25 -3.75 -1.25 78.75 78.75 78.75 78.75 78.75 78.75 78.75 78.75

