prob destroy
0.18370372574137447 0.1762813131460047 0.3474479305303096 0.21666972237406582 0.07589730820824526

prob repair
0.8751265764668185 0.12449469034721079 0.0001779140423547033 0.00020081914361593745

destroys
4 5 5 5 3 5 1 1 5 1 5 1 2 2 4 4 4 5 5 1 2 3 2 5 5 3 4 5 1 5 2 4 3 1 2 5 2 5 3 2 1 1 4 2 1 4 3 2 3 3 1 4 1 1 1 1 1 2 2 1 1 5 1 2 2 1 4 4 1 1 3 5 3 5 5 3 1 5 1 3 2 3 4 3 2 2 3 2 3 4 3 5 5 3 1 3 3 3 4 4 4 1 1 4 4 4 4 5 1 1 2 4 4 1 2 4 1 4 2 4 1 1 5 3 2 5 4 1 4 2 4 2 1 5 1 1 5 3 4 2 5 5 2 1 2 5 4 1 5 5 4 5 4 1 1 1 1 2 3 5 5 2 2 2 1 2 4 5 2 2 1 3 5 5 1 1 2 2 2 4 3 4 2 5 5 2 1 1 1 2 4 1 1 1 1 4 2 1 5 4 4 3 1

repairs
4 1 3 4 2 2 1 4 1 4 2 2 1 3 2 1 1 4 2 1 1 1 1 2 4 2 3 4 4 2 2 3 1 1 2 4 2 3 2 1 1 1 1 1 4 4 4 1 2 3 2 2 3 2 2 1 2 2 2 1 1 2 2 1 1 2 2 1 3 1 4 2 3 1 2 2 2 4 3 1 3 1 2 3 1 3 3 1 3 3 4 1 3 1 1 1 1 1 4 3 3 1 2 3 1 4 2 1 1 1 3 1 1 2 1 4 4 4 1 4 2 4 1 1 2 2 1 2 3 4 2 1 4 3 1 1 2 3 2 1 1 4 1 1 1 3 2 1 4 3 1 3 2 1 1 1 1 1 1 1 1 4 3 1 1 1 1 2 2 4 1 1 1 4 2 2 1 3 1 1 1 1 1 4 1 1 1 4 1 4 3 3 1 1 1 3 1 1 1 1 1 1 1

current objective
889.5755551649162 615.1352157984004 839.9124245700209 851.3228736037458 883.6076831079671 886.2422620854467 763.4283226915072 970.3788532529 646.2908201940048 952.9444890606351 815.2736148908563 824.500100339147 592.4500509632355 798.772545541004 779.4439814580281 550.610307373492 572.6700143331989 729.8978897910744 859.6744840622529 682.6693616525463 572.8174502306348 549.8923586555433 549.9359483991329 849.273349581453 714.8054816245283 606.9692817324664 893.9967523011134 776.0485408067254 927.4053307949657 771.9483420973887 755.2736572420142 837.510672876819 566.0097579229425 552.7471705103551 720.9708770539805 889.2671125156115 723.3967145937227 877.9045047852755 688.7427451858487 680.5035008466855 546.7996180628027 767.833748357795 516.8316693448539 517.1084758716604 997.0746882731872 838.1839999419107 684.4227114129953 490.27514253832715 596.6164334313421 732.2150208817552 605.8136040767887 653.3791244387796 874.8204655486501 604.1886040767887 614.7527066408912 619.7677066408912 849.0713519171835 605.7407602539448 798.8844873517287 712.7767903158369 469.9866809998656 640.0296272692824 596.2847579229425 471.07001433319897 476.8584758716604 551.7032560914407 732.4967064477105 505.4756919888765 850.8745924021888 531.096937410122 671.3731278863124 837.062246985604 804.8514003001732 686.5684325816171 784.6561801281882 808.5494202214284 821.2446416666497 871.9565092108703 939.3160385895376 643.8730912562759 863.8452241234087 562.1341168973015 689.1026689335006 880.5376189699415 658.9708740617057 778.2283209285644 867.4099112145461 587.2773902905749 769.7788916593886 819.9327588300813 728.8179444423055 607.5848861280707 911.1634661315696 702.2202313575539 645.7066809998656 574.5669600345564 554.8669600345564 586.1360810251276 868.0209488618211 836.3898744156452 802.9220700361167 741.7615704782033 644.7880956771423 846.2847140587608 516.7110399742246 780.0224474173561 810.3263413395259 487.99950151268615 488.2256919888765 477.2256919888765 786.5467536858004 473.10206561525024 479.26873228191687 715.9065661147507 464.26873228191687 846.5340581055185 990.3195556471926 874.8708275396003 463.26873228191687 829.4935814523543 589.6918092049938 914.4702267104093 517.0617725749571 591.1453989485835 706.5894958861287 801.3859793485757 807.2990597705202 813.4470815357732 835.1105313516774 816.8402291184137 652.7633010464856 483.1853989485835 879.8591922276506 771.8420105587448 505.10206561525024 800.3214586461544 880.0270759125932 865.8644322682051 644.1788447184999 479.26873228191687 844.0198546044895 647.9495700715781 601.1110581777924 589.1149227581074 557.0351425383271 794.9138177711403 767.4400276532123 539.9020656152502 813.3449415898504 777.1367886508353 526.6353989485835 816.0850112970194 702.7896196703905 679.171538326447 655.2074357623445 654.570014333199 651.8401192283038 587.8762497644343 603.1678348460194 575.5309117690964 596.7142451024297 895.347402519725 798.1178276118743 571.8007835639681 745.9085434511398 590.9488604870451 535.1669418309884 673.1070350710818 803.2605987487833 822.581728599325 617.3020656152502 563.2513330145176 656.3312582718161 623.4279397411243 596.9321938203784 608.8424502306348 529.3731278863124 743.4723586555432 520.3264245896091 717.8315527947374 491.02514253832715 473.3328348460194 684.9938238570085 922.5371358256348 484.60206561525024 602.2516840495542 479.3136040767887 938.0121534550642 489.8328348460194 812.3347469535198 830.2549434237162 865.0459460485424 503.7110399742246 513.4610399742246 624.8180490570957 902.4381115976654 521.6384292516138 528.8126716758562 534.961589424774 502.161589424774 470.1853989485835 469.9353989485835 480.0782560914407

curent best objective
934.7193020772331 889.5755551649162 615.1352157984004 615.1352157984004 615.1352157984004 615.1352157984004 615.1352157984004 615.1352157984004 615.1352157984004 615.1352157984004 615.1352157984004 615.1352157984004 615.1352157984004 592.4500509632355 592.4500509632355 592.4500509632355 550.610307373492 550.610307373492 550.610307373492 550.610307373492 550.610307373492 550.610307373492 549.8923586555433 549.8923586555433 549.8923586555433 549.8923586555433 549.8923586555433 549.8923586555433 549.8923586555433 549.8923586555433 549.8923586555433 549.8923586555433 549.8923586555433 549.8923586555433 549.8923586555433 549.8923586555433 549.8923586555433 549.8923586555433 549.8923586555433 549.8923586555433 549.8923586555433 546.7996180628027 546.7996180628027 516.8316693448539 516.8316693448539 516.8316693448539 516.8316693448539 516.8316693448539 490.27514253832715 490.27514253832715 490.27514253832715 490.27514253832715 490.27514253832715 490.27514253832715 490.27514253832715 490.27514253832715 490.27514253832715 490.27514253832715 490.27514253832715 490.27514253832715 490.27514253832715 469.9866809998656 469.9866809998656 469.9866809998656 469.9866809998656 469.9866809998656 469.9866809998656 469.9866809998656 469.9866809998656 469.9866809998656 469.9866809998656 469.9866809998656 469.9866809998656 469.9866809998656 469.9866809998656 469.9866809998656 469.9866809998656 469.9866809998656 469.9866809998656 469.9866809998656 469.9866809998656 469.9866809998656 469.9866809998656 469.9866809998656 469.9866809998656 469.9866809998656 469.9866809998656 469.9866809998656 469.9866809998656 469.9866809998656 469.9866809998656 469.9866809998656 469.9866809998656 469.9866809998656 469.9866809998656 469.9866809998656 469.9866809998656 469.9866809998656 469.9866809998656 469.9866809998656 469.9866809998656 469.9866809998656 469.9866809998656 469.9866809998656 469.9866809998656 469.9866809998656 469.9866809998656 469.9866809998656 469.9866809998656 469.9866809998656 469.9866809998656 469.9866809998656 469.9866809998656 469.9866809998656 469.9866809998656 464.26873228191687 464.26873228191687 464.26873228191687 464.26873228191687 463.26873228191687 463.26873228191687 463.26873228191687 463.26873228191687 463.26873228191687 463.26873228191687 463.26873228191687 463.26873228191687 463.26873228191687 463.26873228191687 463.26873228191687 463.26873228191687 463.26873228191687 463.26873228191687 463.26873228191687 463.26873228191687 463.26873228191687 463.26873228191687 463.26873228191687 463.26873228191687 463.26873228191687 463.26873228191687 463.26873228191687 463.26873228191687 463.26873228191687 463.26873228191687 463.26873228191687 463.26873228191687 463.26873228191687 463.26873228191687 463.26873228191687 463.26873228191687 463.26873228191687 463.26873228191687 463.26873228191687 463.26873228191687 463.26873228191687 463.26873228191687 463.26873228191687 463.26873228191687 463.26873228191687 463.26873228191687 463.26873228191687 463.26873228191687 463.26873228191687 463.26873228191687 463.26873228191687 463.26873228191687 463.26873228191687 463.26873228191687 463.26873228191687 463.26873228191687 463.26873228191687 463.26873228191687 463.26873228191687 463.26873228191687 463.26873228191687 463.26873228191687 463.26873228191687 463.26873228191687 463.26873228191687 463.26873228191687 463.26873228191687 463.26873228191687 463.26873228191687 463.26873228191687 463.26873228191687 463.26873228191687 463.26873228191687 463.26873228191687 463.26873228191687 463.26873228191687 463.26873228191687 463.26873228191687 463.26873228191687 463.26873228191687 463.26873228191687 463.26873228191687 463.26873228191687 463.26873228191687 463.26873228191687 463.26873228191687 463.26873228191687 463.26873228191687

status
10 10 0 1 1 1 5 0 5 0 0 0 10 0 0 10 1 0 0 0 1 10 1 0 0 1 0 0 0 0 0 0 5 5 0 0 0 0 0 0 10 0 10 1 0 0 0 10 0 0 0 0 0 0 0 0 0 0 0 0 10 0 0 1 1 1 0 5 0 0 1 0 0 1 1 0 1 1 1 5 0 5 1 0 5 1 1 5 0 0 0 1 0 0 0 5 5 1 0 0 0 0 0 0 5 0 0 5 1 5 0 5 1 0 10 0 0 0 10 0 0 0 1 0 0 0 0 0 0 0 0 5 0 0 1 0 0 0 0 5 0 0 1 5 5 0 0 5 0 0 5 0 1 5 5 5 5 5 1 5 1 0 0 5 0 1 5 1 0 0 5 5 0 0 0 0 5 0 5 0 5 5 0 0 0 0 1 0 1 0 0 0 1 1 1 0 5 1 1 5 5 5 0

num destroy
1951 2003 3520 2303 1011

num repair
93 46 32 32

prob destroy iter
0.2 0.2 0.2 0.2 0.2 0.2 0.2 0.2 0.2 0.2 0.2 0.2 0.2 0.2 0.2 0.2 0.2 0.2 0.2 0.2 0.2 0.2 0.2 0.2 0.2 0.2 0.2 0.2 0.2 0.2 0.2 0.2 0.2 0.2 0.2 0.2 0.2 0.2 0.2 0.2 0.2 0.2 0.2 0.2 0.2 0.2 0.2 0.2 0.2 0.19360110629203597 0.19360110629203597 0.19360110629203597 0.19360110629203597 0.19360110629203597 0.19360110629203597 0.19360110629203597 0.19360110629203597 0.19360110629203597 0.19360110629203597 0.19360110629203597 0.19360110629203597 0.19360110629203597 0.19360110629203597 0.19360110629203597 0.19360110629203597 0.19360110629203597 0.19360110629203597 0.19360110629203597 0.19360110629203597 0.19360110629203597 0.19360110629203597 0.19360110629203597 0.19360110629203597 0.19360110629203597 0.19360110629203597 0.19360110629203597 0.19360110629203597 0.19360110629203597 0.19360110629203597 0.19360110629203597 0.19360110629203597 0.19360110629203597 0.19360110629203597 0.19360110629203597 0.19360110629203597 0.19360110629203597 0.19360110629203597 0.19360110629203597 0.19360110629203597 0.19360110629203597 0.19360110629203597 0.19360110629203597 0.19360110629203597 0.19360110629203597 0.19360110629203597 0.19360110629203597 0.19360110629203597 0.19360110629203597 0.19360110629203597 0.18941385167328834 0.18941385167328834 0.18941385167328834 0.18941385167328834 0.18941385167328834 0.18941385167328834 0.18941385167328834 0.18941385167328834 0.18941385167328834 0.18941385167328834 0.18941385167328834 0.18941385167328834 0.18941385167328834 0.18941385167328834 0.18941385167328834 0.18941385167328834 0.18941385167328834 0.18941385167328834 0.18941385167328834 0.18941385167328834 0.18941385167328834 0.18941385167328834 0.18941385167328834 0.18941385167328834 0.18941385167328834 0.18941385167328834 0.18941385167328834 0.18941385167328834 0.18941385167328834 0.18941385167328834 0.18941385167328834 0.18941385167328834 0.18941385167328834 0.18941385167328834 0.18941385167328834 0.18941385167328834 0.18941385167328834 0.18941385167328834 0.18941385167328834 0.18941385167328834 0.18941385167328834 0.18941385167328834 0.18941385167328834 0.18941385167328834 0.18941385167328834 0.18941385167328834 0.18941385167328834 0.18941385167328834 0.18941385167328834 0.18941385167328834 0.18695865431896003 0.18695865431896003 0.18695865431896003 0.18695865431896003 0.18695865431896003 0.18695865431896003 0.18695865431896003 0.18695865431896003 0.18695865431896003 0.18695865431896003 0.18695865431896003 0.18695865431896003 0.18695865431896003 0.18695865431896003 0.18695865431896003 0.18695865431896003 0.18695865431896003 0.18695865431896003 0.18695865431896003 0.18695865431896003 0.18695865431896003 0.18695865431896003 0.18695865431896003 0.18695865431896003 0.18695865431896003 0.18695865431896003 0.18695865431896003 0.18695865431896003 0.18695865431896003 0.18695865431896003 0.18695865431896003 0.18695865431896003 0.18695865431896003 0.18695865431896003 0.18695865431896003 0.18695865431896003 0.18695865431896003 0.18695865431896003 0.18695865431896003 0.18695865431896003 0.18695865431896003 0.18695865431896003 0.18695865431896003 0.18695865431896003 0.18695865431896003 0.18695865431896003 0.18695865431896003 0.18695865431896003 0.18695865431896003 0.18695865431896003 0.18370372574137447 0.18370372574137447 0.18370372574137447 0.18370372574137447
0.2 0.2 0.2 0.2 0.2 0.2 0.2 0.2 0.2 0.2 0.2 0.2 0.2 0.2 0.2 0.2 0.2 0.2 0.2 0.2 0.2 0.2 0.2 0.2 0.2 0.2 0.2 0.2 0.2 0.2 0.2 0.2 0.2 0.2 0.2 0.2 0.2 0.2 0.2 0.2 0.2 0.2 0.2 0.2 0.2 0.2 0.2 0.2 0.2 0.19888113646363692 0.19888113646363692 0.19888113646363692 0.19888113646363692 0.19888113646363692 0.19888113646363692 0.19888113646363692 0.19888113646363692 0.19888113646363692 0.19888113646363692 0.19888113646363692 0.19888113646363692 0.19888113646363692 0.19888113646363692 0.19888113646363692 0.19888113646363692 0.19888113646363692 0.19888113646363692 0.19888113646363692 0.19888113646363692 0.19888113646363692 0.19888113646363692 0.19888113646363692 0.19888113646363692 0.19888113646363692 0.19888113646363692 0.19888113646363692 0.19888113646363692 0.19888113646363692 0.19888113646363692 0.19888113646363692 0.19888113646363692 0.19888113646363692 0.19888113646363692 0.19888113646363692 0.19888113646363692 0.19888113646363692 0.19888113646363692 0.19888113646363692 0.19888113646363692 0.19888113646363692 0.19888113646363692 0.19888113646363692 0.19888113646363692 0.19888113646363692 0.19888113646363692 0.19888113646363692 0.19888113646363692 0.19888113646363692 0.19888113646363692 0.2075049269801644 0.2075049269801644 0.2075049269801644 0.2075049269801644 0.2075049269801644 0.2075049269801644 0.2075049269801644 0.2075049269801644 0.2075049269801644 0.2075049269801644 0.2075049269801644 0.2075049269801644 0.2075049269801644 0.2075049269801644 0.2075049269801644 0.2075049269801644 0.2075049269801644 0.2075049269801644 0.2075049269801644 0.2075049269801644 0.2075049269801644 0.2075049269801644 0.2075049269801644 0.2075049269801644 0.2075049269801644 0.2075049269801644 0.2075049269801644 0.2075049269801644 0.2075049269801644 0.2075049269801644 0.2075049269801644 0.2075049269801644 0.2075049269801644 0.2075049269801644 0.2075049269801644 0.2075049269801644 0.2075049269801644 0.2075049269801644 0.2075049269801644 0.2075049269801644 0.2075049269801644 0.2075049269801644 0.2075049269801644 0.2075049269801644 0.2075049269801644 0.2075049269801644 0.2075049269801644 0.2075049269801644 0.2075049269801644 0.2075049269801644 0.42425606718459197 0.42425606718459197 0.42425606718459197 0.42425606718459197 0.42425606718459197 0.42425606718459197 0.42425606718459197 0.42425606718459197 0.42425606718459197 0.42425606718459197 0.42425606718459197 0.42425606718459197 0.42425606718459197 0.42425606718459197 0.42425606718459197 0.42425606718459197 0.42425606718459197 0.42425606718459197 0.42425606718459197 0.42425606718459197 0.42425606718459197 0.42425606718459197 0.42425606718459197 0.42425606718459197 0.42425606718459197 0.42425606718459197 0.42425606718459197 0.42425606718459197 0.42425606718459197 0.42425606718459197 0.42425606718459197 0.42425606718459197 0.42425606718459197 0.42425606718459197 0.42425606718459197 0.42425606718459197 0.42425606718459197 0.42425606718459197 0.42425606718459197 0.42425606718459197 0.42425606718459197 0.42425606718459197 0.42425606718459197 0.42425606718459197 0.42425606718459197 0.42425606718459197 0.42425606718459197 0.42425606718459197 0.42425606718459197 0.42425606718459197 0.1762813131460047 0.1762813131460047 0.1762813131460047 0.1762813131460047
0.2 0.2 0.2 0.2 0.2 0.2 0.2 0.2 0.2 0.2 0.2 0.2 0.2 0.2 0.2 0.2 0.2 0.2 0.2 0.2 0.2 0.2 0.2 0.2 0.2 0.2 0.2 0.2 0.2 0.2 0.2 0.2 0.2 0.2 0.2 0.2 0.2 0.2 0.2 0.2 0.2 0.2 0.2 0.2 0.2 0.2 0.2 0.2 0.2 0.20114400653718023 0.20114400653718023 0.20114400653718023 0.20114400653718023 0.20114400653718023 0.20114400653718023 0.20114400653718023 0.20114400653718023 0.20114400653718023 0.20114400653718023 0.20114400653718023 0.20114400653718023 0.20114400653718023 0.20114400653718023 0.20114400653718023 0.20114400653718023 0.20114400653718023 0.20114400653718023 0.20114400653718023 0.20114400653718023 0.20114400653718023 0.20114400653718023 0.20114400653718023 0.20114400653718023 0.20114400653718023 0.20114400653718023 0.20114400653718023 0.20114400653718023 0.20114400653718023 0.20114400653718023 0.20114400653718023 0.20114400653718023 0.20114400653718023 0.20114400653718023 0.20114400653718023 0.20114400653718023 0.20114400653718023 0.20114400653718023 0.20114400653718023 0.20114400653718023 0.20114400653718023 0.20114400653718023 0.20114400653718023 0.20114400653718023 0.20114400653718023 0.20114400653718023 0.20114400653718023 0.20114400653718023 0.20114400653718023 0.20114400653718023 0.20985479807235172 0.20985479807235172 0.20985479807235172 0.20985479807235172 0.20985479807235172 0.20985479807235172 0.20985479807235172 0.20985479807235172 0.20985479807235172 0.20985479807235172 0.20985479807235172 0.20985479807235172 0.20985479807235172 0.20985479807235172 0.20985479807235172 0.20985479807235172 0.20985479807235172 0.20985479807235172 0.20985479807235172 0.20985479807235172 0.20985479807235172 0.20985479807235172 0.20985479807235172 0.20985479807235172 0.20985479807235172 0.20985479807235172 0.20985479807235172 0.20985479807235172 0.20985479807235172 0.20985479807235172 0.20985479807235172 0.20985479807235172 0.20985479807235172 0.20985479807235172 0.20985479807235172 0.20985479807235172 0.20985479807235172 0.20985479807235172 0.20985479807235172 0.20985479807235172 0.20985479807235172 0.20985479807235172 0.20985479807235172 0.20985479807235172 0.20985479807235172 0.20985479807235172 0.20985479807235172 0.20985479807235172 0.20985479807235172 0.20985479807235172 0.09655452608021484 0.09655452608021484 0.09655452608021484 0.09655452608021484 0.09655452608021484 0.09655452608021484 0.09655452608021484 0.09655452608021484 0.09655452608021484 0.09655452608021484 0.09655452608021484 0.09655452608021484 0.09655452608021484 0.09655452608021484 0.09655452608021484 0.09655452608021484 0.09655452608021484 0.09655452608021484 0.09655452608021484 0.09655452608021484 0.09655452608021484 0.09655452608021484 0.09655452608021484 0.09655452608021484 0.09655452608021484 0.09655452608021484 0.09655452608021484 0.09655452608021484 0.09655452608021484 0.09655452608021484 0.09655452608021484 0.09655452608021484 0.09655452608021484 0.09655452608021484 0.09655452608021484 0.09655452608021484 0.09655452608021484 0.09655452608021484 0.09655452608021484 0.09655452608021484 0.09655452608021484 0.09655452608021484 0.09655452608021484 0.09655452608021484 0.09655452608021484 0.09655452608021484 0.09655452608021484 0.09655452608021484 0.09655452608021484 0.09655452608021484 0.3474479305303096 0.3474479305303096 0.3474479305303096 0.3474479305303096
0.2 0.2 0.2 0.2 0.2 0.2 0.2 0.2 0.2 0.2 0.2 0.2 0.2 0.2 0.2 0.2 0.2 0.2 0.2 0.2 0.2 0.2 0.2 0.2 0.2 0.2 0.2 0.2 0.2 0.2 0.2 0.2 0.2 0.2 0.2 0.2 0.2 0.2 0.2 0.2 0.2 0.2 0.2 0.2 0.2 0.2 0.2 0.2 0.2 0.22660129486454209 0.22660129486454209 0.22660129486454209 0.22660129486454209 0.22660129486454209 0.22660129486454209 0.22660129486454209 0.22660129486454209 0.22660129486454209 0.22660129486454209 0.22660129486454209 0.22660129486454209 0.22660129486454209 0.22660129486454209 0.22660129486454209 0.22660129486454209 0.22660129486454209 0.22660129486454209 0.22660129486454209 0.22660129486454209 0.22660129486454209 0.22660129486454209 0.22660129486454209 0.22660129486454209 0.22660129486454209 0.22660129486454209 0.22660129486454209 0.22660129486454209 0.22660129486454209 0.22660129486454209 0.22660129486454209 0.22660129486454209 0.22660129486454209 0.22660129486454209 0.22660129486454209 0.22660129486454209 0.22660129486454209 0.22660129486454209 0.22660129486454209 0.22660129486454209 0.22660129486454209 0.22660129486454209 0.22660129486454209 0.22660129486454209 0.22660129486454209 0.22660129486454209 0.22660129486454209 0.22660129486454209 0.22660129486454209 0.22660129486454209 0.2214470765886239 0.2214470765886239 0.2214470765886239 0.2214470765886239 0.2214470765886239 0.2214470765886239 0.2214470765886239 0.2214470765886239 0.2214470765886239 0.2214470765886239 0.2214470765886239 0.2214470765886239 0.2214470765886239 0.2214470765886239 0.2214470765886239 0.2214470765886239 0.2214470765886239 0.2214470765886239 0.2214470765886239 0.2214470765886239 0.2214470765886239 0.2214470765886239 0.2214470765886239 0.2214470765886239 0.2214470765886239 0.2214470765886239 0.2214470765886239 0.2214470765886239 0.2214470765886239 0.2214470765886239 0.2214470765886239 0.2214470765886239 0.2214470765886239 0.2214470765886239 0.2214470765886239 0.2214470765886239 0.2214470765886239 0.2214470765886239 0.2214470765886239 0.2214470765886239 0.2214470765886239 0.2214470765886239 0.2214470765886239 0.2214470765886239 0.2214470765886239 0.2214470765886239 0.2214470765886239 0.2214470765886239 0.2214470765886239 0.2214470765886239 0.15839768193799636 0.15839768193799636 0.15839768193799636 0.15839768193799636 0.15839768193799636 0.15839768193799636 0.15839768193799636 0.15839768193799636 0.15839768193799636 0.15839768193799636 0.15839768193799636 0.15839768193799636 0.15839768193799636 0.15839768193799636 0.15839768193799636 0.15839768193799636 0.15839768193799636 0.15839768193799636 0.15839768193799636 0.15839768193799636 0.15839768193799636 0.15839768193799636 0.15839768193799636 0.15839768193799636 0.15839768193799636 0.15839768193799636 0.15839768193799636 0.15839768193799636 0.15839768193799636 0.15839768193799636 0.15839768193799636 0.15839768193799636 0.15839768193799636 0.15839768193799636 0.15839768193799636 0.15839768193799636 0.15839768193799636 0.15839768193799636 0.15839768193799636 0.15839768193799636 0.15839768193799636 0.15839768193799636 0.15839768193799636 0.15839768193799636 0.15839768193799636 0.15839768193799636 0.15839768193799636 0.15839768193799636 0.15839768193799636 0.15839768193799636 0.21666972237406582 0.21666972237406582 0.21666972237406582 0.21666972237406582
0.2 0.2 0.2 0.2 0.2 0.2 0.2 0.2 0.2 0.2 0.2 0.2 0.2 0.2 0.2 0.2 0.2 0.2 0.2 0.2 0.2 0.2 0.2 0.2 0.2 0.2 0.2 0.2 0.2 0.2 0.2 0.2 0.2 0.2 0.2 0.2 0.2 0.2 0.2 0.2 0.2 0.2 0.2 0.2 0.2 0.2 0.2 0.2 0.2 0.17977245584260482 0.17977245584260482 0.17977245584260482 0.17977245584260482 0.17977245584260482 0.17977245584260482 0.17977245584260482 0.17977245584260482 0.17977245584260482 0.17977245584260482 0.17977245584260482 0.17977245584260482 0.17977245584260482 0.17977245584260482 0.17977245584260482 0.17977245584260482 0.17977245584260482 0.17977245584260482 0.17977245584260482 0.17977245584260482 0.17977245584260482 0.17977245584260482 0.17977245584260482 0.17977245584260482 0.17977245584260482 0.17977245584260482 0.17977245584260482 0.17977245584260482 0.17977245584260482 0.17977245584260482 0.17977245584260482 0.17977245584260482 0.17977245584260482 0.17977245584260482 0.17977245584260482 0.17977245584260482 0.17977245584260482 0.17977245584260482 0.17977245584260482 0.17977245584260482 0.17977245584260482 0.17977245584260482 0.17977245584260482 0.17977245584260482 0.17977245584260482 0.17977245584260482 0.17977245584260482 0.17977245584260482 0.17977245584260482 0.17977245584260482 0.17177934668557174 0.17177934668557174 0.17177934668557174 0.17177934668557174 0.17177934668557174 0.17177934668557174 0.17177934668557174 0.17177934668557174 0.17177934668557174 0.17177934668557174 0.17177934668557174 0.17177934668557174 0.17177934668557174 0.17177934668557174 0.17177934668557174 0.17177934668557174 0.17177934668557174 0.17177934668557174 0.17177934668557174 0.17177934668557174 0.17177934668557174 0.17177934668557174 0.17177934668557174 0.17177934668557174 0.17177934668557174 0.17177934668557174 0.17177934668557174 0.17177934668557174 0.17177934668557174 0.17177934668557174 0.17177934668557174 0.17177934668557174 0.17177934668557174 0.17177934668557174 0.17177934668557174 0.17177934668557174 0.17177934668557174 0.17177934668557174 0.17177934668557174 0.17177934668557174 0.17177934668557174 0.17177934668557174 0.17177934668557174 0.17177934668557174 0.17177934668557174 0.17177934668557174 0.17177934668557174 0.17177934668557174 0.17177934668557174 0.17177934668557174 0.13383307047823678 0.13383307047823678 0.13383307047823678 0.13383307047823678 0.13383307047823678 0.13383307047823678 0.13383307047823678 0.13383307047823678 0.13383307047823678 0.13383307047823678 0.13383307047823678 0.13383307047823678 0.13383307047823678 0.13383307047823678 0.13383307047823678 0.13383307047823678 0.13383307047823678 0.13383307047823678 0.13383307047823678 0.13383307047823678 0.13383307047823678 0.13383307047823678 0.13383307047823678 0.13383307047823678 0.13383307047823678 0.13383307047823678 0.13383307047823678 0.13383307047823678 0.13383307047823678 0.13383307047823678 0.13383307047823678 0.13383307047823678 0.13383307047823678 0.13383307047823678 0.13383307047823678 0.13383307047823678 0.13383307047823678 0.13383307047823678 0.13383307047823678 0.13383307047823678 0.13383307047823678 0.13383307047823678 0.13383307047823678 0.13383307047823678 0.13383307047823678 0.13383307047823678 0.13383307047823678 0.13383307047823678 0.13383307047823678 0.13383307047823678 0.07589730820824526 0.07589730820824526 0.07589730820824526 0.07589730820824526

prob repair iter
0.25 0.25 0.25 0.25 0.25 0.25 0.25 0.25 0.25 0.25 0.25 0.25 0.25 0.25 0.25 0.25 0.25 0.25 0.25 0.25 0.25 0.25 0.25 0.25 0.25 0.25 0.25 0.25 0.25 0.25 0.25 0.25 0.25 0.25 0.25 0.25 0.25 0.25 0.25 0.25 0.25 0.25 0.25 0.25 0.25 0.25 0.25 0.25 0.25 0.3358006183828352 0.3358006183828352 0.3358006183828352 0.3358006183828352 0.3358006183828352 0.3358006183828352 0.3358006183828352 0.3358006183828352 0.3358006183828352 0.3358006183828352 0.3358006183828352 0.3358006183828352 0.3358006183828352 0.3358006183828352 0.3358006183828352 0.3358006183828352 0.3358006183828352 0.3358006183828352 0.3358006183828352 0.3358006183828352 0.3358006183828352 0.3358006183828352 0.3358006183828352 0.3358006183828352 0.3358006183828352 0.3358006183828352 0.3358006183828352 0.3358006183828352 0.3358006183828352 0.3358006183828352 0.3358006183828352 0.3358006183828352 0.3358006183828352 0.3358006183828352 0.3358006183828352 0.3358006183828352 0.3358006183828352 0.3358006183828352 0.3358006183828352 0.3358006183828352 0.3358006183828352 0.3358006183828352 0.3358006183828352 0.3358006183828352 0.3358006183828352 0.3358006183828352 0.3358006183828352 0.3358006183828352 0.3358006183828352 0.3358006183828352 0.3718234085075346 0.3718234085075346 0.3718234085075346 0.3718234085075346 0.3718234085075346 0.3718234085075346 0.3718234085075346 0.3718234085075346 0.3718234085075346 0.3718234085075346 0.3718234085075346 0.3718234085075346 0.3718234085075346 0.3718234085075346 0.3718234085075346 0.3718234085075346 0.3718234085075346 0.3718234085075346 0.3718234085075346 0.3718234085075346 0.3718234085075346 0.3718234085075346 0.3718234085075346 0.3718234085075346 0.3718234085075346 0.3718234085075346 0.3718234085075346 0.3718234085075346 0.3718234085075346 0.3718234085075346 0.3718234085075346 0.3718234085075346 0.3718234085075346 0.3718234085075346 0.3718234085075346 0.3718234085075346 0.3718234085075346 0.3718234085075346 0.3718234085075346 0.3718234085075346 0.3718234085075346 0.3718234085075346 0.3718234085075346 0.3718234085075346 0.3718234085075346 0.3718234085075346 0.3718234085075346 0.3718234085075346 0.3718234085075346 0.3718234085075346 0.6525441095841641 0.6525441095841641 0.6525441095841641 0.6525441095841641 0.6525441095841641 0.6525441095841641 0.6525441095841641 0.6525441095841641 0.6525441095841641 0.6525441095841641 0.6525441095841641 0.6525441095841641 0.6525441095841641 0.6525441095841641 0.6525441095841641 0.6525441095841641 0.6525441095841641 0.6525441095841641 0.6525441095841641 0.6525441095841641 0.6525441095841641 0.6525441095841641 0.6525441095841641 0.6525441095841641 0.6525441095841641 0.6525441095841641 0.6525441095841641 0.6525441095841641 0.6525441095841641 0.6525441095841641 0.6525441095841641 0.6525441095841641 0.6525441095841641 0.6525441095841641 0.6525441095841641 0.6525441095841641 0.6525441095841641 0.6525441095841641 0.6525441095841641 0.6525441095841641 0.6525441095841641 0.6525441095841641 0.6525441095841641 0.6525441095841641 0.6525441095841641 0.6525441095841641 0.6525441095841641 0.6525441095841641 0.6525441095841641 0.6525441095841641 0.8751265764668185 0.8751265764668185 0.8751265764668185 0.8751265764668185
0.25 0.25 0.25 0.25 0.25 0.25 0.25 0.25 0.25 0.25 0.25 0.25 0.25 0.25 0.25 0.25 0.25 0.25 0.25 0.25 0.25 0.25 0.25 0.25 0.25 0.25 0.25 0.25 0.25 0.25 0.25 0.25 0.25 0.25 0.25 0.25 0.25 0.25 0.25 0.25 0.25 0.25 0.25 0.25 0.25 0.25 0.25 0.25 0.25 0.21755832474468287 0.21755832474468287 0.21755832474468287 0.21755832474468287 0.21755832474468287 0.21755832474468287 0.21755832474468287 0.21755832474468287 0.21755832474468287 0.21755832474468287 0.21755832474468287 0.21755832474468287 0.21755832474468287 0.21755832474468287 0.21755832474468287 0.21755832474468287 0.21755832474468287 0.21755832474468287 0.21755832474468287 0.21755832474468287 0.21755832474468287 0.21755832474468287 0.21755832474468287 0.21755832474468287 0.21755832474468287 0.21755832474468287 0.21755832474468287 0.21755832474468287 0.21755832474468287 0.21755832474468287 0.21755832474468287 0.21755832474468287 0.21755832474468287 0.21755832474468287 0.21755832474468287 0.21755832474468287 0.21755832474468287 0.21755832474468287 0.21755832474468287 0.21755832474468287 0.21755832474468287 0.21755832474468287 0.21755832474468287 0.21755832474468287 0.21755832474468287 0.21755832474468287 0.21755832474468287 0.21755832474468287 0.21755832474468287 0.21755832474468287 0.20390804815442765 0.20390804815442765 0.20390804815442765 0.20390804815442765 0.20390804815442765 0.20390804815442765 0.20390804815442765 0.20390804815442765 0.20390804815442765 0.20390804815442765 0.20390804815442765 0.20390804815442765 0.20390804815442765 0.20390804815442765 0.20390804815442765 0.20390804815442765 0.20390804815442765 0.20390804815442765 0.20390804815442765 0.20390804815442765 0.20390804815442765 0.20390804815442765 0.20390804815442765 0.20390804815442765 0.20390804815442765 0.20390804815442765 0.20390804815442765 0.20390804815442765 0.20390804815442765 0.20390804815442765 0.20390804815442765 0.20390804815442765 0.20390804815442765 0.20390804815442765 0.20390804815442765 0.20390804815442765 0.20390804815442765 0.20390804815442765 0.20390804815442765 0.20390804815442765 0.20390804815442765 0.20390804815442765 0.20390804815442765 0.20390804815442765 0.20390804815442765 0.20390804815442765 0.20390804815442765 0.20390804815442765 0.20390804815442765 0.20390804815442765 0.11278524764210608 0.11278524764210608 0.11278524764210608 0.11278524764210608 0.11278524764210608 0.11278524764210608 0.11278524764210608 0.11278524764210608 0.11278524764210608 0.11278524764210608 0.11278524764210608 0.11278524764210608 0.11278524764210608 0.11278524764210608 0.11278524764210608 0.11278524764210608 0.11278524764210608 0.11278524764210608 0.11278524764210608 0.11278524764210608 0.11278524764210608 0.11278524764210608 0.11278524764210608 0.11278524764210608 0.11278524764210608 0.11278524764210608 0.11278524764210608 0.11278524764210608 0.11278524764210608 0.11278524764210608 0.11278524764210608 0.11278524764210608 0.11278524764210608 0.11278524764210608 0.11278524764210608 0.11278524764210608 0.11278524764210608 0.11278524764210608 0.11278524764210608 0.11278524764210608 0.11278524764210608 0.11278524764210608 0.11278524764210608 0.11278524764210608 0.11278524764210608 0.11278524764210608 0.11278524764210608 0.11278524764210608 0.11278524764210608 0.11278524764210608 0.12449469034721079 0.12449469034721079 0.12449469034721079 0.12449469034721079
0.25 0.25 0.25 0.25 0.25 0.25 0.25 0.25 0.25 0.25 0.25 0.25 0.25 0.25 0.25 0.25 0.25 0.25 0.25 0.25 0.25 0.25 0.25 0.25 0.25 0.25 0.25 0.25 0.25 0.25 0.25 0.25 0.25 0.25 0.25 0.25 0.25 0.25 0.25 0.25 0.25 0.25 0.25 0.25 0.25 0.25 0.25 0.25 0.25 0.21249882882038792 0.21249882882038792 0.21249882882038792 0.21249882882038792 0.21249882882038792 0.21249882882038792 0.21249882882038792 0.21249882882038792 0.21249882882038792 0.21249882882038792 0.21249882882038792 0.21249882882038792 0.21249882882038792 0.21249882882038792 0.21249882882038792 0.21249882882038792 0.21249882882038792 0.21249882882038792 0.21249882882038792 0.21249882882038792 0.21249882882038792 0.21249882882038792 0.21249882882038792 0.21249882882038792 0.21249882882038792 0.21249882882038792 0.21249882882038792 0.21249882882038792 0.21249882882038792 0.21249882882038792 0.21249882882038792 0.21249882882038792 0.21249882882038792 0.21249882882038792 0.21249882882038792 0.21249882882038792 0.21249882882038792 0.21249882882038792 0.21249882882038792 0.21249882882038792 0.21249882882038792 0.21249882882038792 0.21249882882038792 0.21249882882038792 0.21249882882038792 0.21249882882038792 0.21249882882038792 0.21249882882038792 0.21249882882038792 0.21249882882038792 0.19930477281983766 0.19930477281983766 0.19930477281983766 0.19930477281983766 0.19930477281983766 0.19930477281983766 0.19930477281983766 0.19930477281983766 0.19930477281983766 0.19930477281983766 0.19930477281983766 0.19930477281983766 0.19930477281983766 0.19930477281983766 0.19930477281983766 0.19930477281983766 0.19930477281983766 0.19930477281983766 0.19930477281983766 0.19930477281983766 0.19930477281983766 0.19930477281983766 0.19930477281983766 0.19930477281983766 0.19930477281983766 0.19930477281983766 0.19930477281983766 0.19930477281983766 0.19930477281983766 0.19930477281983766 0.19930477281983766 0.19930477281983766 0.19930477281983766 0.19930477281983766 0.19930477281983766 0.19930477281983766 0.19930477281983766 0.19930477281983766 0.19930477281983766 0.19930477281983766 0.19930477281983766 0.19930477281983766 0.19930477281983766 0.19930477281983766 0.19930477281983766 0.19930477281983766 0.19930477281983766 0.19930477281983766 0.19930477281983766 0.19930477281983766 0.11023909238597156 0.11023909238597156 0.11023909238597156 0.11023909238597156 0.11023909238597156 0.11023909238597156 0.11023909238597156 0.11023909238597156 0.11023909238597156 0.11023909238597156 0.11023909238597156 0.11023909238597156 0.11023909238597156 0.11023909238597156 0.11023909238597156 0.11023909238597156 0.11023909238597156 0.11023909238597156 0.11023909238597156 0.11023909238597156 0.11023909238597156 0.11023909238597156 0.11023909238597156 0.11023909238597156 0.11023909238597156 0.11023909238597156 0.11023909238597156 0.11023909238597156 0.11023909238597156 0.11023909238597156 0.11023909238597156 0.11023909238597156 0.11023909238597156 0.11023909238597156 0.11023909238597156 0.11023909238597156 0.11023909238597156 0.11023909238597156 0.11023909238597156 0.11023909238597156 0.11023909238597156 0.11023909238597156 0.11023909238597156 0.11023909238597156 0.11023909238597156 0.11023909238597156 0.11023909238597156 0.11023909238597156 0.11023909238597156 0.11023909238597156 0.0001779140423547033 0.0001779140423547033 0.0001779140423547033 0.0001779140423547033
0.25 0.25 0.25 0.25 0.25 0.25 0.25 0.25 0.25 0.25 0.25 0.25 0.25 0.25 0.25 0.25 0.25 0.25 0.25 0.25 0.25 0.25 0.25 0.25 0.25 0.25 0.25 0.25 0.25 0.25 0.25 0.25 0.25 0.25 0.25 0.25 0.25 0.25 0.25 0.25 0.25 0.25 0.25 0.25 0.25 0.25 0.25 0.25 0.25 0.2341422280520941 0.2341422280520941 0.2341422280520941 0.2341422280520941 0.2341422280520941 0.2341422280520941 0.2341422280520941 0.2341422280520941 0.2341422280520941 0.2341422280520941 0.2341422280520941 0.2341422280520941 0.2341422280520941 0.2341422280520941 0.2341422280520941 0.2341422280520941 0.2341422280520941 0.2341422280520941 0.2341422280520941 0.2341422280520941 0.2341422280520941 0.2341422280520941 0.2341422280520941 0.2341422280520941 0.2341422280520941 0.2341422280520941 0.2341422280520941 0.2341422280520941 0.2341422280520941 0.2341422280520941 0.2341422280520941 0.2341422280520941 0.2341422280520941 0.2341422280520941 0.2341422280520941 0.2341422280520941 0.2341422280520941 0.2341422280520941 0.2341422280520941 0.2341422280520941 0.2341422280520941 0.2341422280520941 0.2341422280520941 0.2341422280520941 0.2341422280520941 0.2341422280520941 0.2341422280520941 0.2341422280520941 0.2341422280520941 0.2341422280520941 0.22496377051819996 0.22496377051819996 0.22496377051819996 0.22496377051819996 0.22496377051819996 0.22496377051819996 0.22496377051819996 0.22496377051819996 0.22496377051819996 0.22496377051819996 0.22496377051819996 0.22496377051819996 0.22496377051819996 0.22496377051819996 0.22496377051819996 0.22496377051819996 0.22496377051819996 0.22496377051819996 0.22496377051819996 0.22496377051819996 0.22496377051819996 0.22496377051819996 0.22496377051819996 0.22496377051819996 0.22496377051819996 0.22496377051819996 0.22496377051819996 0.22496377051819996 0.22496377051819996 0.22496377051819996 0.22496377051819996 0.22496377051819996 0.22496377051819996 0.22496377051819996 0.22496377051819996 0.22496377051819996 0.22496377051819996 0.22496377051819996 0.22496377051819996 0.22496377051819996 0.22496377051819996 0.22496377051819996 0.22496377051819996 0.22496377051819996 0.22496377051819996 0.22496377051819996 0.22496377051819996 0.22496377051819996 0.22496377051819996 0.22496377051819996 0.12443155038775823 0.12443155038775823 0.12443155038775823 0.12443155038775823 0.12443155038775823 0.12443155038775823 0.12443155038775823 0.12443155038775823 0.12443155038775823 0.12443155038775823 0.12443155038775823 0.12443155038775823 0.12443155038775823 0.12443155038775823 0.12443155038775823 0.12443155038775823 0.12443155038775823 0.12443155038775823 0.12443155038775823 0.12443155038775823 0.12443155038775823 0.12443155038775823 0.12443155038775823 0.12443155038775823 0.12443155038775823 0.12443155038775823 0.12443155038775823 0.12443155038775823 0.12443155038775823 0.12443155038775823 0.12443155038775823 0.12443155038775823 0.12443155038775823 0.12443155038775823 0.12443155038775823 0.12443155038775823 0.12443155038775823 0.12443155038775823 0.12443155038775823 0.12443155038775823 0.12443155038775823 0.12443155038775823 0.12443155038775823 0.12443155038775823 0.12443155038775823 0.12443155038775823 0.12443155038775823 0.12443155038775823 0.12443155038775823 0.12443155038775823 0.00020081914361593745 0.00020081914361593745 0.00020081914361593745 0.00020081914361593745

time destroy
0.122 0.05 0.302 0.062 0.261

time repair
1.343 0.06900000000000003 0.33500000000000013 3.2989999999999995

destroy names
clusterDestroy! randomDestroy! worstIdleDestroy! stackDestroy! relatedDestroy!

repair names
greedyRepair! firstRepair! flexibilityRepair! regretRepair!

iterations
204

Temperature
67.42574508650087 67.40888865022924 67.39203642806669 67.37518841895968 67.35834462185494 67.34150503569948 67.32466965944056 67.3078384920257 67.29101153240269 67.27418877951959 67.25737023232472 67.24055588976664 67.2237457507942 67.2069398143565 67.19013807940291 67.17334054488306 67.15654720974685 67.13975807294442 67.12297313342619 67.10619239014284 67.0894158420453 67.0726434880848 67.05587532721277 67.03911135838098 67.02235158054138 67.00559599264625 66.9888445936481 66.97209738249968 66.95535435815405 66.93861551956452 66.92188086568463 66.90515039546821 66.88842410786934 66.87170200184238 66.85498407634192 66.83827033032284 66.82156076274026 66.80485537254958 66.78815415870645 66.77145712016677 66.75476425588673 66.73807556482275 66.72139104593154 66.70471069817006 66.68803452049552 66.6713625118654 66.65469467123744 66.63803099756963 66.62137148982023 66.60471614694778 66.58806496791105 66.57141795166908 66.55477509718116 66.53813640340687 66.52150186930602 66.50487149383869 66.48824527596524 66.47162321464626 66.4550053088426 66.43839155751539 66.42178195962602 66.40517651413612 66.38857522000758 66.37197807620258 66.35538508168354 66.33879623541311 66.32221153635426 66.30563098347017 66.28905457572431 66.27248231208038 66.25591419150237 66.23935021295449 66.22279037540126 66.20623467780742 66.18968311913797 66.17313569835818 66.15659241443359 66.14005326632999 66.1235182530134 66.10698737345015 66.0904606266068 66.07393801145015 66.05741952694729 66.04090517206555 66.02439494577254 66.0078888470361 65.99138687482434 65.97488902810564 65.95839530584861 65.94190570702216 65.9254202305954 65.90893887553776 65.89246164081888 65.87598852540867 65.85951952827732 65.84305464839525 65.82659388473316 65.81013723626198 65.79368470195291 65.77723628077743 65.76079197170723 65.74435177371431 65.72791568577088 65.71148370684944 65.69505583592273 65.67863207196375 65.66221241394575 65.64579686084227 65.62938541162706 65.61297806527415 65.59657482075784 65.58017567705265 65.56378063313339 65.54738968797511 65.53100284055311 65.51462008984298 65.49824143482051 65.48186687446182 65.4654964077432 65.44913003364127 65.43276775113286 65.41640955919507 65.40005545680528 65.38370544294108 65.36735951658035 65.3510176767012 65.33467992228204 65.31834625230147 65.30201666573839 65.28569116157196 65.26936973878156 65.25305239634687 65.2367391332478 65.22042994846448 65.20412484097737 65.18782380976712 65.17152685381468 65.15523397210123 65.1389451636082 65.1226604273173 65.10637976221047 65.09010316726992 65.0738306414781 65.05756218381772 65.04129779327177 65.02503746882346 65.00878120945625 64.99252901415389 64.97628088190035 64.96003681167988 64.94379680247697 64.92756085327635 64.91132896306303 64.89510113082227 64.87887735553957 64.8626576362007 64.84644197179165 64.8302303612987 64.81402280370838 64.79781929800745 64.78161984318295 64.76542443822215 64.7492330821126 64.73304577384206 64.7168625123986 64.7006832967705 64.68450812594631 64.66833699891482 64.6521699146651 64.63600687218643 64.61984787046838 64.60369290850076 64.58754198527363 64.57139509977732 64.55525225100237 64.53911343793962 64.52297865958013 64.50684791491524 64.49072120293651 64.47459852263579 64.45847987300513 64.44236525303688 64.42625466172362 64.41014809805819 64.39404556103368 64.37794704964342 64.36185256288101 64.3457620997403 64.32967565921537 64.31359324030056 64.29751484199049 64.28144046327999 64.26537010316417 64.24930376063838 64.23324143469823 64.21718312433956 64.20112882855847 64.18507854635133 64.16903227671474 64.15299001864557 64.13695177114091 64.12091753319812 64.10488730381482

W
10 5 1

