prob destroy
0.2 0.2 0.2 0.2 0.2

prob repair
0.25 0.25 0.25 0.25

destroys
5 1 5 1 5 5 3 5 5

repairs
2 3 1 3 3 3 4 3 3

current objective
17.749804745626246 20.47062070789251 8.586351126898787 19.461849941809373 26.382810353946258 25.422154032579996 19.99390609390609 23.814518645654545 28.72098691031754

curent best objective
33.23320698908934 17.749804745626246 17.749804745626246 8.586351126898787 8.586351126898787 8.586351126898787 8.586351126898787 8.586351126898787 8.586351126898787

status
10 1 10 0 1 5 5 1 1

num destroy
172 177 176 198 197

num repair
1 1 6 1

prob destroy iter
0.2 0.2 0.2 0.2 0.2 0.2 0.2 0.2 0.2
0.2 0.2 0.2 0.2 0.2 0.2 0.2 0.2 0.2
0.2 0.2 0.2 0.2 0.2 0.2 0.2 0.2 0.2
0.2 0.2 0.2 0.2 0.2 0.2 0.2 0.2 0.2
0.2 0.2 0.2 0.2 0.2 0.2 0.2 0.2 0.2

prob repair iter
0.25 0.25 0.25 0.25 0.25 0.25 0.25 0.25 0.25
0.25 0.25 0.25 0.25 0.25 0.25 0.25 0.25 0.25
0.25 0.25 0.25 0.25 0.25 0.25 0.25 0.25 0.25
0.25 0.25 0.25 0.25 0.25 0.25 0.25 0.25 0.25

time destroy
0.04 0.048 0.29200000000000004 0.166 0.24

time repair
0.035 0.002 0.17700000000000002 0.459

destroy names
clusterDestroy! randomDestroy! worstIdleDestroy! stackDestroy! relatedDestroy!

repair names
greedyRepair! firstRepair! flexibilityRepair! regretRepair!

iterations
10

Temperature
9.589076583199127 9.586679314053328 9.584282644224814 9.581886573563757 9.579491101920366 9.577096229144887 9.574701955087601 9.572308279598829 9.569915202528929

W
10 5 1

