prob destroy
4.2e-322 0.8994708994708994 4.2e-322 0.10052910052910052 4.2e-322

prob repair
1.0 2.47e-322 2.47e-322 2.47e-322

destroys
3 1 5 1 4 1 3 4 5 5 4 1 5 2 3 5 3 4 2 3 5 4 4 1 5 2 1 1 1 2 1 5 1 3 3 3 5 3 5 5 3 3 5 4 5 3 4 4 3 2 1 3 4 3 3 3 1 3 5 3 5 5 4 5 3 5 2 5 3 3 5 5 3 4 3 5 1 3 4 4 4 5 3 1 5 4 2 2 4 4 2 3 4 5 4 5 5 4 2 4 5 2 2 4 4 3 2 2 5 4 5 5 3 5 5 5 5 4 3 5 3 4 5 5 3 5 5 5 5 5 4 5 4 2 4 5 1 4 5 4 2 2 3 3 3 3 5 2 5 2 5 2 2 1 4 5 1 4 3 4 2 2 3 5 4 4 1 4 4 4 3 2 2 4 4 4 4 5 5 5 2 2 3 5 4 3 1 3 4 5 3 5 1 3 2 4 2 4 3 2 2 3 5 5 5 5 2 3 5 2 1 4 3 5 4 5 5 1 3 2 3 3 2 2 2 5 3 3 3 5 2 2 5 3 3 5 2 2 4 3 1 1 3 2 4 5 4 2 4 3 2 1 2 2 4 3 5 5 3 3 3 1 2 2 5 2 5 4 4 5 5 4 2 5 3 5 3 4 2 5 1 1 4 5 5 5 2 5 1 4 1 5 2 1 2 3 3 2 2 4 3 4 5 5 2 5 5 5 1 3 3 2 2 5 4 2 2 3 2 3 3 5 4 2 5 5 4 4 3 3 2 4 4 5 5 2 4 2 2 4 2 1 2 5 4 4 5 4 5 4 4 2 5 2 2 2 5 4 5 2 2 2 4 5 2 2 5 3 2 2 4 2 5 5 5 5 5 4 4 2 2 5 1 5 5 4 5 2 3 2 4 3 5 4 2 1 5 2 5 3 4 1 5 2 4 3 4 4 2 5 4 2 2 1 2 5 5 2 2 2 4 2 1 3 2 1 5 2 4 2 4 2 2 1 4 4 2 2 4 4 2 1 4 4 2 2 4 4 4 2 2

repairs
4 4 3 3 3 3 4 3 3 4 3 3 4 3 2 2 1 4 3 1 4 4 2 3 3 4 3 4 3 3 3 3 3 2 3 2 4 2 3 2 2 2 3 4 1 4 3 3 1 4 3 4 4 1 3 2 3 2 3 3 1 1 3 1 1 3 4 3 1 1 3 1 4 3 3 4 3 3 1 4 4 3 3 3 4 2 4 4 4 4 4 3 2 3 1 3 1 3 3 4 3 1 3 3 4 3 3 3 3 3 3 3 3 4 4 1 1 3 4 3 3 4 3 3 3 1 3 3 3 2 3 1 3 3 3 3 4 3 4 4 3 3 4 3 3 4 1 4 1 4 3 1 4 4 4 3 3 3 3 3 3 4 4 1 1 3 3 4 3 3 3 4 4 3 3 4 3 3 4 1 3 3 3 1 4 4 3 3 4 2 3 3 3 3 4 3 4 3 3 4 4 4 2 1 1 2 3 4 3 3 3 2 3 2 3 1 3 3 4 1 4 2 3 3 4 4 3 1 3 1 3 3 1 3 3 1 1 4 4 3 3 3 3 3 3 3 3 3 3 4 3 3 3 3 3 3 3 4 3 3 3 3 3 4 3 3 3 3 4 3 4 3 3 2 3 3 4 3 3 1 4 3 4 1 3 3 3 4 4 4 3 2 3 4 4 4 3 3 3 3 3 3 4 1 4 3 3 3 4 3 4 3 1 1 3 4 3 4 3 3 3 3 1 1 3 1 3 1 4 3 3 3 3 1 1 3 3 3 3 4 3 3 3 3 1 4 2 3 3 3 4 3 3 3 1 3 3 4 4 3 4 3 4 1 3 4 1 3 2 1 1 3 1 1 1 3 3 4 3 3 1 1 3 4 1 3 3 1 3 3 4 3 3 3 4 3 4 1 1 3 4 1 3 3 3 3 3 3 1 3 3 4 3 3 3 1 1 3 1 3 3 4 3 1 4 3 1 3 3 1 4 3 3 4 2 4 4 1 1 1 4 4 4 4 3 4 3 3 4 1 1

current objective
3.7034533147717728 6.47128548260394 5.134314120632579 1.8647024712947635 3.1829596198257453 3.499186894917117 4.1458796274719205 3.6811260477183403 -0.8824916530393194 0.0955969250492581 5.800043796636089 6.345164487304448 1.8779329797991053 0.9728386488427061 -1.314091662225536 -0.24998909812297132 -2.8117928116508235 2.456321427051649 0.9426927028346892 -4.723235277231221 12.059281800012023 3.7614589366009237 1.5685595945636512 2.8472181199463145 0.6296239359018267 2.676304385269902 6.370180326772619 6.753216715671076 3.808781725374017 0.5736188490346699 7.4481080987977535 1.6360262725779968 11.271329752059975 -3.9538352519691253 -0.589386772794481 -3.733322431456304 2.580730756734814 -3.887168585302459 3.4521763834542742 -3.5833224314563052 -4.589732687866562 -3.6999890981229724 7.1537402827058 1.9931272682692565 -4.394427992561867 0.6716717629902202 1.5460050767353009 4.294292026431986 -3.527177427035439 1.052122978441436 1.6028321002864607 -0.5655077241892661 5.722113967844191 -3.527177427035439 -0.6022895562854993 -4.237260160394033 5.591167098621458 -4.1603370834709565 0.7655281432563372 5.828837244567468 -4.646142944276818 -8.284604482738358 1.5441889651930203 -4.576296124429998 -6.713635282905062 0.19320415216966946 9.165615983070344 4.759761725765781 -6.713635282905062 -6.713635282905062 7.7771712634897225 -5.678310776444651 -3.7299965686781116 1.2790952624116914 -0.6823642010457442 -0.4297093778432526 1.3764239141521077 -0.6701730588546022 -9.923066021199897 8.921563146116899 1.8515822581745498 8.722889004166895 3.4748113955010504 6.493504369194024 -2.01200587782738 -5.249989098122971 6.054087106267633 6.597504388782279 -0.6761466795543871 5.557042372772596 -0.10510272351043248 -3.4614308207006 -6.2371685853024585 -1.2721825909047002 -10.544860892994766 -1.9090182907018605 -8.564641112774986 6.458715810896338 -2.6184989216327956 1.5732687359969297 3.0613162631823885 -11.384604482738357 1.7959148863307077 -0.30833058760036547 2.3306701310859532 -5.031411009544883 5.270194906513366 4.6868568719988595 1.399124898090415 0.4863251623292184 6.657426245154439 6.050941232533524 -5.147575825121467 -2.361760659894535 -4.378559952555896 -9.147424995558868 -10.706664606522619 2.371032122036178 3.6727917349722614 8.885740689330953 6.261715053033511 5.6661682468984695 -3.0643641483600916 0.21679411866024267 -1.9522713527176005 -5.561660185656129 12.28949946605119 0.647922989789115 3.7088950704467942 -4.439091662225537 6.349935571527864 -5.784104982238857 -1.2138574137154263 2.0494686854727417 3.098804349808407 0.9853588872250123 5.865684822277114 5.237231217058803 0.9732304983724855 4.8965435578620164 1.247135555451985 -0.5649846772564828 0.17248428380274206 -2.3627471514286933 -2.611816121674134 0.5132664428201945 -6.257946657804671 6.065405101997394 -9.503967877963824 -1.361263692359028 5.402389672531659 -10.048839672835616 0.1389887597189814 10.056250517568976 1.7591230507153428 5.810002060144047 6.823277746594177 0.797870115010074 -5.111394933666739 9.254814600544824 5.365619718347914 0.9726761642684565 3.8377889791074375 -6.244352493348438 -10.749989098122974 -0.5781369306825699 8.315358887225013 4.153386714705174 -2.699217054075067 0.04930747413505987 -0.3814417901233309 1.393713402891902 5.496420347738806 3.500516488244683 4.417700858978749 -0.785439459121001 0.17214652487471938 12.99193679207878 2.1895491796911664 -7.969769317903192 2.1856414207834076 -0.765032962304768 -2.725231725677973 -6.86294223693818 -1.9194045136742917 -3.3173883655222394 7.524416665146887 -4.02693037861395 2.7272531423951296 -3.620618468752343 6.842227873546331 6.397831877385629 2.3674036781339005 -1.7946952033767447 4.535471702063994 3.5399903477185415 1.0419118170538049 4.367815338819394 3.784224153128818 9.355517916836375 5.363044646361077 1.4710057623242196 -5.141014739148613 -10.03643598456986 -8.976179574313448 -5.814091662225536 -1.8070471516313322 -3.43913409781564 0.6627896782054989 -0.6031457724155498 3.1177831296492555 1.717973625427986 4.1018399957040925 -5.976912175046049 3.148147933878157 -9.527843427701441 9.822598314464438 1.5217990022148231 -1.64009979878134 -5.1350354243457685 -0.9013730083304123 -8.527461625595498 -1.7418753761451526 3.3635551736971605 2.0341689851730425 1.4514174230097145 1.4100167513352098 -10.003367903225914 -5.760928969610512 -9.643111492969506 -1.3796266444846577 4.305505981510038 -7.670334270192284 3.9890710303894887 8.766133281863505 -6.294576694434707 -7.640730540588554 2.6080180637482866 4.647592508910966 -1.3984776818853888 7.595034211900337 4.223337686654117 3.386029994346424 2.634709019851008 6.2562525878448785 1.4458342806618667 2.3675754671292184 4.157461267603254 2.44069383287436 4.379629099771088 2.0045626111549026 4.547363843053498 3.7257507367547937 0.9810094976017885 2.1925157499701102 -0.5685070777768555 3.654292083845836 5.60297575311774 -1.3730331264408342 -2.8339729844192316 -4.949707027252669 4.267095777785432 3.451391299707729 2.737257563261621 5.499092969234956 -0.5322066000260728 5.89138734152933 4.775492256222479 2.24163444736467 1.7506181107600982 2.444949870953927 5.317124937266923 8.485048386366845 -2.5118522349861108 3.7682524372179538 11.26250759382605 5.808734700053158 0.9225545076964945 2.5178342279762163 -3.795842669838615 5.977083423675715 8.572002760593023 4.261856871998859 -4.051087425083369 0.680237916241972 1.8187926947967519 1.5032421533841411 -0.2755249348352802 7.176946319400681 1.302181770224366 1.3630540081959976 -4.5449524680863425 -1.7154007588084674 4.010785296515519 4.207227704682065 -2.357931966613509 4.526185302189358 5.805230682096808 6.4063276243702205 2.1385046495087057 1.7701579961620526 3.82742182428795 2.9451189040844223 -6.248539398397411 1.9505288862591081 -0.1317291363133153 3.880527221257444 -2.6428201176781307 9.367487627315214 6.516011567877693 -2.832062319019724 7.648043038773262 -8.031756181614195 -2.4862433611013746 -0.3319875053952135 0.5254642990545619 18.084391115983408 0.3128276794199705 -3.2784159653733695 4.4167609874912115 -1.8707100438439186 -0.22884202342620252 -9.689265339123349 -10.085286559282501 3.2199975818637068 -6.927461625595503 0.5398526152684369 -2.6982170736633213 -4.028261636943179 3.799799220387455 0.08692232378844977 1.0988372445674672 5.685267997722359 -11.20694880508268 -6.209894709752723 3.446148965976551 2.1579850001249588 6.84687753760776 -2.6839562229521663 -1.4067115203930616 4.572645228334884 1.6191735749037974 0.8929398086700324 4.722414590142784 -9.799256497390374 1.6015750240293851 -4.5192448423787175 0.6884540138698352 -0.25267864995045564 5.14401885470851 -0.9638438708012753 -2.7963688103647533 -0.28293781607169066 6.275258412986608 -9.147424995558872 1.498536970129262 2.2441134659795914 3.8851668953088847 1.7939969158630413 -2.09351941837743 -0.6657072305652436 7.5420687324845535 4.033384364114587 -5.822049221907233 2.2695230563891817 1.0752591559893778 -8.119352493348437 -4.0224821223401355 -4.412285135419009 -9.051271149405025 -10.147424995558872 -1.1769303786139487 -7.993578841712716 -10.982589830723708 -7.843111492969507 1.9712995017153228 -0.6953157322731354 1.521948447090434 8.572196937612759 1.2625997565652738 -10.97501407314795 -7.053102651236526 2.0084276541578774 -0.5023553593127641 -7.303367903225916 11.826840444883041 2.711016046158033 -11.190282138416013 7.25072375899962 -0.8305268936607675 2.495899496041483 -4.956256681114693 0.057693624833582646 0.21229596975032994 2.8592512558435477 5.054363385093608 -2.820341784652129 -8.281842538799943 -9.013359061492938 1.9397544916206169 4.215295100437088 -1.9107188855768982 2.971036022800729 3.9601761997299523 -4.473379335336741 -0.4270105215947 -0.049482826166396876 0.18851487592866834 -8.802669750803625 10.041769143635268 -3.150247858969969 5.199361720091943 -0.6610711803409579 7.8695924697344575 0.8265905831828757 -9.610794958928835 -8.294393544251559 1.4156218460376673 -9.421051369185243 1.7799162906059451 -5.723366295638101 -0.8345373085332515 5.893360533989338 2.6033017422064066 3.062784500827097 1.3046791612714523 -8.80951290764678 4.632275415591846 3.388413185867547 -11.576312200308145 5.635765316495538 1.1710143811563682 1.0726614730772939 10.937447484901845 -6.6941282922621665 -1.337726877584891 7.179205726660088 -10.905666753800627 -9.492333420467297 -11.456948805082678 1.1951647676191284 4.2402635768558685 2.154256139398126 4.9902018603438485 1.0401463411503977 5.3506483036909 -1.2253003419839121 -0.9682308563647295 -0.615909158454798 -9.430142278276156 -9.545153933287807

curent best objective
2.905085016403474 2.905085016403474 2.905085016403474 2.905085016403474 1.8647024712947635 1.8647024712947635 1.8647024712947635 1.8647024712947635 1.8647024712947635 -0.8824916530393194 -0.8824916530393194 -0.8824916530393194 -0.8824916530393194 -0.8824916530393194 -0.8824916530393194 -1.314091662225536 -1.314091662225536 -2.8117928116508235 -2.8117928116508235 -2.8117928116508235 -4.723235277231221 -4.723235277231221 -4.723235277231221 -4.723235277231221 -4.723235277231221 -4.723235277231221 -4.723235277231221 -4.723235277231221 -4.723235277231221 -4.723235277231221 -4.723235277231221 -4.723235277231221 -4.723235277231221 -4.723235277231221 -4.723235277231221 -4.723235277231221 -4.723235277231221 -4.723235277231221 -4.723235277231221 -4.723235277231221 -4.723235277231221 -4.723235277231221 -4.723235277231221 -4.723235277231221 -4.723235277231221 -4.723235277231221 -4.723235277231221 -4.723235277231221 -4.723235277231221 -4.723235277231221 -4.723235277231221 -4.723235277231221 -4.723235277231221 -4.723235277231221 -4.723235277231221 -4.723235277231221 -4.723235277231221 -4.723235277231221 -4.723235277231221 -4.723235277231221 -4.723235277231221 -4.723235277231221 -8.284604482738358 -8.284604482738358 -8.284604482738358 -8.284604482738358 -8.284604482738358 -8.284604482738358 -8.284604482738358 -8.284604482738358 -8.284604482738358 -8.284604482738358 -8.284604482738358 -8.284604482738358 -8.284604482738358 -8.284604482738358 -8.284604482738358 -8.284604482738358 -8.284604482738358 -9.923066021199897 -9.923066021199897 -9.923066021199897 -9.923066021199897 -9.923066021199897 -9.923066021199897 -9.923066021199897 -9.923066021199897 -9.923066021199897 -9.923066021199897 -9.923066021199897 -9.923066021199897 -9.923066021199897 -9.923066021199897 -9.923066021199897 -9.923066021199897 -10.544860892994766 -10.544860892994766 -10.544860892994766 -10.544860892994766 -10.544860892994766 -10.544860892994766 -10.544860892994766 -11.384604482738357 -11.384604482738357 -11.384604482738357 -11.384604482738357 -11.384604482738357 -11.384604482738357 -11.384604482738357 -11.384604482738357 -11.384604482738357 -11.384604482738357 -11.384604482738357 -11.384604482738357 -11.384604482738357 -11.384604482738357 -11.384604482738357 -11.384604482738357 -11.384604482738357 -11.384604482738357 -11.384604482738357 -11.384604482738357 -11.384604482738357 -11.384604482738357 -11.384604482738357 -11.384604482738357 -11.384604482738357 -11.384604482738357 -11.384604482738357 -11.384604482738357 -11.384604482738357 -11.384604482738357 -11.384604482738357 -11.384604482738357 -11.384604482738357 -11.384604482738357 -11.384604482738357 -11.384604482738357 -11.384604482738357 -11.384604482738357 -11.384604482738357 -11.384604482738357 -11.384604482738357 -11.384604482738357 -11.384604482738357 -11.384604482738357 -11.384604482738357 -11.384604482738357 -11.384604482738357 -11.384604482738357 -11.384604482738357 -11.384604482738357 -11.384604482738357 -11.384604482738357 -11.384604482738357 -11.384604482738357 -11.384604482738357 -11.384604482738357 -11.384604482738357 -11.384604482738357 -11.384604482738357 -11.384604482738357 -11.384604482738357 -11.384604482738357 -11.384604482738357 -11.384604482738357 -11.384604482738357 -11.384604482738357 -11.384604482738357 -11.384604482738357 -11.384604482738357 -11.384604482738357 -11.384604482738357 -11.384604482738357 -11.384604482738357 -11.384604482738357 -11.384604482738357 -11.384604482738357 -11.384604482738357 -11.384604482738357 -11.384604482738357 -11.384604482738357 -11.384604482738357 -11.384604482738357 -11.384604482738357 -11.384604482738357 -11.384604482738357 -11.384604482738357 -11.384604482738357 -11.384604482738357 -11.384604482738357 -11.384604482738357 -11.384604482738357 -11.384604482738357 -11.384604482738357 -11.384604482738357 -11.384604482738357 -11.384604482738357 -11.384604482738357 -11.384604482738357 -11.384604482738357 -11.384604482738357 -11.384604482738357 -11.384604482738357 -11.384604482738357 -11.384604482738357 -11.384604482738357 -11.384604482738357 -11.384604482738357 -11.384604482738357 -11.384604482738357 -11.384604482738357 -11.384604482738357 -11.384604482738357 -11.384604482738357 -11.384604482738357 -11.384604482738357 -11.384604482738357 -11.384604482738357 -11.384604482738357 -11.384604482738357 -11.384604482738357 -11.384604482738357 -11.384604482738357 -11.384604482738357 -11.384604482738357 -11.384604482738357 -11.384604482738357 -11.384604482738357 -11.384604482738357 -11.384604482738357 -11.384604482738357 -11.384604482738357 -11.384604482738357 -11.384604482738357 -11.384604482738357 -11.384604482738357 -11.384604482738357 -11.384604482738357 -11.384604482738357 -11.384604482738357 -11.384604482738357 -11.384604482738357 -11.384604482738357 -11.384604482738357 -11.384604482738357 -11.384604482738357 -11.384604482738357 -11.384604482738357 -11.384604482738357 -11.384604482738357 -11.384604482738357 -11.384604482738357 -11.384604482738357 -11.384604482738357 -11.384604482738357 -11.384604482738357 -11.384604482738357 -11.384604482738357 -11.384604482738357 -11.384604482738357 -11.384604482738357 -11.384604482738357 -11.384604482738357 -11.384604482738357 -11.384604482738357 -11.384604482738357 -11.384604482738357 -11.384604482738357 -11.384604482738357 -11.384604482738357 -11.384604482738357 -11.384604482738357 -11.384604482738357 -11.384604482738357 -11.384604482738357 -11.384604482738357 -11.384604482738357 -11.384604482738357 -11.384604482738357 -11.384604482738357 -11.384604482738357 -11.384604482738357 -11.384604482738357 -11.384604482738357 -11.384604482738357 -11.384604482738357 -11.384604482738357 -11.384604482738357 -11.384604482738357 -11.384604482738357 -11.384604482738357 -11.384604482738357 -11.384604482738357 -11.384604482738357 -11.384604482738357 -11.384604482738357 -11.384604482738357 -11.384604482738357 -11.384604482738357 -11.384604482738357 -11.384604482738357 -11.384604482738357 -11.384604482738357 -11.384604482738357 -11.384604482738357 -11.384604482738357 -11.384604482738357 -11.384604482738357 -11.384604482738357 -11.384604482738357 -11.384604482738357 -11.384604482738357 -11.384604482738357 -11.384604482738357 -11.384604482738357 -11.384604482738357 -11.384604482738357 -11.384604482738357 -11.384604482738357 -11.384604482738357 -11.384604482738357 -11.384604482738357 -11.384604482738357 -11.384604482738357 -11.384604482738357 -11.384604482738357 -11.384604482738357 -11.384604482738357 -11.384604482738357 -11.384604482738357 -11.384604482738357 -11.384604482738357 -11.384604482738357 -11.384604482738357 -11.384604482738357 -11.384604482738357 -11.384604482738357 -11.384604482738357 -11.384604482738357 -11.384604482738357 -11.384604482738357 -11.384604482738357 -11.384604482738357 -11.384604482738357 -11.384604482738357 -11.384604482738357 -11.384604482738357 -11.384604482738357 -11.384604482738357 -11.384604482738357 -11.384604482738357 -11.384604482738357 -11.384604482738357 -11.384604482738357 -11.384604482738357 -11.384604482738357 -11.384604482738357 -11.384604482738357 -11.384604482738357 -11.384604482738357 -11.384604482738357 -11.384604482738357 -11.384604482738357 -11.384604482738357 -11.384604482738357 -11.384604482738357 -11.384604482738357 -11.384604482738357 -11.384604482738357 -11.384604482738357 -11.384604482738357 -11.384604482738357 -11.384604482738357 -11.384604482738357 -11.384604482738357 -11.384604482738357 -11.384604482738357 -11.384604482738357 -11.384604482738357 -11.384604482738357 -11.384604482738357 -11.384604482738357 -11.384604482738357 -11.384604482738357 -11.384604482738357 -11.384604482738357 -11.384604482738357 -11.384604482738357 -11.384604482738357 -11.384604482738357 -11.384604482738357 -11.384604482738357 -11.384604482738357 -11.384604482738357 -11.384604482738357 -11.384604482738357 -11.384604482738357 -11.384604482738357 -11.384604482738357 -11.384604482738357 -11.384604482738357 -11.384604482738357 -11.384604482738357 -11.384604482738357 -11.384604482738357 -11.384604482738357 -11.384604482738357 -11.384604482738357 -11.384604482738357 -11.384604482738357 -11.384604482738357 -11.384604482738357 -11.384604482738357 -11.384604482738357 -11.384604482738357 -11.384604482738357 -11.384604482738357 -11.384604482738357 -11.384604482738357 -11.384604482738357 -11.384604482738357 -11.384604482738357 -11.384604482738357 -11.384604482738357 -11.384604482738357 -11.384604482738357 -11.384604482738357 -11.384604482738357 -11.384604482738357 -11.576312200308145 -11.576312200308145 -11.576312200308145 -11.576312200308145 -11.576312200308145 -11.576312200308145 -11.576312200308145 -11.576312200308145 -11.576312200308145 -11.576312200308145 -11.576312200308145 -11.576312200308145 -11.576312200308145 -11.576312200308145 -11.576312200308145 -11.576312200308145 -11.576312200308145 -11.576312200308145 -11.576312200308145 -11.576312200308145 -11.576312200308145

status
1 0 0 10 0 0 0 1 10 1 0 0 0 1 10 0 10 0 0 10 0 0 0 0 0 0 0 0 0 0 0 0 0 1 0 0 0 1 0 0 5 0 0 0 1 0 0 0 0 0 0 0 0 0 0 1 0 0 0 0 5 10 0 0 0 0 0 0 0 0 0 0 0 0 0 0 0 0 10 0 0 0 0 0 0 0 0 0 0 0 0 0 0 0 10 0 0 0 0 0 0 10 0 0 0 0 0 0 0 0 0 0 0 0 0 0 0 0 0 0 0 0 0 0 0 0 0 0 0 0 0 0 0 0 0 0 0 0 0 0 0 0 0 0 0 0 0 0 0 0 0 0 0 0 0 0 0 0 0 0 0 0 0 0 1 0 0 0 0 0 0 0 0 0 0 0 0 0 0 0 0 0 0 0 0 0 0 0 0 0 0 0 0 0 0 0 0 0 0 0 0 0 0 0 0 0 0 0 0 0 0 0 0 0 0 1 0 0 0 0 0 0 0 0 0 0 0 5 0 1 0 0 1 0 0 1 5 0 0 0 0 0 0 0 0 0 0 0 0 0 0 0 0 0 0 0 0 0 0 0 0 0 0 0 0 0 0 0 0 0 0 0 0 0 0 0 0 0 0 0 0 0 0 0 0 0 0 0 0 0 0 0 0 0 0 0 0 0 0 0 0 0 0 1 0 0 0 0 0 0 0 0 5 0 0 0 0 0 0 0 0 0 5 5 0 0 0 0 0 0 0 0 0 5 0 0 0 0 0 0 0 0 0 0 1 0 0 0 0 0 0 0 0 0 1 0 0 0 0 0 0 0 0 0 0 0 0 0 0 1 5 0 0 5 0 0 0 0 0 0 1 0 0 0 0 0 0 5 0 0 0 0 0 0 0 0 0 0 0 0 0 0 0 0 0 0 0 0 0 0 0 0 0 0 0 0 0 0 0 0 0 0 0 0 0 0 0 0 0 10 0 0 0 0 0 0 0 0 0 1 0 0 0 0 0 0 0 0 0 1 5

num destroy
403 25654 653 6082 2236

num repair
75 25 238 113

prob destroy iter
0.2 0.2 0.2 0.2 0.2 0.2 0.2 0.2 0.2 0.2 0.2 0.2 0.2 0.2 0.2 0.2 0.2 0.2 0.2 0.2 0.2 0.2 0.2 0.2 0.2 0.2 0.2 0.2 0.2 0.2 0.2 0.2 0.2 0.2 0.2 0.2 0.2 0.2 0.2 0.2 0.2 0.2 0.2 0.2 0.2 0.2 0.2 0.2 0.2 0.19917436268459807 0.19917436268459807 0.19917436268459807 0.19917436268459807 0.19917436268459807 0.19917436268459807 0.19917436268459807 0.19917436268459807 0.19917436268459807 0.19917436268459807 0.19917436268459807 0.19917436268459807 0.19917436268459807 0.19917436268459807 0.19917436268459807 0.19917436268459807 0.19917436268459807 0.19917436268459807 0.19917436268459807 0.19917436268459807 0.19917436268459807 0.19917436268459807 0.19917436268459807 0.19917436268459807 0.19917436268459807 0.19917436268459807 0.19917436268459807 0.19917436268459807 0.19917436268459807 0.19917436268459807 0.19917436268459807 0.19917436268459807 0.19917436268459807 0.19917436268459807 0.19917436268459807 0.19917436268459807 0.19917436268459807 0.19917436268459807 0.19917436268459807 0.19917436268459807 0.19917436268459807 0.19917436268459807 0.19917436268459807 0.19917436268459807 0.19917436268459807 0.19917436268459807 0.19917436268459807 0.19917436268459807 0.19917436268459807 0.19917436268459807 0.18193323573925077 0.18193323573925077 0.18193323573925077 0.18193323573925077 0.18193323573925077 0.18193323573925077 0.18193323573925077 0.18193323573925077 0.18193323573925077 0.18193323573925077 0.18193323573925077 0.18193323573925077 0.18193323573925077 0.18193323573925077 0.18193323573925077 0.18193323573925077 0.18193323573925077 0.18193323573925077 0.18193323573925077 0.18193323573925077 0.18193323573925077 0.18193323573925077 0.18193323573925077 0.18193323573925077 0.18193323573925077 0.18193323573925077 0.18193323573925077 0.18193323573925077 0.18193323573925077 0.18193323573925077 0.18193323573925077 0.18193323573925077 0.18193323573925077 0.18193323573925077 0.18193323573925077 0.18193323573925077 0.18193323573925077 0.18193323573925077 0.18193323573925077 0.18193323573925077 0.18193323573925077 0.18193323573925077 0.18193323573925077 0.18193323573925077 0.18193323573925077 0.18193323573925077 0.18193323573925077 0.18193323573925077 0.18193323573925077 0.18193323573925077 0.17446735287560267 0.17446735287560267 0.17446735287560267 0.17446735287560267 0.17446735287560267 0.17446735287560267 0.17446735287560267 0.17446735287560267 0.17446735287560267 0.17446735287560267 0.17446735287560267 0.17446735287560267 0.17446735287560267 0.17446735287560267 0.17446735287560267 0.17446735287560267 0.17446735287560267 0.17446735287560267 0.17446735287560267 0.17446735287560267 0.17446735287560267 0.17446735287560267 0.17446735287560267 0.17446735287560267 0.17446735287560267 0.17446735287560267 0.17446735287560267 0.17446735287560267 0.17446735287560267 0.17446735287560267 0.17446735287560267 0.17446735287560267 0.17446735287560267 0.17446735287560267 0.17446735287560267 0.17446735287560267 0.17446735287560267 0.17446735287560267 0.17446735287560267 0.17446735287560267 0.17446735287560267 0.17446735287560267 0.17446735287560267 0.17446735287560267 0.17446735287560267 0.17446735287560267 0.17446735287560267 0.17446735287560267 0.17446735287560267 0.17446735287560267 0.17407050704905436 0.17407050704905436 0.17407050704905436 0.17407050704905436 0.17407050704905436 0.17407050704905436 0.17407050704905436 0.17407050704905436 0.17407050704905436 0.17407050704905436 0.17407050704905436 0.17407050704905436 0.17407050704905436 0.17407050704905436 0.17407050704905436 0.17407050704905436 0.17407050704905436 0.17407050704905436 0.17407050704905436 0.17407050704905436 0.17407050704905436 0.17407050704905436 0.17407050704905436 0.17407050704905436 0.17407050704905436 0.17407050704905436 0.17407050704905436 0.17407050704905436 0.17407050704905436 0.17407050704905436 0.17407050704905436 0.17407050704905436 0.17407050704905436 0.17407050704905436 0.17407050704905436 0.17407050704905436 0.17407050704905436 0.17407050704905436 0.17407050704905436 0.17407050704905436 0.17407050704905436 0.17407050704905436 0.17407050704905436 0.17407050704905436 0.17407050704905436 0.17407050704905436 0.17407050704905436 0.17407050704905436 0.17407050704905436 0.17407050704905436 0.13245845712524584 0.13245845712524584 0.13245845712524584 0.13245845712524584 0.13245845712524584 0.13245845712524584 0.13245845712524584 0.13245845712524584 0.13245845712524584 0.13245845712524584 0.13245845712524584 0.13245845712524584 0.13245845712524584 0.13245845712524584 0.13245845712524584 0.13245845712524584 0.13245845712524584 0.13245845712524584 0.13245845712524584 0.13245845712524584 0.13245845712524584 0.13245845712524584 0.13245845712524584 0.13245845712524584 0.13245845712524584 0.13245845712524584 0.13245845712524584 0.13245845712524584 0.13245845712524584 0.13245845712524584 0.13245845712524584 0.13245845712524584 0.13245845712524584 0.13245845712524584 0.13245845712524584 0.13245845712524584 0.13245845712524584 0.13245845712524584 0.13245845712524584 0.13245845712524584 0.13245845712524584 0.13245845712524584 0.13245845712524584 0.13245845712524584 0.13245845712524584 0.13245845712524584 0.13245845712524584 0.13245845712524584 0.13245845712524584 0.13245845712524584 0.13245845712524582 0.13245845712524582 0.13245845712524582 0.13245845712524582 0.13245845712524582 0.13245845712524582 0.13245845712524582 0.13245845712524582 0.13245845712524582 0.13245845712524582 0.13245845712524582 0.13245845712524582 0.13245845712524582 0.13245845712524582 0.13245845712524582 0.13245845712524582 0.13245845712524582 0.13245845712524582 0.13245845712524582 0.13245845712524582 0.13245845712524582 0.13245845712524582 0.13245845712524582 0.13245845712524582 0.13245845712524582 0.13245845712524582 0.13245845712524582 0.13245845712524582 0.13245845712524582 0.13245845712524582 0.13245845712524582 0.13245845712524582 0.13245845712524582 0.13245845712524582 0.13245845712524582 0.13245845712524582 0.13245845712524582 0.13245845712524582 0.13245845712524582 0.13245845712524582 0.13245845712524582 0.13245845712524582 0.13245845712524582 0.13245845712524582 0.13245845712524582 0.13245845712524582 0.13245845712524582 0.13245845712524582 0.13245845712524582 0.13245845712524582 0.06355872188094708 0.06355872188094708 0.06355872188094708 0.06355872188094708 0.06355872188094708 0.06355872188094708 0.06355872188094708 0.06355872188094708 0.06355872188094708 0.06355872188094708 0.06355872188094708 0.06355872188094708 0.06355872188094708 0.06355872188094708 0.06355872188094708 0.06355872188094708 0.06355872188094708 0.06355872188094708 0.06355872188094708 0.06355872188094708 0.06355872188094708 0.06355872188094708 0.06355872188094708 0.06355872188094708 0.06355872188094708 0.06355872188094708 0.06355872188094708 0.06355872188094708 0.06355872188094708 0.06355872188094708 0.06355872188094708 0.06355872188094708 0.06355872188094708 0.06355872188094708 0.06355872188094708 0.06355872188094708 0.06355872188094708 0.06355872188094708 0.06355872188094708 0.06355872188094708 0.06355872188094708 0.06355872188094708 0.06355872188094708 0.06355872188094708 0.06355872188094708 0.06355872188094708 0.06355872188094708 0.06355872188094708 0.06355872188094708 0.06355872188094708 0.15625 0.15625 0.15625 0.15625 0.15625 0.15625 0.15625 0.15625 0.15625 0.15625 0.15625 0.15625 0.15625 0.15625 0.15625 0.15625 0.15625 0.15625 0.15625 0.15625 0.15625 0.15625 0.15625 0.15625 0.15625 0.15625 0.15625 0.15625 0.15625 0.15625 0.15625 0.15625 0.15625 0.15625 0.15625 0.15625 0.15625 0.15625 0.15625 0.15625 0.15625 0.15625 0.15625 0.15625 0.15625 0.15625 0.15625 0.15625 0.15625 0.15625 4.2e-322 4.2e-322
0.2 0.2 0.2 0.2 0.2 0.2 0.2 0.2 0.2 0.2 0.2 0.2 0.2 0.2 0.2 0.2 0.2 0.2 0.2 0.2 0.2 0.2 0.2 0.2 0.2 0.2 0.2 0.2 0.2 0.2 0.2 0.2 0.2 0.2 0.2 0.2 0.2 0.2 0.2 0.2 0.2 0.2 0.2 0.2 0.2 0.2 0.2 0.2 0.2 0.1842362854832532 0.1842362854832532 0.1842362854832532 0.1842362854832532 0.1842362854832532 0.1842362854832532 0.1842362854832532 0.1842362854832532 0.1842362854832532 0.1842362854832532 0.1842362854832532 0.1842362854832532 0.1842362854832532 0.1842362854832532 0.1842362854832532 0.1842362854832532 0.1842362854832532 0.1842362854832532 0.1842362854832532 0.1842362854832532 0.1842362854832532 0.1842362854832532 0.1842362854832532 0.1842362854832532 0.1842362854832532 0.1842362854832532 0.1842362854832532 0.1842362854832532 0.1842362854832532 0.1842362854832532 0.1842362854832532 0.1842362854832532 0.1842362854832532 0.1842362854832532 0.1842362854832532 0.1842362854832532 0.1842362854832532 0.1842362854832532 0.1842362854832532 0.1842362854832532 0.1842362854832532 0.1842362854832532 0.1842362854832532 0.1842362854832532 0.1842362854832532 0.1842362854832532 0.1842362854832532 0.1842362854832532 0.1842362854832532 0.1842362854832532 0.1682882430588069 0.1682882430588069 0.1682882430588069 0.1682882430588069 0.1682882430588069 0.1682882430588069 0.1682882430588069 0.1682882430588069 0.1682882430588069 0.1682882430588069 0.1682882430588069 0.1682882430588069 0.1682882430588069 0.1682882430588069 0.1682882430588069 0.1682882430588069 0.1682882430588069 0.1682882430588069 0.1682882430588069 0.1682882430588069 0.1682882430588069 0.1682882430588069 0.1682882430588069 0.1682882430588069 0.1682882430588069 0.1682882430588069 0.1682882430588069 0.1682882430588069 0.1682882430588069 0.1682882430588069 0.1682882430588069 0.1682882430588069 0.1682882430588069 0.1682882430588069 0.1682882430588069 0.1682882430588069 0.1682882430588069 0.1682882430588069 0.1682882430588069 0.1682882430588069 0.1682882430588069 0.1682882430588069 0.1682882430588069 0.1682882430588069 0.1682882430588069 0.1682882430588069 0.1682882430588069 0.1682882430588069 0.1682882430588069 0.1682882430588069 0.20241868947455355 0.20241868947455355 0.20241868947455355 0.20241868947455355 0.20241868947455355 0.20241868947455355 0.20241868947455355 0.20241868947455355 0.20241868947455355 0.20241868947455355 0.20241868947455355 0.20241868947455355 0.20241868947455355 0.20241868947455355 0.20241868947455355 0.20241868947455355 0.20241868947455355 0.20241868947455355 0.20241868947455355 0.20241868947455355 0.20241868947455355 0.20241868947455355 0.20241868947455355 0.20241868947455355 0.20241868947455355 0.20241868947455355 0.20241868947455355 0.20241868947455355 0.20241868947455355 0.20241868947455355 0.20241868947455355 0.20241868947455355 0.20241868947455355 0.20241868947455355 0.20241868947455355 0.20241868947455355 0.20241868947455355 0.20241868947455355 0.20241868947455355 0.20241868947455355 0.20241868947455355 0.20241868947455355 0.20241868947455355 0.20241868947455355 0.20241868947455355 0.20241868947455355 0.20241868947455355 0.20241868947455355 0.20241868947455355 0.20241868947455355 0.20195826515556575 0.20195826515556575 0.20195826515556575 0.20195826515556575 0.20195826515556575 0.20195826515556575 0.20195826515556575 0.20195826515556575 0.20195826515556575 0.20195826515556575 0.20195826515556575 0.20195826515556575 0.20195826515556575 0.20195826515556575 0.20195826515556575 0.20195826515556575 0.20195826515556575 0.20195826515556575 0.20195826515556575 0.20195826515556575 0.20195826515556575 0.20195826515556575 0.20195826515556575 0.20195826515556575 0.20195826515556575 0.20195826515556575 0.20195826515556575 0.20195826515556575 0.20195826515556575 0.20195826515556575 0.20195826515556575 0.20195826515556575 0.20195826515556575 0.20195826515556575 0.20195826515556575 0.20195826515556575 0.20195826515556575 0.20195826515556575 0.20195826515556575 0.20195826515556575 0.20195826515556575 0.20195826515556575 0.20195826515556575 0.20195826515556575 0.20195826515556575 0.20195826515556575 0.20195826515556575 0.20195826515556575 0.20195826515556575 0.20195826515556575 0.23503262972001723 0.23503262972001723 0.23503262972001723 0.23503262972001723 0.23503262972001723 0.23503262972001723 0.23503262972001723 0.23503262972001723 0.23503262972001723 0.23503262972001723 0.23503262972001723 0.23503262972001723 0.23503262972001723 0.23503262972001723 0.23503262972001723 0.23503262972001723 0.23503262972001723 0.23503262972001723 0.23503262972001723 0.23503262972001723 0.23503262972001723 0.23503262972001723 0.23503262972001723 0.23503262972001723 0.23503262972001723 0.23503262972001723 0.23503262972001723 0.23503262972001723 0.23503262972001723 0.23503262972001723 0.23503262972001723 0.23503262972001723 0.23503262972001723 0.23503262972001723 0.23503262972001723 0.23503262972001723 0.23503262972001723 0.23503262972001723 0.23503262972001723 0.23503262972001723 0.23503262972001723 0.23503262972001723 0.23503262972001723 0.23503262972001723 0.23503262972001723 0.23503262972001723 0.23503262972001723 0.23503262972001723 0.23503262972001723 0.23503262972001723 0.23503262972001715 0.23503262972001715 0.23503262972001715 0.23503262972001715 0.23503262972001715 0.23503262972001715 0.23503262972001715 0.23503262972001715 0.23503262972001715 0.23503262972001715 0.23503262972001715 0.23503262972001715 0.23503262972001715 0.23503262972001715 0.23503262972001715 0.23503262972001715 0.23503262972001715 0.23503262972001715 0.23503262972001715 0.23503262972001715 0.23503262972001715 0.23503262972001715 0.23503262972001715 0.23503262972001715 0.23503262972001715 0.23503262972001715 0.23503262972001715 0.23503262972001715 0.23503262972001715 0.23503262972001715 0.23503262972001715 0.23503262972001715 0.23503262972001715 0.23503262972001715 0.23503262972001715 0.23503262972001715 0.23503262972001715 0.23503262972001715 0.23503262972001715 0.23503262972001715 0.23503262972001715 0.23503262972001715 0.23503262972001715 0.23503262972001715 0.23503262972001715 0.23503262972001715 0.23503262972001715 0.23503262972001715 0.23503262972001715 0.23503262972001715 0.35391208065754914 0.35391208065754914 0.35391208065754914 0.35391208065754914 0.35391208065754914 0.35391208065754914 0.35391208065754914 0.35391208065754914 0.35391208065754914 0.35391208065754914 0.35391208065754914 0.35391208065754914 0.35391208065754914 0.35391208065754914 0.35391208065754914 0.35391208065754914 0.35391208065754914 0.35391208065754914 0.35391208065754914 0.35391208065754914 0.35391208065754914 0.35391208065754914 0.35391208065754914 0.35391208065754914 0.35391208065754914 0.35391208065754914 0.35391208065754914 0.35391208065754914 0.35391208065754914 0.35391208065754914 0.35391208065754914 0.35391208065754914 0.35391208065754914 0.35391208065754914 0.35391208065754914 0.35391208065754914 0.35391208065754914 0.35391208065754914 0.35391208065754914 0.35391208065754914 0.35391208065754914 0.35391208065754914 0.35391208065754914 0.35391208065754914 0.35391208065754914 0.35391208065754914 0.35391208065754914 0.35391208065754914 0.35391208065754914 0.35391208065754914 0.25 0.25 0.25 0.25 0.25 0.25 0.25 0.25 0.25 0.25 0.25 0.25 0.25 0.25 0.25 0.25 0.25 0.25 0.25 0.25 0.25 0.25 0.25 0.25 0.25 0.25 0.25 0.25 0.25 0.25 0.25 0.25 0.25 0.25 0.25 0.25 0.25 0.25 0.25 0.25 0.25 0.25 0.25 0.25 0.25 0.25 0.25 0.25 0.25 0.25 0.8994708994708994 0.8994708994708994
0.2 0.2 0.2 0.2 0.2 0.2 0.2 0.2 0.2 0.2 0.2 0.2 0.2 0.2 0.2 0.2 0.2 0.2 0.2 0.2 0.2 0.2 0.2 0.2 0.2 0.2 0.2 0.2 0.2 0.2 0.2 0.2 0.2 0.2 0.2 0.2 0.2 0.2 0.2 0.2 0.2 0.2 0.2 0.2 0.2 0.2 0.2 0.2 0.2 0.23747712473932842 0.23747712473932842 0.23747712473932842 0.23747712473932842 0.23747712473932842 0.23747712473932842 0.23747712473932842 0.23747712473932842 0.23747712473932842 0.23747712473932842 0.23747712473932842 0.23747712473932842 0.23747712473932842 0.23747712473932842 0.23747712473932842 0.23747712473932842 0.23747712473932842 0.23747712473932842 0.23747712473932842 0.23747712473932842 0.23747712473932842 0.23747712473932842 0.23747712473932842 0.23747712473932842 0.23747712473932842 0.23747712473932842 0.23747712473932842 0.23747712473932842 0.23747712473932842 0.23747712473932842 0.23747712473932842 0.23747712473932842 0.23747712473932842 0.23747712473932842 0.23747712473932842 0.23747712473932842 0.23747712473932842 0.23747712473932842 0.23747712473932842 0.23747712473932842 0.23747712473932842 0.23747712473932842 0.23747712473932842 0.23747712473932842 0.23747712473932842 0.23747712473932842 0.23747712473932842 0.23747712473932842 0.23747712473932842 0.23747712473932842 0.21912115026013454 0.21912115026013454 0.21912115026013454 0.21912115026013454 0.21912115026013454 0.21912115026013454 0.21912115026013454 0.21912115026013454 0.21912115026013454 0.21912115026013454 0.21912115026013454 0.21912115026013454 0.21912115026013454 0.21912115026013454 0.21912115026013454 0.21912115026013454 0.21912115026013454 0.21912115026013454 0.21912115026013454 0.21912115026013454 0.21912115026013454 0.21912115026013454 0.21912115026013454 0.21912115026013454 0.21912115026013454 0.21912115026013454 0.21912115026013454 0.21912115026013454 0.21912115026013454 0.21912115026013454 0.21912115026013454 0.21912115026013454 0.21912115026013454 0.21912115026013454 0.21912115026013454 0.21912115026013454 0.21912115026013454 0.21912115026013454 0.21912115026013454 0.21912115026013454 0.21912115026013454 0.21912115026013454 0.21912115026013454 0.21912115026013454 0.21912115026013454 0.21912115026013454 0.21912115026013454 0.21912115026013454 0.21912115026013454 0.21912115026013454 0.2101292097048935 0.2101292097048935 0.2101292097048935 0.2101292097048935 0.2101292097048935 0.2101292097048935 0.2101292097048935 0.2101292097048935 0.2101292097048935 0.2101292097048935 0.2101292097048935 0.2101292097048935 0.2101292097048935 0.2101292097048935 0.2101292097048935 0.2101292097048935 0.2101292097048935 0.2101292097048935 0.2101292097048935 0.2101292097048935 0.2101292097048935 0.2101292097048935 0.2101292097048935 0.2101292097048935 0.2101292097048935 0.2101292097048935 0.2101292097048935 0.2101292097048935 0.2101292097048935 0.2101292097048935 0.2101292097048935 0.2101292097048935 0.2101292097048935 0.2101292097048935 0.2101292097048935 0.2101292097048935 0.2101292097048935 0.2101292097048935 0.2101292097048935 0.2101292097048935 0.2101292097048935 0.2101292097048935 0.2101292097048935 0.2101292097048935 0.2101292097048935 0.2101292097048935 0.2101292097048935 0.2101292097048935 0.2101292097048935 0.2101292097048935 0.20965124693115467 0.20965124693115467 0.20965124693115467 0.20965124693115467 0.20965124693115467 0.20965124693115467 0.20965124693115467 0.20965124693115467 0.20965124693115467 0.20965124693115467 0.20965124693115467 0.20965124693115467 0.20965124693115467 0.20965124693115467 0.20965124693115467 0.20965124693115467 0.20965124693115467 0.20965124693115467 0.20965124693115467 0.20965124693115467 0.20965124693115467 0.20965124693115467 0.20965124693115467 0.20965124693115467 0.20965124693115467 0.20965124693115467 0.20965124693115467 0.20965124693115467 0.20965124693115467 0.20965124693115467 0.20965124693115467 0.20965124693115467 0.20965124693115467 0.20965124693115467 0.20965124693115467 0.20965124693115467 0.20965124693115467 0.20965124693115467 0.20965124693115467 0.20965124693115467 0.20965124693115467 0.20965124693115467 0.20965124693115467 0.20965124693115467 0.20965124693115467 0.20965124693115467 0.20965124693115467 0.20965124693115467 0.20965124693115467 0.20965124693115467 0.2471445101934091 0.2471445101934091 0.2471445101934091 0.2471445101934091 0.2471445101934091 0.2471445101934091 0.2471445101934091 0.2471445101934091 0.2471445101934091 0.2471445101934091 0.2471445101934091 0.2471445101934091 0.2471445101934091 0.2471445101934091 0.2471445101934091 0.2471445101934091 0.2471445101934091 0.2471445101934091 0.2471445101934091 0.2471445101934091 0.2471445101934091 0.2471445101934091 0.2471445101934091 0.2471445101934091 0.2471445101934091 0.2471445101934091 0.2471445101934091 0.2471445101934091 0.2471445101934091 0.2471445101934091 0.2471445101934091 0.2471445101934091 0.2471445101934091 0.2471445101934091 0.2471445101934091 0.2471445101934091 0.2471445101934091 0.2471445101934091 0.2471445101934091 0.2471445101934091 0.2471445101934091 0.2471445101934091 0.2471445101934091 0.2471445101934091 0.2471445101934091 0.2471445101934091 0.2471445101934091 0.2471445101934091 0.2471445101934091 0.2471445101934091 0.2471445101934091 0.2471445101934091 0.2471445101934091 0.2471445101934091 0.2471445101934091 0.2471445101934091 0.2471445101934091 0.2471445101934091 0.2471445101934091 0.2471445101934091 0.2471445101934091 0.2471445101934091 0.2471445101934091 0.2471445101934091 0.2471445101934091 0.2471445101934091 0.2471445101934091 0.2471445101934091 0.2471445101934091 0.2471445101934091 0.2471445101934091 0.2471445101934091 0.2471445101934091 0.2471445101934091 0.2471445101934091 0.2471445101934091 0.2471445101934091 0.2471445101934091 0.2471445101934091 0.2471445101934091 0.2471445101934091 0.2471445101934091 0.2471445101934091 0.2471445101934091 0.2471445101934091 0.2471445101934091 0.2471445101934091 0.2471445101934091 0.2471445101934091 0.2471445101934091 0.2471445101934091 0.2471445101934091 0.2471445101934091 0.2471445101934091 0.2471445101934091 0.2471445101934091 0.2471445101934091 0.2471445101934091 0.2471445101934091 0.2471445101934091 0.11858955274507633 0.11858955274507633 0.11858955274507633 0.11858955274507633 0.11858955274507633 0.11858955274507633 0.11858955274507633 0.11858955274507633 0.11858955274507633 0.11858955274507633 0.11858955274507633 0.11858955274507633 0.11858955274507633 0.11858955274507633 0.11858955274507633 0.11858955274507633 0.11858955274507633 0.11858955274507633 0.11858955274507633 0.11858955274507633 0.11858955274507633 0.11858955274507633 0.11858955274507633 0.11858955274507633 0.11858955274507633 0.11858955274507633 0.11858955274507633 0.11858955274507633 0.11858955274507633 0.11858955274507633 0.11858955274507633 0.11858955274507633 0.11858955274507633 0.11858955274507633 0.11858955274507633 0.11858955274507633 0.11858955274507633 0.11858955274507633 0.11858955274507633 0.11858955274507633 0.11858955274507633 0.11858955274507633 0.11858955274507633 0.11858955274507633 0.11858955274507633 0.11858955274507633 0.11858955274507633 0.11858955274507633 0.11858955274507633 0.11858955274507633 0.15625 0.15625 0.15625 0.15625 0.15625 0.15625 0.15625 0.15625 0.15625 0.15625 0.15625 0.15625 0.15625 0.15625 0.15625 0.15625 0.15625 0.15625 0.15625 0.15625 0.15625 0.15625 0.15625 0.15625 0.15625 0.15625 0.15625 0.15625 0.15625 0.15625 0.15625 0.15625 0.15625 0.15625 0.15625 0.15625 0.15625 0.15625 0.15625 0.15625 0.15625 0.15625 0.15625 0.15625 0.15625 0.15625 0.15625 0.15625 0.15625 0.15625 4.2e-322 4.2e-322
0.2 0.2 0.2 0.2 0.2 0.2 0.2 0.2 0.2 0.2 0.2 0.2 0.2 0.2 0.2 0.2 0.2 0.2 0.2 0.2 0.2 0.2 0.2 0.2 0.2 0.2 0.2 0.2 0.2 0.2 0.2 0.2 0.2 0.2 0.2 0.2 0.2 0.2 0.2 0.2 0.2 0.2 0.2 0.2 0.2 0.2 0.2 0.2 0.2 0.18146997489041153 0.18146997489041153 0.18146997489041153 0.18146997489041153 0.18146997489041153 0.18146997489041153 0.18146997489041153 0.18146997489041153 0.18146997489041153 0.18146997489041153 0.18146997489041153 0.18146997489041153 0.18146997489041153 0.18146997489041153 0.18146997489041153 0.18146997489041153 0.18146997489041153 0.18146997489041153 0.18146997489041153 0.18146997489041153 0.18146997489041153 0.18146997489041153 0.18146997489041153 0.18146997489041153 0.18146997489041153 0.18146997489041153 0.18146997489041153 0.18146997489041153 0.18146997489041153 0.18146997489041153 0.18146997489041153 0.18146997489041153 0.18146997489041153 0.18146997489041153 0.18146997489041153 0.18146997489041153 0.18146997489041153 0.18146997489041153 0.18146997489041153 0.18146997489041153 0.18146997489041153 0.18146997489041153 0.18146997489041153 0.18146997489041153 0.18146997489041153 0.18146997489041153 0.18146997489041153 0.18146997489041153 0.18146997489041153 0.18146997489041153 0.2171123146043627 0.2171123146043627 0.2171123146043627 0.2171123146043627 0.2171123146043627 0.2171123146043627 0.2171123146043627 0.2171123146043627 0.2171123146043627 0.2171123146043627 0.2171123146043627 0.2171123146043627 0.2171123146043627 0.2171123146043627 0.2171123146043627 0.2171123146043627 0.2171123146043627 0.2171123146043627 0.2171123146043627 0.2171123146043627 0.2171123146043627 0.2171123146043627 0.2171123146043627 0.2171123146043627 0.2171123146043627 0.2171123146043627 0.2171123146043627 0.2171123146043627 0.2171123146043627 0.2171123146043627 0.2171123146043627 0.2171123146043627 0.2171123146043627 0.2171123146043627 0.2171123146043627 0.2171123146043627 0.2171123146043627 0.2171123146043627 0.2171123146043627 0.2171123146043627 0.2171123146043627 0.2171123146043627 0.2171123146043627 0.2171123146043627 0.2171123146043627 0.2171123146043627 0.2171123146043627 0.2171123146043627 0.2171123146043627 0.2171123146043627 0.20820280940864994 0.20820280940864994 0.20820280940864994 0.20820280940864994 0.20820280940864994 0.20820280940864994 0.20820280940864994 0.20820280940864994 0.20820280940864994 0.20820280940864994 0.20820280940864994 0.20820280940864994 0.20820280940864994 0.20820280940864994 0.20820280940864994 0.20820280940864994 0.20820280940864994 0.20820280940864994 0.20820280940864994 0.20820280940864994 0.20820280940864994 0.20820280940864994 0.20820280940864994 0.20820280940864994 0.20820280940864994 0.20820280940864994 0.20820280940864994 0.20820280940864994 0.20820280940864994 0.20820280940864994 0.20820280940864994 0.20820280940864994 0.20820280940864994 0.20820280940864994 0.20820280940864994 0.20820280940864994 0.20820280940864994 0.20820280940864994 0.20820280940864994 0.20820280940864994 0.20820280940864994 0.20820280940864994 0.20820280940864994 0.20820280940864994 0.20820280940864994 0.20820280940864994 0.20820280940864994 0.20820280940864994 0.20820280940864994 0.20820280940864994 0.21000384212554413 0.21000384212554413 0.21000384212554413 0.21000384212554413 0.21000384212554413 0.21000384212554413 0.21000384212554413 0.21000384212554413 0.21000384212554413 0.21000384212554413 0.21000384212554413 0.21000384212554413 0.21000384212554413 0.21000384212554413 0.21000384212554413 0.21000384212554413 0.21000384212554413 0.21000384212554413 0.21000384212554413 0.21000384212554413 0.21000384212554413 0.21000384212554413 0.21000384212554413 0.21000384212554413 0.21000384212554413 0.21000384212554413 0.21000384212554413 0.21000384212554413 0.21000384212554413 0.21000384212554413 0.21000384212554413 0.21000384212554413 0.21000384212554413 0.21000384212554413 0.21000384212554413 0.21000384212554413 0.21000384212554413 0.21000384212554413 0.21000384212554413 0.21000384212554413 0.21000384212554413 0.21000384212554413 0.21000384212554413 0.21000384212554413 0.21000384212554413 0.21000384212554413 0.21000384212554413 0.21000384212554413 0.21000384212554413 0.21000384212554413 0.15980182622484296 0.15980182622484296 0.15980182622484296 0.15980182622484296 0.15980182622484296 0.15980182622484296 0.15980182622484296 0.15980182622484296 0.15980182622484296 0.15980182622484296 0.15980182622484296 0.15980182622484296 0.15980182622484296 0.15980182622484296 0.15980182622484296 0.15980182622484296 0.15980182622484296 0.15980182622484296 0.15980182622484296 0.15980182622484296 0.15980182622484296 0.15980182622484296 0.15980182622484296 0.15980182622484296 0.15980182622484296 0.15980182622484296 0.15980182622484296 0.15980182622484296 0.15980182622484296 0.15980182622484296 0.15980182622484296 0.15980182622484296 0.15980182622484296 0.15980182622484296 0.15980182622484296 0.15980182622484296 0.15980182622484296 0.15980182622484296 0.15980182622484296 0.15980182622484296 0.15980182622484296 0.15980182622484296 0.15980182622484296 0.15980182622484296 0.15980182622484296 0.15980182622484296 0.15980182622484296 0.15980182622484296 0.15980182622484296 0.15980182622484296 0.15980182622484296 0.15980182622484296 0.15980182622484296 0.15980182622484296 0.15980182622484296 0.15980182622484296 0.15980182622484296 0.15980182622484296 0.15980182622484296 0.15980182622484296 0.15980182622484296 0.15980182622484296 0.15980182622484296 0.15980182622484296 0.15980182622484296 0.15980182622484296 0.15980182622484296 0.15980182622484296 0.15980182622484296 0.15980182622484296 0.15980182622484296 0.15980182622484296 0.15980182622484296 0.15980182622484296 0.15980182622484296 0.15980182622484296 0.15980182622484296 0.15980182622484296 0.15980182622484296 0.15980182622484296 0.15980182622484296 0.15980182622484296 0.15980182622484296 0.15980182622484296 0.15980182622484296 0.15980182622484296 0.15980182622484296 0.15980182622484296 0.15980182622484296 0.15980182622484296 0.15980182622484296 0.15980182622484296 0.15980182622484296 0.15980182622484296 0.15980182622484296 0.15980182622484296 0.15980182622484296 0.15980182622484296 0.15980182622484296 0.15980182622484296 0.22135970201816005 0.22135970201816005 0.22135970201816005 0.22135970201816005 0.22135970201816005 0.22135970201816005 0.22135970201816005 0.22135970201816005 0.22135970201816005 0.22135970201816005 0.22135970201816005 0.22135970201816005 0.22135970201816005 0.22135970201816005 0.22135970201816005 0.22135970201816005 0.22135970201816005 0.22135970201816005 0.22135970201816005 0.22135970201816005 0.22135970201816005 0.22135970201816005 0.22135970201816005 0.22135970201816005 0.22135970201816005 0.22135970201816005 0.22135970201816005 0.22135970201816005 0.22135970201816005 0.22135970201816005 0.22135970201816005 0.22135970201816005 0.22135970201816005 0.22135970201816005 0.22135970201816005 0.22135970201816005 0.22135970201816005 0.22135970201816005 0.22135970201816005 0.22135970201816005 0.22135970201816005 0.22135970201816005 0.22135970201816005 0.22135970201816005 0.22135970201816005 0.22135970201816005 0.22135970201816005 0.22135970201816005 0.22135970201816005 0.22135970201816005 0.28125 0.28125 0.28125 0.28125 0.28125 0.28125 0.28125 0.28125 0.28125 0.28125 0.28125 0.28125 0.28125 0.28125 0.28125 0.28125 0.28125 0.28125 0.28125 0.28125 0.28125 0.28125 0.28125 0.28125 0.28125 0.28125 0.28125 0.28125 0.28125 0.28125 0.28125 0.28125 0.28125 0.28125 0.28125 0.28125 0.28125 0.28125 0.28125 0.28125 0.28125 0.28125 0.28125 0.28125 0.28125 0.28125 0.28125 0.28125 0.28125 0.28125 0.10052910052910052 0.10052910052910052
0.2 0.2 0.2 0.2 0.2 0.2 0.2 0.2 0.2 0.2 0.2 0.2 0.2 0.2 0.2 0.2 0.2 0.2 0.2 0.2 0.2 0.2 0.2 0.2 0.2 0.2 0.2 0.2 0.2 0.2 0.2 0.2 0.2 0.2 0.2 0.2 0.2 0.2 0.2 0.2 0.2 0.2 0.2 0.2 0.2 0.2 0.2 0.2 0.2 0.19764225220240883 0.19764225220240883 0.19764225220240883 0.19764225220240883 0.19764225220240883 0.19764225220240883 0.19764225220240883 0.19764225220240883 0.19764225220240883 0.19764225220240883 0.19764225220240883 0.19764225220240883 0.19764225220240883 0.19764225220240883 0.19764225220240883 0.19764225220240883 0.19764225220240883 0.19764225220240883 0.19764225220240883 0.19764225220240883 0.19764225220240883 0.19764225220240883 0.19764225220240883 0.19764225220240883 0.19764225220240883 0.19764225220240883 0.19764225220240883 0.19764225220240883 0.19764225220240883 0.19764225220240883 0.19764225220240883 0.19764225220240883 0.19764225220240883 0.19764225220240883 0.19764225220240883 0.19764225220240883 0.19764225220240883 0.19764225220240883 0.19764225220240883 0.19764225220240883 0.19764225220240883 0.19764225220240883 0.19764225220240883 0.19764225220240883 0.19764225220240883 0.19764225220240883 0.19764225220240883 0.19764225220240883 0.19764225220240883 0.19764225220240883 0.213545056337445 0.213545056337445 0.213545056337445 0.213545056337445 0.213545056337445 0.213545056337445 0.213545056337445 0.213545056337445 0.213545056337445 0.213545056337445 0.213545056337445 0.213545056337445 0.213545056337445 0.213545056337445 0.213545056337445 0.213545056337445 0.213545056337445 0.213545056337445 0.213545056337445 0.213545056337445 0.213545056337445 0.213545056337445 0.213545056337445 0.213545056337445 0.213545056337445 0.213545056337445 0.213545056337445 0.213545056337445 0.213545056337445 0.213545056337445 0.213545056337445 0.213545056337445 0.213545056337445 0.213545056337445 0.213545056337445 0.213545056337445 0.213545056337445 0.213545056337445 0.213545056337445 0.213545056337445 0.213545056337445 0.213545056337445 0.213545056337445 0.213545056337445 0.213545056337445 0.213545056337445 0.213545056337445 0.213545056337445 0.213545056337445 0.213545056337445 0.20478193853630022 0.20478193853630022 0.20478193853630022 0.20478193853630022 0.20478193853630022 0.20478193853630022 0.20478193853630022 0.20478193853630022 0.20478193853630022 0.20478193853630022 0.20478193853630022 0.20478193853630022 0.20478193853630022 0.20478193853630022 0.20478193853630022 0.20478193853630022 0.20478193853630022 0.20478193853630022 0.20478193853630022 0.20478193853630022 0.20478193853630022 0.20478193853630022 0.20478193853630022 0.20478193853630022 0.20478193853630022 0.20478193853630022 0.20478193853630022 0.20478193853630022 0.20478193853630022 0.20478193853630022 0.20478193853630022 0.20478193853630022 0.20478193853630022 0.20478193853630022 0.20478193853630022 0.20478193853630022 0.20478193853630022 0.20478193853630022 0.20478193853630022 0.20478193853630022 0.20478193853630022 0.20478193853630022 0.20478193853630022 0.20478193853630022 0.20478193853630022 0.20478193853630022 0.20478193853630022 0.20478193853630022 0.20478193853630022 0.20478193853630022 0.20431613873868112 0.20431613873868112 0.20431613873868112 0.20431613873868112 0.20431613873868112 0.20431613873868112 0.20431613873868112 0.20431613873868112 0.20431613873868112 0.20431613873868112 0.20431613873868112 0.20431613873868112 0.20431613873868112 0.20431613873868112 0.20431613873868112 0.20431613873868112 0.20431613873868112 0.20431613873868112 0.20431613873868112 0.20431613873868112 0.20431613873868112 0.20431613873868112 0.20431613873868112 0.20431613873868112 0.20431613873868112 0.20431613873868112 0.20431613873868112 0.20431613873868112 0.20431613873868112 0.20431613873868112 0.20431613873868112 0.20431613873868112 0.20431613873868112 0.20431613873868112 0.20431613873868112 0.20431613873868112 0.20431613873868112 0.20431613873868112 0.20431613873868112 0.20431613873868112 0.20431613873868112 0.20431613873868112 0.20431613873868112 0.20431613873868112 0.20431613873868112 0.20431613873868112 0.20431613873868112 0.20431613873868112 0.20431613873868112 0.20431613873868112 0.22556257673648492 0.22556257673648492 0.22556257673648492 0.22556257673648492 0.22556257673648492 0.22556257673648492 0.22556257673648492 0.22556257673648492 0.22556257673648492 0.22556257673648492 0.22556257673648492 0.22556257673648492 0.22556257673648492 0.22556257673648492 0.22556257673648492 0.22556257673648492 0.22556257673648492 0.22556257673648492 0.22556257673648492 0.22556257673648492 0.22556257673648492 0.22556257673648492 0.22556257673648492 0.22556257673648492 0.22556257673648492 0.22556257673648492 0.22556257673648492 0.22556257673648492 0.22556257673648492 0.22556257673648492 0.22556257673648492 0.22556257673648492 0.22556257673648492 0.22556257673648492 0.22556257673648492 0.22556257673648492 0.22556257673648492 0.22556257673648492 0.22556257673648492 0.22556257673648492 0.22556257673648492 0.22556257673648492 0.22556257673648492 0.22556257673648492 0.22556257673648492 0.22556257673648492 0.22556257673648492 0.22556257673648492 0.22556257673648492 0.22556257673648492 0.22556257673648492 0.22556257673648492 0.22556257673648492 0.22556257673648492 0.22556257673648492 0.22556257673648492 0.22556257673648492 0.22556257673648492 0.22556257673648492 0.22556257673648492 0.22556257673648492 0.22556257673648492 0.22556257673648492 0.22556257673648492 0.22556257673648492 0.22556257673648492 0.22556257673648492 0.22556257673648492 0.22556257673648492 0.22556257673648492 0.22556257673648492 0.22556257673648492 0.22556257673648492 0.22556257673648492 0.22556257673648492 0.22556257673648492 0.22556257673648492 0.22556257673648492 0.22556257673648492 0.22556257673648492 0.22556257673648492 0.22556257673648492 0.22556257673648492 0.22556257673648492 0.22556257673648492 0.22556257673648492 0.22556257673648492 0.22556257673648492 0.22556257673648492 0.22556257673648492 0.22556257673648492 0.22556257673648492 0.22556257673648492 0.22556257673648492 0.22556257673648492 0.22556257673648492 0.22556257673648492 0.22556257673648492 0.22556257673648492 0.22556257673648492 0.2425799426982674 0.2425799426982674 0.2425799426982674 0.2425799426982674 0.2425799426982674 0.2425799426982674 0.2425799426982674 0.2425799426982674 0.2425799426982674 0.2425799426982674 0.2425799426982674 0.2425799426982674 0.2425799426982674 0.2425799426982674 0.2425799426982674 0.2425799426982674 0.2425799426982674 0.2425799426982674 0.2425799426982674 0.2425799426982674 0.2425799426982674 0.2425799426982674 0.2425799426982674 0.2425799426982674 0.2425799426982674 0.2425799426982674 0.2425799426982674 0.2425799426982674 0.2425799426982674 0.2425799426982674 0.2425799426982674 0.2425799426982674 0.2425799426982674 0.2425799426982674 0.2425799426982674 0.2425799426982674 0.2425799426982674 0.2425799426982674 0.2425799426982674 0.2425799426982674 0.2425799426982674 0.2425799426982674 0.2425799426982674 0.2425799426982674 0.2425799426982674 0.2425799426982674 0.2425799426982674 0.2425799426982674 0.2425799426982674 0.2425799426982674 0.15625 0.15625 0.15625 0.15625 0.15625 0.15625 0.15625 0.15625 0.15625 0.15625 0.15625 0.15625 0.15625 0.15625 0.15625 0.15625 0.15625 0.15625 0.15625 0.15625 0.15625 0.15625 0.15625 0.15625 0.15625 0.15625 0.15625 0.15625 0.15625 0.15625 0.15625 0.15625 0.15625 0.15625 0.15625 0.15625 0.15625 0.15625 0.15625 0.15625 0.15625 0.15625 0.15625 0.15625 0.15625 0.15625 0.15625 0.15625 0.15625 0.15625 4.2e-322 4.2e-322

prob repair iter
0.25 0.25 0.25 0.25 0.25 0.25 0.25 0.25 0.25 0.25 0.25 0.25 0.25 0.25 0.25 0.25 0.25 0.25 0.25 0.25 0.25 0.25 0.25 0.25 0.25 0.25 0.25 0.25 0.25 0.25 0.25 0.25 0.25 0.25 0.25 0.25 0.25 0.25 0.25 0.25 0.25 0.25 0.25 0.25 0.25 0.25 0.25 0.25 0.25 0.3220393072418796 0.3220393072418796 0.3220393072418796 0.3220393072418796 0.3220393072418796 0.3220393072418796 0.3220393072418796 0.3220393072418796 0.3220393072418796 0.3220393072418796 0.3220393072418796 0.3220393072418796 0.3220393072418796 0.3220393072418796 0.3220393072418796 0.3220393072418796 0.3220393072418796 0.3220393072418796 0.3220393072418796 0.3220393072418796 0.3220393072418796 0.3220393072418796 0.3220393072418796 0.3220393072418796 0.3220393072418796 0.3220393072418796 0.3220393072418796 0.3220393072418796 0.3220393072418796 0.3220393072418796 0.3220393072418796 0.3220393072418796 0.3220393072418796 0.3220393072418796 0.3220393072418796 0.3220393072418796 0.3220393072418796 0.3220393072418796 0.3220393072418796 0.3220393072418796 0.3220393072418796 0.3220393072418796 0.3220393072418796 0.3220393072418796 0.3220393072418796 0.3220393072418796 0.3220393072418796 0.3220393072418796 0.3220393072418796 0.3220393072418796 0.39228959019268234 0.39228959019268234 0.39228959019268234 0.39228959019268234 0.39228959019268234 0.39228959019268234 0.39228959019268234 0.39228959019268234 0.39228959019268234 0.39228959019268234 0.39228959019268234 0.39228959019268234 0.39228959019268234 0.39228959019268234 0.39228959019268234 0.39228959019268234 0.39228959019268234 0.39228959019268234 0.39228959019268234 0.39228959019268234 0.39228959019268234 0.39228959019268234 0.39228959019268234 0.39228959019268234 0.39228959019268234 0.39228959019268234 0.39228959019268234 0.39228959019268234 0.39228959019268234 0.39228959019268234 0.39228959019268234 0.39228959019268234 0.39228959019268234 0.39228959019268234 0.39228959019268234 0.39228959019268234 0.39228959019268234 0.39228959019268234 0.39228959019268234 0.39228959019268234 0.39228959019268234 0.39228959019268234 0.39228959019268234 0.39228959019268234 0.39228959019268234 0.39228959019268234 0.39228959019268234 0.39228959019268234 0.39228959019268234 0.39228959019268234 0.42325863887271153 0.42325863887271153 0.42325863887271153 0.42325863887271153 0.42325863887271153 0.42325863887271153 0.42325863887271153 0.42325863887271153 0.42325863887271153 0.42325863887271153 0.42325863887271153 0.42325863887271153 0.42325863887271153 0.42325863887271153 0.42325863887271153 0.42325863887271153 0.42325863887271153 0.42325863887271153 0.42325863887271153 0.42325863887271153 0.42325863887271153 0.42325863887271153 0.42325863887271153 0.42325863887271153 0.42325863887271153 0.42325863887271153 0.42325863887271153 0.42325863887271153 0.42325863887271153 0.42325863887271153 0.42325863887271153 0.42325863887271153 0.42325863887271153 0.42325863887271153 0.42325863887271153 0.42325863887271153 0.42325863887271153 0.42325863887271153 0.42325863887271153 0.42325863887271153 0.42325863887271153 0.42325863887271153 0.42325863887271153 0.42325863887271153 0.42325863887271153 0.42325863887271153 0.42325863887271153 0.42325863887271153 0.42325863887271153 0.42325863887271153 0.4277945931944669 0.4277945931944669 0.4277945931944669 0.4277945931944669 0.4277945931944669 0.4277945931944669 0.4277945931944669 0.4277945931944669 0.4277945931944669 0.4277945931944669 0.4277945931944669 0.4277945931944669 0.4277945931944669 0.4277945931944669 0.4277945931944669 0.4277945931944669 0.4277945931944669 0.4277945931944669 0.4277945931944669 0.4277945931944669 0.4277945931944669 0.4277945931944669 0.4277945931944669 0.4277945931944669 0.4277945931944669 0.4277945931944669 0.4277945931944669 0.4277945931944669 0.4277945931944669 0.4277945931944669 0.4277945931944669 0.4277945931944669 0.4277945931944669 0.4277945931944669 0.4277945931944669 0.4277945931944669 0.4277945931944669 0.4277945931944669 0.4277945931944669 0.4277945931944669 0.4277945931944669 0.4277945931944669 0.4277945931944669 0.4277945931944669 0.4277945931944669 0.4277945931944669 0.4277945931944669 0.4277945931944669 0.4277945931944669 0.4277945931944669 0.6193277994590224 0.6193277994590224 0.6193277994590224 0.6193277994590224 0.6193277994590224 0.6193277994590224 0.6193277994590224 0.6193277994590224 0.6193277994590224 0.6193277994590224 0.6193277994590224 0.6193277994590224 0.6193277994590224 0.6193277994590224 0.6193277994590224 0.6193277994590224 0.6193277994590224 0.6193277994590224 0.6193277994590224 0.6193277994590224 0.6193277994590224 0.6193277994590224 0.6193277994590224 0.6193277994590224 0.6193277994590224 0.6193277994590224 0.6193277994590224 0.6193277994590224 0.6193277994590224 0.6193277994590224 0.6193277994590224 0.6193277994590224 0.6193277994590224 0.6193277994590224 0.6193277994590224 0.6193277994590224 0.6193277994590224 0.6193277994590224 0.6193277994590224 0.6193277994590224 0.6193277994590224 0.6193277994590224 0.6193277994590224 0.6193277994590224 0.6193277994590224 0.6193277994590224 0.6193277994590224 0.6193277994590224 0.6193277994590224 0.6193277994590224 0.6193277994590226 0.6193277994590226 0.6193277994590226 0.6193277994590226 0.6193277994590226 0.6193277994590226 0.6193277994590226 0.6193277994590226 0.6193277994590226 0.6193277994590226 0.6193277994590226 0.6193277994590226 0.6193277994590226 0.6193277994590226 0.6193277994590226 0.6193277994590226 0.6193277994590226 0.6193277994590226 0.6193277994590226 0.6193277994590226 0.6193277994590226 0.6193277994590226 0.6193277994590226 0.6193277994590226 0.6193277994590226 0.6193277994590226 0.6193277994590226 0.6193277994590226 0.6193277994590226 0.6193277994590226 0.6193277994590226 0.6193277994590226 0.6193277994590226 0.6193277994590226 0.6193277994590226 0.6193277994590226 0.6193277994590226 0.6193277994590226 0.6193277994590226 0.6193277994590226 0.6193277994590226 0.6193277994590226 0.6193277994590226 0.6193277994590226 0.6193277994590226 0.6193277994590226 0.6193277994590226 0.6193277994590226 0.6193277994590226 0.6193277994590226 0.8385409437619288 0.8385409437619288 0.8385409437619288 0.8385409437619288 0.8385409437619288 0.8385409437619288 0.8385409437619288 0.8385409437619288 0.8385409437619288 0.8385409437619288 0.8385409437619288 0.8385409437619288 0.8385409437619288 0.8385409437619288 0.8385409437619288 0.8385409437619288 0.8385409437619288 0.8385409437619288 0.8385409437619288 0.8385409437619288 0.8385409437619288 0.8385409437619288 0.8385409437619288 0.8385409437619288 0.8385409437619288 0.8385409437619288 0.8385409437619288 0.8385409437619288 0.8385409437619288 0.8385409437619288 0.8385409437619288 0.8385409437619288 0.8385409437619288 0.8385409437619288 0.8385409437619288 0.8385409437619288 0.8385409437619288 0.8385409437619288 0.8385409437619288 0.8385409437619288 0.8385409437619288 0.8385409437619288 0.8385409437619288 0.8385409437619288 0.8385409437619288 0.8385409437619288 0.8385409437619288 0.8385409437619288 0.8385409437619288 0.8385409437619288 0.5945945945945946 0.5945945945945946 0.5945945945945946 0.5945945945945946 0.5945945945945946 0.5945945945945946 0.5945945945945946 0.5945945945945946 0.5945945945945946 0.5945945945945946 0.5945945945945946 0.5945945945945946 0.5945945945945946 0.5945945945945946 0.5945945945945946 0.5945945945945946 0.5945945945945946 0.5945945945945946 0.5945945945945946 0.5945945945945946 0.5945945945945946 0.5945945945945946 0.5945945945945946 0.5945945945945946 0.5945945945945946 0.5945945945945946 0.5945945945945946 0.5945945945945946 0.5945945945945946 0.5945945945945946 0.5945945945945946 0.5945945945945946 0.5945945945945946 0.5945945945945946 0.5945945945945946 0.5945945945945946 0.5945945945945946 0.5945945945945946 0.5945945945945946 0.5945945945945946 0.5945945945945946 0.5945945945945946 0.5945945945945946 0.5945945945945946 0.5945945945945946 0.5945945945945946 0.5945945945945946 0.5945945945945946 0.5945945945945946 0.5945945945945946 1.0 1.0
0.25 0.25 0.25 0.25 0.25 0.25 0.25 0.25 0.25 0.25 0.25 0.25 0.25 0.25 0.25 0.25 0.25 0.25 0.25 0.25 0.25 0.25 0.25 0.25 0.25 0.25 0.25 0.25 0.25 0.25 0.25 0.25 0.25 0.25 0.25 0.25 0.25 0.25 0.25 0.25 0.25 0.25 0.25 0.25 0.25 0.25 0.25 0.25 0.25 0.24608071820432126 0.24608071820432126 0.24608071820432126 0.24608071820432126 0.24608071820432126 0.24608071820432126 0.24608071820432126 0.24608071820432126 0.24608071820432126 0.24608071820432126 0.24608071820432126 0.24608071820432126 0.24608071820432126 0.24608071820432126 0.24608071820432126 0.24608071820432126 0.24608071820432126 0.24608071820432126 0.24608071820432126 0.24608071820432126 0.24608071820432126 0.24608071820432126 0.24608071820432126 0.24608071820432126 0.24608071820432126 0.24608071820432126 0.24608071820432126 0.24608071820432126 0.24608071820432126 0.24608071820432126 0.24608071820432126 0.24608071820432126 0.24608071820432126 0.24608071820432126 0.24608071820432126 0.24608071820432126 0.24608071820432126 0.24608071820432126 0.24608071820432126 0.24608071820432126 0.24608071820432126 0.24608071820432126 0.24608071820432126 0.24608071820432126 0.24608071820432126 0.24608071820432126 0.24608071820432126 0.24608071820432126 0.24608071820432126 0.24608071820432126 0.22596931820557298 0.22596931820557298 0.22596931820557298 0.22596931820557298 0.22596931820557298 0.22596931820557298 0.22596931820557298 0.22596931820557298 0.22596931820557298 0.22596931820557298 0.22596931820557298 0.22596931820557298 0.22596931820557298 0.22596931820557298 0.22596931820557298 0.22596931820557298 0.22596931820557298 0.22596931820557298 0.22596931820557298 0.22596931820557298 0.22596931820557298 0.22596931820557298 0.22596931820557298 0.22596931820557298 0.22596931820557298 0.22596931820557298 0.22596931820557298 0.22596931820557298 0.22596931820557298 0.22596931820557298 0.22596931820557298 0.22596931820557298 0.22596931820557298 0.22596931820557298 0.22596931820557298 0.22596931820557298 0.22596931820557298 0.22596931820557298 0.22596931820557298 0.22596931820557298 0.22596931820557298 0.22596931820557298 0.22596931820557298 0.22596931820557298 0.22596931820557298 0.22596931820557298 0.22596931820557298 0.22596931820557298 0.22596931820557298 0.22596931820557298 0.21445387482536138 0.21445387482536138 0.21445387482536138 0.21445387482536138 0.21445387482536138 0.21445387482536138 0.21445387482536138 0.21445387482536138 0.21445387482536138 0.21445387482536138 0.21445387482536138 0.21445387482536138 0.21445387482536138 0.21445387482536138 0.21445387482536138 0.21445387482536138 0.21445387482536138 0.21445387482536138 0.21445387482536138 0.21445387482536138 0.21445387482536138 0.21445387482536138 0.21445387482536138 0.21445387482536138 0.21445387482536138 0.21445387482536138 0.21445387482536138 0.21445387482536138 0.21445387482536138 0.21445387482536138 0.21445387482536138 0.21445387482536138 0.21445387482536138 0.21445387482536138 0.21445387482536138 0.21445387482536138 0.21445387482536138 0.21445387482536138 0.21445387482536138 0.21445387482536138 0.21445387482536138 0.21445387482536138 0.21445387482536138 0.21445387482536138 0.21445387482536138 0.21445387482536138 0.21445387482536138 0.21445387482536138 0.21445387482536138 0.21445387482536138 0.2127672384127587 0.2127672384127587 0.2127672384127587 0.2127672384127587 0.2127672384127587 0.2127672384127587 0.2127672384127587 0.2127672384127587 0.2127672384127587 0.2127672384127587 0.2127672384127587 0.2127672384127587 0.2127672384127587 0.2127672384127587 0.2127672384127587 0.2127672384127587 0.2127672384127587 0.2127672384127587 0.2127672384127587 0.2127672384127587 0.2127672384127587 0.2127672384127587 0.2127672384127587 0.2127672384127587 0.2127672384127587 0.2127672384127587 0.2127672384127587 0.2127672384127587 0.2127672384127587 0.2127672384127587 0.2127672384127587 0.2127672384127587 0.2127672384127587 0.2127672384127587 0.2127672384127587 0.2127672384127587 0.2127672384127587 0.2127672384127587 0.2127672384127587 0.2127672384127587 0.2127672384127587 0.2127672384127587 0.2127672384127587 0.2127672384127587 0.2127672384127587 0.2127672384127587 0.2127672384127587 0.2127672384127587 0.2127672384127587 0.2127672384127587 0.14154807327281696 0.14154807327281696 0.14154807327281696 0.14154807327281696 0.14154807327281696 0.14154807327281696 0.14154807327281696 0.14154807327281696 0.14154807327281696 0.14154807327281696 0.14154807327281696 0.14154807327281696 0.14154807327281696 0.14154807327281696 0.14154807327281696 0.14154807327281696 0.14154807327281696 0.14154807327281696 0.14154807327281696 0.14154807327281696 0.14154807327281696 0.14154807327281696 0.14154807327281696 0.14154807327281696 0.14154807327281696 0.14154807327281696 0.14154807327281696 0.14154807327281696 0.14154807327281696 0.14154807327281696 0.14154807327281696 0.14154807327281696 0.14154807327281696 0.14154807327281696 0.14154807327281696 0.14154807327281696 0.14154807327281696 0.14154807327281696 0.14154807327281696 0.14154807327281696 0.14154807327281696 0.14154807327281696 0.14154807327281696 0.14154807327281696 0.14154807327281696 0.14154807327281696 0.14154807327281696 0.14154807327281696 0.14154807327281696 0.14154807327281696 0.141548073272817 0.141548073272817 0.141548073272817 0.141548073272817 0.141548073272817 0.141548073272817 0.141548073272817 0.141548073272817 0.141548073272817 0.141548073272817 0.141548073272817 0.141548073272817 0.141548073272817 0.141548073272817 0.141548073272817 0.141548073272817 0.141548073272817 0.141548073272817 0.141548073272817 0.141548073272817 0.141548073272817 0.141548073272817 0.141548073272817 0.141548073272817 0.141548073272817 0.141548073272817 0.141548073272817 0.141548073272817 0.141548073272817 0.141548073272817 0.141548073272817 0.141548073272817 0.141548073272817 0.141548073272817 0.141548073272817 0.141548073272817 0.141548073272817 0.141548073272817 0.141548073272817 0.141548073272817 0.141548073272817 0.141548073272817 0.141548073272817 0.141548073272817 0.141548073272817 0.141548073272817 0.141548073272817 0.141548073272817 0.141548073272817 0.141548073272817 0.06003647834138662 0.06003647834138662 0.06003647834138662 0.06003647834138662 0.06003647834138662 0.06003647834138662 0.06003647834138662 0.06003647834138662 0.06003647834138662 0.06003647834138662 0.06003647834138662 0.06003647834138662 0.06003647834138662 0.06003647834138662 0.06003647834138662 0.06003647834138662 0.06003647834138662 0.06003647834138662 0.06003647834138662 0.06003647834138662 0.06003647834138662 0.06003647834138662 0.06003647834138662 0.06003647834138662 0.06003647834138662 0.06003647834138662 0.06003647834138662 0.06003647834138662 0.06003647834138662 0.06003647834138662 0.06003647834138662 0.06003647834138662 0.06003647834138662 0.06003647834138662 0.06003647834138662 0.06003647834138662 0.06003647834138662 0.06003647834138662 0.06003647834138662 0.06003647834138662 0.06003647834138662 0.06003647834138662 0.06003647834138662 0.06003647834138662 0.06003647834138662 0.06003647834138662 0.06003647834138662 0.06003647834138662 0.06003647834138662 0.06003647834138662 0.13513513513513514 0.13513513513513514 0.13513513513513514 0.13513513513513514 0.13513513513513514 0.13513513513513514 0.13513513513513514 0.13513513513513514 0.13513513513513514 0.13513513513513514 0.13513513513513514 0.13513513513513514 0.13513513513513514 0.13513513513513514 0.13513513513513514 0.13513513513513514 0.13513513513513514 0.13513513513513514 0.13513513513513514 0.13513513513513514 0.13513513513513514 0.13513513513513514 0.13513513513513514 0.13513513513513514 0.13513513513513514 0.13513513513513514 0.13513513513513514 0.13513513513513514 0.13513513513513514 0.13513513513513514 0.13513513513513514 0.13513513513513514 0.13513513513513514 0.13513513513513514 0.13513513513513514 0.13513513513513514 0.13513513513513514 0.13513513513513514 0.13513513513513514 0.13513513513513514 0.13513513513513514 0.13513513513513514 0.13513513513513514 0.13513513513513514 0.13513513513513514 0.13513513513513514 0.13513513513513514 0.13513513513513514 0.13513513513513514 0.13513513513513514 2.47e-322 2.47e-322
0.25 0.25 0.25 0.25 0.25 0.25 0.25 0.25 0.25 0.25 0.25 0.25 0.25 0.25 0.25 0.25 0.25 0.25 0.25 0.25 0.25 0.25 0.25 0.25 0.25 0.25 0.25 0.25 0.25 0.25 0.25 0.25 0.25 0.25 0.25 0.25 0.25 0.25 0.25 0.25 0.25 0.25 0.25 0.25 0.25 0.25 0.25 0.25 0.25 0.22500992023917754 0.22500992023917754 0.22500992023917754 0.22500992023917754 0.22500992023917754 0.22500992023917754 0.22500992023917754 0.22500992023917754 0.22500992023917754 0.22500992023917754 0.22500992023917754 0.22500992023917754 0.22500992023917754 0.22500992023917754 0.22500992023917754 0.22500992023917754 0.22500992023917754 0.22500992023917754 0.22500992023917754 0.22500992023917754 0.22500992023917754 0.22500992023917754 0.22500992023917754 0.22500992023917754 0.22500992023917754 0.22500992023917754 0.22500992023917754 0.22500992023917754 0.22500992023917754 0.22500992023917754 0.22500992023917754 0.22500992023917754 0.22500992023917754 0.22500992023917754 0.22500992023917754 0.22500992023917754 0.22500992023917754 0.22500992023917754 0.22500992023917754 0.22500992023917754 0.22500992023917754 0.22500992023917754 0.22500992023917754 0.22500992023917754 0.22500992023917754 0.22500992023917754 0.22500992023917754 0.22500992023917754 0.22500992023917754 0.22500992023917754 0.19888750957269755 0.19888750957269755 0.19888750957269755 0.19888750957269755 0.19888750957269755 0.19888750957269755 0.19888750957269755 0.19888750957269755 0.19888750957269755 0.19888750957269755 0.19888750957269755 0.19888750957269755 0.19888750957269755 0.19888750957269755 0.19888750957269755 0.19888750957269755 0.19888750957269755 0.19888750957269755 0.19888750957269755 0.19888750957269755 0.19888750957269755 0.19888750957269755 0.19888750957269755 0.19888750957269755 0.19888750957269755 0.19888750957269755 0.19888750957269755 0.19888750957269755 0.19888750957269755 0.19888750957269755 0.19888750957269755 0.19888750957269755 0.19888750957269755 0.19888750957269755 0.19888750957269755 0.19888750957269755 0.19888750957269755 0.19888750957269755 0.19888750957269755 0.19888750957269755 0.19888750957269755 0.19888750957269755 0.19888750957269755 0.19888750957269755 0.19888750957269755 0.19888750957269755 0.19888750957269755 0.19888750957269755 0.19888750957269755 0.19888750957269755 0.18875216078418575 0.18875216078418575 0.18875216078418575 0.18875216078418575 0.18875216078418575 0.18875216078418575 0.18875216078418575 0.18875216078418575 0.18875216078418575 0.18875216078418575 0.18875216078418575 0.18875216078418575 0.18875216078418575 0.18875216078418575 0.18875216078418575 0.18875216078418575 0.18875216078418575 0.18875216078418575 0.18875216078418575 0.18875216078418575 0.18875216078418575 0.18875216078418575 0.18875216078418575 0.18875216078418575 0.18875216078418575 0.18875216078418575 0.18875216078418575 0.18875216078418575 0.18875216078418575 0.18875216078418575 0.18875216078418575 0.18875216078418575 0.18875216078418575 0.18875216078418575 0.18875216078418575 0.18875216078418575 0.18875216078418575 0.18875216078418575 0.18875216078418575 0.18875216078418575 0.18875216078418575 0.18875216078418575 0.18875216078418575 0.18875216078418575 0.18875216078418575 0.18875216078418575 0.18875216078418575 0.18875216078418575 0.18875216078418575 0.18875216078418575 0.18726766316158375 0.18726766316158375 0.18726766316158375 0.18726766316158375 0.18726766316158375 0.18726766316158375 0.18726766316158375 0.18726766316158375 0.18726766316158375 0.18726766316158375 0.18726766316158375 0.18726766316158375 0.18726766316158375 0.18726766316158375 0.18726766316158375 0.18726766316158375 0.18726766316158375 0.18726766316158375 0.18726766316158375 0.18726766316158375 0.18726766316158375 0.18726766316158375 0.18726766316158375 0.18726766316158375 0.18726766316158375 0.18726766316158375 0.18726766316158375 0.18726766316158375 0.18726766316158375 0.18726766316158375 0.18726766316158375 0.18726766316158375 0.18726766316158375 0.18726766316158375 0.18726766316158375 0.18726766316158375 0.18726766316158375 0.18726766316158375 0.18726766316158375 0.18726766316158375 0.18726766316158375 0.18726766316158375 0.18726766316158375 0.18726766316158375 0.18726766316158375 0.18726766316158375 0.18726766316158375 0.18726766316158375 0.18726766316158375 0.18726766316158375 0.12458392139959988 0.12458392139959988 0.12458392139959988 0.12458392139959988 0.12458392139959988 0.12458392139959988 0.12458392139959988 0.12458392139959988 0.12458392139959988 0.12458392139959988 0.12458392139959988 0.12458392139959988 0.12458392139959988 0.12458392139959988 0.12458392139959988 0.12458392139959988 0.12458392139959988 0.12458392139959988 0.12458392139959988 0.12458392139959988 0.12458392139959988 0.12458392139959988 0.12458392139959988 0.12458392139959988 0.12458392139959988 0.12458392139959988 0.12458392139959988 0.12458392139959988 0.12458392139959988 0.12458392139959988 0.12458392139959988 0.12458392139959988 0.12458392139959988 0.12458392139959988 0.12458392139959988 0.12458392139959988 0.12458392139959988 0.12458392139959988 0.12458392139959988 0.12458392139959988 0.12458392139959988 0.12458392139959988 0.12458392139959988 0.12458392139959988 0.12458392139959988 0.12458392139959988 0.12458392139959988 0.12458392139959988 0.12458392139959988 0.12458392139959988 0.12458392139959994 0.12458392139959994 0.12458392139959994 0.12458392139959994 0.12458392139959994 0.12458392139959994 0.12458392139959994 0.12458392139959994 0.12458392139959994 0.12458392139959994 0.12458392139959994 0.12458392139959994 0.12458392139959994 0.12458392139959994 0.12458392139959994 0.12458392139959994 0.12458392139959994 0.12458392139959994 0.12458392139959994 0.12458392139959994 0.12458392139959994 0.12458392139959994 0.12458392139959994 0.12458392139959994 0.12458392139959994 0.12458392139959994 0.12458392139959994 0.12458392139959994 0.12458392139959994 0.12458392139959994 0.12458392139959994 0.12458392139959994 0.12458392139959994 0.12458392139959994 0.12458392139959994 0.12458392139959994 0.12458392139959994 0.12458392139959994 0.12458392139959994 0.12458392139959994 0.12458392139959994 0.12458392139959994 0.12458392139959994 0.12458392139959994 0.12458392139959994 0.12458392139959994 0.12458392139959994 0.12458392139959994 0.12458392139959994 0.12458392139959994 0.0528412695832044 0.0528412695832044 0.0528412695832044 0.0528412695832044 0.0528412695832044 0.0528412695832044 0.0528412695832044 0.0528412695832044 0.0528412695832044 0.0528412695832044 0.0528412695832044 0.0528412695832044 0.0528412695832044 0.0528412695832044 0.0528412695832044 0.0528412695832044 0.0528412695832044 0.0528412695832044 0.0528412695832044 0.0528412695832044 0.0528412695832044 0.0528412695832044 0.0528412695832044 0.0528412695832044 0.0528412695832044 0.0528412695832044 0.0528412695832044 0.0528412695832044 0.0528412695832044 0.0528412695832044 0.0528412695832044 0.0528412695832044 0.0528412695832044 0.0528412695832044 0.0528412695832044 0.0528412695832044 0.0528412695832044 0.0528412695832044 0.0528412695832044 0.0528412695832044 0.0528412695832044 0.0528412695832044 0.0528412695832044 0.0528412695832044 0.0528412695832044 0.0528412695832044 0.0528412695832044 0.0528412695832044 0.0528412695832044 0.0528412695832044 0.13513513513513514 0.13513513513513514 0.13513513513513514 0.13513513513513514 0.13513513513513514 0.13513513513513514 0.13513513513513514 0.13513513513513514 0.13513513513513514 0.13513513513513514 0.13513513513513514 0.13513513513513514 0.13513513513513514 0.13513513513513514 0.13513513513513514 0.13513513513513514 0.13513513513513514 0.13513513513513514 0.13513513513513514 0.13513513513513514 0.13513513513513514 0.13513513513513514 0.13513513513513514 0.13513513513513514 0.13513513513513514 0.13513513513513514 0.13513513513513514 0.13513513513513514 0.13513513513513514 0.13513513513513514 0.13513513513513514 0.13513513513513514 0.13513513513513514 0.13513513513513514 0.13513513513513514 0.13513513513513514 0.13513513513513514 0.13513513513513514 0.13513513513513514 0.13513513513513514 0.13513513513513514 0.13513513513513514 0.13513513513513514 0.13513513513513514 0.13513513513513514 0.13513513513513514 0.13513513513513514 0.13513513513513514 0.13513513513513514 0.13513513513513514 2.47e-322 2.47e-322
0.25 0.25 0.25 0.25 0.25 0.25 0.25 0.25 0.25 0.25 0.25 0.25 0.25 0.25 0.25 0.25 0.25 0.25 0.25 0.25 0.25 0.25 0.25 0.25 0.25 0.25 0.25 0.25 0.25 0.25 0.25 0.25 0.25 0.25 0.25 0.25 0.25 0.25 0.25 0.25 0.25 0.25 0.25 0.25 0.25 0.25 0.25 0.25 0.25 0.20687005431462166 0.20687005431462166 0.20687005431462166 0.20687005431462166 0.20687005431462166 0.20687005431462166 0.20687005431462166 0.20687005431462166 0.20687005431462166 0.20687005431462166 0.20687005431462166 0.20687005431462166 0.20687005431462166 0.20687005431462166 0.20687005431462166 0.20687005431462166 0.20687005431462166 0.20687005431462166 0.20687005431462166 0.20687005431462166 0.20687005431462166 0.20687005431462166 0.20687005431462166 0.20687005431462166 0.20687005431462166 0.20687005431462166 0.20687005431462166 0.20687005431462166 0.20687005431462166 0.20687005431462166 0.20687005431462166 0.20687005431462166 0.20687005431462166 0.20687005431462166 0.20687005431462166 0.20687005431462166 0.20687005431462166 0.20687005431462166 0.20687005431462166 0.20687005431462166 0.20687005431462166 0.20687005431462166 0.20687005431462166 0.20687005431462166 0.20687005431462166 0.20687005431462166 0.20687005431462166 0.20687005431462166 0.20687005431462166 0.20687005431462166 0.18285358202904706 0.18285358202904706 0.18285358202904706 0.18285358202904706 0.18285358202904706 0.18285358202904706 0.18285358202904706 0.18285358202904706 0.18285358202904706 0.18285358202904706 0.18285358202904706 0.18285358202904706 0.18285358202904706 0.18285358202904706 0.18285358202904706 0.18285358202904706 0.18285358202904706 0.18285358202904706 0.18285358202904706 0.18285358202904706 0.18285358202904706 0.18285358202904706 0.18285358202904706 0.18285358202904706 0.18285358202904706 0.18285358202904706 0.18285358202904706 0.18285358202904706 0.18285358202904706 0.18285358202904706 0.18285358202904706 0.18285358202904706 0.18285358202904706 0.18285358202904706 0.18285358202904706 0.18285358202904706 0.18285358202904706 0.18285358202904706 0.18285358202904706 0.18285358202904706 0.18285358202904706 0.18285358202904706 0.18285358202904706 0.18285358202904706 0.18285358202904706 0.18285358202904706 0.18285358202904706 0.18285358202904706 0.18285358202904706 0.18285358202904706 0.17353532551774145 0.17353532551774145 0.17353532551774145 0.17353532551774145 0.17353532551774145 0.17353532551774145 0.17353532551774145 0.17353532551774145 0.17353532551774145 0.17353532551774145 0.17353532551774145 0.17353532551774145 0.17353532551774145 0.17353532551774145 0.17353532551774145 0.17353532551774145 0.17353532551774145 0.17353532551774145 0.17353532551774145 0.17353532551774145 0.17353532551774145 0.17353532551774145 0.17353532551774145 0.17353532551774145 0.17353532551774145 0.17353532551774145 0.17353532551774145 0.17353532551774145 0.17353532551774145 0.17353532551774145 0.17353532551774145 0.17353532551774145 0.17353532551774145 0.17353532551774145 0.17353532551774145 0.17353532551774145 0.17353532551774145 0.17353532551774145 0.17353532551774145 0.17353532551774145 0.17353532551774145 0.17353532551774145 0.17353532551774145 0.17353532551774145 0.17353532551774145 0.17353532551774145 0.17353532551774145 0.17353532551774145 0.17353532551774145 0.17353532551774145 0.17217050523119062 0.17217050523119062 0.17217050523119062 0.17217050523119062 0.17217050523119062 0.17217050523119062 0.17217050523119062 0.17217050523119062 0.17217050523119062 0.17217050523119062 0.17217050523119062 0.17217050523119062 0.17217050523119062 0.17217050523119062 0.17217050523119062 0.17217050523119062 0.17217050523119062 0.17217050523119062 0.17217050523119062 0.17217050523119062 0.17217050523119062 0.17217050523119062 0.17217050523119062 0.17217050523119062 0.17217050523119062 0.17217050523119062 0.17217050523119062 0.17217050523119062 0.17217050523119062 0.17217050523119062 0.17217050523119062 0.17217050523119062 0.17217050523119062 0.17217050523119062 0.17217050523119062 0.17217050523119062 0.17217050523119062 0.17217050523119062 0.17217050523119062 0.17217050523119062 0.17217050523119062 0.17217050523119062 0.17217050523119062 0.17217050523119062 0.17217050523119062 0.17217050523119062 0.17217050523119062 0.17217050523119062 0.17217050523119062 0.17217050523119062 0.11454020586856056 0.11454020586856056 0.11454020586856056 0.11454020586856056 0.11454020586856056 0.11454020586856056 0.11454020586856056 0.11454020586856056 0.11454020586856056 0.11454020586856056 0.11454020586856056 0.11454020586856056 0.11454020586856056 0.11454020586856056 0.11454020586856056 0.11454020586856056 0.11454020586856056 0.11454020586856056 0.11454020586856056 0.11454020586856056 0.11454020586856056 0.11454020586856056 0.11454020586856056 0.11454020586856056 0.11454020586856056 0.11454020586856056 0.11454020586856056 0.11454020586856056 0.11454020586856056 0.11454020586856056 0.11454020586856056 0.11454020586856056 0.11454020586856056 0.11454020586856056 0.11454020586856056 0.11454020586856056 0.11454020586856056 0.11454020586856056 0.11454020586856056 0.11454020586856056 0.11454020586856056 0.11454020586856056 0.11454020586856056 0.11454020586856056 0.11454020586856056 0.11454020586856056 0.11454020586856056 0.11454020586856056 0.11454020586856056 0.11454020586856056 0.1145402058685606 0.1145402058685606 0.1145402058685606 0.1145402058685606 0.1145402058685606 0.1145402058685606 0.1145402058685606 0.1145402058685606 0.1145402058685606 0.1145402058685606 0.1145402058685606 0.1145402058685606 0.1145402058685606 0.1145402058685606 0.1145402058685606 0.1145402058685606 0.1145402058685606 0.1145402058685606 0.1145402058685606 0.1145402058685606 0.1145402058685606 0.1145402058685606 0.1145402058685606 0.1145402058685606 0.1145402058685606 0.1145402058685606 0.1145402058685606 0.1145402058685606 0.1145402058685606 0.1145402058685606 0.1145402058685606 0.1145402058685606 0.1145402058685606 0.1145402058685606 0.1145402058685606 0.1145402058685606 0.1145402058685606 0.1145402058685606 0.1145402058685606 0.1145402058685606 0.1145402058685606 0.1145402058685606 0.1145402058685606 0.1145402058685606 0.1145402058685606 0.1145402058685606 0.1145402058685606 0.1145402058685606 0.1145402058685606 0.1145402058685606 0.04858130831348015 0.04858130831348015 0.04858130831348015 0.04858130831348015 0.04858130831348015 0.04858130831348015 0.04858130831348015 0.04858130831348015 0.04858130831348015 0.04858130831348015 0.04858130831348015 0.04858130831348015 0.04858130831348015 0.04858130831348015 0.04858130831348015 0.04858130831348015 0.04858130831348015 0.04858130831348015 0.04858130831348015 0.04858130831348015 0.04858130831348015 0.04858130831348015 0.04858130831348015 0.04858130831348015 0.04858130831348015 0.04858130831348015 0.04858130831348015 0.04858130831348015 0.04858130831348015 0.04858130831348015 0.04858130831348015 0.04858130831348015 0.04858130831348015 0.04858130831348015 0.04858130831348015 0.04858130831348015 0.04858130831348015 0.04858130831348015 0.04858130831348015 0.04858130831348015 0.04858130831348015 0.04858130831348015 0.04858130831348015 0.04858130831348015 0.04858130831348015 0.04858130831348015 0.04858130831348015 0.04858130831348015 0.04858130831348015 0.04858130831348015 0.13513513513513514 0.13513513513513514 0.13513513513513514 0.13513513513513514 0.13513513513513514 0.13513513513513514 0.13513513513513514 0.13513513513513514 0.13513513513513514 0.13513513513513514 0.13513513513513514 0.13513513513513514 0.13513513513513514 0.13513513513513514 0.13513513513513514 0.13513513513513514 0.13513513513513514 0.13513513513513514 0.13513513513513514 0.13513513513513514 0.13513513513513514 0.13513513513513514 0.13513513513513514 0.13513513513513514 0.13513513513513514 0.13513513513513514 0.13513513513513514 0.13513513513513514 0.13513513513513514 0.13513513513513514 0.13513513513513514 0.13513513513513514 0.13513513513513514 0.13513513513513514 0.13513513513513514 0.13513513513513514 0.13513513513513514 0.13513513513513514 0.13513513513513514 0.13513513513513514 0.13513513513513514 0.13513513513513514 0.13513513513513514 0.13513513513513514 0.13513513513513514 0.13513513513513514 0.13513513513513514 0.13513513513513514 0.13513513513513514 0.13513513513513514 2.47e-322 2.47e-322

time destroy
0.035 0.12200000000000001 0.336 0.048 0.331

time repair
0.31500000000000017 0.002 0.5310000000000004 2.9649999999999976

destroy names
clusterDestroy! randomDestroy! worstIdleDestroy! stackDestroy! relatedDestroy!

repair names
greedyRepair! firstRepair! flexibilityRepair! regretRepair!

iterations
452

Temperature
0.838230349305225 0.8380207917178987 0.8378112865199692 0.8376018336983392 0.8373924332399146 0.8371830851316047 0.8369737893603217 0.8367645459129817 0.8365553547765034 0.8363462159378093 0.8361371293838249 0.8359280951014789 0.8357191130777035 0.8355101832994342 0.8353013057536093 0.8350924804271709 0.8348837073070641 0.8346749863802373 0.8344663176336422 0.8342577010542338 0.8340491366289703 0.8338406243448131 0.8336321641887269 0.8334237561476797 0.8332154002086428 0.8330070963585907 0.832798844584501 0.832590644873355 0.8323824972121366 0.8321744015878336 0.8319663579874367 0.8317583663979399 0.8315504268063404 0.8313425391996389 0.831134703564839 0.8309269198889478 0.8307191881589756 0.8305115083619359 0.8303038804848454 0.8300963045147242 0.8298887804385955 0.8296813082434858 0.829473887916425 0.8292665194444458 0.8290592028145848 0.8288519380138811 0.8286447250293777 0.8284375638481204 0.8282304544571584 0.8280233968435441 0.8278163909943332 0.8276094368965847 0.8274025345373606 0.8271956839037262 0.8269888849827504 0.8267821377615047 0.8265754422270644 0.8263687983665076 0.8261622061669159 0.8259556656153743 0.8257491766989704 0.8255427394047957 0.8253363537199445 0.8251300196315146 0.8249237371266067 0.8247175061923251 0.824511326815777 0.8243051989840731 0.8240991226843271 0.823893097903656 0.82368712462918 0.8234812028480227 0.8232753325473108 0.823069513714174 0.8228637463357455 0.8226580303991616 0.8224523658915619 0.8222467528000891 0.8220411911118891 0.8218356808141112 0.8216302218939077 0.8214248143384342 0.8212194581348495 0.8210141532703158 0.8208088997319982 0.8206036975070652 0.8203985465826884 0.8201934469460428 0.8199883985843063 0.8197834014846602 0.8195784556342891 0.8193735610203805 0.8191687176301254 0.8189639254507179 0.8187591844693553 0.8185544946732379 0.8183498560495697 0.8181452685855573 0.8179407322684109 0.8177362470853439 0.8175318130235726 0.8173274300703167 0.8171230982127992 0.816918817438246 0.8167145877338865 0.816510409086953 0.8163062814846813 0.8161022049143102 0.8158981793630816 0.8156942048182408 0.8154902812670363 0.8152864086967195 0.8150825870945454 0.8148788164477718 0.8146750967436599 0.814471427969474 0.8142678101124817 0.8140642431599536 0.8138607270991637 0.813657261917389 0.8134538476019096 0.8132504841400092 0.8130471715189742 0.8128439097260944 0.812640698748663 0.8124375385739758 0.8122344291893323 0.812031370582035 0.8118283627393895 0.8116254056487047 0.8114224992972925 0.8112196436724682 0.8110168387615502 0.8108140845518598 0.8106113810307218 0.8104087281854642 0.8102061260034178 0.810003574471917 0.809801073578299 0.8095986233099044 0.8093962236540769 0.8091938745981634 0.8089915761295139 0.8087893282354816 0.8085871309034227 0.8083849841206969 0.8081828878746667 0.807980842152698 0.80777884694216 0.8075769022304244 0.8073750080048668 0.8071731642528657 0.8069713709618025 0.806769628119062 0.8065679357120323 0.8063662937281043 0.8061647021546723 0.8059631609791337 0.8057616701888889 0.8055602297713417 0.8053588397138989 0.8051575000039705 0.8049562106289695 0.8047549715763123 0.8045537828334182 0.8043526443877098 0.8041515562266129 0.8039505183375563 0.803749530707972 0.8035485933252949 0.8033477061769636 0.8031468692504193 0.8029460825331067 0.8027453460124735 0.8025446596759704 0.8023440235110515 0.8021434375051738 0.8019429016457975 0.8017424159203861 0.801541980316406 0.8013415948213269 0.8011412594226216 0.800940974107766 0.800740738864239 0.800540553679523 0.8003404185411032 0.800140333436468 0.7999402983531089 0.7997403132785206 0.799540378200201 0.7993404931056509 0.7991406579823745 0.798940872817879 0.7987411375996745 0.7985414523152746 0.7983418169521959 0.7981422314979578 0.7979426959400834 0.7977432102660984 0.7975437744635319 0.797344388519916 0.797145052422786 0.7969457661596803 0.7967465297181404 0.796547343085711 0.7963482062499395 0.796149119198377 0.7959500819185775 0.7957510943980979 0.7955521566244984 0.7953532685853423 0.795154430268196 0.7949556416606289 0.7947569027502138 0.7945582135245263 0.7943595739711452 0.7941609840776525 0.7939624438316331 0.7937639532206752 0.79356551223237 0.7933671208543119 0.7931687790740983 0.7929704868793298 0.79277224425761 0.7925740511965456 0.7923759076837464 0.7921778137068255 0.7919797692533989 0.7917817743110855 0.7915838288675078 0.7913859329102909 0.7911880864270634 0.7909902894054567 0.7907925418331053 0.7905948436976471 0.7903971949867227 0.790199595687976 0.7900020457890541 0.7898045452776068 0.7896070941412874 0.789409692367752 0.7892123399446601 0.789015036859674 0.7888177831004591 0.788620578654684 0.7884234235100204 0.7882263176541429 0.7880292610747294 0.7878322537594608 0.7876352956960209 0.7874383868720969 0.7872415272753789 0.78704471689356 0.7868479557143366 0.7866512437254081 0.7864545809144767 0.7862579672692481 0.7860614027774309 0.7858648874267365 0.7856684212048799 0.7854720040995787 0.7852756360985539 0.7850793171895293 0.784883047360232 0.784686826598392 0.7844906548917424 0.7842945322280195 0.7840984585949625 0.7839024339803138 0.7837064583718187 0.7835105317572258 0.7833146541242866 0.7831188254607555 0.7829230457543903 0.7827273149929518 0.7825316331642036 0.7823360002559125 0.7821404162558486 0.7819448811517847 0.7817493949314968 0.7815539575827639 0.7813585690933682 0.7811632294510948 0.780967938643732 0.7807726966590711 0.7805775034849064 0.7803823591090352 0.7801872635192579 0.7799922167033781 0.7797972186492024 0.7796022693445401 0.7794073687772041 0.7792125169350098 0.7790177138057761 0.7788229593773247 0.7786282536374804 0.7784335965740711 0.7782389881749275 0.7780444284278838 0.7778499173207768 0.7776554548414466 0.7774610409777363 0.7772666757174919 0.7770723590485625 0.7768780909588004 0.7766838714360608 0.7764897004682018 0.7762955780430847 0.7761015041485739 0.7759074787725369 0.7757135019028437 0.775519573527368 0.7753256936339862 0.7751318622105777 0.7749380792450251 0.7747443447252139 0.7745506586390326 0.7743570209743729 0.7741634317191293 0.7739698908611995 0.7737763983884842 0.7735829542888871 0.7733895585503149 0.7731962111606773 0.7730029121078871 0.7728096613798601 0.7726164589645151 0.7724233048497741 0.7722301990235616 0.7720371414738058 0.7718441321884373 0.7716511711553902 0.7714582583626013 0.7712653937980106 0.7710725774495611 0.7708798093051987 0.7706870893528724 0.7704944175805343 0.7703017939761392 0.7701092185276451 0.7699166912230132 0.7697242120502075 0.769531780997195 0.7693393980519457 0.7691470632024328 0.7689547764366321 0.768762537742523 0.7685703471080874 0.7683782045213103 0.76818610997018 0.7679940634426875 0.7678020649268269 0.7676101144105952 0.7674182118819927 0.7672263573290222 0.76703455073969 0.766842792102005 0.7666510814039795 0.7664594186336285 0.7662678037789702 0.7660762368280255 0.7658847177688185 0.7656932465893763 0.765501823277729 0.7653104478219096 0.7651191202099541 0.7649278404299016 0.7647366084697941 0.7645454243176767 0.7643542879615973 0.764163199389607 0.7639721585897596 0.7637811655501122 0.7635902202587247 0.7633993227036601 0.7632084728729842 0.763017670754766 0.7628269163370773 0.762636209607993 0.762445550555591 0.7622549391679522 0.7620643754331602 0.761873859339302 0.7616833908744671 0.7614929700267485 0.7613025967842418 0.7611122711350458 0.760921993067262 0.7607317625689952 0.760541579628353 0.7603514442334459 0.7601613563723876 0.7599713160332945 0.7597813232042862 0.7595913778734851 0.7594014800290168 0.7592116296590096 0.7590218267515948 0.7588320712949069 0.7586423632770832 0.758452702686264 0.7582630895105924 0.7580735237382148 0.7578840053572803 0.757694534355941 0.757505110722352 0.7573157344446715 0.7571264055110604 0.7569371239096826 0.7567478896287052 0.7565587026562981 0.7563695629806341 0.7561804705898889 0.7559914254722414 0.7558024276158734 0.7556134770089694 0.7554245736397172 0.7552357174963072 0.7550469085669332 0.7548581468397916 0.7546694323030817 0.7544807649450059 0.7542921447537697 0.7541035717175812 0.7539150458246519 0.7537265670631957 0.75353813542143 0.7533497508875746 0.7531614134498528 0.7529731230964903 0.7527848798157163 0.7525966835957624 0.7524085344248634 0.7522204322912572 0.7520323771831844 0.7518443690888886 0.7516564079966165 0.7514684938946173 0.7512806267711437 0.751092806614451 0.7509050334127974 0.7507173071544442 0.7505296278276556 0.7503419954206988 0.7501544099218437 0.7499668713193632 0.7497793796015334 0.749591934756633 0.7494045367729438 0.7492171856387506 0.7490298813423409

W
10 5 1

