T P M C
22 37 4 12

base obj
11.18131868131868

exp obj
12.969322344322345

Objective struct
11.18131868131868 0.0 18.333333333333336

num campaigns
123

x
0 0 0 0 1 0 0 0 1 0 0 0 1 0 0 0 1 0 0 0 0 0
0 0 0 0 0 0 0 0 0 0 0 0 0 0 0 0 0 0 0 0 0 0
0 0 0 0 0 0 0 0 1 0 1 0 1 0 1 0 0 0 0 0 0 0
0 0 0 0 1 0 0 0 0 0 1 0 0 0 0 0 1 0 0 0 0 0
0 0 0 0 0 1 0 0 1 0 1 0 1 0 1 0 0 0 0 0 0 0
0 0 0 0 0 0 0 0 1 0 0 0 0 0 1 0 0 0 0 0 0 0
0 0 0 0 0 0 0 1 0 0 0 1 0 0 0 1 0 0 0 0 0 0
0 0 0 0 0 0 0 0 0 0 1 0 0 0 0 0 0 0 0 0 0 0
0 0 0 0 0 0 0 0 0 0 0 0 0 0 0 0 1 0 0 0 0 0
0 0 0 0 0 0 0 0 1 0 1 0 1 0 1 0 0 0 0 0 0 0
0 0 0 0 1 0 0 0 0 0 0 0 0 0 0 0 1 0 0 0 0 0
0 0 0 0 0 0 1 0 0 0 0 0 0 0 0 0 0 0 0 0 0 0
0 0 0 0 0 0 0 0 0 0 0 0 0 0 0 0 0 0 0 0 0 0
0 0 0 0 1 0 0 0 0 0 1 0 0 0 0 0 1 0 0 0 0 0
0 0 0 0 0 0 0 0 0 0 0 0 0 0 0 0 0 0 0 0 0 0
0 0 0 0 0 0 0 0 0 0 0 0 0 0 1 0 0 0 0 0 0 0
0 0 0 0 0 0 0 0 0 0 0 0 0 0 0 0 1 0 0 0 0 0
0 0 0 0 1 0 0 0 0 0 0 0 0 0 0 0 0 0 0 0 0 0
0 0 0 0 0 0 1 0 1 0 1 0 1 0 1 0 1 0 0 0 0 0
0 0 0 0 1 0 0 0 0 0 0 0 0 0 0 0 0 0 0 0 0 0
0 0 0 0 1 0 0 0 0 1 0 0 0 0 1 0 0 0 0 0 0 0
0 0 0 0 0 0 0 0 0 0 0 0 0 0 0 0 0 0 0 0 0 0
0 0 0 0 0 0 1 0 0 0 0 0 0 0 0 0 0 0 0 0 0 0
0 0 0 0 0 0 1 0 0 0 0 0 1 0 0 0 0 0 0 0 0 0
0 0 0 0 0 0 0 0 0 0 0 0 0 0 0 0 0 0 0 0 0 0
0 0 0 0 1 0 0 0 0 0 0 0 0 0 0 0 1 0 0 0 0 0
0 0 0 0 1 0 0 0 0 0 1 0 0 0 0 0 0 0 0 0 0 0
0 0 0 0 0 0 1 0 0 0 0 0 0 0 0 0 0 0 0 0 0 0
0 0 0 0 0 0 0 0 0 0 0 0 0 0 0 0 0 0 0 0 0 0
0 0 0 0 1 1 1 1 1 1 1 1 1 1 1 1 1 0 0 0 0 0
0 0 0 0 1 1 1 1 1 1 1 1 1 1 1 1 1 0 0 0 0 0
0 0 0 0 1 1 1 1 1 1 1 1 1 1 1 1 1 0 0 0 0 0
0 0 0 0 1 0 1 1 1 0 1 1 1 1 1 0 0 0 0 0 0 0
0 0 0 0 1 1 1 1 1 1 1 1 1 1 1 1 1 0 0 0 0 0
0 0 0 0 1 0 1 1 1 1 1 0 1 0 1 0 0 0 0 0 0 0
0 0 0 0 0 0 0 0 0 0 0 0 0 0 0 0 0 0 0 0 0 0
0 0 0 0 0 0 0 0 0 0 0 0 0 0 0 0 0 0 0 0 0 0

y
0.0 0.0 0.0 0.0 0.0 0.0 0.0 0.0 0.0 0.2857142857142858 0.0 0.0 0.0 0.0 0.0 0.0 0.0 0.0 0.0 0.0 0.0 0.0 0.0 0.0 0.0 0.0 0.0 0.0 0.0 0.0 0.0 0.0 0.52 0.0 0.0 0.0 0.0

k
0 3 0 0 0 1 0 0 0 4 0 0 3 0 2 0 1 0 1 0 0 2 0 1 2 0 1 0 6 0 0 0 17 0 5 13 2

f
1.0500000000000114 10.499999999999929 0.0 0.0 0.0 0.0 0.0 0.0 0.0 0.0 0.0 0.0 0.0 0.0 0.0 0.0 0.0 0.0 0.0 0.0 0.0 0.0
0.0 0.0 0.0 0.0 0.0 0.0 0.0 1.4999999999995222 0.0 0.0 0.0 0.0 0.0 0.0 0.0 0.0 0.0 0.0 0.0 0.0 0.0 0.0
0.0 0.0 0.0 0.0 0.0 0.0 0.0 0.0 0.0 0.0 0.0 0.0 0.0 0.0 0.0 0.0 0.0 0.0 0.0 0.0 0.0 0.0
0.0 7.199999999999717 0.4499999999994646 1.7999999999997298 0.8999999999990624 1.3499999999989245 2.2499999999990687 0.4499999999991138 1.349999999998964 0.4499999999989903 1.349999999999357 0.8999999999991375 6.299999999999443 0.0 0.0 0.0 0.0 0.0 0.0 0.0 0.0 0.0

L
4 0 2 6 2 6 4 0 0 2 12 0 0 6 0 0 0 0 2 0 5 0 0 6 0 12 6 0 0 1 1 1 1 1 1 0 0

g
0 0 0 0 0 0 0 0 0 0 0 0 0 0 0 0 0 0 0 0 0 0
0 0 0 0 0 0 0 0 0 0 0 0 0 0 0 0 0 0 0 0 0 0
0 0 0 0 0 0 0 0 0 0 0 0 0 0 0 0 0 0 0 0 0 0
0 0 0 0 0 0 0 0 0 0 0 0 0 0 0 0 0 0 0 0 0 0
0 0 0 0 0 0 0 0 0 0 0 0 0 0 0 0 0 0 0 0 0 0
0 0 0 0 0 0 0 0 0 0 0 0 0 0 0 0 0 0 0 0 0 0
0 0 0 0 0 0 0 0 0 0 0 0 0 0 0 0 0 0 0 0 0 0
0 0 0 0 0 0 0 0 0 0 0 0 0 0 0 0 0 0 0 0 0 0
0 0 0 0 0 0 0 0 0 0 0 0 0 0 0 0 0 0 0 0 0 0
0 0 0 0 0 0 0 0 0 0 0 0 0 0 0 0 0 0 0 0 0 0
0 0 0 0 0 0 0 0 0 0 0 0 0 0 0 0 0 0 0 0 0 0
0 0 0 0 0 0 0 0 0 0 0 0 0 0 0 0 0 0 0 0 0 0
0 0 0 0 0 0 0 0 0 0 0 0 0 0 0 0 0 0 0 0 0 0
0 0 0 0 0 0 0 0 0 0 0 0 0 0 0 0 0 0 0 0 0 0
0 0 0 0 0 0 0 0 0 0 0 0 0 0 0 0 0 0 0 0 0 0
0 0 0 0 0 0 0 0 0 0 0 0 0 0 0 0 0 0 0 0 0 0
0 0 0 0 0 0 0 0 0 0 0 0 0 0 0 0 0 0 0 0 0 0
0 0 0 0 0 0 0 0 0 0 0 0 0 0 0 0 0 0 0 0 0 0
0 0 0 0 0 0 0 0 0 0 0 0 0 0 0 0 0 0 0 0 0 0
0 0 0 0 0 0 0 0 0 0 0 0 0 0 0 0 0 0 0 0 0 0
0 0 0 0 0 0 0 0 0 0 0 0 0 0 0 0 0 0 0 0 0 0
0 0 0 0 0 0 0 0 0 0 0 0 0 0 0 0 0 0 0 0 0 0
0 0 0 0 0 0 0 0 0 0 0 0 0 0 0 0 0 0 0 0 0 0
0 0 0 0 0 0 0 0 0 0 0 0 0 0 0 0 0 0 0 0 0 0
0 0 0 0 0 0 0 0 0 0 0 0 0 0 0 0 0 0 0 0 0 0
0 0 0 0 0 0 0 0 0 0 0 0 0 0 0 0 0 0 0 0 0 0
0 0 0 0 0 0 0 0 0 0 0 0 0 0 0 0 0 0 0 0 0 0
0 0 0 0 0 0 0 0 0 0 0 0 0 0 0 0 0 0 0 0 0 0
0 0 0 0 0 0 0 0 0 0 0 0 0 0 0 0 0 0 0 0 0 0
0 0 0 0 0 0 0 0 0 0 0 0 0 0 0 0 0 0 0 0 0 0
0 0 0 0 0 0 0 0 0 0 0 0 0 0 0 0 0 0 0 0 0 0
0 0 0 0 0 0 0 0 0 0 0 0 0 0 0 0 0 0 0 0 0 0
0 0 0 0 0 0 0 0 0 0 0 0 0 0 0 0 0 0 0 0 0 0
0 0 0 0 0 0 0 0 0 0 0 0 0 0 0 0 0 0 0 0 0 0
0 0 0 0 0 0 0 0 0 0 0 0 0 0 0 0 0 0 0 0 0 0
0 0 0 0 0 0 0 0 0 0 0 0 0 0 0 0 0 0 0 0 0 0
0 0 0 0 0 0 0 0 0 0 0 0 0 0 0 0 0 0 0 0 0 0

I cap
1058.909090909091 1058.909090909091 955.9490909091562 955.9490909091796 774.8599999999619 857.5599999999554 819.2800000001496 1004.4200000000578 547.7399999999263 729.8999999999355 233.92000000006863 482.8800000000633 586.4599999999284 721.1599999999273 446.7600000001046 507.3890909092122 349.32909090904747 759.3290909090222 840.3490909091279 963.149090909091 1058.909090909091 1058.909090909091
107.96969696969697 107.96969696969697 104.52969696969697 104.52969696969697 69.93999999999978 84.43999999999996 38.720000000000425 77.58000000000001 12.259999999999893 50.0999999999989 3.080000000000169 25.12000000000002 26.539999999999072 18.839999999999808 63.239999999999704 40.489696969696254 5.549696969697347 55.54969696969508 60.52969696969697 95.72969696969697 107.96969696969697 107.96969696969697
38.96666666666666 38.96666666666666 14.033333333333328 1.3583333333333272 0.6249999999999929 14.658333333333337 6.958333333333334 31.5 25.900000000000006 17.53333333333334 2.133333333333331 7.733333333333336 10.5 29.400000000000006 2.833333333333334 17.300000000000004 10.300000000000004 31.96666666666667 31.96666666666667 38.96666666666666 38.96666666666666 38.96666666666666
45.24545454545453 45.24545454545453 44.615454545454526 38.66545454545452 18.760000000000446 28.960000000000527 26.89000000000077 31.84000000000079 17.71000000000054 21.24000000000084 13.900000000000418 10.720000000000383 9.420000000000805 12.860000000000742 6.810000000000402 20.635454545454994 27.465454545455838 41.16545454545452 42.935454545454526 44.615454545454526 45.24545454545453 45.24545454545453
20.999999999999993 20.999999999999993 20.789999999999992 20.43999999999999 8.320000000000006 16.820000000000007 10.919999999999865 12.499999999999936 4.259999999999971 4.400000000000068 3.4799999999999547 7.760000000000044 6.140000000000093 10.000000000000117 2.5499999999999563 5.290000000000033 5.1699999999998525 13.799999999999955 17.550000000000033 20.789999999999992 20.999999999999993 20.999999999999993
345.75757575757575 345.75757575757575 341.76757575757574 308.8263992869875 180.1094117647059 187.6800000000012 213.01999999999842 213.01999999999933 203.24000000000365 193.47000000000156 155.1099999999991 148.80999999999955 188.8700000000031 167.47000000000276 143.20999999999947 177.06757575757564 231.0587522281667 252.00816399287154 302.71757575757573 341.76757575757574 345.75757575757575 345.75757575757575
779.7575757575758 779.7575757575758 764.8475757575758 686.0975757575758 528.7700000000045 653.5700000000003 660.650000000001 657.7399999999984 702.8900000000007 698.6199999999956 466.56999999999925 560.6299999999949 575.1499999999994 612.0699999999958 578.8099999999994 597.6475757575702 558.4575757575769 666.2375757575765 719.8475757575758 764.8475757575758 779.7575757575758 779.7575757575758
80.73333333333335 80.73333333333335 80.10333333333335 79.40333333333335 61.52666666666643 81.06 71.37 77.78 69.75999999999998 77.60999999999999 64.85000000000002 75.09 84.30999999999999 84.88999999999997 72.42999999999999 63.26333333333314 62.94333333333344 72.78666666666669 78.18333333333335 80.10333333333335 80.73333333333335 80.73333333333335
10.775757575757575 10.775757575757575 10.775757575757575 10.775757575757575 2.7999999999999976 2.1999999999999975 1.0999999999999766 3.099999999999998 2.7499999999999893 2.0499999999999954 0.05000000000001359 1.8500000000000174 1.4499999999999957 0.4500000000000073 0.9999999999999707 2.725757575757574 3.395757575757568 0.15575757575757798 4.385757575757576 10.775757575757575 10.775757575757575 10.775757575757575
2.545454545454545 2.545454545454545 1.915454545454545 1.915454545454545 1.96 0.5599999999999999 0.5500000000000117 0.12000000000000077 1.2400000000001392 1.2600000000000007 1.54 0.1399999999999999 0.5599999999999999 1.2600000000000002 0.8400000000000006 0.3854545454545505 0.26545454545455227 0.8654545454545469 1.1954545454546626 1.915454545454545 2.545454545454545 2.545454545454545
8.515433299825174 8.515433299825174 8.515433299825174 7.807629307084635 4.618788965517234 5.1207046551722515 4.853765258620688 6.6076524137928665 7.541261896550864 6.429271293103029 5.76115482758547 6.527962068965008 6.001555862068486 4.50380931034482 5.44364215517233 5.703507068965473 5.873910889292181 6.160740402298847 6.285647758620689 7.118618534482758 7.546136159874608 8.31123
700.0 700.0 699.0 696.0 681.0 687.0 678.0 687.0 680.0 684.0 678.0 683.0 680.0 684.0 680.0 685.0 679.0 683.0 687.0 693.0 700.0 695.0

H cap
-1.0500000000000114 -10.499999999999929 30.449999999999854 30.45000000000001 5.249999999999872 5.249999999999886 11.549999999999871 11.549999999999871 27.299999999999827 36.749999999999844 20.999999999999943 11.549999999999898 5.249999999999876 14.699999999999877 131.25 131.25 131.25 131.25 131.25 131.25 131.25 131.25
20.550000000000207 7.9500000000003785 21.900000000000887 16.500000000000583 3.4500000000006086 7.950000000000489 0.3000000000005274 -1.4999999999995222 7.950000000000441 9.750000000000654 9.750000000000725 10.65000000000098 8.850000000000492 21.450000000000554 52.5 52.5 52.5 52.5 52.5 52.5 52.5 52.5
40.95000000000001 37.80000000000001 50.400000000000006 53.550000000000004 47.25000000000001 47.25000000000001 40.95000000000001 40.95000000000001 44.10000000000001 44.10000000000001 47.25000000000001 47.25000000000001 40.95000000000001 40.95000000000001 63.0 63.0 63.0 63.0 63.0 63.0 63.0 63.0
0.4500000000001063 -7.199999999999717 -0.4499999999994646 -1.7999999999997298 -0.8999999999990624 -1.3499999999989245 -2.2499999999990687 -0.4499999999991138 -1.349999999998964 -0.4499999999989903 -1.349999999999357 -0.8999999999991375 -6.299999999999443 6.004086117172847e-13 78.75 78.75 78.75 78.75 78.75 78.75 78.75 78.75

Gap
NaN

Time
NaN

