T P M C
22 37 4 12

base obj
11.264652014652013

exp obj
12.82348901098901

Objective struct
11.264652014652013 0.0 17.5

num campaigns
123

x
0 0 0 0 1 0 0 0 1 0 0 0 1 0 0 0 1 0 0 0 0 0
0 0 0 0 0 0 0 0 0 0 0 0 0 0 0 0 0 0 0 0 0 0
0 0 0 0 1 0 0 0 1 0 0 0 1 0 0 0 1 0 0 0 0 0
0 0 0 0 1 0 0 0 0 1 0 0 0 0 1 0 0 0 0 0 0 0
0 0 0 0 0 0 1 0 1 0 1 0 1 0 1 0 0 0 0 0 0 0
0 0 0 0 0 0 1 0 0 0 0 0 1 0 0 0 0 0 0 0 0 0
0 0 0 0 0 0 1 0 0 0 0 1 0 0 0 0 1 0 0 0 0 0
0 0 0 0 0 0 0 0 0 0 1 0 0 0 0 0 0 0 0 0 0 0
0 0 0 0 0 0 0 0 0 0 0 0 0 0 0 0 1 0 0 0 0 0
0 0 0 0 0 0 0 1 0 0 1 0 0 0 0 0 0 0 0 0 0 0
0 0 0 0 1 0 0 0 0 0 0 0 0 0 0 0 1 0 0 0 0 0
0 0 0 0 0 0 1 0 0 0 0 0 0 0 0 0 0 0 0 0 0 0
0 0 0 0 0 0 0 0 0 0 0 0 0 0 0 0 0 0 0 0 0 0
0 0 0 0 0 0 1 0 0 0 0 0 0 0 1 0 0 0 0 0 0 0
0 0 0 0 0 0 0 0 0 0 0 0 0 0 0 0 0 0 0 0 0 0
0 0 0 0 1 0 0 0 0 0 0 0 0 0 0 0 0 0 0 0 0 0
0 0 0 0 0 0 0 0 0 0 0 0 0 0 1 0 1 0 0 0 0 0
0 0 0 0 0 0 0 0 0 0 0 0 0 0 1 0 0 0 0 0 0 0
0 0 0 0 1 0 1 0 1 0 1 0 0 1 0 1 0 0 0 0 0 0
0 0 0 0 1 0 0 0 0 0 0 0 0 0 0 0 0 0 0 0 0 0
0 0 0 0 1 0 0 0 0 0 1 0 0 0 0 0 1 0 0 0 0 0
0 0 0 0 0 0 0 0 0 0 0 0 0 0 0 0 0 0 0 0 0 0
0 0 0 0 0 0 0 0 0 0 1 0 0 0 0 0 0 0 0 0 0 0
0 0 0 0 0 0 0 0 1 0 0 0 0 0 1 0 0 0 0 0 0 0
0 0 0 0 0 0 0 0 0 0 0 0 0 0 0 0 0 0 0 0 0 0
0 0 0 0 1 0 0 0 0 0 0 0 0 0 0 0 1 0 0 0 0 0
0 0 0 0 0 0 1 0 0 0 0 0 1 0 0 0 0 0 0 0 0 0
0 0 0 0 0 0 0 0 1 0 0 0 0 0 0 0 0 0 0 0 0 0
0 0 0 0 0 0 0 0 0 0 0 0 0 0 0 0 0 0 0 0 0 0
0 0 0 0 1 1 1 1 1 1 1 1 1 1 1 1 1 0 0 0 0 0
0 0 0 0 1 1 1 1 1 1 1 1 1 1 1 1 1 0 0 0 0 0
0 0 0 0 1 1 1 1 1 1 1 1 1 1 1 1 1 0 0 0 0 0
0 0 0 0 1 1 1 1 1 1 1 1 1 1 1 1 1 0 0 0 0 0
0 0 0 0 1 1 1 1 1 1 1 1 1 1 1 1 1 0 0 0 0 0
0 0 0 0 0 0 1 0 1 1 1 1 1 0 0 0 0 0 0 0 0 0
0 0 0 0 0 0 0 0 0 0 0 0 0 0 0 0 0 0 0 0 0 0
0 0 0 0 0 0 0 0 0 0 0 0 0 0 0 0 0 0 0 0 0 0

y
0.0 0.0 0.0 0.0 0.0 0.0 0.0 0.0 0.0 1.2857142857142858 0.0 0.0 0.0 2.0 0.0 0.0 0.0 0.0 0.0 0.0 0.0 0.0 0.0 0.0 0.0 0.0 0.0 0.0 0.0 0.0 0.0 0.0 0.52 0.0 0.0 0.0 0.0

k
0 3 0 0 0 1 0 0 0 6 0 0 3 1 2 0 0 0 1 0 0 2 0 1 2 0 1 0 6 0 0 0 13 0 7 13 2

f
4.2000000000001005 4.200000000000005 0.0 0.0 0.0 0.0 0.0 0.0 0.0 0.0 0.0 0.0 4.199999999999973 0.0 0.0 0.0 0.0 0.0 0.0 0.0 0.0 0.0
0.0 0.0 0.0 0.0 0.0 0.0 0.0 0.0 0.0 0.0 0.0 0.0 0.0 0.0 0.0 0.0 0.0 0.0 0.0 0.0 0.0 0.0
0.0 0.0 0.0 0.0 0.0 0.0 0.0 0.0 0.0 0.0 0.0 0.0 0.0 0.0 0.0 0.0 0.0 0.0 0.0 0.0 0.0 0.0
0.8999999999998836 7.649999999999665 0.0 4.049999999999568 2.6999999999989237 0.0 0.0 0.0 0.0 0.0 3.599999999999371 3.5999999999990466 0.0 0.0 0.0 0.0 0.0 0.0 0.0 0.0 0.0 0.0

L
4 0 4 5 2 6 5 0 0 3 12 0 0 8 0 0 2 0 2 0 6 0 0 6 0 12 6 0 0 1 1 1 1 1 1 0 0

g
0 0 0 0 0 0 0 0 0 0 0 0 0 0 0 0 0 0 0 0 0 0
0 0 0 0 0 0 0 0 0 0 0 0 0 0 0 0 0 0 0 0 0 0
0 0 0 0 0 0 0 0 0 0 0 0 0 0 0 0 0 0 0 0 0 0
0 0 0 0 0 0 0 0 0 0 0 0 0 0 0 0 0 0 0 0 0 0
0 0 0 0 0 0 0 0 0 0 0 0 0 0 0 0 0 0 0 0 0 0
0 0 0 0 0 0 0 0 0 0 0 0 0 0 0 0 0 0 0 0 0 0
0 0 0 0 0 0 0 0 0 0 0 0 0 0 0 0 0 0 0 0 0 0
0 0 0 0 0 0 0 0 0 0 0 0 0 0 0 0 0 0 0 0 0 0
0 0 0 0 0 0 0 0 0 0 0 0 0 0 0 0 0 0 0 0 0 0
0 0 0 0 0 0 0 0 0 0 0 0 0 0 0 0 0 0 0 0 0 0
0 0 0 0 0 0 0 0 0 0 0 0 0 0 0 0 0 0 0 0 0 0
0 0 0 0 0 0 0 0 0 0 0 0 0 0 0 0 0 0 0 0 0 0
0 0 0 0 0 0 0 0 0 0 0 0 0 0 0 0 0 0 0 0 0 0
0 0 0 0 0 0 0 0 0 0 0 0 0 0 0 0 0 0 0 0 0 0
0 0 0 0 0 0 0 0 0 0 0 0 0 0 0 0 0 0 0 0 0 0
0 0 0 0 0 0 0 0 0 0 0 0 0 0 0 0 0 0 0 0 0 0
0 0 0 0 0 0 0 0 0 0 0 0 0 0 0 0 0 0 0 0 0 0
0 0 0 0 0 0 0 0 0 0 0 0 0 0 0 0 0 0 0 0 0 0
0 0 0 0 0 0 0 0 0 0 0 0 0 0 0 0 0 0 0 0 0 0
0 0 0 0 0 0 0 0 0 0 0 0 0 0 0 0 0 0 0 0 0 0
0 0 0 0 0 0 0 0 0 0 0 0 0 0 0 0 0 0 0 0 0 0
0 0 0 0 0 0 0 0 0 0 0 0 0 0 0 0 0 0 0 0 0 0
0 0 0 0 0 0 0 0 0 0 0 0 0 0 0 0 0 0 0 0 0 0
0 0 0 0 0 0 0 0 0 0 0 0 0 0 0 0 0 0 0 0 0 0
0 0 0 0 0 0 0 0 0 0 0 0 0 0 0 0 0 0 0 0 0 0
0 0 0 0 0 0 0 0 0 0 0 0 0 0 0 0 0 0 0 0 0 0
0 0 0 0 0 0 0 0 0 0 0 0 0 0 0 0 0 0 0 0 0 0
0 0 0 0 0 0 0 0 0 0 0 0 0 0 0 0 0 0 0 0 0 0
0 0 0 0 0 0 0 0 0 0 0 0 0 0 0 0 0 0 0 0 0 0
0 0 0 0 0 0 0 0 0 0 0 0 0 0 0 0 0 0 0 0 0 0
0 0 0 0 0 0 0 0 0 0 0 0 0 0 0 0 0 0 0 0 0 0
0 0 0 0 0 0 0 0 0 0 0 0 0 0 0 0 0 0 0 0 0 0
0 0 0 0 0 0 0 0 0 0 0 0 0 0 0 0 0 0 0 0 0 0
0 0 0 0 0 0 0 0 0 0 0 0 0 0 0 0 0 0 0 0 0 0
0 0 0 0 0 0 0 0 0 0 0 0 0 0 0 0 0 0 0 0 0 0
0 0 0 0 0 0 0 0 0 0 0 0 0 0 0 0 0 0 0 0 0 0
0 0 0 0 0 0 0 0 0 0 0 0 0 0 0 0 0 0 0 0 0 0

I cap
1058.909090909091 1058.909090909091 955.9490909091484 911.8490909091647 727.559999999973 843.179999999961 502.9200000001349 1003.2200000000444 509.49999999993946 578.3199999999572 561.1800000000619 658.120000000051 505.5399999999354 698.1999999999405 507.1200000000922 781.1490909091997 542.1090909090522 704.0690909090283 746.4490909091182 963.149090909091 1058.909090909091 1058.909090909091
107.96969696969697 107.96969696969697 104.52969696969697 103.62969696969697 66.23999999999977 76.81999999999998 17.08000000000019 57.779999999999944 8.499999999999819 58.67999999999911 32.81999999999975 38.87999999999976 52.4599999999993 43.79999999999988 79.87999999999957 87.72969696969653 21.76969696969733 47.80969696969535 51.42969696969695 95.72969696969697 107.96969696969697 107.96969696969697
38.96666666666666 38.96666666666666 14.033333333333328 14.033333333333328 6.30000000000001 20.333333333333336 12.633333333333333 31.5 25.900000000000006 32.2 2.133333333333331 7.733333333333336 2.833333333333334 16.725000000000005 11.825 12.291666666666668 4.625000000000005 17.299999999999997 24.300000000000004 38.96666666666666 38.96666666666666 38.96666666666666
45.24545454545453 45.24545454545453 44.615454545454526 38.66545454545452 16.610000000000493 27.160000000000256 22.180000000000746 25.19000000000065 15.69000000000041 22.110000000000635 22.730000000000473 18.600000000000502 14.38000000000074 13.0500000000007 9.010000000000481 28.705454545454938 31.745454545455715 38.24545454545452 39.585454545454525 44.615454545454526 45.24545454545453 45.24545454545453
20.999999999999993 20.999999999999993 20.789999999999992 20.43999999999999 5.6400000000000095 13.459999999999965 6.959999999999853 10.869999999999884 4.600000000000028 3.2900000000000493 9.19999999999992 11.760000000000034 8.530000000000081 10.650000000000063 4.459999999999939 9.939999999999955 8.209999999999965 11.079999999999984 14.870000000000015 20.789999999999992 20.999999999999993 20.999999999999993
345.75757575757575 345.75757575757575 341.76757575757574 268.8263992869875 133.2394117647059 161.94000000000108 193.64999999999793 165.94999999999933 174.34000000000194 220.84000000000157 179.57999999999979 179.0499999999993 232.81000000000304 220.4400000000041 173.20000000000064 192.87757575757345 221.10875222816605 242.76816399287142 295.3475757575757 341.76757575757574 345.75757575757575 345.75757575757575
779.7575757575758 779.7575757575758 764.8475757575758 651.6975757575758 371.3300000000047 527.190000000002 548.6500000000011 595.48 620.2200000000001 593.749999999997 608.7400000000005 685.5899999999975 587.66 588.7699999999975 530.190000000001 514.6775757575738 565.6775757575764 630.0375757575766 668.2575757575758 764.8475757575758 779.7575757575758 779.7575757575758
80.73333333333335 80.73333333333335 80.10333333333335 79.40333333333335 59.51666666666647 78.54 66.16 75.19000000000001 71.05999999999997 77.1 70.26000000000005 79.21 84.10999999999999 84.57999999999998 75.23 67.07333333333321 66.34333333333335 71.86666666666669 76.17333333333335 80.10333333333335 80.73333333333335 80.73333333333335
10.775757575757575 10.775757575757575 10.775757575757575 5.175757575757574 1.4000000000000021 4.550000000000008 0.34999999999997433 1.5000000000000018 0.7499999999999902 2.0500000000000007 2.450000000000018 3.450000000000003 1.0500000000000211 1.2499999999999893 2.169999999999999 0.15575757575757088 0.15575757575756288 0.15575757575757443 4.385757575757574 10.775757575757575 10.775757575757575 10.775757575757575
2.545454545454545 2.545454545454545 1.915454545454545 1.915454545454545 1.96 0.5599999999999999 0.5500000000000063 0.12000000000000077 1.2400000000001152 1.2600000000000007 1.540000000000001 0.1399999999999999 0.5599999999999999 1.2600000000000002 0.8400000000000002 0.38545454545454605 0.2654545454545465 0.8654545454545487 1.1954545454546603 1.915454545454545 2.545454545454545 2.545454545454545
8.515433299825174 8.515433299825174 8.515433299825174 7.807629307084637 4.187754655172407 4.696566896551598 4.5123861206896425 6.521445517241094 7.1102272413785075 5.739615948275541 6.105982413792471 6.958996724137476 5.742935172413335 5.193464310344822 5.702262672413711 5.6104036206896115 5.525635027223201 6.505567988505746 6.285647758620689 7.463446120689655 7.546136159874608 8.31123
700.0 700.0 699.0 696.0 683.0 688.0 681.0 689.0 681.0 683.0 677.0 680.0 681.0 691.0 680.0 683.0 675.0 682.0 691.0 693.0 700.0 698.0

H cap
-4.2000000000001005 -4.200000000000005 46.199999999999974 36.749999999999886 5.249999999999872 5.249999999999902 5.249999999999902 5.24999999999989 8.399999999999935 8.39999999999985 52.49999999999997 52.49999999999993 -4.199999999999973 5.249999999999902 131.25 131.25 131.25 131.25 131.25 131.25 131.25 131.25
25.50000000000026 12.000000000000451 8.400000000000706 3.9000000000006416 9.750000000000629 9.30000000000047 7.050000000000316 7.500000000000306 5.2500000000003695 9.75000000000065 12.450000000000603 12.450000000000795 7.950000000000432 21.450000000000482 52.5 52.5 52.5 52.5 52.5 52.5 52.5 52.5
37.80000000000001 37.80000000000001 53.550000000000004 50.400000000000006 44.10000000000001 44.10000000000001 44.10000000000001 47.25000000000001 50.400000000000006 47.25000000000001 44.10000000000001 44.10000000000001 40.95000000000001 44.10000000000001 63.0 63.0 63.0 63.0 63.0 63.0 63.0 63.0
-0.8999999999998836 -7.649999999999665 4.500000000000528 -4.049999999999568 -2.6999999999989237 1.013855666087693e-12 3.1500000000008583 6.750000000000847 2.2500000000010316 2.250000000001238 -3.599999999999371 -3.5999999999990466 0.9000000000005284 9.900000000000542 78.75 78.75 78.75 78.75 78.75 78.75 78.75 78.75

Gap
NaN

Time
NaN

