T P M C
22 37 4 12

base obj
11.210164835164834

exp obj
12.824290293040292

Objective struct
11.210164835164834 0.0 17.666666666666664

num campaigns
121

x
0 0 0 0 1 0 0 0 1 0 0 0 1 0 0 0 1 0 0 0 0 0
0 0 0 0 1 0 0 0 0 0 0 0 0 0 0 0 0 0 0 0 0 0
0 0 0 0 0 0 1 0 0 0 1 0 0 0 0 0 1 0 0 0 0 0
0 0 0 0 1 0 0 0 0 0 1 0 0 0 0 0 1 0 0 0 0 0
0 0 0 0 1 0 1 0 1 0 1 0 0 1 0 0 0 0 0 0 0 0
0 0 0 0 0 0 0 0 1 0 0 0 0 0 1 0 0 0 0 0 0 0
0 0 0 0 1 0 0 0 1 0 0 0 1 0 0 0 0 0 0 0 0 0
0 0 0 0 0 0 0 0 0 0 1 0 0 0 0 0 0 0 0 0 0 0
0 0 0 0 0 0 0 0 0 0 0 0 0 0 0 0 1 0 0 0 0 0
0 0 0 0 0 0 0 0 1 0 1 0 1 0 0 0 0 0 0 0 0 0
0 0 0 0 1 0 0 0 0 0 0 0 0 0 0 0 1 0 0 0 0 0
0 0 0 0 0 0 1 0 0 0 0 0 0 0 0 0 0 0 0 0 0 0
0 0 0 0 0 0 0 0 0 0 0 0 0 0 0 0 0 0 0 0 0 0
0 0 0 0 1 0 0 0 0 0 1 0 0 0 0 0 0 0 0 0 0 0
0 0 0 0 0 0 0 0 0 0 0 0 0 0 0 0 0 0 0 0 0 0
0 0 0 0 0 0 1 0 0 0 0 0 0 0 0 0 0 0 0 0 0 0
0 0 0 0 0 0 0 0 0 0 0 0 0 0 1 0 1 0 0 0 0 0
0 0 0 0 0 0 0 0 0 0 0 0 0 0 1 0 0 0 0 0 0 0
0 0 0 0 1 0 1 0 1 0 1 0 0 1 0 1 0 0 0 0 0 0
0 0 0 0 0 0 0 0 0 1 0 0 0 0 0 0 0 0 0 0 0 0
0 0 0 0 1 0 0 0 0 0 1 0 0 0 0 0 1 0 0 0 0 0
0 0 0 0 0 0 0 0 0 0 0 0 0 0 0 0 0 0 0 0 0 0
0 0 0 0 0 0 0 0 0 0 0 0 1 0 0 0 0 0 0 0 0 0
0 0 0 0 0 0 1 0 0 0 0 0 0 0 1 0 0 0 0 0 0 0
0 0 0 0 0 0 0 0 0 0 0 0 0 0 0 0 0 0 0 0 0 0
0 0 0 0 1 0 0 0 0 0 0 0 0 0 0 0 1 0 0 0 0 0
0 0 0 0 0 0 0 1 0 0 0 0 1 0 0 0 0 0 0 0 0 0
0 0 0 0 0 0 1 0 0 0 0 0 0 0 0 0 0 0 0 0 0 0
0 0 0 0 0 0 0 0 0 0 0 0 0 0 0 0 0 0 0 0 0 0
0 0 0 0 1 1 1 1 1 1 1 1 1 1 1 1 1 0 0 0 0 0
0 0 0 0 1 1 1 1 1 1 1 1 1 1 1 1 1 0 0 0 0 0
0 0 0 0 1 1 1 1 1 1 1 1 1 1 1 1 1 0 0 0 0 0
0 0 0 0 1 1 0 1 1 1 1 1 0 1 1 1 1 0 0 0 0 0
0 0 0 0 1 1 1 1 1 1 1 1 1 1 1 1 1 0 0 0 0 0
0 0 0 0 1 0 0 0 0 1 1 1 1 0 0 0 0 0 0 0 0 0
0 0 0 0 0 0 0 0 0 0 0 0 0 0 0 0 0 0 0 0 0 0
0 0 0 0 0 0 0 0 0 0 0 0 0 0 0 0 0 0 0 0 0 0

y
0.0 0.0 0.0 0.0 0.0 0.0 0.0 0.0 0.0 0.2857142857142858 0.0 0.0 0.0 0.0 0.0 0.0 0.0 0.0 0.0 0.0 0.0 0.0 0.0 2.0 0.0 0.0 0.0 0.0 0.0 0.0 0.0 0.0 0.52 0.0 0.0 0.0 0.0

k
0 2 1 0 0 1 0 0 0 5 0 0 3 1 2 0 0 0 1 0 0 2 0 1 2 0 1 0 6 0 0 0 15 0 8 13 2

f
4.199999999999987 4.200000000000015 0.0 0.0 1.0500000000000398 0.0 0.0 0.0 0.0 1.050000000000038 0.0 0.0 4.2000000000000455 0.0 0.0 0.0 0.0 0.0 0.0 0.0 0.0 0.0
0.0 0.0 0.0 0.0 0.0 0.0 0.0 0.0 0.0 0.0 0.0 0.0 0.0 0.0 0.0 0.0 0.0 0.0 0.0 0.0 0.0 0.0
0.0 0.0 0.0 0.0 0.0 0.0 0.0 0.0 0.0 0.0 0.0 0.0 0.0 0.0 0.0 0.0 0.0 0.0 0.0 0.0 0.0 0.0
0.0 2.2499999999999196 0.4499999999999025 8.099999999999815 0.0 0.0 2.6999999999998128 0.0 2.2499999999996554 5.3999999999998245 0.4499999999997506 0.0 2.699999999999818 0.0 0.0 0.0 0.0 0.0 0.0 0.0 0.0 0.0

L
4 0 4 6 2 6 4 0 0 2 12 0 0 6 0 0 2 0 2 0 6 0 0 8 0 12 5 0 0 1 1 1 1 1 1 0 0

g
0 0 0 0 0 0 0 0 0 0 0 0 0 0 0 0 0 0 0 0 0 0
0 0 0 0 0 0 0 0 0 0 0 0 0 0 0 0 0 0 0 0 0 0
0 0 0 0 0 0 0 0 0 0 0 0 0 0 0 0 0 0 0 0 0 0
0 0 0 0 0 0 0 0 0 0 0 0 0 0 0 0 0 0 0 0 0 0
0 0 0 0 0 0 0 0 0 0 0 0 0 0 0 0 0 0 0 0 0 0
0 0 0 0 0 0 0 0 0 0 0 0 0 0 0 0 0 0 0 0 0 0
0 0 0 0 0 0 0 0 0 0 0 0 0 0 0 0 0 0 0 0 0 0
0 0 0 0 0 0 0 0 0 0 0 0 0 0 0 0 0 0 0 0 0 0
0 0 0 0 0 0 0 0 0 0 0 0 0 0 0 0 0 0 0 0 0 0
0 0 0 0 0 0 0 0 0 0 0 0 0 0 0 0 0 0 0 0 0 0
0 0 0 0 0 0 0 0 0 0 0 0 0 0 0 0 0 0 0 0 0 0
0 0 0 0 0 0 0 0 0 0 0 0 0 0 0 0 0 0 0 0 0 0
0 0 0 0 0 0 0 0 0 0 0 0 0 0 0 0 0 0 0 0 0 0
0 0 0 0 0 0 0 0 0 0 0 0 0 0 0 0 0 0 0 0 0 0
0 0 0 0 0 0 0 0 0 0 0 0 0 0 0 0 0 0 0 0 0 0
0 0 0 0 0 0 0 0 0 0 0 0 0 0 0 0 0 0 0 0 0 0
0 0 0 0 0 0 0 0 0 0 0 0 0 0 0 0 0 0 0 0 0 0
0 0 0 0 0 0 0 0 0 0 0 0 0 0 0 0 0 0 0 0 0 0
0 0 0 0 0 0 0 0 0 0 0 0 0 0 0 0 0 0 0 0 0 0
0 0 0 0 0 0 0 0 0 0 0 0 0 0 0 0 0 0 0 0 0 0
0 0 0 0 0 0 0 0 0 0 0 0 0 0 0 0 0 0 0 0 0 0
0 0 0 0 0 0 0 0 0 0 0 0 0 0 0 0 0 0 0 0 0 0
0 0 0 0 0 0 0 0 0 0 0 0 0 0 0 0 0 0 0 0 0 0
0 0 0 0 0 0 0 0 0 0 0 0 0 0 0 0 0 0 0 0 0 0
0 0 0 0 0 0 0 0 0 0 0 0 0 0 0 0 0 0 0 0 0 0
0 0 0 0 0 0 0 0 0 0 0 0 0 0 0 0 0 0 0 0 0 0
0 0 0 0 0 0 0 0 0 0 0 0 0 0 0 0 0 0 0 0 0 0
0 0 0 0 0 0 0 0 0 0 0 0 0 0 0 0 0 0 0 0 0 0
0 0 0 0 0 0 0 0 0 0 0 0 0 0 0 0 0 0 0 0 0 0
0 0 0 0 0 0 0 0 0 0 0 0 0 0 0 0 0 0 0 0 0 0
0 0 0 0 0 0 0 0 0 0 0 0 0 0 0 0 0 0 0 0 0 0
0 0 0 0 0 0 0 0 0 0 0 0 0 0 0 0 0 0 0 0 0 0
0 0 0 0 0 0 0 0 0 0 0 0 0 0 0 0 0 0 0 0 0 0
0 0 0 0 0 0 0 0 0 0 0 0 0 0 0 0 0 0 0 0 0 0
0 0 0 0 0 0 0 0 0 0 0 0 0 0 0 0 0 0 0 0 0 0
0 0 0 0 0 0 0 0 0 0 0 0 0 0 0 0 0 0 0 0 0 0
0 0 0 0 0 0 0 0 0 0 0 0 0 0 0 0 0 0 0 0 0 0

I cap
1058.909090909091 1058.909090909091 976.3490909091026 929.3490909091054 638.1000000000051 831.9599999999971 640.4800000000221 854.1000000000142 297.4999999999923 766.6999999999933 410.8200000000211 611.3400000000179 563.899999999982 802.2599999999863 727.2600000000252 760.0290909091179 450.70909090907486 661.8290909090781 746.4490909090969 963.149090909091 1058.909090909091 1058.909090909091
107.96969696969697 107.96969696969697 104.52969696969697 104.52969696969697 67.89999999999984 86.04 32.52000000000004 69.49999999999984 0.09999999999995346 57.09999999999968 17.179999999999957 34.660000000000025 24.099999999999664 26.73999999999995 103.73999999999984 86.84969696969682 8.169696969697217 46.049696969696434 51.42969696969694 95.72969696969697 107.96969696969697 107.96969696969697
38.96666666666666 38.96666666666666 38.96666666666666 38.96666666666666 22.433333333333344 20.333333333333336 12.633333333333333 6.566666666666666 0.9666666666666721 16.06666666666667 2.133333333333331 7.733333333333336 2.833333333333334 16.725000000000005 11.825 12.291666666666668 4.625000000000005 17.299999999999997 24.299999999999997 38.96666666666666 38.96666666666666 38.96666666666666
45.24545454545453 45.24545454545453 44.615454545454526 37.82545454545452 19.460000000000086 31.020000000000042 25.600000000000314 26.44000000000022 15.310000000000143 23.040000000000177 18.450000000000085 13.120000000000172 13.970000000000189 14.660000000000103 14.080000000000133 28.705454545454597 27.46545454545478 36.96545454545452 39.585454545454525 44.615454545454526 45.24545454545453 45.24545454545453
20.999999999999993 20.999999999999993 20.789999999999992 20.43999999999999 8.320000000000002 16.819999999999986 8.239999999999936 9.139999999999954 4.259999999999982 7.760000000000011 6.159999999999936 7.759999999999987 8.820000000000022 13.359999999999985 8.899999999999972 9.939999999999998 5.1699999999999875 10.439999999999984 14.870000000000001 20.789999999999992 20.999999999999993 20.999999999999993
345.75757575757575 345.75757575757575 341.76757575757574 301.6863992869875 186.3594117647059 165.79000000000008 173.76000000000033 155.77999999999997 159.7400000000004 181.70999999999984 172.97999999999976 169.81000000000003 206.74000000000186 195.71000000000055 187.16999999999985 192.87757575757544 214.5087522281641 242.76816399287006 295.3475757575757 341.76757575757574 345.75757575757575 345.75757575757575
779.7575757575758 779.7575757575758 764.8475757575758 654.5975757575758 447.17000000000064 655.7200000000005 646.3600000000007 544.9100000000001 572.9899999999999 670.2499999999991 534.0599999999996 671.1799999999998 703.8900000000002 679.3499999999993 599.5 514.6775757575742 490.9975757575768 601.5575757575757 668.2575757575758 764.8475757575758 779.7575757575758 779.7575757575758
80.73333333333335 80.73333333333335 80.10333333333335 79.40333333333335 61.52666666666663 81.06 69.36 75.26 69.75999999999998 80.12999999999998 66.86 75.09 86.32 87.40999999999997 77.44 67.07333333333337 62.94333333333335 70.2666666666667 76.17333333333335 80.10333333333335 80.73333333333335 80.73333333333335
10.775757575757575 10.775757575757575 10.775757575757575 9.515757575757576 4.450000000000002 0.8899999999999979 1.5899999999999963 1.450000000000001 0.8000000000000052 0.05000000000000071 2.450000000000009 3.4499999999999993 1.0500000000000052 1.2500000000000036 2.1700000000000026 0.15575757575757798 0.15575757575757265 0.1557575757575762 4.385757575757576 10.775757575757575 10.775757575757575 10.775757575757575
2.545454545454545 2.545454545454545 1.915454545454545 0.6554545454545452 1.21 0.04999999999999993 0.04000000000001225 0.12000000000000033 1.2400000000000224 1.2600000000000002 1.54 0.1399999999999999 0.5599999999999999 1.2600000000000002 0.8400000000000002 0.3854545454545456 0.26545454545454594 0.8654545454545451 1.1954545454545684 1.915454545454545 2.545454545454545 2.545454545454545
8.515433299825174 8.515433299825174 8.515433299825174 7.807629307084678 3.5670651724137894 4.758635862068933 4.405489568965509 6.4421349999999125 7.3722962068962445 6.687891637930906 5.7611549999997695 6.269341551723971 6.777417931034339 4.848636724137928 6.39191784482757 5.955231206896531 5.525635027223204 5.815912816091952 6.285647758620689 7.463446120689655 7.546136159874608 8.31123
700.0 700.0 700.0 698.0 683.0 686.0 677.0 685.0 680.0 686.0 679.0 683.0 679.0 684.0 680.0 684.0 678.0 683.0 690.0 692.0 700.0 698.0

H cap
-4.199999999999987 -4.200000000000015 20.999999999999957 5.249999999999957 -1.0500000000000398 5.249999999999972 17.849999999999945 27.29999999999994 17.849999999999966 -1.050000000000038 30.44999999999999 39.89999999999999 -4.2000000000000455 5.249999999999957 131.25 131.25 131.25 131.25 131.25 131.25 131.25 131.25
16.950000000000095 3.450000000000153 19.65000000000027 16.950000000000227 8.400000000000162 8.400000000000116 0.3000000000001508 0.3000000000000993 9.300000000000097 10.200000000000102 17.400000000000137 19.20000000000028 7.500000000000085 21.00000000000013 52.5 52.5 52.5 52.5 52.5 52.5 52.5 52.5
40.95000000000001 40.95000000000001 47.25000000000001 44.10000000000001 47.25000000000001 47.25000000000001 40.95000000000001 44.10000000000001 50.400000000000006 44.10000000000001 47.25000000000001 50.400000000000006 37.80000000000001 40.95000000000001 63.0 63.0 63.0 63.0 63.0 63.0 63.0 63.0
4.500000000000119 -2.2499999999999196 -0.4499999999999025 -8.099999999999815 4.050000000000246 3.6000000000003567 -2.6999999999998128 4.05000000000021 -2.2499999999996554 -5.3999999999998245 -0.4499999999997506 1.8000000000001855 -2.699999999999818 6.299999999999926 78.75 78.75 78.75 78.75 78.75 78.75 78.75 78.75

Gap
NaN

Time
NaN

