T P M C
22 37 4 12

base obj
11.280677655677655

exp obj
12.793841575091575

Objective struct
11.280677655677655 0.0 17.333333333333336

num campaigns
118

x
0 0 0 0 1 0 0 0 1 0 0 0 1 0 0 0 1 0 0 0 0 0
0 0 0 0 1 0 0 0 0 0 0 0 0 0 0 0 0 0 0 0 0 0
0 0 0 0 0 0 0 0 1 0 0 0 0 0 1 0 0 0 0 0 0 0
0 0 0 0 1 0 0 0 0 0 1 0 0 0 0 0 1 0 0 0 0 0
0 0 0 0 0 0 1 0 1 0 1 0 1 0 1 0 0 0 0 0 0 0
0 0 0 0 0 0 1 0 0 0 0 0 1 0 0 0 0 0 0 0 0 0
0 0 0 0 1 0 0 0 0 1 0 0 0 0 1 0 0 0 0 0 0 0
0 0 0 0 0 0 0 0 0 0 1 0 0 0 0 0 0 0 0 0 0 0
0 0 0 0 0 0 0 0 0 0 0 0 0 0 0 0 1 0 0 0 0 0
0 0 0 0 0 0 0 0 0 0 1 0 1 0 1 0 0 0 0 0 0 0
0 0 0 0 1 0 0 0 0 0 0 0 0 0 0 0 1 0 0 0 0 0
0 0 0 0 0 0 1 0 0 0 0 0 0 0 0 0 0 0 0 0 0 0
0 0 0 0 0 0 0 0 0 0 0 0 0 0 0 0 0 0 0 0 0 0
0 0 0 0 1 0 0 0 0 0 1 0 0 0 0 0 1 0 0 0 0 0
0 0 0 0 0 0 0 0 0 0 0 0 0 0 0 0 0 0 0 0 0 0
0 0 0 0 0 0 0 0 0 0 1 0 0 0 0 0 0 0 0 0 0 0
0 0 0 0 0 0 0 0 0 0 0 0 0 0 1 0 1 0 0 0 0 0
0 0 0 0 0 0 1 0 0 0 0 0 0 0 0 0 0 0 0 0 0 0
0 0 0 0 1 0 0 1 0 1 0 1 0 1 0 1 0 0 0 0 0 0
0 0 0 0 1 0 0 0 0 0 0 0 0 0 0 0 0 0 0 0 0 0
0 0 0 0 1 0 0 0 0 0 1 0 0 0 0 0 1 0 0 0 0 0
0 0 0 0 0 0 0 0 0 0 0 0 0 0 0 0 0 0 0 0 0 0
0 0 0 0 0 0 0 0 1 0 0 0 0 0 0 0 0 0 0 0 0 0
0 0 0 0 0 0 1 0 0 0 0 0 0 0 1 0 0 0 0 0 0 0
0 0 0 0 0 0 0 0 0 0 0 0 0 0 0 0 0 0 0 0 0 0
0 0 0 0 1 0 0 0 0 0 0 0 0 0 0 0 1 0 0 0 0 0
0 0 0 0 0 0 1 0 0 0 0 0 1 0 0 0 0 0 0 0 0 0
0 0 0 0 0 0 0 0 0 0 0 0 0 0 1 0 0 0 0 0 0 0
0 0 0 0 0 0 0 0 0 0 0 0 0 0 0 0 0 0 0 0 0 0
0 0 0 0 1 1 1 1 1 1 1 1 1 1 1 1 1 0 0 0 0 0
0 0 0 0 1 1 1 1 1 1 1 1 1 1 1 1 1 0 0 0 0 0
0 0 0 0 1 1 1 1 1 1 1 1 1 1 1 1 1 0 0 0 0 0
0 0 0 0 1 0 1 1 1 1 0 1 1 1 1 0 0 0 0 0 0 0
0 0 0 0 1 1 1 1 1 1 1 1 1 1 1 1 1 0 0 0 0 0
0 0 0 0 1 1 1 0 0 0 0 1 0 0 0 0 0 0 0 0 0 0
0 0 0 0 0 0 0 0 0 0 0 0 0 0 0 0 0 0 0 0 0 0
0 0 0 0 0 0 0 0 0 0 0 0 0 0 0 0 0 0 0 0 0 0

y
0.0 0.0 2.0 0.0 0.0 0.0 0.0 0.0 0.0 0.2857142857142858 0.0 0.0 0.0 0.0 0.0 0.0 0.0 0.0 0.0 0.0 0.0 0.0 0.0 2.0 0.0 0.0 0.0 0.0 0.0 0.0 0.0 0.0 0.52 0.0 0.0 0.0 0.0

k
0 2 2 0 0 1 0 0 0 5 0 0 3 0 2 0 0 0 1 0 0 2 0 1 2 0 1 0 6 0 0 0 17 0 9 13 2

f
4.2000000000000295 4.2000000000000295 0.0 0.0 0.0 0.0 4.2000000000001005 0.0 0.0 0.0 0.0 0.0 0.0 0.0 0.0 0.0 0.0 0.0 0.0 0.0 0.0 0.0
0.0 0.0 0.0 0.0 0.0 0.0 0.0 0.0 0.0 0.0 0.0 0.0 0.0 0.0 0.0 0.0 0.0 0.0 0.0 0.0 0.0 0.0
0.0 0.0 0.0 0.0 0.0 0.0 0.0 0.0 0.0 0.0 0.0 0.0 0.0 0.0 0.0 0.0 0.0 0.0 0.0 0.0 0.0 0.0
0.0 6.749999999999867 0.0 1.799999999999847 0.0 0.0 3.1499999999995185 3.599999999999609 0.0 0.0 0.0 0.0 8.099999999999731 0.4499999999998714 0.0 0.0 0.0 0.0 0.0 0.0 0.0 0.0

L
4 0 6 6 2 6 5 0 0 2 12 0 0 6 0 0 2 0 2 0 6 0 0 8 0 12 6 0 0 1 1 1 1 1 1 0 0

g
0 0 0 0 0 0 0 0 0 0 0 0 0 0 0 0 0 0 0 0 0 0
0 0 0 0 0 0 0 0 0 0 0 0 0 0 0 0 0 0 0 0 0 0
0 0 0 0 0 0 0 0 0 0 0 0 0 0 0 0 0 0 0 0 0 0
0 0 0 0 0 0 0 0 0 0 0 0 0 0 0 0 0 0 0 0 0 0
0 0 0 0 0 0 0 0 0 0 0 0 0 0 0 0 0 0 0 0 0 0
0 0 0 0 0 0 0 0 0 0 0 0 0 0 0 0 0 0 0 0 0 0
0 0 0 0 0 0 0 0 0 0 0 0 0 0 0 0 0 0 0 0 0 0
0 0 0 0 0 0 0 0 0 0 0 0 0 0 0 0 0 0 0 0 0 0
0 0 0 0 0 0 0 0 0 0 0 0 0 0 0 0 0 0 0 0 0 0
0 0 0 0 0 0 0 0 0 0 0 0 0 0 0 0 0 0 0 0 0 0
0 0 0 0 0 0 0 0 0 0 0 0 0 0 0 0 0 0 0 0 0 0
0 0 0 0 0 0 0 0 0 0 0 0 0 0 0 0 0 0 0 0 0 0
0 0 0 0 0 0 0 0 0 0 0 0 0 0 0 0 0 0 0 0 0 0
0 0 0 0 0 0 0 0 0 0 0 0 0 0 0 0 0 0 0 0 0 0
0 0 0 0 0 0 0 0 0 0 0 0 0 0 0 0 0 0 0 0 0 0
0 0 0 0 0 0 0 0 0 0 0 0 0 0 0 0 0 0 0 0 0 0
0 0 0 0 0 0 0 0 0 0 0 0 0 0 0 0 0 0 0 0 0 0
0 0 0 0 0 0 0 0 0 0 0 0 0 0 0 0 0 0 0 0 0 0
0 0 0 0 0 0 0 0 0 0 0 0 0 0 0 0 0 0 0 0 0 0
0 0 0 0 0 0 0 0 0 0 0 0 0 0 0 0 0 0 0 0 0 0
0 0 0 0 0 0 0 0 0 0 0 0 0 0 0 0 0 0 0 0 0 0
0 0 0 0 0 0 0 0 0 0 0 0 0 0 0 0 0 0 0 0 0 0
0 0 0 0 0 0 0 0 0 0 0 0 0 0 0 0 0 0 0 0 0 0
0 0 0 0 0 0 0 0 0 0 0 0 0 0 0 0 0 0 0 0 0 0
0 0 0 0 0 0 0 0 0 0 0 0 0 0 0 0 0 0 0 0 0 0
0 0 0 0 0 0 0 0 0 0 0 0 0 0 0 0 0 0 0 0 0 0
0 0 0 0 0 0 0 0 0 0 0 0 0 0 0 0 0 0 0 0 0 0
0 0 0 0 0 0 0 0 0 0 0 0 0 0 0 0 0 0 0 0 0 0
0 0 0 0 0 0 0 0 0 0 0 0 0 0 0 0 0 0 0 0 0 0
0 0 0 0 0 0 0 0 0 0 0 0 0 0 0 0 0 0 0 0 0 0
0 0 0 0 0 0 0 0 0 0 0 0 0 0 0 0 0 0 0 0 0 0
0 0 0 0 0 0 0 0 0 0 0 0 0 0 0 0 0 0 0 0 0 0
0 0 0 0 0 0 0 0 0 0 0 0 0 0 0 0 0 0 0 0 0 0
0 0 0 0 0 0 0 0 0 0 0 0 0 0 0 0 0 0 0 0 0 0
0 0 0 0 0 0 0 0 0 0 0 0 0 0 0 0 0 0 0 0 0 0
0 0 0 0 0 0 0 0 0 0 0 0 0 0 0 0 0 0 0 0 0 0
0 0 0 0 0 0 0 0 0 0 0 0 0 0 0 0 0 0 0 0 0 0

I cap
1058.909090909091 1058.909090909091 955.9490909091294 908.9490909091364 678.8999999999794 929.059999999969 666.1600000000863 1041.0200000000327 619.7999999999597 681.7599999999654 377.7800000000435 708.700000000033 501.25999999995815 739.8999999999655 501.8600000000562 585.349090909157 386.0690909090681 789.5690909090533 828.3490909091026 963.149090909091 1058.909090909091 1058.909090909091
107.96969696969697 107.96969696969697 104.52969696969697 104.52969696969697 67.89999999999971 86.93999999999993 33.840000000000266 82.98000000000012 41.200000000000045 72.23999999999928 16.2199999999998 45.29999999999998 33.739999999999355 24.09999999999984 64.13999999999969 45.529696969696445 5.809696969697128 57.30969696969597 60.52969696969697 95.72969696969697 107.96969696969697 107.96969696969697
38.96666666666666 38.96666666666666 14.033333333333328 14.033333333333328 6.299999999999997 7.658333333333333 6.958333333333334 18.825000000000003 20.22500000000001 25.200000000000003 9.133333333333331 0.7333333333333361 2.833333333333334 22.400000000000006 24.5 24.96666666666667 17.300000000000004 17.300000000000004 24.300000000000004 38.96666666666666 38.96666666666666 38.96666666666666
45.24545454545453 45.24545454545453 44.615454545454526 37.82545454545452 19.46000000000023 31.02000000000021 25.190000000000442 28.160000000000363 19.560000000000425 25.110000000000504 19.730000000000285 18.600000000000303 14.760000000000408 13.380000000000251 9.040000000000212 20.635454545454678 28.74545454545501 42.445454545454524 42.935454545454526 44.615454545454526 45.24545454545453 45.24545454545453
20.999999999999993 20.999999999999993 20.789999999999992 20.43999999999999 8.320000000000004 16.82000000000001 9.639999999999901 11.860000000000026 5.890000000000006 5.689999999999994 6.799999999999935 11.760000000000044 10.220000000000065 12.719999999999963 5.869999999999937 5.290000000000031 5.809999999999958 14.439999999999998 17.550000000000008 20.789999999999992 20.999999999999993 20.999999999999993
345.75757575757575 345.75757575757575 341.76757575757574 301.6863992869875 186.3594117647059 205.79000000000065 220.62999999999877 192.01999999999956 208.31000000000122 187.44000000000102 122.97999999999962 141.54999999999956 191.610000000003 195.7100000000025 153.72999999999928 149.66757575757418 214.50875222816467 252.00816399287166 302.71757575757573 341.76757575757574 345.75757575757575 345.75757575757575
779.7575757575758 779.7575757575758 764.8475757575758 654.5975757575758 525.9200000000019 672.6199999999999 606.8400000000004 597.459999999999 622.7999999999996 684.299999999999 580.7900000000001 653.339999999997 617.9200000000005 650.8699999999982 653.1599999999995 587.4175757575707 580.727575757576 694.717575757576 719.8475757575758 764.8475757575758 779.7575757575758 779.7575757575758
80.73333333333335 80.73333333333335 80.10333333333335 79.40333333333335 61.52666666666651 81.06 68.17 76.18 72.34999999999998 78.89999999999999 68.46000000000002 79.21 85.13 85.80999999999997 76.04 63.26333333333328 64.54333333333331 74.38666666666668 78.18333333333335 80.10333333333335 80.73333333333335 80.73333333333335
10.775757575757575 10.775757575757575 10.775757575757575 9.515757575757576 4.449999999999998 3.289999999999999 0.1899999999999995 1.4999999999999947 3.9499999999999966 2.4499999999999975 1.4500000000000046 0.9999999999999956 1.0999999999999859 4.050000000000005 2.169999999999992 0.15575757575757088 0.15575757575757 0.15575757575757443 4.385757575757576 10.775757575757575 10.775757575757575 10.775757575757575
2.545454545454545 2.545454545454545 1.915454545454545 0.6554545454545451 1.21 0.04999999999999993 0.04000000000000603 0.12000000000000033 1.2400000000000784 1.2600000000000007 1.54 0.1399999999999999 0.5599999999999999 1.2600000000000002 0.8400000000000002 0.38545454545454694 0.26545454545454816 0.8654545454545456 1.1954545454546155 1.915454545454545 2.545454545454545 2.545454545454545
8.515433299825174 8.515433299825174 8.515433299825174 7.807629307084654 4.256720172413782 4.8448427586206115 4.23307577586206 6.866273103448129 7.713675689654773 7.291340258620402 6.968051551723793 6.5348587931031865 6.00500413793083 5.452084999999995 5.7022624999999705 5.610403448275833 5.870462441016313 6.160740402298847 6.285647758620689 7.118618534482758 7.546136159874608 8.31123
700.0 700.0 699.0 696.0 681.0 687.0 678.0 690.0 682.0 682.0 677.0 679.0 682.0 692.0 680.0 679.0 674.0 679.0 688.0 697.0 700.0 695.0

H cap
-4.2000000000000295 -4.2000000000000295 24.149999999999956 14.699999999999951 24.149999999999963 14.699999999999918 -4.2000000000001005 5.249999999999931 8.399999999999933 8.399999999999965 33.60000000000001 33.599999999999994 5.249999999999886 14.699999999999962 131.25 131.25 131.25 131.25 131.25 131.25 131.25 131.25
18.750000000000114 5.250000000000304 14.700000000000493 14.70000000000039 16.950000000000443 15.150000000000329 6.150000000000236 5.250000000000307 7.50000000000029 10.200000000000315 10.650000000000404 13.350000000000467 10.650000000000368 21.450000000000315 52.5 52.5 52.5 52.5 52.5 52.5 52.5 52.5
40.95000000000001 40.95000000000001 50.400000000000006 47.25000000000001 47.25000000000001 47.25000000000001 44.10000000000001 44.10000000000001 47.25000000000001 47.25000000000001 44.10000000000001 44.10000000000001 40.95000000000001 44.10000000000001 63.0 63.0 63.0 63.0 63.0 63.0 63.0 63.0
2.327027459614328e-13 -6.749999999999867 0.45000000000026175 -1.799999999999847 1.8000000000005065 0.9000000000004995 -3.1499999999995185 -3.599999999999609 3.600000000000367 4.950000000000664 1.3500000000003456 2.700000000000408 -8.099999999999731 -0.4499999999998714 78.75 78.75 78.75 78.75 78.75 78.75 78.75 78.75

Gap
NaN

Time
NaN

