T P M C
22 37 4 12

base obj
11.162087912087912

exp obj
12.850732600732602

Objective struct
11.162087912087912 0.0 17.916666666666668

num campaigns
120

x
0 0 0 0 1 0 0 0 1 0 0 0 1 0 0 0 1 0 0 0 0 0
0 0 0 0 1 0 0 0 0 0 0 0 0 0 0 0 0 0 0 0 0 0
0 0 0 0 0 0 1 0 0 0 1 0 0 1 0 0 1 0 0 0 0 0
0 0 0 0 1 0 0 0 0 1 0 0 0 0 1 0 0 0 0 0 0 0
0 0 0 0 0 0 1 0 1 0 1 0 1 0 1 0 0 0 0 0 0 0
0 0 0 0 0 0 0 0 1 0 0 0 0 0 1 0 0 0 0 0 0 0
0 0 0 0 1 0 0 0 0 0 1 0 0 0 0 0 1 0 0 0 0 0
0 0 0 0 0 0 0 0 0 0 0 1 0 0 0 0 0 0 0 0 0 0
0 0 0 0 0 0 0 0 0 0 0 0 0 0 0 0 1 0 0 0 0 0
0 0 0 0 0 0 0 0 1 0 1 0 0 0 0 0 0 0 0 0 0 0
0 0 0 0 1 0 0 0 0 0 0 0 0 0 0 0 1 0 0 0 0 0
0 0 0 0 0 0 1 0 0 0 0 0 0 0 0 0 0 0 0 0 0 0
0 0 0 0 0 0 0 0 0 0 0 0 0 0 0 0 0 0 0 0 0 0
0 0 0 0 1 0 0 0 0 0 0 0 0 0 1 0 0 0 0 0 0 0
0 0 0 0 0 0 0 0 0 0 0 0 0 0 0 0 0 0 0 0 0 0
0 0 0 0 0 0 1 0 0 0 0 0 0 0 0 0 0 0 0 0 0 0
0 0 0 0 0 0 0 0 0 0 0 0 0 0 1 0 1 0 0 0 0 0
0 0 0 0 0 0 0 0 0 0 0 0 0 0 1 0 0 0 0 0 0 0
0 0 0 0 1 0 1 0 1 0 1 0 0 1 0 1 0 0 0 0 0 0
0 0 0 0 1 0 0 0 0 0 0 0 0 0 0 0 0 0 0 0 0 0
0 0 0 0 1 0 0 0 0 0 1 0 0 0 0 0 1 0 0 0 0 0
0 0 0 0 0 0 0 0 0 0 0 0 0 0 0 0 0 0 0 0 0 0
0 0 0 0 0 0 0 0 0 0 1 0 0 0 0 0 0 0 0 0 0 0
0 0 0 0 0 0 1 0 0 0 0 0 1 0 0 0 0 0 0 0 0 0
0 0 0 0 0 0 0 0 0 0 0 0 0 0 0 0 0 0 0 0 0 0
0 0 0 0 1 0 0 0 0 0 0 0 0 0 0 0 1 0 0 0 0 0
0 0 0 0 0 0 0 0 1 0 0 0 1 0 0 0 0 0 0 0 0 0
0 0 0 0 0 0 1 0 0 0 0 0 0 0 0 0 0 0 0 0 0 0
0 0 0 0 0 0 0 0 0 0 0 0 0 0 0 0 0 0 0 0 0 0
0 0 0 0 1 1 1 1 1 1 1 1 1 1 1 1 1 0 0 0 0 0
0 0 0 0 1 1 1 1 1 1 1 1 1 1 1 1 1 0 0 0 0 0
0 0 0 0 0 1 1 1 1 1 1 1 1 1 1 1 1 0 0 0 0 0
0 0 0 0 1 1 1 1 1 1 1 1 1 0 0 1 1 0 0 0 0 0
0 0 0 0 1 1 1 1 1 1 1 1 1 1 1 1 1 0 0 0 0 0
0 0 0 0 1 0 0 1 0 1 0 1 1 0 0 0 0 0 0 0 0 0
0 0 0 0 0 0 0 0 0 0 0 0 0 0 0 0 0 0 0 0 0 0
0 0 0 0 0 0 0 0 0 0 0 0 0 0 0 0 0 0 0 0 0 0

y
0.0 0.0 0.0 0.0 0.0 0.0 0.0 0.0 0.0 0.2857142857142858 0.0 0.0 0.0 4.0 0.0 0.0 0.0 0.0 0.0 0.0 0.0 0.0 0.0 0.0 0.0 0.0 0.0 0.0 0.0 0.0 0.0 0.0 0.52 0.0 0.0 0.0 0.0

k
0 2 0 0 0 1 0 0 0 6 0 0 3 1 2 0 0 0 1 0 0 2 0 1 2 0 1 0 6 0 0 1 15 0 8 13 2

f
4.200000000000058 4.200000000000017 0.0 0.0 0.0 1.050000000000054 0.0 4.200000000000003 0.0 0.0 0.0 0.0 4.20000000000006 0.0 0.0 0.0 0.0 0.0 0.0 0.0 0.0 0.0
0.0 0.0 0.0 0.0 0.0 0.0 0.0 0.0 0.0 0.0 0.0 0.0 0.0 0.0 0.0 0.0 0.0 0.0 0.0 0.0 0.0 0.0
0.0 0.0 0.0 0.0 0.0 0.0 0.0 0.0 0.0 0.0 0.0 0.0 0.0 0.0 0.0 0.0 0.0 0.0 0.0 0.0 0.0 0.0
0.0 5.399999999999993 1.7999999999998573 3.149999999999889 0.0 0.8999999999997645 0.0 1.7999999999998124 0.0 0.0 8.999999999999789 0.44999999999975815 0.0 0.0 0.0 0.0 0.0 0.0 0.0 0.0 0.0 0.0

L
4 0 3 5 2 6 6 0 0 2 12 0 0 10 0 0 2 0 2 0 6 0 0 6 0 12 4 0 0 1 1 1 1 1 1 0 0

g
0 0 0 0 0 0 0 0 0 0 0 0 0 0 0 0 0 0 0 0 0 0
0 0 0 0 0 0 0 0 0 0 0 0 0 0 0 0 0 0 0 0 0 0
0 0 0 0 0 0 0 0 0 0 0 0 0 0 0 0 0 0 0 0 0 0
0 0 0 0 0 0 0 0 0 0 0 0 0 0 0 0 0 0 0 0 0 0
0 0 0 0 0 0 0 0 0 0 0 0 0 0 0 0 0 0 0 0 0 0
0 0 0 0 0 0 0 0 0 0 0 0 0 0 0 0 0 0 0 0 0 0
0 0 0 0 0 0 0 0 0 0 0 0 0 0 0 0 0 0 0 0 0 0
0 0 0 0 0 0 0 0 0 0 0 0 0 0 0 0 0 0 0 0 0 0
0 0 0 0 0 0 0 0 0 0 0 0 0 0 0 0 0 0 0 0 0 0
0 0 0 0 0 0 0 0 0 0 0 0 0 0 0 0 0 0 0 0 0 0
0 0 0 0 0 0 0 0 0 0 0 0 0 0 0 0 0 0 0 0 0 0
0 0 0 0 0 0 0 0 0 0 0 0 0 0 0 0 0 0 0 0 0 0
0 0 0 0 0 0 0 0 0 0 0 0 0 0 0 0 0 0 0 0 0 0
0 0 0 0 0 0 0 0 0 0 0 0 0 0 0 0 0 0 0 0 0 0
0 0 0 0 0 0 0 0 0 0 0 0 0 0 0 0 0 0 0 0 0 0
0 0 0 0 0 0 0 0 0 0 0 0 0 0 0 0 0 0 0 0 0 0
0 0 0 0 0 0 0 0 0 0 0 0 0 0 0 0 0 0 0 0 0 0
0 0 0 0 0 0 0 0 0 0 0 0 0 0 0 0 0 0 0 0 0 0
0 0 0 0 0 0 0 0 0 0 0 0 0 0 0 0 0 0 0 0 0 0
0 0 0 0 0 0 0 0 0 0 0 0 0 0 0 0 0 0 0 0 0 0
0 0 0 0 0 0 0 0 0 0 0 0 0 0 0 0 0 0 0 0 0 0
0 0 0 0 0 0 0 0 0 0 0 0 0 0 0 0 0 0 0 0 0 0
0 0 0 0 0 0 0 0 0 0 0 0 0 0 0 0 0 0 0 0 0 0
0 0 0 0 0 0 0 0 0 0 0 0 0 0 0 0 0 0 0 0 0 0
0 0 0 0 0 0 0 0 0 0 0 0 0 0 0 0 0 0 0 0 0 0
0 0 0 0 0 0 0 0 0 0 0 0 0 0 0 0 0 0 0 0 0 0
0 0 0 0 0 0 0 0 0 0 0 0 0 0 0 0 0 0 0 0 0 0
0 0 0 0 0 0 0 0 0 0 0 0 0 0 0 0 0 0 0 0 0 0
0 0 0 0 0 0 0 0 0 0 0 0 0 0 0 0 0 0 0 0 0 0
0 0 0 0 0 0 0 0 0 0 0 0 0 0 0 0 0 0 0 0 0 0
0 0 0 0 0 0 0 0 0 0 0 0 0 0 0 0 0 0 0 0 0 0
0 0 0 0 0 0 0 0 0 0 0 0 0 0 0 0 0 0 0 0 0 0
0 0 0 0 0 0 0 0 0 0 0 0 0 0 0 0 0 0 0 0 0 0
0 0 0 0 0 0 0 0 0 0 0 0 0 0 0 0 0 0 0 0 0 0
0 0 0 0 0 0 0 0 0 0 0 0 0 0 0 0 0 0 0 0 0 0
0 0 0 0 0 0 0 0 0 0 0 0 0 0 0 0 0 0 0 0 0 0
0 0 0 0 0 0 0 0 0 0 0 0 0 0 0 0 0 0 0 0 0 0

I cap
1058.909090909091 1058.909090909091 955.9490909090982 908.9490909090989 678.9000000000156 884.9600000000104 693.4799999999943 969.5000000000031 388.3600000000122 617.9000000000035 456.35999999999547 599.3400000000108 628.6600000000069 781.1599999999901 390.7599999999961 678.1290909091115 478.7490909090948 661.8290909090824 746.4490909091016 963.149090909091 1058.909090909091 1058.909090909091
107.96969696969697 107.96969696969697 104.52969696969697 104.52969696969697 67.90000000000003 86.04000000000009 32.51999999999985 74.49999999999996 41.64000000000012 39.09999999999978 37.63999999999974 22.66000000000004 56.33999999999982 46.83999999999989 41.23999999999975 77.74969696969671 19.12969696969703 46.049696969696924 51.42969696969695 95.72969696969697 107.96969696969697 107.96969696969697
38.96666666666666 38.96666666666666 14.033333333333328 14.033333333333328 6.299999999999995 20.333333333333336 12.633333333333333 31.5 25.900000000000006 32.2 2.133333333333331 7.733333333333336 2.833333333333334 16.725 11.825 12.29166666666666 4.625000000000005 17.299999999999997 24.299999999999997 38.96666666666666 38.96666666666666 38.96666666666666
45.24545454545453 45.24545454545453 44.615454545454526 37.82545454545452 19.460000000000115 31.02000000000012 25.600000000000197 27.64000000000018 17.980000000000153 20.040000000000184 19.470000000000166 12.700000000000202 16.94000000000027 15.040000000000203 5.550000000000085 25.35545454545466 30.46545454545476 36.96545454545452 39.585454545454525 44.615454545454526 45.24545454545453 45.24545454545453
20.999999999999993 20.999999999999993 20.789999999999992 20.43999999999999 8.319999999999995 16.820000000000014 8.239999999999972 9.13999999999998 4.889999999999999 5.360000000000028 8.73999999999999 7.580000000000024 9.810000000000008 11.909999999999993 2.5699999999999927 7.259999999999991 7.56999999999999 10.43999999999999 14.869999999999994 20.789999999999992 20.999999999999993 20.999999999999993
345.75757575757575 345.75757575757575 341.76757575757574 334.62757575757576 209.88882352941178 189.31941176470588 173.76000000000087 166.27999999999955 170.24000000000046 175.1100000000002 158.58000000000044 169.81000000000003 232.80999999999975 222.31000000000137 171.3300000000003 185.50757575757524 221.10875222816435 242.76816399287006 295.3475757575757 341.76757575757574 345.75757575757575 345.75757575757575
779.7575757575758 779.7575757575758 764.8475757575758 654.5975757575758 447.1700000000013 576.9699999999997 585.1100000000002 560.8099999999994 605.9000000000004 624.0499999999998 553.3199999999996 587.5699999999995 723.369999999999 768.7199999999991 534.4800000000002 463.087575757575 537.1975757575757 601.557575757575 668.2575757575758 764.8475757575758 779.7575757575758 779.7575757575758
80.73333333333335 80.73333333333335 80.10333333333335 79.40333333333335 61.526666666666614 81.06 69.36 75.26 70.59999999999998 78.32999999999998 68.9 74.85000000000001 87.30999999999999 86.60999999999997 72.36 65.06333333333322 64.74333333333334 70.2666666666667 76.17333333333335 80.10333333333335 80.73333333333335 80.73333333333335
10.775757575757575 10.775757575757575 10.775757575757575 9.515757575757576 4.4499999999999975 0.8900000000000015 1.5899999999999892 0.6500000000000012 1.450000000000001 0.05000000000000071 1.150000000000004 5.949999999999992 1.0499999999999927 1.1500000000000012 1.2199999999999989 0.15575757575757443 0.1557575757575771 0.15575757575757443 4.385757575757574 10.775757575757575 10.775757575757575 10.775757575757575
2.545454545454545 2.545454545454545 1.915454545454545 0.6554545454545451 1.21 0.04999999999999993 0.04000000000003112 0.12000000000000033 1.2400000000000118 1.2600000000000002 1.540000000000008 0.1399999999999999 0.5599999999999999 1.2600000000000002 0.8400000000000002 0.38545454545454516 0.2654545454545455 0.8654545454545562 1.1954545454545658 1.915454545454545 2.545454545454545 2.545454545454545
8.515433299825174 8.515433299825174 8.515433299825174 7.807629307084683 4.05557074712643 4.8735783908045525 4.405489568965515 6.1835144827585395 7.113675517241123 6.343064224137763 6.364603103448022 6.527962241379175 6.43259034482748 5.538291896551721 5.702262672413752 5.610403620689645 5.525635027223206 6.505567988505737 6.285647758620689 7.463446120689655 7.546136159874608 8.31123
700.0 700.0 699.0 696.0 681.0 687.0 678.0 688.0 682.0 688.0 677.0 683.0 681.0 683.0 677.0 686.0 678.0 685.0 690.0 689.0 700.0 698.0

H cap
-4.200000000000058 -4.200000000000017 20.999999999999957 21.0 8.399999999999949 -1.050000000000054 33.59999999999995 -4.200000000000003 2.0999999999999375 30.449999999999974 20.99999999999993 30.44999999999999 -4.20000000000006 5.249999999999972 131.25 131.25 131.25 131.25 131.25 131.25 131.25 131.25
21.450000000000124 7.950000000000133 16.95000000000037 14.250000000000217 7.500000000000198 5.250000000000243 10.200000000000124 7.950000000000101 6.600000000000072 14.250000000000139 13.800000000000125 13.350000000000303 7.950000000000114 21.450000000000173 52.5 52.5 52.5 52.5 52.5 52.5 52.5 52.5
40.95000000000001 40.95000000000001 47.25000000000001 47.25000000000001 47.25000000000001 44.10000000000001 44.10000000000001 44.10000000000001 47.25000000000001 44.10000000000001 44.10000000000001 47.25000000000001 40.95000000000001 44.10000000000001 63.0 63.0 63.0 63.0 63.0 63.0 63.0 63.0
1.3500000000000272 -5.399999999999993 -1.7999999999998573 -3.149999999999889 3.6000000000001946 -0.8999999999997645 4.050000000000235 -1.7999999999998124 0.9000000000002402 1.8000000000003382 -8.999999999999789 -0.44999999999975815 0.9000000000002029 9.900000000000176 78.75 78.75 78.75 78.75 78.75 78.75 78.75 78.75

Gap
NaN

Time
NaN

