T P M C
22 37 4 12

base obj
11.34157509157509

exp obj
12.881181318681318

Objective struct
11.34157509157509 0.0 17.5

num campaigns
122

x
0 0 0 0 1 0 0 0 1 0 0 0 1 0 0 0 1 0 0 0 0 0
0 0 0 0 0 0 0 0 0 0 0 0 0 0 0 0 0 0 0 0 0 0
0 0 0 0 0 0 1 0 0 0 1 0 0 0 1 0 0 0 0 0 0 0
0 0 0 0 1 0 0 0 0 1 0 0 0 0 1 0 0 0 0 0 0 0
0 0 0 0 1 0 0 1 0 0 1 0 0 1 0 0 1 0 0 0 0 0
0 0 0 0 0 0 0 0 0 0 1 0 0 0 1 0 0 0 0 0 0 0
0 0 0 0 1 0 0 0 0 0 1 0 0 0 0 0 1 0 0 0 0 0
0 0 0 0 0 0 0 0 0 0 0 1 0 0 0 0 0 0 0 0 0 0
0 0 0 0 0 0 0 0 0 0 0 0 0 0 0 0 1 0 0 0 0 0
0 0 0 0 0 0 1 0 1 0 0 0 1 0 1 0 0 0 0 0 0 0
0 0 0 0 1 0 0 0 0 0 0 0 0 0 0 0 1 0 0 0 0 0
0 0 0 0 0 0 1 0 0 0 0 0 0 0 0 0 0 0 0 0 0 0
0 0 0 0 0 0 0 0 0 0 0 0 0 0 0 0 0 0 0 0 0 0
0 0 0 0 0 0 0 0 0 0 1 0 0 0 0 0 1 0 0 0 0 0
0 0 0 0 0 0 0 0 0 0 0 0 0 0 0 0 0 0 0 0 0 0
0 0 0 0 1 0 0 0 0 0 0 0 0 0 0 0 0 0 0 0 0 0
0 0 0 0 0 0 0 0 0 0 0 0 0 0 1 0 1 0 0 0 0 0
0 0 0 0 0 0 1 0 0 0 0 0 0 0 0 0 0 0 0 0 0 0
0 0 0 0 0 0 1 0 1 0 1 0 1 0 1 0 1 0 0 0 0 0
0 0 0 0 1 0 0 0 0 0 0 0 0 0 0 0 0 0 0 0 0 0
0 0 0 0 1 0 0 0 0 1 0 0 0 0 1 0 0 0 0 0 0 0
0 0 0 0 0 0 0 0 0 0 0 0 0 0 0 0 0 0 0 0 0 0
0 0 0 0 0 0 0 0 1 0 0 0 0 0 0 0 0 0 0 0 0 0
0 0 0 0 0 0 1 0 0 0 0 0 1 0 0 0 0 0 0 0 0 0
0 0 0 0 0 0 0 0 0 0 0 0 0 0 0 0 0 0 0 0 0 0
0 0 0 0 1 0 0 0 0 0 0 0 0 0 0 0 1 0 0 0 0 0
0 0 0 0 0 0 1 0 0 0 0 0 1 0 0 0 0 0 0 0 0 0
0 0 0 0 0 0 1 0 0 0 0 0 0 0 0 0 0 0 0 0 0 0
0 0 0 0 0 0 0 0 0 0 0 0 0 0 0 0 0 0 0 0 0 0
0 0 0 0 1 1 1 1 1 1 1 1 1 1 1 1 1 0 0 0 0 0
0 0 0 0 1 1 1 1 1 1 1 1 1 1 1 1 1 0 0 0 0 0
0 0 0 0 1 1 1 1 1 1 1 1 1 1 1 1 1 0 0 0 0 0
0 0 0 0 1 1 1 1 1 1 1 1 0 1 1 1 0 0 0 0 0 0
0 0 0 0 1 1 1 1 1 1 1 1 1 1 1 1 1 0 0 0 0 0
0 0 0 0 0 1 0 0 1 1 1 1 1 0 0 0 0 0 0 0 0 0
0 0 0 0 0 0 0 0 0 0 0 0 0 0 0 0 0 0 0 0 0 0
0 0 0 0 0 0 0 0 0 0 0 0 0 0 0 0 0 0 0 0 0 0

y
0.0 0.0 0.0 0.0 0.0 0.0 0.0 0.0 0.0 0.2857142857142858 0.0 0.0 0.0 0.0 0.0 0.0 0.0 0.0 0.0 0.0 0.0 0.0 0.0 0.0 0.0 0.0 0.0 0.0 0.0 0.0 0.0 0.0 0.52 0.0 0.0 0.0 0.0

k
0 3 1 0 0 1 0 0 0 4 0 0 3 1 2 0 0 0 1 0 0 2 0 1 2 0 1 0 6 0 0 0 15 0 7 13 2

f
4.200000000000003 4.200000000000003 0.0 4.200000000000015 0.0 0.0 0.0 0.0 7.350000000000078 0.0 0.0 0.0 0.0 0.0 0.0 0.0 0.0 0.0 0.0 0.0 0.0 0.0
0.0 0.0 0.0 0.0 0.0 0.0 0.0 0.0 0.0 0.0 0.0 0.0 0.0 0.0 0.0 0.0 0.0 0.0 0.0 0.0 0.0 0.0
0.0 0.0 0.0 0.0 0.0 0.0 0.0 0.0 0.0 0.0 0.0 0.0 0.0 0.0 0.0 0.0 0.0 0.0 0.0 0.0 0.0 0.0
0.0 0.0 0.8999999999997788 1.7999999999998941 0.0 4.4999999999998455 0.0 0.44999999999989004 6.299999999999802 0.0 0.8999999999997321 0.0 5.399999999999935 0.0 0.0 0.0 0.0 0.0 0.0 0.0 0.0 0.0

L
4 0 4 5 3 4 6 0 0 2 12 0 0 6 0 0 2 0 2 0 5 0 0 6 0 12 6 0 0 1 1 1 1 1 1 0 0

g
0 0 0 0 0 0 0 0 0 0 0 0 0 0 0 0 0 0 0 0 0 0
0 0 0 0 0 0 0 0 0 0 0 0 0 0 0 0 0 0 0 0 0 0
0 0 0 0 0 0 0 0 0 0 0 0 0 0 0 0 0 0 0 0 0 0
0 0 0 0 0 0 0 0 0 0 0 0 0 0 0 0 0 0 0 0 0 0
0 0 0 0 0 0 0 0 0 0 0 0 0 0 0 0 0 0 0 0 0 0
0 0 0 0 0 0 0 0 0 0 0 0 0 0 0 0 0 0 0 0 0 0
0 0 0 0 0 0 0 0 0 0 0 0 0 0 0 0 0 0 0 0 0 0
0 0 0 0 0 0 0 0 0 0 0 0 0 0 0 0 0 0 0 0 0 0
0 0 0 0 0 0 0 0 0 0 0 0 0 0 0 0 0 0 0 0 0 0
0 0 0 0 0 0 0 0 0 0 0 0 0 0 0 0 0 0 0 0 0 0
0 0 0 0 0 0 0 0 0 0 0 0 0 0 0 0 0 0 0 0 0 0
0 0 0 0 0 0 0 0 0 0 0 0 0 0 0 0 0 0 0 0 0 0
0 0 0 0 0 0 0 0 0 0 0 0 0 0 0 0 0 0 0 0 0 0
0 0 0 0 0 0 0 0 0 0 0 0 0 0 0 0 0 0 0 0 0 0
0 0 0 0 0 0 0 0 0 0 0 0 0 0 0 0 0 0 0 0 0 0
0 0 0 0 0 0 0 0 0 0 0 0 0 0 0 0 0 0 0 0 0 0
0 0 0 0 0 0 0 0 0 0 0 0 0 0 0 0 0 0 0 0 0 0
0 0 0 0 0 0 0 0 0 0 0 0 0 0 0 0 0 0 0 0 0 0
0 0 0 0 0 0 0 0 0 0 0 0 0 0 0 0 0 0 0 0 0 0
0 0 0 0 0 0 0 0 0 0 0 0 0 0 0 0 0 0 0 0 0 0
0 0 0 0 0 0 0 0 0 0 0 0 0 0 0 0 0 0 0 0 0 0
0 0 0 0 0 0 0 0 0 0 0 0 0 0 0 0 0 0 0 0 0 0
0 0 0 0 0 0 0 0 0 0 0 0 0 0 0 0 0 0 0 0 0 0
0 0 0 0 0 0 0 0 0 0 0 0 0 0 0 0 0 0 0 0 0 0
0 0 0 0 0 0 0 0 0 0 0 0 0 0 0 0 0 0 0 0 0 0
0 0 0 0 0 0 0 0 0 0 0 0 0 0 0 0 0 0 0 0 0 0
0 0 0 0 0 0 0 0 0 0 0 0 0 0 0 0 0 0 0 0 0 0
0 0 0 0 0 0 0 0 0 0 0 0 0 0 0 0 0 0 0 0 0 0
0 0 0 0 0 0 0 0 0 0 0 0 0 0 0 0 0 0 0 0 0 0
0 0 0 0 0 0 0 0 0 0 0 0 0 0 0 0 0 0 0 0 0 0
0 0 0 0 0 0 0 0 0 0 0 0 0 0 0 0 0 0 0 0 0 0
0 0 0 0 0 0 0 0 0 0 0 0 0 0 0 0 0 0 0 0 0 0
0 0 0 0 0 0 0 0 0 0 0 0 0 0 0 0 0 0 0 0 0 0
0 0 0 0 0 0 0 0 0 0 0 0 0 0 0 0 0 0 0 0 0 0
0 0 0 0 0 0 0 0 0 0 0 0 0 0 0 0 0 0 0 0 0 0
0 0 0 0 0 0 0 0 0 0 0 0 0 0 0 0 0 0 0 0 0 0
0 0 0 0 0 0 0 0 0 0 0 0 0 0 0 0 0 0 0 0 0 0

I cap
1058.909090909091 1058.909090909091 955.9490909090971 911.8490909090972 656.5000000000089 875.6800000000023 639.70000000001 907.5800000000056 661.3599999999967 716.7599999999986 516.9000000000106 622.0200000000102 593.4999999999968 758.0199999999968 416.5600000000087 618.7290909091018 459.74909090908756 706.3290909090833 787.3490909090974 963.149090909091 1058.909090909091 1058.909090909091
107.96969696969697 107.96969696969697 104.52969696969697 103.62969696969697 66.29999999999991 86.32 3.3000000000000043 43.42000000000006 50.63999999999987 44.239999999999796 62.099999999999895 50.97999999999978 28.49999999999989 22.97999999999995 18.43999999999986 48.14969696969682 17.129696969696894 55.549696969696754 60.52969696969694 95.72969696969697 107.96969696969697 107.96969696969697
38.96666666666666 38.96666666666666 14.033333333333328 14.033333333333328 13.299999999999997 14.658333333333335 6.958333333333332 18.825 13.225000000000005 17.53333333333334 2.133333333333333 7.733333333333336 10.5 29.4 2.8333333333333357 17.300000000000004 10.300000000000004 31.96666666666666 31.96666666666666 38.96666666666666 38.96666666666666 38.96666666666666
45.24545454545453 45.24545454545453 44.615454545454526 38.66545454545452 19.96000000000009 31.360000000000095 21.770000000000266 21.3700000000002 19.340000000000128 23.72000000000015 23.56000000000012 16.57000000000014 12.690000000000161 13.24000000000009 3.4300000000000685 20.635454545454653 30.465454545454776 41.16545454545452 42.935454545454526 44.615454545454526 45.24545454545453 45.24545454545453
20.999999999999993 20.999999999999993 20.789999999999992 20.43999999999999 8.32 16.819999999999986 7.249999999999957 7.8499999999999766 6.169999999999996 5.999999999999982 9.089999999999979 8.870000000000003 8.180000000000023 12.660000000000036 2.2599999999999607 5.289999999999974 7.569999999999984 13.799999999999983 17.549999999999997 20.789999999999992 20.999999999999993 20.999999999999993
345.75757575757575 345.75757575757575 341.76757575757574 268.8263992869875 140.6094117647059 171.17999999999986 167.5800000000002 148.81000000000026 182.2400000000001 196.11000000000038 205.65000000000023 203.78 206.74000000000038 195.7100000000004 147.12999999999994 149.66757575757657 221.10875222816435 252.00816399286987 302.71757575757573 341.76757575757574 345.75757575757575 345.75757575757575
779.7575757575758 779.7575757575758 764.8475757575758 651.6975757575758 422.9200000000005 591.8700000000001 603.6300000000005 558.6800000000003 666.3100000000003 684.33 558.6199999999993 668.8999999999984 675.4099999999988 649.2499999999998 484.3399999999999 526.1675757575726 598.4475757575763 666.2375757575762 719.8475757575758 764.8475757575758 779.7575757575758 779.7575757575758
80.73333333333335 80.73333333333335 80.10333333333335 79.40333333333335 61.52666666666673 81.06 68.37 73.97 73.79999999999998 79.92999999999998 68.28999999999999 76.14000000000001 84.72 85.72999999999998 71.88 63.26333333333317 64.7433333333333 72.78666666666669 78.18333333333335 80.10333333333335 80.73333333333335 80.73333333333335
10.775757575757575 10.775757575757575 10.775757575757575 5.1757575757575776 1.4000000000000021 1.3500000000000023 0.749999999999996 4.299999999999998 1.7999999999999972 2.0499999999999963 2.7500000000000107 3.1499999999999995 1.0500000000000052 1.1500000000000021 1.2199999999999962 0.15575757575757798 0.15575757575757265 0.15575757575757443 4.385757575757576 10.775757575757575 10.775757575757575 10.775757575757575
2.545454545454545 2.545454545454545 1.915454545454545 1.915454545454545 1.96 0.5599999999999999 0.5500000000000135 0.12000000000000077 1.240000000000013 1.2600000000000007 1.5400000000000054 0.1399999999999999 0.5599999999999999 1.2600000000000002 0.8400000000000002 0.38545454545454516 0.26545454545454594 0.865454545454546 1.1954545454545609 1.915454545454545 2.545454545454545 2.545454545454545
8.515433299825174 8.515433299825174 8.515433299825174 7.807629307084682 4.187754655172411 4.437946206896511 3.8227307758620666 6.435238448275802 7.799882413792901 5.739616120689561 6.795637758620531 6.95899672413782 6.43259034482751 4.848636724137927 5.357435086206868 5.610403620689642 6.215290199637002 6.160740402298849 5.940820172413792 7.118618534482758 7.546136159874608 8.31123
700.0 700.0 699.0 696.0 684.0 689.0 678.0 687.0 681.0 685.0 679.0 684.0 682.0 688.0 676.0 681.0 679.0 683.0 686.0 693.0 700.0 695.0

H cap
-4.200000000000003 -4.200000000000003 5.249999999999957 -4.200000000000015 24.149999999999963 14.699999999999891 43.04999999999994 14.699999999999973 -7.350000000000078 30.44999999999999 33.59999999999998 43.04999999999997 5.249999999999945 5.249999999999973 131.25 131.25 131.25 131.25 131.25 131.25 131.25 131.25
24.1500000000001 7.950000000000183 11.550000000000075 12.450000000000212 12.00000000000006 8.850000000000112 5.7000000000001085 3.450000000000065 6.60000000000009 12.000000000000135 8.400000000000116 10.200000000000276 6.600000000000076 20.10000000000005 52.5 52.5 52.5 52.5 52.5 52.5 52.5 52.5
40.95000000000001 40.95000000000001 44.10000000000001 40.95000000000001 47.25000000000001 47.25000000000001 50.400000000000006 50.400000000000006 44.10000000000001 44.10000000000001 44.10000000000001 47.25000000000001 40.95000000000001 40.95000000000001 63.0 63.0 63.0 63.0 63.0 63.0 63.0 63.0
8.100000000000076 1.532107773982716e-13 -0.8999999999997788 -1.7999999999998941 1.8000000000001868 -4.4999999999998455 2.700000000000084 -0.44999999999989004 -6.299999999999802 3.150000000000219 -0.8999999999997321 1.3500000000002093 -5.399999999999935 1.3500000000000618 78.75 78.75 78.75 78.75 78.75 78.75 78.75 78.75

Gap
NaN

Time
NaN

