T P M C
22 37 4 12

base obj
11.128663003663004

exp obj
12.929830586080586

Objective struct
11.128663003663004 0.0 18.333333333333336

num campaigns
125

x
0 0 0 0 1 0 0 0 1 0 0 0 1 0 0 0 1 0 0 0 0 0
0 0 0 0 1 0 0 0 0 0 0 0 0 0 0 0 0 0 0 0 0 0
0 0 0 0 0 0 1 0 1 0 1 0 1 0 0 0 0 0 0 0 0 0
0 0 0 0 1 0 0 0 0 1 0 0 0 0 1 0 0 0 0 0 0 0
0 0 0 0 1 0 0 0 1 0 1 0 1 0 0 1 0 0 0 0 0 0
0 0 0 0 0 0 0 0 1 0 0 0 0 0 1 0 0 0 0 0 0 0
0 0 0 0 1 0 0 0 0 0 1 0 0 0 0 0 1 0 0 0 0 0
0 0 0 0 0 0 0 0 0 0 1 0 0 0 0 0 0 0 0 0 0 0
0 0 0 0 0 0 0 0 0 0 0 0 0 0 0 0 1 0 0 0 0 0
0 0 0 0 0 0 1 0 1 0 1 0 0 0 0 0 0 0 0 0 0 0
0 0 0 0 1 0 0 0 0 0 0 0 0 0 0 0 1 0 0 0 0 0
0 0 0 0 0 0 1 0 0 0 0 0 0 0 0 0 0 0 0 0 0 0
0 0 0 0 0 0 0 0 0 0 0 0 0 0 0 0 0 0 0 0 0 0
0 0 0 0 1 0 0 0 0 0 1 0 0 0 0 0 1 0 0 0 0 0
0 0 0 0 0 0 0 0 0 0 0 0 0 0 0 0 0 0 0 0 0 0
0 0 0 0 0 0 0 0 0 0 0 0 0 0 1 0 0 0 0 0 0 0
0 0 0 0 0 0 0 0 0 0 0 0 0 0 0 0 0 0 0 0 0 0
0 0 0 0 0 0 1 0 0 0 0 0 0 0 0 0 0 0 0 0 0 0
0 0 0 0 0 0 1 0 1 0 0 1 0 1 0 1 0 0 0 0 0 0
0 0 0 0 1 0 0 0 0 0 0 0 0 0 0 0 0 0 0 0 0 0
0 0 0 0 1 0 0 0 0 0 1 0 0 0 0 0 1 0 0 0 0 0
0 0 0 0 0 0 0 0 0 0 0 0 0 0 0 0 0 0 0 0 0 0
0 0 0 0 0 0 0 0 0 0 0 0 1 0 0 0 0 0 0 0 0 0
0 0 0 0 0 0 1 0 0 0 0 0 0 0 1 0 0 0 0 0 0 0
0 0 0 0 0 0 0 0 0 0 0 0 0 0 0 0 0 0 0 0 0 0
0 0 0 0 1 0 0 0 0 0 0 0 0 0 0 0 1 0 0 0 0 0
0 0 0 0 0 0 1 0 0 0 1 0 0 0 0 0 1 0 0 0 0 0
0 0 0 0 0 0 1 0 0 0 0 0 0 0 0 0 0 0 0 0 0 0
0 0 0 0 0 0 0 0 0 0 0 0 0 0 0 0 0 0 0 0 0 0
0 0 0 0 1 1 1 1 1 1 1 1 1 1 1 1 1 0 0 0 0 0
0 0 0 0 1 1 1 1 1 1 1 1 1 1 1 1 1 0 0 0 0 0
0 0 0 0 1 1 1 1 1 1 1 1 1 1 1 1 1 0 0 0 0 0
0 0 0 0 1 0 1 1 1 1 1 1 1 1 0 1 1 0 0 0 0 0
0 0 0 0 1 1 1 1 1 1 1 1 1 1 1 1 1 0 0 0 0 0
0 0 0 0 1 1 1 0 1 1 1 0 1 0 1 0 1 0 0 0 0 0
0 0 0 0 0 0 0 0 0 0 0 0 0 0 0 0 0 0 0 0 0 0
0 0 0 0 0 0 0 0 0 0 0 0 0 0 0 0 0 0 0 0 0 0

y
0.0 0.0 0.0 0.0 0.0 0.0 0.0 0.0 0.0 0.2857142857142858 0.0 0.0 0.0 0.0 0.0 0.0 0.0 0.0 0.0 0.0 0.0 0.0 0.0 2.0 0.0 0.0 0.0 0.0 0.0 0.0 0.0 0.0 0.52 0.0 0.0 0.0 0.0

k
0 2 0 0 0 1 0 0 0 5 0 0 3 0 2 0 2 0 2 0 0 2 0 1 2 0 0 0 6 0 0 0 15 0 4 13 2

f
4.200000000000088 4.199999999999918 0.0 0.0 0.0 0.0 0.0 0.0 0.0 0.0 0.0 0.0 10.500000000000158 0.0 0.0 0.0 0.0 0.0 0.0 0.0 0.0 0.0
0.0 0.0 0.0 0.0 0.0 0.0 4.199999999999647 0.0 0.0 0.0 0.0 0.0 0.0 0.0 0.0 0.0 0.0 0.0 0.0 0.0 0.0 0.0
0.0 0.0 0.0 0.0 0.0 0.0 0.0 0.0 0.0 0.0 0.0 0.0 0.0 0.0 0.0 0.0 0.0 0.0 0.0 0.0 0.0 0.0
0.0 6.749999999999808 0.8999999999994541 0.8999999999994541 0.0 4.499999999999042 2.249999999999011 0.0 0.0 0.0 2.2499999999992646 4.499999999999021 1.7999999999996077 0.0 0.0 0.0 0.0 0.0 0.0 0.0 0.0 0.0

L
4 0 2 5 2 6 6 0 0 2 12 0 0 6 0 0 0 0 2 0 6 0 0 8 0 12 4 0 0 1 1 1 1 1 1 0 0

g
0 0 0 0 0 0 0 0 0 0 0 0 0 0 0 0 0 0 0 0 0 0
0 0 0 0 0 0 0 0 0 0 0 0 0 0 0 0 0 0 0 0 0 0
0 0 0 0 0 0 0 0 0 0 0 0 0 0 0 0 0 0 0 0 0 0
0 0 0 0 0 0 0 0 0 0 0 0 0 0 0 0 0 0 0 0 0 0
0 0 0 0 0 0 0 0 0 0 0 0 0 0 0 0 0 0 0 0 0 0
0 0 0 0 0 0 0 0 0 0 0 0 0 0 0 0 0 0 0 0 0 0
0 0 0 0 0 0 0 0 0 0 0 0 0 0 0 0 0 0 0 0 0 0
0 0 0 0 0 0 0 0 0 0 0 0 0 0 0 0 0 0 0 0 0 0
0 0 0 0 0 0 0 0 0 0 0 0 0 0 0 0 0 0 0 0 0 0
0 0 0 0 0 0 0 0 0 0 0 0 0 0 0 0 0 0 0 0 0 0
0 0 0 0 0 0 0 0 0 0 0 0 0 0 0 0 0 0 0 0 0 0
0 0 0 0 0 0 0 0 0 0 0 0 0 0 0 0 0 0 0 0 0 0
0 0 0 0 0 0 0 0 0 0 0 0 0 0 0 0 0 0 0 0 0 0
0 0 0 0 0 0 0 0 0 0 0 0 0 0 0 0 0 0 0 0 0 0
0 0 0 0 0 0 0 0 0 0 0 0 0 0 0 0 0 0 0 0 0 0
0 0 0 0 0 0 0 0 0 0 0 0 0 0 0 0 0 0 0 0 0 0
0 0 0 0 0 0 0 0 0 0 0 0 0 0 0 0 0 0 0 0 0 0
0 0 0 0 0 0 0 0 0 0 0 0 0 0 0 0 0 0 0 0 0 0
0 0 0 0 0 0 0 0 0 0 0 0 0 0 0 0 0 0 0 0 0 0
0 0 0 0 0 0 0 0 0 0 0 0 0 0 0 0 0 0 0 0 0 0
0 0 0 0 0 0 0 0 0 0 0 0 0 0 0 0 0 0 0 0 0 0
0 0 0 0 0 0 0 0 0 0 0 0 0 0 0 0 0 0 0 0 0 0
0 0 0 0 0 0 0 0 0 0 0 0 0 0 0 0 0 0 0 0 0 0
0 0 0 0 0 0 0 0 0 0 0 0 0 0 0 0 0 0 0 0 0 0
0 0 0 0 0 0 0 0 0 0 0 0 0 0 0 0 0 0 0 0 0 0
0 0 0 0 0 0 0 0 0 0 0 0 0 0 0 0 0 0 0 0 0 0
0 0 0 0 0 0 0 0 0 0 0 0 0 0 0 0 0 0 0 0 0 0
0 0 0 0 0 0 0 0 0 0 0 0 0 0 0 0 0 0 0 0 0 0
0 0 0 0 0 0 0 0 0 0 0 0 0 0 0 0 0 0 0 0 0 0
0 0 0 0 0 0 0 0 0 0 0 0 0 0 0 0 0 0 0 0 0 0
0 0 0 0 0 0 0 0 0 0 0 0 0 0 0 0 0 0 0 0 0 0
0 0 0 0 0 0 0 0 0 0 0 0 0 0 0 0 0 0 0 0 0 0
0 0 0 0 0 0 0 0 0 0 0 0 0 0 0 0 0 0 0 0 0 0
0 0 0 0 0 0 0 0 0 0 0 0 0 0 0 0 0 0 0 0 0 0
0 0 0 0 0 0 0 0 0 0 0 0 0 0 0 0 0 0 0 0 0 0
0 0 0 0 0 0 0 0 0 0 0 0 0 0 0 0 0 0 0 0 0 0
0 0 0 0 0 0 0 0 0 0 0 0 0 0 0 0 0 0 0 0 0 0

I cap
1058.909090909091 1058.909090909091 955.9490909091401 908.9490909091535 624.8999999999935 876.0599999999818 640.0800000000715 961.5800000000306 418.3399999999924 579.8999999999935 314.9600000000124 563.8400000000211 612.2599999999936 764.9599999999892 452.4600000000439 728.64909090915 417.2690909090892 646.8290909090583 780.8490909091286 963.149090909091 1058.909090909091 1058.909090909091
107.96969696969697 107.96969696969697 104.52969696969697 104.52969696969697 67.89999999999984 86.94 3.91999999999949 43.41999999999945 0.6599999999995916 32.09999999999927 14.039999999999068 32.159999999999826 51.739999999999355 48.040000000000134 77.53999999999914 86.22969696969662 20.609696969697424 53.04969696969641 58.029696969696886 95.72969696969697 107.96969696969697 107.96969696969697
38.96666666666666 38.96666666666666 14.033333333333328 14.033333333333328 13.30000000000001 14.658333333333337 6.958333333333334 18.825 13.225000000000005 32.2 9.133333333333331 7.733333333333336 2.833333333333334 22.400000000000006 24.5 24.96666666666667 17.300000000000004 17.299999999999997 24.299999999999997 38.96666666666666 38.96666666666666 38.96666666666666
45.24545454545453 45.24545454545453 44.615454545454526 37.82545454545452 19.460000000000363 31.020000000000525 21.430000000000653 21.370000000001053 11.960000000000548 18.24000000000053 16.90000000000052 10.720000000000484 12.390000000000768 16.730000000000707 10.13000000000033 28.70545454545552 32.61545454545553 38.765454545454524 40.53545454545453 44.615454545454526 45.24545454545453 45.24545454545453
20.999999999999993 20.999999999999993 20.789999999999992 20.43999999999999 8.319999999999997 16.820000000000036 7.249999999999865 7.850000000000012 1.5799999999999454 2.0000000000000826 5.879999999999914 7.760000000000076 7.129999999999994 11.290000000000092 3.8199999999999235 9.939999999999968 10.249999999999872 13.800000000000011 17.550000000000022 20.789999999999992 20.999999999999993 20.999999999999993
345.75757575757575 345.75757575757575 341.76757575757574 301.6863992869875 186.3594117647059 205.79000000000028 187.18999999999923 148.8099999999997 174.87000000000202 186.8700000000019 161.70999999999972 148.8100000000001 214.9400000000024 201.44000000000048 170.05000000000015 220.27757575757641 260.3787522281674 295.9081639928703 320.76757575757574 341.76757575757574 345.75757575757575 345.75757575757575
779.7575757575758 779.7575757575758 764.8475757575758 654.5975757575758 525.920000000004 672.6199999999997 610.2300000000004 558.6799999999979 540.7500000000009 591.1699999999969 512.7699999999993 560.6299999999972 577.1299999999977 693.399999999994 568.680000000001 524.9075757575692 596.0175757575763 676.9175757575754 713.6075757575758 764.8475757575758 779.7575757575758 779.7575757575758
80.73333333333335 80.73333333333335 80.10333333333335 79.40333333333335 61.52666666666663 81.06 68.37 73.97 67.74999999999997 75.80999999999999 66.64999999999999 75.09 85.29999999999998 86.17999999999998 73.63 67.07333333333271 66.75333333333329 72.78666666666669 78.18333333333335 80.10333333333335 80.73333333333335 80.73333333333335
10.775757575757575 10.775757575757575 10.775757575757575 9.515757575757576 4.449999999999998 3.289999999999994 0.18999999999997996 1.4999999999999982 0.7499999999999893 2.049999999999992 0.050000000000006484 1.8499999999999925 1.4500000000000117 0.44999999999998774 0.9999999999999742 2.725757575757581 2.025757575757553 3.1757575757575776 5.975757575757576 10.775757575757575 10.775757575757575 10.775757575757575
2.545454545454545 2.545454545454545 1.915454545454545 0.6554545454545451 1.21 0.04999999999999993 0.040000000000042 0.12000000000000077 1.2400000000000757 1.2600000000000002 1.5400000000000498 0.1399999999999999 0.5599999999999999 1.2600000000000002 0.8400000000000002 0.38545454545454516 0.2654545454545535 0.865454545454554 1.195454545454619 1.915454545454545 2.545454545454545 2.545454545454545
8.515433299825174 8.515433299825174 8.515433299825174 7.807629307084632 3.911892586206891 4.50001517241362 3.5434204310344652 6.521445344827355 7.4550548275853465 5.739616120689379 5.761154827585548 6.527962068965033 6.34638344827554 5.193464482758612 6.1332973275860985 5.3586794827585535 5.615290027223165 6.591774712643671 6.630475172413792 7.463446120689655 7.546136159874608 8.656057586206897
700.0 700.0 699.0 696.0 681.0 687.0 675.0 688.0 682.0 686.0 678.0 682.0 680.0 683.0 683.0 685.0 679.0 685.0 688.0 694.0 700.0 697.0

H cap
-4.200000000000088 -4.199999999999918 5.249999999999913 5.2499999999998845 14.699999999999877 5.249999999999886 11.549999999999871 11.5499999999998 24.149999999999906 24.14999999999992 39.89999999999992 30.449999999999946 -10.500000000000158 8.399999999999903 131.25 131.25 131.25 131.25 131.25 131.25 131.25 131.25
16.95000000000038 3.450000000000495 11.550000000000747 11.550000000000665 7.950000000000865 3.000000000000588 -4.199999999999647 0.7500000000003926 14.250000000000519 14.250000000000426 18.750000000000515 16.950000000000816 3.000000000000308 18.300000000000498 52.5 52.5 52.5 52.5 52.5 52.5 52.5 52.5
40.95000000000001 40.95000000000001 44.10000000000001 44.10000000000001 47.25000000000001 44.10000000000001 44.10000000000001 44.10000000000001 47.25000000000001 47.25000000000001 50.400000000000006 47.25000000000001 40.95000000000001 47.25000000000001 63.0 63.0 63.0 63.0 63.0 63.0 63.0 63.0
6.572520305780927e-14 -6.749999999999808 -0.8999999999994541 -0.8999999999994541 1.350000000001331 -4.499999999999042 -2.249999999999011 1.3500000000008892 0.4500000000011113 0.4500000000010189 -2.2499999999992646 -4.499999999999021 -1.7999999999996077 9.450000000000228 78.75 78.75 78.75 78.75 78.75 78.75 78.75 78.75

Gap
NaN

Time
NaN

