T P M C
22 37 4 12

base obj
11.271062271062272

exp obj
12.869963369963372

Objective struct
11.271062271062272 0.0 17.666666666666668

num campaigns
125

x
0 0 0 0 1 0 0 0 1 0 0 0 1 0 0 0 1 0 0 0 0 0
0 0 0 0 0 0 0 0 0 0 0 0 0 0 0 0 0 0 0 0 0 0
0 0 0 0 0 0 0 0 1 0 1 0 1 0 1 0 0 0 0 0 0 0
0 0 0 0 1 0 0 0 0 0 1 0 0 0 0 0 1 0 0 0 0 0
0 0 0 0 1 0 0 1 0 0 1 0 0 1 0 0 1 0 0 0 0 0
0 0 0 0 0 0 1 0 0 0 0 0 0 0 1 0 0 0 0 0 0 0
0 0 0 0 1 0 0 0 0 1 0 0 0 0 1 0 0 0 0 0 0 0
0 0 0 0 0 0 0 0 0 0 1 0 0 0 0 0 0 0 0 0 0 0
0 0 0 0 0 0 0 0 0 0 0 0 0 0 0 0 1 0 0 0 0 0
0 0 0 0 0 0 1 0 0 0 1 0 1 0 1 0 0 0 0 0 0 0
0 0 0 0 1 0 0 0 0 0 0 0 0 0 0 0 1 0 0 0 0 0
0 0 0 0 0 0 1 0 0 0 0 0 0 0 0 0 0 0 0 0 0 0
0 0 0 0 0 0 0 0 0 0 0 0 0 0 0 0 0 0 0 0 0 0
0 0 0 0 1 0 0 0 0 0 1 0 0 0 0 0 1 0 0 0 0 0
0 0 0 0 0 0 0 0 0 0 0 0 0 0 0 0 0 0 0 0 0 0
0 0 0 0 0 0 0 0 0 0 0 0 0 0 1 0 0 0 0 0 0 0
0 0 0 0 0 0 0 0 0 0 0 0 0 0 0 0 0 0 0 0 0 0
0 0 0 0 0 0 1 0 0 0 0 0 0 0 0 0 0 0 0 0 0 0
0 0 0 0 1 0 0 1 0 1 0 1 0 1 0 1 0 0 0 0 0 0
0 0 0 0 1 0 0 0 0 0 0 0 0 0 0 0 0 0 0 0 0 0
0 0 0 0 1 0 0 0 0 0 1 0 0 0 0 0 1 0 0 0 0 0
0 0 0 0 0 0 0 0 0 0 0 0 0 0 0 0 0 0 0 0 0 0
0 0 0 0 0 0 0 0 1 0 0 0 0 0 0 0 0 0 0 0 0 0
0 0 0 0 0 0 1 0 0 0 0 0 1 0 0 0 0 0 0 0 0 0
0 0 0 0 0 0 0 0 0 0 0 0 0 0 0 0 0 0 0 0 0 0
0 0 0 0 1 0 0 0 0 0 0 0 0 0 0 0 1 0 0 0 0 0
0 0 0 0 1 0 0 0 0 0 1 0 0 0 0 0 1 0 0 0 0 0
0 0 0 0 0 0 1 0 0 0 0 0 0 0 0 0 0 0 0 0 0 0
0 0 0 0 0 0 0 0 0 0 0 0 0 0 0 0 0 0 0 0 0 0
0 0 0 0 1 1 1 1 1 1 1 1 1 1 1 1 1 0 0 0 0 0
0 0 0 0 1 1 1 1 1 1 1 1 1 1 1 1 1 0 0 0 0 0
0 0 0 0 1 1 1 1 1 1 1 1 1 1 1 1 1 0 0 0 0 0
0 0 0 0 1 0 1 1 1 1 1 1 1 1 1 1 0 0 0 0 0 0
0 0 0 0 1 1 1 1 1 1 1 1 1 1 1 1 1 0 0 0 0 0
0 0 0 0 1 0 1 0 1 1 1 0 1 0 1 0 1 0 0 0 0 0
0 0 0 0 0 0 0 0 0 0 0 0 0 0 0 0 0 0 0 0 0 0
0 0 0 0 0 0 0 0 0 0 0 0 0 0 0 0 0 0 0 0 0 0

y
0.0 0.0 0.0 0.0 0.0 2.0 0.0 0.0 0.0 0.2857142857142858 0.0 0.0 0.0 0.0 0.0 0.0 0.0 0.0 0.0 0.0 0.0 0.0 0.0 0.0 0.0 0.0 0.0 0.0 0.0 0.0 0.0 0.0 0.52 0.0 0.0 0.0 0.0

k
0 3 0 0 0 1 0 0 0 4 0 0 3 0 2 0 2 0 1 0 0 2 0 1 2 0 0 0 6 0 0 0 15 0 5 13 2

f
0.0 0.0 0.0 10.500000000000112 0.0 0.0 0.0 0.0 0.0 0.0 0.0 0.0 10.500000000000071 1.0500000000001073 0.0 0.0 0.0 0.0 0.0 0.0 0.0 0.0
0.0 0.0 0.0 0.0 0.0 0.0 4.199999999999748 0.0 0.0 0.0 0.0 0.0 0.0 0.0 0.0 0.0 0.0 0.0 0.0 0.0 0.0 0.0
0.0 0.0 0.0 0.0 0.0 0.0 0.0 0.0 0.0 0.0 0.0 0.0 0.0 0.0 0.0 0.0 0.0 0.0 0.0 0.0 0.0 0.0
0.8999999999998267 6.299999999999823 0.0 4.949999999999658 0.0 0.0 4.4999999999991935 2.249999999999293 0.0 0.4499999999993314 0.0 0.0 4.049999999999535 0.0 0.0 0.0 0.0 0.0 0.0 0.0 0.0 0.0

L
4 0 2 6 3 8 5 0 0 2 12 0 0 6 0 0 0 0 2 0 6 0 0 6 0 12 6 0 0 1 1 1 1 1 1 0 0

g
0 0 0 0 0 0 0 0 0 0 0 0 0 0 0 0 0 0 0 0 0 0
0 0 0 0 0 0 0 0 0 0 0 0 0 0 0 0 0 0 0 0 0 0
0 0 0 0 0 0 0 0 0 0 0 0 0 0 0 0 0 0 0 0 0 0
0 0 0 0 0 0 0 0 0 0 0 0 0 0 0 0 0 0 0 0 0 0
0 0 0 0 0 0 0 0 0 0 0 0 0 0 0 0 0 0 0 0 0 0
0 0 0 0 0 0 0 0 0 0 0 0 0 0 0 0 0 0 0 0 0 0
0 0 0 0 0 0 0 0 0 0 0 0 0 0 0 0 0 0 0 0 0 0
0 0 0 0 0 0 0 0 0 0 0 0 0 0 0 0 0 0 0 0 0 0
0 0 0 0 0 0 0 0 0 0 0 0 0 0 0 0 0 0 0 0 0 0
0 0 0 0 0 0 0 0 0 0 0 0 0 0 0 0 0 0 0 0 0 0
0 0 0 0 0 0 0 0 0 0 0 0 0 0 0 0 0 0 0 0 0 0
0 0 0 0 0 0 0 0 0 0 0 0 0 0 0 0 0 0 0 0 0 0
0 0 0 0 0 0 0 0 0 0 0 0 0 0 0 0 0 0 0 0 0 0
0 0 0 0 0 0 0 0 0 0 0 0 0 0 0 0 0 0 0 0 0 0
0 0 0 0 0 0 0 0 0 0 0 0 0 0 0 0 0 0 0 0 0 0
0 0 0 0 0 0 0 0 0 0 0 0 0 0 0 0 0 0 0 0 0 0
0 0 0 0 0 0 0 0 0 0 0 0 0 0 0 0 0 0 0 0 0 0
0 0 0 0 0 0 0 0 0 0 0 0 0 0 0 0 0 0 0 0 0 0
0 0 0 0 0 0 0 0 0 0 0 0 0 0 0 0 0 0 0 0 0 0
0 0 0 0 0 0 0 0 0 0 0 0 0 0 0 0 0 0 0 0 0 0
0 0 0 0 0 0 0 0 0 0 0 0 0 0 0 0 0 0 0 0 0 0
0 0 0 0 0 0 0 0 0 0 0 0 0 0 0 0 0 0 0 0 0 0
0 0 0 0 0 0 0 0 0 0 0 0 0 0 0 0 0 0 0 0 0 0
0 0 0 0 0 0 0 0 0 0 0 0 0 0 0 0 0 0 0 0 0 0
0 0 0 0 0 0 0 0 0 0 0 0 0 0 0 0 0 0 0 0 0 0
0 0 0 0 0 0 0 0 0 0 0 0 0 0 0 0 0 0 0 0 0 0
0 0 0 0 0 0 0 0 0 0 0 0 0 0 0 0 0 0 0 0 0 0
0 0 0 0 0 0 0 0 0 0 0 0 0 0 0 0 0 0 0 0 0 0
0 0 0 0 0 0 0 0 0 0 0 0 0 0 0 0 0 0 0 0 0 0
0 0 0 0 0 0 0 0 0 0 0 0 0 0 0 0 0 0 0 0 0 0
0 0 0 0 0 0 0 0 0 0 0 0 0 0 0 0 0 0 0 0 0 0
0 0 0 0 0 0 0 0 0 0 0 0 0 0 0 0 0 0 0 0 0 0
0 0 0 0 0 0 0 0 0 0 0 0 0 0 0 0 0 0 0 0 0 0
0 0 0 0 0 0 0 0 0 0 0 0 0 0 0 0 0 0 0 0 0 0
0 0 0 0 0 0 0 0 0 0 0 0 0 0 0 0 0 0 0 0 0 0
0 0 0 0 0 0 0 0 0 0 0 0 0 0 0 0 0 0 0 0 0 0
0 0 0 0 0 0 0 0 0 0 0 0 0 0 0 0 0 0 0 0 0 0

I cap
1058.909090909091 1058.909090909091 955.9490909091433 955.9490909091592 639.8999999999687 858.5599999999592 640.3600000001132 977.220000000035 664.2999999999479 725.8599999999581 350.2800000000516 606.0800000000498 628.4599999999409 720.1599999999494 431.800000000085 600.3490909091854 253.3290909090567 646.8290909090445 727.8490909091197 963.149090909091 1058.909090909091 1058.909090909091
107.96969696969697 107.96969696969697 104.52969696969697 104.52969696969697 62.89999999999988 84.43999999999996 7.640000000000199 52.77999999999996 40.699999999999854 73.13999999999922 5.7200000000001445 33.91999999999993 26.539999999999182 18.840000000000007 56.199999999999896 47.52969696969662 0.5496969696972389 53.04969696969584 58.029696969697056 95.72969696969697 107.96969696969697 107.96969696969697
38.96666666666666 38.96666666666666 14.033333333333328 14.033333333333328 6.299999999999995 7.658333333333337 6.958333333333334 18.825000000000003 20.225000000000005 25.200000000000003 9.133333333333333 0.7333333333333361 2.833333333333334 22.400000000000006 24.5 24.96666666666667 17.300000000000004 17.300000000000004 24.300000000000004 38.96666666666666 38.96666666666666 38.96666666666666
45.24545454545453 45.24545454545453 44.615454545454526 38.66545454545452 18.76000000000031 28.960000000000385 21.360000000000735 26.69000000000066 21.960000000000367 25.11000000000043 15.180000000000438 12.000000000000302 9.42000000000073 12.860000000000731 6.810000000000315 20.63545454545496 26.2654545454554 38.765454545454524 40.53545454545453 44.615454545454526 45.24545454545453 45.24545454545453
20.999999999999993 20.999999999999993 20.789999999999992 20.43999999999999 8.320000000000002 16.82 8.649999999999869 10.570000000000032 5.890000000000025 5.690000000000055 4.119999999999955 8.39999999999998 6.140000000000038 10.000000000000021 2.5499999999999456 5.289999999999951 5.169999999999961 13.79999999999999 17.55000000000001 20.789999999999992 20.999999999999993 20.999999999999993
345.75757575757575 345.75757575757575 341.76757575757574 308.8263992869875 180.1094117647059 187.68000000000066 186.94999999999868 179.04999999999933 229.31000000000162 227.44000000000125 155.10999999999999 148.8099999999992 188.8700000000012 167.47000000000236 143.20999999999935 177.06757575757317 246.40875222816757 295.908163992871 320.76757575757574 341.76757575757574 345.75757575757575 345.75757575757575
779.7575757575758 779.7575757575758 764.8475757575758 686.0975757575758 528.7700000000036 653.5700000000011 601.7100000000002 626.6799999999974 654.5999999999996 639.9499999999998 495.0500000000005 589.1099999999972 575.150000000001 612.0699999999974 500.0600000000011 536.3975757575704 559.4775757575775 676.9175757575758 713.6075757575758 764.8475757575758 779.7575757575758 779.7575757575758
80.73333333333335 80.73333333333335 80.10333333333335 79.40333333333335 61.52666666666664 81.06 67.18 74.88999999999999 72.35 78.89999999999999 66.44999999999997 76.69 84.30999999999999 84.88999999999997 72.42999999999999 63.26333333333309 62.94333333333329 72.78666666666669 78.18333333333335 80.10333333333335 80.73333333333335 80.73333333333335
10.775757575757575 10.775757575757575 10.775757575757575 10.775757575757575 2.7999999999999985 2.1999999999999975 1.0999999999999783 6.2999999999999945 5.549999999999982 2.049999999999997 0.050000000000006484 1.8500000000000085 1.4500000000000206 0.44999999999999485 0.9999999999999778 2.7257575757575703 2.025757575757576 3.175757575757574 5.975757575757577 10.775757575757575 10.775757575757575 10.775757575757575
2.545454545454545 2.545454545454545 1.915454545454545 1.915454545454545 1.96 0.5599999999999999 0.5500000000000064 0.12000000000000077 1.2400000000000935 1.2600000000000007 1.54 0.1399999999999999 0.5599999999999999 1.2600000000000002 0.8400000000000002 0.38545454545454916 0.2654545454545514 0.8654545454545483 1.1954545454546213 1.915454545454545 2.545454545454545 2.545454545454545
8.515433299825174 8.515433299825174 8.515433299825174 7.807629307084637 4.273961379310338 5.120704655172281 4.508937672413789 6.521445517241176 7.799882586206213 6.429271293103135 6.105982413792602 6.183134482758241 6.346383448275511 4.848636896551716 5.443642155172348 5.358679482758566 5.6152900272232165 5.902119540229881 6.2856475862068955 7.118618534482758 7.546136159874608 8.656057586206897
700.0 700.0 699.0 697.0 680.0 686.0 677.0 689.0 682.0 683.0 676.0 677.0 682.0 688.0 683.0 686.0 680.0 683.0 687.0 693.0 700.0 697.0

H cap
2.1000000000000387 2.1000000000000956 8.399999999999778 -10.500000000000112 24.149999999999935 24.149999999999935 2.099999999999941 11.549999999999914 46.19999999999993 36.74999999999994 20.9999999999999 30.449999999999903 -10.500000000000071 -1.0500000000001073 131.25 131.25 131.25 131.25 131.25 131.25 131.25 131.25
16.950000000000166 6.1500000000005235 17.40000000000075 12.900000000000443 14.2500000000006 11.55000000000043 -4.199999999999748 0.3000000000003149 11.550000000000427 9.750000000000462 7.950000000000386 9.750000000000792 5.250000000000369 18.750000000000593 52.5 52.5 52.5 52.5 52.5 52.5 52.5 52.5
37.80000000000001 37.80000000000001 53.550000000000004 47.25000000000001 47.25000000000001 50.400000000000006 40.95000000000001 40.95000000000001 47.25000000000001 44.10000000000001 47.25000000000001 50.400000000000006 37.80000000000001 40.95000000000001 63.0 63.0 63.0 63.0 63.0 63.0 63.0 63.0
-0.8999999999998267 -6.299999999999823 0.9000000000004924 -4.949999999999658 0.45000000000063567 0.4500000000008626 -4.4999999999991935 -2.249999999999293 1.800000000000658 -0.4499999999993314 0.4500000000005411 2.7000000000008395 -4.049999999999535 4.950000000000209 78.75 78.75 78.75 78.75 78.75 78.75 78.75 78.75

Gap
NaN

Time
NaN

