T P M C
22 37 4 12

base obj
11.349816849816847

exp obj
12.970695970695969

Objective struct
11.349816849816847 0.0 17.833333333333336

num campaigns
120

x
0 0 0 0 1 0 0 0 1 0 0 0 1 0 0 0 1 0 0 0 0 0
0 0 0 0 0 0 0 0 0 0 0 0 0 0 0 0 0 0 0 0 0 0
0 0 0 0 0 0 1 0 0 0 1 0 1 0 1 0 0 0 0 0 0 0
0 0 0 0 1 0 0 0 0 1 0 0 0 0 1 0 0 0 0 0 0 0
0 0 0 0 1 0 0 1 0 0 1 0 0 1 0 0 1 0 0 0 0 0
0 0 0 0 0 0 0 0 1 0 0 0 0 0 1 0 0 0 0 0 0 0
0 0 0 0 1 0 0 0 0 0 1 0 0 0 0 0 1 0 0 0 0 0
0 0 0 0 0 0 0 0 0 0 1 0 0 0 0 0 0 0 0 0 0 0
0 0 0 0 0 0 0 0 0 0 0 0 0 0 0 0 1 0 0 0 0 0
0 0 0 0 0 0 1 0 0 0 1 0 1 0 1 0 0 0 0 0 0 0
0 0 0 0 1 0 0 0 0 0 0 0 0 0 0 0 1 0 0 0 0 0
0 0 0 0 0 0 1 0 0 0 0 0 0 0 0 0 0 0 0 0 0 0
0 0 0 0 0 0 0 0 0 0 0 0 0 0 0 0 0 0 0 0 0 0
0 0 0 0 1 0 0 0 0 0 0 0 1 0 0 0 0 0 0 0 0 0
0 0 0 0 0 0 0 0 0 0 0 0 0 0 0 0 0 0 0 0 0 0
0 0 0 0 0 0 0 0 1 0 0 0 0 0 0 0 0 0 0 0 0 0
0 0 0 0 0 0 0 0 0 0 0 0 0 0 1 0 1 0 0 0 0 0
0 0 0 0 0 0 0 0 0 0 0 0 0 0 1 0 0 0 0 0 0 0
0 0 0 0 1 0 1 0 1 0 1 0 0 0 0 1 0 0 0 0 0 0
0 0 0 0 1 0 0 0 0 0 0 0 0 0 0 0 0 0 0 0 0 0
0 0 0 0 0 0 1 0 0 0 1 0 0 0 1 0 0 0 0 0 0 0
0 0 0 0 0 0 0 0 0 0 0 0 0 0 0 0 0 0 0 0 0 0
0 0 0 0 0 0 1 0 0 0 0 0 0 0 0 0 0 0 0 0 0 0
0 0 0 0 0 0 0 0 0 0 1 0 0 0 0 0 1 0 0 0 0 0
0 0 0 0 0 0 0 0 0 0 0 0 0 0 0 0 0 0 0 0 0 0
0 0 0 0 1 0 0 0 0 0 0 0 0 0 0 0 1 0 0 0 0 0
0 0 0 0 1 0 0 0 0 0 0 1 0 0 0 0 0 0 0 0 0 0
0 0 0 0 0 0 1 0 0 0 0 0 0 0 0 0 0 0 0 0 0 0
0 0 0 0 0 0 0 0 0 0 0 0 0 0 0 0 0 0 0 0 0 0
0 0 0 0 1 1 1 1 1 1 1 1 1 1 1 1 1 0 0 0 0 0
0 0 0 0 1 1 1 1 1 1 1 1 1 1 1 1 1 0 0 0 0 0
0 0 0 0 1 1 1 1 1 1 1 1 1 1 1 1 1 0 0 0 0 0
0 0 0 0 1 1 1 1 1 1 1 1 1 1 0 0 0 0 0 0 0 0
0 0 0 0 1 1 1 1 1 1 1 1 1 1 1 1 1 0 0 0 0 0
0 0 0 0 1 0 1 0 0 0 1 1 0 1 0 0 0 0 0 0 0 0
0 0 0 0 0 0 0 0 0 0 0 0 0 0 0 0 0 0 0 0 0 0
0 0 0 0 0 0 0 0 0 0 0 0 0 0 0 0 0 0 0 0 0 0

y
0.0 0.0 0.0 0.0 0.0 0.0 0.0 0.0 0.0 0.2857142857142858 0.0 0.0 0.0 2.0 0.0 0.0 0.0 0.0 0.0 0.0 0.0 0.0 0.0 0.0 0.0 0.0 1.0 0.0 0.0 0.0 0.0 0.0 0.52 0.0 0.0 0.0 0.0

k
0 3 0 0 0 1 0 0 0 4 0 0 3 1 2 0 0 0 2 0 0 2 0 1 2 0 1 0 6 0 0 0 16 0 8 13 2

f
0.0 0.0 0.0 0.0 0.0 0.0 0.0 0.0 0.0 0.0 0.0 0.0 4.200000000000024 0.0 0.0 0.0 0.0 0.0 0.0 0.0 0.0 0.0
0.0 0.0 0.0 0.0 0.0 0.0 0.0 0.0 0.0 0.0 0.0 0.0 0.0 0.0 0.0 0.0 0.0 0.0 0.0 0.0 0.0 0.0
0.0 0.0 0.0 0.0 0.0 0.0 0.0 0.0 0.0 0.0 0.0 0.0 0.0 0.0 0.0 0.0 0.0 0.0 0.0 0.0 0.0 0.0
0.0 4.949999999999989 0.0 1.7999999999997738 0.0 1.3499999999995183 0.0 3.1499999999996557 0.4499999999995419 0.0 2.6999999999996622 0.0 7.1999999999996405 0.0 0.0 0.0 0.0 0.0 0.0 0.0 0.0 0.0

L
4 0 2 5 3 6 6 0 0 2 12 0 0 8 0 0 2 0 2 0 4 0 0 6 0 12 7 0 0 1 1 1 1 1 1 0 0

g
0 0 0 0 0 0 0 0 0 0 0 0 0 0 0 0 0 0 0 0 0 0
0 0 0 0 0 0 0 0 0 0 0 0 0 0 0 0 0 0 0 0 0 0
0 0 0 0 0 0 0 0 0 0 0 0 0 0 0 0 0 0 0 0 0 0
0 0 0 0 0 0 0 0 0 0 0 0 0 0 0 0 0 0 0 0 0 0
0 0 0 0 0 0 0 0 0 0 0 0 0 0 0 0 0 0 0 0 0 0
0 0 0 0 0 0 0 0 0 0 0 0 0 0 0 0 0 0 0 0 0 0
0 0 0 0 0 0 0 0 0 0 0 0 0 0 0 0 0 0 0 0 0 0
0 0 0 0 0 0 0 0 0 0 0 0 0 0 0 0 0 0 0 0 0 0
0 0 0 0 0 0 0 0 0 0 0 0 0 0 0 0 0 0 0 0 0 0
0 0 0 0 0 0 0 0 0 0 0 0 0 0 0 0 0 0 0 0 0 0
0 0 0 0 0 0 0 0 0 0 0 0 0 0 0 0 0 0 0 0 0 0
0 0 0 0 0 0 0 0 0 0 0 0 0 0 0 0 0 0 0 0 0 0
0 0 0 0 0 0 0 0 0 0 0 0 0 0 0 0 0 0 0 0 0 0
0 0 0 0 0 0 0 0 0 0 0 0 0 0 0 0 0 0 0 0 0 0
0 0 0 0 0 0 0 0 0 0 0 0 0 0 0 0 0 0 0 0 0 0
0 0 0 0 0 0 0 0 0 0 0 0 0 0 0 0 0 0 0 0 0 0
0 0 0 0 0 0 0 0 0 0 0 0 0 0 0 0 0 0 0 0 0 0
0 0 0 0 0 0 0 0 0 0 0 0 0 0 0 0 0 0 0 0 0 0
0 0 0 0 0 0 0 0 0 0 0 0 0 0 0 0 0 0 0 0 0 0
0 0 0 0 0 0 0 0 0 0 0 0 0 0 0 0 0 0 0 0 0 0
0 0 0 0 0 0 0 0 0 0 0 0 0 0 0 0 0 0 0 0 0 0
0 0 0 0 0 0 0 0 0 0 0 0 0 0 0 0 0 0 0 0 0 0
0 0 0 0 0 0 0 0 0 0 0 0 0 0 0 0 0 0 0 0 0 0
0 0 0 0 0 0 0 0 0 0 0 0 0 0 0 0 0 0 0 0 0 0
0 0 0 0 0 0 0 0 0 0 0 0 0 0 0 0 0 0 0 0 0 0
0 0 0 0 0 0 0 0 0 0 0 0 0 0 0 0 0 0 0 0 0 0
0 0 0 0 0 0 0 0 0 0 0 0 0 0 0 0 0 0 0 0 0 0
0 0 0 0 0 0 0 0 0 0 0 0 0 0 0 0 0 0 0 0 0 0
0 0 0 0 0 0 0 0 0 0 0 0 0 0 0 0 0 0 0 0 0 0
0 0 0 0 0 0 0 0 0 0 0 0 0 0 0 0 0 0 0 0 0 0
0 0 0 0 0 0 0 0 0 0 0 0 0 0 0 0 0 0 0 0 0 0
0 0 0 0 0 0 0 0 0 0 0 0 0 0 0 0 0 0 0 0 0 0
0 0 0 0 0 0 0 0 0 0 0 0 0 0 0 0 0 0 0 0 0 0
0 0 0 0 0 0 0 0 0 0 0 0 0 0 0 0 0 0 0 0 0 0
0 0 0 0 0 0 0 0 0 0 0 0 0 0 0 0 0 0 0 0 0 0
0 0 0 0 0 0 0 0 0 0 0 0 0 0 0 0 0 0 0 0 0 0
0 0 0 0 0 0 0 0 0 0 0 0 0 0 0 0 0 0 0 0 0 0

I cap
1058.909090909091 1058.909090909091 955.9490909091151 955.9490909091201 651.8999999999985 870.5599999999897 717.5800000000388 898.9800000000157 478.1399999999812 678.8199999999779 514.4800000000193 516.3400000000377 628.4599999999828 716.7599999999691 417.1600000000269 618.729090909146 459.7490909090814 706.329090909059 787.3490909091097 963.149090909091 1058.909090909091 1058.909090909091
107.96969696969697 107.96969696969697 104.52969696969697 104.52969696969697 62.89999999999975 84.43999999999998 6.419999999999973 45.02000000000004 33.859999999999786 70.17999999999965 27.51999999999967 29.66000000000018 26.53999999999948 17.23999999999978 46.839999999999606 48.14969696969688 17.12969696969696 55.54969696969636 60.529696969696914 95.72969696969697 107.96969696969697 107.96969696969697
38.96666666666666 38.96666666666666 14.033333333333328 14.033333333333328 20.96666666666666 35.0 12.633333333333333 16.833333333333336 11.23333333333334 32.2 2.133333333333333 7.733333333333336 2.833333333333334 23.725000000000005 4.158333333333335 4.6250000000000036 4.6249999999999964 31.96666666666667 38.96666666666667 38.96666666666666 38.96666666666666 38.96666666666666
45.24545454545453 45.24545454545453 44.615454545454526 38.66545454545452 18.760000000000264 28.960000000000246 20.570000000000388 23.77000000000063 20.680000000000348 26.310000000000347 21.45000000000025 11.92000000000035 9.42000000000034 10.460000000000335 3.8100000000002554 20.635454545454824 30.465454545455195 41.16545454545452 42.935454545454526 44.615454545454526 45.24545454545453 45.24545454545453
20.999999999999993 20.999999999999993 20.789999999999992 20.43999999999999 8.319999999999993 16.819999999999972 7.24999999999992 7.849999999999939 5.249999999999977 6.650000000000015 8.559999999999986 7.760000000000062 6.140000000000038 9.999999999999993 0.14999999999999458 5.2899999999999885 7.569999999999974 13.799999999999983 17.55000000000001 20.789999999999992 20.999999999999993 20.999999999999993
345.75757575757575 345.75757575757575 341.76757575757574 308.8263992869875 180.1094117647059 187.6800000000004 179.57999999999993 129.81000000000003 179.31000000000034 192.58000000000087 157.0800000000002 159.3099999999999 188.8700000000013 186.47000000000227 160.75999999999945 149.66757575757444 221.10875222816406 252.00816399287075 302.71757575757573 341.76757575757574 345.75757575757575 345.75757575757575
779.7575757575758 779.7575757575758 764.8475757575758 686.0975757575758 450.020000000002 592.3199999999999 607.0800000000003 556.0800000000004 583.1199999999995 626.179999999999 560.9100000000011 576.5299999999972 575.1499999999994 693.4199999999976 619.9400000000014 587.4175757575717 598.4475757575763 666.2375757575762 719.8475757575758 764.8475757575758 779.7575757575758 779.7575757575758
80.73333333333335 80.73333333333335 80.10333333333335 79.40333333333335 61.52666666666666 81.06 68.37 73.97 70.74999999999997 79.61999999999999 68.66000000000003 75.09 84.30999999999999 84.88999999999997 70.63 63.26333333333313 64.74333333333331 72.78666666666669 78.18333333333335 80.10333333333335 80.73333333333335 80.73333333333335
10.775757575757575 10.775757575757575 10.775757575757575 10.775757575757574 2.8000000000000047 2.1999999999999957 1.1000000000000014 0.6999999999999984 1.7499999999999962 2.799999999999997 2.100000000000013 1.0500000000000014 1.8500000000000216 0.8499999999999979 4.169999999999991 0.15575757575757088 0.15575757575757443 0.15575757575758153 4.3857575757575775 10.775757575757575 10.775757575757575 10.775757575757575
2.545454545454545 2.545454545454545 1.915454545454545 1.915454545454545 1.96 0.5599999999999999 0.5500000000000295 0.12000000000000077 1.2400000000000366 1.2600000000000007 1.54 0.1399999999999999 0.5599999999999999 1.2600000000000002 0.8400000000000002 0.38545454545454694 0.2654545454545474 0.8654545454545598 1.195454545454608 1.915454545454545 2.545454545454545 2.545454545454545
8.515433299825174 8.515433299825174 8.515433299825174 7.807629307084664 3.9291337931034445 4.775877068965462 4.164110086206886 6.176617931034341 8.40333086206854 6.608581637930831 6.023223965516881 6.269341379310017 6.346383448275644 4.848636724137924 5.788469741379269 5.61040362068964 6.215290199636998 6.16074040229884 5.940820172413792 7.118618534482758 7.546136159874608 8.31123
700.0 700.0 699.0 697.0 682.0 688.0 675.0 686.0 683.0 687.0 680.0 683.0 681.0 683.0 678.0 686.0 680.0 680.0 687.0 691.0 700.0 698.0

H cap
11.550000000000013 11.550000000000013 20.9999999999999 11.549999999999928 2.099999999999966 2.0999999999999943 8.399999999999935 2.0999999999999233 49.34999999999992 55.64999999999992 11.549999999999969 11.549999999999983 -4.200000000000024 5.249999999999972 131.25 131.25 131.25 131.25 131.25 131.25 131.25 131.25
16.95000000000023 3.450000000000271 14.25000000000037 12.450000000000262 14.700000000000266 14.250000000000224 5.700000000000375 2.5500000000002396 4.35000000000027 5.250000000000332 8.400000000000347 15.600000000000545 13.800000000000235 24.600000000000414 52.5 52.5 52.5 52.5 52.5 52.5 52.5 52.5
37.80000000000001 37.80000000000001 50.400000000000006 47.25000000000001 50.400000000000006 50.400000000000006 40.95000000000001 40.95000000000001 50.400000000000006 50.400000000000006 44.10000000000001 44.10000000000001 37.80000000000001 40.95000000000001 63.0 63.0 63.0 63.0 63.0 63.0 63.0 63.0
1.8000000000000993 -4.949999999999989 0.4500000000002484 -1.7999999999997738 0.9000000000004653 -1.3499999999995183 1.3500000000003958 -3.1499999999996557 -0.4499999999995419 4.950000000000452 -2.6999999999996622 4.53859172466764e-13 -7.1999999999996405 0.4500000000002018 78.75 78.75 78.75 78.75 78.75 78.75 78.75 78.75

Gap
NaN

Time
NaN

