T P M C
22 37 4 12

base obj
11.514652014652013

exp obj
12.969322344322343

Objective struct
11.514652014652013 0.0 17.333333333333332

num campaigns
120

x
0 0 0 0 1 0 0 0 1 0 0 0 1 0 0 0 1 0 0 0 0 0
0 0 0 0 0 0 0 0 0 0 0 0 0 0 0 0 0 0 0 0 0 0
0 0 0 0 0 0 0 0 1 0 0 0 1 0 0 0 1 0 0 0 0 0
0 0 0 0 1 0 0 0 0 0 1 0 0 0 0 0 1 0 0 0 0 0
0 0 0 0 1 0 1 0 1 0 0 1 0 0 1 0 0 0 0 0 0 0
0 0 0 0 0 0 1 0 0 0 0 0 0 0 1 0 0 0 0 0 0 0
0 0 0 0 1 0 0 0 0 0 1 0 0 0 0 0 1 0 0 0 0 0
0 0 0 0 0 0 0 0 0 0 0 0 1 0 0 0 0 0 0 0 0 0
0 0 0 0 0 0 0 0 0 0 0 0 0 0 0 0 1 0 0 0 0 0
0 0 0 0 0 0 0 0 1 0 0 0 0 0 1 0 0 0 0 0 0 0
0 0 0 0 1 0 0 0 0 0 0 0 0 0 0 0 1 0 0 0 0 0
0 0 0 0 0 0 1 0 0 0 0 0 0 0 0 0 0 0 0 0 0 0
0 0 0 0 0 0 0 0 0 0 0 0 0 0 0 0 0 0 0 0 0 0
0 0 0 0 1 0 0 0 0 0 0 0 1 0 0 0 0 0 0 0 0 0
0 0 0 0 0 0 0 0 0 0 0 0 0 0 0 0 0 0 0 0 0 0
0 0 0 0 0 0 0 0 0 0 1 0 0 0 0 0 0 0 0 0 0 0
0 0 0 0 0 0 0 0 0 0 0 0 0 0 0 0 1 0 0 0 0 0
0 0 0 0 0 0 0 0 0 0 0 0 0 0 1 0 0 0 0 0 0 0
0 0 0 0 1 0 1 0 1 0 1 0 0 1 0 1 0 0 0 0 0 0
0 0 0 0 1 0 0 0 0 0 0 0 0 0 0 0 0 0 0 0 0 0
0 0 0 0 1 0 0 0 0 0 1 0 0 0 0 0 1 0 0 0 0 0
0 0 0 0 0 0 0 0 0 0 0 0 0 0 0 0 0 0 0 0 0 0
0 0 0 0 0 0 1 0 0 0 0 0 0 0 0 0 0 0 0 0 0 0
0 0 0 0 0 0 0 0 1 0 0 0 0 0 1 0 0 0 0 0 0 0
0 0 0 0 0 0 0 0 0 0 1 0 0 0 0 0 0 0 0 0 0 0
0 0 0 0 1 0 0 0 0 0 0 0 0 0 0 0 1 0 0 0 0 0
0 0 0 0 1 0 0 0 0 0 0 0 0 1 0 0 0 0 0 0 0 0
0 0 0 0 0 0 1 0 0 0 0 0 0 0 0 0 0 0 0 0 0 0
0 0 0 0 0 0 0 0 0 0 0 0 0 0 0 0 0 0 0 0 0 0
0 0 0 0 1 1 1 1 1 1 1 1 1 1 1 1 1 0 0 0 0 0
0 0 0 0 1 1 1 1 1 1 1 1 1 1 1 1 1 0 0 0 0 0
0 0 0 0 1 1 1 1 1 1 1 1 1 1 1 1 1 0 0 0 0 0
0 0 0 0 1 0 1 1 1 1 1 1 0 0 1 1 0 0 0 0 0 0
0 0 0 0 1 1 1 1 1 1 1 1 1 1 1 1 1 0 0 0 0 0
0 0 0 0 1 0 1 1 1 0 0 1 1 1 0 1 0 0 0 0 0 0
0 0 0 0 0 0 0 0 0 0 0 0 0 0 0 0 0 0 0 0 0 0
0 0 0 0 0 0 0 0 0 0 0 0 0 0 0 0 0 0 0 0 0 0

y
0.0 0.0 0.0 0.0 0.0 2.0 0.0 0.0 0.0 4.285714285714286 0.0 0.0 0.0 2.0 0.0 0.0 0.0 0.0 0.0 0.0 0.0 0.0 0.0 0.0 0.0 0.0 3.0 0.0 0.0 0.0 0.0 0.0 0.52 0.0 0.0 0.0 0.0

k
0 3 1 0 0 1 0 0 0 6 0 0 3 1 2 0 1 0 1 0 0 2 0 1 1 0 1 0 6 0 0 0 17 0 5 13 2

f
0.0 0.0 0.0 0.0 0.0 0.0 0.0 0.0 0.0 0.0 0.0 0.0 13.649999999999933 4.200000000000086 0.0 0.0 0.0 0.0 0.0 0.0 0.0 0.0
0.0 0.0 0.0 0.0 0.0 0.0 0.0 0.0 0.0 0.0 0.0 0.0 0.0 0.0 0.0 0.0 0.0 0.0 0.0 0.0 0.0 0.0
0.0 0.0 0.0 0.0 0.0 0.0 0.0 0.0 0.0 0.0 0.0 0.0 0.0 0.0 0.0 0.0 0.0 0.0 0.0 0.0 0.0 0.0
0.8999999999997854 6.299999999999805 0.0 1.3499999999997496 1.7999999999992973 0.4499999999993207 0.4499999999994261 4.049999999999418 0.0 3.1499999999992263 0.0 0.0 3.599999999999626 0.0 0.0 0.0 0.0 0.0 0.0 0.0 0.0 0.0

L
4 0 4 6 2 8 6 0 0 6 12 0 0 8 0 0 0 0 2 0 6 0 0 6 0 12 9 0 0 1 1 1 1 1 1 0 0

g
0 0 0 0 0 0 0 0 0 0 0 0 0 0 0 0 0 0 0 0 0 0
0 0 0 0 0 0 0 0 0 0 0 0 0 0 0 0 0 0 0 0 0 0
0 0 0 0 0 0 0 0 0 0 0 0 0 0 0 0 0 0 0 0 0 0
0 0 0 0 0 0 0 0 0 0 0 0 0 0 0 0 0 0 0 0 0 0
0 0 0 0 0 0 0 0 0 0 0 0 0 0 0 0 0 0 0 0 0 0
0 0 0 0 0 0 0 0 0 0 0 0 0 0 0 0 0 0 0 0 0 0
0 0 0 0 0 0 0 0 0 0 0 0 0 0 0 0 0 0 0 0 0 0
0 0 0 0 0 0 0 0 0 0 0 0 0 0 0 0 0 0 0 0 0 0
0 0 0 0 0 0 0 0 0 0 0 0 0 0 0 0 0 0 0 0 0 0
0 0 0 0 0 0 0 0 0 0 0 0 0 0 0 0 0 0 0 0 0 0
0 0 0 0 0 0 0 0 0 0 0 0 0 0 0 0 0 0 0 0 0 0
0 0 0 0 0 0 0 0 0 0 0 0 0 0 0 0 0 0 0 0 0 0
0 0 0 0 0 0 0 0 0 0 0 0 0 0 0 0 0 0 0 0 0 0
0 0 0 0 0 0 0 0 0 0 0 0 0 0 0 0 0 0 0 0 0 0
0 0 0 0 0 0 0 0 0 0 0 0 0 0 0 0 0 0 0 0 0 0
0 0 0 0 0 0 0 0 0 0 0 0 0 0 0 0 0 0 0 0 0 0
0 0 0 0 0 0 0 0 0 0 0 0 0 0 0 0 0 0 0 0 0 0
0 0 0 0 0 0 0 0 0 0 0 0 0 0 0 0 0 0 0 0 0 0
0 0 0 0 0 0 0 0 0 0 0 0 0 0 0 0 0 0 0 0 0 0
0 0 0 0 0 0 0 0 0 0 0 0 0 0 0 0 0 0 0 0 0 0
0 0 0 0 0 0 0 0 0 0 0 0 0 0 0 0 0 0 0 0 0 0
0 0 0 0 0 0 0 0 0 0 0 0 0 0 0 0 0 0 0 0 0 0
0 0 0 0 0 0 0 0 0 0 0 0 0 0 0 0 0 0 0 0 0 0
0 0 0 0 0 0 0 0 0 0 0 0 0 0 0 0 0 0 0 0 0 0
0 0 0 0 0 0 0 0 0 0 0 0 0 0 0 0 0 0 0 0 0 0
0 0 0 0 0 0 0 0 0 0 0 0 0 0 0 0 0 0 0 0 0 0
0 0 0 0 0 0 0 0 0 0 0 0 0 0 0 0 0 0 0 0 0 0
0 0 0 0 0 0 0 0 0 0 0 0 0 0 0 0 0 0 0 0 0 0
0 0 0 0 0 0 0 0 0 0 0 0 0 0 0 0 0 0 0 0 0 0
0 0 0 0 0 0 0 0 0 0 0 0 0 0 0 0 0 0 0 0 0 0
0 0 0 0 0 0 0 0 0 0 0 0 0 0 0 0 0 0 0 0 0 0
0 0 0 0 0 0 0 0 0 0 0 0 0 0 0 0 0 0 0 0 0 0
0 0 0 0 0 0 0 0 0 0 0 0 0 0 0 0 0 0 0 0 0 0
0 0 0 0 0 0 0 0 0 0 0 0 0 0 0 0 0 0 0 0 0 0
0 0 0 0 0 0 0 0 0 0 0 0 0 0 0 0 0 0 0 0 0 0
0 0 0 0 0 0 0 0 0 0 0 0 0 0 0 0 0 0 0 0 0 0
0 0 0 0 0 0 0 0 0 0 0 0 0 0 0 0 0 0 0 0 0 0

I cap
1058.909090909091 1058.909090909091 955.9490909091398 955.9490909091489 639.8999999999712 858.5599999999611 624.1600000001063 1022.0200000000414 609.4999999999472 755.9199999999532 370.62000000005014 731.5000000000518 753.2799999999459 712.0599999999563 569.5600000000779 633.7290909091805 316.7490909090544 661.8290909090426 746.4490909091157 963.149090909091 1058.909090909091 1058.909090909091
107.96969696969697 107.96969696969697 104.52969696969697 104.52969696969697 62.899999999999665 84.43999999999996 32.840000000000096 81.98000000000009 52.49999999999983 87.07999999999912 46.38000000000013 74.50000000000011 50.7199999999992 41.94000000000008 32.43999999999987 20.14969696969653 1.1296969696972274 46.04969696969579 51.429696969697005 95.72969696969697 107.96969696969697 107.96969696969697
38.96666666666666 38.96666666666666 14.033333333333328 14.033333333333328 6.299999999999988 20.333333333333336 12.633333333333333 31.5 25.900000000000006 32.2 2.133333333333331 7.733333333333336 2.833333333333334 16.725000000000005 11.825 12.291666666666668 4.625000000000005 17.299999999999997 24.299999999999997 38.96666666666666 38.96666666666666 38.96666666666666
45.24545454545453 45.24545454545453 44.615454545454526 38.66545454545452 18.760000000000332 28.96000000000043 24.33000000000059 30.560000000000496 20.460000000000292 22.710000000000477 23.12000000000026 22.470000000000333 17.720000000000674 15.39000000000059 6.290000000000264 21.10545454545476 27.46545454545539 36.96545454545452 39.585454545454525 44.615454545454526 45.24545454545453 45.24545454545453
20.999999999999993 20.999999999999993 20.789999999999992 20.43999999999999 8.319999999999997 16.819999999999972 9.639999999999919 11.859999999999884 5.529999999999978 5.030000000000049 7.970000000000009 13.049999999999976 9.630000000000063 11.230000000000075 4.599999999999941 8.080000000000002 5.16999999999995 10.439999999999976 14.870000000000008 20.789999999999992 20.999999999999993 20.999999999999993
345.75757575757575 345.75757575757575 341.76757575757574 308.8263992869875 180.1094117647059 187.6800000000005 213.01999999999936 213.0199999999998 203.24000000000237 153.47000000000102 149.04999999999924 175.51999999999953 220.81000000000148 230.94000000000216 179.57999999999925 202.80757575757582 253.55875222816485 242.76816399287029 295.3475757575757 341.76757575757574 345.75757575757575 345.75757575757575
779.7575757575758 779.7575757575758 764.8475757575758 686.0975757575758 528.7700000000046 653.5700000000011 603.6900000000009 629.2599999999989 669.6300000000002 619.9799999999977 526.3799999999993 734.6699999999962 776.31 692.7799999999977 545.8399999999999 586.1375757575731 577.8075757575768 601.5575757575759 668.2575757575758 764.8475757575758 779.7575757575758 779.7575757575758
80.73333333333335 80.73333333333335 80.10333333333335 79.40333333333335 61.52666666666643 81.06 68.17 76.18 72.19999999999999 78.44999999999999 69.68999999999998 80.49999999999999 87.07 86.09999999999998 73.6 65.02333333333314 62.94333333333333 70.2666666666667 76.17333333333335 80.10333333333335 80.73333333333335 80.73333333333335
10.775757575757575 10.775757575757575 10.775757575757575 10.775757575757574 2.7999999999999985 2.200000000000001 1.0999999999999899 3.0999999999999943 3.8000000000000114 0.7000000000000091 1.7500000000000193 1.000000000000013 4.440892098500626e-16 0.3499999999999863 2.55 1.8257575757575746 3.745757575757577 0.15575757575757443 4.385757575757576 10.775757575757575 10.775757575757575 10.775757575757575
2.545454545454545 2.545454545454545 1.915454545454545 1.915454545454545 1.96 0.5599999999999999 0.5500000000000081 0.12000000000000077 1.2400000000000833 1.2600000000000007 1.54 0.1399999999999999 0.5599999999999999 1.2600000000000002 0.8400000000000002 0.38545454545454605 0.2654545454545477 0.8654545454545451 1.195454545454632 1.915454545454545 2.545454545454545 2.545454545454545
8.515433299825174 8.515433299825174 8.515433299825174 7.807629307084662 4.273961379310338 5.120704655172322 4.508937672413777 6.6076524137929 6.851606724137293 6.343064396551472 7.6577067241374195 7.569341551723767 6.43603879310317 4.59001603448275 5.78846956896547 6.0414379310344515 5.611841923774947 6.160740402298849 6.285647758620689 7.463446120689655 7.546136159874608 8.31123
700.0 700.0 699.0 697.0 680.0 687.0 677.0 690.0 680.0 685.0 678.0 682.0 682.0 685.0 682.0 687.0 677.0 681.0 690.0 693.0 700.0 698.0

H cap
2.099999999999911 2.1000000000000245 8.399999999999878 8.399999999999892 36.74999999999997 36.74999999999986 52.4999999999999 43.0499999999999 17.84999999999995 2.099999999999916 14.700000000000001 30.449999999999932 -13.649999999999933 -4.200000000000086 131.25 131.25 131.25 131.25 131.25 131.25 131.25 131.25
16.950000000000355 6.1500000000003725 20.100000000000424 14.700000000000632 7.050000000000523 9.750000000000364 18.75000000000031 14.250000000000266 5.2500000000002505 7.050000000000469 14.700000000000372 14.700000000000664 5.70000000000027 21.900000000000457 52.5 52.5 52.5 52.5 52.5 52.5 52.5 52.5
37.80000000000001 37.80000000000001 53.550000000000004 53.550000000000004 44.10000000000001 44.10000000000001 53.550000000000004 50.400000000000006 50.400000000000006 47.25000000000001 44.10000000000001 47.25000000000001 37.80000000000001 40.95000000000001 63.0 63.0 63.0 63.0 63.0 63.0 63.0 63.0
-0.8999999999997854 -6.299999999999805 1.3500000000003132 -1.3499999999997496 -1.7999999999992973 -0.4499999999993207 -0.4499999999994261 -4.049999999999418 3.150000000000663 -3.1499999999992263 4.916067553040193e-13 6.30000000000066 -3.599999999999626 6.750000000000361 78.75 78.75 78.75 78.75 78.75 78.75 78.75 78.75

Gap
NaN

Time
NaN

