T P M C
22 37 4 12

base obj
11.210164835164834

exp obj
12.907623626373626

Objective struct
11.210164835164834 0.0 18.0

num campaigns
121

x
0 0 0 0 0 0 1 0 1 0 0 0 1 0 0 0 1 0 0 0 0 0
0 0 0 0 0 0 0 0 0 0 0 0 0 0 0 0 0 0 0 0 0 0
0 0 0 0 1 0 0 0 0 0 1 0 0 0 1 0 0 0 0 0 0 0
0 0 0 0 1 0 0 0 0 1 0 0 0 0 1 0 0 0 0 0 0 0
0 0 0 0 1 0 0 1 0 0 1 0 0 1 0 0 1 0 0 0 0 0
0 0 0 0 0 0 1 0 0 0 0 0 0 0 1 0 0 0 0 0 0 0
0 0 0 0 1 0 0 0 0 0 1 0 0 0 0 0 1 0 0 0 0 0
0 0 0 0 0 0 0 0 0 0 1 0 0 0 0 0 0 0 0 0 0 0
0 0 0 0 0 0 0 0 0 0 0 0 0 0 0 0 1 0 0 0 0 0
0 0 0 0 0 0 0 0 0 0 1 0 1 0 1 0 0 0 0 0 0 0
0 0 0 0 1 0 0 0 0 0 0 0 0 0 0 0 1 0 0 0 0 0
0 0 0 0 1 0 0 0 0 0 0 0 0 0 0 0 0 0 0 0 0 0
0 0 0 0 0 0 0 0 0 0 0 0 0 0 0 0 0 0 0 0 0 0
0 0 0 0 0 0 0 0 0 0 1 0 0 0 0 0 1 0 0 0 0 0
0 0 0 0 0 0 0 0 0 0 0 0 0 0 0 0 0 0 0 0 0 0
0 0 0 0 1 0 0 0 0 0 0 0 0 0 0 0 0 0 0 0 0 0
0 0 0 0 0 0 0 0 0 0 0 0 0 0 1 0 1 0 0 0 0 0
0 0 0 0 0 0 0 0 0 0 0 0 0 0 1 0 0 0 0 0 0 0
0 0 0 0 1 0 0 1 0 1 0 1 0 1 0 1 0 0 0 0 0 0
0 0 0 0 1 0 0 0 0 0 0 0 0 0 0 0 0 0 0 0 0 0
0 0 0 0 1 0 0 0 0 0 1 0 0 0 0 0 1 0 0 0 0 0
0 0 0 0 0 0 0 0 0 0 0 0 0 0 0 0 0 0 0 0 0 0
0 0 0 0 0 0 0 0 1 0 0 0 0 0 0 0 0 0 0 0 0 0
0 0 0 0 0 0 1 0 0 0 0 0 1 0 0 0 0 0 0 0 0 0
0 0 0 0 0 0 0 0 0 0 0 0 0 0 0 0 0 0 0 0 0 0
0 0 0 0 1 0 0 0 0 0 0 0 0 0 0 0 1 0 0 0 0 0
0 0 0 0 0 1 0 0 1 0 0 0 1 0 0 0 0 0 0 0 0 0
0 0 0 0 0 0 0 0 0 0 0 0 1 0 0 0 0 0 0 0 0 0
0 0 0 0 0 0 0 0 0 0 0 0 0 0 0 0 0 0 0 0 0 0
0 0 0 0 1 1 1 1 1 1 1 1 1 1 1 1 1 0 0 0 0 0
0 0 0 0 1 1 1 1 1 1 1 1 1 1 1 1 1 0 0 0 0 0
0 0 0 0 1 1 1 1 1 1 1 1 1 1 1 1 1 0 0 0 0 0
0 0 0 0 1 1 1 1 1 1 1 1 1 1 1 0 0 0 0 0 0 0
0 0 0 0 1 1 1 1 1 1 1 1 1 1 1 1 1 0 0 0 0 0
0 0 0 0 0 0 0 1 1 0 1 1 1 0 0 0 0 0 0 0 0 0
0 0 0 0 0 0 0 0 0 0 0 0 0 0 0 0 0 0 0 0 0 0
0 0 0 0 0 0 0 0 0 0 0 0 0 0 0 0 0 0 0 0 0 0

y
0.0 0.0 0.0 0.0 0.0 2.0 0.0 0.0 0.0 0.2857142857142858 0.0 0.0 0.0 0.0 0.0 0.0 0.0 0.0 0.0 0.0 0.0 0.0 0.0 0.0 0.0 0.0 0.0 0.0 0.0 0.0 0.0 0.0 0.52 0.0 0.0 0.0 0.0

k
0 3 1 0 0 1 0 0 0 5 0 0 3 1 2 0 0 0 1 0 0 2 0 1 2 0 0 0 6 0 0 0 15 0 8 13 2

f
0.0 1.0500000000000096 0.0 0.0 0.0 0.0 0.0 0.0 0.0 1.0500000000000664 0.0 0.0 4.200000000000028 0.0 0.0 0.0 0.0 0.0 0.0 0.0 0.0 0.0
0.0 0.0 0.0 0.0 0.0 0.0 0.0 0.0 0.0 0.0 0.0 0.0 0.0 0.0 0.0 0.0 0.0 0.0 0.0 0.0 0.0 0.0
0.0 0.0 0.0 0.0 0.0 0.0 0.0 0.0 0.0 0.0 0.0 0.0 0.0 0.0 0.0 0.0 0.0 0.0 0.0 0.0 0.0 0.0
0.0 7.1999999999999424 3.1499999999994728 1.349999999999671 0.0 0.0 0.0 0.0 0.0 0.44999999999896545 2.249999999999235 0.0 6.749999999999749 0.0 0.0 0.0 0.0 0.0 0.0 0.0 0.0 0.0

L
2 0 4 5 3 8 6 0 0 2 12 0 0 6 0 0 2 0 2 0 6 0 0 6 0 12 3 0 0 1 1 1 1 1 1 0 0

g
0 0 0 0 0 0 0 0 0 0 0 0 0 0 0 0 0 0 0 0 0 0
0 0 0 0 0 0 0 0 0 0 0 0 0 0 0 0 0 0 0 0 0 0
0 0 0 0 0 0 0 0 0 0 0 0 0 0 0 0 0 0 0 0 0 0
0 0 0 0 0 0 0 0 0 0 0 0 0 0 0 0 0 0 0 0 0 0
0 0 0 0 0 0 0 0 0 0 0 0 0 0 0 0 0 0 0 0 0 0
0 0 0 0 0 0 0 0 0 0 0 0 0 0 0 0 0 0 0 0 0 0
0 0 0 0 0 0 0 0 0 0 0 0 0 0 0 0 0 0 0 0 0 0
0 0 0 0 0 0 0 0 0 0 0 0 0 0 0 0 0 0 0 0 0 0
0 0 0 0 0 0 0 0 0 0 0 0 0 0 0 0 0 0 0 0 0 0
0 0 0 0 0 0 0 0 0 0 0 0 0 0 0 0 0 0 0 0 0 0
0 0 0 0 0 0 0 0 0 0 0 0 0 0 0 0 0 0 0 0 0 0
0 0 0 0 0 0 0 0 0 0 0 0 0 0 0 0 0 0 0 0 0 0
0 0 0 0 0 0 0 0 0 0 0 0 0 0 0 0 0 0 0 0 0 0
0 0 0 0 0 0 0 0 0 0 0 0 0 0 0 0 0 0 0 0 0 0
0 0 0 0 0 0 0 0 0 0 0 0 0 0 0 0 0 0 0 0 0 0
0 0 0 0 0 0 0 0 0 0 0 0 0 0 0 0 0 0 0 0 0 0
0 0 0 0 0 0 0 0 0 0 0 0 0 0 0 0 0 0 0 0 0 0
0 0 0 0 0 0 0 0 0 0 0 0 0 0 0 0 0 0 0 0 0 0
0 0 0 0 0 0 0 0 0 0 0 0 0 0 0 0 0 0 0 0 0 0
0 0 0 0 0 0 0 0 0 0 0 0 0 0 0 0 0 0 0 0 0 0
0 0 0 0 0 0 0 0 0 0 0 0 0 0 0 0 0 0 0 0 0 0
0 0 0 0 0 0 0 0 0 0 0 0 0 0 0 0 0 0 0 0 0 0
0 0 0 0 0 0 0 0 0 0 0 0 0 0 0 0 0 0 0 0 0 0
0 0 0 0 0 0 0 0 0 0 0 0 0 0 0 0 0 0 0 0 0 0
0 0 0 0 0 0 0 0 0 0 0 0 0 0 0 0 0 0 0 0 0 0
0 0 0 0 0 0 0 0 0 0 0 0 0 0 0 0 0 0 0 0 0 0
0 0 0 0 0 0 0 0 0 0 0 0 0 0 0 0 0 0 0 0 0 0
0 0 0 0 0 0 0 0 0 0 0 0 0 0 0 0 0 0 0 0 0 0
0 0 0 0 0 0 0 0 0 0 0 0 0 0 0 0 0 0 0 0 0 0
0 0 0 0 0 0 0 0 0 0 0 0 0 0 0 0 0 0 0 0 0 0
0 0 0 0 0 0 0 0 0 0 0 0 0 0 0 0 0 0 0 0 0 0
0 0 0 0 0 0 0 0 0 0 0 0 0 0 0 0 0 0 0 0 0 0
0 0 0 0 0 0 0 0 0 0 0 0 0 0 0 0 0 0 0 0 0 0
0 0 0 0 0 0 0 0 0 0 0 0 0 0 0 0 0 0 0 0 0 0
0 0 0 0 0 0 0 0 0 0 0 0 0 0 0 0 0 0 0 0 0 0
0 0 0 0 0 0 0 0 0 0 0 0 0 0 0 0 0 0 0 0 0 0
0 0 0 0 0 0 0 0 0 0 0 0 0 0 0 0 0 0 0 0 0 0

I cap
1058.909090909091 1058.909090909091 1038.5090909091207 994.4090909091182 587.8800000000215 706.0600000000047 621.1000000000236 1029.1400000000106 623.640000000004 600.2600000000098 560.7200000000078 653.5800000000261 578.3599999999908 735.7599999999929 406.56000000003235 630.729090909141 459.74909090908704 694.329090909069 775.3490909091208 963.149090909091 1058.909090909091 1058.909090909091
107.96969696969697 107.96969696969697 107.96969696969697 107.06969696969696 12.920000000000039 48.94000000000037 48.89999999999969 105.85999999999957 66.35999999999976 65.73999999999917 28.279999999999745 36.42000000000017 27.63999999999908 23.240000000000013 50.43999999999943 48.14969696969621 17.129696969697548 55.549696969696065 60.529696969696886 95.72969696969697 107.96969696969697 107.96969696969697
38.96666666666666 38.96666666666666 14.033333333333328 14.033333333333328 6.299999999999994 20.333333333333336 19.633333333333333 31.5 32.900000000000006 25.200000000000003 9.133333333333331 0.7333333333333361 2.833333333333334 9.725000000000005 11.825 12.291666666666668 4.625000000000005 17.300000000000004 24.300000000000004 38.96666666666666 38.96666666666666 38.96666666666666
45.24545454545453 45.24545454545453 45.24545454545453 39.295454545454525 15.170000000000218 24.97000000000046 21.220000000000503 29.1500000000007 24.680000000000334 23.280000000000502 20.330000000000425 14.400000000000393 13.970000000000647 14.660000000000494 4.760000000000318 20.635454545455172 30.465454545455156 41.16545454545452 42.935454545454526 44.615454545454526 45.24545454545453 45.24545454545453
20.999999999999993 20.999999999999993 20.999999999999993 20.64999999999999 5.049999999999976 13.050000000000036 7.069999999999958 12.26999999999996 8.839999999999952 6.4400000000000475 9.199999999999951 8.40000000000001 8.820000000000057 13.360000000000081 2.830000000000057 5.289999999999974 7.569999999999911 13.799999999999976 17.55 20.789999999999992 20.999999999999993 20.999999999999993
345.75757575757575 345.75757575757575 345.75757575757575 272.8163992869875 134.56941176470588 152.76999999999998 181.82000000000025 190.6900000000003 222.1900000000004 205.0900000000006 158.58000000000047 169.81000000000034 206.74000000000163 195.7100000000012 147.13000000000082 149.66757575757524 221.10875222816554 252.0081639928718 302.71757575757573 341.76757575757574 345.75757575757575 345.75757575757575
779.7575757575758 779.7575757575758 779.7575757575758 666.6075757575758 349.5700000000045 496.8199999999996 535.0700000000012 611.9300000000005 694.8200000000005 611.7199999999976 576.9400000000009 620.9099999999968 642.6399999999985 679.3499999999957 578.48 587.417575757574 598.4475757575761 666.2375757575755 719.8475757575758 764.8475757575758 779.7575757575758 779.7575757575758
80.73333333333335 80.73333333333335 80.73333333333335 80.03333333333335 56.75666666666665 76.59000000000002 66.75999999999999 78.13 75.88999999999999 78.99 70.25999999999998 76.69 86.32 87.40999999999997 72.64 63.26333333333331 64.74333333333341 72.78666666666669 78.18333333333335 80.10333333333335 80.73333333333335 80.73333333333335
10.775757575757575 10.775757575757575 10.775757575757575 5.175757575757576 1.4000000000000021 2.1499999999999884 1.1499999999999853 1.0999999999999943 0.3499999999999921 0.45000000000000107 0.44999999999999574 3.4499999999999957 1.0500000000000211 1.2499999999999947 2.169999999999974 0.15575757575757088 0.15575757575756644 0.15575757575758153 4.385757575757574 10.775757575757575 10.775757575757575 10.775757575757575
2.545454545454545 2.545454545454545 2.545454545454545 2.545454545454545 1.1800000000000002 0.04999999999999993 0.610000000000053 0.6300000000000007 1.3300000000000525 0.6300000000000007 1.5400000000000338 0.1399999999999999 0.5599999999999999 1.2600000000000002 0.8400000000000002 0.38545454545454827 0.26545454545454816 0.8654545454545469 1.195454545454599 1.915454545454545 2.545454545454545 2.545454545454545
8.515433299825174 8.515433299825174 8.515433299825174 7.807629307084618 4.3549960344827525 4.868980517241268 4.7761792241379295 6.349031724137719 7.368848103447518 6.343064224137609 6.364603103447622 6.614169137930573 6.432590172413466 5.19346413793103 5.702262499999915 5.610403620689606 6.215290199636997 6.160740402298849 5.940820172413792 7.118618534482758 7.546136159874608 8.31123
700.0 700.0 699.0 697.0 682.0 685.0 684.0 690.0 683.0 683.0 677.0 683.0 682.0 688.0 677.0 683.0 679.0 682.0 686.0 691.0 700.0 695.0

H cap
14.699999999999976 -1.0500000000000096 27.299999999999955 24.149999999999935 17.849999999999895 17.849999999999937 17.849999999999895 27.299999999999955 8.399999999999936 -1.0500000000000664 11.549999999999914 20.999999999999957 -4.200000000000028 5.249999999999902 131.25 131.25 131.25 131.25 131.25 131.25 131.25 131.25
24.60000000000029 8.40000000000039 16.500000000000743 14.700000000000486 11.10000000000042 13.350000000000279 1.2000000000004603 0.7500000000002043 8.40000000000023 9.300000000000445 8.40000000000062 12.900000000000496 9.300000000000392 20.10000000000054 52.5 52.5 52.5 52.5 52.5 52.5 52.5 52.5
37.80000000000001 34.65000000000001 53.550000000000004 50.400000000000006 47.25000000000001 47.25000000000001 44.10000000000001 47.25000000000001 47.25000000000001 44.10000000000001 40.95000000000001 44.10000000000001 40.95000000000001 44.10000000000001 63.0 63.0 63.0 63.0 63.0 63.0 63.0 63.0
7.200000000000017 -7.1999999999999424 -3.1499999999994728 -1.349999999999671 1.3500000000008043 0.4500000000006614 4.5000000000007745 7.650000000000804 0.45000000000092655 -0.44999999999896545 -2.249999999999235 1.3500000000006636 -6.749999999999749 0.9000000000002784 78.75 78.75 78.75 78.75 78.75 78.75 78.75 78.75

Gap
NaN

Time
NaN

