prob destroy
0.4069551112142535 0.5930448887857465

prob repair
0.6664667567401412 0.33353324325985867

destroys
1 2 2 1 1 2 1 1 2 2 1 2 2 1 1 1 2 1 1 1 2 1 1 2 1 1 1 1 2 1 1 1 2 1 2 2 2 1 1 1 2 2 2 1 1 2 1 1 2 2 1 2 2 2 1 2 2 2 1 1 2 2 2 1 2 1 2 1 1 2 1 1 1 2 1 2 2 1 1 2 2 1 1 2 2 1 2 2 2 1 2 1 2 2 1 1 1 1 1 2 1 2 1 1 2 2 1 2 2 2 2 2 1 1 2 2 1 2 2 2 1 1 1 2 2 2 2 1 1 2 2 2 1 2 1 2 2 2 2 2 1 2 1 2 2 2 1 2 1 2 2 2 1 1 1 2 1 2 2 2 2 2 1 2 2 2 1 2 2 2 1 1 2 2 2 1 2 1 2 2 2 1 2 2 2 2 2 1 1 1 1 2 1 2 1 2 2 2 2 2 1 1 1 2 1 1 2 2 1 1

repairs
2 2 2 1 2 1 1 2 2 2 1 2 2 1 1 2 1 2 1 2 2 2 1 1 2 1 2 1 1 1 2 2 1 2 1 1 2 1 2 2 1 1 1 1 1 1 1 1 1 1 2 1 2 1 2 2 2 1 2 1 1 1 1 1 1 2 1 2 2 1 1 1 1 2 1 2 1 1 2 2 1 2 1 1 2 1 2 2 1 1 2 2 1 1 1 2 2 2 1 1 1 1 2 2 2 2 2 2 1 1 2 1 2 2 2 1 2 1 1 2 1 2 2 2 2 2 2 2 1 2 2 1 2 1 2 2 1 2 2 1 1 1 2 1 2 2 2 1 1 2 2 2 1 1 1 1 1 1 1 1 1 1 1 1 2 1 2 2 2 2 2 1 1 1 1 1 2 2 1 1 1 2 1 1 1 1 1 1 1 2 1 1 2 1 1 2 2 1 1 2 2 2 1 2 1 1 1 1 1 1

current objective
21.084511240393596 19.869799187740366 19.591478966295142 19.227994717700597 17.958650997695116 17.575287498449264 17.5016381086234 16.543955411277928 16.400112913906018 765.7915922801282 16.366081993845683 1516.8457742235223 16.30280213644818 16.280762058259523 16.27566024830477 16.339715678169025 16.277215678169025 15.772030911954847 15.24045097228667 14.893625661019168 765.2581323797907 14.839210125574223 14.756580892062638 14.759020437811007 14.820646311936878 14.85919526298583 14.725347454269867 14.787256133825608 14.496044526805177 1514.5221474679813 14.43410298626323 14.575449140109383 14.461242880682537 14.466442729852975 14.432831990102528 14.391111847500033 764.1223413389349 14.35076493950607 14.442229871632762 14.176961206474392 14.157941598631254 14.142844014504762 14.22679197830567 14.130354126941349 14.026460838856881 14.013568681994137 14.080862721625904 764.1280655188287 14.114697108165666 13.780819651950482 13.74551490767515 13.60667886626558 2263.742654347006 13.689446588739187 13.991058579689412 13.601154733535564 13.850796513324402 13.854259937155474 13.672222122029424 13.587318275875582 13.605489467429122 13.625662921426109 13.497171339478644 13.507565381710922 13.307379538142724 13.465347795375687 13.27074680812764 13.599497038627362 13.424204806349838 13.4063195053763 13.420742582299377 2263.2056615114097 13.200378936479343 1512.93788036676 13.159607820340577 2263.038829162724 13.074177956087187 13.169272224563807 1513.258582179315 13.089756764533641 13.111794163409275 13.16101693607272 13.227947554473928 13.203980736977696 13.644214522799716 13.292001784557566 1513.3107762943616 1513.2706646024703 13.18920201080191 13.254680586485861 13.288134891646557 13.275740472340372 13.113787229504776 13.264501098968644 13.22776187808135 13.186776515404814 13.367956585334882 13.302161130789429 13.258609094590332 13.29467627284818 13.410060888232795 13.213910812818012 13.50862869297707 13.188098153536798 13.249523492903311 763.2297176859654 763.4344688171869 1513.1338921246097 13.267871909192904 13.23960644916274 13.070359333870998 13.111908877126929 13.141502322896848 13.229592443560497 13.095742518975277 13.1708419884713 13.283531955704877 13.316101714377576 13.273313707928313 13.327079245973769 13.649338947056998 13.308037013696243 13.308037013696243 13.273843266267205 763.1973872467964 13.293451109404456 13.320740633605746 13.424294555174374 13.251036465225106 14.394371683927968 13.271775530081818 13.309584544934443 2263.1284024182382 13.232079178428062 13.237277372728693 3763.004357106719 13.235659725669867 13.215460562088353 13.218923985919425 13.211806715934504 13.274402869780658 13.356039370534809 13.491602239038855 13.449300202839757 1513.5543015740175 1513.3946202014683 13.318300147283416 13.366562522163436 13.439201353919916 13.122886282074925 13.065466897875622 763.2350782871624 13.102625817387482 13.261174768436431 13.247812699470915 13.076095582916071 13.044553350638544 13.046984791746457 12.897852061731372 12.883428984808297 12.860640523269835 12.878504399589595 12.896698215577528 12.903909754039066 13.071896179378431 13.069080122885907 13.155618584424367 13.29000772469586 13.041294976997314 2263.0159499543734 13.158285927223554 13.060988636954662 12.997822415920796 12.937843154985652 12.957259376019522 12.995024943785086 2262.938199661225 13.115913222173367 13.081011261389051 13.095920308562297 13.052651077793065 13.156313895705377 13.049775889256113 13.091988627498262 13.082347533298345 13.134289463916744 13.276283499293134 2263.2627920254195 13.306134100010874 763.7410380052672 2262.740395265655 13.3084436776881 13.347661934921064 13.33583312647461 13.193908164181998 2263.053453335036 3012.916843684545 13.178124991134625 13.203215488872182 762.9379444507489 13.097207494162362 13.17082363292556 13.214909228702332 2263.399632824073 763.236077933223 763.3071014583792 13.199332305625411 13.213755382548484 13.227499956939612 13.243597242007485

curent best objective
21.084511240393596 19.869799187740366 19.591478966295142 19.227994717700597 17.958650997695116 17.575287498449264 17.5016381086234 16.543955411277928 16.400112913906018 16.400112913906018 16.366081993845683 16.366081993845683 16.30280213644818 16.280762058259523 16.27566024830477 16.27566024830477 16.27566024830477 15.772030911954847 15.24045097228667 14.893625661019168 14.893625661019168 14.839210125574223 14.756580892062638 14.756580892062638 14.756580892062638 14.756580892062638 14.725347454269867 14.725347454269867 14.496044526805177 14.496044526805177 14.43410298626323 14.43410298626323 14.43410298626323 14.43410298626323 14.432831990102528 14.391111847500033 14.391111847500033 14.35076493950607 14.35076493950607 14.176961206474392 14.157941598631254 14.142844014504762 14.142844014504762 14.130354126941349 14.026460838856881 14.013568681994137 14.013568681994137 14.013568681994137 14.013568681994137 13.780819651950482 13.74551490767515 13.60667886626558 13.60667886626558 13.60667886626558 13.60667886626558 13.601154733535564 13.601154733535564 13.601154733535564 13.601154733535564 13.587318275875582 13.587318275875582 13.587318275875582 13.497171339478644 13.497171339478644 13.307379538142724 13.307379538142724 13.27074680812764 13.27074680812764 13.27074680812764 13.27074680812764 13.27074680812764 13.27074680812764 13.200378936479343 13.200378936479343 13.159607820340577 13.159607820340577 13.074177956087187 13.074177956087187 13.074177956087187 13.074177956087187 13.074177956087187 13.074177956087187 13.074177956087187 13.074177956087187 13.074177956087187 13.074177956087187 13.074177956087187 13.074177956087187 13.074177956087187 13.074177956087187 13.074177956087187 13.074177956087187 13.074177956087187 13.074177956087187 13.074177956087187 13.074177956087187 13.074177956087187 13.074177956087187 13.074177956087187 13.074177956087187 13.074177956087187 13.074177956087187 13.074177956087187 13.074177956087187 13.074177956087187 13.074177956087187 13.074177956087187 13.074177956087187 13.074177956087187 13.074177956087187 13.070359333870998 13.070359333870998 13.070359333870998 13.070359333870998 13.070359333870998 13.070359333870998 13.070359333870998 13.070359333870998 13.070359333870998 13.070359333870998 13.070359333870998 13.070359333870998 13.070359333870998 13.070359333870998 13.070359333870998 13.070359333870998 13.070359333870998 13.070359333870998 13.070359333870998 13.070359333870998 13.070359333870998 13.070359333870998 13.070359333870998 13.070359333870998 13.070359333870998 13.070359333870998 13.070359333870998 13.070359333870998 13.070359333870998 13.070359333870998 13.070359333870998 13.070359333870998 13.070359333870998 13.070359333870998 13.070359333870998 13.070359333870998 13.070359333870998 13.070359333870998 13.070359333870998 13.070359333870998 13.065466897875622 13.065466897875622 13.065466897875622 13.065466897875622 13.065466897875622 13.065466897875622 13.044553350638544 13.044553350638544 12.897852061731372 12.883428984808297 12.860640523269835 12.860640523269835 12.860640523269835 12.860640523269835 12.860640523269835 12.860640523269835 12.860640523269835 12.860640523269835 12.860640523269835 12.860640523269835 12.860640523269835 12.860640523269835 12.860640523269835 12.860640523269835 12.860640523269835 12.860640523269835 12.860640523269835 12.860640523269835 12.860640523269835 12.860640523269835 12.860640523269835 12.860640523269835 12.860640523269835 12.860640523269835 12.860640523269835 12.860640523269835 12.860640523269835 12.860640523269835 12.860640523269835 12.860640523269835 12.860640523269835 12.860640523269835 12.860640523269835 12.860640523269835 12.860640523269835 12.860640523269835 12.860640523269835 12.860640523269835 12.860640523269835 12.860640523269835 12.860640523269835 12.860640523269835 12.860640523269835 12.860640523269835 12.860640523269835 12.860640523269835 12.860640523269835 12.860640523269835 12.860640523269835 12.860640523269835

status
10 10 10 10 10 10 10 10 10 0 10 0 10 10 10 2 5 10 10 10 0 10 10 2 2 2 10 2 10 0 10 2 5 2 10 10 0 10 2 10 10 10 2 10 10 10 2 0 2 10 10 10 0 2 2 10 2 2 5 10 2 2 10 2 10 0 10 2 5 5 2 0 10 0 10 0 10 2 0 5 2 2 0 2 0 2 0 0 5 0 0 0 5 2 5 5 0 2 5 2 0 5 0 5 2 0 0 0 2 5 10 2 2 2 5 2 2 2 5 2 0 5 0 5 0 2 2 2 5 0 2 2 0 5 2 0 5 5 2 5 2 2 2 5 0 0 5 2 0 5 10 0 2 0 0 5 10 2 10 10 10 2 2 2 2 5 2 0 5 0 2 5 5 5 2 0 0 2 5 2 5 0 5 2 5 2 2 0 2 0 0 2 2 5 5 0 0 5 2 0 5 2 2 0 0 0 5 0 2 0

num destroy
95 115

num repair
116 94

prob destroy iter
0.5 0.5 0.5 0.5 0.5 0.5 0.5 0.5 0.5 0.5 0.5 0.5 0.5 0.5 0.5 0.5 0.5 0.5 0.5 0.577023498694517 0.577023498694517 0.577023498694517 0.577023498694517 0.577023498694517 0.577023498694517 0.577023498694517 0.577023498694517 0.577023498694517 0.577023498694517 0.590685640362225 0.590685640362225 0.590685640362225 0.590685640362225 0.590685640362225 0.590685640362225 0.590685640362225 0.590685640362225 0.590685640362225 0.590685640362225 0.5380848415597135 0.5380848415597135 0.5380848415597135 0.5380848415597135 0.5380848415597135 0.5380848415597135 0.5380848415597135 0.5380848415597135 0.5380848415597135 0.5380848415597135 0.5207546027298474 0.5207546027298474 0.5207546027298474 0.5207546027298474 0.5207546027298474 0.5207546027298474 0.5207546027298474 0.5207546027298474 0.5207546027298474 0.5207546027298474 0.5216657231696176 0.5216657231696176 0.5216657231696176 0.5216657231696176 0.5216657231696176 0.5216657231696176 0.5216657231696176 0.5216657231696176 0.5216657231696176 0.5216657231696176 0.48000313859430965 0.48000313859430965 0.48000313859430965 0.48000313859430965 0.48000313859430965 0.48000313859430965 0.48000313859430965 0.48000313859430965 0.48000313859430965 0.48000313859430965 0.4872028868008202 0.4872028868008202 0.4872028868008202 0.4872028868008202 0.4872028868008202 0.4872028868008202 0.4872028868008202 0.4872028868008202 0.4872028868008202 0.4872028868008202 0.478258584358515 0.478258584358515 0.478258584358515 0.478258584358515 0.478258584358515 0.478258584358515 0.478258584358515 0.478258584358515 0.478258584358515 0.478258584358515 0.4834463518831281 0.4834463518831281 0.4834463518831281 0.4834463518831281 0.4834463518831281 0.4834463518831281 0.4834463518831281 0.4834463518831281 0.4834463518831281 0.4834463518831281 0.4737962735219852 0.4737962735219852 0.4737962735219852 0.4737962735219852 0.4737962735219852 0.4737962735219852 0.4737962735219852 0.4737962735219852 0.4737962735219852 0.4737962735219852 0.43217925750314407 0.43217925750314407 0.43217925750314407 0.43217925750314407 0.43217925750314407 0.43217925750314407 0.43217925750314407 0.43217925750314407 0.43217925750314407 0.43217925750314407 0.4497494114016873 0.4497494114016873 0.4497494114016873 0.4497494114016873 0.4497494114016873 0.4497494114016873 0.4497494114016873 0.4497494114016873 0.4497494114016873 0.4497494114016873 0.4200311645021003 0.4200311645021003 0.4200311645021003 0.4200311645021003 0.4200311645021003 0.4200311645021003 0.4200311645021003 0.4200311645021003 0.4200311645021003 0.4200311645021003 0.4358846008134706 0.4358846008134706 0.4358846008134706 0.4358846008134706 0.4358846008134706 0.4358846008134706 0.4358846008134706 0.4358846008134706 0.4358846008134706 0.4358846008134706 0.4092042684569052 0.4092042684569052 0.4092042684569052 0.4092042684569052 0.4092042684569052 0.4092042684569052 0.4092042684569052 0.4092042684569052 0.4092042684569052 0.4092042684569052 0.382024403313505 0.382024403313505 0.382024403313505 0.382024403313505 0.382024403313505 0.382024403313505 0.382024403313505 0.382024403313505 0.382024403313505 0.382024403313505 0.3952504573943626 0.3952504573943626 0.3952504573943626 0.3952504573943626 0.3952504573943626 0.3952504573943626 0.3952504573943626 0.3952504573943626 0.3952504573943626 0.3952504573943626 0.3534437273340945 0.3534437273340945 0.3534437273340945 0.3534437273340945 0.3534437273340945 0.3534437273340945 0.3534437273340945 0.3534437273340945 0.3534437273340945 0.3534437273340945 0.3686691923549106 0.3686691923549106 0.3686691923549106 0.3686691923549106 0.3686691923549106 0.3686691923549106 0.3686691923549106 0.3686691923549106 0.3686691923549106 0.3686691923549106 0.4069551112142535
0.5 0.5 0.5 0.5 0.5 0.5 0.5 0.5 0.5 0.5 0.5 0.5 0.5 0.5 0.5 0.5 0.5 0.5 0.5 0.42297650130548303 0.42297650130548303 0.42297650130548303 0.42297650130548303 0.42297650130548303 0.42297650130548303 0.42297650130548303 0.42297650130548303 0.42297650130548303 0.42297650130548303 0.4093143596377749 0.4093143596377749 0.4093143596377749 0.4093143596377749 0.4093143596377749 0.4093143596377749 0.4093143596377749 0.4093143596377749 0.4093143596377749 0.4093143596377749 0.4619151584402865 0.4619151584402865 0.4619151584402865 0.4619151584402865 0.4619151584402865 0.4619151584402865 0.4619151584402865 0.4619151584402865 0.4619151584402865 0.4619151584402865 0.47924539727015253 0.47924539727015253 0.47924539727015253 0.47924539727015253 0.47924539727015253 0.47924539727015253 0.47924539727015253 0.47924539727015253 0.47924539727015253 0.47924539727015253 0.4783342768303825 0.4783342768303825 0.4783342768303825 0.4783342768303825 0.4783342768303825 0.4783342768303825 0.4783342768303825 0.4783342768303825 0.4783342768303825 0.4783342768303825 0.5199968614056903 0.5199968614056903 0.5199968614056903 0.5199968614056903 0.5199968614056903 0.5199968614056903 0.5199968614056903 0.5199968614056903 0.5199968614056903 0.5199968614056903 0.5127971131991799 0.5127971131991799 0.5127971131991799 0.5127971131991799 0.5127971131991799 0.5127971131991799 0.5127971131991799 0.5127971131991799 0.5127971131991799 0.5127971131991799 0.521741415641485 0.521741415641485 0.521741415641485 0.521741415641485 0.521741415641485 0.521741415641485 0.521741415641485 0.521741415641485 0.521741415641485 0.521741415641485 0.516553648116872 0.516553648116872 0.516553648116872 0.516553648116872 0.516553648116872 0.516553648116872 0.516553648116872 0.516553648116872 0.516553648116872 0.516553648116872 0.5262037264780147 0.5262037264780147 0.5262037264780147 0.5262037264780147 0.5262037264780147 0.5262037264780147 0.5262037264780147 0.5262037264780147 0.5262037264780147 0.5262037264780147 0.567820742496856 0.567820742496856 0.567820742496856 0.567820742496856 0.567820742496856 0.567820742496856 0.567820742496856 0.567820742496856 0.567820742496856 0.567820742496856 0.5502505885983127 0.5502505885983127 0.5502505885983127 0.5502505885983127 0.5502505885983127 0.5502505885983127 0.5502505885983127 0.5502505885983127 0.5502505885983127 0.5502505885983127 0.5799688354978997 0.5799688354978997 0.5799688354978997 0.5799688354978997 0.5799688354978997 0.5799688354978997 0.5799688354978997 0.5799688354978997 0.5799688354978997 0.5799688354978997 0.5641153991865295 0.5641153991865295 0.5641153991865295 0.5641153991865295 0.5641153991865295 0.5641153991865295 0.5641153991865295 0.5641153991865295 0.5641153991865295 0.5641153991865295 0.5907957315430948 0.5907957315430948 0.5907957315430948 0.5907957315430948 0.5907957315430948 0.5907957315430948 0.5907957315430948 0.5907957315430948 0.5907957315430948 0.5907957315430948 0.617975596686495 0.617975596686495 0.617975596686495 0.617975596686495 0.617975596686495 0.617975596686495 0.617975596686495 0.617975596686495 0.617975596686495 0.617975596686495 0.6047495426056374 0.6047495426056374 0.6047495426056374 0.6047495426056374 0.6047495426056374 0.6047495426056374 0.6047495426056374 0.6047495426056374 0.6047495426056374 0.6047495426056374 0.6465562726659055 0.6465562726659055 0.6465562726659055 0.6465562726659055 0.6465562726659055 0.6465562726659055 0.6465562726659055 0.6465562726659055 0.6465562726659055 0.6465562726659055 0.6313308076450894 0.6313308076450894 0.6313308076450894 0.6313308076450894 0.6313308076450894 0.6313308076450894 0.6313308076450894 0.6313308076450894 0.6313308076450894 0.6313308076450894 0.5930448887857465

prob repair iter
0.5 0.5 0.5 0.5 0.5 0.5 0.5 0.5 0.5 0.5 0.5 0.5 0.5 0.5 0.5 0.5 0.5 0.5 0.5 0.5699088145896657 0.5699088145896657 0.5699088145896657 0.5699088145896657 0.5699088145896657 0.5699088145896657 0.5699088145896657 0.5699088145896657 0.5699088145896657 0.5699088145896657 0.5310130944176429 0.5310130944176429 0.5310130944176429 0.5310130944176429 0.5310130944176429 0.5310130944176429 0.5310130944176429 0.5310130944176429 0.5310130944176429 0.5310130944176429 0.5733500417710944 0.5733500417710944 0.5733500417710944 0.5733500417710944 0.5733500417710944 0.5733500417710944 0.5733500417710944 0.5733500417710944 0.5733500417710944 0.5733500417710944 0.5038151626247377 0.5038151626247377 0.5038151626247377 0.5038151626247377 0.5038151626247377 0.5038151626247377 0.5038151626247377 0.5038151626247377 0.5038151626247377 0.5038151626247377 0.5161219270625452 0.5161219270625452 0.5161219270625452 0.5161219270625452 0.5161219270625452 0.5161219270625452 0.5161219270625452 0.5161219270625452 0.5161219270625452 0.5161219270625452 0.5632296182611863 0.5632296182611863 0.5632296182611863 0.5632296182611863 0.5632296182611863 0.5632296182611863 0.5632296182611863 0.5632296182611863 0.5632296182611863 0.5632296182611863 0.628957147049223 0.628957147049223 0.628957147049223 0.628957147049223 0.628957147049223 0.628957147049223 0.628957147049223 0.628957147049223 0.628957147049223 0.628957147049223 0.626908971966363 0.626908971966363 0.626908971966363 0.626908971966363 0.626908971966363 0.626908971966363 0.626908971966363 0.626908971966363 0.626908971966363 0.626908971966363 0.6407070423847806 0.6407070423847806 0.6407070423847806 0.6407070423847806 0.6407070423847806 0.6407070423847806 0.6407070423847806 0.6407070423847806 0.6407070423847806 0.6407070423847806 0.6431772650567977 0.6431772650567977 0.6431772650567977 0.6431772650567977 0.6431772650567977 0.6431772650567977 0.6431772650567977 0.6431772650567977 0.6431772650567977 0.6431772650567977 0.5829541809567139 0.5829541809567139 0.5829541809567139 0.5829541809567139 0.5829541809567139 0.5829541809567139 0.5829541809567139 0.5829541809567139 0.5829541809567139 0.5829541809567139 0.5718241190704924 0.5718241190704924 0.5718241190704924 0.5718241190704924 0.5718241190704924 0.5718241190704924 0.5718241190704924 0.5718241190704924 0.5718241190704924 0.5718241190704924 0.6061750109078046 0.6061750109078046 0.6061750109078046 0.6061750109078046 0.6061750109078046 0.6061750109078046 0.6061750109078046 0.6061750109078046 0.6061750109078046 0.6061750109078046 0.6056970734385126 0.6056970734385126 0.6056970734385126 0.6056970734385126 0.6056970734385126 0.6056970734385126 0.6056970734385126 0.6056970734385126 0.6056970734385126 0.6056970734385126 0.5516015969792296 0.5516015969792296 0.5516015969792296 0.5516015969792296 0.5516015969792296 0.5516015969792296 0.5516015969792296 0.5516015969792296 0.5516015969792296 0.5516015969792296 0.5918016721413746 0.5918016721413746 0.5918016721413746 0.5918016721413746 0.5918016721413746 0.5918016721413746 0.5918016721413746 0.5918016721413746 0.5918016721413746 0.5918016721413746 0.6283876842504794 0.6283876842504794 0.6283876842504794 0.6283876842504794 0.6283876842504794 0.6283876842504794 0.6283876842504794 0.6283876842504794 0.6283876842504794 0.6283876842504794 0.6767858433853059 0.6767858433853059 0.6767858433853059 0.6767858433853059 0.6767858433853059 0.6767858433853059 0.6767858433853059 0.6767858433853059 0.6767858433853059 0.6767858433853059 0.7116289051086347 0.7116289051086347 0.7116289051086347 0.7116289051086347 0.7116289051086347 0.7116289051086347 0.7116289051086347 0.7116289051086347 0.7116289051086347 0.7116289051086347 0.6664667567401412
0.5 0.5 0.5 0.5 0.5 0.5 0.5 0.5 0.5 0.5 0.5 0.5 0.5 0.5 0.5 0.5 0.5 0.5 0.5 0.43009118541033436 0.43009118541033436 0.43009118541033436 0.43009118541033436 0.43009118541033436 0.43009118541033436 0.43009118541033436 0.43009118541033436 0.43009118541033436 0.43009118541033436 0.468986905582357 0.468986905582357 0.468986905582357 0.468986905582357 0.468986905582357 0.468986905582357 0.468986905582357 0.468986905582357 0.468986905582357 0.468986905582357 0.4266499582289056 0.4266499582289056 0.4266499582289056 0.4266499582289056 0.4266499582289056 0.4266499582289056 0.4266499582289056 0.4266499582289056 0.4266499582289056 0.4266499582289056 0.4961848373752623 0.4961848373752623 0.4961848373752623 0.4961848373752623 0.4961848373752623 0.4961848373752623 0.4961848373752623 0.4961848373752623 0.4961848373752623 0.4961848373752623 0.4838780729374548 0.4838780729374548 0.4838780729374548 0.4838780729374548 0.4838780729374548 0.4838780729374548 0.4838780729374548 0.4838780729374548 0.4838780729374548 0.4838780729374548 0.43677038173881366 0.43677038173881366 0.43677038173881366 0.43677038173881366 0.43677038173881366 0.43677038173881366 0.43677038173881366 0.43677038173881366 0.43677038173881366 0.43677038173881366 0.37104285295077694 0.37104285295077694 0.37104285295077694 0.37104285295077694 0.37104285295077694 0.37104285295077694 0.37104285295077694 0.37104285295077694 0.37104285295077694 0.37104285295077694 0.3730910280336371 0.3730910280336371 0.3730910280336371 0.3730910280336371 0.3730910280336371 0.3730910280336371 0.3730910280336371 0.3730910280336371 0.3730910280336371 0.3730910280336371 0.3592929576152195 0.3592929576152195 0.3592929576152195 0.3592929576152195 0.3592929576152195 0.3592929576152195 0.3592929576152195 0.3592929576152195 0.3592929576152195 0.3592929576152195 0.3568227349432022 0.3568227349432022 0.3568227349432022 0.3568227349432022 0.3568227349432022 0.3568227349432022 0.3568227349432022 0.3568227349432022 0.3568227349432022 0.3568227349432022 0.417045819043286 0.417045819043286 0.417045819043286 0.417045819043286 0.417045819043286 0.417045819043286 0.417045819043286 0.417045819043286 0.417045819043286 0.417045819043286 0.42817588092950765 0.42817588092950765 0.42817588092950765 0.42817588092950765 0.42817588092950765 0.42817588092950765 0.42817588092950765 0.42817588092950765 0.42817588092950765 0.42817588092950765 0.39382498909219543 0.39382498909219543 0.39382498909219543 0.39382498909219543 0.39382498909219543 0.39382498909219543 0.39382498909219543 0.39382498909219543 0.39382498909219543 0.39382498909219543 0.39430292656148747 0.39430292656148747 0.39430292656148747 0.39430292656148747 0.39430292656148747 0.39430292656148747 0.39430292656148747 0.39430292656148747 0.39430292656148747 0.39430292656148747 0.4483984030207704 0.4483984030207704 0.4483984030207704 0.4483984030207704 0.4483984030207704 0.4483984030207704 0.4483984030207704 0.4483984030207704 0.4483984030207704 0.4483984030207704 0.40819832785862536 0.40819832785862536 0.40819832785862536 0.40819832785862536 0.40819832785862536 0.40819832785862536 0.40819832785862536 0.40819832785862536 0.40819832785862536 0.40819832785862536 0.37161231574952047 0.37161231574952047 0.37161231574952047 0.37161231574952047 0.37161231574952047 0.37161231574952047 0.37161231574952047 0.37161231574952047 0.37161231574952047 0.37161231574952047 0.3232141566146941 0.3232141566146941 0.3232141566146941 0.3232141566146941 0.3232141566146941 0.3232141566146941 0.3232141566146941 0.3232141566146941 0.3232141566146941 0.3232141566146941 0.2883710948913652 0.2883710948913652 0.2883710948913652 0.2883710948913652 0.2883710948913652 0.2883710948913652 0.2883710948913652 0.2883710948913652 0.2883710948913652 0.2883710948913652 0.33353324325985867

time destroy
0.0 0.0

time repair
1.4019999999999988 3.277999999999999

destroy names
HorizontalRemoval RandomRemoval

repair names
bestRepair! horizontalModelRepair!

iterations
211

Temperature
0.31025583849301486 0.3101782745333916 0.31010072996475824 0.3100232047822671 0.30994569898107155 0.3098682125563263 0.30979074550318725 0.30971329781681145 0.3096358694923573 0.3095584605249842 0.30948107090985294 0.30940370064212547 0.30932634971696493 0.3092490181295357 0.3091717058750033 0.30909441294853457 0.30901713934529745 0.30893988506046116 0.30886265008919606 0.3087854344266738 0.30870823806806713 0.30863106100855014 0.308553903243298 0.3084767647674872 0.30839964557629534 0.3083225456649013 0.3082454650284851 0.308168403662228 0.30809136156131245 0.30801433872092215 0.30793733513624194 0.3078603508024579 0.3077833857147573 0.3077064398683286 0.3076295132583615 0.30755260588004696 0.30747571772857696 0.3073988487991448 0.307321999086945 0.30724516858717327 0.3071683572950265 0.30709156520570274 0.3070147923144013 0.30693803861632274 0.3068613041066687 0.306784588780642 0.3067078926334469 0.30663121566028856 0.3065545578563735 0.30647791921690937 0.30640129973710517 0.3063246994121709 0.30624811823731785 0.30617155620775854 0.3060950133187066 0.3060184895653769 0.3059419849429856 0.30586549944674984 0.30578903307188815 0.3057125858136202 0.3056361576671668 0.30555974862775 0.30548335869059307 0.3054069878509204 0.30533063610395766 0.3052543034449317 0.30517798986907047 0.3051016953716032 0.3050254199477603 0.30494916359277335 0.3048729263018752 0.30479670807029974 0.30472050889328217 0.30464432876605885 0.30456816768386735 0.3044920256419464 0.3044159026355359 0.30433979865987704 0.3042637137102121 0.30418764778178453 0.30411160086983907 0.30403557296962164 0.30395956407637925 0.30388357418536016 0.30380760329181383 0.3037316513909909 0.30365571847814316 0.3035798045485236 0.3035039095973865 0.30342803361998716 0.30335217661158215 0.30327633856742925 0.3032005194827874 0.30312471935291674 0.30304893817307854 0.3029731759385353 0.30289743264455066 0.30282170828638955 0.30274600285931796 0.30267031635860314 0.3025946487795135 0.3025190001173186 0.30244337036728924 0.3023677595246974 0.30229216758481625 0.30221659454292005 0.3021410403942843 0.30206550513418573 0.3019899887579022 0.3019144912607127 0.30183901263789753 0.30176355288473805 0.30168811199651685 0.30161268996851776 0.30153728679602565 0.30146190247432664 0.30138653699870804 0.30131119036445836 0.30123586256686724 0.3011605536012255 0.3010852634628252 0.3010099921469595 0.30093473964892276 0.3008595059640105 0.30078429108751953 0.30070909501474763 0.30063391774099396 0.30055875926155873 0.30048361957174335 0.30040849866685043 0.3003333965421837 0.3002583131930482 0.30018324861474993 0.30010820280259626 0.30003317575189564 0.29995816745795767 0.2998831779160932 0.2998082071216142 0.29973325506983384 0.2996583217560664 0.29958340717562737 0.2995085113238335 0.29943363419600255 0.29935877578745357 0.29928393609350673 0.29920911510948334 0.29913431283070596 0.2990595292524983 0.2989847643701852 0.29891001817909263 0.29883529067454784 0.2987605818518792 0.29868589170641624 0.2986112202334896 0.29853656742843127 0.29846193328657417 0.2983873178032525 0.2983127209738017 0.29823814279355826 0.29816358325785985 0.2980890423620454 0.2980145201014549 0.29794001647142954 0.2978655314673117 0.29779106508444486 0.2977166173181738 0.29764218816384425 0.2975677776168033 0.29749338567239914 0.29741901232598106 0.2973446575728996 0.29727032140850634 0.2971960038281542 0.2971217048271972 0.2970474244009904 0.29697316254489015 0.29689891925425393 0.2968246945244404 0.2967504883508093 0.2966763007287216 0.29660213165353944 0.29652798112062606 0.2964538491253459 0.2963797356630646 0.29630564072914883 0.2962315643189666 0.29615750642788685 0.2960834670512799 0.2960094461845171 0.29593544382297093 0.2958614599620152 0.2957874945970247 0.29571354772337544 0.2956396193364446 0.29556570943161053 0.2954918180042526 0.29541794504975155 0.29534409056348915 0.29527025454084826 0.29519643697721304 0.2951226378679687 0.2950488572085017 0.2949750949941996 0.2949013512204511 0.294827625882646 0.29475391897617537 0.29468023049643133 0.29460656043880723 0.29453290879869753 0.29445927557149787

W
10 5 2

Segment size
10

Time for new best
3.95

