T P M C
61 37 4 12

base obj
15.605527805527803

exp obj
19.98074270500741

Objective struct
15.605527805527803 1.537759952465835 31.568627450980394

num campaigns
186

x
0 0 0 0 1 0 0 0 2 0 0 0 0 0 1 0 0 1 1 1 0 0 0 1 0 0 1 0 0 0 0 0 0 1 0 1 0 0 0 1 0 1 0 0 0 0 0 0 0 0 0 0 0 0 0 0 0 0 0 0 0
0 0 0 0 0 0 0 0 0 0 0 0 0 0 0 0 0 0 0 0 0 0 0 0 0 0 0 0 0 0 0 0 1 0 0 0 0 0 0 0 0 0 0 0 0 0 0 0 0 0 0 0 0 0 0 0 0 0 0 0 0
0 0 0 0 0 0 0 0 0 0 1 0 1 0 0 0 0 0 0 0 0 0 0 0 0 0 0 0 0 0 0 0 0 0 0 0 0 0 0 0 0 0 0 0 0 0 0 0 0 0 0 0 0 0 0 0 0 0 0 0 0
0 0 0 0 0 0 0 0 0 0 0 0 0 1 0 1 0 0 0 0 1 0 1 0 1 0 0 0 0 0 0 0 0 0 0 0 0 0 0 0 1 1 0 0 0 0 1 1 0 0 0 2 0 0 0 0 0 0 0 0 0
0 0 0 0 0 0 0 0 0 0 1 1 1 0 0 0 1 0 0 0 0 1 0 0 0 0 0 0 0 0 0 0 0 0 0 0 0 5 0 0 0 0 0 0 0 0 3 0 0 0 0 0 3 0 0 1 0 0 0 0 0
0 0 0 0 0 0 0 0 0 0 0 0 0 0 0 0 0 0 0 0 0 0 0 0 0 0 0 0 0 0 0 0 0 0 0 0 0 0 0 0 0 0 0 0 0 0 0 0 0 0 0 0 0 0 0 0 0 0 0 0 0
0 0 0 0 0 0 0 0 0 0 0 0 0 1 0 1 0 0 0 0 1 1 0 0 0 0 2 1 0 0 1 0 0 0 0 0 0 1 1 0 0 0 0 0 0 1 0 0 0 0 0 0 1 0 0 0 0 0 0 0 0
0 0 0 0 0 0 0 0 0 0 0 0 0 0 0 0 0 0 0 0 0 0 0 0 0 0 0 0 0 0 0 0 0 0 0 1 0 0 0 1 0 0 0 0 0 0 0 0 0 1 1 0 0 0 0 0 0 0 0 0 0
0 0 0 0 0 0 0 0 0 0 0 0 0 0 0 0 0 0 0 0 0 0 0 0 0 1 0 0 0 0 0 0 1 0 0 0 0 0 0 0 0 0 0 0 0 0 0 0 0 0 0 0 0 0 0 0 0 0 0 0 0
0 0 0 0 0 0 0 0 0 0 0 0 0 0 0 0 0 0 0 0 0 0 0 0 0 0 0 0 0 0 0 0 0 0 0 0 0 0 0 0 0 0 0 0 0 0 0 0 0 0 0 0 0 0 0 0 0 0 0 0 0
0 0 0 0 0 0 0 0 0 0 0 0 0 0 0 0 0 1 0 0 0 1 0 0 1 0 0 1 0 0 0 0 0 0 0 0 0 0 0 0 0 0 0 0 0 1 0 0 0 0 0 0 0 0 0 0 0 0 0 0 0
0 0 0 0 0 0 0 0 0 0 0 0 0 0 0 0 0 0 0 0 0 0 0 0 0 0 0 1 0 0 0 0 0 0 0 0 0 0 0 0 0 0 1 0 0 0 1 0 0 0 0 0 0 1 0 0 0 0 0 0 0
0 0 0 0 0 0 0 0 0 0 0 0 0 0 0 0 0 0 0 0 0 0 0 0 0 0 0 0 0 0 0 0 0 0 0 0 0 0 0 0 0 0 0 0 0 0 0 0 0 0 0 0 0 0 0 0 0 0 0 0 0
0 0 0 0 0 0 0 0 0 0 0 0 0 1 0 0 1 0 0 0 0 0 0 0 0 0 0 0 0 0 0 0 0 0 0 0 0 1 0 0 0 0 0 0 0 1 0 0 0 0 0 0 0 0 0 1 0 0 0 0 0
0 0 0 0 0 0 0 0 0 1 0 0 0 0 0 0 0 0 0 0 0 1 0 0 0 0 0 0 0 0 0 0 0 0 0 0 0 0 0 0 0 1 0 1 0 0 0 0 0 0 0 0 0 0 0 1 0 0 0 0 0
0 0 0 0 0 0 0 0 0 0 0 0 0 0 0 0 0 0 0 0 0 0 0 0 0 0 0 0 0 0 0 0 0 0 1 0 0 0 0 0 0 0 0 0 0 0 0 0 0 0 0 0 0 0 0 0 0 0 0 0 0
0 0 0 0 0 0 0 0 0 0 0 0 1 0 0 1 0 1 0 0 0 0 0 0 0 0 0 0 1 0 0 0 0 0 0 0 0 0 0 0 0 0 0 0 0 1 0 0 0 0 0 1 0 0 0 0 0 0 0 0 0
0 0 0 0 0 0 0 0 0 0 0 0 1 0 0 0 0 0 0 0 0 0 0 1 0 0 0 0 0 0 0 0 0 0 0 0 0 0 0 0 0 0 0 0 0 0 0 0 0 1 0 0 0 0 0 0 0 0 0 0 0
0 0 0 0 0 0 0 0 0 0 0 0 0 0 0 0 0 0 0 0 0 0 0 0 0 0 0 0 0 0 0 0 0 0 0 0 0 0 0 0 0 0 0 0 0 0 0 0 0 0 0 0 0 0 0 0 0 0 0 0 0
0 0 0 0 0 0 0 0 0 0 0 0 0 0 0 0 0 0 0 0 0 0 0 0 0 0 1 0 0 0 1 0 0 0 0 0 0 0 0 0 0 0 0 0 0 0 0 0 0 0 0 0 0 0 0 0 0 0 0 0 0
0 0 0 0 0 0 0 0 0 0 0 0 0 1 0 0 1 0 0 0 0 0 0 0 0 0 0 1 0 0 0 0 0 0 0 0 0 1 0 0 0 0 0 2 0 1 2 0 0 0 0 1 1 0 0 1 0 0 0 0 0
0 0 0 0 0 1 0 0 0 0 0 0 0 0 0 0 0 0 0 0 0 0 0 0 0 0 0 0 0 0 0 0 0 0 0 0 0 0 0 0 0 0 0 0 0 0 0 0 0 0 0 0 0 0 0 0 0 0 0 0 0
0 0 0 0 0 1 0 0 0 0 0 0 0 0 0 0 0 0 0 1 0 0 0 0 0 0 0 0 0 0 0 0 0 0 0 0 1 0 0 0 0 0 0 0 0 0 0 0 0 0 1 0 0 0 0 0 0 0 0 0 0
0 0 0 0 0 0 0 1 0 0 1 0 0 0 1 0 0 0 0 0 0 0 1 0 0 0 0 0 0 1 2 1 0 0 0 0 0 0 0 0 0 0 0 0 1 0 0 0 0 0 0 0 0 1 0 0 0 0 0 0 0
0 0 0 0 0 0 0 0 0 0 0 1 0 0 0 0 0 0 0 0 0 0 0 0 0 1 0 0 1 0 0 0 1 0 0 0 0 0 0 1 0 0 0 0 0 0 0 1 0 0 0 0 0 0 0 0 0 0 0 0 0
0 0 0 0 0 0 0 0 0 0 0 0 0 0 0 1 1 1 0 0 0 0 0 0 0 0 0 1 0 0 0 0 0 0 0 0 0 0 0 0 0 0 0 0 1 1 0 0 0 0 0 0 0 0 1 1 0 0 0 0 0
0 0 0 0 0 0 0 1 0 0 0 0 0 0 0 0 0 0 0 0 1 0 1 0 1 0 0 0 0 0 0 0 0 0 0 0 0 1 0 0 0 0 0 1 0 0 0 0 0 0 0 0 0 0 1 0 0 0 0 0 0
0 0 0 0 0 0 0 0 0 0 0 0 0 0 1 0 0 0 0 0 0 0 0 0 0 0 0 0 0 0 0 0 0 0 0 0 0 0 0 0 0 0 0 0 0 0 0 0 1 0 0 0 0 0 0 0 0 0 0 0 0
0 0 0 0 0 0 0 0 0 0 0 0 0 0 0 0 0 0 0 0 0 0 0 0 0 0 0 0 0 0 0 0 0 0 0 0 0 0 0 0 0 0 0 0 0 0 0 0 0 0 0 0 0 0 0 0 0 0 0 0 0
0 0 0 0 0 0 0 0 0 0 0 0 0 0 0 0 0 0 0 0 6 1 0 4 3 0 1 0 0 0 0 0 0 0 0 0 0 1 3 0 0 2 2 1 0 0 0 0 0 0 0 2 1 0 0 1 0 0 0 0 0
0 0 0 0 0 0 0 0 0 0 0 0 0 0 0 0 0 0 0 0 0 0 0 4 2 0 0 0 0 0 0 0 0 0 0 0 0 0 0 0 0 0 0 0 0 0 0 0 0 0 0 0 0 0 0 0 0 0 0 0 0
0 0 0 0 0 0 0 0 0 0 0 0 0 0 0 0 0 0 0 0 0 0 0 1 6 0 0 0 0 0 0 0 0 0 0 0 0 0 0 0 0 0 0 0 0 0 0 0 0 0 0 0 0 0 0 0 0 0 0 0 0
0 0 0 0 0 0 0 0 0 0 0 0 0 0 0 0 0 0 0 0 0 0 0 0 0 0 0 0 0 0 0 0 0 0 0 0 0 0 0 0 0 0 0 0 0 0 0 0 0 0 0 0 0 0 0 0 0 0 0 0 0
0 0 0 0 0 0 0 0 0 0 0 0 0 0 0 0 0 0 0 0 0 0 0 0 0 0 0 0 0 0 0 0 0 0 0 0 0 0 0 0 0 0 0 0 0 0 0 0 0 0 0 0 0 0 0 0 0 0 0 0 0
0 0 0 0 0 0 0 0 0 0 0 0 0 0 0 0 0 0 0 0 0 0 0 0 0 0 0 0 0 0 0 0 0 0 0 0 0 0 0 0 0 0 0 0 0 0 0 0 0 0 0 0 0 0 0 0 0 0 0 0 0
0 0 0 0 0 0 0 0 0 0 0 0 0 0 0 0 0 0 0 0 0 0 0 0 0 0 0 0 0 0 0 0 0 0 0 0 0 0 0 0 0 0 0 0 0 0 0 0 0 0 0 0 0 0 0 0 0 0 0 0 0
0 0 0 0 0 0 0 0 0 0 0 0 0 0 0 0 0 0 0 0 0 0 0 0 0 0 0 0 0 0 0 0 0 0 0 0 0 0 0 0 0 0 0 0 0 0 0 0 1 0 0 0 0 1 0 0 0 0 0 0 0

y
0.0 0.0 0.0 0.0 0.0 0.0 0.0 0.0 0.0 0.0 0.0 0.0 0.0 0.0 0.0 0.0 0.0 0.0 0.0 0.0 0.0 0.0 0.0 0.0 0.0 0.0 0.0 0.0 0.0 0.0 0.0 0.0 0.0 0.0 0.0 0.0 0.0

k
0 11 11 0 0 12 0 0 0 29 0 0 12 6 2 0 0 0 25 0 0 5 0 0 0 0 3 0 21 24 46 45 104 52 52 52 4

f
0.0 0.0 0.0 0.0 1.75 26.25 0.0 0.0 0.0 0.0 0.0 0.0 0.0 0.0 0.0 8.75 0.0 0.0 0.0 0.0 0.0 0.0 0.0 0.0 0.0 0.0 0.0 0.0 0.0 1.75 0.0 8.75 8.75 0.0 0.0 0.0 0.0 0.0 0.0 0.0 0.0 0.0 0.0 0.0 0.0 0.0 43.75 0.0 0.0 0.0 0.0 0.0 0.0 0.0 0.0 0.0 0.0 0.0 0.0 0.0 0.0
0.0 0.0 0.0 0.0 0.0 0.0 0.0 0.0 0.0 0.0 0.0 0.0 0.0 0.0 0.0 0.0 0.0 0.0 0.0 0.0 20.0 0.0 0.0 0.0 0.0 0.0 0.0 0.0 0.0 0.0 0.0 0.0 0.0 0.0 0.0 0.0 0.0 0.0 0.0 0.0 0.0 0.0 0.0 0.0 0.0 0.0 0.0 0.0 0.0 0.0 0.0 0.0 0.0 0.0 0.0 0.0 0.0 0.0 0.0 0.0 0.0
0.0 0.0 0.0 0.0 0.0 0.0 0.0 0.0 0.0 0.0 0.0 0.0 0.0 0.0 0.0 0.0 0.0 0.0 0.0 0.0 0.0 0.0 0.0 0.0 0.0 0.0 0.0 0.0 0.0 0.0 0.0 0.0 0.0 0.0 0.0 0.0 0.0 0.0 0.0 0.0 0.0 0.0 0.0 0.0 0.0 0.0 0.0 0.0 0.0 0.0 0.0 0.0 0.0 0.0 0.0 0.0 0.0 0.0 0.0 0.0 0.0
0.0 59.75 37.25 0.0 0.0 0.25 0.0 0.0 0.0 0.0 0.0 0.0 0.0 0.0 0.0 0.0 0.0 0.0 0.0 0.0 0.0 0.0 0.0 0.0 0.0 2.25 0.25 0.25 0.0 0.0 0.0 0.0 0.0 0.0 0.0 0.0 0.0 0.0 0.0 0.0 0.0 0.0 0.0 0.0 0.0 0.0 0.0 0.0 0.0 0.0 0.0 0.0 0.0 0.0 0.0 0.0 0.0 0.0 0.0 0.0 0.0

L
0 0 2 0 0 0 0 1 7 0 3 4 0 3 2 0 2 11 0 4 0 0 14 0 3 1 2 34 0 0 0 0 0 0 0 0 5

g
0 0 0 0 0 0 0 0 1 0 0 0 0 0 0 0 0 0 0 0 0 0 0 0 0 0 0 0 0 0 0 0 0 0 0 0 0 0 0 0 0 0 0 0 0 0 0 0 0 0 0 0 0 0 0 0 0 0 0 0 0
0 0 0 0 0 0 0 0 0 0 0 0 0 0 0 0 0 0 0 0 0 0 0 0 0 0 0 0 0 0 0 0 0 0 0 0 0 0 0 0 0 0 0 0 0 0 0 0 0 0 0 0 0 0 0 0 0 0 0 0 0
0 0 0 0 0 0 0 0 0 0 0 0 0 0 0 0 0 0 0 0 0 0 0 0 0 0 0 0 0 0 0 0 0 0 0 0 0 0 0 0 0 0 0 0 0 0 0 0 0 0 0 0 0 0 0 0 0 0 0 0 0
0 0 0 0 0 0 0 0 0 0 0 0 0 0 0 0 0 0 0 0 0 0 0 0 0 0 0 0 0 0 0 0 0 0 0 0 0 0 0 0 0 0 0 0 0 0 0 0 0 0 0 1 0 0 0 0 0 0 0 0 0
0 0 0 0 0 0 0 0 0 0 0 0 0 0 0 0 0 0 0 0 0 0 0 0 0 0 0 0 0 0 0 0 0 0 0 0 0 4 0 0 0 0 0 0 0 0 2 0 0 0 0 0 2 0 0 0 0 0 0 0 0
0 0 0 0 0 0 0 0 0 0 0 0 0 0 0 0 0 0 0 0 0 0 0 0 0 0 0 0 0 0 0 0 0 0 0 0 0 0 0 0 0 0 0 0 0 0 0 0 0 0 0 0 0 0 0 0 0 0 0 0 0
0 0 0 0 0 0 0 0 0 0 0 0 0 0 0 0 0 0 0 0 0 0 0 0 0 0 1 0 0 0 0 0 0 0 0 0 0 0 0 0 0 0 0 0 0 0 0 0 0 0 0 0 0 0 0 0 0 0 0 0 0
0 0 0 0 0 0 0 0 0 0 0 0 0 0 0 0 0 0 0 0 0 0 0 0 0 0 0 0 0 0 0 0 0 0 0 0 0 0 0 0 0 0 0 0 0 0 0 0 0 0 0 0 0 0 0 0 0 0 0 0 0
0 0 0 0 0 0 0 0 0 0 0 0 0 0 0 0 0 0 0 0 0 0 0 0 0 0 0 0 0 0 0 0 0 0 0 0 0 0 0 0 0 0 0 0 0 0 0 0 0 0 0 0 0 0 0 0 0 0 0 0 0
0 0 0 0 0 0 0 0 0 0 0 0 0 0 0 0 0 0 0 0 0 0 0 0 0 0 0 0 0 0 0 0 0 0 0 0 0 0 0 0 0 0 0 0 0 0 0 0 0 0 0 0 0 0 0 0 0 0 0 0 0
0 0 0 0 0 0 0 0 0 0 0 0 0 0 0 0 0 0 0 0 0 0 0 0 0 0 0 0 0 0 0 0 0 0 0 0 0 0 0 0 0 0 0 0 0 0 0 0 0 0 0 0 0 0 0 0 0 0 0 0 0
0 0 0 0 0 0 0 0 0 0 0 0 0 0 0 0 0 0 0 0 0 0 0 0 0 0 0 0 0 0 0 0 0 0 0 0 0 0 0 0 0 0 0 0 0 0 0 0 0 0 0 0 0 0 0 0 0 0 0 0 0
0 0 0 0 0 0 0 0 0 0 0 0 0 0 0 0 0 0 0 0 0 0 0 0 0 0 0 0 0 0 0 0 0 0 0 0 0 0 0 0 0 0 0 0 0 0 0 0 0 0 0 0 0 0 0 0 0 0 0 0 0
0 0 0 0 0 0 0 0 0 0 0 0 0 0 0 0 0 0 0 0 0 0 0 0 0 0 0 0 0 0 0 0 0 0 0 0 0 0 0 0 0 0 0 0 0 0 0 0 0 0 0 0 0 0 0 0 0 0 0 0 0
0 0 0 0 0 0 0 0 0 0 0 0 0 0 0 0 0 0 0 0 0 0 0 0 0 0 0 0 0 0 0 0 0 0 0 0 0 0 0 0 0 0 0 0 0 0 0 0 0 0 0 0 0 0 0 0 0 0 0 0 0
0 0 0 0 0 0 0 0 0 0 0 0 0 0 0 0 0 0 0 0 0 0 0 0 0 0 0 0 0 0 0 0 0 0 0 0 0 0 0 0 0 0 0 0 0 0 0 0 0 0 0 0 0 0 0 0 0 0 0 0 0
0 0 0 0 0 0 0 0 0 0 0 0 0 0 0 0 0 0 0 0 0 0 0 0 0 0 0 0 0 0 0 0 0 0 0 0 0 0 0 0 0 0 0 0 0 0 0 0 0 0 0 0 0 0 0 0 0 0 0 0 0
0 0 0 0 0 0 0 0 0 0 0 0 0 0 0 0 0 0 0 0 0 0 0 0 0 0 0 0 0 0 0 0 0 0 0 0 0 0 0 0 0 0 0 0 0 0 0 0 0 0 0 0 0 0 0 0 0 0 0 0 0
0 0 0 0 0 0 0 0 0 0 0 0 0 0 0 0 0 0 0 0 0 0 0 0 0 0 0 0 0 0 0 0 0 0 0 0 0 0 0 0 0 0 0 0 0 0 0 0 0 0 0 0 0 0 0 0 0 0 0 0 0
0 0 0 0 0 0 0 0 0 0 0 0 0 0 0 0 0 0 0 0 0 0 0 0 0 0 0 0 0 0 0 0 0 0 0 0 0 0 0 0 0 0 0 0 0 0 0 0 0 0 0 0 0 0 0 0 0 0 0 0 0
0 0 0 0 0 0 0 0 0 0 0 0 0 0 0 0 0 0 0 0 0 0 0 0 0 0 0 0 0 0 0 0 0 0 0 0 0 0 0 0 0 0 0 1 0 0 1 0 0 0 0 0 0 0 0 0 0 0 0 0 0
0 0 0 0 0 0 0 0 0 0 0 0 0 0 0 0 0 0 0 0 0 0 0 0 0 0 0 0 0 0 0 0 0 0 0 0 0 0 0 0 0 0 0 0 0 0 0 0 0 0 0 0 0 0 0 0 0 0 0 0 0
0 0 0 0 0 0 0 0 0 0 0 0 0 0 0 0 0 0 0 0 0 0 0 0 0 0 0 0 0 0 0 0 0 0 0 0 0 0 0 0 0 0 0 0 0 0 0 0 0 0 0 0 0 0 0 0 0 0 0 0 0
0 0 0 0 0 0 0 0 0 0 0 0 0 0 0 0 0 0 0 0 0 0 0 0 0 0 0 0 0 0 1 0 0 0 0 0 0 0 0 0 0 0 0 0 0 0 0 0 0 0 0 0 0 0 0 0 0 0 0 0 0
0 0 0 0 0 0 0 0 0 0 0 0 0 0 0 0 0 0 0 0 0 0 0 0 0 0 0 0 0 0 0 0 0 0 0 0 0 0 0 0 0 0 0 0 0 0 0 0 0 0 0 0 0 0 0 0 0 0 0 0 0
0 0 0 0 0 0 0 0 0 0 0 0 0 0 0 0 0 0 0 0 0 0 0 0 0 0 0 0 0 0 0 0 0 0 0 0 0 0 0 0 0 0 0 0 0 0 0 0 0 0 0 0 0 0 0 0 0 0 0 0 0
0 0 0 0 0 0 0 0 0 0 0 0 0 0 0 0 0 0 0 0 0 0 0 0 0 0 0 0 0 0 0 0 0 0 0 0 0 0 0 0 0 0 0 0 0 0 0 0 0 0 0 0 0 0 0 0 0 0 0 0 0
0 0 0 0 0 0 0 0 0 0 0 0 0 0 0 0 0 0 0 0 0 0 0 0 0 0 0 0 0 0 0 0 0 0 0 0 0 0 0 0 0 0 0 0 0 0 0 0 0 0 0 0 0 0 0 0 0 0 0 0 0
0 0 0 0 0 0 0 0 0 0 0 0 0 0 0 0 0 0 0 0 0 0 0 0 0 0 0 0 0 0 0 0 0 0 0 0 0 0 0 0 0 0 0 0 0 0 0 0 0 0 0 0 0 0 0 0 0 0 0 0 0
0 0 0 0 0 0 0 0 0 0 0 0 0 0 0 0 0 0 0 0 5 0 0 3 2 0 0 0 0 0 0 0 0 0 0 0 0 0 2 0 0 1 1 0 0 0 0 0 0 0 0 1 0 0 0 0 0 0 0 0 0
0 0 0 0 0 0 0 0 0 0 0 0 0 0 0 0 0 0 0 0 0 0 0 3 1 0 0 0 0 0 0 0 0 0 0 0 0 0 0 0 0 0 0 0 0 0 0 0 0 0 0 0 0 0 0 0 0 0 0 0 0
0 0 0 0 0 0 0 0 0 0 0 0 0 0 0 0 0 0 0 0 0 0 0 0 5 0 0 0 0 0 0 0 0 0 0 0 0 0 0 0 0 0 0 0 0 0 0 0 0 0 0 0 0 0 0 0 0 0 0 0 0
0 0 0 0 0 0 0 0 0 0 0 0 0 0 0 0 0 0 0 0 0 0 0 0 0 0 0 0 0 0 0 0 0 0 0 0 0 0 0 0 0 0 0 0 0 0 0 0 0 0 0 0 0 0 0 0 0 0 0 0 0
0 0 0 0 0 0 0 0 0 0 0 0 0 0 0 0 0 0 0 0 0 0 0 0 0 0 0 0 0 0 0 0 0 0 0 0 0 0 0 0 0 0 0 0 0 0 0 0 0 0 0 0 0 0 0 0 0 0 0 0 0
0 0 0 0 0 0 0 0 0 0 0 0 0 0 0 0 0 0 0 0 0 0 0 0 0 0 0 0 0 0 0 0 0 0 0 0 0 0 0 0 0 0 0 0 0 0 0 0 0 0 0 0 0 0 0 0 0 0 0 0 0
0 0 0 0 0 0 0 0 0 0 0 0 0 0 0 0 0 0 0 0 0 0 0 0 0 0 0 0 0 0 0 0 0 0 0 0 0 0 0 0 0 0 0 0 0 0 0 0 0 0 0 0 0 0 0 0 0 0 0 0 0
0 0 0 0 0 0 0 0 0 0 0 0 0 0 0 0 0 0 0 0 0 0 0 0 0 0 0 0 0 0 0 0 0 0 0 0 0 0 0 0 0 0 0 0 0 0 0 0 0 0 0 0 0 0 0 0 0 0 0 0 0

I cap
1058.909090909091 1058.909090909091 984.605090909091 984.605090909091 1217.504 1112.504 1093.0879999999997 1020.2579999999998 766.928 818.406 758.952 643.8119999999999 649.6739999999999 615.8819999999998 843.4439999999998 468.54509090909096 485.89709090909116 330.70109090909114 509.06309090909116 621.383090909091 450.3110909090911 589.6310909090911 524.9210909090909 806.333090909091 517.937090909091 772.691090909091 645.791090909091 700.259090909091 784.7150909090911 814.1450909090911 974.1650909090908 926.6450909090911 815.405090909091 752.4590909090911 354.8400000000001 457.87800000000004 564.5580000000001 261.628 387.67800000000005 372.71999999999997 475.77000000000004 452.91800000000006 611.5999999999999 630.0140000000001 601.5640000000001 493.956 423.70799999999997 629.0999999999999 665.7800000000001 845.0800000000002 783.6300000000001 646.0000000000002 807.936 819.3599999999998 773.9499999999998 879.5279999999997 686.579090909091 840.4790909090909 1005.107090909091 1058.909090909091 1058.909090909091
107.96969696969697 107.96969696969697 104.87369696969697 104.87369696969697 128.896 121.896 123.71199999999999 104.04199999999999 107.372 120.99399999999999 112.24799999999999 103.088 93.226 63.818 103.556 68.33369696969696 83.38169696969696 51.377696969696956 60.21569696969697 64.89569696969696 69.46769696969696 63.347696969696955 52.457696969696954 75.24569696969697 41.081696969696964 45.52769696969696 50.20769696969697 13.919696969696973 44.30369696969695 52.67369696969697 101.63369696969697 94.43369696969697 76.07369696969697 56.219696969696955 33.06 31.222 49.942 7.371999999999991 4.421999999999995 36.28 54.12999999999998 38.58199999999998 14.3 80.086 76.036 50.443999999999996 1.5920000000000023 10.299999999999986 3.7299999999999827 14.530000000000001 14.979999999999986 12.999999999999986 26.863999999999997 5.750000000000002 47.06 57.08200000000001 93.29969696969697 101.39969696969696 106.87169696969697 107.96969696969697 107.96969696969697
38.96666666666666 38.96666666666666 38.96666666666666 38.96666666666666 44.099999999999994 42.0 41.3 38.5 39.900000000000006 39.2 30.799999999999997 17.9925 13.0925 11.7925 6.892500000000002 25.766666666666662 25.766666666666662 25.766666666666662 25.766666666666662 38.96666666666666 38.96666666666666 38.96666666666666 27.559166666666663 27.559166666666663 5.1191666666666595 5.1191666666666595 24.446666666666662 25.766666666666662 3.326666666666661 3.326666666666661 24.446666666666662 38.96666666666666 38.96666666666666 38.96666666666666 23.8 18.9 18.2 9.900000000000002 14.099999999999998 17.599999999999998 37.8 39.900000000000006 46.900000000000006 19.8 17.000000000000007 1.6999999999999993 5.899999999999999 11.499999999999993 6.9925 34.792500000000004 37.5925 24.392500000000002 26.099999999999998 22.599999999999998 37.89999999999999 39.3 25.766666666666662 25.766666666666662 38.96666666666666 38.96666666666666 38.96666666666666
45.24545454545453 45.24545454545453 44.67845454545453 44.67845454545453 34.944 43.343999999999994 42.398999999999994 43.419000000000004 38.328 41.128 39.95099999999999 32.186 29.103 27.953 28.429000000000002 41.222454545454525 43.54445454545453 42.78845454545453 43.16645454545453 11.036454545454518 2.090454545454527 36.02945454545453 16.751454545454518 4.844454545454518 20.02745454545453 33.57245454545452 34.64345454545452 41.49245454545453 43.59845454545453 43.59845454545453 45.24545454545453 42.03245454545453 41.204454545454524 40.52945454545453 37.536 34.775999999999996 29.798999999999996 11.519999999999996 20.820999999999994 50.816 26.644 21.533999999999985 33.83 40.218 44.492999999999995 46.14 39.91499999999999 38.99699999999999 34.074 42.476 35.965999999999994 31.888999999999985 50.224999999999994 47.018 35.185 34.105000000000004 43.085454545454525 45.24545454545453 45.24545454545453 45.24545454545453 45.24545454545453
20.999999999999993 20.999999999999993 20.810999999999993 20.810999999999993 14.448 23.548 21.133000000000003 22.533 19.796 19.796 21.009999999999998 20.397999999999996 18.087000000000003 19.827 17.636000000000003 18.398999999999994 20.432999999999993 20.180999999999994 20.306999999999995 18.416999999999987 16.004999999999985 20.11799999999999 17.201999999999988 7.742999999999987 0.983999999999992 3.6749999999999954 14.591999999999995 19.93799999999999 20.378999999999994 20.378999999999994 20.999999999999993 20.540999999999993 20.378999999999994 19.739999999999995 19.776 22.63 18.976999999999997 17.52799999999999 17.89699999999999 17.73 10.902000000000001 16.571999999999996 17.80699999999999 22.863999999999997 20.379 20.299999999999997 17.545999999999996 18.541000000000004 20.433999999999997 17.203999999999997 16.573999999999995 14.601 18.904999999999994 15.992999999999995 17.752999999999997 17.752999999999997 20.999999999999993 20.999999999999993 20.999999999999993 20.999999999999993 20.999999999999993
345.75757575757575 345.75757575757575 342.16657575757574 342.16657575757574 254.212 289.212 311.227 268.897 281.644 278.044 275.305 273.622 284.718 259.743 275.434 308.17357575757575 276.5745757575757 271.78657575757575 274.1805757575757 285.56557575757574 306.51757575757574 300.60457575757573 262.7585169340464 111.13075222816398 143.6932816399286 192.61675222816393 318.47857575757575 340.96957575757574 318.90157575757576 283.7565757575757 310.61257575757577 335.74057575757575 338.34157575757575 298.77757575757573 189.01999999999998 251.87099999999998 279.371 305.368 302.918 289.841 288.801 350.32099999999997 345.861 323.599 332.469 295.95500000000004 288.48999999999995 336.915 395.7 395.7 374.7 349.855 333.59 348.675 381.37 326.32 314.9775757575758 333.87757575757576 334.5975757575757 345.75757575757575 345.75757575757575
779.7575757575758 779.7575757575758 766.3385757575758 766.3385757575758 654.108 766.108 848.743 777.8800000000001 852.0429999999999 826.6329999999999 766.178 775.397 753.8199999999999 737.557 787.6729999999999 691.6385757575757 701.2685757575758 683.3765757575758 692.3225757575757 692.9975757575756 664.5845757575757 691.9175757575758 653.8565757575758 718.6925757575757 628.3955757575757 689.3075757575758 699.4145757575757 720.3125757575757 733.6145757575758 710.6105757575758 756.7535757575757 716.1185757575757 714.4715757575758 670.2905757575757 515.709 668.981 754.965 782.2340000000002 699.3820000000001 612.833 604.247 648.284 692.675 642.2590000000001 619.241 641.599 589.4599999999999 623.611 640.0860000000001 632.2080000000001 688.2080000000001 619.994 674.6080000000001 654.735 690.8410000000001 567.1210000000001 736.5845757575757 765.2045757575758 766.0865757575757 779.7575757575758 779.7575757575758
80.73333333333335 80.73333333333335 80.16633333333336 80.16633333333336 68.544 89.54400000000001 82.29900000000002 87.89900000000002 86.68799999999999 91.588 81.05700000000002 87.59800000000001 95.21500000000002 94.24499999999999 87.735 77.79033333333335 79.03233333333337 78.27633333333337 78.65433333333335 74.87433333333338 72.81333333333339 78.40233333333337 75.45933333333338 75.56733333333338 73.74033333333337 75.51333333333336 76.76433333333335 75.57633333333335 78.22233333333335 78.22233333333335 80.73333333333335 78.00633333333336 76.71033333333335 76.63833333333335 44.493 67.70500000000001 75.69100000000002 71.13400000000004 71.83600000000004 77.50500000000002 74.141 75.68100000000003 76.73000000000003 85.059 87.78900000000002 93.1 82.507 77.58 67.04399999999998 67.37200000000001 66.11200000000002 65.458 67.23 57.343 58.126 55.325999999999986 80.73333333333335 80.73333333333335 80.73333333333335 80.73333333333335 80.73333333333335
10.775757575757575 10.775757575757575 10.775757575757575 10.775757575757575 8.4 9.8 9.1 3.673 2.213000000000001 0.5229999999999988 6.533000000000001 7.2330000000000005 3.623999999999999 0.24200000000000088 5.449 6.968757575757575 1.2177575757575756 1.2177575757575756 1.2177575757575756 1.757757575757576 5.348757575757576 2.1987575757575746 1.0287575757575755 3.1887575757575757 1.2267575757575742 6.455757575757575 6.455757575757575 10.775757575757575 6.968757575757575 1.2177575757575756 5.024757575757576 9.641757575757575 10.100757575757575 4.3317575757575755 0.6960000000000002 1.0599999999999996 2.5200000000000005 4.35 1.5799999999999983 0.9980000000000011 6.288 1.331 5.911000000000001 4.316 4.0440000000000005 1.9060000000000006 0.6730000000000005 7.304 9.61 7.939999999999999 7.939999999999999 7.603 1.9420000000000002 0.22699999999999898 3.972999999999999 0.8229999999999977 3.1887575757575757 7.508757575757576 7.706757575757575 10.775757575757575 10.775757575757575
2.545454545454545 2.545454545454545 1.9784545454545448 1.9784545454545448 2.0439999999999996 0.6439999999999999 1.0989999999999993 0.3989999999999998 1.2879999999999996 0.5880000000000001 1.6659999999999995 0.2659999999999998 0.8329999999999999 1.533 1.344 1.2224545454545448 0.8444545454545446 0.08845454545454468 0.4664545454545449 0.466454545454545 0.6554545454545446 0.8444545454545446 1.4114545454545446 1.789454545454545 0.41245454545454474 0.11545454545454459 0.466454545454545 0.25045454545454504 1.3304545454545447 1.3304545454545447 2.545454545454545 0.03445454545454463 0.007454545454544714 0.00745454545454477 0.37000000000000005 1.4769999999999994 1.4769999999999994 0.9659999999999999 1.6659999999999995 0.07699999999999985 1.4769999999999994 0.7769999999999999 0.5859999999999996 0.18499999999999983 0.8849999999999999 2.8 1.209 3.552 0.35199999999999965 0.9999999999999998 2.4000000000000004 2.8 2.8 1.5090000000000001 0.35199999999999965 0.35199999999999965 2.545454545454545 2.545454545454545 2.545454545454545 2.545454545454545 2.545454545454545
8.515433299825174 8.515433299825174 8.515433299825174 8.515433299825174 6.796432988505746 7.758635862068965 7.491696637931034 9.107652431034483 9.976434327586206 8.556167689655174 8.646672241379312 8.910376034482761 8.548107758620691 6.745188620689652 7.18967648275862 7.851782775862069 7.348865362068966 6.814820862068965 5.979958103448275 3.8356149047186903 3.9036677651377665 6.661356886569873 5.875371177858438 4.07449843829401 4.995187826376286 5.165301768602537 5.425857593466423 8.425306896551726 8.648722241379312 8.375948965517242 9.64022725862069 9.591614655172414 7.126775862068965 6.6173526149425275 10.52399574712644 11.194433103448278 6.097002958257712 5.361158175136115 5.473826314882032 5.064394499999997 5.559016606170597 4.303844137931033 5.324378593466422 6.228575852087113 7.192426051724138 7.05037174137931 4.503483793103445 4.992998793103445 5.282995017241377 6.590050879310344 6.896775933756805 6.23011842105263 6.664190834845735 7.275693103448275 8.589889872050819 6.597461369328492 7.590605558445864 7.897847092928623 8.515433299825174 8.515433299825174 8.205088472238968
700.0 700.0 700.0 699.1 696.4000000000001 689.2 689.2 685.6 690.1000000000001 689.2000000000002 676.6 686.5000000000001 682.9000000000001 679.3000000000002 685.6000000000001 683.8000000000001 681.1000000000001 678.4000000000003 681.1000000000001 685.6000000000003 685.6000000000003 685.6000000000001 684.7000000000002 688.3000000000002 687.4000000000002 686.5000000000002 683.8000000000002 686.5000000000002 683.8000000000002 683.8000000000001 681.9999999999999 688.2999999999998 682.9 685.6000000000001 688.3000000000002 692.8000000000002 691.0000000000001 682.0000000000002 684.7000000000002 681.1000000000003 688.3000000000002 686.5000000000002 690.1 688.3000000000003 688.3000000000001 679.3000000000002 674.8000000000003 677.5000000000003 683.8000000000003 689.2000000000002 684.7000000000002 684.7000000000002 684.7000000000002 689.2000000000002 685.6000000000003 683.8000000000002 686.5000000000001 691.9000000000001 698.2 699.1 695.5

H cap
78.75 8.75 61.25 103.25 -1.75 -26.25 47.25 78.75 43.75 33.25 1.75 1.75 78.75 36.75 5.25 -8.75 5.25 8.75 8.75 5.25 5.25 47.25 1.75 5.25 68.25 99.75 78.75 78.75 40.25 -1.75 43.75 -8.75 -8.75 5.25 29.75 5.25 5.25 5.25 5.25 29.75 29.75 78.75 15.75 36.75 75.25 8.75 -43.75 1.75 36.75 57.75 92.75 40.25 57.75 131.25 131.25 131.25 131.25 131.25 131.25 131.25 131.25
47.5 47.5 52.5 49.5 39.5 37.5 43.0 46.0 41.0 33.5 38.0 38.0 36.0 33.5 35.5 42.5 22.0 13.0 33.0 15.0 -20.0 9.0 37.5 34.5 41.5 47.5 50.5 50.5 46.5 41.5 44.5 39.5 42.5 29.5 18.5 31.5 40.0 31.5 26.0 33.5 41.5 38.5 28.0 39.5 45.0 42.5 42.5 31.5 25.5 34.5 42.5 34.5 37.5 52.5 52.5 52.5 52.5 52.5 52.5 52.5 52.5
59.5 52.5 56.0 56.0 49.0 52.5 49.0 49.0 45.5 45.5 52.5 45.5 45.5 42.0 45.5 52.5 49.0 45.5 42.0 45.5 45.5 49.0 52.5 49.0 52.5 56.0 49.0 49.0 52.5 52.5 56.0 52.5 52.5 38.5 42.0 56.0 52.5 49.0 52.5 56.0 49.0 45.5 38.5 45.5 56.0 52.5 49.0 45.5 42.0 45.5 49.0 45.5 52.5 63.0 63.0 63.0 63.0 63.0 63.0 63.0 63.0
56.25 -59.75 -37.25 46.75 1.75 -0.25 7.75 0.25 0.75 13.25 1.25 1.25 19.75 0.75 8.25 1.75 0.75 13.75 0.25 1.25 5.75 1.25 0.25 24.25 0.25 -2.25 -0.25 -0.25 0.25 1.25 33.75 22.25 12.75 0.25 26.75 0.25 0.75 9.25 1.25 15.75 0.75 1.25 0.75 6.25 0.75 28.75 19.25 0.75 31.25 0.75 0.75 0.25 13.25 78.75 78.75 78.75 78.75 78.75 78.75 78.75 78.75

Gap
NaN

Time
NaN

