T P M C
61 37 4 12

base obj
19.996803196803196

exp obj
23.410893926335103

Objective struct
19.996803196803196 0.9276759188523895 32.72549019607844

num campaigns
104

x
0 0 0 0 0 0 0 1 0 1 0 0 0 1 0 1 0 0 1 0 0 0 1 1 1 0 0 0 1 0 0 1 0 0 0 0 0 0 0 0 0 0 0 0 0 0 0 0 0 0 0 0 2 0 1 0 0 0 0 0 0
0 0 0 0 0 0 0 0 0 0 0 0 0 0 0 0 0 0 0 0 0 0 0 0 0 0 0 0 0 0 0 0 0 0 0 0 0 0 0 0 0 0 0 0 0 0 0 0 0 0 0 0 0 0 0 0 0 0 0 0 0
0 0 0 0 0 0 0 0 0 0 0 0 0 0 0 0 0 0 0 0 0 0 0 0 0 0 0 0 0 0 0 0 0 0 0 0 0 0 0 0 0 0 0 0 0 0 0 0 0 0 0 0 0 0 0 0 0 0 0 0 0
0 0 0 0 0 0 0 0 0 0 0 0 0 1 0 0 0 0 0 0 0 0 0 0 0 0 0 0 1 1 0 0 0 0 0 0 0 0 0 0 0 0 0 0 0 0 0 1 0 0 0 0 0 0 0 0 0 0 0 0 0
0 0 0 0 0 0 0 0 0 0 0 0 0 0 0 0 0 0 0 0 0 0 0 0 0 0 0 0 0 0 0 0 0 0 0 0 0 0 0 0 0 0 0 0 0 0 0 0 0 0 0 0 0 0 0 0 0 0 0 0 0
0 0 0 0 0 0 0 0 0 0 0 0 0 0 0 0 0 0 0 0 0 0 0 0 0 0 0 0 0 0 0 0 0 0 0 0 0 0 0 0 0 0 0 0 0 0 0 0 0 0 0 0 0 0 0 0 0 0 0 0 0
0 0 0 0 0 0 0 1 2 0 0 0 2 1 0 0 0 0 1 0 0 0 0 0 0 1 0 1 0 0 0 0 0 0 0 0 0 0 0 0 2 1 0 0 0 0 0 0 0 0 0 0 0 0 0 0 0 0 0 0 0
0 0 0 0 0 0 0 0 0 0 0 0 0 0 0 0 0 0 0 0 0 0 0 0 0 0 0 0 0 0 0 0 0 0 0 0 0 0 0 0 0 0 1 0 0 0 0 0 1 0 0 0 1 0 1 0 0 0 0 0 0
0 0 0 0 0 0 0 0 0 0 0 0 0 0 0 0 0 0 0 0 0 0 0 0 0 0 0 1 0 0 0 0 0 0 0 0 0 0 0 1 0 0 0 0 0 0 0 0 0 0 0 0 0 0 0 0 0 0 0 0 0
0 0 0 0 0 0 0 0 0 0 0 0 0 0 0 0 0 0 0 0 0 0 0 0 0 0 0 0 0 0 0 0 0 0 0 0 0 0 0 0 0 0 0 0 0 0 0 0 0 0 0 0 0 0 0 0 0 0 0 0 0
0 0 0 0 0 1 1 0 0 0 0 0 0 0 0 0 1 0 0 0 0 0 0 1 0 0 0 0 0 0 0 0 0 0 0 0 0 0 0 0 0 0 1 0 0 0 0 0 0 0 0 0 0 0 0 0 0 0 0 0 0
0 0 0 0 0 0 1 0 0 0 0 0 0 0 0 1 0 0 0 0 0 0 0 0 0 0 0 0 0 0 0 0 1 0 0 0 0 0 0 0 0 0 0 1 0 0 0 0 0 0 0 0 0 0 0 0 0 0 0 0 0
0 0 0 0 0 0 0 0 0 0 0 0 0 0 0 0 0 0 0 0 0 0 0 0 0 0 0 0 0 0 0 0 0 0 0 0 0 0 0 0 0 0 0 0 0 0 0 0 0 0 0 0 0 0 0 0 0 0 0 0 0
0 0 0 0 0 0 0 0 0 0 0 0 0 0 0 0 0 0 0 0 0 0 0 0 0 0 0 0 0 0 0 0 0 0 0 0 0 0 0 0 0 0 0 0 0 0 0 0 0 0 0 0 0 0 0 0 0 0 0 0 0
0 0 0 0 0 0 0 0 0 0 0 0 0 0 0 0 0 0 0 0 0 0 0 0 0 0 0 0 0 0 0 0 0 0 0 0 0 0 0 0 1 0 0 1 0 0 0 0 0 0 0 0 0 0 0 0 0 0 0 0 0
0 0 0 0 0 0 0 0 0 1 0 0 0 0 0 0 0 0 0 0 0 0 0 0 0 0 0 0 0 0 0 0 0 0 0 0 0 0 0 0 0 0 0 0 0 0 0 0 0 0 0 0 0 0 0 0 0 0 0 0 0
0 0 0 0 0 0 0 0 0 0 0 1 0 0 1 0 0 0 0 0 0 0 0 0 1 0 0 0 0 0 1 0 0 0 0 0 0 0 0 0 0 0 0 1 0 0 0 0 1 0 0 0 0 0 0 0 0 0 0 0 0
0 0 0 0 1 0 0 0 0 0 0 0 0 0 0 0 1 0 0 0 0 1 0 0 0 0 0 0 0 0 0 0 0 0 0 0 0 0 0 0 0 0 0 0 0 0 0 0 0 0 0 0 0 0 0 0 0 0 0 0 0
0 0 0 0 0 0 0 0 0 0 0 0 0 0 0 0 0 0 0 0 0 0 0 0 0 0 0 0 0 0 0 0 0 0 0 0 0 0 0 0 0 0 0 0 0 0 0 0 0 0 0 0 0 0 0 0 0 0 0 0 0
0 0 0 0 0 0 0 0 1 0 0 0 0 0 0 0 0 1 0 0 0 0 0 0 0 0 0 0 0 0 0 0 0 0 0 0 0 0 0 0 0 0 0 0 0 0 0 0 0 0 0 0 0 0 0 0 0 0 0 0 0
0 0 0 0 0 0 0 0 0 0 0 0 0 0 0 0 0 0 0 0 0 0 0 0 0 0 0 0 0 0 0 0 0 0 0 0 0 0 0 0 0 0 0 0 0 0 0 0 0 0 0 0 0 0 0 0 0 0 0 0 0
0 0 0 0 1 0 0 0 0 0 0 0 0 0 0 0 0 0 0 0 1 0 0 0 0 0 0 0 0 0 0 0 0 1 0 0 0 0 1 0 0 0 0 0 0 1 0 0 0 0 1 0 0 0 0 0 0 0 0 0 0
0 0 0 0 0 0 1 0 0 0 0 1 0 0 0 1 0 0 0 0 0 0 0 0 0 1 0 0 0 0 0 0 0 0 0 0 0 0 0 0 0 0 0 0 0 0 0 0 0 0 0 0 0 0 0 0 0 0 0 0 0
0 0 0 0 0 0 0 0 1 0 1 0 1 1 0 0 0 0 0 0 0 0 0 0 0 0 1 0 0 2 0 1 0 0 0 0 0 0 0 0 0 0 0 0 0 0 0 0 0 0 0 0 0 0 1 0 0 0 0 0 0
0 0 0 0 0 0 0 0 0 0 0 0 0 0 0 0 0 0 1 0 0 0 0 0 0 0 0 1 0 0 0 0 0 0 0 0 2 0 0 0 0 1 0 0 0 0 0 0 1 0 0 0 0 0 0 0 0 0 0 0 0
0 0 0 0 0 0 0 0 0 0 1 0 0 0 0 0 0 0 0 0 0 0 0 0 0 1 1 1 0 0 1 2 0 0 0 0 0 0 0 0 0 0 0 0 0 0 0 1 0 0 0 0 0 0 0 0 0 0 0 0 0
0 0 0 0 0 0 1 0 0 0 0 0 0 0 0 0 0 0 1 0 0 0 0 0 0 0 0 0 0 0 0 0 0 0 0 0 0 0 0 0 0 0 0 0 0 0 0 0 0 0 0 0 0 0 1 0 0 0 0 0 0
0 0 0 0 0 0 0 0 0 0 0 0 0 0 0 0 0 0 0 0 0 0 1 0 0 0 0 0 0 0 0 0 0 0 0 0 0 0 0 0 0 1 0 0 0 0 0 0 0 0 0 0 0 0 0 0 0 0 0 0 0
0 0 0 0 0 0 0 0 0 0 0 0 0 0 0 0 0 0 0 0 0 0 0 0 0 0 0 0 0 0 0 0 0 0 0 0 0 0 0 0 0 0 0 0 0 0 0 0 0 0 0 0 0 0 0 0 0 0 0 0 0
0 0 0 0 0 0 0 0 0 0 0 0 0 0 0 0 0 0 0 0 0 0 0 0 0 0 0 0 0 0 0 0 0 0 0 0 0 0 0 0 0 0 0 0 0 0 0 0 0 0 0 0 0 0 0 7 0 0 0 0 0
0 0 0 0 0 0 0 0 0 0 0 0 0 0 0 0 0 0 0 0 0 0 0 0 0 0 0 0 0 0 0 0 0 0 0 0 0 0 0 0 0 0 0 0 0 0 0 0 0 0 0 0 0 0 0 1 0 0 0 0 0
0 0 0 0 0 0 0 0 0 0 0 0 0 0 0 0 0 0 0 0 0 0 0 0 0 0 0 0 0 0 0 0 0 0 0 0 0 0 0 0 0 0 0 0 0 0 0 0 0 0 0 0 0 0 0 0 0 0 0 0 0
0 0 0 0 0 0 0 0 0 0 0 0 0 0 0 0 0 0 0 0 0 0 0 0 0 0 0 0 0 0 0 0 0 0 0 0 0 0 0 0 0 0 0 0 0 0 0 0 0 0 0 0 0 0 0 0 0 0 0 0 0
0 0 0 0 0 0 0 0 0 0 0 0 0 0 0 0 0 0 0 0 0 0 0 0 0 0 0 0 0 0 0 0 0 0 0 0 0 0 0 0 0 0 0 0 0 0 0 0 0 0 0 0 0 0 0 0 0 0 0 0 0
0 0 0 0 0 0 0 0 0 0 0 0 0 0 0 0 0 0 0 0 0 0 0 0 0 0 0 0 0 0 0 0 0 0 0 0 0 0 0 0 0 0 0 0 0 0 0 0 0 0 0 0 0 0 0 0 0 0 0 0 0
0 0 0 0 0 0 0 0 0 0 0 0 0 0 0 0 0 0 0 0 0 0 0 0 0 0 0 0 0 0 0 0 0 0 0 0 0 0 0 0 0 0 0 0 0 0 0 0 0 0 0 0 0 0 0 0 0 0 0 0 0
0 0 0 0 0 0 0 0 0 0 0 0 0 0 0 0 0 0 0 0 0 0 0 0 0 0 0 0 0 0 0 0 0 0 0 0 0 0 0 0 0 0 0 0 0 0 0 0 0 0 0 0 0 0 0 0 0 0 0 0 0

y
0.0 0.0 0.0 0.0 0.0 0.0 0.0 0.0 0.0 0.0 0.0 0.0 0.0 0.0 0.0 0.0 0.0 0.0 0.0 0.0 0.0 0.0 0.0 0.0 0.0 0.0 6.333333333333333 0.0 0.0 0.0 0.0 0.0 0.0 0.0 0.0 0.0 0.0

k
0 12 13 7 17 12 0 0 0 29 0 0 12 11 5 0 0 0 25 0 12 0 0 1 0 0 7 0 21 45 51 52 104 52 52 52 6

f
0.0 0.0 0.0 5.25 0.0 0.0 0.0 0.0 0.0 0.0 0.0 0.0 12.25 0.0 0.0 0.0 0.0 0.0 0.0 19.25 0.0 0.0 0.0 0.0 0.0 0.0 0.0 0.0 0.0 0.0 0.0 0.0 0.0 0.0 0.0 0.0 0.0 0.0 0.0 5.25 0.0 0.0 0.0 0.0 0.0 0.0 0.0 0.0 26.25 26.25 1.75 1.75 0.0 0.0 0.0 0.0 0.0 0.0 0.0 0.0 0.0
0.0 0.0 0.0 0.0 0.0 0.0 0.0 0.0 0.0 0.0 0.0 0.0 0.0 0.0 0.0 0.0 0.0 0.0 0.0 0.0 0.0 0.0 0.0 0.0 0.0 0.0 0.0 0.0 0.0 0.0 0.0 0.0 0.0 0.0 0.0 0.0 0.0 0.0 0.0 0.0 0.0 0.0 0.0 0.0 0.0 0.0 0.0 0.0 0.0 0.0 0.0 0.0 0.0 0.0 0.0 0.0 0.0 0.0 0.0 0.0 0.0
0.0 0.0 0.0 0.0 0.0 0.0 0.0 0.0 0.0 0.0 0.0 0.0 0.0 0.0 0.0 0.0 0.0 0.0 0.0 0.0 0.0 0.0 0.0 0.0 0.0 0.0 0.0 0.0 0.0 0.0 0.0 0.0 0.0 0.0 0.0 0.0 0.0 0.0 0.0 0.0 0.0 0.0 0.0 0.0 0.0 0.0 0.0 0.0 0.0 0.0 0.0 0.0 0.0 0.0 0.0 0.0 0.0 0.0 0.0 0.0 0.0
9.75 12.25 0.0 0.0 0.0 0.0 0.0 0.0 0.0 0.0 0.0 4.25 0.0 0.0 0.0 0.0 5.25 9.75 0.0 0.0 0.0 0.0 0.0 0.0 0.0 0.75 0.0 0.0 0.0 15.25 5.25 0.0 0.0 0.0 5.25 11.25 0.0 0.0 0.0 0.0 0.0 5.25 5.25 0.0 0.0 0.0 5.25 5.25 0.0 0.0 0.0 0.0 0.0 0.0 0.0 0.0 0.0 0.0 0.0 0.0 0.0

L
0 0 0 1 0 0 0 2 12 0 1 9 0 0 3 0 3 5 0 9 0 5 4 0 0 0 12 19 0 0 0 0 0 0 0 0 0

g
0 0 0 0 0 0 0 0 0 0 0 0 0 0 0 0 0 0 0 0 0 0 0 0 0 0 0 0 0 0 0 0 0 0 0 0 0 0 0 0 0 0 0 0 0 0 0 0 0 0 0 0 1 0 0 0 0 0 0 0 0
0 0 0 0 0 0 0 0 0 0 0 0 0 0 0 0 0 0 0 0 0 0 0 0 0 0 0 0 0 0 0 0 0 0 0 0 0 0 0 0 0 0 0 0 0 0 0 0 0 0 0 0 0 0 0 0 0 0 0 0 0
0 0 0 0 0 0 0 0 0 0 0 0 0 0 0 0 0 0 0 0 0 0 0 0 0 0 0 0 0 0 0 0 0 0 0 0 0 0 0 0 0 0 0 0 0 0 0 0 0 0 0 0 0 0 0 0 0 0 0 0 0
0 0 0 0 0 0 0 0 0 0 0 0 0 0 0 0 0 0 0 0 0 0 0 0 0 0 0 0 0 0 0 0 0 0 0 0 0 0 0 0 0 0 0 0 0 0 0 0 0 0 0 0 0 0 0 0 0 0 0 0 0
0 0 0 0 0 0 0 0 0 0 0 0 0 0 0 0 0 0 0 0 0 0 0 0 0 0 0 0 0 0 0 0 0 0 0 0 0 0 0 0 0 0 0 0 0 0 0 0 0 0 0 0 0 0 0 0 0 0 0 0 0
0 0 0 0 0 0 0 0 0 0 0 0 0 0 0 0 0 0 0 0 0 0 0 0 0 0 0 0 0 0 0 0 0 0 0 0 0 0 0 0 0 0 0 0 0 0 0 0 0 0 0 0 0 0 0 0 0 0 0 0 0
0 0 0 0 0 0 0 0 1 0 0 0 1 0 0 0 0 0 0 0 0 0 0 0 0 0 0 0 0 0 0 0 0 0 0 0 0 0 0 0 1 0 0 0 0 0 0 0 0 0 0 0 0 0 0 0 0 0 0 0 0
0 0 0 0 0 0 0 0 0 0 0 0 0 0 0 0 0 0 0 0 0 0 0 0 0 0 0 0 0 0 0 0 0 0 0 0 0 0 0 0 0 0 0 0 0 0 0 0 0 0 0 0 0 0 0 0 0 0 0 0 0
0 0 0 0 0 0 0 0 0 0 0 0 0 0 0 0 0 0 0 0 0 0 0 0 0 0 0 0 0 0 0 0 0 0 0 0 0 0 0 0 0 0 0 0 0 0 0 0 0 0 0 0 0 0 0 0 0 0 0 0 0
0 0 0 0 0 0 0 0 0 0 0 0 0 0 0 0 0 0 0 0 0 0 0 0 0 0 0 0 0 0 0 0 0 0 0 0 0 0 0 0 0 0 0 0 0 0 0 0 0 0 0 0 0 0 0 0 0 0 0 0 0
0 0 0 0 0 0 0 0 0 0 0 0 0 0 0 0 0 0 0 0 0 0 0 0 0 0 0 0 0 0 0 0 0 0 0 0 0 0 0 0 0 0 0 0 0 0 0 0 0 0 0 0 0 0 0 0 0 0 0 0 0
0 0 0 0 0 0 0 0 0 0 0 0 0 0 0 0 0 0 0 0 0 0 0 0 0 0 0 0 0 0 0 0 0 0 0 0 0 0 0 0 0 0 0 0 0 0 0 0 0 0 0 0 0 0 0 0 0 0 0 0 0
0 0 0 0 0 0 0 0 0 0 0 0 0 0 0 0 0 0 0 0 0 0 0 0 0 0 0 0 0 0 0 0 0 0 0 0 0 0 0 0 0 0 0 0 0 0 0 0 0 0 0 0 0 0 0 0 0 0 0 0 0
0 0 0 0 0 0 0 0 0 0 0 0 0 0 0 0 0 0 0 0 0 0 0 0 0 0 0 0 0 0 0 0 0 0 0 0 0 0 0 0 0 0 0 0 0 0 0 0 0 0 0 0 0 0 0 0 0 0 0 0 0
0 0 0 0 0 0 0 0 0 0 0 0 0 0 0 0 0 0 0 0 0 0 0 0 0 0 0 0 0 0 0 0 0 0 0 0 0 0 0 0 0 0 0 0 0 0 0 0 0 0 0 0 0 0 0 0 0 0 0 0 0
0 0 0 0 0 0 0 0 0 0 0 0 0 0 0 0 0 0 0 0 0 0 0 0 0 0 0 0 0 0 0 0 0 0 0 0 0 0 0 0 0 0 0 0 0 0 0 0 0 0 0 0 0 0 0 0 0 0 0 0 0
0 0 0 0 0 0 0 0 0 0 0 0 0 0 0 0 0 0 0 0 0 0 0 0 0 0 0 0 0 0 0 0 0 0 0 0 0 0 0 0 0 0 0 0 0 0 0 0 0 0 0 0 0 0 0 0 0 0 0 0 0
0 0 0 0 0 0 0 0 0 0 0 0 0 0 0 0 0 0 0 0 0 0 0 0 0 0 0 0 0 0 0 0 0 0 0 0 0 0 0 0 0 0 0 0 0 0 0 0 0 0 0 0 0 0 0 0 0 0 0 0 0
0 0 0 0 0 0 0 0 0 0 0 0 0 0 0 0 0 0 0 0 0 0 0 0 0 0 0 0 0 0 0 0 0 0 0 0 0 0 0 0 0 0 0 0 0 0 0 0 0 0 0 0 0 0 0 0 0 0 0 0 0
0 0 0 0 0 0 0 0 0 0 0 0 0 0 0 0 0 0 0 0 0 0 0 0 0 0 0 0 0 0 0 0 0 0 0 0 0 0 0 0 0 0 0 0 0 0 0 0 0 0 0 0 0 0 0 0 0 0 0 0 0
0 0 0 0 0 0 0 0 0 0 0 0 0 0 0 0 0 0 0 0 0 0 0 0 0 0 0 0 0 0 0 0 0 0 0 0 0 0 0 0 0 0 0 0 0 0 0 0 0 0 0 0 0 0 0 0 0 0 0 0 0
0 0 0 0 0 0 0 0 0 0 0 0 0 0 0 0 0 0 0 0 0 0 0 0 0 0 0 0 0 0 0 0 0 0 0 0 0 0 0 0 0 0 0 0 0 0 0 0 0 0 0 0 0 0 0 0 0 0 0 0 0
0 0 0 0 0 0 0 0 0 0 0 0 0 0 0 0 0 0 0 0 0 0 0 0 0 0 0 0 0 0 0 0 0 0 0 0 0 0 0 0 0 0 0 0 0 0 0 0 0 0 0 0 0 0 0 0 0 0 0 0 0
0 0 0 0 0 0 0 0 0 0 0 0 0 0 0 0 0 0 0 0 0 0 0 0 0 0 0 0 0 1 0 0 0 0 0 0 0 0 0 0 0 0 0 0 0 0 0 0 0 0 0 0 0 0 0 0 0 0 0 0 0
0 0 0 0 0 0 0 0 0 0 0 0 0 0 0 0 0 0 0 0 0 0 0 0 0 0 0 0 0 0 0 0 0 0 0 0 1 0 0 0 0 0 0 0 0 0 0 0 0 0 0 0 0 0 0 0 0 0 0 0 0
0 0 0 0 0 0 0 0 0 0 0 0 0 0 0 0 0 0 0 0 0 0 0 0 0 0 0 0 0 0 0 1 0 0 0 0 0 0 0 0 0 0 0 0 0 0 0 0 0 0 0 0 0 0 0 0 0 0 0 0 0
0 0 0 0 0 0 0 0 0 0 0 0 0 0 0 0 0 0 0 0 0 0 0 0 0 0 0 0 0 0 0 0 0 0 0 0 0 0 0 0 0 0 0 0 0 0 0 0 0 0 0 0 0 0 0 0 0 0 0 0 0
0 0 0 0 0 0 0 0 0 0 0 0 0 0 0 0 0 0 0 0 0 0 0 0 0 0 0 0 0 0 0 0 0 0 0 0 0 0 0 0 0 0 0 0 0 0 0 0 0 0 0 0 0 0 0 0 0 0 0 0 0
0 0 0 0 0 0 0 0 0 0 0 0 0 0 0 0 0 0 0 0 0 0 0 0 0 0 0 0 0 0 0 0 0 0 0 0 0 0 0 0 0 0 0 0 0 0 0 0 0 0 0 0 0 0 0 0 0 0 0 0 0
0 0 0 0 0 0 0 0 0 0 0 0 0 0 0 0 0 0 0 0 0 0 0 0 0 0 0 0 0 0 0 0 0 0 0 0 0 0 0 0 0 0 0 0 0 0 0 0 0 0 0 0 0 0 0 6 0 0 0 0 0
0 0 0 0 0 0 0 0 0 0 0 0 0 0 0 0 0 0 0 0 0 0 0 0 0 0 0 0 0 0 0 0 0 0 0 0 0 0 0 0 0 0 0 0 0 0 0 0 0 0 0 0 0 0 0 0 0 0 0 0 0
0 0 0 0 0 0 0 0 0 0 0 0 0 0 0 0 0 0 0 0 0 0 0 0 0 0 0 0 0 0 0 0 0 0 0 0 0 0 0 0 0 0 0 0 0 0 0 0 0 0 0 0 0 0 0 0 0 0 0 0 0
0 0 0 0 0 0 0 0 0 0 0 0 0 0 0 0 0 0 0 0 0 0 0 0 0 0 0 0 0 0 0 0 0 0 0 0 0 0 0 0 0 0 0 0 0 0 0 0 0 0 0 0 0 0 0 0 0 0 0 0 0
0 0 0 0 0 0 0 0 0 0 0 0 0 0 0 0 0 0 0 0 0 0 0 0 0 0 0 0 0 0 0 0 0 0 0 0 0 0 0 0 0 0 0 0 0 0 0 0 0 0 0 0 0 0 0 0 0 0 0 0 0
0 0 0 0 0 0 0 0 0 0 0 0 0 0 0 0 0 0 0 0 0 0 0 0 0 0 0 0 0 0 0 0 0 0 0 0 0 0 0 0 0 0 0 0 0 0 0 0 0 0 0 0 0 0 0 0 0 0 0 0 0
0 0 0 0 0 0 0 0 0 0 0 0 0 0 0 0 0 0 0 0 0 0 0 0 0 0 0 0 0 0 0 0 0 0 0 0 0 0 0 0 0 0 0 0 0 0 0 0 0 0 0 0 0 0 0 0 0 0 0 0 0
0 0 0 0 0 0 0 0 0 0 0 0 0 0 0 0 0 0 0 0 0 0 0 0 0 0 0 0 0 0 0 0 0 0 0 0 0 0 0 0 0 0 0 0 0 0 0 0 0 0 0 0 0 0 0 0 0 0 0 0 0

I cap
1058.909090909091 1058.909090909091 1058.909090909091 1058.909090909091 1316.0 1130.396 1096.796 1052.2259999999999 630.452 890.6399999999999 742.6080000000001 762.9000000000001 674.064 700.5360000000001 961.1999999999999 839.309090909091 772.7450909090911 877.7210909090911 694.445090909091 899.663090909091 867.551090909091 835.9970909090911 751.955090909091 721.4630909090911 730.0130909090911 604.3910909090911 580.9370909090911 425.237090909091 567.2030909090911 624.209090909091 770.171090909091 518.4590909090911 607.073090909091 765.005090909091 583.296 714.0 744.0 853.0 893.01 865.4699999999999 632.46 616.8259999999999 704.2099999999999 710.0060000000001 882.6700000000001 841.77 962.898 826.6500000000001 902.7500000000001 924.1 792.7920000000001 801.5920000000001 764.3040000000002 859.104 898.996 1052.3459999999998 908.5550909090911 953.105090909091 1058.909090909091 1058.909090909091 1058.909090909091
107.96969696969697 107.96969696969697 107.96969696969697 107.96969696969697 133.0 97.704 32.343999999999994 31.213999999999984 49.26799999999999 124.36 111.49199999999999 106.39999999999999 87.73599999999999 68.264 111.8 58.10969696969697 50.87369696969695 54.977696969696964 64.73369696969696 101.61569696969697 99.52769696969696 98.68169696969696 94.52369696969696 68.31569696969696 68.76569696969696 59.38769696969696 75.64169696969697 48.641696969696966 65.97569696969697 70.16969696969696 87.10769696969696 81.41969696969697 44.10569696969697 72.47369696969696 59.303999999999995 91.0 91.0 91.0 72.39 61.03 54.03999999999999 43.87399999999999 15.289999999999997 5.49399999999999 30.729999999999986 43.73 63.60199999999999 55.749999999999986 62.050000000000004 73.29999999999998 39.207999999999984 41.007999999999996 9.295999999999996 20.095999999999986 5.803999999999988 34.653999999999996 69.32369696969695 73.37369696969697 107.96969696969697 107.96969696969697 107.96969696969697
38.96666666666666 38.96666666666666 38.96666666666666 27.559166666666663 32.692499999999995 30.5925 7.452499999999995 16.06 25.380000000000006 39.2 30.799999999999997 29.400000000000002 24.5 36.4 31.5 5.1191666666666595 5.1191666666666595 13.039166666666661 27.559166666666663 38.96666666666666 27.559166666666663 27.559166666666663 27.559166666666663 27.559166666666663 38.96666666666666 38.96666666666666 38.96666666666666 38.96666666666666 38.96666666666666 38.96666666666666 38.96666666666666 38.96666666666666 38.96666666666666 38.96666666666666 23.8 18.9 18.2 23.1 27.299999999999997 30.799999999999997 37.8 39.900000000000006 46.900000000000006 46.2 43.400000000000006 41.3 45.5 51.099999999999994 44.8 46.2 49.0 49.0 52.5 49.0 51.099999999999994 52.5 38.96666666666666 38.96666666666666 38.96666666666666 38.96666666666666 38.96666666666666
45.24545454545453 45.24545454545453 45.24545454545453 45.24545454545453 35.7 43.532999999999994 40.967999999999996 41.637 37.437 43.477 42.776999999999994 35.966 34.566 30.977 30.877000000000002 42.43745454545453 42.27545454545453 43.03145454545453 42.84245454545453 42.329454545454524 41.951454545454524 43.54445454545453 43.35545454545453 43.16645454545453 43.16645454545453 43.35545454545453 41.65445454545453 41.08745454545453 40.02545454545452 39.710454545454525 44.11145454545453 43.92245454545453 43.00445454545453 43.59845454545453 40.353 37.8 37.8 37.8 40.81 52.976 39.613 45.464999999999996 52.199000000000005 45.492 45.897 46.022999999999996 42.776999999999994 40.07699999999999 42.398999999999994 50.477 52.22 52.346 52.99699999999999 51.275 5.52099999999999 4.944999999999986 41.195454545454524 43.481454545454525 45.24545454545453 45.24545454545453 45.24545454545453
20.999999999999993 20.999999999999993 20.999999999999993 20.999999999999993 14.700000000000001 23.610999999999997 20.917 22.227000000000004 19.427 19.858999999999998 23.358999999999998 23.421999999999997 22.722 22.599000000000004 19.859 19.964999999999993 19.937999999999995 20.189999999999994 20.558999999999994 20.747999999999994 20.621999999999993 20.432999999999993 20.369999999999994 20.306999999999995 20.306999999999995 20.369999999999994 20.162999999999993 20.189999999999994 18.335999999999995 18.182999999999993 20.621999999999993 20.558999999999994 20.153999999999993 20.378999999999994 20.379 23.799999999999997 20.299999999999997 20.299999999999997 20.029999999999998 18.468 13.881 20.217 19.570999999999998 22.638999999999996 20.001 19.354999999999997 19.732999999999997 18.973000000000003 23.070999999999998 19.732999999999997 18.787999999999997 19.541999999999998 18.311 17.073 16.16899999999999 13.684999999999988 17.543999999999993 17.597999999999992 20.999999999999993 20.999999999999993 20.999999999999993
345.75757575757575 345.75757575757575 345.75757575757575 345.75757575757575 259.0 290.409 308.959 273.721 258.721 268.621 258.871 250.303 270.40799999999996 286.536 290.356 278.9685757575757 298.64257575757574 338.57557575757573 327.92857575757574 322.06957575757576 319.67557575757576 334.9845757575757 333.7875757575757 332.5905757575757 309.32557575757573 275.3775757575757 299.83957575757574 338.57557575757573 335.02957575757574 331.43857575757573 315.31057575757575 278.9685757575757 305.82457575757576 342.16657575757574 241.409 294.0 308.0 322.0 317.12 317.12 299.52 368.24 354.24 314.09499999999997 307.71 302.975 352.84 372.06 396.735 361.59 356.673 377.818 378.83299999999997 406.83299999999997 405.58 354.13 323.26657575757577 342.16657575757574 345.75757575757575 345.75757575757575 345.75757575757575
779.7575757575758 779.7575757575758 779.7575757575758 779.7575757575758 672.0 770.581 837.214 769.573 822.6129999999999 839.9889999999999 793.664 815.5190000000001 823.9300000000001 793.1049999999999 828.461 686.1575757575757 694.5275757575757 735.4235757575758 734.1365757575758 733.2455757575757 724.2995757575758 739.5005757575758 735.0275757575757 730.5545757575757 715.3265757575757 696.7955757575758 694.6265757575758 717.9275757575758 699.8735757575756 689.3705757575757 737.6915757575758 710.2145757575757 714.8045757575757 748.8425757575758 599.085 749.0 819.0 854.0 747.577 657.455 652.316 708.089 742.211 633.772 621.4100000000001 631.096 678.02 664.111 700.089 660.4590000000001 689.5400000000001 693.0020000000001 657.805 697.179 689.9680000000001 576.49 722.4095757575758 752.4875757575758 779.7575757575758 779.7575757575758 779.7575757575758
80.73333333333335 80.73333333333335 80.73333333333335 80.73333333333335 69.3 89.73300000000002 80.76 86.333 84.93299999999999 91.777 82.677 89.86600000000001 98.26600000000002 95.75699999999999 88.977 76.73733333333335 76.89933333333336 77.65533333333336 79.41033333333336 79.97733333333335 79.59933333333336 79.03233333333337 78.84333333333336 78.65433333333335 78.65433333333335 78.84333333333336 76.87233333333337 76.14333333333336 76.34133333333334 76.06233333333336 79.59933333333336 79.41033333333336 77.30433333333335 78.22233333333335 45.789 70.0 78.4 76.30000000000001 74.14000000000001 76.34400000000001 76.32799999999999 79.41600000000001 82.32800000000002 84.77099999999999 87.60000000000001 90.472 86.04400000000001 79.524 76.728 75.54400000000001 73.65400000000002 69.52600000000001 65.49300000000001 64.30900000000001 59.87200000000001 57.35999999999998 79.41033333333336 79.48233333333336 80.73333333333335 80.73333333333335 80.73333333333335
10.775757575757575 10.775757575757575 10.775757575757575 10.775757575757575 8.4 9.8 6.9399999999999995 4.779999999999999 0.4400000000000004 2.8 5.075 3.8579999999999997 0.9420000000000002 4.049000000000001 7.392999999999999 1.2177575757575756 5.024757575757576 10.775757575757575 8.615757575757575 6.455757575757575 6.455757575757575 10.775757575757575 10.775757575757575 10.775757575757575 6.968757575757575 1.2177575757575756 5.024757575757576 10.775757575757575 10.775757575757575 10.775757575757575 6.968757575757575 1.2177575757575756 5.024757575757576 10.775757575757575 8.4 7.0 6.300000000000001 8.4 4.433 6.533000000000001 5.297999999999999 2.321000000000001 5.551000000000002 1.9219999999999984 0.930000000000001 3.427000000000001 9.286 13.055 8.278 1.3969999999999985 4.258999999999999 11.5 11.14 10.009999999999998 6.879999999999999 5.079999999999998 5.510757575757575 9.920757575757575 10.775757575757575 10.775757575757575 10.775757575757575
2.545454545454545 2.545454545454545 2.545454545454545 2.545454545454545 2.8 0.8329999999999999 1.3419999999999996 0.129 0.8289999999999994 0.7769999999999999 1.4769999999999996 0.2659999999999998 0.2659999999999998 0.777 0.777 0.3314545454545448 0.007454545454544603 0.7634545454545446 1.222454545454545 1.789454545454545 1.4114545454545446 0.8444545454545446 0.655454545454545 0.4664545454545449 0.4664545454545448 0.6554545454545446 0.034454545454544516 0.11545454545454459 1.033454545454545 0.574454545454545 1.4114545454545446 1.2224545454545448 0.898454545454545 1.3304545454545447 1.585 2.8 2.8 2.1 1.9899999999999998 0.10399999999999987 2.0439999999999996 1.452 2.8 0.5089999999999999 1.452 2.1519999999999997 2.1 4.2 2.8 2.8 3.066 1.6659999999999995 0.7209999999999994 2.1209999999999996 0.9099999999999996 0.9099999999999996 1.9784545454545448 1.9784545454545448 2.545454545454545 2.545454545454545 2.545454545454545
8.515433299825174 8.515433299825174 8.515433299825174 8.515433299825174 7.257295057471263 7.913808275862068 7.336524068965517 8.026100706896553 10.12229624137931 8.864960948275863 9.732879137931034 9.37589327586207 9.47914224137931 7.215361034482757 7.805711120689655 7.390920862068965 7.3488655172413795 7.74120001724138 7.066164844827586 7.03241148275862 7.080618763322884 8.656057586206897 8.266741568965518 6.822302431034482 6.140496511494253 6.0056013793103435 6.335903275862068 9.15306551724138 8.343032586206899 7.289742068965517 9.174710172413794 8.820407758620691 7.035224137931034 7.559249166666667 11.625719885057473 12.424950344827586 7.506785172413793 8.652446896551725 7.907583275862069 7.33922224137931 6.684098275862068 6.7819474310344825 6.391147948275861 6.674655706896551 6.571736551724137 6.740027068965516 6.675897586206896 6.855067758620689 5.903684827586205 6.590051034482758 8.481168103448276 8.075853448275861 7.5882017241379325 7.275693103448276 6.168955207803993 4.9823615508167 8.049915903273451 8.515433299825174 8.515433299825174 8.515433299825174 8.515433299825174
700.0 700.0 700.0 697.3000000000001 693.7 692.8000000000001 684.7000000000002 686.5000000000002 681.1000000000001 678.4000000000001 689.2 684.7 683.8 684.7 686.5 683.8000000000001 685.6000000000003 688.3000000000001 690.1000000000001 689.2000000000002 686.5000000000001 690.1000000000001 691.0000000000001 691.9000000000002 688.3000000000002 673.9000000000001 684.7000000000002 681.1000000000001 683.8000000000002 681.1000000000001 686.5 682.0 685.6000000000003 686.5000000000001 693.7 693.7 689.2 686.5000000000001 674.8 692.8000000000001 690.1000000000001 687.4000000000001 687.4000000000002 673.9000000000001 689.2 689.2000000000002 693.7 690.1000000000001 682.0000000000002 685.6000000000001 676.6 691.9000000000001 690.1000000000001 689.2000000000003 685.6000000000003 681.1 693.7 700.0 700.0 700.0 700.0

H cap
61.25 50.75 47.25 -5.25 26.25 1.75 33.25 75.25 54.25 15.75 36.75 22.75 -12.25 75.25 29.75 40.25 96.25 61.25 8.75 -19.25 5.25 22.75 75.25 64.75 12.25 36.75 89.25 57.75 57.75 85.75 96.25 131.25 110.25 110.25 96.25 61.25 22.75 1.75 12.25 -5.25 57.75 96.25 96.25 120.75 47.25 57.75 96.25 96.25 -26.25 -26.25 -1.75 -1.75 131.25 131.25 131.25 131.25 131.25 131.25 131.25 131.25 131.25
52.5 50.5 43.5 38.5 41.5 40.5 44.5 47.5 43.5 39.0 38.0 40.5 43.5 50.5 42.5 42.5 52.5 52.5 47.5 40.5 35.5 40.5 50.5 47.5 40.0 42.5 45.0 42.5 45.5 50.5 52.5 52.5 52.5 52.5 52.5 49.5 40.5 41.5 43.5 33.5 40.5 52.5 52.5 50.0 40.0 42.5 52.5 52.5 37.5 37.5 39.5 15.5 28.5 52.5 52.5 52.5 52.5 52.5 52.5 52.5 52.5
56.0 52.5 49.0 49.0 52.5 49.0 49.0 49.0 52.5 49.0 49.0 52.5 49.0 52.5 52.5 56.0 59.5 56.0 56.0 52.5 49.0 49.0 49.0 49.0 49.0 45.5 45.5 42.0 49.0 59.5 59.5 63.0 63.0 63.0 59.5 56.0 56.0 59.5 56.0 49.0 56.0 59.5 59.5 56.0 49.0 56.0 59.5 59.5 52.5 52.5 49.0 49.0 63.0 63.0 63.0 63.0 63.0 63.0 63.0 63.0 63.0
-9.75 -12.25 23.25 2.25 22.25 0.75 5.75 0.25 2.75 1.25 8.25 -4.25 7.25 64.25 0.25 7.75 -5.25 -9.75 49.25 28.75 12.75 0.25 13.25 0.25 0.75 -0.75 3.75 0.75 13.75 -15.25 -5.25 78.75 0.75 0.75 -5.25 -11.25 36.75 0.25 22.25 2.25 16.25 -5.25 -5.25 69.25 0.25 9.75 -5.25 -5.25 22.25 22.25 12.75 0.75 66.75 78.75 78.75 78.75 78.75 78.75 78.75 78.75 78.75

Gap
NaN

Time
NaN

