T P M C
61 37 4 12

base obj
19.35732600732601

exp obj
23.05867016969958

Objective struct
19.35732600732601 1.2019183430948137 32.9607843137255

num campaigns
114

x
0 0 0 0 0 0 0 2 0 0 1 0 0 0 1 0 0 0 0 0 0 0 0 0 0 0 1 0 0 1 0 0 0 1 0 0 1 0 0 0 0 0 0 0 0 1 1 0 0 1 0 0 2 0 0 0 0 0 0 0 0
0 0 0 0 0 0 0 0 0 0 0 0 0 0 0 0 0 0 0 0 0 0 0 0 0 0 0 0 0 0 0 0 0 0 0 0 0 0 0 0 0 0 0 0 0 0 0 0 0 0 0 0 0 0 0 0 0 0 0 0 0
0 0 0 0 0 0 0 0 0 0 0 0 0 0 0 0 0 0 0 0 0 0 0 0 0 0 0 0 0 0 0 0 0 0 0 0 0 0 0 0 0 0 0 0 0 0 0 0 0 0 0 0 0 0 0 0 0 0 0 0 0
0 0 0 0 0 0 0 0 0 1 0 0 0 0 0 0 0 1 0 1 0 0 0 0 0 2 0 2 1 0 0 0 0 0 0 0 0 0 0 0 0 0 0 0 0 0 0 1 0 0 0 0 0 0 0 2 0 0 0 0 0
0 0 0 0 0 0 0 0 0 0 0 0 0 0 0 0 0 0 0 0 0 0 0 0 0 0 0 0 0 0 0 0 0 0 0 0 0 0 0 0 0 0 0 0 0 0 0 0 0 0 0 0 0 0 0 0 0 0 0 0 0
0 0 0 0 0 0 0 0 0 0 0 0 0 0 0 0 0 0 0 0 0 0 0 0 0 0 0 0 0 0 0 0 0 0 0 0 0 0 0 0 0 0 0 0 0 0 0 0 0 0 0 0 0 0 0 0 0 0 0 0 0
0 0 0 0 0 0 0 0 0 0 0 0 0 0 0 0 0 0 1 1 0 0 0 0 0 0 0 0 3 0 0 0 1 1 0 0 0 0 0 0 2 0 0 0 0 0 0 2 0 0 0 0 0 0 0 0 0 0 0 0 0
0 0 0 0 0 0 0 0 0 0 0 0 0 0 1 0 0 0 0 0 0 0 0 0 0 0 0 0 0 0 0 1 0 0 0 1 0 0 0 0 0 0 0 0 0 0 0 0 0 0 0 0 1 0 0 0 0 0 0 0 0
0 0 0 0 0 0 0 0 0 0 0 0 0 0 0 0 0 1 0 0 0 0 0 0 0 0 0 0 0 0 1 0 0 0 0 0 0 0 0 0 0 0 0 0 0 0 0 0 0 0 0 0 0 0 0 0 0 0 0 0 0
0 0 0 0 0 0 0 0 0 0 0 0 0 0 0 0 0 0 0 0 0 0 0 0 0 0 0 0 0 0 0 0 0 0 0 0 0 0 0 0 0 0 0 0 0 0 0 0 0 0 0 0 0 0 0 0 0 0 0 0 0
0 0 0 0 0 0 0 0 0 0 1 0 0 0 0 0 0 0 0 1 0 0 0 0 0 0 0 0 0 0 0 0 0 0 0 0 0 0 0 0 0 0 0 0 0 1 0 1 0 1 0 0 0 0 0 0 0 0 0 0 0
0 0 0 0 0 0 0 0 0 0 0 0 0 0 1 0 0 0 0 0 0 0 0 0 0 0 0 0 0 0 0 0 0 0 0 0 0 0 0 0 1 0 1 0 0 0 0 0 0 0 0 0 0 0 1 0 0 0 0 0 0
0 0 0 0 0 0 0 0 0 0 0 0 0 0 0 0 0 0 0 0 0 0 0 0 0 0 0 0 0 0 0 0 0 0 0 0 0 0 0 0 0 0 0 0 0 0 0 0 0 0 0 0 0 0 0 0 0 0 0 0 0
0 0 0 0 0 0 0 0 0 0 0 0 0 0 0 0 0 0 0 0 0 0 0 0 0 0 0 0 0 0 0 0 0 0 0 0 0 0 0 0 0 0 0 0 0 0 0 0 0 0 0 0 0 0 0 0 0 0 0 0 0
0 0 0 0 0 0 0 0 0 0 0 0 0 0 0 0 0 0 0 0 0 0 0 0 0 0 0 0 0 0 0 0 1 0 0 0 0 0 0 0 1 1 0 0 0 0 0 0 0 0 0 0 0 0 0 0 0 0 0 0 0
0 0 0 0 0 0 0 0 0 0 0 0 0 0 0 0 0 0 0 0 0 0 0 0 0 0 0 0 0 0 0 0 0 0 0 0 0 0 0 0 0 0 0 0 1 0 0 0 0 0 0 0 0 0 0 0 0 0 0 0 0
0 0 0 0 0 0 0 0 0 0 0 0 0 0 0 0 0 0 1 0 1 0 0 0 0 0 1 0 0 0 0 0 0 0 0 0 0 0 0 0 0 0 0 0 0 0 0 1 0 1 0 0 0 0 0 1 0 0 0 0 0
0 0 0 0 0 0 0 0 0 0 0 0 0 0 0 0 0 0 0 0 0 0 0 0 0 0 1 0 0 0 0 0 0 0 0 0 0 0 0 0 0 0 0 0 0 1 0 0 1 0 0 0 0 0 0 0 0 0 0 0 0
0 0 0 0 0 0 0 0 0 0 0 0 0 0 0 0 0 0 0 0 0 0 0 0 0 0 0 0 0 0 0 0 0 0 0 0 0 0 0 0 0 0 0 0 0 0 0 0 0 0 0 0 0 0 0 0 0 0 0 0 0
0 0 0 0 0 0 0 0 1 0 0 0 0 0 0 0 0 0 0 1 0 0 0 0 0 0 0 0 0 0 0 0 0 0 0 0 0 0 0 0 0 0 0 0 0 0 0 0 0 0 0 0 0 0 0 0 0 0 0 0 0
0 0 0 0 0 0 0 0 0 0 0 0 0 0 0 0 0 0 0 0 0 0 0 0 0 0 0 0 0 0 0 0 0 0 1 0 0 0 0 0 0 0 0 0 0 0 0 1 0 0 0 0 0 0 0 0 0 0 0 0 0
0 0 0 0 1 0 0 0 0 0 0 0 1 0 0 0 0 0 0 0 0 1 0 1 0 0 0 0 0 0 0 0 0 0 0 0 0 0 1 0 0 0 0 1 0 0 0 0 0 0 0 0 0 0 0 0 0 0 0 0 0
0 0 0 0 0 0 0 1 1 0 0 0 0 0 0 0 0 0 0 0 0 0 0 0 0 0 0 0 0 0 0 0 0 0 1 0 1 0 0 0 0 0 0 0 0 0 0 0 0 0 0 0 0 0 0 0 0 0 0 0 0
0 0 0 0 0 0 0 0 0 0 0 0 0 0 0 0 1 0 0 2 0 0 0 0 0 0 1 0 0 0 0 1 0 1 0 0 0 0 0 0 0 0 0 0 0 0 0 1 0 0 0 0 0 0 0 0 0 0 0 0 0
0 0 0 0 0 0 0 0 0 1 0 0 0 0 0 1 0 1 0 0 0 0 0 0 0 0 0 0 1 0 0 0 0 0 0 0 0 0 0 0 0 0 0 0 0 0 0 0 0 1 0 0 0 0 1 0 0 0 0 0 0
0 0 0 0 0 0 0 0 0 0 1 0 0 0 0 0 2 0 0 0 0 0 0 0 0 0 0 0 1 0 1 0 0 0 0 0 1 0 0 0 0 0 0 0 0 0 0 1 0 0 0 0 0 0 0 1 0 0 0 0 0
0 0 0 0 0 0 0 0 0 0 1 0 0 0 0 0 0 0 0 0 0 0 0 0 0 0 0 0 0 1 0 0 0 0 0 0 0 0 0 0 0 0 0 0 0 0 0 0 0 0 0 0 0 0 0 0 0 0 0 0 0
0 0 0 0 0 0 0 0 0 0 0 0 0 0 0 0 0 0 0 0 0 0 0 0 0 0 0 0 0 0 1 0 0 0 0 0 0 0 0 1 0 0 0 0 0 0 0 0 0 0 0 0 0 0 0 0 0 0 0 0 0
0 0 0 0 0 0 0 0 0 0 0 0 0 0 0 0 0 0 0 0 0 0 0 0 0 0 0 0 0 0 0 0 0 0 0 0 0 0 0 0 0 0 0 0 0 0 0 0 0 0 0 0 0 0 0 0 0 0 0 0 0
0 0 0 0 0 0 0 0 0 0 0 0 0 0 0 0 0 0 0 0 0 0 0 0 0 1 1 1 0 0 0 6 0 0 0 0 0 0 0 0 1 0 0 0 0 0 0 0 0 0 0 0 0 0 0 0 0 0 0 0 0
0 0 0 0 0 0 0 0 0 0 0 0 0 0 0 0 0 0 0 0 0 0 0 0 0 0 0 0 0 0 0 2 0 0 0 0 0 0 0 0 0 0 0 0 0 0 0 0 0 0 0 0 0 0 0 0 0 0 0 0 0
0 0 0 0 0 0 0 0 0 0 0 0 0 0 0 0 0 0 0 0 0 0 0 0 0 0 0 0 0 0 0 0 0 0 0 0 0 0 0 0 0 0 0 0 0 0 0 0 0 0 0 0 0 0 0 0 0 0 0 0 0
0 0 0 0 0 0 0 0 0 0 0 0 0 0 0 0 0 0 0 0 0 0 0 0 0 0 0 0 0 0 0 0 0 0 0 0 0 0 0 0 0 0 0 0 0 0 0 0 0 0 0 0 0 0 0 0 0 0 0 0 0
0 0 0 0 0 0 0 0 0 0 0 0 0 0 0 0 0 0 0 0 0 0 0 0 0 0 0 0 0 0 0 0 0 0 0 0 0 0 0 0 0 0 0 0 0 0 0 0 0 0 0 0 0 0 0 0 0 0 0 0 0
0 0 0 0 0 0 0 0 0 0 0 0 0 0 0 0 0 0 0 0 0 0 0 0 0 0 0 0 0 0 0 0 0 0 0 0 0 0 0 0 0 0 0 0 0 0 0 0 0 0 0 0 0 0 0 0 0 0 0 0 0
0 0 0 0 0 0 0 0 0 0 0 0 0 0 0 0 0 0 0 0 0 0 0 0 0 0 0 0 0 0 0 0 0 0 0 0 0 0 0 0 0 0 0 0 0 0 0 0 0 0 0 0 0 0 0 0 0 0 0 0 0
0 0 0 0 0 0 0 0 0 0 0 0 0 0 0 0 0 0 0 0 0 0 0 0 0 0 0 0 0 0 0 0 0 0 0 0 0 0 0 0 0 0 0 0 0 0 0 0 0 0 0 0 0 0 0 0 0 0 0 0 0

y
0.0 0.0 0.0 0.0 0.0 0.0 0.0 0.0 0.0 0.0 0.0 0.0 0.0 0.0 0.0 0.0 0.0 0.0 0.0 0.0 8.363636363636363 0.0 0.0 0.0 0.0 0.0 13.333333333333332 0.0 0.0 0.0 0.0 0.0 0.0 0.0 0.0 0.0 0.0

k
0 12 13 0 17 12 1 0 0 29 0 0 12 11 4 0 0 0 25 0 10 0 0 3 0 0 8 0 21 42 50 52 104 52 52 52 6

f
0.0 0.0 0.0 1.75 44.975 0.0 0.0 0.0 0.0 0.0 0.0 0.0 0.0 0.0 0.0 0.0 0.0 0.0 0.0 0.0 0.0 0.0 0.0 0.0 0.0 0.0 1.75 0.0 0.0 0.0 0.0 0.0 1.75 0.0 0.0 0.0 0.0 0.0 0.0 0.0 0.0 0.0 11.725 0.0 0.0 0.0 0.0 0.0 18.375 18.375 0.0 0.0 0.0 0.0 0.0 0.0 0.0 0.0 0.0 0.0 0.0
0.0 0.0 0.0 0.0 0.0 0.0 0.0 0.0 0.0 0.0 0.0 0.0 0.0 0.0 0.0 0.0 0.0 0.0 0.0 0.0 0.0 0.0 0.0 0.0 0.0 0.0 0.0 0.0 0.0 0.0 0.0 0.0 0.0 0.0 0.0 0.0 0.0 0.0 0.0 0.0 0.0 0.0 0.0 0.0 0.0 0.0 0.0 0.0 0.0 0.0 0.0 0.0 0.0 0.0 0.0 0.0 0.0 0.0 0.0 0.0 0.0
0.0 0.0 0.0 0.0 0.0 0.0 0.0 0.0 0.0 0.0 0.0 0.0 0.0 0.0 0.0 0.0 0.0 0.0 0.0 0.0 0.0 0.0 0.0 0.0 0.0 0.0 0.0 0.0 0.0 0.0 0.0 0.0 0.0 0.0 0.0 0.0 0.0 0.0 0.0 0.0 0.0 0.0 0.0 0.0 0.0 0.0 0.0 0.0 0.0 0.0 0.0 0.0 0.0 0.0 0.0 0.0 0.0 0.0 0.0 0.0 0.0
1.0499999999999972 1.0499999999999972 0.0 0.0 31.924999999999997 0.5749999999999957 0.0 0.0 1.0499999999999972 1.0499999999999972 0.0 0.09999999999999432 0.0 0.0 0.0 0.0 0.0 18.625 1.0499999999999972 1.0499999999999972 1.0499999999999972 0.0 0.0 0.0 0.0 0.0 0.0 0.0 0.0 0.0 0.0 0.0 0.0 0.0 1.0499999999999972 3.424999999999997 0.0 0.0 0.0 10.549999999999997 22.424999999999997 0.0 0.0 0.0 0.0 3.8999999999999915 0.0 0.0 0.0 0.0 0.0 0.0 0.0 0.0 0.0 0.0 0.0 0.0 0.0 0.0 0.0

L
0 0 0 0 0 0 0 4 13 0 2 2 0 0 1 0 2 3 0 11 13 2 1 0 2 0 19 9 0 0 0 0 0 0 0 0 0

g
0 0 0 0 0 0 0 1 0 0 0 0 0 0 0 0 0 0 0 0 0 0 0 0 0 0 0 0 0 0 0 0 0 0 0 0 0 0 0 0 0 0 0 0 0 0 0 0 0 0 0 0 1 0 0 0 0 0 0 0 0
0 0 0 0 0 0 0 0 0 0 0 0 0 0 0 0 0 0 0 0 0 0 0 0 0 0 0 0 0 0 0 0 0 0 0 0 0 0 0 0 0 0 0 0 0 0 0 0 0 0 0 0 0 0 0 0 0 0 0 0 0
0 0 0 0 0 0 0 0 0 0 0 0 0 0 0 0 0 0 0 0 0 0 0 0 0 0 0 0 0 0 0 0 0 0 0 0 0 0 0 0 0 0 0 0 0 0 0 0 0 0 0 0 0 0 0 0 0 0 0 0 0
0 0 0 0 0 0 0 0 0 0 0 0 0 0 0 0 0 0 0 0 0 0 0 0 0 1 0 1 0 0 0 0 0 0 0 0 0 0 0 0 0 0 0 0 0 0 0 0 0 0 0 0 0 0 0 1 0 0 0 0 0
0 0 0 0 0 0 0 0 0 0 0 0 0 0 0 0 0 0 0 0 0 0 0 0 0 0 0 0 0 0 0 0 0 0 0 0 0 0 0 0 0 0 0 0 0 0 0 0 0 0 0 0 0 0 0 0 0 0 0 0 0
0 0 0 0 0 0 0 0 0 0 0 0 0 0 0 0 0 0 0 0 0 0 0 0 0 0 0 0 0 0 0 0 0 0 0 0 0 0 0 0 0 0 0 0 0 0 0 0 0 0 0 0 0 0 0 0 0 0 0 0 0
0 0 0 0 0 0 0 0 0 0 0 0 0 0 0 0 0 0 0 0 0 0 0 0 0 0 0 0 2 0 0 0 0 0 0 0 0 0 0 0 1 0 0 0 0 0 0 1 0 0 0 0 0 0 0 0 0 0 0 0 0
0 0 0 0 0 0 0 0 0 0 0 0 0 0 0 0 0 0 0 0 0 0 0 0 0 0 0 0 0 0 0 0 0 0 0 0 0 0 0 0 0 0 0 0 0 0 0 0 0 0 0 0 0 0 0 0 0 0 0 0 0
0 0 0 0 0 0 0 0 0 0 0 0 0 0 0 0 0 0 0 0 0 0 0 0 0 0 0 0 0 0 0 0 0 0 0 0 0 0 0 0 0 0 0 0 0 0 0 0 0 0 0 0 0 0 0 0 0 0 0 0 0
0 0 0 0 0 0 0 0 0 0 0 0 0 0 0 0 0 0 0 0 0 0 0 0 0 0 0 0 0 0 0 0 0 0 0 0 0 0 0 0 0 0 0 0 0 0 0 0 0 0 0 0 0 0 0 0 0 0 0 0 0
0 0 0 0 0 0 0 0 0 0 0 0 0 0 0 0 0 0 0 0 0 0 0 0 0 0 0 0 0 0 0 0 0 0 0 0 0 0 0 0 0 0 0 0 0 0 0 0 0 0 0 0 0 0 0 0 0 0 0 0 0
0 0 0 0 0 0 0 0 0 0 0 0 0 0 0 0 0 0 0 0 0 0 0 0 0 0 0 0 0 0 0 0 0 0 0 0 0 0 0 0 0 0 0 0 0 0 0 0 0 0 0 0 0 0 0 0 0 0 0 0 0
0 0 0 0 0 0 0 0 0 0 0 0 0 0 0 0 0 0 0 0 0 0 0 0 0 0 0 0 0 0 0 0 0 0 0 0 0 0 0 0 0 0 0 0 0 0 0 0 0 0 0 0 0 0 0 0 0 0 0 0 0
0 0 0 0 0 0 0 0 0 0 0 0 0 0 0 0 0 0 0 0 0 0 0 0 0 0 0 0 0 0 0 0 0 0 0 0 0 0 0 0 0 0 0 0 0 0 0 0 0 0 0 0 0 0 0 0 0 0 0 0 0
0 0 0 0 0 0 0 0 0 0 0 0 0 0 0 0 0 0 0 0 0 0 0 0 0 0 0 0 0 0 0 0 0 0 0 0 0 0 0 0 0 0 0 0 0 0 0 0 0 0 0 0 0 0 0 0 0 0 0 0 0
0 0 0 0 0 0 0 0 0 0 0 0 0 0 0 0 0 0 0 0 0 0 0 0 0 0 0 0 0 0 0 0 0 0 0 0 0 0 0 0 0 0 0 0 0 0 0 0 0 0 0 0 0 0 0 0 0 0 0 0 0
0 0 0 0 0 0 0 0 0 0 0 0 0 0 0 0 0 0 0 0 0 0 0 0 0 0 0 0 0 0 0 0 0 0 0 0 0 0 0 0 0 0 0 0 0 0 0 0 0 0 0 0 0 0 0 0 0 0 0 0 0
0 0 0 0 0 0 0 0 0 0 0 0 0 0 0 0 0 0 0 0 0 0 0 0 0 0 0 0 0 0 0 0 0 0 0 0 0 0 0 0 0 0 0 0 0 0 0 0 0 0 0 0 0 0 0 0 0 0 0 0 0
0 0 0 0 0 0 0 0 0 0 0 0 0 0 0 0 0 0 0 0 0 0 0 0 0 0 0 0 0 0 0 0 0 0 0 0 0 0 0 0 0 0 0 0 0 0 0 0 0 0 0 0 0 0 0 0 0 0 0 0 0
0 0 0 0 0 0 0 0 0 0 0 0 0 0 0 0 0 0 0 0 0 0 0 0 0 0 0 0 0 0 0 0 0 0 0 0 0 0 0 0 0 0 0 0 0 0 0 0 0 0 0 0 0 0 0 0 0 0 0 0 0
0 0 0 0 0 0 0 0 0 0 0 0 0 0 0 0 0 0 0 0 0 0 0 0 0 0 0 0 0 0 0 0 0 0 0 0 0 0 0 0 0 0 0 0 0 0 0 0 0 0 0 0 0 0 0 0 0 0 0 0 0
0 0 0 0 0 0 0 0 0 0 0 0 0 0 0 0 0 0 0 0 0 0 0 0 0 0 0 0 0 0 0 0 0 0 0 0 0 0 0 0 0 0 0 0 0 0 0 0 0 0 0 0 0 0 0 0 0 0 0 0 0
0 0 0 0 0 0 0 0 0 0 0 0 0 0 0 0 0 0 0 0 0 0 0 0 0 0 0 0 0 0 0 0 0 0 0 0 0 0 0 0 0 0 0 0 0 0 0 0 0 0 0 0 0 0 0 0 0 0 0 0 0
0 0 0 0 0 0 0 0 0 0 0 0 0 0 0 0 0 0 0 1 0 0 0 0 0 0 0 0 0 0 0 0 0 0 0 0 0 0 0 0 0 0 0 0 0 0 0 0 0 0 0 0 0 0 0 0 0 0 0 0 0
0 0 0 0 0 0 0 0 0 0 0 0 0 0 0 0 0 0 0 0 0 0 0 0 0 0 0 0 0 0 0 0 0 0 0 0 0 0 0 0 0 0 0 0 0 0 0 0 0 0 0 0 0 0 0 0 0 0 0 0 0
0 0 0 0 0 0 0 0 0 0 0 0 0 0 0 0 1 0 0 0 0 0 0 0 0 0 0 0 0 0 0 0 0 0 0 0 0 0 0 0 0 0 0 0 0 0 0 0 0 0 0 0 0 0 0 0 0 0 0 0 0
0 0 0 0 0 0 0 0 0 0 0 0 0 0 0 0 0 0 0 0 0 0 0 0 0 0 0 0 0 0 0 0 0 0 0 0 0 0 0 0 0 0 0 0 0 0 0 0 0 0 0 0 0 0 0 0 0 0 0 0 0
0 0 0 0 0 0 0 0 0 0 0 0 0 0 0 0 0 0 0 0 0 0 0 0 0 0 0 0 0 0 0 0 0 0 0 0 0 0 0 0 0 0 0 0 0 0 0 0 0 0 0 0 0 0 0 0 0 0 0 0 0
0 0 0 0 0 0 0 0 0 0 0 0 0 0 0 0 0 0 0 0 0 0 0 0 0 0 0 0 0 0 0 0 0 0 0 0 0 0 0 0 0 0 0 0 0 0 0 0 0 0 0 0 0 0 0 0 0 0 0 0 0
0 0 0 0 0 0 0 0 0 0 0 0 0 0 0 0 0 0 0 0 0 0 0 0 0 0 0 0 0 0 0 5 0 0 0 0 0 0 0 0 0 0 0 0 0 0 0 0 0 0 0 0 0 0 0 0 0 0 0 0 0
0 0 0 0 0 0 0 0 0 0 0 0 0 0 0 0 0 0 0 0 0 0 0 0 0 0 0 0 0 0 0 1 0 0 0 0 0 0 0 0 0 0 0 0 0 0 0 0 0 0 0 0 0 0 0 0 0 0 0 0 0
0 0 0 0 0 0 0 0 0 0 0 0 0 0 0 0 0 0 0 0 0 0 0 0 0 0 0 0 0 0 0 0 0 0 0 0 0 0 0 0 0 0 0 0 0 0 0 0 0 0 0 0 0 0 0 0 0 0 0 0 0
0 0 0 0 0 0 0 0 0 0 0 0 0 0 0 0 0 0 0 0 0 0 0 0 0 0 0 0 0 0 0 0 0 0 0 0 0 0 0 0 0 0 0 0 0 0 0 0 0 0 0 0 0 0 0 0 0 0 0 0 0
0 0 0 0 0 0 0 0 0 0 0 0 0 0 0 0 0 0 0 0 0 0 0 0 0 0 0 0 0 0 0 0 0 0 0 0 0 0 0 0 0 0 0 0 0 0 0 0 0 0 0 0 0 0 0 0 0 0 0 0 0
0 0 0 0 0 0 0 0 0 0 0 0 0 0 0 0 0 0 0 0 0 0 0 0 0 0 0 0 0 0 0 0 0 0 0 0 0 0 0 0 0 0 0 0 0 0 0 0 0 0 0 0 0 0 0 0 0 0 0 0 0
0 0 0 0 0 0 0 0 0 0 0 0 0 0 0 0 0 0 0 0 0 0 0 0 0 0 0 0 0 0 0 0 0 0 0 0 0 0 0 0 0 0 0 0 0 0 0 0 0 0 0 0 0 0 0 0 0 0 0 0 0
0 0 0 0 0 0 0 0 0 0 0 0 0 0 0 0 0 0 0 0 0 0 0 0 0 0 0 0 0 0 0 0 0 0 0 0 0 0 0 0 0 0 0 0 0 0 0 0 0 0 0 0 0 0 0 0 0 0 0 0 0

I cap
1058.909090909091 1058.909090909091 1058.909090909091 1058.909090909091 1316.0 1045.88 1130.48 1146.7199999999998 749.3599999999999 694.3200000000002 531.94 762.56 700.3800000000001 889.8800000000001 943.9599999999999 866.4690909090909 600.9490909090911 433.94909090909107 692.1490909090909 780.7490909090909 1038.709090909091 1051.909090909091 1058.909090909091 1058.909090909091 976.349090909091 652.349090909091 949.4690909090909 542.909090909091 316.40909090909116 574.009090909091 430.2690909090909 526.1890909090911 505.54909090909115 717.6090909090908 332.3 428.1 414.5 619.06 670.74 689.54 494.99999999999994 717.02 783.9999999999999 692.86 674.7000000000002 715.62 793.7399999999999 367.0200000000001 694.8200000000002 716.0 669.44 723.3200000000002 762.56 941.1199999999999 1045.2800000000002 704.3800000000001 919.409090909091 944.909090909091 1058.909090909091 1058.909090909091 1058.909090909091
107.96969696969697 107.96969696969697 107.96969696969697 107.96969696969697 133.0 119.12 126.12 109.88 106.44 104.68 74.06 77.44 31.620000000000005 54.120000000000005 18.04 42.40969696969697 16.92969696969697 6.529696969696971 77.32969696969697 44.92969696969697 71.16969696969697 79.96969696969697 107.96969696969697 107.96969696969697 104.52969696969697 68.52969696969697 103.40969696969697 63.96969696969697 54.46969696969697 39.86969696969697 13.609696969696966 26.689696969696975 36.329696969696975 12.26969696969697 2.7 33.900000000000006 38.5 42.94 38.260000000000005 81.46000000000001 44.00000000000001 67.98 24.0 81.14 78.30000000000001 61.379999999999995 60.25999999999999 4.980000000000003 67.18 42.0 35.56 36.68000000000001 36.44 51.879999999999995 6.720000000000006 2.6200000000000045 77.46969696969697 101.96969696969697 107.96969696969697 107.96969696969697 107.96969696969697
38.96666666666666 38.96666666666666 38.96666666666666 38.96666666666666 44.099999999999994 42.0 16.366666666666664 13.566666666666666 23.766666666666673 39.2 30.799999999999997 29.400000000000002 24.5 36.4 31.5 38.96666666666666 38.96666666666666 14.033333333333328 14.033333333333328 22.83333333333333 38.96666666666666 38.96666666666666 38.96666666666666 38.96666666666666 38.96666666666666 26.29166666666666 26.29166666666666 26.29166666666666 26.29166666666666 38.96666666666666 38.96666666666666 38.96666666666666 38.96666666666666 38.96666666666666 9.133333333333335 4.2333333333333325 3.533333333333333 23.1 27.299999999999997 30.799999999999997 37.8 39.900000000000006 46.900000000000006 46.2 30.725000000000005 28.624999999999996 32.825 11.08333333333333 17.458333333333336 18.85833333333334 36.325 49.0 52.5 49.0 51.099999999999994 52.5 38.96666666666666 38.96666666666666 38.96666666666666 38.96666666666666 38.96666666666666
45.24545454545453 45.24545454545453 45.24545454545453 45.24545454545453 35.7 42.83999999999999 42.83999999999999 44.519999999999996 39.68999999999999 39.90999999999999 40.79999999999998 33.86 30.57 32.269999999999996 27.820000000000004 41.73545454545452 39.84545454545452 36.92545454545453 43.28545454545453 40.56545454545453 45.24545454545453 45.24545454545453 45.24545454545453 45.24545454545453 38.66545454545452 26.715454545454524 32.50545454545452 31.825454545454523 40.98545454545452 39.00545454545452 1.4754545454545305 2.0354545454545256 40.835454545454525 41.46545454545453 37.73 34.64999999999999 34.85999999999999 35.489999999999995 40.74 49.419999999999995 35.1 47.099999999999994 51.050000000000004 46.46999999999999 45.83999999999999 46.82999999999999 42.41999999999999 38.999999999999986 42.20999999999999 50.32999999999999 52.42999999999999 52.63999999999999 53.899999999999984 52.849999999999994 44.62 39.209999999999994 44.045454545454525 45.24545454545453 45.24545454545453 45.24545454545453 45.24545454545453
20.999999999999993 20.999999999999993 20.999999999999993 20.999999999999993 14.700000000000001 23.379999999999995 21.28 22.54 19.529999999999994 17.269999999999996 23.099999999999994 23.519999999999996 22.05 24.150000000000002 18.55 19.609999999999992 19.379999999999992 17.339999999999993 20.71999999999999 18.359999999999996 20.999999999999993 20.999999999999993 20.999999999999993 20.999999999999993 20.43999999999999 15.289999999999994 20.01999999999999 15.359999999999992 18.179999999999993 19.57999999999999 17.509999999999984 11.389999999999983 13.709999999999994 13.459999999999994 19.31 22.569999999999997 19.179999999999996 19.389999999999997 19.519999999999996 18.339999999999996 13.690000000000001 20.52 19.159999999999997 23.109999999999996 20.099999999999998 19.809999999999995 19.739999999999995 18.6 23.169999999999995 19.809999999999995 18.969999999999995 19.74 18.719999999999995 17.709999999999997 18.589999999999996 14.029999999999996 20.519999999999992 20.999999999999993 20.999999999999993 20.999999999999993 20.999999999999993
345.75757575757575 345.75757575757575 345.75757575757575 345.75757575757575 259.0 286.02 314.02 290.36 307.37 303.42999999999995 277.2 274.68 307.02 328.02 316.68 340.43757575757576 341.76757575757574 335.1675757575757 319.9075757575757 274.25757575757575 280.8575757575757 280.8575757575758 306.70757575757574 345.75757575757575 341.76757575757574 328.5675757575757 314.58757575757573 258.34757575757567 292.1275757575757 325.94757575757575 306.23757575757577 303.57757575757574 320.57757575757574 327.23757575757577 222.49 273.62 298.69 316.68 311.81 298.61 284.6 361.6 351.6 294.41 307.62 303.19 330.86 332.24999999999994 343.13 345.78999999999996 320.79999999999995 333.97999999999996 377.37 409.36 419.02 337.9699999999999 280.8575757575758 306.70757575757574 345.75757575757575 345.75757575757575 345.75757575757575
779.7575757575758 779.7575757575758 779.7575757575758 779.7575757575758 672.0 754.1800000000001 859.1800000000001 807.24 876.33 819.07 788.4000000000001 823.32 810.3700000000001 842.1700000000001 806.52 723.4275757575757 704.0975757575758 664.3775757575758 740.1575757575758 671.6375757575756 737.2775757575758 737.2775757575757 754.1975757575758 779.7575757575758 764.8475757575758 672.4475757575757 742.9575757575758 610.0875757575757 678.1775757575758 687.7575757575759 656.0175757575759 657.417575757576 692.4175757575757 709.6875757575758 546.6400000000001 682.12 767.2 817.11 737.5300000000001 659.7500000000001 643.03 713.3199999999999 712.49 620.89 599.55 632.96 647.89 608.1800000000001 647.7900000000001 636.7300000000001 660.8100000000001 661.7000000000002 665.46 720.23 710.44 505.03000000000003 717.8375757575757 754.1975757575758 779.7575757575758 779.7575757575758 779.7575757575758
80.73333333333335 80.73333333333335 80.73333333333335 80.73333333333335 69.3 89.04000000000002 82.74000000000001 87.91999999999999 85.88999999999999 89.41000000000001 81.9 90.16 97.30000000000001 96.6 85.41 76.89333333333335 74.70333333333335 73.70333333333335 78.49333333333335 77.01333333333335 80.73333333333335 80.73333333333335 80.73333333333335 80.73333333333335 79.40333333333335 75.10333333333335 78.49333333333334 74.96333333333335 77.67333333333336 76.02333333333334 71.01333333333332 71.95333333333335 76.71333333333335 78.21333333333334 45.23 67.66000000000001 76.09 74.62 74.91000000000001 78.47000000000001 75.42999999999999 79.74000000000001 78.17000000000002 85.41 86.88000000000002 91.63 85.12 78.00000000000001 75.81 74.83000000000001 73.36000000000001 69.37 65.91 65.38 62.83000000000001 57.31999999999999 78.57333333333335 80.73333333333335 80.73333333333335 80.73333333333335 80.73333333333335
10.775757575757575 10.775757575757575 10.775757575757575 10.775757575757575 8.4 9.8 9.1 9.1 9.8 9.1 7.4 5.7 4.6499999999999995 8.75 9.85 9.725757575757575 9.725757575757575 9.825757575757576 6.545757575757575 0.1557575757575762 0.15575757575757532 0.1557575757575762 4.385757575757576 10.775757575757575 10.775757575757575 10.775757575757575 6.545757575757575 0.1557575757575762 4.385757575757576 7.325757575757574 1.295757575757575 0.9957575757575761 4.995757575757574 5.045757575757574 2.7700000000000005 2.24 5.250000000000001 7.3500000000000005 3.119999999999999 2.540000000000001 2.1399999999999997 1.4400000000000004 6.040000000000002 1.3600000000000003 4.290000000000001 8.05 10.15 9.77 2.6800000000000015 1.2799999999999985 0.22999999999999865 5.86 11.950000000000001 10.849999999999998 10.149999999999999 6.02 0.1557575757575762 4.385757575757576 10.775757575757575 10.775757575757575 10.775757575757575
2.545454545454545 2.545454545454545 2.545454545454545 2.545454545454545 2.8 0.1399999999999999 1.54 0.42000000000000026 0.4900000000000001 0.2100000000000002 0.7000000000000001 0.5599999999999999 0.1399999999999999 0.8400000000000002 0.27000000000000024 0.9854545454545451 0.2954545454545452 0.47545454545454513 1.7054545454545451 1.825454545454545 2.545454545454545 2.545454545454545 2.545454545454545 2.545454545454545 1.915454545454545 1.915454545454545 1.7054545454545451 1.0754545454545452 1.2854545454545452 0.1754545454545452 0.26545454545454517 0.4454545454545452 0.5654545454545452 1.7054545454545451 1.3300000000000005 1.54 1.33 1.2600000000000002 2.17 0.7699999999999999 1.8099999999999998 1.3800000000000001 1.09 0.04999999999999993 0.12000000000000022 1.33 0.42000000000000026 2.1000000000000005 0.91 1.33 2.1000000000000005 0.91 0.4900000000000001 2.5200000000000005 0.55 0.8200000000000001 1.825454545454545 2.545454545454545 2.545454545454545 2.545454545454545 2.545454545454545
8.515433299825174 8.515433299825174 8.515433299825174 8.515433299825174 7.257295057471263 8.224153103448275 7.957213879310345 8.083514655172415 9.86367568965517 8.412029913793102 9.300809999999998 9.286582758620689 8.927417931034482 8.296912758620689 8.035021465517241 7.765576034482757 8.228175862068966 7.773958793103448 7.147716724137931 6.428963189655171 6.511653401253918 7.966402413793103 8.382776206896551 7.714199137931034 7.479761639443437 5.833187586206895 5.2203860344827575 7.633110889292195 7.528032586206896 8.139741896551724 6.857196215970962 6.0798175771324825 6.783499827586207 7.174766408045977 10.7670991954023 11.87322620689655 6.649888620689655 7.790377931034483 7.390341896551724 7.33469393829401 6.633971061705988 6.720568103448276 6.639768793103448 7.258104137931034 7.496564137931035 6.128302931034483 4.615552758620688 5.0964470689655155 5.593339999999999 5.319361379310344 7.584616379310344 6.8689568965517225 7.106477586206896 7.448106896551723 8.778637758620688 7.126644827586206 7.480950541204484 8.170605713618277 8.515433299825174 8.515433299825174 8.170605713618277
700.0 700.0 700.0 698.0 695.0 694.0 692.0 687.0 682.0 667.0 683.0 687.0 689.0 692.0 690.0 688.0 682.0 666.0 679.0 677.0 685.0 685.0 690.0 688.0 692.0 685.0 673.0 685.0 665.0 688.0 685.0 682.0 687.0 687.0 685.0 686.0 683.0 687.0 687.0 692.0 688.0 691.0 689.0 677.0 687.0 683.0 689.0 676.0 671.0 677.0 687.0 687.0 692.0 692.0 687.0 685.0 687.0 696.0 700.0 699.0 698.0

H cap
98.0 98.0 131.25 -1.75 -44.975 68.07500000000002 34.825 54.775000000000006 98.0 98.0 21.525 11.549999999999999 111.30000000000001 68.07500000000002 58.100000000000016 51.45000000000003 61.42500000000003 88.025 98.0 98.0 98.0 111.30000000000001 8.224999999999996 8.224999999999996 61.42500000000003 14.875000000000002 -1.75 4.9 11.549999999999999 1.5749999999999993 18.199999999999996 38.15 -1.75 48.125 98.0 64.75 18.200000000000003 1.5750000000000064 71.4 88.025 64.75 4.9 -11.725 11.549999999999999 28.17500000000001 18.199999999999996 51.45 131.25 -18.375 -18.375 111.30000000000001 81.37500000000003 101.32500000000002 131.25 131.25 131.25 131.25 131.25 131.25 131.25 131.25
52.5 52.5 52.5 43.0 43.0 50.125 40.625 43.0 52.5 52.5 41.1 41.1 52.5 47.275 40.625 39.675000000000004 41.575 47.75 52.5 52.5 52.5 44.9 32.55 32.55 36.825 36.825 42.05 22.099999999999987 18.29999999999999 39.2 45.85 47.75 43.0 47.75 52.5 52.5 39.2 34.45 45.85 50.6 49.65 43.0 41.1 34.925000000000004 39.675000000000004 41.1 41.1 52.5 38.25 38.25 50.6 41.1 43.0 52.5 52.5 52.5 52.5 52.5 52.5 52.5 52.5
59.675 59.675 63.0 53.02499999999999 46.374999999999986 53.02499999999999 46.374999999999986 49.69999999999999 59.675 59.675 56.349999999999994 56.349999999999994 53.02499999999999 46.374999999999986 53.02499999999999 43.04999999999998 43.04999999999998 56.349999999999994 59.675 59.675 59.675 56.349999999999994 43.04999999999998 43.04999999999998 49.69999999999999 49.69999999999999 49.69999999999999 49.69999999999999 53.02499999999999 53.02499999999999 53.02499999999999 56.349999999999994 49.69999999999999 53.02499999999999 59.675 59.675 59.675 56.349999999999994 59.675 59.675 56.349999999999994 49.69999999999999 49.69999999999999 43.04999999999998 43.04999999999998 49.69999999999999 53.02499999999999 63.0 53.02499999999999 53.02499999999999 63.0 49.69999999999999 49.69999999999999 63.0 63.0 63.0 63.0 63.0 63.0 63.0 63.0
-1.0499999999999972 -1.0499999999999972 78.75 5.600000000000001 -31.924999999999997 -0.5749999999999957 0.850000000000005 42.650000000000006 -1.0499999999999972 -1.0499999999999972 36.95 -0.09999999999999432 10.825000000000006 0.37500000000000355 12.724999999999998 0.37499999999999867 1.3249999999999986 -18.625 -1.0499999999999972 -1.0499999999999972 -1.0499999999999972 67.825 0.8500000000000068 0.8500000000000068 18.900000000000006 0.3750000000000049 36.95 21.75 0.8500000000000068 0.8500000000000036 0.8500000000000023 34.575 11.775000000000006 22.700000000000003 -1.0499999999999972 -3.424999999999997 31.249999999999996 1.3250000000000055 36.95 -10.549999999999997 -22.424999999999997 29.35 29.35 1.3249999999999993 18.424999999999997 -3.8999999999999915 0.375 78.75 25.075000000000003 25.075000000000003 32.2 0.8500000000000014 47.4 78.75 78.75 78.75 78.75 78.75 78.75 78.75 78.75

Gap
NaN

Time
NaN

