T P M C
22 37 4 12

base obj
16.273809523809526

exp obj
21.413690476190478

Objective struct
16.273809523809526 2.9166666666666665 33.91666666666667

num campaigns
56

x
0 0 0 0 0 0 0 1 1 0 0 0 0 0 0 0 2 0 0 0 0 0
0 0 0 0 0 0 0 0 0 0 0 0 0 0 0 0 0 0 0 0 0 0
0 0 0 0 0 0 0 0 0 0 1 0 0 0 0 0 0 0 0 0 0 0
0 0 0 0 1 0 1 0 0 0 0 1 0 0 0 0 0 0 0 0 0 0
0 0 0 0 0 1 0 0 0 0 0 0 3 1 0 0 0 0 0 0 0 0
0 0 0 0 0 0 1 0 0 1 0 0 0 0 0 0 0 0 0 0 0 0
0 0 0 0 1 0 1 0 0 0 1 0 0 0 0 0 0 0 0 0 0 0
0 0 0 0 0 0 0 0 0 0 0 1 0 0 0 0 0 0 0 0 0 0
0 0 0 0 0 0 0 0 0 0 0 0 0 1 0 0 0 0 0 0 0 0
0 0 0 0 0 0 0 0 0 0 0 0 0 0 0 0 0 0 0 0 0 0
0 0 0 0 0 0 0 0 0 0 0 1 0 0 1 0 0 0 0 0 0 0
0 0 0 0 1 0 0 0 0 0 0 0 0 0 0 0 0 0 0 0 0 0
0 0 0 0 0 0 0 0 0 0 0 0 0 0 0 0 0 0 0 0 0 0
0 0 0 0 0 0 0 0 0 1 0 0 0 2 0 0 0 0 0 0 0 0
0 0 0 0 0 0 0 0 0 0 0 0 0 0 0 0 0 0 0 0 0 0
0 0 0 0 1 0 0 0 0 0 0 0 0 0 0 0 0 0 0 0 0 0
0 0 0 0 0 0 0 0 0 0 0 0 0 0 1 0 1 0 0 0 0 0
0 0 0 0 0 0 0 0 0 0 0 0 0 0 1 0 0 0 0 0 0 0
0 0 0 0 0 1 0 0 0 0 0 0 0 0 0 0 0 0 0 0 0 0
0 0 0 0 0 0 0 0 0 1 0 0 0 0 0 0 0 0 0 0 0 0
0 0 0 0 1 0 0 0 0 1 0 0 1 0 0 0 0 0 0 0 0 0
0 0 0 0 0 0 0 0 0 0 0 0 0 0 0 0 0 0 0 0 0 0
0 0 0 0 0 1 0 0 0 0 0 0 0 0 0 0 0 0 0 0 0 0
0 0 0 0 0 0 0 0 0 0 0 0 0 0 0 0 0 0 0 0 0 0
0 0 0 0 0 0 0 0 0 0 0 1 0 0 0 1 0 0 0 0 0 0
0 0 0 0 0 0 0 2 0 0 0 0 0 0 0 0 0 0 0 0 0 0
0 0 0 0 0 0 1 0 0 0 1 0 0 0 0 0 0 0 0 0 0 0
0 0 0 0 0 0 0 0 1 0 0 0 0 0 0 0 0 0 0 0 0 0
0 0 0 0 0 0 0 0 0 0 0 0 0 0 0 0 0 0 0 0 0 0
0 0 0 0 1 0 3 0 0 0 0 0 2 2 1 0 0 0 0 0 0 0
0 0 0 0 0 0 0 0 0 0 0 0 4 0 0 0 0 0 0 0 0 0
0 0 0 0 0 0 0 0 0 0 0 0 0 0 0 0 0 0 0 0 0 0
0 0 0 0 0 0 0 0 0 0 0 0 0 0 0 0 0 0 0 0 0 0
0 0 0 0 0 0 0 0 0 0 0 0 0 0 0 0 0 0 0 0 0 0
0 0 0 0 0 0 0 0 0 0 0 0 0 0 0 0 0 0 0 0 0 0
0 0 0 0 0 0 0 0 0 0 0 0 0 0 0 0 0 0 0 0 0 0
0 0 0 0 0 0 0 0 0 0 0 0 0 0 0 0 0 0 0 0 0 0

y
0.0 0.0 0.0 0.0 0.0 0.0 0.0 0.0 0.0 0.0 0.0 0.0 0.0 0.0 0.0 0.0 0.0 0.0 0.0 0.0 0.0 0.0 0.0 0.0 0.0 0.0 0.0 0.0 0.0 0.0 0.0 0.0 0.0 0.0 0.0 0.0 0.0

k
0 3 3 0 0 1 0 0 0 8 0 0 3 0 2 0 0 0 6 0 0 2 0 3 0 0 1 0 6 4 9 13 26 13 13 13 2

f
0.0 1.75 0.0 0.0 8.75 12.25 0.0 0.0 0.0 0.0 0.0 0.0 0.0 0.0 0.0 0.0 0.0 0.0 0.0 0.0 0.0 0.0
0.0 0.0 0.0 0.0 0.0 0.0 0.0 0.0 0.0 0.0 0.0 0.0 0.0 0.0 0.0 0.0 0.0 0.0 0.0 0.0 0.0 0.0
0.0 0.0 0.0 0.0 0.0 0.0 0.0 0.0 0.0 0.0 0.0 0.0 0.0 0.0 0.0 0.0 0.0 0.0 0.0 0.0 0.0 0.0
0.0 1.25 0.0 0.0 0.0 0.0 0.0 0.0 0.0 0.0 0.0 0.0 23.75 0.0 0.0 0.0 0.0 0.0 0.0 0.0 0.0 0.0

L
0 0 0 2 0 3 2 0 0 0 3 0 0 0 0 0 2 0 0 0 3 0 0 0 4 0 4 0 0 0 0 0 0 0 0 0 0

g
0 0 0 0 0 0 0 0 0 0 0 0 0 0 0 0 1 0 0 0 0 0
0 0 0 0 0 0 0 0 0 0 0 0 0 0 0 0 0 0 0 0 0 0
0 0 0 0 0 0 0 0 0 0 0 0 0 0 0 0 0 0 0 0 0 0
0 0 0 0 0 0 0 0 0 0 0 0 0 0 0 0 0 0 0 0 0 0
0 0 0 0 0 0 0 0 0 0 0 0 2 0 0 0 0 0 0 0 0 0
0 0 0 0 0 0 0 0 0 0 0 0 0 0 0 0 0 0 0 0 0 0
0 0 0 0 0 0 0 0 0 0 0 0 0 0 0 0 0 0 0 0 0 0
0 0 0 0 0 0 0 0 0 0 0 0 0 0 0 0 0 0 0 0 0 0
0 0 0 0 0 0 0 0 0 0 0 0 0 0 0 0 0 0 0 0 0 0
0 0 0 0 0 0 0 0 0 0 0 0 0 0 0 0 0 0 0 0 0 0
0 0 0 0 0 0 0 0 0 0 0 0 0 0 0 0 0 0 0 0 0 0
0 0 0 0 0 0 0 0 0 0 0 0 0 0 0 0 0 0 0 0 0 0
0 0 0 0 0 0 0 0 0 0 0 0 0 0 0 0 0 0 0 0 0 0
0 0 0 0 0 0 0 0 0 0 0 0 0 1 0 0 0 0 0 0 0 0
0 0 0 0 0 0 0 0 0 0 0 0 0 0 0 0 0 0 0 0 0 0
0 0 0 0 0 0 0 0 0 0 0 0 0 0 0 0 0 0 0 0 0 0
0 0 0 0 0 0 0 0 0 0 0 0 0 0 0 0 0 0 0 0 0 0
0 0 0 0 0 0 0 0 0 0 0 0 0 0 0 0 0 0 0 0 0 0
0 0 0 0 0 0 0 0 0 0 0 0 0 0 0 0 0 0 0 0 0 0
0 0 0 0 0 0 0 0 0 0 0 0 0 0 0 0 0 0 0 0 0 0
0 0 0 0 0 0 0 0 0 0 0 0 0 0 0 0 0 0 0 0 0 0
0 0 0 0 0 0 0 0 0 0 0 0 0 0 0 0 0 0 0 0 0 0
0 0 0 0 0 0 0 0 0 0 0 0 0 0 0 0 0 0 0 0 0 0
0 0 0 0 0 0 0 0 0 0 0 0 0 0 0 0 0 0 0 0 0 0
0 0 0 0 0 0 0 0 0 0 0 0 0 0 0 0 0 0 0 0 0 0
0 0 0 0 0 0 0 1 0 0 0 0 0 0 0 0 0 0 0 0 0 0
0 0 0 0 0 0 0 0 0 0 0 0 0 0 0 0 0 0 0 0 0 0
0 0 0 0 0 0 0 0 0 0 0 0 0 0 0 0 0 0 0 0 0 0
0 0 0 0 0 0 0 0 0 0 0 0 0 0 0 0 0 0 0 0 0 0
0 0 0 0 0 0 2 0 0 0 0 0 1 1 0 0 0 0 0 0 0 0
0 0 0 0 0 0 0 0 0 0 0 0 3 0 0 0 0 0 0 0 0 0
0 0 0 0 0 0 0 0 0 0 0 0 0 0 0 0 0 0 0 0 0 0
0 0 0 0 0 0 0 0 0 0 0 0 0 0 0 0 0 0 0 0 0 0
0 0 0 0 0 0 0 0 0 0 0 0 0 0 0 0 0 0 0 0 0 0
0 0 0 0 0 0 0 0 0 0 0 0 0 0 0 0 0 0 0 0 0 0
0 0 0 0 0 0 0 0 0 0 0 0 0 0 0 0 0 0 0 0 0 0
0 0 0 0 0 0 0 0 0 0 0 0 0 0 0 0 0 0 0 0 0 0

I cap
1058.909090909091 1058.909090909091 1058.909090909091 1014.809090909091 951.04 1016.06 560.42 724.7399999999999 400.3599999999999 401.93999999999994 496.6600000000001 511.08000000000004 643.96 775.0 685.4800000000001 788.7890909090911 799.8290909090908 840.0290909090909 893.7890909090911 893.7890909090911 1058.909090909091 1058.909090909091
107.96969696969697 107.96969696969697 107.96969696969697 107.06969696969696 58.96 97.94 65.58 90.86 88.24 64.86 57.339999999999996 5.920000000000002 22.04 1.0 37.52000000000001 63.08969696969697 62.04969696969697 98.84969696969696 101.08969696969697 101.08969696969697 107.96969696969697 107.96969696969697
38.96666666666666 38.96666666666666 38.96666666666666 38.96666666666666 29.43333333333333 20.333333333333336 19.633333333333333 6.566666666666666 14.966666666666672 8.400000000000004 16.133333333333333 14.733333333333336 9.833333333333334 9.058333333333332 4.158333333333333 26.29166666666666 26.29166666666666 38.96666666666666 38.96666666666666 38.96666666666666 38.96666666666666 38.96666666666666
45.24545454545453 45.24545454545453 45.24545454545453 39.295454545454525 25.100000000000005 24.419999999999987 17.029999999999983 41.05 36.63999999999999 38.01999999999999 35.539999999999985 11.8 1.3000000000000025 12.320000000000004 21.700000000000006 42.30545454545452 43.56545454545452 43.56545454545452 43.98545454545452 43.98545454545452 45.24545454545453 45.24545454545453
20.999999999999993 20.999999999999993 20.999999999999993 20.64999999999999 11.290000000000001 22.05999999999999 16.069999999999997 21.97 19.099999999999994 17.259999999999994 19.429999999999996 15.679999999999998 5.449999999999996 11.04 6.679999999999996 20.339999999999993 20.43999999999999 20.43999999999999 20.57999999999999 20.57999999999999 20.999999999999993 20.999999999999993
345.75757575757575 345.75757575757575 345.75757575757575 305.75757575757575 202.4 252.51 274.41999999999996 270.69 290.36 312.69 275.15 260.16999999999996 307.63 336.0 288.16999999999996 272.87757575757576 270.21757575757573 270.2175757575758 298.7275757575757 337.77757575757573 345.75757575757575 345.75757575757575
779.7575757575758 779.7575757575758 779.7575757575758 745.3575757575758 556.0699999999999 717.4 701.3299999999999 751.9300000000001 830.96 772.76 711.2 667.06 735.82 833.11 790.1900000000002 688.0175757575757 697.5175757575759 697.5175757575757 724.3775757575759 749.9375757575758 779.7575757575758 779.7575757575758
80.73333333333335 80.73333333333335 80.73333333333335 80.03333333333335 63.83 85.41000000000001 73.48 86.53 84.91999999999999 85.99 78.29 81.97000000000001 89.74999999999999 91.91999999999997 85.34 77.55333333333336 79.05333333333334 79.05333333333334 79.47333333333336 79.47333333333336 80.73333333333335 80.73333333333335
10.775757575757575 10.775757575757575 10.775757575757575 5.175757575757576 1.4000000000000004 4.550000000000001 3.5499999999999994 4.3 5.000000000000001 8.049999999999999 6.35 4.3500000000000005 4.6499999999999995 8.75 6.02 0.1557575757575762 0.15575757575757532 0.1557575757575762 4.385757575757576 10.775757575757575 10.775757575757575 10.775757575757575
2.545454545454545 2.545454545454545 2.545454545454545 2.545454545454545 1.8099999999999998 0.04999999999999993 0.8200000000000001 0.6300000000000002 1.12 0.6300000000000002 1.54 0.7699999999999999 0.4999999999999999 0.6600000000000001 2.220446049250313e-16 0.5654545454545452 0.8654545454545451 0.8654545454545451 1.2854545454545452 1.2854545454545452 2.545454545454545 2.545454545454545
8.515433299825174 8.515433299825174 8.515433299825174 8.1524568932916 6.585788705384148 6.107637676950996 5.946142926497275 7.905928275862069 9.86884793103448 8.412029568965515 9.640464999999997 8.043388566243195 6.341211034482756 5.158165027223228 6.49627373411978 7.248334655172412 7.031624137931035 7.137751896551723 6.458061551724137 7.463446120689655 7.546136159874608 8.31123
700.0 700.0 700.0 699.0 692.0 688.0 683.0 683.0 687.0 677.0 685.0 678.0 684.0 679.0 674.0 680.0 685.0 688.0 688.0 696.0 700.0 698.0

H cap
54.25 -1.75 1.75 5.25 -8.75 -12.25 36.75 8.75 5.25 43.75 29.75 64.75 5.25 15.75 131.25 131.25 131.25 131.25 131.25 131.25 131.25 131.25
40.0 38.0 32.0 29.0 42.5 40.5 38.0 35.5 19.0 7.5 21.5 42.5 37.5 37.5 52.5 52.5 52.5 52.5 52.5 52.5 52.5 52.5
56.0 45.5 45.5 45.5 49.0 56.0 52.5 45.5 42.0 45.5 45.5 52.5 52.5 52.5 63.0 63.0 63.0 63.0 63.0 63.0 63.0 63.0
35.75 -1.25 1.25 6.75 22.25 1.75 6.25 0.25 1.25 7.75 0.25 12.75 -23.75 15.25 78.75 78.75 78.75 78.75 78.75 78.75 78.75 78.75

Gap
NaN

Time
NaN

