T P M C
22 37 4 12

base obj
1021.1730769230769

exp obj
774.963141025641

Objective struct
1021.1730769230769 1.0 35.33333333333333

num campaigns
28

x
0 0 0 0 0 0 0 1 0 0 0 0 0 1 1 0 0 0 0 0 0 0
0 0 0 0 0 0 0 0 0 0 0 0 0 0 0 0 0 0 0 0 0 0
0 0 0 0 0 0 0 0 0 0 0 0 0 0 0 0 0 0 0 0 0 0
0 0 0 0 0 0 1 0 0 2 0 0 0 0 0 0 0 0 0 0 0 0
0 0 0 0 0 0 0 0 0 0 0 0 0 0 0 0 0 0 0 0 0 0
0 0 0 0 0 0 0 0 0 1 0 0 0 0 0 0 0 0 0 0 0 0
0 0 0 0 0 0 0 0 0 2 0 0 0 0 0 0 0 0 0 0 0 0
0 0 0 0 0 0 0 1 0 0 0 0 0 0 0 0 0 0 0 0 0 0
0 0 0 0 0 0 0 0 1 0 0 0 0 0 0 0 0 0 0 0 0 0
0 0 0 0 0 0 0 0 0 0 0 0 0 0 0 0 0 0 0 0 0 0
0 0 0 0 1 0 0 0 0 0 0 0 0 0 0 0 1 0 0 0 0 0
0 0 0 0 0 0 0 0 0 0 0 0 0 0 0 1 0 0 0 0 0 0
0 0 0 0 0 0 0 0 0 0 0 0 0 0 0 0 0 0 0 0 0 0
0 0 0 0 0 0 0 0 0 0 0 0 0 0 0 0 0 0 0 0 0 0
0 0 0 0 1 1 0 0 0 0 0 0 0 0 0 0 0 0 0 0 0 0
0 0 0 0 0 0 0 0 0 0 0 0 0 1 0 0 0 0 0 0 0 0
0 0 0 0 0 0 0 0 0 0 0 0 0 0 0 0 1 0 0 0 0 0
0 0 0 0 0 0 0 0 0 0 0 0 0 0 0 1 0 0 0 0 0 0
0 0 0 0 0 0 0 0 0 0 0 0 0 0 0 0 0 0 0 0 0 0
0 0 0 0 1 0 0 0 0 0 0 0 0 0 0 0 0 0 0 0 0 0
0 0 0 0 0 0 0 0 0 0 0 0 0 0 0 0 0 0 0 0 0 0
0 0 0 0 0 0 0 0 0 0 0 1 0 0 0 0 0 0 0 0 0 0
0 0 0 0 0 0 0 0 0 0 0 0 0 0 0 0 1 0 0 0 0 0
0 0 0 0 0 0 0 0 0 0 0 0 0 0 0 0 0 0 0 0 0 0
0 0 0 0 0 0 1 0 0 1 0 0 0 0 0 0 0 0 0 0 0 0
0 0 0 0 1 1 0 0 0 0 0 0 0 0 0 0 0 0 0 0 0 0
0 0 0 0 0 0 0 0 0 0 0 0 0 0 0 0 0 0 0 0 0 0
0 0 0 0 0 0 0 0 0 0 0 0 0 0 0 1 0 0 0 0 0 0
0 0 0 0 0 0 0 0 0 0 0 0 0 0 0 0 0 0 0 0 0 0
0 0 0 0 0 0 0 0 0 1 0 0 0 0 0 0 0 0 0 0 0 0
0 0 0 0 0 0 0 0 0 0 0 0 0 0 0 0 0 0 0 0 0 0
0 0 0 0 0 0 0 0 0 0 0 0 0 0 0 0 0 0 0 0 0 0
0 0 0 0 0 0 0 0 0 0 0 0 0 0 0 0 0 0 0 0 0 0
0 0 0 0 0 0 0 0 0 0 0 0 0 0 0 0 0 0 0 0 0 0
0 0 0 0 0 0 0 0 0 0 0 0 0 0 0 0 0 0 0 0 0 0
0 0 0 0 0 0 0 0 0 0 0 0 0 0 0 0 0 0 0 0 0 0
0 0 0 0 0 0 0 0 0 0 0 0 0 0 0 0 0 0 0 0 0 0

y
0.0 0.0 0.0 0.0 0.0 0.0 0.0 0.0 0.0 0.0 0.0 0.0 0.0 0.0 0.0 0.0 0.0 0.0 0.0 0.0 0.0 0.0 0.0 0.0 0.0 0.0 0.0 0.0 0.0 0.0 0.0 0.0 0.0 0.0 0.0 0.0 0.0

k
1 3 4 0 5 2 1 0 0 8 0 0 3 3 0 0 1 0 7 0 3 1 0 3 0 0 3 0 6 12 13 13 26 13 13 13 2

f
0.0 0.0 0.0 0.0 8.75 0.0 0.0 0.0 0.0 0.0 8.75 1.75 5.25 0.0 0.0 0.0 0.0 0.0 0.0 0.0 0.0 0.0
0.0 0.0 0.0 0.0 0.0 0.0 0.0 0.0 0.0 0.0 0.0 0.0 0.0 0.0 0.0 0.0 0.0 0.0 0.0 0.0 0.0 0.0
0.0 0.0 0.0 0.0 0.0 0.0 0.0 0.0 0.0 0.0 0.0 0.0 0.0 0.0 0.0 0.0 0.0 0.0 0.0 0.0 0.0 0.0
0.0 8.25 3.75 0.0 0.0 1.25 0.0 5.25 5.25 0.0 0.0 0.0 0.0 0.0 0.0 0.0 0.0 0.0 0.0 0.0 0.0 0.0

L
1 0 0 0 0 0 0 0 0 0 12 0 0 0 1 0 0 0 0 0 0 0 0 0 3 1 0 0 0 0 0 0 0 0 0 0 0

g
0 0 0 0 0 0 0 0 0 0 0 0 0 0 0 0 0 0 0 0 0 0
0 0 0 0 0 0 0 0 0 0 0 0 0 0 0 0 0 0 0 0 0 0
0 0 0 0 0 0 0 0 0 0 0 0 0 0 0 0 0 0 0 0 0 0
0 0 0 0 0 0 0 0 0 1 0 0 0 0 0 0 0 0 0 0 0 0
0 0 0 0 0 0 0 0 0 0 0 0 0 0 0 0 0 0 0 0 0 0
0 0 0 0 0 0 0 0 0 0 0 0 0 0 0 0 0 0 0 0 0 0
0 0 0 0 0 0 0 0 0 1 0 0 0 0 0 0 0 0 0 0 0 0
0 0 0 0 0 0 0 0 0 0 0 0 0 0 0 0 0 0 0 0 0 0
0 0 0 0 0 0 0 0 0 0 0 0 0 0 0 0 0 0 0 0 0 0
0 0 0 0 0 0 0 0 0 0 0 0 0 0 0 0 0 0 0 0 0 0
0 0 0 0 0 0 0 0 0 0 0 0 0 0 0 0 0 0 0 0 0 0
0 0 0 0 0 0 0 0 0 0 0 0 0 0 0 0 0 0 0 0 0 0
0 0 0 0 0 0 0 0 0 0 0 0 0 0 0 0 0 0 0 0 0 0
0 0 0 0 0 0 0 0 0 0 0 0 0 0 0 0 0 0 0 0 0 0
0 0 0 0 0 0 0 0 0 0 0 0 0 0 0 0 0 0 0 0 0 0
0 0 0 0 0 0 0 0 0 0 0 0 0 0 0 0 0 0 0 0 0 0
0 0 0 0 0 0 0 0 0 0 0 0 0 0 0 0 0 0 0 0 0 0
0 0 0 0 0 0 0 0 0 0 0 0 0 0 0 0 0 0 0 0 0 0
0 0 0 0 0 0 0 0 0 0 0 0 0 0 0 0 0 0 0 0 0 0
0 0 0 0 0 0 0 0 0 0 0 0 0 0 0 0 0 0 0 0 0 0
0 0 0 0 0 0 0 0 0 0 0 0 0 0 0 0 0 0 0 0 0 0
0 0 0 0 0 0 0 0 0 0 0 0 0 0 0 0 0 0 0 0 0 0
0 0 0 0 0 0 0 0 0 0 0 0 0 0 0 0 0 0 0 0 0 0
0 0 0 0 0 0 0 0 0 0 0 0 0 0 0 0 0 0 0 0 0 0
0 0 0 0 0 0 0 0 0 0 0 0 0 0 0 0 0 0 0 0 0 0
0 0 0 0 0 0 0 0 0 0 0 0 0 0 0 0 0 0 0 0 0 0
0 0 0 0 0 0 0 0 0 0 0 0 0 0 0 0 0 0 0 0 0 0
0 0 0 0 0 0 0 0 0 0 0 0 0 0 0 0 0 0 0 0 0 0
0 0 0 0 0 0 0 0 0 0 0 0 0 0 0 0 0 0 0 0 0 0
0 0 0 0 0 0 0 0 0 0 0 0 0 0 0 0 0 0 0 0 0 0
0 0 0 0 0 0 0 0 0 0 0 0 0 0 0 0 0 0 0 0 0 0
0 0 0 0 0 0 0 0 0 0 0 0 0 0 0 0 0 0 0 0 0 0
0 0 0 0 0 0 0 0 0 0 0 0 0 0 0 0 0 0 0 0 0 0
0 0 0 0 0 0 0 0 0 0 0 0 0 0 0 0 0 0 0 0 0 0
0 0 0 0 0 0 0 0 0 0 0 0 0 0 0 0 0 0 0 0 0 0
0 0 0 0 0 0 0 0 0 0 0 0 0 0 0 0 0 0 0 0 0 0
0 0 0 0 0 0 0 0 0 0 0 0 0 0 0 0 0 0 0 0 0 0

I cap
1058.909090909091 1058.909090909091 974.8090909090909 911.1090909090908 1005.3199999999999 670.46 632.54 952.6799999999998 809.78 340.0000000000001 855.08 890.88 819.5400000000001 821.6 884.7399999999999 738.429090909091 804.2890909090911 896.349090909091 1051.909090909091 1058.909090909091 1058.909090909091 1058.909090909091
107.96969696969697 107.96969696969697 106.66969696969697 105.36969696969697 94.48 40.540000000000006 31.460000000000008 45.32 44.22 25.000000000000007 74.92 104.12 102.46 88.4 109.25999999999999 48.44969696969697 45.58969696969697 49.52969696969697 79.96969696969697 107.96969696969697 107.96969696969697 107.96969696969697
38.96666666666666 38.96666666666666 14.033333333333328 14.033333333333328 27.96666666666666 42.0 41.3 38.5 39.900000000000006 39.2 30.799999999999997 29.400000000000002 24.5 36.4 18.825 26.29166666666666 26.29166666666666 26.29166666666666 38.96666666666666 38.96666666666666 38.96666666666666 38.96666666666666
45.24545454545453 45.24545454545453 45.24545454545453 45.24545454545453 35.7 41.99999999999999 38.99999999999999 41.37 30.38 26.229999999999993 39.17999999999999 35.19 33.16 33.529999999999994 30.520000000000003 42.125454545454524 42.78545454545452 43.41545454545452 45.24545454545453 45.24545454545453 45.24545454545453 45.24545454545453
20.999999999999993 20.999999999999993 20.999999999999993 20.999999999999993 14.700000000000001 22.959999999999997 18.460000000000004 21.71 18.559999999999995 12.749999999999998 22.139999999999997 22.949999999999996 22.04 24.71 19.74 19.84999999999999 20.09999999999999 20.30999999999999 20.999999999999993 20.999999999999993 20.999999999999993 20.999999999999993
345.75757575757575 345.75757575757575 332.55757575757576 319.3575757575758 228.60000000000002 259.61 285.01 270.08000000000004 304.28000000000003 304.80999999999995 297.01 297.01 288.02 276.69 273.86 313.94757575757575 311.9275757575757 276.86757575757576 306.70757575757574 345.75757575757575 345.75757575757575 345.75757575757575
779.7575757575758 779.7575757575758 763.5875757575758 747.4175757575758 634.76 714.84 778.5400000000001 749.59 840.04 706.04 775.78 831.61 796.3000000000001 811.21 802.99 698.8875757575757 713.5775757575758 702.9275757575757 754.1975757575758 779.7575757575758 779.7575757575758 779.7575757575758
80.73333333333335 80.73333333333335 80.73333333333335 80.73333333333335 69.3 88.83000000000001 80.73 85.27999999999999 81.97999999999998 81.89 79.09 88.77000000000001 96.54000000000002 97.22999999999999 88.61999999999999 76.29333333333335 77.31333333333336 77.94333333333336 80.73333333333335 80.73333333333335 80.73333333333335 80.73333333333335
10.775757575757575 10.775757575757575 7.1457575757575755 3.5157575757575756 0.040000000000000036 0.3899999999999997 0.7899999999999991 0.71 5.34 8.049999999999999 8.850000000000001 10.5 4.9 2.8000000000000007 5.949999999999999 7.625757575757575 6.545757575757575 0.1557575757575762 4.385757575757576 10.775757575757575 10.775757575757575 10.775757575757575
2.545454545454545 2.545454545454545 2.545454545454545 2.545454545454545 2.8 0.7699999999999999 2.17 0.3600000000000002 0.52 0.6300000000000002 1.45 0.7699999999999999 0.1399999999999999 0.6300000000000002 0.42000000000000026 0.08545454545454523 0.5654545454545452 1.195454545454545 2.545454545454545 2.545454545454545 2.545454545454545 2.545454545454545
8.515433299825174 8.515433299825174 8.515433299825174 8.515433299825174 6.574536264367815 7.20346344827586 6.588248362068965 7.564549137931034 9.274837386569871 7.568109768602539 9.123223965517239 10.148651896551725 9.789487068965517 7.784843793103447 7.524676637931034 7.2517827586206876 7.8833481034482755 7.827406896551723 6.802889137931034 7.808273706896552 7.546136159874608 8.31123
700.0 700.0 699.0 697.0 691.0 690.0 681.0 685.0 688.0 679.0 687.0 689.0 691.0 689.0 687.0 689.0 673.0 690.0 691.0 700.0 697.0 698.0

H cap
57.75 5.25 57.75 5.25 -8.75 8.75 43.75 96.25 96.25 43.75 -8.75 -1.75 -5.25 75.25 131.25 131.25 131.25 131.25 131.25 131.25 131.25 131.25
45.5 40.5 45.0 40.0 39.5 35.5 38.5 52.5 52.5 44.5 39.5 45.5 43.5 45.5 52.5 52.5 52.5 52.5 52.5 52.5 52.5 52.5
49.0 42.0 52.5 52.5 52.5 52.5 56.0 59.5 59.5 56.0 52.5 56.0 49.0 52.5 63.0 63.0 63.0 63.0 63.0 63.0 63.0 63.0
30.25 -8.25 -3.75 0.75 38.75 -1.25 4.75 -5.25 -5.25 33.75 11.25 39.25 8.75 25.75 78.75 78.75 78.75 78.75 78.75 78.75 78.75 78.75

Gap
NaN

Time
NaN

