T P M C
35 37 4 12

base obj
15.706410256410257

exp obj
20.36355769230769

Objective struct
15.706410256410257 1.8150000000000004 32.519999999999996

num campaigns
101

x
0 0 0 0 0 0 0 0 1 0 0 0 0 0 0 0 1 1 1 0 0 0 1 0 0 0 0 1 0 1 0 0 0 0 0
0 0 0 0 0 0 0 0 0 0 0 1 0 0 0 0 0 0 0 0 0 0 0 0 0 1 0 0 0 0 0 0 0 0 0
0 0 0 0 0 0 0 0 0 0 0 0 0 0 0 0 0 0 0 0 0 0 0 0 0 0 0 0 0 0 0 0 0 0 0
0 0 0 0 0 0 0 0 0 0 0 0 0 0 2 0 2 0 1 0 0 0 0 0 0 0 1 0 0 0 0 0 0 0 0
0 0 0 0 0 0 0 0 1 0 0 0 0 0 1 1 0 0 0 2 0 0 0 0 0 1 0 0 0 0 0 0 0 0 0
0 0 0 0 0 0 0 0 0 0 0 0 0 0 0 1 0 0 0 0 0 0 0 0 0 0 0 0 0 0 0 0 0 0 0
0 0 0 0 2 0 0 0 0 1 1 0 0 0 1 0 0 0 0 1 0 0 0 0 0 0 0 0 0 0 0 0 0 0 0
0 0 0 0 0 0 0 0 0 0 0 1 1 0 0 0 0 0 0 0 0 0 0 0 0 0 0 0 0 0 0 0 0 0 0
0 0 0 0 0 0 0 0 0 0 0 0 0 0 0 0 0 0 0 0 0 0 1 0 0 0 0 0 0 0 0 0 0 0 0
0 0 0 0 0 0 0 0 0 0 0 0 0 0 0 0 0 0 0 0 0 0 0 0 0 0 0 0 0 0 0 0 0 0 0
0 0 0 0 0 0 0 0 0 0 1 0 0 0 0 0 0 0 0 0 0 0 0 0 0 0 1 0 1 0 0 0 0 0 0
0 0 0 0 0 0 1 0 0 0 0 0 0 0 0 0 0 0 0 0 0 0 0 0 0 0 0 0 0 1 0 0 0 0 0
0 0 0 0 0 0 0 0 0 0 0 0 0 0 0 0 0 0 0 0 0 0 0 0 0 0 0 0 0 0 0 0 0 0 0
0 0 0 0 0 0 0 0 0 0 1 0 0 0 0 0 0 0 0 0 0 0 0 0 0 0 0 0 0 0 0 0 0 0 0
0 0 0 0 1 0 1 0 0 0 0 0 0 0 0 0 0 0 0 0 0 0 0 0 1 0 0 0 0 0 0 0 0 0 0
0 0 0 0 0 0 0 0 0 0 0 0 0 1 0 0 0 0 0 0 0 0 0 0 0 0 0 0 0 0 0 0 0 0 0
0 0 0 0 0 0 0 0 0 0 0 0 0 0 0 0 1 0 1 0 0 0 0 0 0 0 0 1 0 0 0 0 0 0 0
0 0 0 0 0 0 0 0 0 0 0 0 0 0 0 0 0 0 0 0 0 0 0 0 0 0 1 0 1 0 0 0 0 0 0
0 0 0 0 0 0 0 0 0 0 0 0 0 0 0 0 0 0 0 0 0 0 0 0 0 0 0 0 0 0 0 0 0 0 0
0 0 0 0 0 0 0 0 0 0 0 0 0 0 0 0 0 0 0 0 0 0 0 0 0 0 1 0 0 0 0 0 0 0 0
0 0 0 0 2 0 0 0 0 0 1 0 0 1 1 0 0 0 0 1 0 0 0 0 0 0 0 0 0 0 0 0 0 0 0
0 0 0 0 0 0 0 0 0 0 0 0 0 0 0 0 0 0 0 0 0 1 0 0 0 0 0 0 0 0 0 0 0 0 0
0 0 0 0 1 0 0 0 1 0 0 0 0 0 0 0 0 0 0 0 0 0 0 0 0 0 0 0 0 0 0 0 0 0 0
0 0 0 0 0 0 0 0 0 0 1 0 0 0 1 0 0 0 0 1 0 0 0 0 0 1 0 0 0 1 0 0 0 0 0
0 0 0 0 0 0 1 0 0 0 0 0 1 0 0 0 0 0 0 0 0 0 0 1 0 0 0 0 0 0 0 0 0 0 0
0 0 0 0 0 0 0 0 1 0 0 0 0 0 0 0 0 1 0 0 0 0 0 0 1 0 0 1 0 0 0 0 0 0 0
0 0 0 0 0 0 0 0 1 0 0 0 0 0 1 0 0 0 0 0 0 0 0 0 0 0 0 0 0 2 0 0 0 0 0
0 0 0 0 0 0 0 0 0 0 0 0 0 0 0 0 0 0 0 0 0 0 0 1 0 0 0 0 0 0 0 0 0 0 0
0 0 0 0 0 0 0 0 0 0 0 0 0 0 0 0 0 0 0 0 0 0 0 0 0 0 0 0 0 0 0 0 0 0 0
0 0 0 0 3 0 0 0 2 3 4 0 0 1 2 1 0 0 0 0 0 0 0 0 0 2 4 3 0 0 0 0 0 0 0
0 0 0 0 0 0 0 0 0 0 0 0 0 0 0 1 0 0 0 0 0 0 0 0 0 0 0 2 0 0 0 0 0 0 0
0 0 0 0 0 0 0 0 0 0 0 0 0 0 0 0 0 0 0 0 0 0 0 0 0 0 0 0 0 0 0 0 0 0 0
0 0 0 0 0 0 0 0 0 0 0 0 0 0 0 0 0 0 0 0 0 0 0 0 0 0 0 0 0 0 0 0 0 0 0
0 0 0 0 0 0 0 0 0 0 0 0 0 0 0 0 0 0 0 0 0 0 0 0 0 0 0 0 0 0 0 0 0 0 0
0 0 0 0 0 0 0 0 0 0 0 0 0 0 0 0 0 0 0 0 0 0 0 0 0 0 0 0 0 0 0 0 0 0 0
0 0 0 0 0 0 0 0 0 0 0 0 0 0 0 0 0 0 0 0 0 0 0 0 0 0 0 0 0 0 0 0 0 0 0
0 0 0 0 0 0 0 0 0 0 0 0 0 0 0 0 0 0 0 0 0 0 0 0 0 0 0 0 0 0 0 0 0 0 0

y
0.0 9.0 0.0 0.0 0.0 0.0 0.0 0.0 0.0 0.0 0.0 0.0 0.0 0.0 0.0 0.0 0.0 0.0 0.0 0.0 0.0 0.0 0.0 0.0 0.0 0.0 0.0 0.0 0.0 0.0 0.0 0.0 0.0 0.0 0.0 0.0 0.0

k
0 4 7 0 3 5 0 0 0 15 0 0 6 5 1 0 0 0 13 0 0 2 0 0 0 0 1 0 11 1 23 26 52 26 26 26 3

f
0.0 0.0 0.0 0.0 0.0 0.0 0.0 0.0 19.25 0.0 0.0 0.0 0.0 5.25 0.0 0.0 0.0 0.0 0.0 1.75 0.0 0.0 0.0 0.0 0.0 22.75 0.0 0.0 0.0 0.0 0.0 0.0 0.0 0.0 0.0
0.0 0.0 0.0 0.0 0.0 0.0 0.0 0.0 0.0 0.0 0.0 0.0 0.0 0.0 0.0 0.0 0.0 0.0 0.0 0.0 0.0 0.0 0.0 0.0 0.0 0.0 0.0 0.0 0.0 0.0 0.0 0.0 0.0 0.0 0.0
0.0 0.0 0.0 0.0 0.0 0.0 0.0 0.0 0.0 0.0 0.0 0.0 0.0 0.0 0.0 0.0 0.0 0.0 0.0 0.0 0.0 0.0 0.0 0.0 0.0 0.0 0.0 0.0 0.0 0.0 0.0 0.0 0.0 0.0 0.0
0.0 0.0 4.25 4.25 0.0 0.0 0.0 0.0 0.0 0.0 0.0 0.0 0.0 0.0 0.0 0.0 0.0 5.25 33.75 0.0 1.25 0.0 0.0 0.0 0.0 1.25 0.0 0.0 0.0 0.0 0.0 0.0 0.0 0.0 0.0

L
1 14 0 0 0 0 0 1 0 0 2 23 0 0 2 0 2 2 0 0 0 0 4 4 6 3 0 0 0 0 0 0 0 0 0 0 0

g
0 0 0 0 0 0 0 0 0 0 0 0 0 0 0 0 0 0 0 0 0 0 0 0 0 0 0 0 0 0 0 0 0 0 0
0 0 0 0 0 0 0 0 0 0 0 0 0 0 0 0 0 0 0 0 0 0 0 0 0 0 0 0 0 0 0 0 0 0 0
0 0 0 0 0 0 0 0 0 0 0 0 0 0 0 0 0 0 0 0 0 0 0 0 0 0 0 0 0 0 0 0 0 0 0
0 0 0 0 0 0 0 0 0 0 0 0 0 0 1 0 1 0 0 0 0 0 0 0 0 0 0 0 0 0 0 0 0 0 0
0 0 0 0 0 0 0 0 0 0 0 0 0 0 0 0 0 0 0 1 0 0 0 0 0 0 0 0 0 0 0 0 0 0 0
0 0 0 0 0 0 0 0 0 0 0 0 0 0 0 0 0 0 0 0 0 0 0 0 0 0 0 0 0 0 0 0 0 0 0
0 0 0 0 1 0 0 0 0 0 0 0 0 0 0 0 0 0 0 0 0 0 0 0 0 0 0 0 0 0 0 0 0 0 0
0 0 0 0 0 0 0 0 0 0 0 0 0 0 0 0 0 0 0 0 0 0 0 0 0 0 0 0 0 0 0 0 0 0 0
0 0 0 0 0 0 0 0 0 0 0 0 0 0 0 0 0 0 0 0 0 0 0 0 0 0 0 0 0 0 0 0 0 0 0
0 0 0 0 0 0 0 0 0 0 0 0 0 0 0 0 0 0 0 0 0 0 0 0 0 0 0 0 0 0 0 0 0 0 0
0 0 0 0 0 0 0 0 0 0 0 0 0 0 0 0 0 0 0 0 0 0 0 0 0 0 0 0 0 0 0 0 0 0 0
0 0 0 0 0 0 0 0 0 0 0 0 0 0 0 0 0 0 0 0 0 0 0 0 0 0 0 0 0 0 0 0 0 0 0
0 0 0 0 0 0 0 0 0 0 0 0 0 0 0 0 0 0 0 0 0 0 0 0 0 0 0 0 0 0 0 0 0 0 0
0 0 0 0 0 0 0 0 0 0 0 0 0 0 0 0 0 0 0 0 0 0 0 0 0 0 0 0 0 0 0 0 0 0 0
0 0 0 0 0 0 0 0 0 0 0 0 0 0 0 0 0 0 0 0 0 0 0 0 0 0 0 0 0 0 0 0 0 0 0
0 0 0 0 0 0 0 0 0 0 0 0 0 0 0 0 0 0 0 0 0 0 0 0 0 0 0 0 0 0 0 0 0 0 0
0 0 0 0 0 0 0 0 0 0 0 0 0 0 0 0 0 0 0 0 0 0 0 0 0 0 0 0 0 0 0 0 0 0 0
0 0 0 0 0 0 0 0 0 0 0 0 0 0 0 0 0 0 0 0 0 0 0 0 0 0 0 0 0 0 0 0 0 0 0
0 0 0 0 0 0 0 0 0 0 0 0 0 0 0 0 0 0 0 0 0 0 0 0 0 0 0 0 0 0 0 0 0 0 0
0 0 0 0 0 0 0 0 0 0 0 0 0 0 0 0 0 0 0 0 0 0 0 0 0 0 0 0 0 0 0 0 0 0 0
0 0 0 0 1 0 0 0 0 0 0 0 0 0 0 0 0 0 0 0 0 0 0 0 0 0 0 0 0 0 0 0 0 0 0
0 0 0 0 0 0 0 0 0 0 0 0 0 0 0 0 0 0 0 0 0 0 0 0 0 0 0 0 0 0 0 0 0 0 0
0 0 0 0 0 0 0 0 0 0 0 0 0 0 0 0 0 0 0 0 0 0 0 0 0 0 0 0 0 0 0 0 0 0 0
0 0 0 0 0 0 0 0 0 0 0 0 0 0 0 0 0 0 0 0 0 0 0 0 0 0 0 0 0 0 0 0 0 0 0
0 0 0 0 0 0 0 0 0 0 0 0 0 0 0 0 0 0 0 0 0 0 0 0 0 0 0 0 0 0 0 0 0 0 0
0 0 0 0 0 0 0 0 0 0 0 0 0 0 0 0 0 0 0 0 0 0 0 0 0 0 0 0 0 0 0 0 0 0 0
0 0 0 0 0 0 0 0 0 0 0 0 0 0 0 0 0 0 0 0 0 0 0 0 0 0 0 0 0 1 0 0 0 0 0
0 0 0 0 0 0 0 0 0 0 0 0 0 0 0 0 0 0 0 0 0 0 0 0 0 0 0 0 0 0 0 0 0 0 0
0 0 0 0 0 0 0 0 0 0 0 0 0 0 0 0 0 0 0 0 0 0 0 0 0 0 0 0 0 0 0 0 0 0 0
0 0 0 0 2 0 0 0 1 2 3 0 0 0 1 0 0 0 0 0 0 0 0 0 0 1 3 2 0 0 0 0 0 0 0
0 0 0 0 0 0 0 0 0 0 0 0 0 0 0 0 0 0 0 0 0 0 0 0 0 0 0 1 0 0 0 0 0 0 0
0 0 0 0 0 0 0 0 0 0 0 0 0 0 0 0 0 0 0 0 0 0 0 0 0 0 0 0 0 0 0 0 0 0 0
0 0 0 0 0 0 0 0 0 0 0 0 0 0 0 0 0 0 0 0 0 0 0 0 0 0 0 0 0 0 0 0 0 0 0
0 0 0 0 0 0 0 0 0 0 0 0 0 0 0 0 0 0 0 0 0 0 0 0 0 0 0 0 0 0 0 0 0 0 0
0 0 0 0 0 0 0 0 0 0 0 0 0 0 0 0 0 0 0 0 0 0 0 0 0 0 0 0 0 0 0 0 0 0 0
0 0 0 0 0 0 0 0 0 0 0 0 0 0 0 0 0 0 0 0 0 0 0 0 0 0 0 0 0 0 0 0 0 0 0
0 0 0 0 0 0 0 0 0 0 0 0 0 0 0 0 0 0 0 0 0 0 0 0 0 0 0 0 0 0 0 0 0 0 0

I cap
1058.909090909091 1058.909090909091 998.394090909091 998.394090909091 998.7949999999998 1067.1699999999996 1015.6669999999998 1156.062 607.392 648.3789999999998 578.881 767.3180000000001 872.355 888.3199999999999 409.245 536.2950909090911 272.860090909091 526.624090909091 461.18809090909104 498.86509090909107 711.5130909090909 773.415090909091 848.826090909091 786.2210909090911 604.581090909091 482.3350909090911 559.7220909090911 598.8430909090911 745.8840909090911 551.0390909090911 764.409090909091 875.0270909090909 980.477090909091 1058.909090909091 672.0
107.96969696969697 107.96969696969697 106.73469696969697 106.73469696969697 116.755 123.53 81.833 90.538 78.75800000000001 77.121 11.068999999999999 7.432000000000006 2.844999999999999 26.180000000000003 1.1050000000000066 59.63369696969697 58.01869696969698 86.40469696969699 71.09069696969699 84.71369696969697 98.16569696969697 90.41369696969697 72.00269696969697 88.05769696969698 83.11769696969696 82.81369696969698 54.06669696969698 65.48569696969697 40.99469696969699 13.539696969696983 46.21969696969698 77.15169696969697 104.70169696969697 107.96969696969697 84.0
38.96666666666666 38.96666666666666 38.96666666666666 38.96666666666666 16.233333333333334 14.133333333333338 13.433333333333335 38.5 39.900000000000006 39.2 16.866666666666667 15.46666666666667 10.566666666666668 22.46666666666667 3.633333333333338 11.1 25.03333333333333 38.96666666666666 38.96666666666666 25.03333333333333 25.03333333333333 25.03333333333333 38.96666666666666 38.96666666666666 15.279999999999994 3.2387499999999942 11.598749999999994 14.884166666666664 14.884166666666664 26.925416666666663 26.925416666666663 38.96666666666666 38.96666666666666 38.96666666666666 23.8
45.24545454545453 45.24545454545453 45.24545454545453 28.28795454545453 18.742500000000003 44.099999999999994 41.93399999999999 33.156499999999994 10.659499999999994 0.7579999999999885 15.020499999999984 32.8345 26.532500000000002 14.926499999999994 5.144000000000002 32.42045454545452 34.05445454545452 41.83495454545452 38.98495454545452 43.250454545454524 43.449954545454524 42.05345454545453 41.255454545454526 42.585454545454525 30.947954545454525 9.658454545454518 1.9064545454545296 26.568454545454518 43.848954545454525 40.00145454545452 38.14895454545452 38.946954545454524 44.64695454545453 45.24545454545453 42.0
20.999999999999993 20.999999999999993 20.999999999999993 20.002499999999994 13.702500000000002 23.799999999999997 20.873500000000003 21.779500000000002 17.9155 17.108 21.073499999999996 22.232499999999995 21.3995 23.0055 13.403 15.660999999999992 12.316999999999993 16.810499999999998 17.380499999999994 20.334999999999994 20.40149999999999 20.315999999999992 20.277999999999995 20.467999999999996 19.90749999999999 18.605999999999995 16.192999999999994 13.836999999999998 14.834499999999993 14.207499999999998 20.078499999999995 20.344499999999993 20.800499999999992 20.999999999999993 21.0
345.75757575757575 345.75757575757575 333.21757575757573 333.21757575757573 230.12 268.91999999999996 289.3295 272.8895 294.431 285.21600000000007 270.4765 293.17199999999997 295.2545 285.7545 260.0695 296.85157575757574 276.0750757575758 270.20407575757577 263.9340757575758 271.4675757575758 297.2885757575757 338.17657575757573 328.16357575757576 328.16357575757576 318.84407575757575 321.5990757575757 320.41157575757575 297.8300757575758 275.25807575757574 279.8655757575757 297.0130757575758 302.06707575757576 341.96707575757574 345.75757575757575 245.0
779.7575757575758 779.7575757575758 764.3960757575758 764.3960757575758 636.6220000000001 753.277 814.0640000000001 784.5755 863.1795000000001 830.314 747.3815000000001 806.0870000000001 807.2715000000002 803.7185000000001 696.533 634.1035757575758 571.4225757575758 660.4090757575758 616.5190757575758 692.1865757575758 712.9820757575758 728.3435757575758 708.5740757575758 723.9640757575758 697.1835757575759 718.2545757575758 694.2290757575759 704.0900757575758 706.3510757575758 666.8215757575757 667.8190757575758 686.7050757575757 765.5930757575758 779.7575757575758 630.0
80.73333333333335 80.73333333333335 80.73333333333335 78.73833333333333 67.30499999999998 90.30000000000001 80.58 85.61949999999997 82.02499999999995 86.84899999999995 79.14549999999997 88.5775 96.911 95.10899999999997 82.7665 75.10933333333334 73.79833333333336 77.01883333333335 75.30883333333335 78.73833333333334 78.93783333333334 77.25633333333334 76.28733333333335 77.80733333333335 76.98083333333334 75.54633333333331 73.76983333333331 77.34183333333333 79.33683333333335 76.51533333333334 77.28483333333334 78.08283333333334 80.13483333333335 80.73333333333335 48.300000000000004
10.775757575757575 10.775757575757575 7.327257575757576 7.327257575757576 0.45800000000000063 2.903000000000002 1.1580000000000004 2.4120000000000004 4.071500000000002 0.30299999999999994 2.048000000000001 7.5074999999999985 2.4154999999999993 0.6705000000000012 2.0324999999999993 2.3207575757575762 2.1972575757575754 0.6867575757575768 0.6867575757575759 0.6867575757575768 4.705257575757576 10.775757575757575 7.327257575757576 7.327257575757576 5.085257575757575 6.614757575757576 6.8427575757575765 3.033257575757575 0.6867575757575768 0.1452575757575767 1.6557575757575762 1.6557575757575762 10.775757575757575 10.775757575757575 8.4
2.545454545454545 2.545454545454545 2.545454545454545 2.545454545454545 2.8 1.4 1.2609999999999997 0.8175000000000001 1.3179999999999998 1.302 1.0045 0.08900000000000008 0.9155 1.6155000000000002 1.5015 1.348454545454545 0.550454545454545 0.3509545454545451 0.35095454545454496 0.550454545454545 0.749954545454545 0.4934545454545449 0.37945454545454504 0.949454545454545 0.06595454545454515 0.635954545454545 1.462454545454545 0.664454545454545 1.148954545454545 0.2084545454545449 0.46495454545454495 1.262954545454545 1.946954545454545 2.545454545454545 2.8000000000000003
8.515433299825174 8.515433299825174 8.515433299825174 7.480950541204484 6.0052260919540235 7.903118620689654 7.311869051724138 8.096962931034483 8.10462397413793 6.334443543103449 8.114603112068966 8.82192775862069 8.117935344827586 6.625361034482758 6.622607508620689 6.682644836206897 6.948606732758622 6.228872586206897 5.3853891379310355 5.5151702586206905 6.071998228840126 7.673298965517242 7.862776206896552 6.912474836206897 6.013082709770115 4.564739146551723 3.1848686293103454 6.767289655172416 7.950446379310346 7.0360348448275865 9.131606396551724 9.10023501724138 7.4835 8.024766408045977 11.625719885057473
700.0 700.0 700.0 699.05 687.65 690.4999999999999 684.8 689.5499999999998 680.05 686.6999999999999 678.1499999999997 684.7999999999998 681.9499999999998 687.65 679.0999999999999 683.8499999999996 682.8999999999997 686.6999999999998 682.9000000000001 681.9499999999998 684.8 686.6999999999998 691.4499999999999 682.9 683.8499999999999 679.0999999999999 670.5499999999998 683.8499999999997 687.6499999999999 681.0 691.4499999999998 690.4999999999999 698.1 698.1 699.05

H cap
1.75 1.75 57.75 57.75 15.75 5.25 78.75 1.75 -19.25 22.75 5.25 5.25 1.75 -5.25 5.25 5.25 78.75 96.25 8.75 -1.75 33.25 22.75 8.75 1.75 22.75 -22.75 22.75 131.25 131.25 131.25 131.25 131.25 131.25 131.25 131.25
34.5 34.5 45.5 45.5 36.5 25.5 20.5 23.5 39.5 41.5 28.5 24.5 27.5 32.5 35.0 34.0 46.5 52.5 44.5 44.5 47.5 36.5 25.0 11.0 25.5 37.5 39.5 52.5 52.5 52.5 52.5 52.5 52.5 52.5 52.5
56.0 56.0 59.5 59.5 45.5 45.5 56.0 49.0 52.5 56.0 42.0 42.0 45.5 42.0 45.5 42.0 52.5 59.5 52.5 56.0 56.0 45.5 38.5 38.5 45.5 42.0 49.0 63.0 63.0 63.0 63.0 63.0 63.0 63.0 63.0
0.25 0.25 -4.25 -4.25 5.75 0.25 17.25 1.25 6.75 1.25 0.25 0.25 0.75 0.75 5.75 0.25 46.25 -5.25 -33.75 8.75 -1.25 1.25 14.25 0.25 18.75 -1.25 5.75 78.75 78.75 78.75 78.75 78.75 78.75 78.75 78.75

Gap
NaN

Time
NaN

