T P M C
35 37 4 12

base obj
20.661538461538463

exp obj
23.51615384615385

Objective struct
20.661538461538463 0.2 31.88

num campaigns
49

x
0 0 0 0 1 0 0 1 0 0 0 0 1 1 0 0 0 0 1 0 0 0 0 1 0 0 0 0 1 0 0 0 0 0 0
0 0 0 0 0 0 0 0 0 0 0 0 0 0 0 0 0 0 0 0 0 0 0 0 0 0 0 0 0 0 0 0 0 0 0
0 0 0 0 0 0 0 0 0 0 0 0 0 0 0 0 0 0 0 0 0 0 0 0 0 0 0 0 0 0 0 0 0 0 0
0 0 0 0 0 0 1 0 0 0 0 0 0 0 0 0 0 0 0 0 0 0 0 0 0 0 1 1 0 0 0 0 0 0 0
0 0 0 0 0 0 0 0 0 0 0 0 0 0 0 0 0 0 0 0 0 0 0 0 0 0 0 0 0 0 0 0 0 0 0
0 0 0 0 0 0 0 0 0 0 0 0 0 0 0 0 0 0 0 0 0 0 0 0 0 0 0 0 0 0 0 0 0 0 0
0 0 0 0 0 0 0 0 0 0 0 0 0 1 0 0 0 0 0 0 0 0 0 0 0 1 2 1 0 0 0 0 0 0 0
0 0 0 0 0 0 0 1 0 0 0 0 0 0 0 0 0 0 0 0 0 0 0 1 0 0 0 0 0 0 0 0 0 0 0
0 0 0 0 0 0 0 0 0 0 0 0 0 0 0 0 0 0 0 0 0 0 0 0 0 0 0 0 1 0 0 0 0 0 0
0 0 0 0 0 0 0 0 0 0 0 0 0 0 0 0 0 0 0 0 0 0 0 0 0 0 0 0 0 0 0 0 0 0 0
0 0 0 0 1 0 0 0 0 0 0 0 0 1 0 0 0 0 0 0 0 1 0 0 0 0 0 0 0 0 0 0 0 0 0
0 0 0 0 0 0 1 0 0 0 0 0 0 0 0 1 0 0 0 0 0 0 0 0 0 0 0 0 0 0 0 0 0 0 0
0 0 0 0 0 0 0 0 0 0 0 0 0 0 0 0 0 0 0 0 0 0 0 0 0 0 0 0 0 0 0 0 0 0 0
0 0 0 0 0 0 0 0 0 0 0 0 0 0 0 0 0 0 0 0 0 0 0 0 0 0 0 0 0 0 0 0 0 0 0
0 0 0 0 1 0 0 0 0 0 0 0 0 0 1 0 0 0 0 0 0 0 0 0 0 0 0 0 0 0 0 0 0 0 0
0 0 0 0 0 0 0 0 0 0 0 0 0 0 0 0 0 0 0 0 0 0 0 1 0 0 0 0 0 0 0 0 0 0 0
0 0 0 0 0 0 0 0 0 0 0 0 0 0 0 0 0 0 1 0 0 0 0 0 0 0 0 1 0 1 0 0 0 0 0
0 0 0 0 0 0 0 0 0 0 0 0 0 0 0 0 0 0 0 1 0 0 0 0 0 0 0 0 0 1 0 0 0 0 0
0 0 0 0 0 0 0 0 0 0 0 0 0 0 0 0 0 0 0 0 0 0 0 0 0 0 0 0 0 0 0 0 0 0 0
0 0 0 0 0 0 0 0 0 0 0 0 0 0 0 0 0 0 0 0 0 0 0 0 1 0 0 0 0 0 0 0 0 0 0
0 0 0 0 0 0 0 0 0 0 0 0 0 0 0 0 0 0 0 0 0 0 0 0 0 0 0 0 0 0 0 0 0 0 0
0 0 0 0 0 0 0 0 0 0 1 0 0 0 0 0 0 0 0 0 1 0 0 0 0 0 0 0 0 0 0 0 0 0 0
0 0 0 0 0 0 0 0 0 0 0 0 0 0 0 0 0 1 0 0 0 0 0 0 0 1 0 0 0 0 0 0 0 0 0
0 0 0 0 0 1 1 0 0 0 0 0 1 0 0 0 0 0 0 0 0 0 0 0 0 0 0 1 0 0 0 0 0 0 0
0 0 0 0 0 0 0 0 0 0 0 0 0 0 0 1 1 0 0 0 0 0 0 0 0 1 0 0 0 0 0 0 0 0 0
0 0 0 0 0 0 0 0 0 0 0 0 0 1 0 0 0 1 1 0 0 0 0 0 0 0 0 0 0 1 0 0 0 0 0
0 0 0 0 0 0 0 0 0 0 0 0 0 0 0 0 0 0 0 0 0 0 0 0 0 0 0 0 0 0 0 0 0 0 0
0 0 0 0 0 0 0 0 1 0 0 0 0 0 0 0 0 0 0 0 0 0 0 0 0 0 0 0 0 0 0 0 0 0 0
0 0 0 0 0 0 0 0 0 0 0 0 0 0 0 0 0 0 0 0 0 0 0 0 0 0 0 0 0 0 0 0 0 0 0
0 0 0 0 0 0 0 0 0 0 0 0 0 0 0 0 0 0 0 0 0 0 0 0 0 0 0 1 0 0 0 0 0 0 0
0 0 0 0 0 0 0 0 0 0 0 0 0 0 0 0 0 0 0 0 0 0 0 0 0 0 0 0 0 0 0 0 0 0 0
0 0 0 0 0 0 0 0 0 0 0 0 0 0 0 0 0 0 0 0 0 0 0 0 0 0 0 0 0 0 0 0 0 0 0
0 0 0 0 0 0 0 0 0 0 0 0 0 0 0 0 0 0 0 0 0 0 0 0 0 0 0 0 0 0 0 0 0 0 0
0 0 0 0 0 0 0 0 0 0 0 0 0 0 0 0 0 0 0 0 0 0 0 0 0 0 0 0 0 0 0 0 0 0 0
0 0 0 0 0 0 0 0 0 0 0 0 0 0 0 0 0 0 0 0 0 0 0 0 0 0 0 0 0 0 0 0 0 0 0
0 0 0 0 0 0 0 0 0 0 0 0 0 0 0 0 0 0 0 0 0 0 0 0 0 0 0 0 0 0 0 0 0 0 0
0 0 0 0 0 0 0 0 0 0 0 0 0 0 0 0 0 0 0 0 0 0 0 0 0 0 0 0 0 0 0 0 0 0 0

y
0.0 0.0 0.0 0.0 0.0 0.0 0.0 0.0 0.0 0.0 0.0 0.0 0.0 0.0 1.666666666666666 0.0 0.0 0.0 0.0 0.0 0.0 0.0 0.0 0.0 0.0 0.0 0.0 0.0 0.0 0.0 0.0 0.0 0.0 0.0 0.0 0.0 0.0

k
0 6 7 3 9 6 1 0 0 15 0 0 6 6 2 0 0 0 13 0 6 1 0 1 0 0 5 0 11 25 26 26 52 26 26 26 3

f
0.0 0.0 0.0 5.25 8.75 0.0 0.0 0.0 0.0 5.25 0.0 0.0 0.0 0.0 0.0 0.0 0.0 0.0 0.0 8.75 19.25 0.0 0.0 0.0 0.0 1.75 0.0 0.0 0.0 0.0 0.0 0.0 0.0 0.0 0.0
0.0 0.0 0.0 0.0 0.0 0.0 0.0 0.0 0.0 0.0 0.0 0.0 0.0 0.0 0.0 0.0 0.0 0.0 0.0 0.0 0.0 0.0 0.0 0.0 0.0 0.0 0.0 0.0 0.0 0.0 0.0 0.0 0.0 0.0 0.0
0.0 0.0 0.0 0.0 0.0 0.0 0.0 0.0 0.0 0.0 0.0 0.0 0.0 0.0 0.0 0.0 0.0 0.0 0.0 0.0 0.0 0.0 0.0 0.0 0.0 0.0 0.0 0.0 0.0 0.0 0.0 0.0 0.0 0.0 0.0
0.0 3.75 0.0 0.0 0.0 0.0 5.25 5.25 0.0 0.0 0.0 4.25 9.25 0.0 3.25 0.0 9.75 7.75 0.0 0.0 0.0 0.75 0.25 0.0 0.0 0.0 0.0 0.0 0.0 0.0 0.0 0.0 0.0 0.0 0.0

L
1 0 0 1 0 0 0 16 0 0 8 9 0 0 10 0 2 10 0 0 0 10 8 1 1 1 0 0 0 0 0 0 0 0 0 0 0

g
0 0 0 0 0 0 0 0 0 0 0 0 0 0 0 0 0 0 0 0 0 0 0 0 0 0 0 0 0 0 0 0 0 0 0
0 0 0 0 0 0 0 0 0 0 0 0 0 0 0 0 0 0 0 0 0 0 0 0 0 0 0 0 0 0 0 0 0 0 0
0 0 0 0 0 0 0 0 0 0 0 0 0 0 0 0 0 0 0 0 0 0 0 0 0 0 0 0 0 0 0 0 0 0 0
0 0 0 0 0 0 0 0 0 0 0 0 0 0 0 0 0 0 0 0 0 0 0 0 0 0 0 0 0 0 0 0 0 0 0
0 0 0 0 0 0 0 0 0 0 0 0 0 0 0 0 0 0 0 0 0 0 0 0 0 0 0 0 0 0 0 0 0 0 0
0 0 0 0 0 0 0 0 0 0 0 0 0 0 0 0 0 0 0 0 0 0 0 0 0 0 0 0 0 0 0 0 0 0 0
0 0 0 0 0 0 0 0 0 0 0 0 0 0 0 0 0 0 0 0 0 0 0 0 0 0 1 0 0 0 0 0 0 0 0
0 0 0 0 0 0 0 0 0 0 0 0 0 0 0 0 0 0 0 0 0 0 0 0 0 0 0 0 0 0 0 0 0 0 0
0 0 0 0 0 0 0 0 0 0 0 0 0 0 0 0 0 0 0 0 0 0 0 0 0 0 0 0 0 0 0 0 0 0 0
0 0 0 0 0 0 0 0 0 0 0 0 0 0 0 0 0 0 0 0 0 0 0 0 0 0 0 0 0 0 0 0 0 0 0
0 0 0 0 0 0 0 0 0 0 0 0 0 0 0 0 0 0 0 0 0 0 0 0 0 0 0 0 0 0 0 0 0 0 0
0 0 0 0 0 0 0 0 0 0 0 0 0 0 0 0 0 0 0 0 0 0 0 0 0 0 0 0 0 0 0 0 0 0 0
0 0 0 0 0 0 0 0 0 0 0 0 0 0 0 0 0 0 0 0 0 0 0 0 0 0 0 0 0 0 0 0 0 0 0
0 0 0 0 0 0 0 0 0 0 0 0 0 0 0 0 0 0 0 0 0 0 0 0 0 0 0 0 0 0 0 0 0 0 0
0 0 0 0 0 0 0 0 0 0 0 0 0 0 0 0 0 0 0 0 0 0 0 0 0 0 0 0 0 0 0 0 0 0 0
0 0 0 0 0 0 0 0 0 0 0 0 0 0 0 0 0 0 0 0 0 0 0 0 0 0 0 0 0 0 0 0 0 0 0
0 0 0 0 0 0 0 0 0 0 0 0 0 0 0 0 0 0 0 0 0 0 0 0 0 0 0 0 0 0 0 0 0 0 0
0 0 0 0 0 0 0 0 0 0 0 0 0 0 0 0 0 0 0 0 0 0 0 0 0 0 0 0 0 0 0 0 0 0 0
0 0 0 0 0 0 0 0 0 0 0 0 0 0 0 0 0 0 0 0 0 0 0 0 0 0 0 0 0 0 0 0 0 0 0
0 0 0 0 0 0 0 0 0 0 0 0 0 0 0 0 0 0 0 0 0 0 0 0 0 0 0 0 0 0 0 0 0 0 0
0 0 0 0 0 0 0 0 0 0 0 0 0 0 0 0 0 0 0 0 0 0 0 0 0 0 0 0 0 0 0 0 0 0 0
0 0 0 0 0 0 0 0 0 0 0 0 0 0 0 0 0 0 0 0 0 0 0 0 0 0 0 0 0 0 0 0 0 0 0
0 0 0 0 0 0 0 0 0 0 0 0 0 0 0 0 0 0 0 0 0 0 0 0 0 0 0 0 0 0 0 0 0 0 0
0 0 0 0 0 0 0 0 0 0 0 0 0 0 0 0 0 0 0 0 0 0 0 0 0 0 0 0 0 0 0 0 0 0 0
0 0 0 0 0 0 0 0 0 0 0 0 0 0 0 0 0 0 0 0 0 0 0 0 0 0 0 0 0 0 0 0 0 0 0
0 0 0 0 0 0 0 0 0 0 0 0 0 0 0 0 0 0 0 0 0 0 0 0 0 0 0 0 0 0 0 0 0 0 0
0 0 0 0 0 0 0 0 0 0 0 0 0 0 0 0 0 0 0 0 0 0 0 0 0 0 0 0 0 0 0 0 0 0 0
0 0 0 0 0 0 0 0 0 0 0 0 0 0 0 0 0 0 0 0 0 0 0 0 0 0 0 0 0 0 0 0 0 0 0
0 0 0 0 0 0 0 0 0 0 0 0 0 0 0 0 0 0 0 0 0 0 0 0 0 0 0 0 0 0 0 0 0 0 0
0 0 0 0 0 0 0 0 0 0 0 0 0 0 0 0 0 0 0 0 0 0 0 0 0 0 0 0 0 0 0 0 0 0 0
0 0 0 0 0 0 0 0 0 0 0 0 0 0 0 0 0 0 0 0 0 0 0 0 0 0 0 0 0 0 0 0 0 0 0
0 0 0 0 0 0 0 0 0 0 0 0 0 0 0 0 0 0 0 0 0 0 0 0 0 0 0 0 0 0 0 0 0 0 0
0 0 0 0 0 0 0 0 0 0 0 0 0 0 0 0 0 0 0 0 0 0 0 0 0 0 0 0 0 0 0 0 0 0 0
0 0 0 0 0 0 0 0 0 0 0 0 0 0 0 0 0 0 0 0 0 0 0 0 0 0 0 0 0 0 0 0 0 0 0
0 0 0 0 0 0 0 0 0 0 0 0 0 0 0 0 0 0 0 0 0 0 0 0 0 0 0 0 0 0 0 0 0 0 0
0 0 0 0 0 0 0 0 0 0 0 0 0 0 0 0 0 0 0 0 0 0 0 0 0 0 0 0 0 0 0 0 0 0 0
0 0 0 0 0 0 0 0 0 0 0 0 0 0 0 0 0 0 0 0 0 0 0 0 0 0 0 0 0 0 0 0 0 0 0

I cap
1058.909090909091 1058.909090909091 919.962090909091 919.962090909091 1125.3159999999998 926.2849999999999 872.9009999999997 1085.059 846.507 957.2429999999999 826.736 893.136 828.085 604.6120000000001 747.559 668.0600909090911 778.8300909090909 754.111090909091 702.2410909090911 729.3160909090911 872.177090909091 860.245090909091 877.402090909091 807.8810909090911 878.3900909090911 811.054090909091 542.0710909090909 733.135090909091 909.341090909091 803.0360909090911 848.9020909090909 859.6370909090911 1058.909090909091 1058.909090909091 672.0
107.96969696969697 107.96969696969697 103.46669696969697 103.46669696969697 100.43400000000001 55.415000000000006 1.3490000000000038 40.89100000000001 53.393 91.25699999999999 83.364 112.464 103.165 47.68800000000002 76.99100000000001 22.868696969696977 77.39869696969697 73.61769696969696 90.33769696969698 91.76269696969698 99.00169696969697 39.68369696969697 42.096696969696964 28.96769696969697 67.89869696969697 62.27469696969696 37.70769696969697 69.89369696969698 73.23769696969697 85.49269696969698 89.02669696969697 90.64169696969697 107.96969696969697 107.96969696969697 84.0
38.96666666666666 38.96666666666666 38.96666666666666 38.96666666666666 44.099999999999994 42.0 41.3 38.5 39.900000000000006 39.2 30.799999999999997 29.400000000000002 24.5 36.4 31.5 38.96666666666666 38.96666666666666 38.96666666666666 26.925416666666663 26.925416666666663 26.925416666666663 26.925416666666663 15.279999999999994 15.279999999999994 23.639999999999993 38.96666666666666 38.96666666666666 38.96666666666666 26.925416666666663 26.925416666666663 26.925416666666663 26.925416666666663 38.96666666666666 38.96666666666666 23.8
45.24545454545453 45.24545454545453 44.64695454545453 44.64695454545453 34.902 41.30699999999999 37.088999999999984 41.868 38.665499999999994 42.80499999999999 41.63949999999999 35.903 34.3035 33.403999999999996 30.803500000000003 42.48095454545452 42.908454545454525 43.506954545454526 44.44745454545453 44.44745454545453 44.64695454545453 42.65195454545452 43.250454545454524 42.65195454545453 43.05095454545452 43.250454545454524 34.28245454545453 34.14945454545453 41.255454545454526 42.585454545454525 43.05095454545453 44.64695454545453 45.24545454545453 45.24545454545453 42.0
20.999999999999993 20.999999999999993 20.800499999999992 20.800499999999992 14.434000000000001 22.735999999999997 17.7955 21.409000000000002 18.979499999999998 19.501999999999995 22.859499999999997 23.400999999999996 22.634500000000003 24.668000000000006 19.8345 19.973999999999993 20.144999999999992 20.344499999999993 20.733999999999995 20.733999999999995 20.800499999999992 20.00249999999999 20.20199999999999 19.964499999999994 20.135499999999993 20.20199999999999 17.446999999999992 17.90299999999999 20.277999999999995 20.467999999999996 20.57249999999999 20.800499999999992 20.999999999999993 20.999999999999993 21.0
345.75757575757575 345.75757575757575 329.4270757575757 329.4270757575757 237.606 272.6155 295.609 280.37550000000005 316.946 318.2095 293.419 293.419 314.6155 313.35200000000003 296.81550000000004 325.6365757575757 325.6365757575757 330.18707575757577 316.1460757575758 279.0485757575758 304.8695757575757 338.17657575757573 303.96707575757574 293.2035757575758 305.0785757575758 320.59207575757574 331.90657575757575 311.13957575757576 279.0485757575758 279.0485757575758 280.3120757575757 304.8695757575757 345.75757575757575 345.75757575757575 245.0
779.7575757575758 779.7575757575758 750.2315757575758 750.2315757575758 633.0975000000001 719.4285000000001 759.8665000000001 760.2745000000001 877.4865000000001 879.676 811.0505 846.671 840.5880000000001 835.8665000000001 821.9330000000001 710.6735757575758 717.5990757575759 732.6945757575758 744.7975757575758 720.5155757575758 741.3110757575757 735.2690757575758 716.7535757575758 699.2450757575758 714.0745757575758 731.0510757575757 692.9180757575758 682.5440757575758 683.5795757575758 698.9695757575757 706.7690757575758 741.3110757575757 779.7575757575758 779.7575757575758 630.0
80.73333333333335 80.73333333333335 80.13483333333335 80.13483333333335 68.502 88.1055 77.4735 85.12549999999999 84.55199999999998 91.70349999999999 82.081 89.803 98.0035 97.10399999999998 88.9035 76.71483333333335 77.48433333333334 78.08283333333334 79.93533333333335 79.93533333333335 80.13483333333335 78.73833333333334 79.33683333333335 78.90933333333335 79.13733333333334 79.33683333333335 76.43933333333335 75.47983333333335 76.28733333333335 77.80733333333335 78.31083333333335 80.13483333333335 80.73333333333335 80.73333333333335 48.300000000000004
10.775757575757575 10.775757575757575 7.327257575757576 7.327257575757576 3.9065000000000003 5.354000000000001 4.654 4.577999999999999 8.8025 8.1025 8.8975 10.5 7.051500000000001 6.3515000000000015 6.706499999999999 7.327257575757576 7.327257575757576 7.536257575757576 6.757257575757575 0.6867575757575768 4.705257575757576 9.778257575757575 4.4582575757575755 2.8432575757575753 4.790757575757575 6.785757575757575 9.873257575757576 6.757257575757575 0.6867575757575768 0.6867575757575759 0.6867575757575768 4.705257575757576 10.775757575757575 10.775757575757575 8.4
2.545454545454545 2.545454545454545 1.946954545454545 1.946954545454545 2.002 0.0035000000000000586 0.6624999999999998 0.019500000000000184 1.3179999999999998 1.5015 1.6029999999999998 0.20300000000000007 0.0035000000000000586 0.5040000000000001 0.7035000000000001 0.4079545454545449 0.664454545454545 1.262954545454545 1.747454545454545 1.747454545454545 1.946954545454545 1.348454545454545 1.946954545454545 1.747454545454545 1.747454545454545 1.946954545454545 1.348454545454545 1.091954545454545 0.37945454545454504 0.949454545454545 1.262954545454545 1.946954545454545 2.545454545454545 2.545454545454545 2.8000000000000003
8.515433299825174 8.515433299825174 8.515433299825174 8.515433299825174 6.122208850574712 7.084153103448275 6.486351810344828 7.966014655172414 10.07919293965517 8.972374577586207 10.502534146551723 10.148651896551725 9.303021551724138 6.99148172413793 7.2605387068965515 7.487645 8.421106896551725 8.51706224137931 7.350906379310345 6.661721982758621 6.727170642633229 8.328471379310345 8.400017586206896 6.589802586206897 6.702737882183909 6.741635862068965 6.439351551724138 8.545996551724139 7.576998103448277 7.8500868965517245 8.80402051724138 9.264028448275862 7.4835 8.024766408045977 11.298133678160921
700.0 700.0 700.0 698.0999999999999 695.25 691.4499999999999 684.7999999999998 687.6499999999999 690.4999999999999 692.4 694.3 692.3999999999999 689.55 686.6999999999999 686.7 674.3499999999999 687.65 680.9999999999999 681.0 681.9500000000002 687.65 693.3499999999999 690.4999999999998 687.6500000000001 687.6500000000001 673.3999999999999 687.65 680.9999999999999 687.6499999999999 684.8000000000001 691.4499999999999 696.2 698.1 700.0 696.2

H cap
15.75 5.25 89.25 -5.25 -8.75 96.25 96.25 96.25 68.25 -5.25 5.25 57.75 99.75 85.75 33.25 33.25 61.25 85.75 120.75 -8.75 -19.25 64.75 43.75 57.75 1.75 -1.75 85.75 131.25 131.25 131.25 131.25 131.25 131.25 131.25 131.25
40.5 40.5 48.0 38.0 42.5 52.5 52.5 52.5 47.5 38.5 38.5 45.5 50.5 52.5 42.5 42.5 52.5 50.5 50.5 39.5 39.5 50.5 44.0 33.5 32.0 39.5 47.5 52.5 52.5 52.5 52.5 52.5 52.5 52.5 52.5
52.5 49.0 52.5 49.0 56.0 63.0 59.5 59.5 56.0 45.5 49.0 59.5 63.0 56.0 45.5 49.0 56.0 56.0 59.5 52.5 49.0 56.0 56.0 49.0 45.5 45.5 52.5 63.0 63.0 63.0 63.0 63.0 63.0 63.0 63.0
19.75 -3.75 16.75 6.25 42.25 76.25 -5.25 -5.25 32.75 2.25 14.25 -4.25 -9.25 3.25 -3.25 28.75 -9.75 -7.75 76.25 22.25 14.75 -0.75 -0.25 22.25 0.75 22.75 51.25 78.75 78.75 78.75 78.75 78.75 78.75 78.75 78.75

Gap
NaN

Time
NaN

