T P M C
35 37 4 12

base obj
15.01758241758242

exp obj
19.36693681318682

Objective struct
15.01758241758242 1.375 31.040000000000003

num campaigns
99

x
0 0 0 0 0 1 0 0 0 0 0 0 1 0 0 0 0 0 1 0 0 1 0 1 0 0 1 0 0 1 0 0 0 0 0
0 0 0 0 1 0 0 0 0 0 1 0 0 0 0 0 0 0 0 0 0 0 0 0 0 0 0 0 0 0 0 0 0 0 0
0 0 0 0 0 0 0 0 0 0 0 1 0 0 0 0 0 0 0 0 0 0 1 1 0 0 0 0 0 0 0 0 0 0 0
0 0 0 0 0 1 0 0 0 0 1 0 0 1 0 1 0 0 0 0 0 0 0 0 0 2 0 0 0 0 0 0 0 0 0
0 0 0 0 0 0 1 3 0 0 0 2 0 0 0 0 0 1 0 1 0 0 1 0 0 0 0 0 0 0 0 0 0 0 0
0 0 0 0 0 0 0 0 0 0 0 1 0 0 0 0 0 1 0 0 0 0 0 0 1 0 0 1 0 0 0 0 0 0 0
0 0 0 0 0 0 0 1 0 0 0 1 0 1 0 0 0 0 0 0 0 0 0 0 0 2 1 0 0 0 0 0 0 0 0
0 0 0 0 0 0 0 0 1 1 0 0 0 0 0 0 0 0 0 0 0 0 0 0 0 0 0 0 0 0 0 0 0 0 0
0 0 0 0 0 0 0 0 0 0 0 0 0 0 1 0 0 0 0 0 0 0 0 0 0 0 0 0 0 0 0 0 0 0 0
0 0 0 0 0 0 0 0 0 0 0 0 0 0 0 0 0 0 0 0 0 0 0 0 0 0 0 0 0 0 0 0 0 0 0
0 0 0 0 1 0 0 0 0 0 0 0 0 0 0 0 0 0 0 0 0 0 0 0 0 0 0 0 1 1 0 0 0 0 0
0 0 0 0 0 0 1 0 0 0 0 0 0 0 0 0 0 0 0 0 0 0 0 0 0 0 0 0 1 0 0 0 0 0 0
0 0 0 0 0 0 0 0 0 0 0 0 0 0 0 0 0 0 0 0 0 0 0 0 0 0 0 0 0 0 0 0 0 0 0
0 0 0 0 0 0 1 2 1 0 0 0 0 0 0 0 0 0 0 0 0 0 0 0 0 0 0 0 0 0 0 0 0 0 0
0 0 0 0 0 0 0 0 0 1 0 0 0 1 0 0 0 0 0 0 0 0 0 0 0 0 0 0 0 0 0 0 0 0 0
0 0 0 0 0 0 0 0 0 0 0 0 0 0 0 0 1 0 0 0 0 0 0 0 0 0 0 0 0 0 0 0 0 0 0
0 0 0 0 0 0 0 0 0 0 0 0 0 0 0 0 0 0 0 0 0 1 0 0 1 0 1 0 0 0 0 0 0 0 0
0 0 0 0 0 0 0 0 0 0 0 0 0 0 0 0 0 0 0 0 0 0 0 1 0 0 1 0 0 0 0 0 0 0 0
0 0 0 0 0 0 0 0 0 0 0 0 0 0 0 0 0 0 0 0 0 0 0 0 0 0 0 0 0 0 0 0 0 0 0
0 0 0 0 0 0 0 0 0 0 1 0 0 0 0 0 0 0 0 0 0 0 0 0 0 0 0 0 0 0 0 0 0 0 0
0 0 0 0 0 0 1 0 0 0 0 1 0 0 1 0 1 1 0 0 0 1 0 0 0 0 0 0 0 0 0 0 0 0 0
0 0 0 0 0 0 0 0 0 0 0 0 0 0 0 0 0 0 0 0 0 0 0 0 0 0 0 0 0 1 0 0 0 0 0
0 0 0 0 0 0 0 0 0 0 0 0 0 0 1 1 0 0 0 0 0 0 0 0 0 0 0 0 0 0 0 0 0 0 0
0 0 0 0 0 0 0 0 0 0 0 0 1 0 0 0 1 0 1 0 0 0 1 0 0 1 0 0 0 0 0 0 0 0 0
0 0 0 0 1 0 0 0 0 0 0 0 0 0 0 0 0 0 0 1 1 0 0 0 0 0 0 0 0 0 0 0 0 0 0
0 0 0 0 0 0 0 0 0 0 0 0 0 0 1 0 0 0 0 0 0 1 0 1 0 0 0 1 0 0 0 0 0 0 0
0 0 0 0 1 0 0 0 0 0 0 0 0 0 0 0 0 1 0 0 0 0 0 0 0 0 0 0 0 0 0 0 0 0 0
0 0 0 0 0 0 1 0 0 0 0 0 0 0 0 0 0 0 0 0 0 0 0 0 0 0 0 0 0 0 0 0 0 0 0
0 0 0 0 0 0 0 0 0 0 0 0 0 0 0 0 0 0 0 0 0 0 0 0 0 0 0 0 0 0 0 0 0 0 0
0 0 0 0 0 0 0 0 0 0 0 0 0 0 0 1 0 2 0 0 0 0 1 2 1 0 0 6 0 0 0 0 0 0 0
0 0 0 0 0 0 0 0 0 0 0 0 0 0 0 0 0 0 0 0 0 0 0 0 0 0 0 4 0 0 0 0 0 0 0
0 0 0 0 0 0 0 0 0 0 0 0 0 0 0 0 0 0 0 0 0 0 0 0 0 0 0 0 0 0 0 0 0 0 0
0 0 0 0 0 0 0 0 0 0 0 0 0 0 0 0 0 0 0 0 0 0 0 0 0 0 0 0 0 0 0 0 0 0 0
0 0 0 0 0 0 0 0 0 0 0 0 0 0 0 0 0 0 0 0 0 0 0 0 0 0 0 0 0 0 0 0 0 0 0
0 0 0 0 0 0 0 0 0 0 0 0 0 0 0 0 0 0 0 0 0 0 0 0 0 0 0 0 0 0 0 0 0 0 0
0 0 0 0 0 0 0 0 0 0 0 0 0 0 0 0 0 0 0 0 0 0 0 0 0 0 0 0 0 0 0 0 0 0 0
0 0 0 0 0 0 0 0 0 0 0 0 0 0 0 0 0 0 0 0 0 0 0 0 0 0 0 0 0 0 0 0 0 0 0

y
0.0 1.0 0.0 0.0 0.0 0.0 0.0 0.0 0.0 0.0 0.0 0.0 0.0 0.0 0.0 0.0 0.0 0.0 0.0 0.0 0.0 0.0 0.0 0.0 0.0 0.0 6.75 0.0 0.0 0.0 0.0 0.0 0.0 0.0 0.0 0.0 0.0

k
0 4 4 0 0 2 0 0 0 15 0 0 6 2 2 0 0 0 13 0 0 2 0 0 0 0 3 0 11 13 22 26 52 26 26 26 3

f
0.0 0.0 0.0 0.0 0.0 10.5 13.650000000000004 0.0 4.200000000000012 0.0 7.350000000000003 0.0 0.0 0.0 0.0 0.0 0.0 0.0 0.0 0.0 0.0 0.0 13.650000000000013 0.0 0.0 0.0 0.0 0.0 0.0 0.0 0.0 0.0 0.0 0.0 0.0
0.0 0.0 0.0 0.0 0.0 0.0 0.0 0.0 0.0 0.0 0.0 0.0 0.0 0.0 0.0 0.0 0.0 0.0 0.0 0.0 0.0 0.0 0.0 0.0 0.0 0.0 0.0 0.0 0.0 0.0 0.0 0.0 0.0 0.0 0.0
0.0 0.0 0.0 0.0 0.0 0.0 0.0 0.0 0.0 0.0 0.0 0.0 0.0 0.0 0.0 0.0 0.0 0.0 0.0 0.0 0.0 0.0 0.0 0.0 0.0 0.0 0.0 0.0 0.0 0.0 0.0 0.0 0.0 0.0 0.0
0.0 1.7763568394002505e-15 0.0 0.0 0.0 0.0 0.0 0.0 5.329070518200751e-15 0.0 0.0 0.0 3.1086244689504383e-15 6.217248937900877e-15 0.0 3.552713678800501e-15 0.0 7.105427357601002e-15 0.0 0.0 0.0 0.0 0.0 0.0 0.0 30.60000000000001 19.35000000000001 0.0 0.0 0.0 0.0 0.0 0.0 0.0 0.0

L
2 6 1 0 0 3 0 1 0 0 1 22 0 0 4 0 2 3 0 0 1 0 1 2 1 2 13 0 0 0 0 0 0 0 0 0 0

g
0 0 0 0 0 0 0 0 0 0 0 0 0 0 0 0 0 0 0 0 0 0 0 0 0 0 0 0 0 0 0 0 0 0 0
0 0 0 0 0 0 0 0 0 0 0 0 0 0 0 0 0 0 0 0 0 0 0 0 0 0 0 0 0 0 0 0 0 0 0
0 0 0 0 0 0 0 0 0 0 0 0 0 0 0 0 0 0 0 0 0 0 0 0 0 0 0 0 0 0 0 0 0 0 0
0 0 0 0 0 0 0 0 0 0 0 0 0 0 0 0 0 0 0 0 0 0 0 0 0 1 0 0 0 0 0 0 0 0 0
0 0 0 0 0 0 0 2 0 0 0 1 0 0 0 0 0 0 0 0 0 0 0 0 0 0 0 0 0 0 0 0 0 0 0
0 0 0 0 0 0 0 0 0 0 0 0 0 0 0 0 0 0 0 0 0 0 0 0 0 0 0 0 0 0 0 0 0 0 0
0 0 0 0 0 0 0 0 0 0 0 0 0 0 0 0 0 0 0 0 0 0 0 0 0 1 0 0 0 0 0 0 0 0 0
0 0 0 0 0 0 0 0 0 0 0 0 0 0 0 0 0 0 0 0 0 0 0 0 0 0 0 0 0 0 0 0 0 0 0
0 0 0 0 0 0 0 0 0 0 0 0 0 0 0 0 0 0 0 0 0 0 0 0 0 0 0 0 0 0 0 0 0 0 0
0 0 0 0 0 0 0 0 0 0 0 0 0 0 0 0 0 0 0 0 0 0 0 0 0 0 0 0 0 0 0 0 0 0 0
0 0 0 0 0 0 0 0 0 0 0 0 0 0 0 0 0 0 0 0 0 0 0 0 0 0 0 0 0 0 0 0 0 0 0
0 0 0 0 0 0 0 0 0 0 0 0 0 0 0 0 0 0 0 0 0 0 0 0 0 0 0 0 0 0 0 0 0 0 0
0 0 0 0 0 0 0 0 0 0 0 0 0 0 0 0 0 0 0 0 0 0 0 0 0 0 0 0 0 0 0 0 0 0 0
0 0 0 0 0 0 0 1 0 0 0 0 0 0 0 0 0 0 0 0 0 0 0 0 0 0 0 0 0 0 0 0 0 0 0
0 0 0 0 0 0 0 0 0 0 0 0 0 0 0 0 0 0 0 0 0 0 0 0 0 0 0 0 0 0 0 0 0 0 0
0 0 0 0 0 0 0 0 0 0 0 0 0 0 0 0 0 0 0 0 0 0 0 0 0 0 0 0 0 0 0 0 0 0 0
0 0 0 0 0 0 0 0 0 0 0 0 0 0 0 0 0 0 0 0 0 0 0 0 0 0 0 0 0 0 0 0 0 0 0
0 0 0 0 0 0 0 0 0 0 0 0 0 0 0 0 0 0 0 0 0 0 0 0 0 0 0 0 0 0 0 0 0 0 0
0 0 0 0 0 0 0 0 0 0 0 0 0 0 0 0 0 0 0 0 0 0 0 0 0 0 0 0 0 0 0 0 0 0 0
0 0 0 0 0 0 0 0 0 0 0 0 0 0 0 0 0 0 0 0 0 0 0 0 0 0 0 0 0 0 0 0 0 0 0
0 0 0 0 0 0 0 0 0 0 0 0 0 0 0 0 0 0 0 0 0 0 0 0 0 0 0 0 0 0 0 0 0 0 0
0 0 0 0 0 0 0 0 0 0 0 0 0 0 0 0 0 0 0 0 0 0 0 0 0 0 0 0 0 0 0 0 0 0 0
0 0 0 0 0 0 0 0 0 0 0 0 0 0 0 0 0 0 0 0 0 0 0 0 0 0 0 0 0 0 0 0 0 0 0
0 0 0 0 0 0 0 0 0 0 0 0 0 0 0 0 0 0 0 0 0 0 0 0 0 0 0 0 0 0 0 0 0 0 0
0 0 0 0 0 0 0 0 0 0 0 0 0 0 0 0 0 0 0 0 0 0 0 0 0 0 0 0 0 0 0 0 0 0 0
0 0 0 0 0 0 0 0 0 0 0 0 0 0 0 0 0 0 0 0 0 0 0 0 0 0 0 0 0 0 0 0 0 0 0
0 0 0 0 0 0 0 0 0 0 0 0 0 0 0 0 0 0 0 0 0 0 0 0 0 0 0 0 0 0 0 0 0 0 0
0 0 0 0 0 0 0 0 0 0 0 0 0 0 0 0 0 0 0 0 0 0 0 0 0 0 0 0 0 0 0 0 0 0 0
0 0 0 0 0 0 0 0 0 0 0 0 0 0 0 0 0 0 0 0 0 0 0 0 0 0 0 0 0 0 0 0 0 0 0
0 0 0 0 0 0 0 0 0 0 0 0 0 0 0 0 0 1 0 0 0 0 0 1 0 0 0 5 0 0 0 0 0 0 0
0 0 0 0 0 0 0 0 0 0 0 0 0 0 0 0 0 0 0 0 0 0 0 0 0 0 0 3 0 0 0 0 0 0 0
0 0 0 0 0 0 0 0 0 0 0 0 0 0 0 0 0 0 0 0 0 0 0 0 0 0 0 0 0 0 0 0 0 0 0
0 0 0 0 0 0 0 0 0 0 0 0 0 0 0 0 0 0 0 0 0 0 0 0 0 0 0 0 0 0 0 0 0 0 0
0 0 0 0 0 0 0 0 0 0 0 0 0 0 0 0 0 0 0 0 0 0 0 0 0 0 0 0 0 0 0 0 0 0 0
0 0 0 0 0 0 0 0 0 0 0 0 0 0 0 0 0 0 0 0 0 0 0 0 0 0 0 0 0 0 0 0 0 0 0
0 0 0 0 0 0 0 0 0 0 0 0 0 0 0 0 0 0 0 0 0 0 0 0 0 0 0 0 0 0 0 0 0 0 0
0 0 0 0 0 0 0 0 0 0 0 0 0 0 0 0 0 0 0 0 0 0 0 0 0 0 0 0 0 0 0 0 0 0 0

I cap
1058.909090909091 1058.909090909091 1058.909090909091 929.349090909091 991.44 835.06 920.96 775.28 514.34 737.3199999999999 565.54 332.05999999999995 506.2199999999999 374.65999999999997 743.0 553.649090909091 685.1690909090911 618.649090909091 731.2290909090909 607.049090909091 748.5490909090911 556.849090909091 613.509090909091 396.009090909091 299.32909090909106 148.60909090909112 722.5890909090909 541.049090909091 668.3290909090911 659.549090909091 877.2290909090909 969.349090909091 976.349090909091 1058.909090909091 672.0
107.96969696969697 107.96969696969697 107.96969696969697 104.52969696969697 96.56 72.94 10.04 5.7200000000000015 1.2599999999999987 45.28 29.260000000000005 20.940000000000005 57.78 43.34 73.0 66.22969696969697 85.70969696969698 84.22969696969697 97.64969696969696 94.82969696969697 99.32969696969697 89.02969696969697 86.36969696969697 69.86969696969697 65.54969696969698 33.26969696969697 90.28969696969696 84.82969696969697 16.549696969696974 11.329696969696968 21.649696969696965 76.52969696969697 104.52969696969697 107.96969696969697 84.0
38.96666666666666 38.96666666666666 38.96666666666666 38.96666666666666 44.099999999999994 42.0 26.633333333333333 23.833333333333336 0.30000000000000604 14.26666666666667 14.666666666666664 14.733333333333336 9.833333333333334 21.733333333333334 16.833333333333336 24.299999999999997 9.633333333333331 9.633333333333331 9.633333333333331 24.299999999999997 38.96666666666666 24.299999999999997 11.624999999999995 11.624999999999995 26.29166666666666 13.61666666666666 26.29166666666666 26.29166666666666 26.29166666666666 38.96666666666666 38.96666666666666 38.96666666666666 38.96666666666666 38.96666666666666 23.8
45.24545454545453 45.24545454545453 45.24545454545453 43.77545454545452 33.37 37.51999999999999 37.39999999999999 41.43 36.809999999999995 40.599999999999994 37.029999999999994 27.419999999999998 27.709999999999997 24.429999999999993 20.980000000000004 33.70545454545452 31.035454545454524 28.95545454545452 40.725454545454525 40.09545454545452 42.70545454545452 37.19545454545452 22.57545454545452 18.37545454545452 27.085454545454514 33.35545454545452 6.795454545454521 4.235454545454519 41.05545454545452 41.29545454545452 41.92545454545452 44.615454545454526 44.615454545454526 45.24545454545453 42.0
20.999999999999993 20.999999999999993 20.999999999999993 20.789999999999992 14.49 21.119999999999997 20.130000000000003 21.150000000000002 18.169999999999998 18.86 19.93 18.429999999999996 18.25 18.900000000000002 18.619999999999997 17.75999999999999 19.84999999999999 18.809999999999988 20.07999999999999 19.86999999999999 19.93999999999999 19.94999999999999 16.779999999999987 13.419999999999993 12.62999999999999 12.459999999999992 17.769999999999982 4.489999999999981 7.2799999999999905 7.38999999999999 19.59999999999999 20.789999999999992 20.789999999999992 20.999999999999993 21.0
345.75757575757575 345.75757575757575 345.75757575757575 334.62757575757576 240.26 258.19 292.79 283.81 304.81 297.66 272.96 260.35 292.95000000000005 299.51 304.81 281.96757575757573 279.36757575757576 293.76757575757574 296.93757575757576 315.44757575757575 337.77757575757573 306.6075757575757 264.1775757575757 280.7875757575757 289.9975757575757 252.3075757575757 271.5475757575757 271.5475757575757 298.7275757575757 336.44757575757575 340.43757575757576 341.76757575757574 341.76757575757574 345.75757575757575 245.0
779.7575757575758 779.7575757575758 779.7575757575758 733.3475757575758 622.44 673.37 780.83 762.46 841.6 818.55 723.95 674.0500000000001 716.46 697.4799999999999 776.5600000000001 645.3975757575759 687.2175757575757 659.7375757575758 680.2475757575758 684.6875757575758 721.4575757575758 713.1375757575759 650.8975757575757 603.1375757575759 539.9075757575757 534.9875757575757 674.0075757575759 617.0475757575757 669.1675757575758 697.0475757575757 711.9575757575757 764.8475757575758 764.8475757575758 779.7575757575758 630.0
80.73333333333335 80.73333333333335 80.73333333333335 80.10333333333335 68.67 87.66000000000001 79.35 85.13 83.49 91.17999999999999 79.89 83.55999999999999 93.68 90.04999999999998 83.53 75.36333333333336 76.78333333333335 75.50333333333334 78.29333333333335 77.66333333333336 77.87333333333336 77.93333333333335 75.15333333333334 72.63333333333334 70.20333333333335 72.26333333333336 73.46333333333334 70.26333333333334 74.90333333333336 75.50333333333336 76.13333333333335 80.10333333333335 80.10333333333335 80.73333333333335 48.300000000000004
10.775757575757575 10.775757575757575 10.775757575757575 9.515757575757576 5.25 4.490000000000001 2.7399999999999993 3.369999999999999 3.7700000000000014 0.7099999999999989 3.3200000000000003 0.7300000000000002 2.000000000000001 5.07 7.569999999999999 1.5457575757575759 0.3657575757575753 3.1257575757575755 2.8257575757575752 5.975757575757576 10.775757575757575 6.545757575757575 0.1557575757575762 4.385757575757576 6.545757575757575 0.1557575757575762 0.15575757575757532 0.1557575757575762 4.385757575757576 10.775757575757575 10.775757575757575 10.775757575757575 10.775757575757575 10.775757575757575 8.4
2.545454545454545 2.545454545454545 2.545454545454545 0.6554545454545451 1.42 0.04999999999999993 0.45999999999999996 0.7500000000000002 1.45 0.8400000000000001 1.42 0.2599999999999999 0.04999999999999993 0.3600000000000002 0.03000000000000025 1.0754545454545452 1.195454545454545 1.915454545454545 1.7054545454545451 1.0754545454545452 1.2854545454545452 0.4454545454545452 1.0754545454545452 1.0754545454545452 0.4454545454545452 1.2854545454545452 1.0754545454545452 1.0754545454545452 0.2954545454545452 0.35545454545454525 0.9854545454545451 1.915454545454545 1.915454545454545 2.545454545454545 2.8000000000000003
8.515433299825174 8.515433299825174 8.515433299825174 8.515433299825174 6.550398333333332 6.6603598275862055 6.043420431034481 7.21110068965517 9.174020517241376 7.729271293103446 9.112878965517238 8.065893275862068 7.880866379310344 6.407257586206894 6.58583816243194 7.26993175136116 7.3298092558983665 7.180945916515425 6.294268275862068 6.6013769827586195 6.684067194357366 7.091357041742287 6.123248076225043 4.634072096188746 6.309162728372655 6.0056013793103435 3.042527595281305 6.6893722323048985 8.21768775862069 7.450086896551724 8.743675689655172 8.384718103448275 7.811086206896552 8.024766408045977 11.625719885057473
700.0 700.0 700.0 699.0 689.0 688.0 681.0 680.0 676.0 679.0 684.0 681.0 680.0 682.0 678.0 680.0 675.0 681.0 684.0 685.0 682.0 677.0 675.0 679.0 684.0 681.0 682.0 686.0 685.0 681.0 688.0 687.0 694.0 697.0 687.0

H cap
65.1 8.399999999999993 14.69999999999999 33.59999999999998 46.19999999999999 -10.5 -13.650000000000004 2.0999999999999837 -4.200000000000012 8.399999999999993 -7.350000000000003 17.849999999999994 39.89999999999999 14.69999999999999 8.399999999999993 55.64999999999999 102.89999999999999 55.64999999999999 36.749999999999986 14.69999999999999 2.099999999999996 43.04999999999998 -13.650000000000013 2.099999999999996 80.85 24.14999999999999 43.05 131.25 131.25 131.25 131.25 131.25 131.25 131.25 131.25
45.3 38.55 37.650000000000006 28.200000000000006 27.3 34.5 38.55 38.10000000000001 38.55000000000001 39.45 41.25 44.849999999999994 44.849999999999994 38.099999999999994 36.3 46.2 50.7 43.5 36.75 33.599999999999994 31.349999999999998 35.400000000000006 33.60000000000001 12.900000000000006 20.099999999999998 42.60000000000001 46.2 52.5 52.5 52.5 52.5 52.5 52.5 52.5 52.5
53.550000000000004 47.25000000000001 53.550000000000004 50.400000000000006 50.400000000000006 53.550000000000004 47.25000000000001 44.10000000000001 47.25000000000001 50.400000000000006 47.25000000000001 47.25000000000001 50.400000000000006 50.400000000000006 50.400000000000006 53.550000000000004 59.85 53.550000000000004 44.10000000000001 40.95000000000001 47.25000000000001 50.400000000000006 44.10000000000001 50.400000000000006 56.7 50.400000000000006 53.550000000000004 63.0 63.0 63.0 63.0 63.0 63.0 63.0 63.0
24.75 -1.7763568394002505e-15 19.8 0.899999999999995 6.75 9.450000000000003 17.550000000000004 21.15 -5.329070518200751e-15 1.3499999999999965 1.7999999999999945 3.1499999999999955 -3.1086244689504383e-15 -6.217248937900877e-15 2.6999999999999935 -3.552713678800501e-15 6.299999999999997 -7.105427357601002e-15 0.4499999999999953 3.1500000000000017 0.44999999999999796 9.449999999999987 4.949999999999994 4.440892098500626e-16 30.599999999999987 -30.60000000000001 -19.35000000000001 78.75 78.75 78.75 78.75 78.75 78.75 78.75 78.75

Gap
NaN

Time
NaN

