timeperiod P M C T
52 37 4 12 62

L_lower L_upper L_zero Q_lower Q_upper
-2 5 3 -4 -3

start stop
5 57

P_bar
1 8

S 
13 12 13 11 17 12 12 4 2 29 5 4 12 11 7 1 6 3 25 2 12 6 4 10 6 8 10 2 21 52 52 52 104 52 52 52 6

w
52.5 35.0 10.5 10.5 10.5 35.0 10.5 52.5 35.0 10.5 10.5 10.5 0.0 0.0 52.5 35.0 10.5 35.0 10.5 10.5 10.5 35.0 35.0 10.5 10.5 0.0 17.5 35.0 10.5 0.0 0.0 0.0 0.0 0.0 0.0 0.0 0.0
5.0 3.0 2.5 2.5 2.0 2.0 2.0 5.0 3.0 5.0 2.0 2.0 5.0 5.0 5.0 3.0 5.0 0.0 0.0 0.0 0.0 0.0 0.0 0.0 0.0 0.0 3.0 0.0 5.0 3.0 3.0 3.0 3.0 3.0 3.0 3.0 5.0
3.5 3.5 3.5 3.5 3.5 0.0 0.0 3.5 3.5 3.5 3.5 0.0 3.5 0.0 3.5 3.5 3.5 3.5 3.5 3.5 0.0 3.5 3.5 3.5 0.0 3.5 3.5 0.0 3.5 0.0 0.0 0.0 0.0 0.0 0.0 0.0 3.5
22.5 10.0 11.0 5.0 2.5 21.5 1.0 11.5 6.0 9.5 2.5 10.0 12.5 20.0 34.0 22.5 18.5 4.5 2.5 7.5 3.0 84.0 32.0 23.5 39.0 4.5 8.5 2.5 18.5 1.5 1.5 1.5 1.5 1.5 1.5 1.5 31.5

H
131.25 131.25 131.25 131.25 131.25 131.25 131.25 131.25 131.25 131.25 131.25 131.25 131.25 131.25 131.25 131.25 131.25 131.25 131.25 131.25 131.25 131.25 131.25 131.25 131.25 131.25 131.25 131.25 131.25 131.25 131.25 131.25 131.25 131.25 131.25 131.25 131.25 131.25 131.25 131.25 131.25 131.25 131.25 131.25 131.25 131.25 131.25 131.25 131.25 131.25 131.25 131.25 131.25 131.25 131.25 131.25 131.25 131.25 131.25 131.25 131.25 131.25
52.5 52.5 52.5 52.5 52.5 52.5 52.5 52.5 52.5 52.5 52.5 52.5 52.5 52.5 52.5 52.5 52.5 52.5 52.5 52.5 52.5 52.5 52.5 52.5 52.5 52.5 52.5 52.5 52.5 52.5 52.5 52.5 52.5 52.5 52.5 52.5 52.5 52.5 52.5 52.5 52.5 52.5 52.5 52.5 52.5 52.5 52.5 52.5 52.5 52.5 52.5 52.5 52.5 52.5 52.5 52.5 52.5 52.5 52.5 52.5 52.5 52.5
63.0 63.0 63.0 63.0 63.0 63.0 63.0 63.0 63.0 63.0 63.0 63.0 63.0 63.0 63.0 63.0 63.0 63.0 63.0 63.0 63.0 63.0 63.0 63.0 63.0 63.0 63.0 63.0 63.0 63.0 63.0 63.0 63.0 63.0 63.0 63.0 63.0 63.0 63.0 63.0 63.0 63.0 63.0 63.0 63.0 63.0 63.0 63.0 63.0 63.0 63.0 63.0 63.0 63.0 63.0 63.0 63.0 63.0 63.0 63.0 63.0 63.0
78.75 78.75 78.75 78.75 78.75 78.75 78.75 78.75 78.75 78.75 78.75 78.75 78.75 78.75 78.75 78.75 78.75 78.75 78.75 78.75 78.75 78.75 78.75 78.75 78.75 78.75 78.75 78.75 78.75 78.75 78.75 78.75 78.75 78.75 78.75 78.75 78.75 78.75 78.75 78.75 78.75 78.75 78.75 78.75 78.75 78.75 78.75 78.75 78.75 78.75 78.75 78.75 78.75 78.75 78.75 78.75 78.75 78.75 78.75 78.75 78.75 78.75

I
1069.1470588235295 1069.1470588235295 1069.1470588235295 1069.1470588235295 1316.0 1211.0 1316.0 1386.0 1064.0 1134.0 1071.0 1050.0 1071.0 1092.0 1134.0 1069.1470588235295 1069.1470588235295 1069.1470588235295 1069.1470588235295 1069.1470588235295 1069.1470588235295 1069.1470588235295 1069.1470588235295 1069.1470588235295 1069.1470588235295 1069.1470588235295 1069.1470588235295 1069.1470588235295 1069.1470588235295 1069.1470588235295 1069.1470588235295 1069.1470588235295 1069.1470588235295 1069.1470588235295 672.0 714.0 798.0 889.0 966.0 966.0 903.0 938.0 959.0 959.0 994.0 945.0 1050.0 1134.0 1085.0 1078.0 1008.0 1015.0 1113.0 1197.0 1309.0 1407.0 1407.0 1069.1470588235295 1069.1470588235295 1069.1470588235295 1069.1470588235295 1069.1470588235295
108.08823529411765 108.08823529411765 108.08823529411765 108.08823529411765 133.0 126.0 133.0 119.0 119.0 133.0 126.0 119.0 112.0 98.0 119.0 108.08823529411765 108.08823529411765 108.08823529411765 108.08823529411765 108.08823529411765 108.08823529411765 108.08823529411765 108.08823529411765 108.08823529411765 108.08823529411765 108.08823529411765 108.08823529411765 108.08823529411765 108.08823529411765 108.08823529411765 108.08823529411765 108.08823529411765 108.08823529411765 108.08823529411765 84.0 91.0 91.0 91.0 84.0 91.0 112.0 98.0 98.0 112.0 112.0 98.0 98.0 112.0 112.0 112.0 112.0 112.0 98.0 98.0 98.0 112.0 112.0 108.08823529411765 108.08823529411765 108.08823529411765 108.08823529411765 108.08823529411765
39.405882352941184 39.405882352941184 39.405882352941184 39.405882352941184 44.099999999999994 42.0 41.3 38.5 39.900000000000006 39.2 30.799999999999997 29.400000000000002 24.5 36.4 31.5 39.405882352941184 39.405882352941184 39.405882352941184 39.405882352941184 39.405882352941184 39.405882352941184 39.405882352941184 39.405882352941184 39.405882352941184 39.405882352941184 39.405882352941184 39.405882352941184 39.405882352941184 39.405882352941184 39.405882352941184 39.405882352941184 39.405882352941184 39.405882352941184 39.405882352941184 23.8 18.9 18.2 23.1 27.299999999999997 30.799999999999997 37.8 39.900000000000006 46.900000000000006 46.2 43.400000000000006 41.3 45.5 51.099999999999994 44.8 46.2 49.0 49.0 52.5 49.0 51.099999999999994 52.5 53.900000000000006 39.405882352941184 39.405882352941184 39.405882352941184 39.405882352941184 39.405882352941184
45.35588235294117 45.35588235294117 45.35588235294117 45.35588235294117 35.7 44.099999999999994 44.099999999999994 46.2 42.0 44.8 44.099999999999994 37.1 35.7 35.0 32.2 45.35588235294117 45.35588235294117 45.35588235294117 45.35588235294117 45.35588235294117 45.35588235294117 45.35588235294117 45.35588235294117 45.35588235294117 45.35588235294117 45.35588235294117 45.35588235294117 45.35588235294117 45.35588235294117 45.35588235294117 45.35588235294117 45.35588235294117 45.35588235294117 45.35588235294117 42.0 37.8 37.8 37.8 42.7 56.0 42.7 48.3 53.900000000000006 48.3 48.3 48.3 44.099999999999994 44.099999999999994 44.099999999999994 51.8 56.0 56.0 58.099999999999994 56.0 49.0 49.0 49.0 45.35588235294117 45.35588235294117 45.35588235294117 45.35588235294117 45.35588235294117
20.97941176470588 20.97941176470588 20.97941176470588 20.97941176470588 14.700000000000001 23.799999999999997 21.700000000000003 23.1 20.299999999999997 20.299999999999997 23.799999999999997 23.799999999999997 23.1 25.200000000000003 20.3 20.97941176470588 20.97941176470588 20.97941176470588 20.97941176470588 20.97941176470588 20.97941176470588 20.97941176470588 20.97941176470588 20.97941176470588 20.97941176470588 20.97941176470588 20.97941176470588 20.97941176470588 20.97941176470588 20.97941176470588 20.97941176470588 20.97941176470588 20.97941176470588 20.97941176470588 21.0 23.799999999999997 20.299999999999997 20.299999999999997 20.299999999999997 18.9 14.700000000000001 21.0 20.299999999999997 23.799999999999997 21.0 20.299999999999997 20.299999999999997 21.700000000000003 23.799999999999997 20.299999999999997 20.299999999999997 21.0 20.299999999999997 18.9 20.299999999999997 20.299999999999997 20.299999999999997 20.97941176470588 20.97941176470588 20.97941176470588 20.97941176470588 20.97941176470588
347.11764705882354 347.11764705882354 347.11764705882354 347.11764705882354 259.0 294.0 322.0 301.0 322.0 322.0 301.0 301.0 336.0 336.0 322.0 347.11764705882354 347.11764705882354 347.11764705882354 347.11764705882354 347.11764705882354 347.11764705882354 347.11764705882354 347.11764705882354 347.11764705882354 347.11764705882354 347.11764705882354 347.11764705882354 347.11764705882354 347.11764705882354 347.11764705882354 347.11764705882354 347.11764705882354 347.11764705882354 347.11764705882354 245.0 294.0 308.0 322.0 329.0 329.0 315.0 392.0 378.0 364.0 378.0 350.0 364.0 378.0 420.0 420.0 399.0 385.0 392.0 420.0 427.0 385.0 392.0 347.11764705882354 347.11764705882354 347.11764705882354 347.11764705882354 347.11764705882354
777.6176470588235 777.6176470588235 777.6176470588235 777.6176470588235 672.0 784.0 889.0 847.0 931.0 910.0 854.0 875.0 889.0 889.0 875.0 777.6176470588235 777.6176470588235 777.6176470588235 777.6176470588235 777.6176470588235 777.6176470588235 777.6176470588235 777.6176470588235 777.6176470588235 777.6176470588235 777.6176470588235 777.6176470588235 777.6176470588235 777.6176470588235 777.6176470588235 777.6176470588235 777.6176470588235 777.6176470588235 777.6176470588235 630.0 749.0 819.0 854.0 784.0 707.0 707.0 770.0 791.0 721.0 707.0 700.0 707.0 721.0 735.0 714.0 770.0 749.0 742.0 777.0 784.0 679.0 707.0 777.6176470588235 777.6176470588235 777.6176470588235 777.6176470588235 777.6176470588235
80.27352941176471 80.27352941176471 80.27352941176471 80.27352941176471 69.3 90.30000000000001 84.0 89.6 88.19999999999999 93.1 84.0 91.0 99.4 98.69999999999999 90.3 80.27352941176471 80.27352941176471 80.27352941176471 80.27352941176471 80.27352941176471 80.27352941176471 80.27352941176471 80.27352941176471 80.27352941176471 80.27352941176471 80.27352941176471 80.27352941176471 80.27352941176471 80.27352941176471 80.27352941176471 80.27352941176471 80.27352941176471 80.27352941176471 80.27352941176471 48.300000000000004 70.0 78.4 76.30000000000001 76.30000000000001 79.80000000000001 79.1 81.9 83.30000000000001 88.19999999999999 90.30000000000001 93.1 86.80000000000001 81.9 77.69999999999999 76.30000000000001 76.30000000000001 72.1 69.3 67.9 67.9 65.1 65.1 80.27352941176471 80.27352941176471 80.27352941176471 80.27352941176471 80.27352941176471
10.788235294117648 10.788235294117648 10.788235294117648 10.788235294117648 8.4 9.8 9.1 9.1 9.8 9.1 9.8 10.5 10.5 9.8 11.2 10.788235294117648 10.788235294117648 10.788235294117648 10.788235294117648 10.788235294117648 10.788235294117648 10.788235294117648 10.788235294117648 10.788235294117648 10.788235294117648 10.788235294117648 10.788235294117648 10.788235294117648 10.788235294117648 10.788235294117648 10.788235294117648 10.788235294117648 10.788235294117648 10.788235294117648 8.4 7.0 6.300000000000001 8.4 7.699999999999999 9.8 10.5 9.8 13.3 14.0 14.700000000000001 13.3 13.3 14.0 13.3 11.899999999999999 11.899999999999999 13.3 13.3 11.899999999999999 11.2 11.2 11.2 10.788235294117648 10.788235294117648 10.788235294117648 10.788235294117648 10.788235294117648
2.552941176470588 2.552941176470588 2.552941176470588 2.552941176470588 2.8 1.4 2.8 2.1 2.8 2.1 2.8 1.4 1.4 2.1 2.1 2.552941176470588 2.552941176470588 2.552941176470588 2.552941176470588 2.552941176470588 2.552941176470588 2.552941176470588 2.552941176470588 2.552941176470588 2.552941176470588 2.552941176470588 2.552941176470588 2.552941176470588 2.552941176470588 2.552941176470588 2.552941176470588 2.552941176470588 2.552941176470588 2.552941176470588 2.8000000000000003 2.8 2.8 2.1 2.8 1.4 2.8 2.1 2.8 1.4 2.1 2.8 2.1 4.2 2.8 2.8 4.2 2.8 2.8 4.2 2.8 2.8 2.8 2.552941176470588 2.552941176470588 2.552941176470588 2.552941176470588 2.552941176470588
8.466732771830209 8.466732771830209 8.466732771830209 8.466732771830209 7.257295057471263 8.224153103448275 7.957213879310345 9.107652586206896 10.898158620689653 9.79134025862069 10.502534310344826 10.148651896551725 9.789487068965517 8.296912758620689 8.891918017241379 8.627645 8.745417241379311 8.51706224137931 7.8373718965517245 7.808273706896552 7.546136159874608 8.656057586206897 8.727603793103448 8.059026724137931 7.842738045977012 7.557325517241379 7.111765344827586 9.511513793103449 9.424584310344828 8.996638620689655 9.95057224137931 9.591614655172414 7.811086206896552 8.024766408045977 11.625719885057473 12.735295172413792 7.506785172413793 8.652446896551725 7.907583275862069 7.697670517241379 7.298581034482758 7.3964303448275865 7.319079137931034 7.599483448275862 7.496564137931035 7.667958103448276 6.675897586206896 7.165412586206896 7.145064137931034 7.2107406896551725 8.791512931034482 8.075853448275861 8.820270689655173 8.82741724137931 10.157948103448275 7.8163 5.934305316091953 8.466732771830209 8.466732771830209 8.466732771830209 8.466732771830209 8.466732771830209
700.0 700.0 700.0 700.0 700.0 700.0 700.0 700.0 700.0 700.0 700.0 700.0 700.0 700.0 700.0 700.0 700.0 700.0 700.0 700.0 700.0 700.0 700.0 700.0 700.0 700.0 700.0 700.0 700.0 700.0 700.0 700.0 700.0 700.0 700.0 700.0 700.0 700.0 700.0 700.0 700.0 700.0 700.0 700.0 700.0 700.0 700.0 700.0 700.0 700.0 700.0 700.0 700.0 700.0 700.0 700.0 700.0 700.0 700.0 700.0 700.0 700.0

u
82.56 82.56 109.44 109.44 82.56 82.56 0.0 0.0
0.0 47.0 110.0 30.0 30.0 0.0 0.0 0.0
0.0 0.0 63.9 85.5 81.9 0.0 0.0 0.0
0.0 0.0 162.0 0.0 0.0 0.0 0.0 0.0
0.0 0.0 54.0 53.0 53.0 0.0 0.0 0.0
0.0 0.0 141.12 63.36 63.36 42.24 0.0 0.0
0.0 0.0 80.96 0.0 0.0 0.0 0.0 0.0
37.0 37.0 49.0 37.0 37.0 35.0 0.0 0.0
0.0 17.4 48.0 17.4 15.0 13.2 0.0 0.0
0.0 0.0 37.8 43.8 0.0 0.0 0.0 0.0
0.0 0.0 7.0 7.0 7.0 0.0 0.0 0.0
0.0 0.0 31.6 16.0 16.0 0.0 0.0 0.0
0.0 0.0 50.4 67.2 50.4 0.0 0.0 0.0
0.0 0.0 0.0 0.0 0.0 0.0 0.0 0.0
63.7 63.7 84.28 63.7 63.7 59.78 0.0 0.0
0.0 44.1 78.4 30.38 30.38 0.0 0.0 0.0
0.0 0.0 0.0 0.0 0.0 0.0 0.0 0.0
0.0 0.0 0.0 0.0 0.0 0.0 0.0 0.0
0.0 0.0 0.0 0.0 0.0 0.0 0.0 0.0
20.4 20.4 13.2 0.0 0.0 0.0 0.0 0.0
0.0 0.0 12.0 12.0 12.0 0.0 0.0 0.0
0.0 0.0 0.0 0.0 0.0 0.0 0.0 0.0
0.0 0.0 0.0 0.0 0.0 0.0 0.0 0.0
0.0 0.0 0.0 0.0 0.0 0.0 0.0 0.0
0.0 0.0 30.0 20.0 0.0 0.0 0.0 0.0
0.0 0.0 142.5 123.5 114.0 0.0 0.0 0.0
0.0 0.0 95.0 47.5 47.5 0.0 0.0 0.0
0.0 0.0 66.5 66.5 57.0 0.0 0.0 0.0
0.0 0.0 0.0 0.0 0.0 0.0 0.0 0.0
0.0 0.0 0.0 0.0 0.0 0.0 0.0 0.0
0.0 0.0 0.0 0.0 0.0 0.0 0.0 0.0
0.0 0.0 0.0 0.0 0.0 0.0 0.0 0.0
0.0 0.0 0.0 0.0 0.0 0.0 0.0 0.0
0.0 0.0 0.0 0.0 0.0 0.0 0.0 0.0
0.0 0.0 0.0 0.0 0.0 0.0 0.0 0.0
0.0 0.0 0.0 0.0 0.0 0.0 0.0 0.0
0.0 0.0 106.3 106.3 106.3 0.0 0.0 0.0
3.44 3.44 4.56 4.56 3.44 3.44 0.0 0.0
0.0 0.0 0.0 0.0 0.0 0.0 0.0 0.0
0.0 0.0 7.1 9.5 9.1 0.0 0.0 0.0
0.0 0.0 18.0 0.0 0.0 0.0 0.0 0.0
0.0 0.0 0.0 0.0 0.0 0.0 0.0 0.0
0.0 0.0 5.88 2.64 2.64 1.76 0.0 0.0
0.0 0.0 7.04 0.0 0.0 0.0 0.0 0.0
37.0 37.0 49.0 37.0 37.0 35.0 0.0 0.0
0.0 11.6 32.0 11.6 10.0 8.8 0.0 0.0
0.0 0.0 25.2 29.2 0.0 0.0 0.0 0.0
0.0 0.0 28.0 28.0 28.0 0.0 0.0 0.0
0.0 0.0 47.4 24.0 24.0 0.0 0.0 0.0
0.0 0.0 21.6 28.8 21.6 0.0 0.0 0.0
0.0 0.0 0.0 0.0 0.0 0.0 0.0 0.0
1.3 1.3 1.72 1.3 1.3 1.22 0.0 0.0
0.0 0.9 1.6 0.62 0.62 0.0 0.0 0.0
0.0 0.0 0.0 0.0 0.0 0.0 0.0 0.0
0.0 0.0 0.0 0.0 0.0 0.0 0.0 0.0
0.0 0.0 0.0 0.0 0.0 0.0 0.0 0.0
0.0 0.0 0.0 0.0 0.0 0.0 0.0 0.0
0.0 0.0 0.0 0.0 0.0 0.0 0.0 0.0
0.0 0.0 0.0 0.0 0.0 0.0 0.0 0.0
0.0 0.0 0.0 0.0 0.0 0.0 0.0 0.0
0.0 0.0 0.0 0.0 0.0 0.0 0.0 0.0
0.0 0.0 0.0 0.0 0.0 0.0 0.0 0.0
0.0 0.0 7.5 6.5 6.0 0.0 0.0 0.0
0.0 0.0 5.0 2.5 2.5 0.0 0.0 0.0
0.0 0.0 3.5 3.5 3.0 0.0 0.0 0.0
0.0 0.0 0.0 0.0 0.0 0.0 0.0 0.0
0.0 0.0 0.0 0.0 0.0 0.0 0.0 0.0
0.0 0.0 0.0 0.0 0.0 0.0 0.0 0.0
0.0 0.0 0.0 0.0 0.0 0.0 0.0 0.0
0.0 0.0 0.0 0.0 0.0 0.0 0.0 0.0
0.0 0.0 0.0 0.0 0.0 0.0 0.0 0.0
0.0 0.0 0.0 0.0 0.0 0.0 0.0 0.0
0.0 0.0 0.0 0.0 0.0 0.0 0.0 0.0
0.0 0.0 18.8 18.8 18.8 0.0 0.0 0.0
0.0 0.0 0.0 0.0 0.0 0.0 0.0 0.0
0.0 0.0 0.0 0.0 0.0 0.0 0.0 0.0
0.0 0.0 0.0 0.0 0.0 0.0 0.0 0.0
0.0 0.0 0.0 0.0 0.0 0.0 0.0 0.0
0.0 0.0 0.0 0.0 0.0 0.0 0.0 0.0
0.0 0.0 0.0 0.0 0.0 0.0 0.0 0.0
0.0 0.0 0.0 0.0 0.0 0.0 0.0 0.0
0.0 0.0 0.0 0.0 0.0 0.0 0.0 0.0
0.0 0.0 0.0 0.0 0.0 0.0 0.0 0.0
0.0 0.0 0.0 0.0 0.0 0.0 0.0 0.0
0.0 0.0 0.0 0.0 0.0 0.0 0.0 0.0
0.0 0.0 0.0 0.0 0.0 0.0 0.0 0.0
0.0 0.0 0.0 0.0 0.0 0.0 0.0 0.0
0.0 0.0 0.0 0.0 0.0 0.0 0.0 0.0
0.0 0.0 0.0 0.0 0.0 0.0 0.0 0.0
0.0 0.0 0.0 0.0 0.0 0.0 0.0 0.0
0.0 0.0 0.0 0.0 0.0 0.0 0.0 0.0
0.0 12.675 12.675 12.675 12.675 0.0 0.0 0.0
0.0 0.0 7.0 7.0 7.0 0.0 0.0 0.0
24.933333333333334 24.933333333333334 16.133333333333333 0.0 0.0 0.0 0.0 0.0
0.0 0.0 14.666666666666666 14.666666666666666 14.666666666666666 0.0 0.0 0.0
0.0 0.0 0.0 0.0 0.0 0.0 0.0 0.0
0.0 0.0 0.0 0.0 0.0 0.0 0.0 0.0
0.0 0.0 0.0 0.0 0.0 0.0 0.0 0.0
0.0 0.0 0.0 0.0 0.0 0.0 0.0 0.0
0.0 0.0 0.0 0.0 0.0 0.0 0.0 0.0
0.0 0.0 0.0 0.0 0.0 0.0 0.0 0.0
0.0 0.0 0.0 0.0 0.0 0.0 0.0 0.0
0.0 0.0 0.0 0.0 0.0 0.0 0.0 0.0
0.0 0.0 0.0 0.0 0.0 0.0 0.0 0.0
0.0 0.0 0.0 0.0 0.0 0.0 0.0 0.0
0.0 0.0 0.0 0.0 0.0 0.0 0.0 0.0
0.0 0.0 0.0 0.0 0.0 0.0 0.0 0.0
0.0 0.0 0.0 0.0 0.0 0.0 0.0 0.0
0.0 0.0 0.0 0.0 0.0 0.0 0.0 0.0
0.0 0.0 0.0 0.0 0.0 0.0 0.0 0.0
0.0 0.0 0.0 0.0 0.0 0.0 0.0 0.0
0.63 0.63 0.84 0.84 0.63 0.63 0.0 0.0
0.0 0.84 0.5 0.34 0.34 0.0 0.0 0.0
0.0 0.0 3.35 4.2 3.35 0.0 0.0 0.0
0.0 0.0 3.0 0.0 0.0 0.0 0.0 0.0
0.0 0.0 0.0 0.0 0.0 0.0 0.0 0.0
0.0 0.0 2.56 1.28 1.28 1.28 0.0 0.0
0.0 0.0 0.0 0.0 0.0 0.0 0.0 0.0
1.47 1.47 1.89 1.47 1.47 1.33 0.0 0.0
0.0 2.1 3.36 1.96 1.68 0.0 0.0 0.0
0.0 0.0 2.97 3.87 0.0 0.0 0.0 0.0
0.0 0.0 0.0 0.0 0.0 0.0 0.0 0.0
0.0 0.0 1.65 1.2 1.2 0.0 0.0 0.0
0.0 0.0 0.37 0.5 0.37 0.0 0.0 0.0
0.0 0.0 0.0 0.0 0.0 0.0 0.0 0.0
0.0 0.0 0.0 0.0 0.0 0.0 0.0 0.0
0.0 0.0 0.0 0.0 0.0 0.0 0.0 0.0
0.0 0.0 0.0 0.0 0.0 0.0 0.0 0.0
0.0 0.0 0.0 0.0 0.0 0.0 0.0 0.0
0.0 0.0 0.0 0.0 0.0 0.0 0.0 0.0
0.0 0.0 0.0 0.0 0.0 0.0 0.0 0.0
0.0 0.0 0.0 0.0 0.0 0.0 0.0 0.0
0.0 0.0 0.0 0.0 0.0 0.0 0.0 0.0
0.0 0.0 0.0 0.0 0.0 0.0 0.0 0.0
0.0 0.0 0.0 0.0 0.0 0.0 0.0 0.0
0.0 0.0 0.0 0.0 0.0 0.0 0.0 0.0
0.0 0.0 0.0 0.0 0.0 0.0 0.0 0.0
0.0 0.0 1.2 2.4 2.4 0.0 0.0 0.0
0.0 0.0 0.0 0.0 0.0 0.0 0.0 0.0
0.0 0.0 0.0 0.0 0.0 0.0 0.0 0.0
0.0 5.95 5.95 0.0 0.0 0.0 0.0 0.0
0.0 0.0 0.0 0.0 0.0 0.0 0.0 0.0
0.0 0.0 0.0 0.0 0.0 0.0 0.0 0.0
0.0 0.0 0.0 0.0 0.0 0.0 0.0 0.0
0.0 0.0 0.0 0.0 0.0 0.0 0.0 0.0
0.0 0.0 0.0 0.0 0.0 0.0 0.0 0.0
0.0 0.0 0.0 0.0 0.0 0.0 0.0 0.0
0.0 0.0 7.0 7.0 7.0 0.0 0.0 0.0
0.21 0.21 0.28 0.28 0.21 0.21 0.0 0.0
0.0 0.0 0.0 0.0 0.0 0.0 0.0 0.0
0.0 0.0 2.68 3.36 2.68 0.0 0.0 0.0
0.0 0.0 2.4 0.0 0.0 0.0 0.0 0.0
0.0 0.0 0.0 0.0 0.0 0.0 0.0 0.0
0.0 0.0 1.28 0.64 0.64 0.64 0.0 0.0
0.0 0.0 0.0 0.0 0.0 0.0 0.0 0.0
0.63 0.63 0.81 0.63 0.63 0.57 0.0 0.0
0.0 0.3 0.48 0.28 0.24 0.0 0.0 0.0
0.0 0.0 0.99 1.29 0.0 0.0 0.0 0.0
0.0 0.0 0.0 0.0 0.0 0.0 0.0 0.0
0.0 0.0 0.66 0.48 0.48 0.0 0.0 0.0
0.0 0.0 0.0 0.0 0.0 0.0 0.0 0.0
0.0 0.0 0.0 0.0 0.0 0.0 0.0 0.0
0.0 0.0 0.0 0.0 0.0 0.0 0.0 0.0
0.0 0.0 0.0 0.0 0.0 0.0 0.0 0.0
0.0 0.0 0.0 0.0 0.0 0.0 0.0 0.0
0.0 0.0 0.0 0.0 0.0 0.0 0.0 0.0
0.0 0.0 0.0 0.0 0.0 0.0 0.0 0.0
0.0 0.0 0.0 0.0 0.0 0.0 0.0 0.0
0.0 0.0 0.0 0.0 0.0 0.0 0.0 0.0
0.0 0.0 0.0 0.0 0.0 0.0 0.0 0.0
0.0 0.0 0.0 0.0 0.0 0.0 0.0 0.0
0.0 0.0 0.0 0.0 0.0 0.0 0.0 0.0
0.0 0.0 0.0 0.0 0.0 0.0 0.0 0.0
0.0 0.0 0.0 0.0 0.0 0.0 0.0 0.0
0.0 0.0 0.0 0.0 0.0 0.0 0.0 0.0
0.0 0.0 0.0 0.0 0.0 0.0 0.0 0.0
0.0 0.0 0.0 0.0 0.0 0.0 0.0 0.0
0.0 0.35 0.35 0.0 0.0 0.0 0.0 0.0
0.0 0.0 3.0 3.0 3.0 0.0 0.0 0.0
0.0 0.0 0.0 0.0 0.0 0.0 0.0 0.0
0.0 0.0 0.0 0.0 0.0 0.0 0.0 0.0
0.0 0.0 0.0 0.0 0.0 0.0 0.0 0.0
0.0 0.0 0.0 0.0 0.0 0.0 0.0 0.0
0.0 0.0 0.0 0.0 0.0 0.0 0.0 0.0
0.0 0.0 2.0 2.0 2.0 0.0 0.0 0.0
3.99 3.99 5.32 5.32 3.99 3.99 0.0 0.0
0.0 7.14 4.25 2.89 2.89 0.0 0.0 0.0
0.0 0.0 7.37 9.24 7.37 0.0 0.0 0.0
0.0 0.0 6.6 0.0 0.0 0.0 0.0 0.0
0.0 0.0 0.0 0.0 0.0 0.0 0.0 0.0
0.0 0.0 0.0 0.0 0.0 0.0 0.0 0.0
0.0 0.0 0.0 0.0 0.0 0.0 0.0 0.0
0.0 0.0 0.0 0.0 0.0 0.0 0.0 0.0
0.0 0.0 0.0 0.0 0.0 0.0 0.0 0.0
0.0 0.0 26.07 33.97 0.0 0.0 0.0 0.0
0.0 0.0 0.0 0.0 0.0 0.0 0.0 0.0
0.0 0.0 0.0 0.0 0.0 0.0 0.0 0.0
0.0 0.0 12.95 17.5 12.95 0.0 0.0 0.0
0.0 0.0 0.0 0.0 0.0 0.0 0.0 0.0
13.2 13.2 17.2 13.2 13.2 12.4 0.0 0.0
0.0 40.0 50.0 37.5 22.5 0.0 0.0 0.0
0.0 0.0 25.85 64.9 39.05 0.0 0.0 0.0
0.0 0.0 0.0 0.0 0.0 0.0 0.0 0.0
0.0 0.0 0.0 0.0 0.0 0.0 0.0 0.0
0.0 0.0 0.0 0.0 0.0 0.0 0.0 0.0
0.0 0.0 0.0 0.0 0.0 0.0 0.0 0.0
0.0 0.0 0.0 0.0 0.0 0.0 0.0 0.0
0.0 0.0 0.0 0.0 0.0 0.0 0.0 0.0
0.0 0.0 0.0 0.0 0.0 0.0 0.0 0.0
0.0 0.0 0.0 0.0 0.0 0.0 0.0 0.0
0.0 0.0 0.0 0.0 0.0 0.0 0.0 0.0
0.0 0.0 10.5 21.0 21.0 0.0 0.0 0.0
0.0 0.0 0.0 0.0 0.0 0.0 0.0 0.0
0.0 0.0 33.0 77.0 0.0 0.0 0.0 0.0
0.0 0.0 0.0 0.0 0.0 0.0 0.0 0.0
0.0 0.0 0.0 0.0 0.0 0.0 0.0 0.0
0.0 32.94117647058823 23.529411764705884 23.529411764705884 0.0 0.0 0.0 0.0
0.0 0.0 0.0 0.0 0.0 0.0 0.0 0.0
0.0 0.0 0.0 0.0 0.0 0.0 0.0 0.0
0.0 0.0 0.0 0.0 0.0 0.0 0.0 0.0
0.0 0.0 0.0 0.0 0.0 0.0 0.0 0.0
0.0 0.0 27.0 27.0 27.0 0.0 0.0 0.0
14.91 14.91 19.88 19.88 14.91 14.91 0.0 0.0
0.0 31.5 18.75 12.75 12.75 0.0 0.0 0.0
0.0 0.0 51.59 64.68 51.59 0.0 0.0 0.0
0.0 0.0 46.2 0.0 0.0 0.0 0.0 0.0
0.0 0.0 0.0 0.0 0.0 0.0 0.0 0.0
0.0 0.0 56.96 28.48 28.48 28.48 0.0 0.0
0.0 0.0 0.0 0.0 0.0 0.0 0.0 0.0
17.01 17.01 21.87 17.01 17.01 15.39 0.0 0.0
0.0 24.3 38.88 22.68 19.44 0.0 0.0 0.0
0.0 0.0 1.98 2.58 0.0 0.0 0.0 0.0
0.0 0.0 0.0 0.0 0.0 0.0 0.0 0.0
0.0 0.0 26.73 19.44 19.44 0.0 0.0 0.0
0.0 0.0 22.57 30.5 22.57 0.0 0.0 0.0
0.0 0.0 0.0 0.0 0.0 0.0 0.0 0.0
16.17 16.17 21.07 16.17 16.17 15.19 0.0 0.0
0.0 34.4 43.0 32.25 19.35 0.0 0.0 0.0
0.0 0.0 16.92 42.48 25.56 0.0 0.0 0.0
0.0 0.0 0.0 0.0 0.0 0.0 0.0 0.0
0.0 0.0 0.0 0.0 0.0 0.0 0.0 0.0
0.0 0.0 0.0 0.0 0.0 0.0 0.0 0.0
0.0 0.0 0.0 0.0 0.0 0.0 0.0 0.0
0.0 0.0 0.0 0.0 0.0 0.0 0.0 0.0
0.0 0.0 0.0 0.0 0.0 0.0 0.0 0.0
0.0 0.0 0.0 0.0 0.0 0.0 0.0 0.0
0.0 0.0 0.0 0.0 0.0 0.0 0.0 0.0
0.0 0.0 0.0 0.0 0.0 0.0 0.0 0.0
0.0 0.0 15.9 31.8 31.8 0.0 0.0 0.0
0.0 0.0 0.0 0.0 0.0 0.0 0.0 0.0
0.0 0.0 21.6 50.4 0.0 0.0 0.0 0.0
0.0 0.0 0.0 0.0 0.0 0.0 0.0 0.0
0.0 0.0 0.0 0.0 0.0 0.0 0.0 0.0
0.0 0.0 0.0 0.0 0.0 0.0 0.0 0.0
0.0 78.75 61.25 0.0 0.0 0.0 0.0 0.0
0.0 0.0 0.0 0.0 0.0 0.0 0.0 0.0
0.0 0.0 0.0 0.0 0.0 0.0 0.0 0.0
0.0 0.0 0.0 0.0 0.0 0.0 0.0 0.0
0.0 0.0 52.0 52.0 52.0 0.0 0.0 0.0
0.63 0.63 0.84 0.84 0.63 0.63 0.0 0.0
0.0 0.0 0.0 0.0 0.0 0.0 0.0 0.0
0.0 0.0 2.01 2.52 2.01 0.0 0.0 0.0
0.0 0.0 1.8 0.0 0.0 0.0 0.0 0.0
0.0 0.0 0.0 0.0 0.0 0.0 0.0 0.0
0.0 0.0 3.2 1.6 1.6 1.6 0.0 0.0
0.0 0.0 0.0 0.0 0.0 0.0 0.0 0.0
0.84 0.84 1.08 0.84 0.84 0.76 0.0 0.0
0.0 2.4 3.84 2.24 1.92 0.0 0.0 0.0
0.0 0.0 0.99 1.29 0.0 0.0 0.0 0.0
0.0 0.0 0.0 0.0 0.0 0.0 0.0 0.0
0.0 0.0 2.97 2.16 2.16 0.0 0.0 0.0
0.0 0.0 0.0 0.0 0.0 0.0 0.0 0.0
0.0 0.0 0.0 0.0 0.0 0.0 0.0 0.0
0.0 0.0 0.0 0.0 0.0 0.0 0.0 0.0
0.0 0.0 0.0 0.0 0.0 0.0 0.0 0.0
0.0 0.0 0.0 0.0 0.0 0.0 0.0 0.0
0.0 0.0 0.0 0.0 0.0 0.0 0.0 0.0
0.0 0.0 0.0 0.0 0.0 0.0 0.0 0.0
0.0 0.0 0.0 0.0 0.0 0.0 0.0 0.0
0.0 0.0 0.0 0.0 0.0 0.0 0.0 0.0
0.0 0.0 0.0 0.0 0.0 0.0 0.0 0.0
0.0 0.0 0.0 0.0 0.0 0.0 0.0 0.0
0.0 0.0 0.0 0.0 0.0 0.0 0.0 0.0
0.0 0.0 0.0 0.0 0.0 0.0 0.0 0.0
0.0 0.0 0.0 0.0 0.0 0.0 0.0 0.0
0.0 0.0 0.0 0.0 0.0 0.0 0.0 0.0
0.0 0.0 0.0 0.0 0.0 0.0 0.0 0.0
0.0 0.0 0.0 0.0 0.0 0.0 0.0 0.0
0.0 0.7 0.7 0.0 0.0 0.0 0.0 0.0
0.0 0.0 0.0 0.0 0.0 0.0 0.0 0.0
0.0 0.0 0.0 0.0 0.0 0.0 0.0 0.0
0.0 0.0 0.0 0.0 0.0 0.0 0.0 0.0
0.0 0.0 3.733333333333333 3.266666666666667 0.0 0.0 0.0 0.0
0.0 0.0 0.0 0.0 0.0 0.0 0.0 0.0
0.0 0.0 0.0 0.0 0.0 0.0 0.0 0.0
0.0 0.0 8.0 8.0 8.0 0.0 0.0 0.0
0.0 0.0 0.0 0.0 0.0 0.0 0.0 0.0
0.0 1.26 0.75 0.51 0.51 0.0 0.0 0.0
0.0 0.0 0.0 0.0 0.0 0.0 0.0 0.0
0.0 0.0 0.0 0.0 0.0 0.0 0.0 0.0
0.0 0.0 0.0 0.0 0.0 0.0 0.0 0.0
0.0 0.0 0.0 0.0 0.0 0.0 0.0 0.0
0.0 0.0 0.0 0.0 0.0 0.0 0.0 0.0
1.05 1.05 1.35 1.05 1.05 0.95 0.0 0.0
0.0 0.0 0.0 0.0 0.0 0.0 0.0 0.0
0.0 0.0 0.0 0.0 0.0 0.0 0.0 0.0
0.0 0.0 0.0 0.0 0.0 0.0 0.0 0.0
0.0 0.0 0.0 0.0 0.0 0.0 0.0 0.0
0.0 0.0 0.0 0.0 0.0 0.0 0.0 0.0
0.0 0.0 0.0 0.0 0.0 0.0 0.0 0.0
3.63 3.63 4.73 3.63 3.63 3.41 0.0 0.0
0.0 5.6 7.0 5.25 3.15 0.0 0.0 0.0
0.0 0.0 4.23 10.62 6.39 0.0 0.0 0.0
0.0 0.0 0.0 0.0 0.0 0.0 0.0 0.0
0.0 0.0 0.0 0.0 0.0 0.0 0.0 0.0
0.0 0.0 0.0 0.0 0.0 0.0 0.0 0.0
0.0 0.0 0.0 0.0 0.0 0.0 0.0 0.0
0.0 0.0 0.0 0.0 0.0 0.0 0.0 0.0
0.0 0.0 0.0 0.0 0.0 0.0 0.0 0.0
0.0 0.0 0.0 0.0 0.0 0.0 0.0 0.0
0.0 0.0 0.0 0.0 0.0 0.0 0.0 0.0
0.0 0.0 0.0 0.0 0.0 0.0 0.0 0.0
0.0 0.0 2.4 4.8 4.8 0.0 0.0 0.0
0.0 0.0 0.0 0.0 0.0 0.0 0.0 0.0
0.0 0.0 5.4 12.6 0.0 0.0 0.0 0.0
0.0 0.0 0.0 0.0 0.0 0.0 0.0 0.0
0.0 0.0 0.0 0.0 0.0 0.0 0.0 0.0
0.0 0.0 0.0 0.0 0.0 0.0 0.0 0.0
0.0 0.0 0.0 0.0 0.0 0.0 0.0 0.0
0.0 0.0 0.0 0.0 0.0 0.0 0.0 0.0
0.0 0.0 3.2 2.8 0.0 0.0 0.0 0.0
0.0 0.0 0.0 0.0 0.0 0.0 0.0 0.0
0.0 0.0 2.0 2.0 2.0 0.0 0.0 0.0
0.63 0.63 0.84 0.84 0.63 0.63 0.0 0.0
0.0 1.26 0.75 0.51 0.51 0.0 0.0 0.0
0.0 0.0 0.0 0.0 0.0 0.0 0.0 0.0
0.0 0.0 0.0 0.0 0.0 0.0 0.0 0.0
0.0 0.0 0.0 0.0 0.0 0.0 0.0 0.0
0.0 0.0 0.0 0.0 0.0 0.0 0.0 0.0
0.0 0.0 0.0 0.0 0.0 0.0 0.0 0.0
0.0 0.0 0.0 0.0 0.0 0.0 0.0 0.0
0.0 0.9 1.44 0.84 0.72 0.0 0.0 0.0
0.0 0.0 0.0 0.0 0.0 0.0 0.0 0.0
0.0 0.0 0.0 0.0 0.0 0.0 0.0 0.0
0.0 0.0 0.99 0.72 0.72 0.0 0.0 0.0
0.0 0.0 1.11 1.5 1.11 0.0 0.0 0.0
0.0 0.0 0.0 0.0 0.0 0.0 0.0 0.0
0.0 0.0 0.0 0.0 0.0 0.0 0.0 0.0
0.0 0.0 0.0 0.0 0.0 0.0 0.0 0.0
0.0 0.0 0.0 0.0 0.0 0.0 0.0 0.0
0.0 0.0 0.0 0.0 0.0 0.0 0.0 0.0
0.0 0.0 0.0 0.0 0.0 0.0 0.0 0.0
0.0 0.0 0.0 0.0 0.0 0.0 0.0 0.0
0.0 0.0 0.0 0.0 0.0 0.0 0.0 0.0
0.0 0.0 0.0 0.0 0.0 0.0 0.0 0.0
0.0 0.0 0.0 0.0 0.0 0.0 0.0 0.0
0.0 0.0 0.0 0.0 0.0 0.0 0.0 0.0
0.0 0.0 0.0 0.0 0.0 0.0 0.0 0.0
0.0 0.0 0.0 0.0 0.0 0.0 0.0 0.0
0.0 0.0 0.0 0.0 0.0 0.0 0.0 0.0
0.0 0.0 0.0 0.0 0.0 0.0 0.0 0.0
0.0 0.0 0.0 0.0 0.0 0.0 0.0 0.0
0.0 0.0 0.0 0.0 0.0 0.0 0.0 0.0
0.0 0.0 0.0 0.0 0.0 0.0 0.0 0.0
0.0 0.0 0.0 0.0 0.0 0.0 0.0 0.0
0.0 0.0 0.0 0.0 0.0 0.0 0.0 0.0
0.0 0.0 0.0 0.0 0.0 0.0 0.0 0.0
0.0 0.0 0.0 0.0 0.0 0.0 0.0 0.0
0.0 0.0 2.0 2.0 0.0 0.0 0.0 0.0
0.0 0.0 2.0 2.0 2.0 0.0 0.0 0.0
0.0 0.0 0.5120689655172413 0.5172413793103449 0.5172413793103449 0.0 0.0 0.0
0.0 0.0 0.3620689655172414 0.3620689655172414 0.3620689655172414 0.0 0.0 0.0
0.0 0.0 0.3448275862068966 0.3448275862068966 0.0 0.0 0.0 0.0
0.0 0.0 0.3448275862068966 0.3448275862068966 0.0 0.0 0.0 0.0
0.0 0.0 0.3448275862068966 0.3448275862068966 0.3448275862068966 0.0 0.0 0.0
0.0 0.0 0.0 0.0 0.0 0.0 0.0 0.0
0.0 0.0 0.0 0.0 0.0 0.0 0.0 0.0
0.0 0.0 0.3448275862068966 0.3448275862068966 0.0 0.0 0.0 0.0
0.0 0.0 0.39827586206896554 0.3448275862068966 0.3448275862068966 0.0 0.0 0.0
0.0 0.0 0.3448275862068966 0.3448275862068966 0.0 0.0 0.0 0.3448275862068966
0.0 0.0 0.3448275862068966 0.3448275862068966 0.3448275862068966 0.0 0.0 0.0
0.0 0.0 0.0 0.0 0.0 0.0 0.0 0.0
0.0 0.0 0.3448275862068966 0.3448275862068966 0.0 0.0 0.0 0.3448275862068966
0.0 0.0 0.0 0.0 0.0 0.0 0.0 0.0
0.0 0.0 0.33793103448275863 0.33793103448275863 0.3413793103448276 0.0 0.0 0.3448275862068966
0.0 0.0 0.0 0.33793103448275863 0.3413793103448276 0.0 0.0 0.3448275862068966
0.0 0.0 0.0 0.3448275862068966 0.3448275862068966 0.0 0.0 0.3448275862068966
0.0 0.0 0.0 0.0 0.0 0.0 0.0 0.0
0.0 0.0 0.0 0.0 0.0 0.0 0.0 0.0
0.0 0.0 1.7241379310344828e-7 0.0 0.0 0.0 0.0 0.0
0.0 0.0 0.0 0.0 0.0 0.0 0.0 0.0
0.0 0.0 0.0 0.0 0.0 0.0 0.0 0.0
0.0 0.0 0.0 0.0 0.0 0.0 0.0 0.0
0.0 0.0 0.0 0.0 0.0 0.0 0.0 0.0
0.0 0.0 0.0 0.0 0.0 0.0 0.0 0.0
0.0 0.0 0.0 0.0 0.0 0.0 0.0 0.0
0.0 0.0 1.7241379310344828e-7 1.7241379310344828e-7 1.7241379310344828e-7 0.0 0.0 0.0
0.0 0.0 1.7241379310344828e-7 1.7241379310344828e-7 1.7241379310344828e-7 0.0 0.0 0.0
0.0 0.0 0.33793103448275863 0.33793103448275863 0.0 0.0 0.0 0.3448275862068966
0.0 0.36297640653357527 0.32667876588021777 0.0 0.0 0.0 0.0 0.0
0.0 0.0 0.0 0.0 0.0 0.0 0.0 0.0
0.0 0.0 0.14367816091954025 0.11494252873563218 0.0 0.0 0.0 0.0
0.0 0.3448275862068966 0.3448275862068966 0.0 0.0 0.0 0.0 0.0
0.0 0.0 0.0 0.0 0.0 0.0 0.0 0.0
0.0 0.0 0.25862068965517243 0.25862068965517243 0.0 0.0 0.0 0.0
0.0 0.0 0.3448275862068966 0.3448275862068966 0.0 0.0 0.0 0.0
0.0 0.0 0.3448275862068966 0.3448275862068966 0.3448275862068966 0.0 0.0 0.0
0.0 1.0 2.0 2.0 2.0 0.0 0.0 0.0
0.0 1.0 2.0 1.0 1.0 0.0 0.0 0.0
0.0 0.0 2.0 2.0 0.0 0.0 0.0 0.0
0.0 0.0 2.0 1.0 0.0 0.0 0.0 0.0
0.0 0.0 1.0 1.0 1.0 0.0 0.0 0.0
0.0 0.0 2.0 1.0 1.0 1.0 1.0 4.0
0.0 0.0 1.0 0.0 0.0 0.0 0.0 0.0
0.0 1.0 2.0 2.0 1.0 0.0 0.0 0.0
0.0 0.0 1.0 2.0 1.0 0.0 0.0 0.0
0.0 0.0 2.0 1.0 1.0 0.0 0.0 1.0
0.0 0.0 1.0 1.0 1.0 0.0 0.0 0.0
0.0 0.0 1.0 1.0 1.0 0.0 0.0 1.0
0.0 0.0 2.0 2.0 2.0 0.0 0.0 3.0
0.0 0.0 3.0 3.0 3.0 0.0 0.0 3.0
0.0 1.0 2.0 3.0 2.0 1.0 1.0 2.0
0.0 1.0 2.0 2.0 1.0 0.0 0.0 2.0
0.0 0.0 3.0 3.0 2.0 0.0 0.0 2.0
0.0 1.0 2.0 1.0 0.0 0.0 0.0 2.0
0.0 0.0 1.0 1.0 1.0 0.0 0.0 0.0
1.0 2.0 3.0 0.0 0.0 0.0 0.0 0.0
0.0 0.0 2.0 1.0 1.0 0.0 0.0 0.0
0.0 2.0 5.0 6.0 5.0 2.0 2.0 13.0
0.0 0.0 5.0 4.0 4.0 0.0 0.0 0.0
0.0 0.0 3.0 3.0 3.0 0.0 0.0 0.0
0.0 0.0 5.0 5.0 5.0 0.0 0.0 0.0
0.0 0.0 2.0 2.0 2.0 0.0 0.0 0.0
0.0 0.0 2.0 1.0 1.0 0.0 0.0 0.0
0.0 0.0 1.0 1.0 1.0 0.0 0.0 0.0
0.0 0.0 2.0 1.0 0.0 0.0 1.0 1.0
0.0 0.0 0.0 0.0 0.0 0.0 0.0 0.0
0.0 0.0 0.0 0.0 0.0 0.0 0.0 0.0
0.0 0.0 0.0 0.0 0.0 0.0 0.0 0.0
0.0 0.0 0.0 0.0 0.0 0.0 0.0 0.0
0.0 0.0 0.0 0.0 0.0 0.0 0.0 0.0
0.0 0.0 0.0 0.0 0.0 0.0 0.0 0.0
0.0 0.0 0.0 0.0 0.0 0.0 0.0 0.0
0.0 0.0 1.0 1.0 1.0 0.0 0.0 0.0

L_l
-2 -1 0 0 0 0 0 -2 -1 0 0 0 0 0 -2 -1 0 -1 0 -2 0 -1 0 0 0 0 0 0 0 -1 0 -1 -1 0 0 0 0

L_u
3 2 2 1 2 5 0 3 3 5 2 5 5 5 5 5 5 5 2 0 2 5 2 2 2 2 2 2 5 0 2 1 0 1 1 1 2

penalty_S
720.5465517241379 324.0862068965518 479.68965517241384 243.6896551724138 164.03448275862067 493.0 89.0 600.6896551724137 320.0879310344828 218.03448275862067 109.03448275862067 244.0 374.03448275862075 12.0 626.3620689655171 496.02413793103455 247.03448275862067 56.7 24.0 126.00000017241379 84.0 35.0 13.0 9.0 65.0 406.0 354.00000051724146 203.00000051724138 206.0206896551724 14.689655172413794 9.0 80.25862068965516 140.68965517241378 7.0 6.517241379310345 4.689655172413794 679.3344827586207

penalty_f
0.001 0.001 0.001 0.001

F
100.0 100.0 100.0 100.0

aimed
1 1 1 1 1 1 1 1 1 1 1 1 1 1 1 1 1 1 1 1 1 1 1 1 1 1 1 1 1 1 1 1 2 1 1 1 1

P_names
Flagskib Kernen Perspektiv Perspektiv£(enk.) Reminder Flow-tid Flow-tid£(enk.) Flagskib Kernen Perspektiv Reminder Flow-tid Perspektiv Dilemma Flagskib Kernen Dilemma£-£Stacking Flagskib Reminder Flow-tid Identitet Flagskib Kernen Reminder Identitet Kernen Kernen Identitet Dilemma£-£Binge Kernen Kernen Kernen Kernen Kernen Kernen Kernen Flagskib

C_names
DR1 DR2 Ramasjang P1 P2 P3 P4 P5 P6 P8 Digital SOME

M_names
TV RADIO DIGITAL SOME

BC_names
DR1 DR1 DR1 DR1 DR1 DR1 DR1 DR2 DR2 DR2 DR2 DR2 DR2+ DR2+ DR3 DR3 DR3 Ramasjang Ramasjang Ramasjang Ramasjang Ultra Ultra Ultra Ultra DR DRTV DRTV DR3 P1 P2 P3 P4 P5 P6 P8 DR£Radio

campaign_type
TV TV TV TV TV TV TV TV TV TV TV TV TV TV TV TV TV TV TV TV TV TV TV TV TV TV TV TV TV RADIO RADIO RADIO RADIO RADIO RADIO RADIO RADIO

