T P M C
22 37 4 12

base obj
11.144688644688644

exp obj
12.566849816849818

Objective struct
11.144688644688644 0.0 16.833333333333332

num campaigns
120

x
0 0 0 0 1 0 0 0 0 0 1 0 0 0 1 0 1 0 0 0 0 0
0 0 0 0 1 0 0 0 0 1 0 0 0 0 0 0 0 0 0 0 0 0
0 0 0 0 0 0 1 0 0 0 1 0 0 0 1 0 0 0 0 0 0 0
0 0 0 0 0 0 0 0 1 0 0 0 1 0 0 0 1 0 0 0 0 0
0 0 0 0 1 0 0 1 0 0 1 0 0 1 0 0 1 0 0 0 0 0
0 0 0 0 0 0 1 0 0 0 0 0 1 0 0 0 0 0 0 0 0 0
0 0 0 0 1 0 0 0 0 0 1 0 0 0 0 0 1 0 0 0 0 0
0 0 0 0 0 0 0 0 0 0 0 1 0 0 0 0 0 0 0 0 0 0
0 0 0 0 0 0 0 1 0 0 0 0 0 0 0 0 0 0 0 0 0 0
0 0 0 0 0 0 0 0 0 0 0 0 1 0 1 0 0 0 0 0 0 0
0 0 0 0 1 0 0 0 0 0 0 0 0 0 0 0 1 0 0 0 0 0
0 0 0 0 0 0 0 0 0 0 0 0 0 0 0 1 0 0 0 0 0 0
0 0 0 0 0 0 0 0 0 0 0 0 0 0 0 0 0 0 0 0 0 0
0 0 0 0 1 0 0 0 0 0 1 0 0 0 0 0 0 0 0 0 0 0
0 0 0 0 0 0 0 0 0 0 0 0 0 0 0 0 0 0 0 0 0 0
0 0 0 0 0 0 0 0 1 0 0 0 0 0 0 0 0 0 0 0 0 0
0 0 0 0 0 0 0 0 0 0 0 0 0 0 1 0 1 0 0 0 0 0
0 0 0 0 0 0 0 0 0 0 0 0 0 0 1 0 0 0 0 0 0 0
0 0 0 0 0 0 0 1 0 1 0 1 0 1 0 0 1 0 0 0 0 0
0 0 0 0 0 0 1 0 0 0 0 0 0 0 0 0 0 0 0 0 0 0
0 0 0 0 1 0 0 0 0 0 1 0 0 0 0 0 1 0 0 0 0 0
0 0 0 0 0 0 0 0 0 0 0 0 0 0 0 0 0 0 0 0 0 0
0 0 0 0 0 0 0 0 1 0 0 0 0 0 0 0 0 0 0 0 0 0
0 0 0 0 0 0 1 0 0 0 0 0 1 0 0 0 0 0 0 0 0 0
0 0 0 0 0 0 0 0 0 0 0 0 0 0 0 0 0 0 0 0 0 0
0 0 0 0 1 0 0 0 0 0 0 0 0 0 0 0 1 0 0 0 0 0
0 0 0 0 1 0 0 0 0 0 0 0 1 0 0 0 0 0 0 0 0 0
0 0 0 0 0 0 1 0 0 0 0 0 0 0 0 0 0 0 0 0 0 0
0 0 0 0 0 0 0 0 0 0 0 0 0 0 0 0 0 0 0 0 0 0
0 0 0 0 1 1 1 1 1 1 1 1 1 1 1 1 1 0 0 0 0 0
0 0 0 0 1 1 1 1 1 1 1 1 1 1 1 1 1 0 0 0 0 0
0 0 0 0 1 1 1 1 1 1 1 1 1 1 1 1 1 0 0 0 0 0
0 0 0 0 1 1 1 1 1 1 1 0 0 1 1 1 1 0 0 0 0 0
0 0 0 0 1 1 1 1 1 1 1 1 1 1 1 1 1 0 0 0 0 0
0 0 0 0 1 0 1 0 0 0 1 1 1 0 0 0 0 0 0 0 0 0
0 0 0 0 0 0 0 0 0 0 0 0 0 0 0 0 0 0 0 0 0 0
0 0 0 0 0 0 0 0 0 0 0 0 0 0 0 0 0 0 0 0 0 0

y
0.0 0.0 0.0 0.0 0.0 0.0 0.0 0.0 0.0 0.2857142857142858 0.0 0.0 0.0 0.0 0.0 0.0 0.0 0.0 0.0 0.0 0.0 0.0 0.0 0.0 0.0 0.0 2.0 0.0 0.0 0.0 0.0 0.0 0.52 0.0 0.0 0.0 0.0

k
0 1 1 0 0 1 0 0 0 6 0 0 3 1 2 0 0 0 2 0 0 2 0 1 2 0 1 0 6 0 0 0 15 0 8 13 2

f
1.0500000000000096 1.0500000000000096 0.0 10.500000000000012 0.0 0.0 0.0 10.500000000000012 1.0500000000000096 0.0 0.0 0.0 0.0 0.0 0.0 0.0 0.0 0.0 0.0 0.0 0.0 0.0
0.0 0.0 0.0 0.0 0.0 0.0 0.0 0.0 0.0 0.0 0.0 0.0 0.0 0.0 0.0 0.0 0.0 0.0 0.0 0.0 0.0 0.0
0.0 0.0 0.0 0.0 0.0 0.0 0.0 0.0 0.0 0.0 0.0 0.0 0.0 0.0 0.0 0.0 0.0 0.0 0.0 0.0 0.0 0.0
0.0 3.1499999999999977 0.0 5.400000000000011 0.0 0.0 1.3499999999999908 2.700000000000005 8.549999999999999 0.45000000000000995 0.0 3.150000000000008 0.0 0.0 0.0 0.0 0.0 0.0 0.0 0.0 0.0 0.0

L
2 5 4 4 3 6 6 0 0 2 12 0 0 6 0 0 2 0 2 0 6 0 0 6 0 12 8 0 0 1 1 1 1 1 1 0 0

g
0 0 0 0 0 0 0 0 0 0 0 0 0 0 0 0 0 0 0 0 0 0
0 0 0 0 0 0 0 0 0 0 0 0 0 0 0 0 0 0 0 0 0 0
0 0 0 0 0 0 0 0 0 0 0 0 0 0 0 0 0 0 0 0 0 0
0 0 0 0 0 0 0 0 0 0 0 0 0 0 0 0 0 0 0 0 0 0
0 0 0 0 0 0 0 0 0 0 0 0 0 0 0 0 0 0 0 0 0 0
0 0 0 0 0 0 0 0 0 0 0 0 0 0 0 0 0 0 0 0 0 0
0 0 0 0 0 0 0 0 0 0 0 0 0 0 0 0 0 0 0 0 0 0
0 0 0 0 0 0 0 0 0 0 0 0 0 0 0 0 0 0 0 0 0 0
0 0 0 0 0 0 0 0 0 0 0 0 0 0 0 0 0 0 0 0 0 0
0 0 0 0 0 0 0 0 0 0 0 0 0 0 0 0 0 0 0 0 0 0
0 0 0 0 0 0 0 0 0 0 0 0 0 0 0 0 0 0 0 0 0 0
0 0 0 0 0 0 0 0 0 0 0 0 0 0 0 0 0 0 0 0 0 0
0 0 0 0 0 0 0 0 0 0 0 0 0 0 0 0 0 0 0 0 0 0
0 0 0 0 0 0 0 0 0 0 0 0 0 0 0 0 0 0 0 0 0 0
0 0 0 0 0 0 0 0 0 0 0 0 0 0 0 0 0 0 0 0 0 0
0 0 0 0 0 0 0 0 0 0 0 0 0 0 0 0 0 0 0 0 0 0
0 0 0 0 0 0 0 0 0 0 0 0 0 0 0 0 0 0 0 0 0 0
0 0 0 0 0 0 0 0 0 0 0 0 0 0 0 0 0 0 0 0 0 0
0 0 0 0 0 0 0 0 0 0 0 0 0 0 0 0 0 0 0 0 0 0
0 0 0 0 0 0 0 0 0 0 0 0 0 0 0 0 0 0 0 0 0 0
0 0 0 0 0 0 0 0 0 0 0 0 0 0 0 0 0 0 0 0 0 0
0 0 0 0 0 0 0 0 0 0 0 0 0 0 0 0 0 0 0 0 0 0
0 0 0 0 0 0 0 0 0 0 0 0 0 0 0 0 0 0 0 0 0 0
0 0 0 0 0 0 0 0 0 0 0 0 0 0 0 0 0 0 0 0 0 0
0 0 0 0 0 0 0 0 0 0 0 0 0 0 0 0 0 0 0 0 0 0
0 0 0 0 0 0 0 0 0 0 0 0 0 0 0 0 0 0 0 0 0 0
0 0 0 0 0 0 0 0 0 0 0 0 0 0 0 0 0 0 0 0 0 0
0 0 0 0 0 0 0 0 0 0 0 0 0 0 0 0 0 0 0 0 0 0
0 0 0 0 0 0 0 0 0 0 0 0 0 0 0 0 0 0 0 0 0 0
0 0 0 0 0 0 0 0 0 0 0 0 0 0 0 0 0 0 0 0 0 0
0 0 0 0 0 0 0 0 0 0 0 0 0 0 0 0 0 0 0 0 0 0
0 0 0 0 0 0 0 0 0 0 0 0 0 0 0 0 0 0 0 0 0 0
0 0 0 0 0 0 0 0 0 0 0 0 0 0 0 0 0 0 0 0 0 0
0 0 0 0 0 0 0 0 0 0 0 0 0 0 0 0 0 0 0 0 0 0
0 0 0 0 0 0 0 0 0 0 0 0 0 0 0 0 0 0 0 0 0 0
0 0 0 0 0 0 0 0 0 0 0 0 0 0 0 0 0 0 0 0 0 0
0 0 0 0 0 0 0 0 0 0 0 0 0 0 0 0 0 0 0 0 0 0

I cap
1058.909090909091 1058.909090909091 976.349090909091 929.349090909091 684.6999999999999 808.16 667.82 941.9800000000001 421.38000000000005 763.8199999999999 640.1199999999998 711.06 286.06000000000006 681.22 641.44 610.7690909090909 310.54909090909115 655.409090909091 790.349090909091 976.349090909091 1058.909090909091 1058.909090909091
107.96969696969697 107.96969696969697 104.52969696969697 104.52969696969697 80.89999999999999 84.44 64.98000000000002 67.02 69.62000000000002 80.18 60.879999999999995 55.94 4.940000000000007 19.78 38.56 12.10969696969696 6.329696969696975 41.46969696969697 70.52969696969697 104.52969696969697 107.96969696969697 107.96969696969697
38.96666666666666 38.96666666666666 38.96666666666666 38.96666666666666 4.4999999999999964 2.400000000000002 10.5 31.5 32.900000000000006 25.200000000000003 9.133333333333331 0.7333333333333361 2.833333333333334 9.724999999999998 11.825 19.29166666666666 4.624999999999995 17.299999999999997 17.299999999999997 38.96666666666666 38.96666666666666 38.96666666666666
45.24545454545453 45.24545454545453 44.615454545454526 37.82545454545452 21.259999999999998 28.619999999999987 20.819999999999986 24.83 19.04 27.339999999999993 26.199999999999985 17.929999999999996 7.990000000000005 12.82 7.500000000000006 20.875454545454527 30.27545454545452 42.57545454545452 44.615454545454526 44.615454545454526 45.24545454545453 45.24545454545453
20.999999999999993 20.999999999999993 20.789999999999992 20.43999999999999 10.720000000000002 16.819999999999993 7.530000000000004 8.71 4.389999999999998 8.879999999999997 10.509999999999996 9.649999999999997 5.000000000000003 12.520000000000001 5.230000000000001 4.859999999999993 5.5999999999999925 14.02999999999999 17.789999999999992 20.789999999999992 20.999999999999993 20.999999999999993
345.75757575757575 345.75757575757575 341.76757575757574 301.6863992869875 182.4594117647059 184.79000000000002 206.75000000000003 167.77 166.9 196.26000000000002 182.92000000000002 203.54999999999998 197.48 193.04999999999995 152.40000000000003 148.33757575757576 210.51875222816392 248.01816399286983 302.71757575757573 341.76757575757574 345.75757575757575 345.75757575757575
779.7575757575758 779.7575757575758 764.8475757575758 654.5975757575758 477.47 579.57 556.69 525.6500000000001 552.64 639.16 672.17 755.82 590.79 639.3100000000001 554.0500000000001 440.01757575757574 524.0075757575758 683.0475757575757 739.2875757575758 764.8475757575758 779.7575757575758 779.7575757575758
80.73333333333335 80.73333333333335 80.10333333333335 79.40333333333335 63.326666666666654 81.06 67.35999999999999 72.61 71.52 79.71 71.90999999999998 78.16 80.9 85.30999999999999 75.07 62.48333333333334 65.59333333333335 73.83666666666669 80.10333333333335 80.10333333333335 80.73333333333335 80.73333333333335
10.775757575757575 10.775757575757575 10.775757575757575 9.515757575757576 2.05 1.6900000000000013 0.5899999999999999 0.7000000000000002 1.5400000000000007 2.05 1.8900000000000003 2.6399999999999997 1.0499999999999998 1.1500000000000004 1.2199999999999998 0.1557575757575762 0.15575757575757532 0.1557575757575762 4.385757575757576 10.775757575757575 10.775757575757575 10.775757575757575
2.545454545454545 2.545454545454545 1.915454545454545 0.6554545454545451 1.21 0.04999999999999993 0.7599999999999999 0.03000000000000025 0.06999999999999995 1.1102230246251565e-16 1.4500000000000002 0.04999999999999993 0.1399999999999999 0.8400000000000002 0.6300000000000002 0.08545454545454512 0.35545454545454513 0.35545454545454513 1.915454545454545 1.915454545454545 2.545454545454545 2.545454545454545
8.515433299825174 8.515433299825174 8.515433299825174 7.807629307084703 3.9118925862068936 4.758635689655169 4.146868534482755 6.123169655172411 8.225744655172411 6.418926465517239 7.045637758620688 6.7693415517241355 6.082590344827583 5.021050517241376 5.707435086206893 5.093162241379307 5.40666950998185 6.160740402298849 6.285647758620689 7.118618534482758 7.546136159874608 8.31123
700.0 700.0 700.0 698.0 683.0 686.0 677.0 689.0 681.0 682.0 680.0 682.0 679.0 685.0 681.0 683.0 678.0 682.0 690.0 695.0 699.0 698.0

H cap
-1.0500000000000096 -1.0500000000000096 39.89999999999999 -10.500000000000012 8.399999999999991 17.849999999999994 5.249999999999989 -10.500000000000012 -1.0500000000000096 36.749999999999986 5.249999999999986 14.69999999999999 8.399999999999979 17.84999999999998 131.25 131.25 131.25 131.25 131.25 131.25 131.25 131.25
16.500000000000007 3.000000000000009 18.74999999999999 14.24999999999999 16.04999999999999 17.849999999999987 5.249999999999984 3.4500000000000046 9.74999999999999 12.449999999999996 7.949999999999991 7.950000000000002 7.049999999999989 22.35000000000001 52.5 52.5 52.5 52.5 52.5 52.5 52.5 52.5
44.10000000000001 44.10000000000001 53.550000000000004 44.10000000000001 44.10000000000001 47.25000000000001 47.25000000000001 47.25000000000001 44.10000000000001 44.10000000000001 40.95000000000001 47.25000000000001 40.95000000000001 40.95000000000001 63.0 63.0 63.0 63.0 63.0 63.0 63.0 63.0
3.6000000000000028 -3.1499999999999977 4.500000000000028 -5.400000000000011 1.8000000000000087 0.44999999999999263 -1.3499999999999908 -2.700000000000005 -8.549999999999999 -0.45000000000000995 1.3500000000000272 -3.150000000000008 0.45000000000002105 16.199999999999992 78.75 78.75 78.75 78.75 78.75 78.75 78.75 78.75

Gap
0.031000108160980224

Time
780.0158369541168

