T P M C
22 37 4 12

base obj
12.155677655677655

exp obj
13.658424908424909

Objective struct
12.155677655677655 0.0 18.166666666666668

num campaigns
114

x
0 0 0 0 0 0 1 0 0 0 0 0 1 0 1 0 1 0 0 0 0 0
0 0 0 0 0 0 0 0 1 0 0 0 0 0 0 0 0 0 0 0 0 0
0 0 0 0 0 0 1 0 0 0 1 0 0 0 1 0 0 0 0 0 0 0
0 0 0 0 1 0 0 0 0 0 1 0 0 0 0 0 1 0 0 0 0 0
0 0 0 0 0 0 0 1 0 1 0 1 0 1 0 0 1 0 0 0 0 0
0 0 0 0 0 0 0 0 0 0 0 0 0 0 0 0 0 0 0 0 0 0
0 0 0 0 1 0 0 0 0 0 1 0 0 0 0 0 1 0 0 0 0 0
0 0 0 0 0 0 0 0 1 0 0 0 0 0 0 0 0 0 0 0 0 0
0 0 0 0 1 0 0 0 0 0 0 0 0 0 0 0 0 0 0 0 0 0
0 0 0 0 0 0 0 0 0 0 0 1 0 0 0 0 1 0 0 0 0 0
0 0 0 0 1 0 0 0 0 0 0 0 0 0 0 0 1 0 0 0 0 0
0 0 0 0 0 0 0 0 1 0 0 0 0 0 0 0 0 0 0 0 0 0
0 0 0 0 0 0 0 0 0 0 0 0 0 0 0 0 0 0 0 0 0 0
0 0 0 0 1 0 0 0 1 0 0 0 0 0 0 0 0 0 0 0 0 0
0 0 0 0 0 0 0 0 0 0 0 0 0 0 0 0 0 0 0 0 0 0
0 0 0 0 0 0 0 0 0 0 0 0 1 0 0 0 0 0 0 0 0 0
0 0 0 0 1 0 0 0 0 0 0 0 0 0 0 0 1 0 0 0 0 0
0 0 0 0 1 0 0 0 0 0 0 0 0 0 0 0 0 0 0 0 0 0
0 0 0 0 1 0 1 0 1 0 1 0 0 1 0 1 0 0 0 0 0 0
0 0 0 0 0 0 0 0 0 1 0 0 0 0 0 0 0 0 0 0 0 0
0 0 0 0 1 0 0 0 0 0 1 0 0 0 0 0 1 0 0 0 0 0
0 0 0 0 0 0 0 0 0 0 0 0 0 0 0 0 0 0 0 0 0 0
0 0 0 0 0 0 0 0 0 0 1 0 0 0 0 0 0 0 0 0 0 0
0 0 0 0 0 0 1 0 0 0 0 0 0 0 1 0 0 0 0 0 0 0
0 0 0 0 0 0 0 0 0 0 0 0 0 0 0 0 0 0 0 0 0 0
0 0 0 0 1 0 0 0 0 0 0 0 0 0 0 0 1 0 0 0 0 0
0 0 0 0 0 0 1 0 0 0 0 0 1 0 0 0 0 0 0 0 0 0
0 0 0 0 0 0 0 0 0 0 0 0 0 0 1 0 0 0 0 0 0 0
0 0 0 0 0 0 0 0 0 0 0 0 0 0 0 0 0 0 0 0 0 0
0 0 0 0 1 1 1 1 1 1 1 1 1 1 1 1 1 0 0 0 0 0
0 0 0 0 1 1 1 1 1 1 1 1 1 1 1 1 1 0 0 0 0 0
0 0 0 0 1 1 1 1 1 1 1 1 1 1 1 1 1 0 0 0 0 0
0 0 0 0 1 0 0 1 1 0 0 1 1 1 1 0 0 0 0 0 0 0
0 0 0 0 1 1 1 1 1 1 1 1 1 1 1 1 1 0 0 0 0 0
0 0 0 0 0 0 0 0 1 1 1 0 0 0 1 1 0 0 0 0 0 0
0 0 0 0 0 0 0 0 0 0 0 0 0 0 0 0 0 0 0 0 0 0
0 0 0 0 0 0 0 0 0 0 0 0 0 0 0 0 0 0 0 0 0 0

y
0.0 0.0 0.0 0.0 0.0 0.0 0.0 0.0 0.0 3.2857142857142856 0.0 0.0 0.0 0.0 0.0 0.0 0.0 0.0 0.0 0.0 0.0 0.0 0.0 2.0 0.0 0.0 0.0 0.0 0.0 0.0 0.0 0.0 0.52 0.0 0.0 0.0 0.0

k
0 2 1 0 0 3 0 0 0 6 0 0 3 1 2 0 0 0 1 0 0 2 0 1 2 0 1 0 6 0 0 0 19 0 8 13 2

f
1.75 1.75 0.0 0.0 0.0 0.0 0.0 0.0 0.0 0.0 0.0 0.0 5.25 0.0 0.0 0.0 0.0 0.0 0.0 0.0 0.0 0.0
0.0 0.0 0.0 0.0 0.0 0.0 0.0 0.0 0.0 0.0 0.0 0.0 0.0 0.0 0.0 0.0 0.0 0.0 0.0 0.0 0.0 0.0
0.0 0.0 0.0 0.0 0.0 0.0 0.0 0.0 0.0 0.0 0.0 0.0 0.0 0.0 0.0 0.0 0.0 0.0 0.0 0.0 0.0 0.0
0.0 2.25 1.25 5.25 0.0 1.75 0.75 2.75 1.75 0.0 2.25 0.0 6.25 0.0 0.0 0.0 0.0 0.0 0.0 0.0 0.0 0.0

L
2 0 4 6 2 0 6 0 0 5 12 0 0 4 0 0 12 0 2 0 6 0 0 8 0 12 6 0 0 1 1 1 1 1 1 0 0

g
0 0 0 0 0 0 0 0 0 0 0 0 0 0 0 0 0 0 0 0 0 0
0 0 0 0 0 0 0 0 0 0 0 0 0 0 0 0 0 0 0 0 0 0
0 0 0 0 0 0 0 0 0 0 0 0 0 0 0 0 0 0 0 0 0 0
0 0 0 0 0 0 0 0 0 0 0 0 0 0 0 0 0 0 0 0 0 0
0 0 0 0 0 0 0 0 0 0 0 0 0 0 0 0 0 0 0 0 0 0
0 0 0 0 0 0 0 0 0 0 0 0 0 0 0 0 0 0 0 0 0 0
0 0 0 0 0 0 0 0 0 0 0 0 0 0 0 0 0 0 0 0 0 0
0 0 0 0 0 0 0 0 0 0 0 0 0 0 0 0 0 0 0 0 0 0
0 0 0 0 0 0 0 0 0 0 0 0 0 0 0 0 0 0 0 0 0 0
0 0 0 0 0 0 0 0 0 0 0 0 0 0 0 0 0 0 0 0 0 0
0 0 0 0 0 0 0 0 0 0 0 0 0 0 0 0 0 0 0 0 0 0
0 0 0 0 0 0 0 0 0 0 0 0 0 0 0 0 0 0 0 0 0 0
0 0 0 0 0 0 0 0 0 0 0 0 0 0 0 0 0 0 0 0 0 0
0 0 0 0 0 0 0 0 0 0 0 0 0 0 0 0 0 0 0 0 0 0
0 0 0 0 0 0 0 0 0 0 0 0 0 0 0 0 0 0 0 0 0 0
0 0 0 0 0 0 0 0 0 0 0 0 0 0 0 0 0 0 0 0 0 0
0 0 0 0 0 0 0 0 0 0 0 0 0 0 0 0 0 0 0 0 0 0
0 0 0 0 0 0 0 0 0 0 0 0 0 0 0 0 0 0 0 0 0 0
0 0 0 0 0 0 0 0 0 0 0 0 0 0 0 0 0 0 0 0 0 0
0 0 0 0 0 0 0 0 0 0 0 0 0 0 0 0 0 0 0 0 0 0
0 0 0 0 0 0 0 0 0 0 0 0 0 0 0 0 0 0 0 0 0 0
0 0 0 0 0 0 0 0 0 0 0 0 0 0 0 0 0 0 0 0 0 0
0 0 0 0 0 0 0 0 0 0 0 0 0 0 0 0 0 0 0 0 0 0
0 0 0 0 0 0 0 0 0 0 0 0 0 0 0 0 0 0 0 0 0 0
0 0 0 0 0 0 0 0 0 0 0 0 0 0 0 0 0 0 0 0 0 0
0 0 0 0 0 0 0 0 0 0 0 0 0 0 0 0 0 0 0 0 0 0
0 0 0 0 0 0 0 0 0 0 0 0 0 0 0 0 0 0 0 0 0 0
0 0 0 0 0 0 0 0 0 0 0 0 0 0 0 0 0 0 0 0 0 0
0 0 0 0 0 0 0 0 0 0 0 0 0 0 0 0 0 0 0 0 0 0
0 0 0 0 0 0 0 0 0 0 0 0 0 0 0 0 0 0 0 0 0 0
0 0 0 0 0 0 0 0 0 0 0 0 0 0 0 0 0 0 0 0 0 0
0 0 0 0 0 0 0 0 0 0 0 0 0 0 0 0 0 0 0 0 0 0
0 0 0 0 0 0 0 0 0 0 0 0 0 0 0 0 0 0 0 0 0 0
0 0 0 0 0 0 0 0 0 0 0 0 0 0 0 0 0 0 0 0 0 0
0 0 0 0 0 0 0 0 0 0 0 0 0 0 0 0 0 0 0 0 0 0
0 0 0 0 0 0 0 0 0 0 0 0 0 0 0 0 0 0 0 0 0 0
0 0 0 0 0 0 0 0 0 0 0 0 0 0 0 0 0 0 0 0 0 0

I cap
1058.909090909091 1058.909090909091 1058.9090909091165 1043.2490909091082 834.482000000049 992.7860000000375 907.9940000000248 1013.3640000000481 635.6360000000165 876.8160000000166 587.3220000000324 686.4360000000081 570.5100000000174 752.8080000000037 651.7440000000248 627.3050909090957 314.46509090912406 670.739090909092 817.2050909090929 984.6050909090981 1058.909090909091 1058.909090909091
107.96969696969697 107.96969696969697 107.96969696969697 97.52969696969697 46.61799999999964 81.41399999999923 45.105999999997834 62.87599999999857 18.703999999999606 75.00399999999877 39.07799999999796 52.3639999999978 64.38999999999851 87.99199999999962 96.35599999999793 85.97369696969534 12.713696969696292 43.4396969696956 74.27369696969606 104.87369696969697 107.96969696969697 107.96969696969697
38.96666666666666 38.96666666666666 38.96666666666666 27.55916666666667 13.192499999999992 11.092500000000495 4.092500000000322 9.76000000000013 4.8600000000000705 18.38000000000002 4.999999999999993 9.899999999999984 5.0 30.100000000000005 25.19999999999999 26.366666666666642 19.466666666666644 19.466666666666672 25.76666666666667 38.96666666666666 38.96666666666666 38.96666666666666
45.24545454545453 45.24545454545453 45.24545454545453 38.000454545454545 18.698999999999984 31.05899999999966 25.703999999999766 26.71499999999968 21.912000000000017 30.8139999999993 24.398999999999464 18.172999999999803 16.088999999999928 20.806999999999924 14.424999999999937 28.86545454545403 30.179454545454053 40.43945454545453 44.678454545454514 44.67845454545453 45.24545454545453 45.24545454545453
20.999999999999993 20.999999999999993 20.999999999999993 20.414999999999992 8.589000000000002 17.328999999999944 9.523000000000014 10.527000000000033 7.645999999999844 10.382000000000009 9.310000000000098 10.45300000000016 10.356000000000076 16.029000000000217 8.527999999999789 8.616000000000092 6.680999999999993 13.998000000000161 18.11099999999999 20.810999999999993 20.999999999999993 20.999999999999993
345.75757575757575 345.75757575757575 345.75757575757575 316.11051693404636 175.38047058823764 159.9989999999989 193.9839999999973 190.56999999999348 217.050999999991 243.80799999998942 210.23499999999834 157.62999999999744 163.9649999999896 202.97099999998576 192.24699999999217 253.4715757575663 235.72463458110082 227.2191051693384 307.02157575757576 342.16657575757574 345.75757575757575 345.75757575757575
779.7575757575758 779.7575757575758 779.7575757575758 687.0125757575757 511.65600000000495 711.937 683.683 572.617 726.79 852.301 637.4150000000009 630.776 629.926 674.044 682.6790000000001 676.8155757575769 643.4255757575758 707.8925757575757 743.3345757575757 766.3385757575758 779.7575757575758 779.7575757575758
80.73333333333335 80.73333333333335 80.73333333333335 77.94333333333336 59.0370000000001 80.15700000000002 71.39100000000002 78.26 74.61900000000001 82.27300000000001 69.74400000000001 79.03000000000002 87.54700000000003 89.81700000000001 79.04100000000003 69.0153333333334 68.16033333333336 75.30933333333336 80.16633333333336 80.16633333333336 80.73333333333335 80.73333333333335
10.775757575757575 10.775757575757575 10.775757575757575 10.775757575757575 4.593000000000002 0.24200000000000088 0.24399999999999622 2.7010000000000005 0.7099999999999973 2.295999999999989 2.9959999999999956 2.085000000000002 2.040000000000001 0.7549999999999883 1.1650000000000116 5.375757575757563 4.4487575757575755 1.2177575757575774 5.024757575757576 10.775757575757575 10.775757575757575 10.775757575757575
2.545454545454545 2.545454545454545 2.545454545454545 1.735454545454545 0.9369999999999995 0.07699999999999985 1.3959999999999788 0.20999999999999952 0.666999999999956 0.4259999999999994 1.1259999999999941 0.8329999999999999 0.07699999999999985 0.7769999999999996 0.2099999999999994 0.6554545454545465 1.2224545454545395 1.2224545454545386 1.9784545454545448 1.9784545454545448 2.545454545454545 2.545454545454545
8.515433299825174 8.515433299825174 8.515433299825174 7.87840970635875 5.217812298850602 6.129325517241416 5.0911792413793355 6.547307603448132 8.0895377758618 6.905133206896166 7.6163274137926775 6.890031206896107 7.2337972586202195 5.432429844827654 5.641055637930984 6.222472431034495 5.507785507259462 6.086027758620681 6.440820172413792 7.808273706896552 7.546136159874608 8.035367931034484
700.0 700.0 700.0 699.1 683.8000000000002 685.6000000000001 681.1000000000003 688.3000000000002 682.9000000000002 682.0000000000001 681.1000000000003 686.5000000000002 687.4000000000002 687.4000000000002 687.4000000000002 689.2000000000002 678.4000000000003 686.5000000000002 691.0000000000002 700.0 700.0 697.3000000000001

H cap
-1.75 -1.75 29.75 19.25 12.25 1.75 22.75 22.75 5.25 5.25 1.75 12.25 -5.25 5.25 131.25 131.25 131.25 131.25 131.25 131.25 131.25 131.25
18.0 6.0 18.0 13.0 2.5 2.5 13.5 8.5 4.5 9.5 10.0 12.0 2.0 17.0 52.5 52.5 52.5 52.5 52.5 52.5 52.5 52.5
38.5 38.5 45.5 42.0 49.0 45.5 42.0 42.0 45.5 45.5 45.5 49.0 35.0 38.5 63.0 63.0 63.0 63.0 63.0 63.0 63.0 63.0
3.75 -2.25 -1.25 -5.25 5.75 -1.75 -0.75 -2.75 -1.75 5.25 -2.25 0.25 -6.25 3.75 78.75 78.75 78.75 78.75 78.75 78.75 78.75 78.75

Gap
NaN

Time
NaN

