T P M C
22 37 4 12

base obj
12.31080586080586

exp obj
13.524771062271064

Objective struct
12.31080586080586 0.0 17.166666666666668

num campaigns
111

x
0 0 0 0 1 0 0 0 1 0 0 0 1 0 0 0 1 0 0 0 0 0
0 0 0 0 0 0 0 0 0 0 0 0 0 0 0 0 0 0 0 0 0 0
0 0 0 0 0 0 0 0 0 0 1 0 0 0 1 0 0 0 0 0 0 0
0 0 0 0 1 0 0 0 0 0 1 0 0 0 0 0 1 0 0 0 0 0
0 0 0 0 1 0 0 0 1 0 0 1 0 0 1 0 0 0 0 0 0 0
0 0 0 0 0 0 0 0 0 0 1 0 0 0 0 0 0 0 0 0 0 0
0 0 0 0 1 0 0 0 0 1 0 0 0 0 0 1 0 0 0 0 0 0
0 0 0 0 0 0 0 0 0 0 0 0 1 0 0 0 0 0 0 0 0 0
0 0 0 0 0 0 0 0 1 0 0 0 0 0 0 0 0 0 0 0 0 0
0 0 0 0 0 0 0 0 1 0 0 0 0 0 1 0 0 0 0 0 0 0
0 0 0 0 1 0 0 0 0 0 0 0 0 0 0 0 1 0 0 0 0 0
0 0 0 0 0 0 0 0 0 0 0 0 0 0 1 0 0 0 0 0 0 0
0 0 0 0 0 0 0 0 0 0 0 0 0 0 0 0 1 0 0 0 0 0
0 0 0 0 0 0 1 0 0 0 0 0 1 0 0 0 0 0 0 0 0 0
0 0 0 0 0 0 0 0 0 0 0 0 0 0 0 0 0 0 0 0 0 0
0 0 0 0 0 0 0 0 0 0 1 0 0 0 0 0 0 0 0 0 0 0
0 0 0 0 1 0 0 0 0 0 0 0 0 0 0 0 1 0 0 0 0 0
0 0 0 0 0 0 1 0 0 0 0 0 0 0 0 0 0 0 0 0 0 0
0 0 0 0 1 0 1 0 1 0 1 0 0 0 1 0 1 0 0 0 0 0
0 0 0 0 1 0 0 0 0 0 0 0 0 0 0 0 0 0 0 0 0 0
0 0 0 0 1 0 0 0 0 0 1 0 0 0 0 0 1 0 0 0 0 0
0 0 0 0 0 0 0 0 0 0 0 0 0 0 0 0 0 0 0 0 0 0
0 0 0 0 0 0 1 0 0 0 0 0 0 0 0 0 0 0 0 0 0 0
0 0 0 0 0 0 0 0 1 0 0 0 0 0 1 0 0 0 0 0 0 0
0 0 0 0 0 0 0 0 0 0 0 0 0 0 0 0 0 0 0 0 0 0
0 0 0 0 1 0 0 0 0 0 0 0 0 0 0 0 1 0 0 0 0 0
0 0 0 0 0 0 1 0 0 0 0 0 1 0 0 0 0 0 0 0 0 0
0 0 0 0 0 0 0 0 0 0 0 0 0 0 1 0 0 0 0 0 0 0
0 0 0 0 0 0 0 0 0 0 0 0 0 0 0 0 0 0 0 0 0 0
0 0 0 0 1 1 1 1 1 1 1 1 1 1 1 1 1 0 0 0 0 0
0 0 0 0 1 1 1 1 1 1 1 1 1 1 1 1 1 0 0 0 0 0
0 0 0 0 1 1 1 1 1 1 1 1 1 1 1 1 1 0 0 0 0 0
0 0 0 0 1 0 0 0 0 0 0 0 1 1 1 0 0 0 0 0 0 0
0 0 0 0 1 1 1 1 1 1 1 1 1 1 1 1 1 0 0 0 0 0
0 0 0 0 0 0 0 1 1 0 0 1 0 1 1 1 0 0 0 0 0 0
0 0 0 0 0 0 0 0 0 0 0 0 0 0 0 0 0 0 0 0 0 0
0 0 0 0 0 0 0 0 0 0 0 0 0 0 0 0 0 0 0 0 0 0

y
0.0 0.0 0.0 0.0 0.0 0.0 0.0 0.0 0.0 4.285714285714286 0.0 0.0 0.0 0.0 0.0 0.0 0.0 0.0 0.0 0.0 0.0 0.0 0.0 0.0 0.0 0.0 0.0 0.0 0.0 0.0 0.0 0.0 0.52 0.0 0.0 0.0 0.0

k
0 3 2 0 1 2 0 0 0 6 0 0 2 1 2 0 0 0 1 0 0 2 0 1 2 0 1 0 6 0 0 0 22 0 7 13 2

f
5.25 5.25 0.0 0.0 0.0 8.75 0.0 0.0 1.75 0.0 0.0 0.0 0.0 0.0 0.0 0.0 0.0 0.0 0.0 0.0 0.0 0.0
0.0 0.0 0.0 0.0 0.0 0.0 0.0 0.0 0.0 0.0 0.0 0.0 0.0 0.0 0.0 0.0 0.0 0.0 0.0 0.0 0.0 0.0
0.0 0.0 0.0 0.0 0.0 0.0 0.0 0.0 0.0 0.0 0.0 0.0 0.0 0.0 0.0 0.0 0.0 0.0 0.0 0.0 0.0 0.0
0.0 4.25 0.75 2.25 2.75 2.25 0.0 2.75 1.25 0.25 0.75 0.25 6.75 0.0 0.0 0.0 0.0 0.0 0.0 0.0 0.0 0.0

L
4 0 4 6 3 0 5 0 0 6 12 0 0 6 0 0 12 0 2 0 6 0 0 6 0 12 6 0 0 1 1 1 1 1 1 0 0

g
0 0 0 0 0 0 0 0 0 0 0 0 0 0 0 0 0 0 0 0 0 0
0 0 0 0 0 0 0 0 0 0 0 0 0 0 0 0 0 0 0 0 0 0
0 0 0 0 0 0 0 0 0 0 0 0 0 0 0 0 0 0 0 0 0 0
0 0 0 0 0 0 0 0 0 0 0 0 0 0 0 0 0 0 0 0 0 0
0 0 0 0 0 0 0 0 0 0 0 0 0 0 0 0 0 0 0 0 0 0
0 0 0 0 0 0 0 0 0 0 0 0 0 0 0 0 0 0 0 0 0 0
0 0 0 0 0 0 0 0 0 0 0 0 0 0 0 0 0 0 0 0 0 0
0 0 0 0 0 0 0 0 0 0 0 0 0 0 0 0 0 0 0 0 0 0
0 0 0 0 0 0 0 0 0 0 0 0 0 0 0 0 0 0 0 0 0 0
0 0 0 0 0 0 0 0 0 0 0 0 0 0 0 0 0 0 0 0 0 0
0 0 0 0 0 0 0 0 0 0 0 0 0 0 0 0 0 0 0 0 0 0
0 0 0 0 0 0 0 0 0 0 0 0 0 0 0 0 0 0 0 0 0 0
0 0 0 0 0 0 0 0 0 0 0 0 0 0 0 0 0 0 0 0 0 0
0 0 0 0 0 0 0 0 0 0 0 0 0 0 0 0 0 0 0 0 0 0
0 0 0 0 0 0 0 0 0 0 0 0 0 0 0 0 0 0 0 0 0 0
0 0 0 0 0 0 0 0 0 0 0 0 0 0 0 0 0 0 0 0 0 0
0 0 0 0 0 0 0 0 0 0 0 0 0 0 0 0 0 0 0 0 0 0
0 0 0 0 0 0 0 0 0 0 0 0 0 0 0 0 0 0 0 0 0 0
0 0 0 0 0 0 0 0 0 0 0 0 0 0 0 0 0 0 0 0 0 0
0 0 0 0 0 0 0 0 0 0 0 0 0 0 0 0 0 0 0 0 0 0
0 0 0 0 0 0 0 0 0 0 0 0 0 0 0 0 0 0 0 0 0 0
0 0 0 0 0 0 0 0 0 0 0 0 0 0 0 0 0 0 0 0 0 0
0 0 0 0 0 0 0 0 0 0 0 0 0 0 0 0 0 0 0 0 0 0
0 0 0 0 0 0 0 0 0 0 0 0 0 0 0 0 0 0 0 0 0 0
0 0 0 0 0 0 0 0 0 0 0 0 0 0 0 0 0 0 0 0 0 0
0 0 0 0 0 0 0 0 0 0 0 0 0 0 0 0 0 0 0 0 0 0
0 0 0 0 0 0 0 0 0 0 0 0 0 0 0 0 0 0 0 0 0 0
0 0 0 0 0 0 0 0 0 0 0 0 0 0 0 0 0 0 0 0 0 0
0 0 0 0 0 0 0 0 0 0 0 0 0 0 0 0 0 0 0 0 0 0
0 0 0 0 0 0 0 0 0 0 0 0 0 0 0 0 0 0 0 0 0 0
0 0 0 0 0 0 0 0 0 0 0 0 0 0 0 0 0 0 0 0 0 0
0 0 0 0 0 0 0 0 0 0 0 0 0 0 0 0 0 0 0 0 0 0
0 0 0 0 0 0 0 0 0 0 0 0 0 0 0 0 0 0 0 0 0 0
0 0 0 0 0 0 0 0 0 0 0 0 0 0 0 0 0 0 0 0 0 0
0 0 0 0 0 0 0 0 0 0 0 0 0 0 0 0 0 0 0 0 0 0
0 0 0 0 0 0 0 0 0 0 0 0 0 0 0 0 0 0 0 0 0 0
0 0 0 0 0 0 0 0 0 0 0 0 0 0 0 0 0 0 0 0 0 0

I cap
1058.909090909091 1058.909090909091 966.2450909091127 966.2450909091075 793.0100000000348 936.5540000000329 914.4920000000184 1178.9820000000448 796.9340000000084 820.1700000000119 416.21400000001876 635.4960000000176 626.3280000000101 831.7380000000039 680.9220000000222 567.6170909090971 436.7930909091142 771.6830909090921 819.5450909090927 984.6050909090985 1058.909090909091 1058.909090909091
107.96969696969697 107.96969696969697 104.87369696969697 104.87369696969697 74.41000000000003 90.84599999999956 91.7079999999985 100.1179999999992 61.16599999999901 85.02999999999945 48.18599999999866 60.103999999998635 48.17199999999971 56.76199999999987 2.3779999999982877 4.361696969695181 3.7856969696966516 46.89569696969646 54.833696969695865 104.87369696969697 107.96969696969697 107.96969696969697
38.96666666666666 38.96666666666666 16.52666666666666 16.526666666666667 10.079999999999995 11.092500000000339 4.092500000000321 20.792500000000132 15.892500000000023 32.900000000000034 4.999999999999987 9.89999999999998 5.000000000000001 36.39999999999999 25.19999999999999 32.6666666666667 13.1666666666666 19.466666666666665 19.466666666666658 38.96666666666666 38.96666666666666 38.96666666666666
45.24545454545453 45.24545454545453 44.67845454545453 39.32345454545454 21.533999999999907 32.633999999999716 31.175999999999775 30.30599999999993 22.677 28.08699999999943 21.401999999999425 19.000999999999898 17.285999999999987 18.898999999999955 9.69999999999985 23.86145454545427 32.006454545454226 44.039454545454504 44.345454545454515 44.67845454545453 45.24545454545453 45.24545454545453
20.999999999999993 20.999999999999993 20.810999999999993 20.49599999999999 8.95800000000002 17.517999999999997 12.591999999999995 13.722000000000062 9.995000000000033 9.90499999999997 8.185000000000073 10.525000000000116 10.401000000000113 15.07500000000014 6.727999999999873 6.761999999999954 7.329000000000102 15.34800000000011 18.110999999999986 20.810999999999993 20.999999999999993 20.999999999999993
345.75757575757575 345.75757575757575 342.16657575757574 312.51951693404635 174.18347058823628 158.80199999999874 198.22299999999666 202.91799999999537 202.84899999999328 178.63899999999296 164.24499999999875 179.75199999999867 222.87899999999215 240.3119999999903 193.821999999995 227.6865757575679 251.12363458110013 245.63310516933896 295.3665757575758 342.16657575757574 345.75757575757575 345.75757575757575
779.7575757575758 779.7575757575758 766.3385757575758 695.4635757575758 542.1750000000038 727.8760000000001 824.8480000000001 769.672 847.7139999999999 838.4139999999999 616.382000000001 649.1090000000002 621.6370000000001 675.5470000000001 676.8380000000001 661.0385757575758 620.8175757575757 696.1835757575757 723.0215757575758 766.3385757575758 779.7575757575758 779.7575757575758
80.73333333333335 80.73333333333335 80.16633333333336 79.53633333333336 62.304 81.98400000000002 75.30600000000003 78.74600000000002 75.53699999999999 81.607 66.51300000000003 77.84200000000003 86.86300000000003 88.188 75.47700000000002 65.98233333333336 67.67433333333335 77.03733333333335 80.16633333333336 80.16633333333336 80.73333333333335 80.73333333333335
10.775757575757575 10.775757575757575 10.775757575757575 10.775757575757575 4.5930000000000035 0.24199999999999733 1.1890000000000018 1.8999999999999955 0.0800000000000014 1.5399999999999894 2.554999999999997 1.9499999999999909 1.7700000000000045 1.6549999999999874 0.5350000000000072 4.520757575757573 4.448757575757574 1.2177575757575738 5.024757575757574 10.775757575757575 10.775757575757575 10.775757575757575
2.545454545454545 2.545454545454545 1.9784545454545448 1.9784545454545448 2.0439999999999996 0.6439999999999999 1.665999999999979 0.15599999999999947 0.7479999999999365 0.5879999999999987 1.0179999999999785 0.2659999999999998 0.6439999999999999 1.3439999999999996 0.0749999999999994 0.7634545454545446 0.1424545454545414 0.4394545454545449 0.9794545454545447 1.9784545454545448 2.545454545454545 2.545454545454545
8.515433299825174 8.515433299825174 8.515433299825174 7.87840970635875 4.805053522988533 5.663808275862093 5.707213724137994 8.021445534482663 8.139192948275648 6.998236810344625 7.942189482758287 7.516927758620426 6.693797258620387 5.193464327586253 5.866055637931042 6.067300017241398 6.283647576225009 6.706717413793099 6.751164999999999 7.4979288793103445 7.546136159874608 8.035367931034484
700.0 700.0 699.1 697.3000000000001 683.8000000000002 688.3000000000002 679.3000000000003 690.1 682.9000000000001 687.4000000000002 682.0000000000003 685.6000000000003 687.4000000000002 690.1000000000001 682.9000000000002 683.8000000000002 679.3000000000003 685.6000000000001 690.1000000000003 698.2 700.0 695.5

H cap
-5.25 -5.25 33.25 33.25 1.75 -8.75 8.75 8.75 -1.75 8.75 33.25 22.75 15.75 26.25 131.25 131.25 131.25 131.25 131.25 131.25 131.25 131.25
19.0 7.0 20.5 17.5 7.5 8.5 16.5 13.5 2.5 1.5 5.0 6.0 4.0 21.0 52.5 52.5 52.5 52.5 52.5 52.5 52.5 52.5
35.0 35.0 49.0 49.0 42.0 42.0 49.0 45.5 49.0 52.5 45.5 45.5 38.5 38.5 63.0 63.0 63.0 63.0 63.0 63.0 63.0 63.0
1.75 -4.25 -0.75 -2.25 -2.75 -2.25 0.25 -2.75 -1.25 -0.25 -0.75 -0.25 -6.75 1.75 78.75 78.75 78.75 78.75 78.75 78.75 78.75 78.75

Gap
NaN

Time
NaN

