T P M C
22 37 4 12

base obj
12.242216117216117

exp obj
13.598328754578755

Objective struct
12.242216117216117 0.0 17.666666666666668

num campaigns
115

x
0 0 0 0 0 0 0 0 1 0 0 0 1 0 1 0 1 0 0 0 0 0
0 0 0 0 0 0 0 0 0 0 0 0 0 0 0 0 0 0 0 0 0 0
0 0 0 0 1 0 0 0 0 0 0 1 0 0 0 0 0 0 0 0 0 0
0 0 0 0 1 0 0 0 0 0 1 0 0 0 0 0 1 0 0 0 0 0
0 0 0 0 1 0 0 1 0 0 1 0 0 1 0 0 1 0 0 0 0 0
0 0 0 0 0 0 0 0 1 0 0 0 0 0 1 0 0 0 0 0 0 0
0 0 0 0 1 0 0 0 0 0 1 0 0 0 0 0 1 0 0 0 0 0
0 0 0 0 0 0 0 0 0 0 1 0 0 0 0 0 0 0 0 0 0 0
0 0 0 0 1 0 0 0 0 0 0 0 0 0 0 0 0 0 0 0 0 0
0 0 0 0 0 0 1 0 0 0 1 0 1 0 0 0 0 0 0 0 0 0
0 0 0 0 1 0 0 0 0 0 0 0 0 0 0 0 1 0 0 0 0 0
0 0 0 0 0 0 0 0 1 0 0 0 0 0 0 0 0 0 0 0 0 0
0 0 0 0 0 0 1 0 0 0 0 0 0 0 0 0 0 0 0 0 0 0
0 0 0 0 0 0 0 0 0 0 1 0 0 0 0 0 1 0 0 0 0 0
0 0 0 0 0 0 0 0 0 0 0 0 0 0 0 0 0 0 0 0 0 0
0 0 0 0 0 0 0 0 0 0 0 0 1 0 0 0 0 0 0 0 0 0
0 0 0 0 1 0 0 0 0 0 0 0 0 0 1 0 0 0 0 0 0 0
0 0 0 0 0 0 1 0 0 0 0 0 0 0 0 0 0 0 0 0 0 0
0 0 0 0 1 0 1 0 1 0 1 0 0 1 0 1 0 0 0 0 0 0
0 0 0 0 1 0 0 0 0 0 0 0 0 0 0 0 0 0 0 0 0 0
0 0 0 0 1 0 0 0 0 0 1 0 0 0 0 0 1 0 0 0 0 0
0 0 0 0 0 0 0 0 0 0 0 0 0 0 0 0 0 0 0 0 0 0
0 0 0 0 0 0 1 0 0 0 0 0 0 0 0 0 0 0 0 0 0 0
0 0 0 0 0 0 0 0 0 0 0 0 0 0 0 0 0 0 0 0 0 0
0 0 0 0 0 0 0 0 0 0 0 0 0 0 0 0 0 0 0 0 0 0
0 0 0 0 1 0 0 0 0 0 0 0 0 0 0 0 1 0 0 0 0 0
0 0 0 0 0 0 0 0 1 0 0 0 0 0 0 0 1 0 0 0 0 0
0 0 0 0 0 0 1 0 0 0 0 0 0 0 0 0 0 0 0 0 0 0
0 0 0 0 0 0 0 0 0 0 0 0 0 0 0 0 0 0 0 0 0 0
0 0 0 0 1 1 1 1 1 1 1 1 1 1 1 1 1 0 0 0 0 0
0 0 0 0 1 1 1 1 1 1 1 1 1 1 1 1 1 0 0 0 0 0
0 0 0 0 1 1 1 1 1 1 1 1 1 1 1 1 1 0 0 0 0 0
0 0 0 0 1 1 1 0 1 1 1 0 1 1 0 0 0 0 0 0 0 0
0 0 0 0 1 1 1 1 1 1 1 1 1 1 1 1 1 0 0 0 0 0
0 0 0 0 0 0 1 1 1 0 1 0 1 0 0 0 0 0 0 0 0 0
0 0 0 0 0 0 0 0 0 0 0 0 0 0 0 0 0 0 0 0 0 0
0 0 0 0 0 0 0 0 0 0 0 0 0 0 0 0 0 0 0 0 0 0

y
0.0 0.0 3.0 0.0 0.0 0.0 0.0 0.0 0.0 0.2857142857142858 0.0 0.0 0.0 0.0 0.0 0.0 0.0 0.0 0.0 0.0 0.0 0.0 0.0 0.0 0.0 0.0 2.0 0.0 0.0 0.0 0.0 0.0 0.52 0.0 0.0 0.0 0.0

k
0 3 2 0 0 1 0 0 0 5 0 0 2 1 2 0 0 0 1 0 0 2 0 3 2 0 1 0 6 0 0 0 18 0 8 13 2

f
0.0 0.0 0.0 5.25 5.25 0.0 0.0 0.0 0.0 0.0 0.0 0.0 1.75 0.0 0.0 0.0 0.0 0.0 0.0 0.0 0.0 0.0
0.0 0.0 0.0 0.0 0.0 0.0 2.0 1.5 0.0 0.0 0.0 0.0 0.0 0.0 0.0 0.0 0.0 0.0 0.0 0.0 0.0 0.0
0.0 0.0 0.0 0.0 0.0 0.0 0.0 0.0 0.0 0.0 0.0 0.0 0.0 0.0 0.0 0.0 0.0 0.0 0.0 0.0 0.0 0.0
0.0 0.25 1.25 3.75 5.25 2.75 0.0 2.25 1.75 0.0 2.25 0.0 5.25 0.0 0.0 0.0 0.0 0.0 0.0 0.0 0.0 0.0

L
2 0 7 6 3 6 6 0 0 2 12 0 0 6 0 0 10 0 2 0 6 0 0 0 0 12 8 0 0 1 1 1 1 1 1 0 0

g
0 0 0 0 0 0 0 0 0 0 0 0 0 0 0 0 0 0 0 0 0 0
0 0 0 0 0 0 0 0 0 0 0 0 0 0 0 0 0 0 0 0 0 0
0 0 0 0 0 0 0 0 0 0 0 0 0 0 0 0 0 0 0 0 0 0
0 0 0 0 0 0 0 0 0 0 0 0 0 0 0 0 0 0 0 0 0 0
0 0 0 0 0 0 0 0 0 0 0 0 0 0 0 0 0 0 0 0 0 0
0 0 0 0 0 0 0 0 0 0 0 0 0 0 0 0 0 0 0 0 0 0
0 0 0 0 0 0 0 0 0 0 0 0 0 0 0 0 0 0 0 0 0 0
0 0 0 0 0 0 0 0 0 0 0 0 0 0 0 0 0 0 0 0 0 0
0 0 0 0 0 0 0 0 0 0 0 0 0 0 0 0 0 0 0 0 0 0
0 0 0 0 0 0 0 0 0 0 0 0 0 0 0 0 0 0 0 0 0 0
0 0 0 0 0 0 0 0 0 0 0 0 0 0 0 0 0 0 0 0 0 0
0 0 0 0 0 0 0 0 0 0 0 0 0 0 0 0 0 0 0 0 0 0
0 0 0 0 0 0 0 0 0 0 0 0 0 0 0 0 0 0 0 0 0 0
0 0 0 0 0 0 0 0 0 0 0 0 0 0 0 0 0 0 0 0 0 0
0 0 0 0 0 0 0 0 0 0 0 0 0 0 0 0 0 0 0 0 0 0
0 0 0 0 0 0 0 0 0 0 0 0 0 0 0 0 0 0 0 0 0 0
0 0 0 0 0 0 0 0 0 0 0 0 0 0 0 0 0 0 0 0 0 0
0 0 0 0 0 0 0 0 0 0 0 0 0 0 0 0 0 0 0 0 0 0
0 0 0 0 0 0 0 0 0 0 0 0 0 0 0 0 0 0 0 0 0 0
0 0 0 0 0 0 0 0 0 0 0 0 0 0 0 0 0 0 0 0 0 0
0 0 0 0 0 0 0 0 0 0 0 0 0 0 0 0 0 0 0 0 0 0
0 0 0 0 0 0 0 0 0 0 0 0 0 0 0 0 0 0 0 0 0 0
0 0 0 0 0 0 0 0 0 0 0 0 0 0 0 0 0 0 0 0 0 0
0 0 0 0 0 0 0 0 0 0 0 0 0 0 0 0 0 0 0 0 0 0
0 0 0 0 0 0 0 0 0 0 0 0 0 0 0 0 0 0 0 0 0 0
0 0 0 0 0 0 0 0 0 0 0 0 0 0 0 0 0 0 0 0 0 0
0 0 0 0 0 0 0 0 0 0 0 0 0 0 0 0 0 0 0 0 0 0
0 0 0 0 0 0 0 0 0 0 0 0 0 0 0 0 0 0 0 0 0 0
0 0 0 0 0 0 0 0 0 0 0 0 0 0 0 0 0 0 0 0 0 0
0 0 0 0 0 0 0 0 0 0 0 0 0 0 0 0 0 0 0 0 0 0
0 0 0 0 0 0 0 0 0 0 0 0 0 0 0 0 0 0 0 0 0 0
0 0 0 0 0 0 0 0 0 0 0 0 0 0 0 0 0 0 0 0 0 0
0 0 0 0 0 0 0 0 0 0 0 0 0 0 0 0 0 0 0 0 0 0
0 0 0 0 0 0 0 0 0 0 0 0 0 0 0 0 0 0 0 0 0 0
0 0 0 0 0 0 0 0 0 0 0 0 0 0 0 0 0 0 0 0 0 0
0 0 0 0 0 0 0 0 0 0 0 0 0 0 0 0 0 0 0 0 0 0
0 0 0 0 0 0 0 0 0 0 0 0 0 0 0 0 0 0 0 0 0 0

I cap
1058.909090909091 1058.909090909091 1040.5490909091095 1024.8890909091056 790.7960000000166 942.4400000000179 847.8560000000134 1091.4660000000292 546.8960000000039 840.3300000000112 452.03400000002114 634.9560000000055 624.8700000000078 698.6280000000004 684.8460000000092 707.081090909094 330.9710909091071 629.3930909090914 774.4550909090913 984.605090909091 1058.909090909091 1058.909090909091
107.96969696969697 107.96969696969697 107.96969696969697 97.52969696969697 43.32399999999991 75.95999999999945 36.843999999998275 52.63399999999899 7.004000000000481 69.37000000000015 4.265999999998918 44.44399999999892 38.830000000000105 24.271999999999906 102.85399999999848 95.29769696969525 39.40769696969694 65.88569696969661 72.02369696969627 104.87369696969697 107.96969696969697 107.96969696969697
38.96666666666666 38.96666666666666 16.52666666666666 16.526666666666667 10.080000000000002 11.092500000000205 4.092500000000131 20.792500000000054 15.892500000000018 32.900000000000006 4.999999999999987 9.899999999999995 5.000000000000001 30.10000000000002 25.2 26.366666666666656 19.466666666666686 19.466666666666672 25.766666666666655 38.96666666666666 38.96666666666666 38.96666666666666
45.24545454545453 45.24545454545453 45.24545454545453 38.00045454545453 16.25099999999985 27.84599999999982 25.28999999999966 30.989999999999608 24.00899999999973 27.618999999999794 20.789999999999658 16.282999999999962 15.89099999999995 15.271999999999998 17.296000000000014 31.493454545454572 33.635454545454365 40.610454545454516 42.51845454545453 44.67845454545453 45.24545454545453 45.24545454545453
20.999999999999993 20.999999999999993 20.999999999999993 20.414999999999992 6.365999999999997 14.494000000000018 9.261999999999947 13.020000000000099 9.00500000000002 9.742999999999935 9.904000000000043 9.975999999999981 9.446999999999962 11.942999999999998 9.787999999999997 11.06400000000005 9.407999999999966 14.583000000000133 18.110999999999994 20.810999999999993 20.999999999999993 20.999999999999993
345.75757575757575 345.75757575757575 345.75757575757575 316.11051693404636 172.3384705882358 155.2739999999993 169.51299999999753 179.08599999999575 224.10699999999534 226.31199999999507 173.5149999999994 148.61199999999914 178.84199999999308 184.66499999999306 194.51499999999572 203.37757575757072 244.49063458110032 297.30210516933937 323.26657575757577 342.16657575757574 345.75757575757575 345.75757575757575
779.7575757575758 779.7575757575758 779.7575757575758 687.0125757575757 407.76900000000217 541.144 711.43 732.934 661.855 679.051 637.2440000000001 656.633 617.6859999999999 710.935 746.3630000000002 671.1635757575762 643.9205757575758 694.1945757575758 737.7185757575758 766.3385757575758 779.7575757575758 779.7575757575758
80.73333333333335 80.73333333333335 80.73333333333335 77.94333333333336 57.794999999999945 78.45600000000002 71.44500000000002 80.31200000000001 73.575 80.644 68.43900000000002 77.14000000000003 86.60200000000002 86.16300000000001 77.97000000000003 69.84333333333339 69.42033333333336 75.03033333333336 80.16633333333336 80.16633333333336 80.73333333333335 80.73333333333335
10.775757575757575 10.775757575757575 10.775757575757575 10.775757575757575 4.593000000000007 0.24200000000000088 0.46900000000000297 3.6999999999999917 1.295 1.314999999999996 1.384999999999995 1.9949999999999997 0.37500000000000777 1.6999999999999886 4.558000000000007 1.2177575757575738 2.864757575757574 6.455757575757573 6.455757575757575 10.775757575757575 10.775757575757575 10.775757575757575
2.545454545454545 2.545454545454545 2.545454545454545 1.735454545454545 1.5039999999999998 0.6439999999999999 0.5859999999999929 0.18299999999999939 0.15399999999999414 0.6959999999999994 1.017999999999994 0.2659999999999998 0.07699999999999985 0.7769999999999996 0.2099999999999994 0.6554545454545474 1.222454545454544 1.2224545454545404 1.9784545454545448 1.9784545454545448 2.545454545454545 2.545454545454545
8.515433299825174 8.515433299825174 8.515433299825174 7.87840970635875 4.28677766091953 4.887946206896564 4.698593034482774 6.547307603448231 8.187296241379157 6.998236655172229 7.399085879310085 6.57968637931019 6.6906939655169655 5.510016206896582 6.4945042241379385 6.377644999999991 6.050888955535379 6.39637243103448 6.751164844827586 7.4979288793103445 7.546136159874608 8.656057586206897
700.0 700.0 699.1 698.2 682.9000000000002 686.5000000000002 680.2000000000004 689.2000000000002 683.8000000000003 691.0000000000002 682.0000000000003 681.1000000000003 684.7000000000003 688.3000000000002 688.3000000000002 687.4000000000001 680.2000000000004 684.7000000000003 689.2000000000002 694.6 700.0 697.3

H cap
1.75 1.75 5.25 -5.25 -5.25 5.25 15.75 5.25 22.75 12.25 12.25 22.75 -1.75 8.75 131.25 131.25 131.25 131.25 131.25 131.25 131.25 131.25
18.5 3.5 9.5 7.5 5.5 7.5 -2.0 -1.5 7.0 4.5 11.5 16.5 7.0 19.0 52.5 52.5 52.5 52.5 52.5 52.5 52.5 52.5
31.5 31.5 45.5 42.0 49.0 52.5 45.5 42.0 49.0 45.5 49.0 52.5 38.5 42.0 63.0 63.0 63.0 63.0 63.0 63.0 63.0 63.0
7.25 -0.25 -1.25 -3.75 -5.25 -2.75 7.25 -2.25 -1.75 2.75 -2.25 1.75 -5.25 3.25 78.75 78.75 78.75 78.75 78.75 78.75 78.75 78.75

Gap
NaN

Time
NaN

