T P M C
22 37 4 12

base obj
12.376739926739925

exp obj
13.574221611721612

Objective struct
12.376739926739925 0.0 17.166666666666668

num campaigns
113

x
0 0 0 0 1 0 0 0 1 0 0 0 1 0 0 0 1 0 0 0 0 0
0 0 0 0 1 0 0 0 0 0 0 0 0 0 1 0 0 0 0 0 0 0
0 0 0 0 0 0 0 1 0 0 0 0 0 0 1 0 0 0 0 0 0 0
0 0 0 0 1 0 0 0 0 1 0 0 0 0 1 0 0 0 0 0 0 0
0 0 0 0 0 0 1 0 0 1 0 0 1 0 0 1 0 0 0 0 0 0
0 0 0 0 0 0 0 0 0 0 0 0 0 0 0 0 0 0 0 0 0 0
0 0 0 0 1 0 0 0 0 0 1 0 0 0 0 0 1 0 0 0 0 0
0 0 0 0 0 0 1 0 0 0 0 0 0 0 0 0 0 0 0 0 0 0
0 0 0 0 0 0 0 0 0 0 0 0 0 0 0 0 1 0 0 0 0 0
0 0 0 0 0 0 0 0 1 0 0 0 1 0 0 0 0 0 0 0 0 0
0 0 0 0 0 0 1 0 0 0 0 0 0 0 0 0 1 0 0 0 0 0
0 0 0 0 0 0 1 0 0 0 0 0 0 0 0 0 0 0 0 0 0 0
0 0 0 0 0 0 0 0 0 0 0 0 0 0 0 0 0 0 0 0 0 0
0 0 0 0 1 0 0 0 0 0 0 0 1 0 0 0 0 0 0 0 0 0
0 0 0 0 0 0 0 0 0 0 0 0 0 0 0 0 0 0 0 0 0 0
0 0 0 0 0 0 0 0 1 0 0 0 0 0 0 0 0 0 0 0 0 0
0 0 0 0 0 0 0 0 0 0 1 0 0 0 0 0 1 0 0 0 0 0
0 0 0 0 0 0 0 0 0 0 0 0 0 0 1 0 0 0 0 0 0 0
0 0 0 0 0 0 1 0 1 0 0 1 0 1 0 0 1 0 0 0 0 0
0 0 0 0 0 1 0 0 0 0 0 0 0 0 0 0 0 0 0 0 0 0
0 0 0 0 0 0 1 0 0 0 1 0 0 0 1 0 0 0 0 0 0 0
0 0 0 0 0 0 0 0 0 0 0 0 0 0 0 0 0 0 0 0 0 0
0 0 0 0 0 0 0 0 0 0 1 0 0 0 0 0 0 0 0 0 0 0
0 0 0 0 0 0 1 0 0 0 0 0 0 0 1 0 0 0 0 0 0 0
0 0 0 0 0 0 0 0 0 0 0 0 0 0 0 0 0 0 0 0 0 0
0 0 0 0 1 0 0 0 0 0 0 0 0 0 0 0 1 0 0 0 0 0
0 0 0 0 1 0 0 0 0 0 0 0 1 0 0 0 0 0 0 0 0 0
0 0 0 0 0 0 0 0 0 0 1 0 0 0 0 0 0 0 0 0 0 0
0 0 0 0 0 0 0 0 0 0 0 0 0 0 0 0 0 0 0 0 0 0
0 0 0 0 1 1 1 1 1 1 1 1 1 1 1 1 1 0 0 0 0 0
0 0 0 0 1 1 1 1 1 1 1 1 1 1 1 1 1 0 0 0 0 0
0 0 0 0 0 1 1 1 1 1 1 1 1 1 1 1 1 0 0 0 0 0
0 0 0 0 0 0 1 0 0 1 1 1 0 1 1 1 1 0 0 0 0 0
0 0 0 0 1 1 1 1 1 1 1 1 1 1 1 1 1 0 0 0 0 0
0 0 0 0 0 1 0 1 0 1 0 0 0 1 1 1 0 0 0 0 0 0
0 0 0 0 0 0 0 0 0 0 0 0 0 0 0 0 0 0 0 0 0 0
0 0 0 0 0 0 0 0 0 0 0 0 0 0 0 0 0 0 0 0 0 0

y
0.0 4.0 3.0 0.0 0.0 0.0 0.0 0.0 0.0 2.2857142857142856 0.0 0.0 0.0 2.0 0.0 0.0 0.0 0.0 0.0 0.0 0.0 0.0 0.0 2.0 0.0 0.0 2.0 0.0 0.0 0.0 0.0 0.0 0.52 0.0 0.0 0.0 0.0

k
0 1 2 0 1 3 0 0 0 6 0 0 3 1 2 0 0 0 2 0 0 2 0 1 2 0 1 0 6 0 0 1 18 0 7 13 2

f
0.0 5.25 0.0 0.0 0.0 0.0 0.0 0.0 0.0 0.0 0.0 0.0 8.75 0.0 0.0 0.0 0.0 0.0 0.0 0.0 0.0 0.0
0.0 0.0 0.0 0.0 0.0 0.0 0.0 0.0 0.0 0.0 0.0 0.0 0.0 0.0 0.0 0.0 0.0 0.0 0.0 0.0 0.0 0.0
0.0 0.0 0.0 0.0 0.0 0.0 0.0 0.0 0.0 0.0 0.0 0.0 0.0 0.0 0.0 0.0 0.0 0.0 0.0 0.0 0.0 0.0
0.0 12.25 0.0 2.75 2.75 0.75 2.25 0.0 0.25 1.75 0.0 0.0 0.0 0.0 0.0 0.0 0.0 0.0 0.0 0.0 0.0 0.0

L
4 10 7 5 3 0 6 0 0 4 10 0 0 8 0 0 6 0 2 0 4 0 0 8 0 12 8 0 0 1 1 1 1 1 1 0 0

g
0 0 0 0 0 0 0 0 0 0 0 0 0 0 0 0 0 0 0 0 0 0
0 0 0 0 0 0 0 0 0 0 0 0 0 0 0 0 0 0 0 0 0 0
0 0 0 0 0 0 0 0 0 0 0 0 0 0 0 0 0 0 0 0 0 0
0 0 0 0 0 0 0 0 0 0 0 0 0 0 0 0 0 0 0 0 0 0
0 0 0 0 0 0 0 0 0 0 0 0 0 0 0 0 0 0 0 0 0 0
0 0 0 0 0 0 0 0 0 0 0 0 0 0 0 0 0 0 0 0 0 0
0 0 0 0 0 0 0 0 0 0 0 0 0 0 0 0 0 0 0 0 0 0
0 0 0 0 0 0 0 0 0 0 0 0 0 0 0 0 0 0 0 0 0 0
0 0 0 0 0 0 0 0 0 0 0 0 0 0 0 0 0 0 0 0 0 0
0 0 0 0 0 0 0 0 0 0 0 0 0 0 0 0 0 0 0 0 0 0
0 0 0 0 0 0 0 0 0 0 0 0 0 0 0 0 0 0 0 0 0 0
0 0 0 0 0 0 0 0 0 0 0 0 0 0 0 0 0 0 0 0 0 0
0 0 0 0 0 0 0 0 0 0 0 0 0 0 0 0 0 0 0 0 0 0
0 0 0 0 0 0 0 0 0 0 0 0 0 0 0 0 0 0 0 0 0 0
0 0 0 0 0 0 0 0 0 0 0 0 0 0 0 0 0 0 0 0 0 0
0 0 0 0 0 0 0 0 0 0 0 0 0 0 0 0 0 0 0 0 0 0
0 0 0 0 0 0 0 0 0 0 0 0 0 0 0 0 0 0 0 0 0 0
0 0 0 0 0 0 0 0 0 0 0 0 0 0 0 0 0 0 0 0 0 0
0 0 0 0 0 0 0 0 0 0 0 0 0 0 0 0 0 0 0 0 0 0
0 0 0 0 0 0 0 0 0 0 0 0 0 0 0 0 0 0 0 0 0 0
0 0 0 0 0 0 0 0 0 0 0 0 0 0 0 0 0 0 0 0 0 0
0 0 0 0 0 0 0 0 0 0 0 0 0 0 0 0 0 0 0 0 0 0
0 0 0 0 0 0 0 0 0 0 0 0 0 0 0 0 0 0 0 0 0 0
0 0 0 0 0 0 0 0 0 0 0 0 0 0 0 0 0 0 0 0 0 0
0 0 0 0 0 0 0 0 0 0 0 0 0 0 0 0 0 0 0 0 0 0
0 0 0 0 0 0 0 0 0 0 0 0 0 0 0 0 0 0 0 0 0 0
0 0 0 0 0 0 0 0 0 0 0 0 0 0 0 0 0 0 0 0 0 0
0 0 0 0 0 0 0 0 0 0 0 0 0 0 0 0 0 0 0 0 0 0
0 0 0 0 0 0 0 0 0 0 0 0 0 0 0 0 0 0 0 0 0 0
0 0 0 0 0 0 0 0 0 0 0 0 0 0 0 0 0 0 0 0 0 0
0 0 0 0 0 0 0 0 0 0 0 0 0 0 0 0 0 0 0 0 0 0
0 0 0 0 0 0 0 0 0 0 0 0 0 0 0 0 0 0 0 0 0 0
0 0 0 0 0 0 0 0 0 0 0 0 0 0 0 0 0 0 0 0 0 0
0 0 0 0 0 0 0 0 0 0 0 0 0 0 0 0 0 0 0 0 0 0
0 0 0 0 0 0 0 0 0 0 0 0 0 0 0 0 0 0 0 0 0 0
0 0 0 0 0 0 0 0 0 0 0 0 0 0 0 0 0 0 0 0 0 0
0 0 0 0 0 0 0 0 0 0 0 0 0 0 0 0 0 0 0 0 0 0

I cap
1058.909090909091 1058.909090909091 984.6050909091017 923.9450909090962 634.4300000000158 886.4240000000148 856.802000000012 1027.6920000000139 671.4740000000036 669.1320000000028 703.8360000000055 783.0420000000012 742.2840000000033 821.3340000000007 581.8320000000074 731.2910909090921 550.5890909090975 779.6030909090912 862.205090909092 972.7250909090945 1058.909090909091 1058.909090909091
107.96969696969697 107.96969696969697 104.87369696969697 104.87369696969697 61.81 80.49599999999968 7.197999999999215 25.507999999999132 2.126000000000168 46.167999999999736 109.76399999999951 109.65799999999948 78.01599999999983 65.36600000000001 87.96799999999949 82.78769696969655 28.589696969696917 62.37569696969669 65.27369696969674 96.95369696969696 107.96969696969697 107.96969696969697
38.96666666666666 38.96666666666666 38.96666666666666 16.526666666666667 21.659999999999993 27.480000000000086 21.800000000000058 19.00000000000006 14.100000000000037 32.90000000000006 11.29999999999999 9.899999999999999 5.0 12.392499999999988 0.5924999999999976 8.059166666666673 8.059166666666616 32.66666666666666 32.66666666666667 38.96666666666666 38.96666666666666 38.96666666666666
45.24545454545453 45.24545454545453 44.67845454545453 38.567454545454524 18.680999999999973 28.84499999999993 26.603999999999957 28.938000000000034 21.678000000000125 22.938999999999837 32.25599999999987 25.256 20.48100000000003 17.134999999999994 12.030999999999903 27.425454545454304 32.78945454545445 42.72545454545451 43.16645454545453 44.67845454545453 45.24545454545453 45.24545454545453
20.999999999999993 20.999999999999993 20.810999999999993 20.49599999999999 8.39100000000002 16.951000000000008 11.269000000000041 10.581000000000005 6.404000000000004 5.071999999999944 14.692000000000032 14.692000000000062 13.227000000000036 15.05700000000013 6.6199999999999815 8.598000000000047 9.488999999999967 15.096000000000062 17.894999999999996 20.810999999999993 20.999999999999993 20.999999999999993
345.75757575757575 345.75757575757575 342.16657575757574 335.74057575757575 205.34994117647065 216.88747058823444 221.31699999999796 179.18499999999838 168.43299999999834 168.3159999999977 178.30299999999966 163.408 191.15399999999747 203.31299999999587 207.51999999999893 255.65857575757306 266.1176345811043 261.3831051693393 307.02157575757576 342.16657575757574 345.75757575757575 345.75757575757575
779.7575757575758 779.7575757575758 766.3385757575758 737.9885757575757 566.0340000000008 639.829 723.2019999999998 709.966 710.7339999999999 632.899 668.5190000000002 754.8050000000002 761.137 685.8159999999999 588.6560000000003 535.3625757575759 598.614575757576 703.2215757575757 725.8385757575758 766.3385757575758 779.7575757575758 779.7575757575758
80.73333333333335 80.73333333333335 80.16633333333336 79.53633333333336 61.54800000000006 81.22800000000002 71.66100000000003 76.39700000000002 74.02499999999999 79.51 75.30600000000003 82.30600000000003 90.19300000000001 89.223 78.17700000000002 67.61133333333336 67.78233333333336 75.02133333333335 78.43833333333336 80.16633333333336 80.73333333333335 80.73333333333335
10.775757575757575 10.775757575757575 10.775757575757575 9.641757575757575 4.620000000000002 1.1960000000000002 0.5860000000000016 0.2349999999999972 0.03499999999999881 0.6399999999999908 0.6380000000000052 0.9420000000000002 2.588999999999997 1.4659999999999997 0.8050000000000086 4.916757575757574 3.989757575757577 1.2177575757575774 5.024757575757576 10.775757575757575 10.775757575757575 10.775757575757575
2.545454545454545 2.545454545454545 1.9784545454545448 0.8444545454545447 1.3689999999999996 0.1849999999999999 0.3159999999999979 0.3179999999999994 1.3959999999999824 1.3439999999999996 1.6659999999999995 0.2659999999999998 0.6439999999999999 0.20999999999999996 0.2909999999999997 0.14245454545454517 0.034454545454539964 1.0334545454545432 1.3304545454545447 1.9784545454545448 2.545454545454545 2.545454545454545
8.515433299825174 8.515433299825174 8.515433299825174 8.188754533944957 5.539536281609195 5.829325206896564 4.838248206896562 6.7800663793103295 7.799365517241353 6.383754051724071 7.402189327586088 8.36416898275857 7.233797103448194 4.883119500000013 5.229848896551735 5.1207484482758705 5.909682214156078 6.396372586206895 6.440820172413792 7.808273706896552 7.546136159874608 8.34571275862069
700.0 700.0 700.0 697.3000000000001 685.6000000000003 687.4000000000001 682.0000000000002 687.4000000000002 683.8000000000003 689.2000000000002 682.9000000000002 688.3000000000001 682.9000000000002 686.5000000000002 680.2000000000003 687.4000000000002 684.7000000000002 685.6000000000001 691.9000000000002 698.2 700.0 698.2

H cap
5.25 -5.25 5.25 5.25 12.25 1.75 8.75 19.25 29.75 29.75 8.75 8.75 -8.75 1.75 131.25 131.25 131.25 131.25 131.25 131.25 131.25 131.25
23.0 8.0 11.5 9.0 10.0 5.0 8.0 15.5 5.5 2.5 8.5 6.5 0.5 20.5 52.5 52.5 52.5 52.5 52.5 52.5 52.5 52.5
45.5 42.0 42.0 42.0 45.5 42.0 49.0 52.5 45.5 45.5 42.0 42.0 38.5 42.0 63.0 63.0 63.0 63.0 63.0 63.0 63.0 63.0
2.75 -12.25 0.75 -2.75 -2.75 -0.75 -2.25 4.25 -0.25 -1.75 1.25 1.25 2.25 13.75 78.75 78.75 78.75 78.75 78.75 78.75 78.75 78.75

Gap
NaN

Time
NaN

