T P M C
22 37 4 12

base obj
12.649267399267398

exp obj
14.049450549450547

Objective struct
12.649267399267398 0.0 18.25

num campaigns
113

x
0 0 0 0 0 0 1 0 0 1 0 0 1 0 0 0 1 0 0 0 0 0
0 0 0 0 0 0 0 1 0 0 0 0 0 0 1 0 0 0 0 0 0 0
0 0 0 0 0 0 0 0 0 0 1 0 0 0 1 0 0 0 0 0 0 0
0 0 0 0 1 0 0 0 0 0 1 0 0 0 0 0 1 0 0 0 0 0
0 0 0 0 1 0 1 0 1 0 1 0 0 0 1 0 0 0 0 0 0 0
0 0 0 0 0 0 0 0 0 0 0 0 0 0 0 0 0 0 0 0 0 0
0 0 0 0 1 0 0 0 1 0 0 0 0 1 0 0 0 0 0 0 0 0
0 0 0 0 0 0 0 0 0 0 1 0 0 0 0 0 0 0 0 0 0 0
0 0 0 0 0 0 0 0 0 0 0 0 0 0 0 0 1 0 0 0 0 0
0 0 0 0 0 1 0 1 0 0 0 0 0 0 0 0 0 0 0 0 0 0
0 0 0 0 1 0 0 0 0 0 0 0 0 0 0 0 1 0 0 0 0 0
0 0 0 0 1 0 0 0 0 0 0 0 0 0 0 0 0 0 0 0 0 0
0 0 0 0 0 0 0 0 0 0 0 0 0 0 0 0 0 0 0 0 0 0
0 0 0 0 0 0 1 0 0 0 0 0 1 0 0 0 0 0 0 0 0 0
0 0 0 0 0 0 0 0 0 0 0 0 0 0 0 0 0 0 0 0 0 0
0 0 0 0 1 0 0 0 0 0 0 0 0 0 0 0 0 0 0 0 0 0
0 0 0 0 0 0 0 0 0 0 0 0 0 0 0 0 1 0 0 0 0 0
0 0 0 0 0 0 0 0 0 0 0 0 0 0 1 0 0 0 0 0 0 0
0 0 0 0 1 0 1 0 1 0 0 1 0 1 0 1 0 0 0 0 0 0
0 0 0 0 1 0 0 0 0 0 0 0 0 0 0 0 0 0 0 0 0 0
0 0 0 0 1 0 0 0 1 0 0 0 0 0 0 0 1 0 0 0 0 0
0 0 0 0 0 0 0 0 0 0 0 0 0 0 0 0 0 0 0 0 0 0
0 0 0 0 0 0 0 0 0 0 0 1 0 0 0 0 0 0 0 0 0 0
0 0 0 0 0 0 0 0 1 0 0 0 0 0 1 0 0 0 0 0 0 0
0 0 0 0 0 0 0 0 0 0 0 0 0 0 0 0 0 0 0 0 0 0
0 0 0 0 1 0 0 0 0 0 0 0 0 0 0 0 1 0 0 0 0 0
0 0 0 0 0 0 0 0 1 0 0 0 0 0 1 0 0 0 0 0 0 0
0 0 0 0 0 0 0 0 0 0 0 0 1 0 0 0 0 0 0 0 0 0
0 0 0 0 0 0 0 0 0 0 0 0 0 0 0 0 0 0 0 0 0 0
0 0 0 0 1 1 1 1 1 1 1 1 0 1 1 1 1 0 0 0 0 0
0 0 0 0 1 1 1 1 1 1 1 1 1 1 1 1 1 0 0 0 0 0
0 0 0 0 1 1 1 1 1 1 1 1 1 1 1 1 1 0 0 0 0 0
0 0 0 0 0 0 1 1 1 1 1 0 0 1 1 1 1 0 0 0 0 0
0 0 0 0 1 1 1 1 1 1 1 0 0 1 1 1 1 0 0 0 0 0
0 0 0 0 0 0 1 1 1 0 1 0 0 1 1 0 0 0 0 0 0 0
0 0 0 0 0 0 0 0 0 0 0 0 0 0 0 0 0 0 0 0 0 0
0 0 0 0 0 0 0 0 0 0 0 0 0 0 0 0 0 0 0 0 0 0

y
0.0 1.0 0.0 0.0 0.0 0.0 0.0 0.0 0.0 0.2857142857142858 0.0 0.0 0.0 0.0 0.0 0.0 0.0 0.0 0.0 0.0 0.0 0.0 0.0 0.0 0.0 0.0 0.0 0.0 0.0 0.0 0.0 0.0 0.52 0.0 0.0 0.0 0.0

k
0 1 2 0 0 3 0 0 0 6 0 0 3 1 2 0 1 0 1 0 0 2 0 1 2 0 1 0 6 1 0 0 17 2 7 13 2

f
0.0 0.0 0.0 0.0 0.0 0.0 5.25 0.0 1.75 0.0 8.75 0.0 8.75 0.0 0.0 0.0 0.0 0.0 0.0 0.0 0.0 0.0
0.0 0.0 0.0 3.5 0.0 0.0 0.0 0.0 0.0 0.0 0.0 0.0 0.0 0.0 0.0 0.0 0.0 0.0 0.0 0.0 0.0 0.0
0.0 0.0 0.0 0.0 0.0 0.0 0.0 0.0 0.0 0.0 0.0 0.0 0.0 0.0 0.0 0.0 0.0 0.0 0.0 0.0 0.0 0.0
0.0 3.75 0.0 6.25 0.0 1.25 0.0 0.0 8.25 0.0 2.75 0.25 0.75 0.0 0.0 0.0 0.0 0.0 0.0 0.0 0.0 0.0

L
3 7 4 6 2 0 4 0 0 2 12 0 0 6 0 0 0 0 2 0 4 0 0 6 0 12 6 0 0 1 1 1 1 1 1 0 0

g
0 0 0 0 0 0 0 0 0 0 0 0 0 0 0 0 0 0 0 0 0 0
0 0 0 0 0 0 0 0 0 0 0 0 0 0 0 0 0 0 0 0 0 0
0 0 0 0 0 0 0 0 0 0 0 0 0 0 0 0 0 0 0 0 0 0
0 0 0 0 0 0 0 0 0 0 0 0 0 0 0 0 0 0 0 0 0 0
0 0 0 0 0 0 0 0 0 0 0 0 0 0 0 0 0 0 0 0 0 0
0 0 0 0 0 0 0 0 0 0 0 0 0 0 0 0 0 0 0 0 0 0
0 0 0 0 0 0 0 0 0 0 0 0 0 0 0 0 0 0 0 0 0 0
0 0 0 0 0 0 0 0 0 0 0 0 0 0 0 0 0 0 0 0 0 0
0 0 0 0 0 0 0 0 0 0 0 0 0 0 0 0 0 0 0 0 0 0
0 0 0 0 0 0 0 0 0 0 0 0 0 0 0 0 0 0 0 0 0 0
0 0 0 0 0 0 0 0 0 0 0 0 0 0 0 0 0 0 0 0 0 0
0 0 0 0 0 0 0 0 0 0 0 0 0 0 0 0 0 0 0 0 0 0
0 0 0 0 0 0 0 0 0 0 0 0 0 0 0 0 0 0 0 0 0 0
0 0 0 0 0 0 0 0 0 0 0 0 0 0 0 0 0 0 0 0 0 0
0 0 0 0 0 0 0 0 0 0 0 0 0 0 0 0 0 0 0 0 0 0
0 0 0 0 0 0 0 0 0 0 0 0 0 0 0 0 0 0 0 0 0 0
0 0 0 0 0 0 0 0 0 0 0 0 0 0 0 0 0 0 0 0 0 0
0 0 0 0 0 0 0 0 0 0 0 0 0 0 0 0 0 0 0 0 0 0
0 0 0 0 0 0 0 0 0 0 0 0 0 0 0 0 0 0 0 0 0 0
0 0 0 0 0 0 0 0 0 0 0 0 0 0 0 0 0 0 0 0 0 0
0 0 0 0 0 0 0 0 0 0 0 0 0 0 0 0 0 0 0 0 0 0
0 0 0 0 0 0 0 0 0 0 0 0 0 0 0 0 0 0 0 0 0 0
0 0 0 0 0 0 0 0 0 0 0 0 0 0 0 0 0 0 0 0 0 0
0 0 0 0 0 0 0 0 0 0 0 0 0 0 0 0 0 0 0 0 0 0
0 0 0 0 0 0 0 0 0 0 0 0 0 0 0 0 0 0 0 0 0 0
0 0 0 0 0 0 0 0 0 0 0 0 0 0 0 0 0 0 0 0 0 0
0 0 0 0 0 0 0 0 0 0 0 0 0 0 0 0 0 0 0 0 0 0
0 0 0 0 0 0 0 0 0 0 0 0 0 0 0 0 0 0 0 0 0 0
0 0 0 0 0 0 0 0 0 0 0 0 0 0 0 0 0 0 0 0 0 0
0 0 0 0 0 0 0 0 0 0 0 0 0 0 0 0 0 0 0 0 0 0
0 0 0 0 0 0 0 0 0 0 0 0 0 0 0 0 0 0 0 0 0 0
0 0 0 0 0 0 0 0 0 0 0 0 0 0 0 0 0 0 0 0 0 0
0 0 0 0 0 0 0 0 0 0 0 0 0 0 0 0 0 0 0 0 0 0
0 0 0 0 0 0 0 0 0 0 0 0 0 0 0 0 0 0 0 0 0 0
0 0 0 0 0 0 0 0 0 0 0 0 0 0 0 0 0 0 0 0 0 0
0 0 0 0 0 0 0 0 0 0 0 0 0 0 0 0 0 0 0 0 0 0
0 0 0 0 0 0 0 0 0 0 0 0 0 0 0 0 0 0 0 0 0 0

I cap
1058.909090909091 1058.909090909091 1040.5490909090977 1000.8590909090954 718.2020000000202 884.9840000000189 878.0420000000122 1032.480000000019 550.2080000000112 799.6500000000074 500.9400000000159 743.4420000000073 683.640000000008 786.9900000000017 643.48200000001 700.241090909095 434.9030909091182 816.5030909090915 851.4050909090915 972.7250909090948 1058.909090909091 1058.909090909091
107.96969696969697 107.96969696969697 107.96969696969697 107.15969696969697 31.31799999999991 47.015999999998854 49.857999999999336 89.11999999999989 42.3919999999991 90.25 49.859999999999246 70.95799999999896 60.15999999999853 52.90999999999939 99.21799999999917 80.53769696969633 16.47569696969644 62.37569696969622 65.27369696969667 96.95369696969696 107.96969696969697 107.96969696969697
38.96666666666666 38.96666666666666 16.52666666666666 16.526666666666667 10.079999999999998 22.500000000000288 15.500000000000181 32.20000000000012 14.100000000000016 19.700000000000014 11.29999999999998 23.099999999999998 18.2 12.392499999999973 13.792499999999979 14.959166666666658 8.059166666666638 19.466666666666658 25.766666666666655 38.96666666666666 38.96666666666666 38.96666666666666
45.24545454545453 45.24545454545453 45.24545454545453 39.89045454545456 20.238000000000028 29.06999999999993 27.315 31.043999999999713 23.963999999999906 28.977999999999813 22.490999999999794 25.5079999999999 24.683999999999994 21.580999999999996 15.81099999999996 25.265454545454194 27.929454545454306 42.725454545454525 43.16645454545453 44.67845454545453 45.24545454545453 45.24545454545453
20.999999999999993 20.999999999999993 20.999999999999993 20.68499999999999 8.427000000000028 16.25799999999996 11.12499999999999 13.038000000000117 9.463999999999889 10.562000000000037 9.327999999999985 11.416000000000091 11.265000000000095 15.705000000000082 8.779999999999863 8.597999999999992 7.329000000000007 15.0960000000001 17.894999999999992 20.810999999999993 20.999999999999993 20.999999999999993
345.75757575757575 345.75757575757575 345.75757575757575 280.11051693404636 153.64547058823607 161.1959999999989 187.96299999999763 193.33299999999736 200.19399999999635 220.11999999999483 189.14799999999812 213.50199999999782 248.9879999999933 252.7859999999921 222.9099999999954 236.7585757575707 241.2776345811023 261.38310516933865 307.02157575757576 342.16657575757574 345.75757575757575 345.75757575757575
779.7575757575758 779.7575757575758 779.7575757575758 748.7975757575757 554.2440000000045 651.403 679.525 671.0319999999999 734.7460000000001 697.285 631.2500000000001 774.6410000000001 725.074 702.9069999999999 644.5460000000002 506.7425757575767 528.4145757575757 703.2215757575757 725.8385757575758 766.3385757575758 779.7575757575758 779.7575757575758
80.73333333333335 80.73333333333335 80.73333333333335 80.10333333333335 59.81999999999973 79.33800000000002 72.57900000000001 79.82600000000001 77.58900000000001 83.46100000000001 70.71600000000002 83.27200000000002 94.88200000000002 92.64 79.79700000000003 67.61133333333338 66.16233333333335 75.02133333333335 78.43833333333336 80.16633333333336 80.73333333333335 80.73333333333335
10.775757575757575 10.775757575757575 10.775757575757575 5.735757575757575 2.100000000000004 5.075 2.2509999999999932 3.0250000000000017 0.8359999999999981 0.8559999999999999 1.3849999999999962 7.035000000000007 9.555 4.9309999999999885 2.9649999999999976 3.476757575757569 2.1897575757575733 1.2177575757575774 5.024757575757576 10.775757575757575 10.775757575757575 10.775757575757575
2.545454545454545 2.545454545454545 2.545454545454545 2.545454545454545 1.3419999999999996 0.18499999999999983 0.26199999999998025 0.10199999999999954 1.20699999999999 0.3179999999999994 1.4769999999999524 0.2659999999999998 0.07699999999999985 0.20999999999999952 0.29099999999999926 0.14245454545455183 0.034454545454542185 1.0334545454545307 1.3304545454545447 1.9784545454545448 2.545454545454545 2.545454545454545
8.515433299825174 8.515433299825174 8.515433299825174 8.188754533944957 5.576260419540236 5.514842758620704 4.24083456896555 5.755928448275748 7.236089499999918 6.677029758620526 6.778396224137706 7.682227214155857 7.838152975498824 6.124498810344863 5.540193568965496 5.9741965689655565 5.832095852087113 6.706717413793099 6.440820172413792 7.808273706896552 7.546136159874608 8.34571275862069
700.0 700.0 699.1 697.3000000000001 685.6000000000003 688.3000000000003 684.7000000000003 689.2000000000002 682.0000000000002 686.5000000000002 684.7000000000003 683.8000000000002 687.4000000000001 686.5000000000001 682.9000000000002 689.2000000000002 682.0000000000002 685.6000000000001 691.9000000000002 698.2 700.0 698.2

H cap
12.25 1.75 47.25 12.25 15.75 8.75 -5.25 1.75 -1.75 22.75 -8.75 1.75 -8.75 1.75 131.25 131.25 131.25 131.25 131.25 131.25 131.25 131.25
27.0 10.0 5.5 -3.5 1.5 7.5 2.5 13.5 27.5 16.5 4.0 9.0 5.0 20.0 52.5 52.5 52.5 52.5 52.5 52.5 52.5 52.5
38.5 35.0 49.0 45.5 42.0 45.5 45.5 42.0 52.5 56.0 38.5 38.5 38.5 42.0 63.0 63.0 63.0 63.0 63.0 63.0 63.0 63.0
11.75 -3.75 6.75 -6.25 0.25 -1.25 9.75 0.75 -8.25 18.25 -2.75 -0.25 -0.75 9.25 78.75 78.75 78.75 78.75 78.75 78.75 78.75 78.75

Gap
NaN

Time
NaN

