T P M C
22 37 4 12

base obj
11.976190476190476

exp obj
13.773809523809526

Objective struct
11.976190476190476 0.0 19.166666666666668

num campaigns
120

x
0 0 0 0 1 0 0 0 1 0 0 0 1 0 0 0 1 0 0 0 0 0
0 0 0 0 0 0 0 0 0 0 0 0 0 0 0 0 0 0 0 0 0 0
0 0 0 0 0 0 1 0 0 0 1 0 0 0 1 0 0 0 0 0 0 0
0 0 0 0 0 0 1 0 0 0 1 0 0 0 1 0 0 0 0 0 0 0
0 0 0 0 1 0 0 0 0 0 1 0 1 0 1 0 1 0 0 0 0 0
0 0 0 0 0 0 0 0 0 0 0 0 0 0 0 0 0 0 0 0 0 0
0 0 0 0 1 0 0 0 0 0 1 0 0 0 0 0 1 0 0 0 0 0
0 0 0 0 0 0 1 0 0 0 0 0 0 0 0 0 0 0 0 0 0 0
0 0 0 0 0 0 0 0 1 0 0 0 0 0 0 0 0 0 0 0 0 0
0 0 0 0 0 0 0 0 0 0 0 0 1 0 1 0 0 0 0 0 0 0
0 0 0 0 1 0 0 0 0 0 0 0 0 0 0 0 1 0 0 0 0 0
0 0 0 0 0 0 0 0 0 0 0 0 0 0 1 0 0 0 0 0 0 0
0 0 0 0 0 0 0 0 0 0 0 0 0 0 0 0 1 0 0 0 0 0
0 0 0 0 0 0 1 0 0 0 0 0 1 0 0 0 0 0 0 0 0 0
0 0 0 0 0 0 0 0 0 0 0 0 0 0 0 0 0 0 0 0 0 0
0 0 0 0 0 0 0 0 0 0 0 0 0 0 1 0 0 0 0 0 0 0
0 0 0 0 0 0 0 0 0 0 0 0 0 0 0 0 1 0 0 0 0 0
0 0 0 0 0 0 1 0 0 0 0 0 0 0 0 0 0 0 0 0 0 0
0 0 0 0 1 0 1 0 0 1 0 1 0 1 0 1 0 0 0 0 0 0
0 0 0 0 1 0 0 0 0 0 0 0 0 0 0 0 0 0 0 0 0 0
0 0 0 0 1 0 0 0 0 0 1 0 0 0 0 0 1 0 0 0 0 0
0 0 0 0 0 0 0 0 0 0 0 0 0 0 0 0 0 0 0 0 0 0
0 0 0 0 0 0 0 0 1 0 0 0 0 0 0 0 0 0 0 0 0 0
0 0 0 0 1 0 0 0 0 0 1 0 0 0 0 0 0 0 0 0 0 0
0 0 0 0 0 0 0 0 0 0 0 0 0 0 0 0 0 0 0 0 0 0
0 0 0 0 1 0 0 0 0 0 0 0 0 0 0 0 1 0 0 0 0 0
0 0 0 0 0 0 1 0 0 0 1 0 0 1 0 0 0 0 0 0 0 0
0 0 0 0 0 0 0 0 0 0 1 0 0 0 0 0 0 0 0 0 0 0
0 0 0 0 0 0 0 0 0 0 0 0 0 0 0 0 0 0 0 0 0 0
0 0 0 0 1 1 1 1 1 1 1 1 1 1 1 1 1 0 0 0 0 0
0 0 0 0 1 1 1 1 1 1 1 1 1 1 1 1 1 0 0 0 0 0
0 0 0 0 1 1 1 1 1 1 1 1 1 1 1 1 1 0 0 0 0 0
0 0 0 0 1 0 1 1 1 1 1 1 1 0 1 0 1 0 0 0 0 0
0 0 0 0 1 1 1 1 1 1 1 1 1 1 1 1 1 0 0 0 0 0
0 0 0 0 1 1 1 0 1 1 1 1 1 0 0 0 0 0 0 0 0 0
0 0 0 0 0 0 0 0 0 0 0 0 0 0 0 0 0 0 0 0 0 0
0 0 0 0 0 0 0 0 0 0 0 0 0 0 0 0 0 0 0 0 0 0

y
0.0 0.0 0.0 0.0 0.0 0.0 0.0 0.0 0.0 0.2857142857142858 0.0 0.0 0.0 0.0 0.0 0.0 0.0 0.0 0.0 0.0 0.0 0.0 0.0 0.0 0.0 0.0 0.0 0.0 0.0 0.0 0.0 0.0 0.52 0.0 0.0 0.0 0.0

k
0 3 1 0 0 3 0 0 0 6 0 0 2 1 2 0 1 0 1 0 0 2 0 1 2 0 0 0 6 0 0 0 16 0 5 13 2

f
0.0 0.0 5.25 5.25 0.0 1.75 0.0 0.0 0.0 0.0 0.0 0.0 0.0 0.0 0.0 0.0 0.0 0.0 0.0 0.0 0.0 0.0
0.0 0.0 0.0 0.0 0.0 0.0 0.0 0.0 0.5 0.0 0.0 0.0 0.0 0.0 0.0 0.0 0.0 0.0 0.0 0.0 0.0 0.0
0.0 0.0 0.0 0.0 0.0 0.0 0.0 0.0 0.0 0.0 0.0 0.0 0.0 0.0 0.0 0.0 0.0 0.0 0.0 0.0 0.0 0.0
0.0 7.25 0.75 0.75 0.0 2.25 0.0 0.0 0.0 1.75 6.25 0.0 4.25 0.0 0.0 0.0 0.0 0.0 0.0 0.0 0.0 0.0

L
4 0 4 4 2 0 6 0 0 2 12 0 0 6 0 0 0 0 2 0 6 0 0 6 0 12 3 0 0 1 1 1 1 1 1 0 0

g
0 0 0 0 0 0 0 0 0 0 0 0 0 0 0 0 0 0 0 0 0 0
0 0 0 0 0 0 0 0 0 0 0 0 0 0 0 0 0 0 0 0 0 0
0 0 0 0 0 0 0 0 0 0 0 0 0 0 0 0 0 0 0 0 0 0
0 0 0 0 0 0 0 0 0 0 0 0 0 0 0 0 0 0 0 0 0 0
0 0 0 0 0 0 0 0 0 0 0 0 0 0 0 0 0 0 0 0 0 0
0 0 0 0 0 0 0 0 0 0 0 0 0 0 0 0 0 0 0 0 0 0
0 0 0 0 0 0 0 0 0 0 0 0 0 0 0 0 0 0 0 0 0 0
0 0 0 0 0 0 0 0 0 0 0 0 0 0 0 0 0 0 0 0 0 0
0 0 0 0 0 0 0 0 0 0 0 0 0 0 0 0 0 0 0 0 0 0
0 0 0 0 0 0 0 0 0 0 0 0 0 0 0 0 0 0 0 0 0 0
0 0 0 0 0 0 0 0 0 0 0 0 0 0 0 0 0 0 0 0 0 0
0 0 0 0 0 0 0 0 0 0 0 0 0 0 0 0 0 0 0 0 0 0
0 0 0 0 0 0 0 0 0 0 0 0 0 0 0 0 0 0 0 0 0 0
0 0 0 0 0 0 0 0 0 0 0 0 0 0 0 0 0 0 0 0 0 0
0 0 0 0 0 0 0 0 0 0 0 0 0 0 0 0 0 0 0 0 0 0
0 0 0 0 0 0 0 0 0 0 0 0 0 0 0 0 0 0 0 0 0 0
0 0 0 0 0 0 0 0 0 0 0 0 0 0 0 0 0 0 0 0 0 0
0 0 0 0 0 0 0 0 0 0 0 0 0 0 0 0 0 0 0 0 0 0
0 0 0 0 0 0 0 0 0 0 0 0 0 0 0 0 0 0 0 0 0 0
0 0 0 0 0 0 0 0 0 0 0 0 0 0 0 0 0 0 0 0 0 0
0 0 0 0 0 0 0 0 0 0 0 0 0 0 0 0 0 0 0 0 0 0
0 0 0 0 0 0 0 0 0 0 0 0 0 0 0 0 0 0 0 0 0 0
0 0 0 0 0 0 0 0 0 0 0 0 0 0 0 0 0 0 0 0 0 0
0 0 0 0 0 0 0 0 0 0 0 0 0 0 0 0 0 0 0 0 0 0
0 0 0 0 0 0 0 0 0 0 0 0 0 0 0 0 0 0 0 0 0 0
0 0 0 0 0 0 0 0 0 0 0 0 0 0 0 0 0 0 0 0 0 0
0 0 0 0 0 0 0 0 0 0 0 0 0 0 0 0 0 0 0 0 0 0
0 0 0 0 0 0 0 0 0 0 0 0 0 0 0 0 0 0 0 0 0 0
0 0 0 0 0 0 0 0 0 0 0 0 0 0 0 0 0 0 0 0 0 0
0 0 0 0 0 0 0 0 0 0 0 0 0 0 0 0 0 0 0 0 0 0
0 0 0 0 0 0 0 0 0 0 0 0 0 0 0 0 0 0 0 0 0 0
0 0 0 0 0 0 0 0 0 0 0 0 0 0 0 0 0 0 0 0 0 0
0 0 0 0 0 0 0 0 0 0 0 0 0 0 0 0 0 0 0 0 0 0
0 0 0 0 0 0 0 0 0 0 0 0 0 0 0 0 0 0 0 0 0 0
0 0 0 0 0 0 0 0 0 0 0 0 0 0 0 0 0 0 0 0 0 0
0 0 0 0 0 0 0 0 0 0 0 0 0 0 0 0 0 0 0 0 0 0
0 0 0 0 0 0 0 0 0 0 0 0 0 0 0 0 0 0 0 0 0 0

I cap
1058.909090909091 1058.909090909091 966.2450909091148 966.245090909102 905.5100000000286 903.2540000000214 667.0820000000205 1068.7320000000223 772.5440000000066 988.3440000000091 427.96800000001906 651.4620000000095 663.6240000000089 781.1940000000017 510.0120000000131 661.7390909090939 485.08709090910315 723.9830909090911 771.8450909090924 984.605090909094 1058.909090909091 1058.909090909091
107.96969696969697 107.96969696969697 104.87369696969697 104.87369696969697 57.31000000000009 57.545999999999765 25.01799999999828 58.26799999999898 42.35600000000021 86.95599999999946 74.23199999999812 90.93799999999855 72.07600000000005 62.30600000000007 21.187999999998386 42.53969696969587 15.791696969696847 46.895696969696424 54.833696969696206 104.87369696969697 107.96969696969697 107.96969696969697
38.96666666666666 38.96666666666666 16.52666666666666 16.526666666666667 10.079999999999984 11.092500000000294 4.092500000000099 20.792500000000132 22.192500000000052 32.90000000000002 11.3 3.599999999999988 5.000000000000001 23.799999999999955 25.199999999999996 26.366666666666685 19.466666666666626 19.466666666666658 25.76666666666667 38.96666666666666 38.96666666666666 38.96666666666666
45.24545454545453 45.24545454545453 44.67845454545453 39.32345454545451 22.91099999999992 31.310999999999822 23.759999999999856 25.202999999999708 21.012000000000107 30.372999999999823 23.948999999999817 19.315999999999942 16.3859999999999 18.970999999999947 8.323000000000025 22.898454545454506 34.70645454545431 44.039454545454575 44.34545454545453 44.67845454545453 45.24545454545453 45.24545454545453
20.999999999999993 20.999999999999993 20.810999999999993 20.49599999999999 10.550999999999963 16.950999999999997 7.290999999999962 10.131000000000096 7.90699999999994 10.55299999999994 9.904000000000066 11.668000000000035 10.814999999999948 15.05700000000012 5.134999999999868 7.275000000000005 9.489000000000015 15.348000000000063 18.110999999999994 20.810999999999993 20.999999999999993 20.999999999999993
345.75757575757575 345.75757575757575 342.16657575757574 312.51951693404635 203.38847058823578 217.21199999999902 220.79499999999686 194.60199999999688 219.67899999999602 245.2119999999941 199.79499999999842 194.60199999999804 210.21599999999324 183.18899999999215 142.8819999999966 175.036575757571 236.81363458110263 245.63310516933868 295.3665757575758 342.16657575757574 345.75757575757575 345.75757575757575
779.7575757575758 779.7575757575758 766.3385757575758 695.4635757575758 583.6740000000024 679.9240000000001 614.158 570.1510000000001 661.756 731.8449999999999 581.3450000000001 635.33 739.1499999999999 752.641 611.867 546.369575757576 589.8575757575758 696.1835757575757 723.0215757575758 766.3385757575758 779.7575757575758 779.7575757575758
80.73333333333335 80.73333333333335 80.16633333333336 79.53633333333336 63.168000000000085 81.22800000000002 70.90500000000003 75.72200000000002 73.863 82.084 70.14900000000003 80.03800000000003 88.38400000000001 89.223 74.61300000000001 66.66633333333336 69.29433333333336 77.03733333333335 80.16633333333336 80.16633333333336 80.73333333333335 80.73333333333335
10.775757575757575 10.775757575757575 10.775757575757575 10.775757575757575 4.5749999999999975 3.4549999999999983 0.32499999999999485 1.3149999999999946 1.6549999999999945 2.844999999999986 2.240000000000014 0.7799999999999958 0.779999999999994 0.07999999999998497 0.5800000000000134 1.7307575757575764 4.133757575757577 1.2177575757575774 5.024757575757576 10.775757575757575 10.775757575757575 10.775757575757575
2.545454545454545 2.545454545454545 1.9784545454545448 1.9784545454545448 2.0439999999999996 0.6439999999999999 1.6659999999999964 0.15599999999999936 0.7479999999999765 0.5879999999999996 1.0179999999999993 0.2659999999999998 0.6439999999999999 1.3439999999999996 0.07499999999999951 0.7634545454545446 0.14245454545454395 0.43945454545454576 0.9794545454545448 1.9784545454545448 2.545454545454545 2.545454545454545
8.515433299825174 8.515433299825174 8.515433299825174 7.87840970635875 4.882639729885076 5.508635862068971 4.0003171724138165 6.4697213965516145 8.37195156896544 7.075823017241212 6.855982275861822 7.277961931034294 6.768279862068758 5.814153982758652 5.710883379310334 5.918334499999992 5.89882014519055 6.39637258620689 6.440820172413792 7.187584051724137 7.546136159874608 8.035367931034484
700.0 700.0 699.1 697.3000000000001 685.6000000000001 688.3000000000002 677.5000000000003 689.2000000000002 687.4000000000001 691.9000000000001 680.2000000000003 683.8000000000002 685.6000000000001 689.2000000000002 682.9000000000003 689.2000000000003 682.9000000000003 684.7000000000002 690.1000000000003 696.4000000000001 700.0 695.5

H cap
5.25 5.25 -5.25 -5.25 8.75 -1.75 5.25 5.25 47.25 29.75 15.75 33.25 15.75 26.25 131.25 131.25 131.25 131.25 131.25 131.25 131.25 131.25
23.5 8.5 1.5 1.5 11.5 8.5 4.5 4.5 -0.5 2.5 5.5 8.5 4.5 16.5 52.5 52.5 52.5 52.5 52.5 52.5 52.5 52.5
38.5 38.5 42.0 42.0 52.5 49.0 42.0 42.0 49.0 45.5 38.5 42.0 38.5 42.0 63.0 63.0 63.0 63.0 63.0 63.0 63.0 63.0
0.25 -7.25 -0.75 -0.75 1.75 -2.25 1.25 1.25 3.75 -1.75 -6.25 2.25 -4.25 4.25 78.75 78.75 78.75 78.75 78.75 78.75 78.75 78.75

Gap
NaN

Time
NaN

