T P M C
22 37 4 12

base obj
12.559523809523808

exp obj
13.857142857142856

Objective struct
12.559523809523808 0.0 17.75

num campaigns
111

x
0 0 0 0 0 0 1 0 0 0 1 0 0 1 0 0 1 0 0 0 0 0
0 0 0 0 0 0 0 0 0 0 0 0 0 0 0 0 0 0 0 0 0 0
0 0 0 0 0 0 0 0 0 0 1 0 0 0 1 0 0 0 0 0 0 0
0 0 0 0 1 0 0 0 0 0 1 0 0 0 0 0 1 0 0 0 0 0
0 0 0 0 0 0 0 1 0 1 0 1 0 0 1 0 1 0 0 0 0 0
0 0 0 0 0 0 1 0 0 0 0 0 1 0 0 0 0 0 0 0 0 0
0 0 0 0 1 0 0 0 0 0 1 0 0 0 0 0 1 0 0 0 0 0
0 0 0 0 0 0 0 0 1 0 0 0 0 0 0 0 0 0 0 0 0 0
0 0 0 0 1 0 0 0 0 0 0 0 0 0 0 0 0 0 0 0 0 0
0 0 0 0 0 0 0 0 1 0 0 0 1 0 0 0 0 0 0 0 0 0
0 0 0 0 1 0 0 0 0 0 0 0 0 0 0 0 1 0 0 0 0 0
0 0 0 0 0 0 1 0 0 0 0 0 0 0 0 0 0 0 0 0 0 0
0 0 0 0 0 0 0 0 0 0 0 0 0 0 0 0 1 0 0 0 0 0
0 0 0 0 1 0 0 0 0 0 1 0 0 0 0 0 0 0 0 0 0 0
0 0 0 0 0 0 0 0 0 0 0 0 0 0 0 0 0 0 0 0 0 0
0 0 0 0 0 0 0 0 0 0 0 0 0 0 1 0 0 0 0 0 0 0
0 0 0 0 1 0 0 0 0 0 0 0 0 0 0 0 1 0 0 0 0 0
0 0 0 0 1 0 0 0 0 0 0 0 0 0 0 0 0 0 0 0 0 0
0 0 0 0 0 1 0 0 1 0 1 0 1 0 1 0 1 0 0 0 0 0
0 0 0 0 1 0 0 0 0 0 0 0 0 0 0 0 0 0 0 0 0 0
0 0 0 0 1 0 0 0 0 1 0 0 0 0 1 0 0 0 0 0 0 0
0 0 0 0 0 0 0 0 0 0 0 0 0 0 0 0 0 0 0 0 0 0
0 0 0 0 0 0 0 0 1 0 0 0 0 0 0 0 0 0 0 0 0 0
0 0 0 0 0 0 0 0 0 0 0 0 0 0 0 0 0 0 0 0 0 0
0 0 0 0 0 0 0 0 0 0 0 0 0 0 0 0 0 0 0 0 0 0
0 0 0 0 1 0 0 0 0 0 0 0 0 0 0 0 1 0 0 0 0 0
0 0 0 0 0 0 1 0 0 0 0 0 1 0 0 0 0 0 0 0 0 0
0 0 0 0 0 0 0 0 0 0 0 1 0 0 0 0 0 0 0 0 0 0
0 0 0 0 0 0 0 0 0 0 0 0 0 0 0 0 0 0 0 0 0 0
0 0 0 0 1 1 1 1 1 1 1 0 1 1 1 1 1 0 0 0 0 0
0 0 0 0 1 1 1 1 1 1 0 1 1 1 1 1 1 0 0 0 0 0
0 0 0 0 1 1 1 1 1 1 1 1 1 1 1 1 1 0 0 0 0 0
0 0 0 0 0 0 1 1 1 0 0 1 1 1 1 0 0 0 0 0 0 0
0 0 0 0 1 1 1 1 1 1 1 1 1 1 1 1 1 0 0 0 0 0
0 0 0 0 0 0 0 1 0 1 1 1 0 0 0 1 0 0 0 0 0 0
0 0 0 0 0 0 0 0 0 0 0 0 0 0 0 0 0 0 0 0 0 0
0 0 0 0 0 0 0 0 0 0 0 0 0 0 0 0 0 0 0 0 0 0

y
0.0 0.0 0.0 0.0 0.0 0.0 0.0 0.0 0.0 2.2857142857142856 0.0 0.0 0.0 0.0 0.0 0.0 0.0 0.0 0.0 0.0 0.0 0.0 0.0 0.0 0.0 0.0 0.0 0.0 0.0 0.0 0.0 0.0 0.52 0.0 0.0 0.0 0.0

k
0 3 2 0 0 1 0 0 0 6 0 0 2 1 2 0 0 0 1 0 0 2 0 3 2 0 1 0 6 1 1 0 19 0 8 13 2

f
1.75 12.25 0.0 0.0 0.0 0.0 0.0 8.75 0.0 0.0 0.0 0.0 0.0 0.0 0.0 0.0 0.0 0.0 0.0 0.0 0.0 0.0
0.0 0.0 0.0 0.0 0.0 0.0 0.0 0.0 0.0 0.0 0.0 0.0 0.0 0.0 0.0 0.0 0.0 0.0 0.0 0.0 0.0 0.0
0.0 0.0 0.0 0.0 0.0 0.0 0.0 0.0 0.0 0.0 0.0 0.0 0.0 0.0 0.0 0.0 0.0 0.0 0.0 0.0 0.0 0.0
0.0 8.25 0.0 2.75 0.0 0.0 2.25 1.75 0.0 0.75 0.25 0.0 6.25 0.0 0.0 0.0 0.0 0.0 0.0 0.0 0.0 0.0

L
3 0 4 6 2 6 6 0 0 4 12 0 0 6 0 0 12 0 2 0 5 0 0 0 0 12 6 0 0 1 1 1 1 1 1 0 0

g
0 0 0 0 0 0 0 0 0 0 0 0 0 0 0 0 0 0 0 0 0 0
0 0 0 0 0 0 0 0 0 0 0 0 0 0 0 0 0 0 0 0 0 0
0 0 0 0 0 0 0 0 0 0 0 0 0 0 0 0 0 0 0 0 0 0
0 0 0 0 0 0 0 0 0 0 0 0 0 0 0 0 0 0 0 0 0 0
0 0 0 0 0 0 0 0 0 0 0 0 0 0 0 0 0 0 0 0 0 0
0 0 0 0 0 0 0 0 0 0 0 0 0 0 0 0 0 0 0 0 0 0
0 0 0 0 0 0 0 0 0 0 0 0 0 0 0 0 0 0 0 0 0 0
0 0 0 0 0 0 0 0 0 0 0 0 0 0 0 0 0 0 0 0 0 0
0 0 0 0 0 0 0 0 0 0 0 0 0 0 0 0 0 0 0 0 0 0
0 0 0 0 0 0 0 0 0 0 0 0 0 0 0 0 0 0 0 0 0 0
0 0 0 0 0 0 0 0 0 0 0 0 0 0 0 0 0 0 0 0 0 0
0 0 0 0 0 0 0 0 0 0 0 0 0 0 0 0 0 0 0 0 0 0
0 0 0 0 0 0 0 0 0 0 0 0 0 0 0 0 0 0 0 0 0 0
0 0 0 0 0 0 0 0 0 0 0 0 0 0 0 0 0 0 0 0 0 0
0 0 0 0 0 0 0 0 0 0 0 0 0 0 0 0 0 0 0 0 0 0
0 0 0 0 0 0 0 0 0 0 0 0 0 0 0 0 0 0 0 0 0 0
0 0 0 0 0 0 0 0 0 0 0 0 0 0 0 0 0 0 0 0 0 0
0 0 0 0 0 0 0 0 0 0 0 0 0 0 0 0 0 0 0 0 0 0
0 0 0 0 0 0 0 0 0 0 0 0 0 0 0 0 0 0 0 0 0 0
0 0 0 0 0 0 0 0 0 0 0 0 0 0 0 0 0 0 0 0 0 0
0 0 0 0 0 0 0 0 0 0 0 0 0 0 0 0 0 0 0 0 0 0
0 0 0 0 0 0 0 0 0 0 0 0 0 0 0 0 0 0 0 0 0 0
0 0 0 0 0 0 0 0 0 0 0 0 0 0 0 0 0 0 0 0 0 0
0 0 0 0 0 0 0 0 0 0 0 0 0 0 0 0 0 0 0 0 0 0
0 0 0 0 0 0 0 0 0 0 0 0 0 0 0 0 0 0 0 0 0 0
0 0 0 0 0 0 0 0 0 0 0 0 0 0 0 0 0 0 0 0 0 0
0 0 0 0 0 0 0 0 0 0 0 0 0 0 0 0 0 0 0 0 0 0
0 0 0 0 0 0 0 0 0 0 0 0 0 0 0 0 0 0 0 0 0 0
0 0 0 0 0 0 0 0 0 0 0 0 0 0 0 0 0 0 0 0 0 0
0 0 0 0 0 0 0 0 0 0 0 0 0 0 0 0 0 0 0 0 0 0
0 0 0 0 0 0 0 0 0 0 0 0 0 0 0 0 0 0 0 0 0 0
0 0 0 0 0 0 0 0 0 0 0 0 0 0 0 0 0 0 0 0 0 0
0 0 0 0 0 0 0 0 0 0 0 0 0 0 0 0 0 0 0 0 0 0
0 0 0 0 0 0 0 0 0 0 0 0 0 0 0 0 0 0 0 0 0 0
0 0 0 0 0 0 0 0 0 0 0 0 0 0 0 0 0 0 0 0 0 0
0 0 0 0 0 0 0 0 0 0 0 0 0 0 0 0 0 0 0 0 0 0
0 0 0 0 0 0 0 0 0 0 0 0 0 0 0 0 0 0 0 0 0 0

I cap
1058.909090909091 1058.909090909091 1040.549090909115 1024.8890909090997 822.6020000000444 992.7860000000361 810.056000000028 1079.5500000000484 675.3980000000118 767.55600000002 604.5300000000321 601.8000000000129 494.6040000000122 641.3160000000021 673.9560000000232 709.4930909090971 279.3830909091213 734.7830909090922 782.645090909093 984.6050909090965 1058.909090909091 1058.909090909091
107.96969696969697 107.96969696969697 107.96969696969697 97.52969696969697 46.61799999999974 81.41399999999946 3.543999999997933 47.44999999999799 19.80199999999995 65.64399999999901 59.669999999997586 68.59999999999823 61.995999999998624 56.38399999999966 99.34399999999795 91.08569696969529 18.095696969696707 46.89569696969568 54.83369696969581 104.87369696969697 107.96969696969697 107.96969696969697
38.96666666666666 38.96666666666666 16.52666666666666 5.119166666666668 4.972499999999979 11.092500000000353 10.392500000000272 32.20000000000017 33.60000000000001 19.70000000000005 4.99999999999998 9.899999999999995 11.899999999999999 30.099999999999962 5.699999999999975 19.466666666666658 13.166666666666686 32.66666666666664 32.66666666666667 38.96666666666666 38.96666666666666 38.96666666666666
45.24545454545453 45.24545454545453 45.24545454545453 38.00045454545456 18.698999999999874 31.058999999999646 24.929999999999616 29.018999999999796 21.390000000000043 26.997999999999216 30.950999999999343 25.444999999999954 14.783999999999885 16.172000000000025 13.839999999999865 28.469454545453985 32.51945454545405 44.03945454545455 44.34545454545453 44.67845454545453 45.24545454545453 45.24545454545453
20.999999999999993 20.999999999999993 20.999999999999993 20.414999999999992 8.588999999999984 17.32900000000002 10.188999999999936 12.543000000000163 8.5639999999999 8.887999999999966 12.693999999999996 14.10700000000008 12.23700000000008 14.29200000000014 8.14099999999998 8.292000000000002 7.572000000000048 15.348000000000187 18.11099999999999 20.810999999999993 20.999999999999993 20.999999999999993
345.75757575757575 345.75757575757575 345.75757575757575 316.11051693404636 175.3804705882377 159.99899999999815 200.6169999999956 205.31199999999384 200.4549999999922 212.24499999998895 211.63899999999828 212.30499999999822 217.27199999998973 170.14799999998576 171.0879999999936 224.50957575756487 227.28263458110138 245.63310516933817 295.3665757575758 342.16657575757574 345.75757575757575 345.75757575757575
779.7575757575758 779.7575757575758 779.7575757575758 757.8875757575757 566.7810000000045 641.0619999999999 599.6680000000001 616.051 755.8240000000001 839.8990000000001 661.9130000000005 645.626 622.3750000000003 644.155 649.1809999999999 640.0505757575763 607.4795757575761 696.1835757575757 723.0215757575758 766.3385757575758 779.7575757575758 779.7575757575758
80.73333333333335 80.73333333333335 80.73333333333335 77.94333333333336 59.03699999999966 80.15700000000002 67.64700000000002 77.144 74.25900000000001 81.04900000000002 72.129 79.79500000000002 85.12600000000003 87.21600000000001 78.16800000000002 68.33133333333332 69.05133333333336 77.03733333333335 80.16633333333336 80.16633333333336 80.73333333333335 80.73333333333335
10.775757575757575 10.775757575757575 10.775757575757575 10.775757575757575 4.593000000000007 0.24199999999999378 0.24400000000000865 0.954999999999993 1.7449999999999901 5.274999999999993 3.4549999999999907 4.244999999999997 5.819999999999995 0.43999999999998973 0.5800000000000098 3.170757575757572 1.6137575757575724 1.2177575757575738 5.024757575757576 10.775757575757575 10.775757575757575 10.775757575757575
2.545454545454545 2.545454545454545 2.545454545454545 1.735454545454545 0.9369999999999995 0.07699999999999985 0.5049999999999717 0.6959999999999995 1.0179999999999358 0.9659999999999994 2.0439999999999827 0.07699999999999985 0.2659999999999998 0.7769999999999995 0.7769999999999996 1.4114545454545424 0.2234545454545359 0.43945454545453866 0.9794545454545448 1.9784545454545448 2.545454545454545 2.545454545454545
8.515433299825174 8.515433299825174 8.515433299825174 8.188754533944957 5.528156971264387 5.818980689655202 5.09117924137937 6.624893810344685 8.105055017241227 7.153409224137591 7.8080061796728994 6.796110906533212 6.996383310344455 5.430877965517318 6.641917862068967 6.151093275862081 5.6660615245008925 6.086027758620682 6.440820172413792 7.4979288793103445 7.546136159874608 8.035367931034484
700.0 700.0 699.1 697.3000000000001 682.0000000000001 685.6000000000001 683.8000000000003 692.8000000000002 685.6000000000003 681.1000000000003 681.1000000000003 683.8000000000002 685.6000000000003 691.0000000000002 687.4000000000003 687.4000000000002 682.0000000000003 683.8000000000002 690.1000000000003 698.2 700.0 695.5

H cap
-1.75 -12.25 5.25 5.25 12.25 1.75 15.75 -8.75 12.25 5.25 1.75 54.25 15.75 15.75 131.25 131.25 131.25 131.25 131.25 131.25 131.25 131.25
21.0 9.0 13.5 5.5 7.5 10.5 6.5 6.5 10.5 7.5 10.0 15.0 2.0 17.0 52.5 52.5 52.5 52.5 52.5 52.5 52.5 52.5
38.5 35.0 52.5 52.5 45.5 45.5 45.5 45.5 49.0 49.0 45.5 49.0 35.0 35.0 63.0 63.0 63.0 63.0 63.0 63.0 63.0 63.0
0.25 -8.25 0.25 -2.75 4.25 2.75 -2.25 -1.75 16.75 -0.75 -0.25 22.25 -6.25 1.25 78.75 78.75 78.75 78.75 78.75 78.75 78.75 78.75

Gap
NaN

Time
NaN

