T P M C
22 37 4 12

base obj
12.303113553113551

exp obj
13.644001831501832

Objective struct
12.303113553113551 0.0 17.666666666666668

num campaigns
110

x
0 0 0 0 1 0 0 0 1 0 0 0 1 0 0 0 1 0 0 0 0 0
0 0 0 0 0 0 0 0 0 0 0 0 0 0 0 0 0 0 0 0 0 0
0 0 0 0 0 0 1 0 0 0 0 0 1 0 0 0 0 0 0 0 0 0
0 0 0 0 1 0 0 0 0 0 1 0 0 0 0 0 1 0 0 0 0 0
0 0 0 0 1 0 1 0 1 0 0 0 0 0 1 0 1 0 0 0 0 0
0 0 0 0 0 0 0 0 0 0 0 0 1 0 0 0 0 0 0 0 0 0
0 0 0 0 1 0 0 0 0 0 1 0 0 0 0 0 1 0 0 0 0 0
0 0 0 0 0 0 0 0 0 0 1 0 0 0 0 0 0 0 0 0 0 0
0 0 0 0 0 0 0 0 1 0 0 0 0 0 0 0 0 0 0 0 0 0
0 0 0 0 0 0 1 0 1 0 0 0 0 0 0 0 0 0 0 0 0 0
0 0 0 0 1 0 0 0 0 0 0 0 0 0 0 0 1 0 0 0 0 0
0 0 0 0 0 0 0 0 0 0 0 0 0 0 1 0 0 0 0 0 0 0
0 0 0 0 0 0 0 0 0 0 0 0 0 0 0 0 1 0 0 0 0 0
0 0 0 0 0 0 0 0 0 0 1 0 0 0 1 0 0 0 0 0 0 0
0 0 0 0 0 0 0 0 0 0 0 0 0 0 0 0 0 0 0 0 0 0
0 0 0 0 0 0 0 0 0 0 1 0 0 0 0 0 0 0 0 0 0 0
0 0 0 0 1 0 0 0 0 0 0 0 0 0 0 0 1 0 0 0 0 0
0 0 0 0 0 0 0 0 0 0 0 0 0 0 1 0 0 0 0 0 0 0
0 0 0 0 1 0 0 1 0 1 0 1 0 0 1 0 1 0 0 0 0 0
0 0 0 0 1 0 0 0 0 0 0 0 0 0 0 0 0 0 0 0 0 0
0 0 0 0 1 0 0 0 0 0 1 0 0 0 0 0 1 0 0 0 0 0
0 0 0 0 0 0 0 0 0 0 0 0 0 0 0 0 0 0 0 0 0 0
0 0 0 0 0 0 1 0 0 0 0 0 0 0 0 0 0 0 0 0 0 0
0 0 0 0 0 0 0 0 1 0 0 0 0 0 1 0 0 0 0 0 0 0
0 0 0 0 0 0 0 0 0 0 0 0 0 0 0 0 0 0 0 0 0 0
0 0 0 0 1 0 0 0 0 0 0 0 0 0 0 0 1 0 0 0 0 0
0 0 0 0 0 0 1 0 0 0 0 0 1 0 0 0 0 0 0 0 0 0
0 0 0 0 0 0 0 0 0 0 0 0 0 0 1 0 0 0 0 0 0 0
0 0 0 0 0 0 0 0 0 0 0 0 0 0 0 0 0 0 0 0 0 0
0 0 0 0 1 1 1 1 1 1 1 1 1 1 1 1 1 0 0 0 0 0
0 0 0 0 1 1 1 1 1 1 1 1 1 1 1 1 1 0 0 0 0 0
0 0 0 0 1 1 1 1 1 1 1 1 1 1 1 1 1 0 0 0 0 0
0 0 0 0 0 1 1 0 0 1 0 0 1 0 1 0 0 0 0 0 0 0
0 0 0 0 1 1 1 1 1 1 1 1 1 1 1 1 0 0 0 0 0 0
0 0 0 0 0 0 0 1 0 0 0 1 0 1 1 0 0 0 0 0 0 0
0 0 0 0 0 0 0 0 0 0 0 0 0 0 0 0 0 0 0 0 0 0
0 0 0 0 0 0 0 0 0 0 0 0 0 0 0 0 0 0 0 0 0 0

y
0.0 0.0 2.0 0.0 0.0 0.0 0.0 0.0 0.0 0.2857142857142858 0.0 0.0 0.0 0.0 0.0 0.0 0.0 0.0 0.0 0.0 0.0 0.0 0.0 0.0 0.0 0.0 0.0 0.0 0.0 0.0 0.0 0.0 0.52 0.0 0.0 0.0 0.0

k
0 3 2 0 0 2 0 0 0 6 0 0 2 1 2 0 0 0 1 0 0 2 0 1 2 0 1 0 6 0 0 0 21 1 9 13 2

f
5.25 5.25 0.0 0.0 0.0 0.0 0.0 0.0 0.0 0.0 0.0 0.0 0.0 0.0 0.0 0.0 0.0 0.0 0.0 0.0 0.0 0.0
0.0 0.0 0.0 0.0 0.0 0.0 0.0 0.0 0.0 0.0 0.0 0.0 0.0 0.0 0.0 0.0 0.0 0.0 0.0 0.0 0.0 0.0
0.0 0.0 0.0 0.0 0.0 0.0 0.0 0.0 0.0 0.0 0.0 0.0 0.0 0.0 0.0 0.0 0.0 0.0 0.0 0.0 0.0 0.0
0.0 4.25 0.0 2.25 1.25 1.25 0.25 0.25 2.25 0.0 3.25 1.75 6.25 0.25 0.0 0.0 0.0 0.0 0.0 0.0 0.0 0.0

L
4 0 6 6 2 0 6 0 0 2 12 0 0 4 0 0 12 0 2 0 6 0 0 6 0 12 6 0 0 1 1 1 1 1 1 0 0

g
0 0 0 0 0 0 0 0 0 0 0 0 0 0 0 0 0 0 0 0 0 0
0 0 0 0 0 0 0 0 0 0 0 0 0 0 0 0 0 0 0 0 0 0
0 0 0 0 0 0 0 0 0 0 0 0 0 0 0 0 0 0 0 0 0 0
0 0 0 0 0 0 0 0 0 0 0 0 0 0 0 0 0 0 0 0 0 0
0 0 0 0 0 0 0 0 0 0 0 0 0 0 0 0 0 0 0 0 0 0
0 0 0 0 0 0 0 0 0 0 0 0 0 0 0 0 0 0 0 0 0 0
0 0 0 0 0 0 0 0 0 0 0 0 0 0 0 0 0 0 0 0 0 0
0 0 0 0 0 0 0 0 0 0 0 0 0 0 0 0 0 0 0 0 0 0
0 0 0 0 0 0 0 0 0 0 0 0 0 0 0 0 0 0 0 0 0 0
0 0 0 0 0 0 0 0 0 0 0 0 0 0 0 0 0 0 0 0 0 0
0 0 0 0 0 0 0 0 0 0 0 0 0 0 0 0 0 0 0 0 0 0
0 0 0 0 0 0 0 0 0 0 0 0 0 0 0 0 0 0 0 0 0 0
0 0 0 0 0 0 0 0 0 0 0 0 0 0 0 0 0 0 0 0 0 0
0 0 0 0 0 0 0 0 0 0 0 0 0 0 0 0 0 0 0 0 0 0
0 0 0 0 0 0 0 0 0 0 0 0 0 0 0 0 0 0 0 0 0 0
0 0 0 0 0 0 0 0 0 0 0 0 0 0 0 0 0 0 0 0 0 0
0 0 0 0 0 0 0 0 0 0 0 0 0 0 0 0 0 0 0 0 0 0
0 0 0 0 0 0 0 0 0 0 0 0 0 0 0 0 0 0 0 0 0 0
0 0 0 0 0 0 0 0 0 0 0 0 0 0 0 0 0 0 0 0 0 0
0 0 0 0 0 0 0 0 0 0 0 0 0 0 0 0 0 0 0 0 0 0
0 0 0 0 0 0 0 0 0 0 0 0 0 0 0 0 0 0 0 0 0 0
0 0 0 0 0 0 0 0 0 0 0 0 0 0 0 0 0 0 0 0 0 0
0 0 0 0 0 0 0 0 0 0 0 0 0 0 0 0 0 0 0 0 0 0
0 0 0 0 0 0 0 0 0 0 0 0 0 0 0 0 0 0 0 0 0 0
0 0 0 0 0 0 0 0 0 0 0 0 0 0 0 0 0 0 0 0 0 0
0 0 0 0 0 0 0 0 0 0 0 0 0 0 0 0 0 0 0 0 0 0
0 0 0 0 0 0 0 0 0 0 0 0 0 0 0 0 0 0 0 0 0 0
0 0 0 0 0 0 0 0 0 0 0 0 0 0 0 0 0 0 0 0 0 0
0 0 0 0 0 0 0 0 0 0 0 0 0 0 0 0 0 0 0 0 0 0
0 0 0 0 0 0 0 0 0 0 0 0 0 0 0 0 0 0 0 0 0 0
0 0 0 0 0 0 0 0 0 0 0 0 0 0 0 0 0 0 0 0 0 0
0 0 0 0 0 0 0 0 0 0 0 0 0 0 0 0 0 0 0 0 0 0
0 0 0 0 0 0 0 0 0 0 0 0 0 0 0 0 0 0 0 0 0 0
0 0 0 0 0 0 0 0 0 0 0 0 0 0 0 0 0 0 0 0 0 0
0 0 0 0 0 0 0 0 0 0 0 0 0 0 0 0 0 0 0 0 0 0
0 0 0 0 0 0 0 0 0 0 0 0 0 0 0 0 0 0 0 0 0 0
0 0 0 0 0 0 0 0 0 0 0 0 0 0 0 0 0 0 0 0 0 0

I cap
1058.909090909091 1058.909090909091 966.2450909091109 966.2450909091043 793.010000000039 936.5540000000248 774.3620000000178 1014.9120000000262 642.2240000000103 859.7340000000129 517.0680000000167 818.0700000000124 631.0440000000136 785.2800000000034 675.0180000000139 750.3350909090967 389.03909090911765 723.9830909090919 771.8450909090919 984.6050909090922 1058.909090909091 1058.909090909091
107.96969696969697 107.96969696969697 104.87369696969697 104.87369696969697 74.4100000000001 90.84599999999936 62.63799999999796 65.28799999999941 19.675999999999206 58.065999999999526 42.73199999999846 71.02999999999795 57.855999999998524 49.219999999999175 54.18199999999837 75.4436969696956 5.639696969696725 46.89569696969599 54.83369696969575 104.87369696969697 107.96969696969697 107.96969696969697
38.96666666666666 38.96666666666666 16.52666666666666 16.526666666666667 10.079999999999998 22.500000000000366 21.800000000000313 32.200000000000145 33.60000000000005 26.600000000000005 11.299999999999986 3.59999999999998 5.0 18.69249999999996 13.792499999999986 21.25916666666665 1.7591666666666663 19.466666666666672 19.466666666666644 38.96666666666666 38.96666666666666 38.96666666666666
45.24545454545453 45.24545454545453 44.67845454545453 39.32345454545454 21.533999999999956 32.63399999999993 25.4879999999998 23.042999999999573 18.338999999999864 26.763999999999644 26.342999999999797 23.93299999999993 16.51199999999986 15.244999999999933 12.543999999999885 31.169454545454265 35.02145454545432 44.039454545454504 44.34545454545453 44.67845454545453 45.24545454545453 45.24545454545453
20.999999999999993 20.999999999999993 20.810999999999993 20.49599999999999 8.957999999999995 17.51800000000005 9.289000000000033 9.537000000000209 7.01599999999998 9.338000000000005 11.58700000000016 14.125000000000053 9.98700000000009 12.10500000000002 7.609999999999865 10.884000000000025 9.740999999999982 15.348000000000123 18.111 20.810999999999993 20.999999999999993 20.999999999999993
345.75757575757575 345.75757575757575 342.16657575757574 312.51951693404635 174.18347058823707 158.8019999999988 168.12699999999634 164.02899999999616 196.2159999999953 178.63899999999353 170.877999999998 188.0679999999981 222.87899999999073 231.99599999998952 217.28499999999468 266.5755757575673 257.756634581101 245.6331051693387 295.3665757575758 342.16657575757574 345.75757575757575 345.75757575757575
779.7575757575758 779.7575757575758 766.3385757575758 766.3385757575758 526.425000000004 601.876 721.51 709.1380000000001 715.0989999999999 767.9799999999999 709.7030000000002 732.9530000000001 671.254 673.918 668.2970000000001 709.7915757575762 667.2485757575757 696.1835757575757 723.0215757575758 766.3385757575758 779.7575757575758 779.7575757575758
80.73333333333335 80.73333333333335 80.16633333333336 79.53633333333336 62.30399999999963 81.98400000000002 72.60600000000002 75.31700000000002 72.972 80.851 70.98600000000003 81.55000000000003 85.63900000000002 85.992 75.68400000000003 68.65533333333333 72.84333333333335 79.97733333333335 80.16633333333336 80.16633333333336 80.73333333333335 80.73333333333335
10.775757575757575 10.775757575757575 10.775757575757575 10.775757575757575 4.593 0.24200000000000088 1.1889999999999947 1.8999999999999972 2.0149999999999997 3.115000000000003 2.2849999999999957 1.9499999999999915 2.0399999999999876 1.7450000000000032 1.4799999999999933 8.255757575757574 6.968757575757566 1.2177575757575774 5.024757575757576 10.775757575757575 10.775757575757575 10.775757575757575
2.545454545454545 2.545454545454545 1.9784545454545448 1.9784545454545448 2.0439999999999996 0.6439999999999999 1.6659999999999795 0.15599999999999947 0.7479999999999782 0.5879999999999996 1.0179999999999643 0.2659999999999998 0.6439999999999999 1.3439999999999996 0.0749999999999994 0.7634545454545473 0.14245454545453595 0.4394545454545342 0.9794545454545448 1.9784545454545448 2.545454545454545 2.545454545454545
8.515433299825174 8.515433299825174 8.515433299825174 8.188754533944957 4.80505352298851 5.043118620689661 4.465834413793144 7.090411051724017 7.751261913792939 6.9206506034480535 7.942189482758223 7.516927758620366 7.314486913792825 5.814153982758678 6.486745293103458 6.920748293103474 6.206061369328481 6.396372586206895 6.440820172413792 7.808273706896552 7.546136159874608 8.035367931034484
700.0 700.0 699.1 697.3000000000001 683.8000000000002 689.2000000000002 680.2000000000004 690.1000000000001 684.7000000000002 686.5000000000002 681.1000000000003 688.3000000000002 686.5000000000002 691.9000000000002 685.6000000000001 683.8000000000001 674.8000000000003 683.8000000000002 689.2000000000003 694.6 700.0 695.5

H cap
-5.25 -5.25 47.25 36.75 1.75 1.75 1.75 1.75 5.25 15.75 19.25 19.25 5.25 5.25 131.25 131.25 131.25 131.25 131.25 131.25 131.25 131.25
22.0 7.0 10.0 10.0 10.5 10.5 8.0 8.0 10.0 10.0 10.5 13.5 8.0 20.0 52.5 52.5 52.5 52.5 52.5 52.5 52.5 52.5
35.0 35.0 45.5 42.0 42.0 42.0 49.0 49.0 49.0 52.5 49.0 49.0 35.0 35.0 63.0 63.0 63.0 63.0 63.0 63.0 63.0 63.0
3.25 -4.25 0.25 -2.25 -1.25 -1.25 -0.25 -0.25 -2.25 0.25 -3.25 -1.75 -6.25 -0.25 78.75 78.75 78.75 78.75 78.75 78.75 78.75 78.75

Gap
NaN

Time
NaN

