T P M C
22 37 4 12

base obj
12.078754578754578

exp obj
13.642399267399268

Objective struct
12.078754578754578 0.0 18.333333333333336

num campaigns
115

x
0 0 0 0 0 0 0 0 1 0 0 0 1 0 1 0 1 0 0 0 0 0
0 0 0 0 0 0 0 0 0 0 0 0 0 0 0 0 0 0 0 0 0 0
0 0 0 0 0 0 1 0 0 0 1 0 0 0 0 0 1 0 0 0 0 0
0 0 0 0 1 0 0 0 0 0 1 0 0 0 0 0 1 0 0 0 0 0
0 0 0 0 1 0 1 0 1 0 0 0 1 0 0 0 1 0 0 0 0 0
0 0 0 0 0 0 0 0 0 0 0 0 0 0 0 0 0 0 0 0 0 0
0 0 0 0 1 0 0 0 0 0 1 0 0 0 0 0 1 0 0 0 0 0
0 0 0 0 0 0 1 0 0 0 0 0 0 0 0 0 0 0 0 0 0 0
0 0 0 0 1 0 0 0 0 0 0 0 0 0 0 0 0 0 0 0 0 0
0 0 0 0 0 0 0 0 0 0 0 0 1 0 1 0 0 0 0 0 0 0
0 0 0 0 1 0 0 0 0 0 0 0 0 0 0 0 1 0 0 0 0 0
0 0 0 0 0 0 0 0 1 0 0 0 0 0 0 0 0 0 0 0 0 0
0 0 0 0 0 0 1 0 0 0 0 0 0 0 0 0 0 0 0 0 0 0
0 0 0 0 0 0 1 0 0 0 0 0 1 0 0 0 0 0 0 0 0 0
0 0 0 0 0 0 0 0 0 0 0 0 0 0 0 0 0 0 0 0 0 0
0 0 0 0 0 0 0 0 1 0 0 0 0 0 0 0 0 0 0 0 0 0
0 0 0 0 0 0 0 0 0 0 1 0 0 0 0 0 1 0 0 0 0 0
0 0 0 0 0 0 1 0 0 0 0 0 0 0 0 0 0 0 0 0 0 0
0 0 0 0 1 0 1 0 1 0 1 0 0 1 0 0 1 0 0 0 0 0
0 0 0 0 1 0 0 0 0 0 0 0 0 0 0 0 0 0 0 0 0 0
0 0 0 0 1 0 0 0 0 0 1 0 0 0 0 0 1 0 0 0 0 0
0 0 0 0 0 0 0 0 0 0 0 0 0 0 0 0 0 0 0 0 0 0
0 0 0 0 0 0 0 0 0 0 0 0 0 0 1 0 0 0 0 0 0 0
0 0 0 0 1 0 0 0 0 0 1 0 0 0 0 0 0 0 0 0 0 0
0 0 0 0 0 0 0 0 0 0 0 0 0 0 0 0 0 0 0 0 0 0
0 0 0 0 1 0 0 0 0 0 0 0 0 0 0 0 1 0 0 0 0 0
0 0 0 0 1 0 0 0 0 0 0 0 1 0 0 0 0 0 0 0 0 0
0 0 0 0 0 0 0 0 0 0 1 0 0 0 0 0 0 0 0 0 0 0
0 0 0 0 0 0 0 0 0 0 0 0 0 0 0 0 0 0 0 0 0 0
0 0 0 0 1 1 1 1 1 1 1 1 1 1 1 1 1 0 0 0 0 0
0 0 0 0 1 1 1 1 1 1 1 1 1 1 1 1 1 0 0 0 0 0
0 0 0 0 1 1 1 1 1 1 1 1 1 1 1 1 1 0 0 0 0 0
0 0 0 0 1 0 1 1 1 1 0 1 1 0 0 0 0 0 0 0 0 0
0 0 0 0 1 1 1 1 1 1 1 1 1 1 1 1 1 0 0 0 0 0
0 0 0 0 1 0 1 0 0 1 0 0 0 1 1 1 0 0 0 0 0 0
0 0 0 0 0 0 0 0 0 0 0 0 0 0 0 0 0 0 0 0 0 0
0 0 0 0 0 0 0 0 0 0 0 0 0 0 0 0 0 0 0 0 0 0

y
0.0 0.0 0.0 0.0 0.0 0.0 0.0 0.0 0.0 0.2857142857142858 0.0 0.0 0.0 0.0 0.0 0.0 0.0 0.0 0.0 0.0 0.0 0.0 0.0 0.0 0.0 0.0 2.0 0.0 0.0 0.0 0.0 0.0 0.52 0.0 0.0 0.0 0.0

k
0 3 1 0 0 3 0 0 0 6 0 0 2 1 2 0 0 0 1 0 0 2 0 1 2 0 1 0 6 0 0 0 19 0 7 13 2

f
5.25 5.25 0.0 0.0 0.0 0.0 0.0 0.0 0.0 0.0 0.0 0.0 5.25 5.25 0.0 0.0 0.0 0.0 0.0 0.0 0.0 0.0
0.0 0.0 0.0 0.0 0.0 0.0 0.0 0.0 0.0 0.0 0.0 0.0 0.0 0.0 0.0 0.0 0.0 0.0 0.0 0.0 0.0 0.0
0.0 0.0 0.0 0.0 0.0 0.0 0.0 0.0 0.0 0.0 0.0 0.0 0.0 0.0 0.0 0.0 0.0 0.0 0.0 0.0 0.0 0.0
0.0 2.75 0.75 2.25 0.0 0.0 3.25 1.75 0.0 1.75 2.75 0.25 7.75 0.25 0.0 0.0 0.0 0.0 0.0 0.0 0.0 0.0

L
2 0 4 6 2 0 6 0 0 2 12 0 0 6 0 0 6 0 2 0 6 0 0 6 0 12 8 0 0 1 1 1 1 1 1 0 0

g
0 0 0 0 0 0 0 0 0 0 0 0 0 0 0 0 0 0 0 0 0 0
0 0 0 0 0 0 0 0 0 0 0 0 0 0 0 0 0 0 0 0 0 0
0 0 0 0 0 0 0 0 0 0 0 0 0 0 0 0 0 0 0 0 0 0
0 0 0 0 0 0 0 0 0 0 0 0 0 0 0 0 0 0 0 0 0 0
0 0 0 0 0 0 0 0 0 0 0 0 0 0 0 0 0 0 0 0 0 0
0 0 0 0 0 0 0 0 0 0 0 0 0 0 0 0 0 0 0 0 0 0
0 0 0 0 0 0 0 0 0 0 0 0 0 0 0 0 0 0 0 0 0 0
0 0 0 0 0 0 0 0 0 0 0 0 0 0 0 0 0 0 0 0 0 0
0 0 0 0 0 0 0 0 0 0 0 0 0 0 0 0 0 0 0 0 0 0
0 0 0 0 0 0 0 0 0 0 0 0 0 0 0 0 0 0 0 0 0 0
0 0 0 0 0 0 0 0 0 0 0 0 0 0 0 0 0 0 0 0 0 0
0 0 0 0 0 0 0 0 0 0 0 0 0 0 0 0 0 0 0 0 0 0
0 0 0 0 0 0 0 0 0 0 0 0 0 0 0 0 0 0 0 0 0 0
0 0 0 0 0 0 0 0 0 0 0 0 0 0 0 0 0 0 0 0 0 0
0 0 0 0 0 0 0 0 0 0 0 0 0 0 0 0 0 0 0 0 0 0
0 0 0 0 0 0 0 0 0 0 0 0 0 0 0 0 0 0 0 0 0 0
0 0 0 0 0 0 0 0 0 0 0 0 0 0 0 0 0 0 0 0 0 0
0 0 0 0 0 0 0 0 0 0 0 0 0 0 0 0 0 0 0 0 0 0
0 0 0 0 0 0 0 0 0 0 0 0 0 0 0 0 0 0 0 0 0 0
0 0 0 0 0 0 0 0 0 0 0 0 0 0 0 0 0 0 0 0 0 0
0 0 0 0 0 0 0 0 0 0 0 0 0 0 0 0 0 0 0 0 0 0
0 0 0 0 0 0 0 0 0 0 0 0 0 0 0 0 0 0 0 0 0 0
0 0 0 0 0 0 0 0 0 0 0 0 0 0 0 0 0 0 0 0 0 0
0 0 0 0 0 0 0 0 0 0 0 0 0 0 0 0 0 0 0 0 0 0
0 0 0 0 0 0 0 0 0 0 0 0 0 0 0 0 0 0 0 0 0 0
0 0 0 0 0 0 0 0 0 0 0 0 0 0 0 0 0 0 0 0 0 0
0 0 0 0 0 0 0 0 0 0 0 0 0 0 0 0 0 0 0 0 0 0
0 0 0 0 0 0 0 0 0 0 0 0 0 0 0 0 0 0 0 0 0 0
0 0 0 0 0 0 0 0 0 0 0 0 0 0 0 0 0 0 0 0 0 0
0 0 0 0 0 0 0 0 0 0 0 0 0 0 0 0 0 0 0 0 0 0
0 0 0 0 0 0 0 0 0 0 0 0 0 0 0 0 0 0 0 0 0 0
0 0 0 0 0 0 0 0 0 0 0 0 0 0 0 0 0 0 0 0 0 0
0 0 0 0 0 0 0 0 0 0 0 0 0 0 0 0 0 0 0 0 0 0
0 0 0 0 0 0 0 0 0 0 0 0 0 0 0 0 0 0 0 0 0 0
0 0 0 0 0 0 0 0 0 0 0 0 0 0 0 0 0 0 0 0 0 0
0 0 0 0 0 0 0 0 0 0 0 0 0 0 0 0 0 0 0 0 0 0
0 0 0 0 0 0 0 0 0 0 0 0 0 0 0 0 0 0 0 0 0 0

I cap
1058.909090909091 1058.909090909091 1040.549090909105 1024.889090909098 729.5060000000237 943.3400000000244 822.4760000000168 1041.6960000000263 617.8340000000073 914.5620000000107 486.1260000000183 753.7920000000065 594.2700000000077 789.3300000000014 762.4260000000128 772.3850909090943 415.9850909091094 633.209090909093 743.4950909090936 984.6050909090997 1058.909090909091 1058.909090909091
107.96969696969697 107.96969696969697 107.96969696969697 97.52969696969697 11.914000000000108 48.959999999999496 18.123999999999384 39.40399999999809 9.865999999999529 75.23799999999974 65.57399999999856 101.10799999999892 66.72999999999902 62.27000000000007 83.77399999999909 71.39369696969612 39.893696969696634 61.16969696969626 66.08369696969646 104.87369696969697 107.96969696969697 107.96969696969697
38.96666666666666 38.96666666666666 16.52666666666666 16.526666666666667 10.079999999999998 11.092500000000289 4.09250000000014 20.792500000000125 15.892500000000075 32.900000000000034 4.9999999999999964 9.899999999999999 5.0 30.100000000000005 25.2 32.6666666666667 19.46666666666663 19.466666666666672 19.466666666666654 38.96666666666666 38.96666666666666 38.96666666666666
45.24545454545453 45.24545454545453 45.24545454545453 38.00045454545453 16.863000000000092 28.142999999999763 24.101999999999965 29.369999999999767 24.37800000000007 31.05699999999968 25.46099999999951 21.475999999999914 16.899000000000044 17.32399999999999 14.766999999999989 29.162454545454256 32.852454545454236 40.142454545454534 41.66345454545453 44.67845454545453 45.24545454545453 45.24545454545453
20.999999999999993 20.999999999999993 20.999999999999993 20.414999999999992 8.210999999999968 16.951000000000025 9.424000000000039 10.590000000000039 7.744999999999982 10.372999999999973 9.688000000000036 11.667999999999985 10.626000000000044 14.868000000000153 10.048999999999936 10.479000000000086 7.5720000000000525 12.13500000000014 15.698999999999986 20.810999999999993 20.999999999999993 20.999999999999993
345.75757575757575 345.75757575757575 345.75757575757575 316.11051693404636 192.78647058823626 203.0999999999991 209.22099999999688 165.34299999999723 181.92399999999517 211.46199999999388 165.7299999999994 155.09199999999817 180.9299999999953 206.14799999999175 195.66699999999597 231.21457575756992 259.1876345811032 249.47610516933807 300.3885757575758 342.16657575757574 345.75757575757575 345.75757575757575
779.7575757575758 779.7575757575758 779.7575757575758 687.0125757575757 510.6840000000038 648.7840000000002 617.038 575.6500000000002 642.2979999999999 776.611 618.1370000000002 625.7180000000001 717.0369999999999 826.747 799.8679999999999 732.7055757575764 645.2075757575756 652.0025757575758 696.9035757575757 766.3385757575758 779.7575757575758 779.7575757575758
80.73333333333335 80.73333333333335 80.73333333333335 77.94333333333336 58.847999999999914 79.96800000000002 71.36400000000003 78.44900000000001 74.646 82.156 69.93300000000002 80.03800000000003 87.81700000000002 88.656 79.95900000000002 70.12233333333337 69.05133333333336 74.20233333333336 78.35733333333336 80.16633333333336 80.73333333333335 80.73333333333335
10.775757575757575 10.775757575757575 10.775757575757575 10.775757575757575 2.415000000000001 2.0150000000000006 0.684999999999997 0.5949999999999926 2.554999999999997 0.639999999999989 0.6379999999999999 0.9420000000000002 2.588999999999997 2.600000000000002 1.4800000000000115 5.375757575757573 4.448757575757581 1.2177575757575738 5.024757575757576 10.775757575757575 10.775757575757575 10.775757575757575
2.545454545454545 2.545454545454545 2.545454545454545 1.735454545454545 1.5039999999999998 0.6439999999999999 0.5859999999999875 0.18299999999999939 0.15399999999994796 0.6959999999999995 1.0179999999999914 0.2659999999999998 0.07699999999999985 0.7769999999999996 0.2099999999999994 0.6554545454545447 1.2224545454545421 1.2224545454545404 1.9784545454545448 1.9784545454545448 2.545454545454545 2.545454545454545
8.515433299825174 8.515433299825174 8.515433299825174 7.87840970635875 4.6747085402299025 5.586221913793116 4.077903379310389 6.159376724137852 8.342468965517215 7.314788534482533 7.402189327586056 7.433134499999819 7.233797103448051 5.814153982758657 6.025883379310345 6.2224725862069175 5.818130490018172 6.086027758620686 6.440820172413792 7.4979288793103445 7.546136159874608 8.34571275862069
700.0 700.0 699.1 698.2 682.9000000000002 686.5000000000002 678.4000000000003 687.4000000000002 686.5000000000002 693.7000000000002 681.1000000000003 681.1 683.8000000000002 688.3000000000002 683.8000000000002 690.1000000000001 678.4000000000003 683.8000000000002 691.0000000000002 699.1 700.0 698.2

H cap
-5.25 -5.25 12.25 12.25 12.25 12.25 22.75 22.75 40.25 29.75 22.75 33.25 -5.25 -5.25 131.25 131.25 131.25 131.25 131.25 131.25 131.25 131.25
20.0 8.0 3.0 0.0 10.5 7.5 10.5 13.5 2.5 2.5 12.5 12.5 4.5 19.5 52.5 52.5 52.5 52.5 52.5 52.5 52.5 52.5
31.5 31.5 42.0 42.0 49.0 49.0 45.5 45.5 49.0 45.5 49.0 52.5 35.0 35.0 63.0 63.0 63.0 63.0 63.0 63.0 63.0 63.0
3.25 -2.75 -0.75 -2.25 3.75 2.25 -3.25 -1.75 0.75 -1.75 -2.75 -0.25 -7.75 -0.25 78.75 78.75 78.75 78.75 78.75 78.75 78.75 78.75

Gap
NaN

Time
NaN

