T P M C
22 37 4 12

base obj
12.04029304029304

exp obj
13.530219780219781

Objective struct
12.04029304029304 0.0 18.0

num campaigns
116

x
0 0 0 0 1 0 0 0 1 0 0 0 1 0 0 0 1 0 0 0 0 0
0 0 0 0 0 0 0 0 0 0 0 0 0 0 0 0 0 0 0 0 0 0
0 0 0 0 0 0 1 0 0 0 1 0 0 0 1 0 0 0 0 0 0 0
0 0 0 0 1 0 0 0 0 0 1 0 0 0 0 0 1 0 0 0 0 0
0 0 0 0 1 0 1 0 1 0 0 0 0 0 1 0 1 0 0 0 0 0
0 0 0 0 0 0 1 0 0 0 1 0 0 0 0 0 0 0 0 0 0 0
0 0 0 0 1 0 0 0 0 0 1 0 0 0 0 0 1 0 0 0 0 0
0 0 0 0 0 0 0 0 0 0 0 0 1 0 0 0 0 0 0 0 0 0
0 0 0 0 0 0 0 0 1 0 0 0 0 0 0 0 0 0 0 0 0 0
0 0 0 0 0 0 1 0 1 0 0 0 0 0 0 0 0 0 0 0 0 0
0 0 0 0 1 0 0 0 0 0 0 0 0 0 0 0 1 0 0 0 0 0
0 0 0 0 0 0 0 0 0 0 0 0 0 0 1 0 0 0 0 0 0 0
0 0 0 0 0 0 0 0 0 0 0 0 0 0 0 0 1 0 0 0 0 0
0 0 0 0 0 0 0 0 1 0 0 0 1 0 0 0 0 0 0 0 0 0
0 0 0 0 0 0 0 0 0 0 0 0 0 0 0 0 0 0 0 0 0 0
0 0 0 0 0 0 0 0 0 0 1 0 0 0 0 0 0 0 0 0 0 0
0 0 0 0 1 0 0 0 0 0 0 0 0 0 0 0 1 0 0 0 0 0
0 0 0 0 0 0 0 0 0 0 0 0 0 0 1 0 0 0 0 0 0 0
0 0 0 0 1 0 1 0 1 0 1 0 0 1 0 1 0 0 0 0 0 0
0 0 0 0 1 0 0 0 0 0 0 0 0 0 0 0 0 0 0 0 0 0
0 0 0 0 1 0 0 0 0 0 1 0 0 0 0 0 1 0 0 0 0 0
0 0 0 0 0 0 0 0 0 0 0 0 0 0 0 0 0 0 0 0 0 0
0 0 0 0 0 0 0 0 0 0 0 0 0 0 1 0 0 0 0 0 0 0
0 0 0 0 0 0 0 0 0 0 0 0 0 0 0 0 0 0 0 0 0 0
0 0 0 0 0 0 0 0 0 0 0 0 0 0 0 0 0 0 0 0 0 0
0 0 0 0 1 0 0 0 0 0 0 0 0 0 0 0 1 0 0 0 0 0
0 0 0 0 0 0 1 0 0 0 0 0 1 0 0 0 0 0 0 0 0 0
0 0 0 0 0 0 1 0 0 0 0 0 0 0 0 0 0 0 0 0 0 0
0 0 0 0 0 0 0 0 0 0 0 0 0 0 0 0 0 0 0 0 0 0
0 0 0 0 1 1 1 1 1 1 1 1 1 1 1 1 1 0 0 0 0 0
0 0 0 0 1 1 1 1 1 1 1 1 1 1 1 1 1 0 0 0 0 0
0 0 0 0 1 1 1 1 1 1 1 1 1 1 1 1 1 0 0 0 0 0
0 0 0 0 0 1 1 1 0 1 1 0 1 1 1 0 0 0 0 0 0 0
0 0 0 0 1 1 1 1 1 1 1 1 1 1 1 1 1 0 0 0 0 0
0 0 0 0 0 0 0 1 1 0 0 1 0 1 1 1 0 0 0 0 0 0
0 0 0 0 0 0 0 0 0 0 0 0 0 0 0 0 0 0 0 0 0 0
0 0 0 0 0 0 0 0 0 0 0 0 0 0 0 0 0 0 0 0 0 0

y
0.0 0.0 0.0 0.0 0.0 0.0 0.0 0.0 0.0 0.2857142857142858 0.0 0.0 0.0 0.0 0.0 0.0 0.0 0.0 0.0 0.0 0.0 0.0 0.0 0.0 0.0 0.0 0.0 0.0 0.0 0.0 0.0 0.0 0.52 0.0 0.0 0.0 0.0

k
0 3 1 0 0 1 0 0 0 6 0 0 2 1 2 0 0 0 1 0 0 2 0 3 2 0 1 0 6 0 0 0 18 0 7 13 2

f
5.25 5.25 0.0 0.0 0.0 0.0 0.0 0.0 0.0 1.75 0.0 0.0 0.0 0.0 0.0 0.0 0.0 0.0 0.0 0.0 0.0 0.0
0.0 0.0 0.0 0.0 0.5 0.0 0.0 0.0 0.0 0.0 0.0 0.0 0.0 0.0 0.0 0.0 0.0 0.0 0.0 0.0 0.0 0.0
0.0 0.0 0.0 0.0 0.0 0.0 0.0 0.0 0.0 0.0 0.0 0.0 0.0 0.0 0.0 0.0 0.0 0.0 0.0 0.0 0.0 0.0
0.0 4.25 0.0 0.0 0.75 0.0 2.75 2.75 0.0 2.75 1.75 0.25 9.25 0.0 0.0 0.0 0.0 0.0 0.0 0.0 0.0 0.0

L
4 0 4 6 2 4 6 0 0 2 12 0 0 4 0 0 12 0 2 0 6 0 0 0 0 12 6 0 0 1 1 1 1 1 1 0 0

g
0 0 0 0 0 0 0 0 0 0 0 0 0 0 0 0 0 0 0 0 0 0
0 0 0 0 0 0 0 0 0 0 0 0 0 0 0 0 0 0 0 0 0 0
0 0 0 0 0 0 0 0 0 0 0 0 0 0 0 0 0 0 0 0 0 0
0 0 0 0 0 0 0 0 0 0 0 0 0 0 0 0 0 0 0 0 0 0
0 0 0 0 0 0 0 0 0 0 0 0 0 0 0 0 0 0 0 0 0 0
0 0 0 0 0 0 0 0 0 0 0 0 0 0 0 0 0 0 0 0 0 0
0 0 0 0 0 0 0 0 0 0 0 0 0 0 0 0 0 0 0 0 0 0
0 0 0 0 0 0 0 0 0 0 0 0 0 0 0 0 0 0 0 0 0 0
0 0 0 0 0 0 0 0 0 0 0 0 0 0 0 0 0 0 0 0 0 0
0 0 0 0 0 0 0 0 0 0 0 0 0 0 0 0 0 0 0 0 0 0
0 0 0 0 0 0 0 0 0 0 0 0 0 0 0 0 0 0 0 0 0 0
0 0 0 0 0 0 0 0 0 0 0 0 0 0 0 0 0 0 0 0 0 0
0 0 0 0 0 0 0 0 0 0 0 0 0 0 0 0 0 0 0 0 0 0
0 0 0 0 0 0 0 0 0 0 0 0 0 0 0 0 0 0 0 0 0 0
0 0 0 0 0 0 0 0 0 0 0 0 0 0 0 0 0 0 0 0 0 0
0 0 0 0 0 0 0 0 0 0 0 0 0 0 0 0 0 0 0 0 0 0
0 0 0 0 0 0 0 0 0 0 0 0 0 0 0 0 0 0 0 0 0 0
0 0 0 0 0 0 0 0 0 0 0 0 0 0 0 0 0 0 0 0 0 0
0 0 0 0 0 0 0 0 0 0 0 0 0 0 0 0 0 0 0 0 0 0
0 0 0 0 0 0 0 0 0 0 0 0 0 0 0 0 0 0 0 0 0 0
0 0 0 0 0 0 0 0 0 0 0 0 0 0 0 0 0 0 0 0 0 0
0 0 0 0 0 0 0 0 0 0 0 0 0 0 0 0 0 0 0 0 0 0
0 0 0 0 0 0 0 0 0 0 0 0 0 0 0 0 0 0 0 0 0 0
0 0 0 0 0 0 0 0 0 0 0 0 0 0 0 0 0 0 0 0 0 0
0 0 0 0 0 0 0 0 0 0 0 0 0 0 0 0 0 0 0 0 0 0
0 0 0 0 0 0 0 0 0 0 0 0 0 0 0 0 0 0 0 0 0 0
0 0 0 0 0 0 0 0 0 0 0 0 0 0 0 0 0 0 0 0 0 0
0 0 0 0 0 0 0 0 0 0 0 0 0 0 0 0 0 0 0 0 0 0
0 0 0 0 0 0 0 0 0 0 0 0 0 0 0 0 0 0 0 0 0 0
0 0 0 0 0 0 0 0 0 0 0 0 0 0 0 0 0 0 0 0 0 0
0 0 0 0 0 0 0 0 0 0 0 0 0 0 0 0 0 0 0 0 0 0
0 0 0 0 0 0 0 0 0 0 0 0 0 0 0 0 0 0 0 0 0 0
0 0 0 0 0 0 0 0 0 0 0 0 0 0 0 0 0 0 0 0 0 0
0 0 0 0 0 0 0 0 0 0 0 0 0 0 0 0 0 0 0 0 0 0
0 0 0 0 0 0 0 0 0 0 0 0 0 0 0 0 0 0 0 0 0 0
0 0 0 0 0 0 0 0 0 0 0 0 0 0 0 0 0 0 0 0 0 0
0 0 0 0 0 0 0 0 0 0 0 0 0 0 0 0 0 0 0 0 0 0

I cap
1058.909090909091 1058.909090909091 966.2450909091109 966.2450909090995 793.0100000000314 936.5540000000328 587.5040000000229 898.038000000043 567.2000000000089 855.0180000000153 343.3500000000257 684.0960000000092 674.028000000013 879.4380000000008 774.7920000000155 739.7510909090922 366.62909090911165 723.9830909090915 771.8450909090922 984.6050909090931 1058.909090909091 1058.909090909091
107.96969696969697 107.96969696969697 104.87369696969697 104.87369696969697 74.40999999999971 90.84599999999944 54.19599999999864 59.761999999998835 47.899999999999956 89.78199999999973 41.84999999999843 60.10399999999848 48.171999999999315 56.76200000000012 28.207999999998272 40.127696969694924 0.14969696969687618 46.89569696969643 54.83369696969544 104.87369696969697 107.96969696969697 107.96969696969697
38.96666666666666 38.96666666666666 16.52666666666666 16.526666666666667 10.080000000000013 22.500000000000302 15.500000000000199 32.20000000000013 27.300000000000022 32.900000000000034 4.999999999999982 9.899999999999995 5.0 18.69250000000008 13.792499999999979 14.959166666666636 8.059166666666645 19.466666666666658 25.766666666666673 38.96666666666666 38.96666666666666 38.96666666666666
45.24545454545453 45.24545454545453 44.67845454545453 39.32345454545454 21.53399999999999 32.63399999999976 23.183999999999806 21.8909999999996 18.50999999999984 26.93499999999946 21.401999999999482 19.000999999999934 17.286 18.898999999999916 12.372999999999918 27.344454545454308 32.00645454545426 44.03945454545453 44.345454545454515 44.67845454545453 45.24545454545453 45.24545454545453
20.999999999999993 20.999999999999993 20.810999999999993 20.49599999999999 8.958000000000006 17.518000000000033 8.137000000000015 8.961000000000201 7.006999999999919 9.328999999999958 8.18500000000012 10.525000000000084 10.401000000000014 15.075000000000042 7.6189999999998035 7.923000000000012 7.329000000000022 15.348000000000102 18.110999999999994 20.810999999999993 20.999999999999993 20.999999999999993
345.75757575757575 345.75757575757575 342.16657575757574 312.51951693404635 174.18347058823662 158.80199999999908 168.1269999999967 164.02899999999633 196.21599999999327 178.63899999999217 164.24499999999782 179.75199999999782 222.87899999999118 240.31199999998756 217.28499999999465 258.25957575756735 251.12363458110246 245.6331051693394 295.3665757575758 342.16657575757574 345.75757575757575 345.75757575757575
779.7575757575758 779.7575757575758 766.3385757575758 766.3385757575758 526.4250000000043 601.876 599.3709999999999 628.3810000000002 704.776 686.7819999999999 561.2570000000009 649.1090000000002 621.6370000000009 675.5469999999999 678.62 663.3605757575759 620.8175757575758 696.1835757575757 723.0215757575758 766.3385757575758 779.7575757575758 779.7575757575758
80.73333333333335 80.73333333333335 80.16633333333336 79.53633333333336 62.30399999999979 81.98400000000002 69.72600000000003 73.87700000000002 72.288 80.167 66.51300000000003 77.84200000000003 86.86300000000003 88.188 76.36800000000002 67.14333333333337 67.67433333333335 77.03733333333335 80.16633333333336 80.16633333333336 80.73333333333335 80.73333333333335
10.775757575757575 10.775757575757575 10.775757575757575 10.775757575757575 4.593000000000009 0.24200000000000443 1.1889999999999983 1.8999999999999968 0.0799999999999983 1.5400000000000023 2.554999999999997 1.9499999999999909 1.7699999999999991 1.6549999999999856 0.5350000000000108 4.520757575757576 4.448757575757574 1.2177575757575738 5.024757575757576 10.775757575757575 10.775757575757575 10.775757575757575
2.545454545454545 2.545454545454545 1.9784545454545448 1.9784545454545448 2.0439999999999996 0.6439999999999999 1.6659999999999702 0.15599999999999947 0.7479999999999889 0.5879999999999996 1.0179999999999967 0.2659999999999998 0.6439999999999999 1.3439999999999996 0.07499999999999951 0.7634545454545446 0.14245454545454228 0.439454545454544 0.9794545454545448 1.9784545454545448 2.545454545454545 2.545454545454545
8.515433299825174 8.515433299825174 8.515433299825174 8.188754533944957 4.805053522988516 5.043118620689665 4.155489431034534 6.780066068965376 7.5185031379308 6.377547155172146 7.631844655172005 7.5169277586204375 7.004142086206542 5.503809155172478 6.176400620689653 6.377645000000012 5.973302903811254 6.396372586206895 6.440820172413792 7.808273706896552 7.546136159874608 8.035367931034484
700.0 700.0 699.1 697.3000000000001 683.8000000000002 689.2000000000002 681.1000000000005 691.9000000000002 685.6000000000003 687.4000000000002 680.2000000000004 686.5000000000002 688.3000000000002 686.5000000000001 682.0000000000002 683.8000000000002 679.3000000000003 684.7000000000002 690.1000000000003 697.3000000000001 700.0 695.5

H cap
-5.25 -5.25 1.75 1.75 12.25 12.25 8.75 8.75 8.75 -1.75 19.25 19.25 5.25 15.75 131.25 131.25 131.25 131.25 131.25 131.25 131.25 131.25
22.0 7.0 8.0 5.0 -0.5 2.5 10.5 10.5 4.5 1.5 10.0 13.0 2.0 17.0 52.5 52.5 52.5 52.5 52.5 52.5 52.5 52.5
35.0 35.0 45.5 45.5 45.5 45.5 49.0 49.0 52.5 49.0 45.5 45.5 35.0 38.5 63.0 63.0 63.0 63.0 63.0 63.0 63.0 63.0
3.25 -4.25 5.75 4.25 -0.75 0.75 -2.75 -2.75 1.25 -2.75 -1.75 -0.25 -9.25 0.75 78.75 78.75 78.75 78.75 78.75 78.75 78.75 78.75

Gap
NaN

Time
NaN

