T P M C
22 37 4 12

base obj
12.77234432234432

exp obj
13.683424908424907

Objective struct
12.77234432234432 0.0 16.416666666666668

num campaigns
105

x
0 0 0 0 1 0 0 0 1 0 0 0 1 0 0 0 1 0 0 0 0 0
0 0 0 0 0 0 0 0 0 0 0 0 0 0 0 0 0 0 0 0 0 0
0 0 0 0 0 0 0 0 1 0 0 0 0 0 0 0 1 0 0 0 0 0
0 0 0 0 1 0 0 0 0 1 0 0 0 0 1 0 0 0 0 0 0 0
0 0 0 0 0 0 1 0 0 1 0 0 1 0 0 1 0 0 0 0 0 0
0 0 0 0 0 0 1 0 0 0 0 0 1 0 0 0 0 0 0 0 0 0
0 0 0 0 1 0 0 0 0 0 1 0 0 0 0 0 1 0 0 0 0 0
0 0 0 0 0 0 0 0 0 0 0 0 0 0 1 0 0 0 0 0 0 0
0 0 0 0 0 0 0 0 1 0 0 0 0 0 0 0 0 0 0 0 0 0
0 0 0 0 1 0 0 0 0 0 0 0 1 0 0 0 0 0 0 0 0 0
0 0 0 0 1 0 0 0 0 0 0 0 0 1 0 0 0 0 0 0 0 0
0 0 0 0 0 0 0 0 0 0 0 0 0 0 0 0 1 0 0 0 0 0
0 0 0 0 0 0 0 0 0 0 0 0 0 0 0 0 0 0 0 0 0 0
0 0 0 0 0 0 0 0 1 0 0 0 0 0 1 0 0 0 0 0 0 0
0 0 0 0 0 0 0 0 0 0 0 0 0 0 0 0 0 0 0 0 0 0
0 0 0 0 0 0 0 0 0 0 1 0 0 0 0 0 0 0 0 0 0 0
0 0 0 0 1 0 0 0 0 0 0 0 0 0 0 0 1 0 0 0 0 0
0 0 0 0 0 0 1 0 0 0 0 0 0 0 0 0 0 0 0 0 0 0
0 0 0 0 1 0 1 0 1 0 1 0 0 0 1 0 1 0 0 0 0 0
0 0 0 0 1 0 0 0 0 0 0 0 0 0 0 0 0 0 0 0 0 0
0 0 0 0 1 0 0 0 0 0 1 0 0 0 0 0 1 0 0 0 0 0
0 0 0 0 0 0 0 0 0 0 0 0 0 0 0 0 0 0 0 0 0 0
0 0 0 0 0 0 0 0 0 0 1 0 0 0 0 0 0 0 0 0 0 0
0 0 0 0 0 0 1 0 0 0 0 0 0 0 1 0 0 0 0 0 0 0
0 0 0 0 0 0 0 0 0 0 0 0 0 0 0 0 0 0 0 0 0 0
0 0 0 0 1 0 0 0 0 0 0 0 0 0 0 0 1 0 0 0 0 0
0 0 0 0 0 0 1 0 0 0 0 0 1 0 0 0 0 0 0 0 0 0
0 0 0 0 0 0 0 0 0 0 0 0 0 0 1 0 0 0 0 0 0 0
0 0 0 0 0 0 0 0 0 0 0 0 0 0 0 0 0 0 0 0 0 0
0 0 0 0 0 1 1 1 1 1 1 1 1 1 1 1 1 0 0 0 0 0
0 0 0 0 0 1 1 1 1 1 1 1 1 1 1 1 1 0 0 0 0 0
0 0 0 0 0 1 1 1 1 1 1 1 1 1 1 0 1 0 0 0 0 0
0 0 0 0 0 1 1 1 0 0 0 1 0 0 0 0 0 0 0 0 0 0
0 0 0 0 0 1 1 1 1 1 1 1 1 1 1 1 1 0 0 0 0 0
0 0 0 0 0 0 0 1 1 0 1 1 0 0 1 0 0 0 0 0 0 0
0 0 0 0 0 0 0 0 0 0 0 0 0 0 0 0 0 0 0 0 0 0
0 0 0 0 0 0 0 0 0 0 0 0 0 0 0 0 0 0 0 0 0 0

y
0.0 0.0 4.0 0.0 0.0 0.0 0.0 0.0 0.0 6.285714285714286 0.0 0.0 0.0 0.0 0.0 0.0 0.0 0.0 0.0 0.0 0.0 0.0 0.0 2.0 0.0 0.0 0.0 0.0 0.0 0.0 0.0 0.0 0.52 0.0 0.0 0.0 0.0

k
0 3 2 0 1 1 0 0 0 6 0 0 3 1 2 0 0 0 1 0 0 2 0 1 2 0 1 0 6 1 1 2 22 1 8 13 2

f
5.25 5.25 0.0 0.0 0.0 0.0 0.0 0.0 0.0 5.25 0.0 0.0 0.0 0.0 0.0 0.0 0.0 0.0 0.0 0.0 0.0 0.0
0.0 0.0 0.0 0.0 0.0 0.0 0.0 0.0 0.0 0.0 0.0 0.0 0.0 0.0 0.0 0.0 0.0 0.0 0.0 0.0 0.0 0.0
0.0 0.0 0.0 0.0 0.0 0.0 0.0 0.0 0.0 0.0 0.0 0.0 0.0 0.0 0.0 0.0 0.0 0.0 0.0 0.0 0.0 0.0
0.0 5.25 0.0 0.75 0.0 4.25 3.25 0.0 0.75 0.25 2.25 0.75 7.25 0.25 0.0 0.0 0.0 0.0 0.0 0.0 0.0 0.0

L
4 0 8 5 3 6 6 0 0 8 9 0 0 6 0 0 12 0 2 0 6 0 0 8 0 12 6 0 0 1 1 1 1 1 1 0 0

g
0 0 0 0 0 0 0 0 0 0 0 0 0 0 0 0 0 0 0 0 0 0
0 0 0 0 0 0 0 0 0 0 0 0 0 0 0 0 0 0 0 0 0 0
0 0 0 0 0 0 0 0 0 0 0 0 0 0 0 0 0 0 0 0 0 0
0 0 0 0 0 0 0 0 0 0 0 0 0 0 0 0 0 0 0 0 0 0
0 0 0 0 0 0 0 0 0 0 0 0 0 0 0 0 0 0 0 0 0 0
0 0 0 0 0 0 0 0 0 0 0 0 0 0 0 0 0 0 0 0 0 0
0 0 0 0 0 0 0 0 0 0 0 0 0 0 0 0 0 0 0 0 0 0
0 0 0 0 0 0 0 0 0 0 0 0 0 0 0 0 0 0 0 0 0 0
0 0 0 0 0 0 0 0 0 0 0 0 0 0 0 0 0 0 0 0 0 0
0 0 0 0 0 0 0 0 0 0 0 0 0 0 0 0 0 0 0 0 0 0
0 0 0 0 0 0 0 0 0 0 0 0 0 0 0 0 0 0 0 0 0 0
0 0 0 0 0 0 0 0 0 0 0 0 0 0 0 0 0 0 0 0 0 0
0 0 0 0 0 0 0 0 0 0 0 0 0 0 0 0 0 0 0 0 0 0
0 0 0 0 0 0 0 0 0 0 0 0 0 0 0 0 0 0 0 0 0 0
0 0 0 0 0 0 0 0 0 0 0 0 0 0 0 0 0 0 0 0 0 0
0 0 0 0 0 0 0 0 0 0 0 0 0 0 0 0 0 0 0 0 0 0
0 0 0 0 0 0 0 0 0 0 0 0 0 0 0 0 0 0 0 0 0 0
0 0 0 0 0 0 0 0 0 0 0 0 0 0 0 0 0 0 0 0 0 0
0 0 0 0 0 0 0 0 0 0 0 0 0 0 0 0 0 0 0 0 0 0
0 0 0 0 0 0 0 0 0 0 0 0 0 0 0 0 0 0 0 0 0 0
0 0 0 0 0 0 0 0 0 0 0 0 0 0 0 0 0 0 0 0 0 0
0 0 0 0 0 0 0 0 0 0 0 0 0 0 0 0 0 0 0 0 0 0
0 0 0 0 0 0 0 0 0 0 0 0 0 0 0 0 0 0 0 0 0 0
0 0 0 0 0 0 0 0 0 0 0 0 0 0 0 0 0 0 0 0 0 0
0 0 0 0 0 0 0 0 0 0 0 0 0 0 0 0 0 0 0 0 0 0
0 0 0 0 0 0 0 0 0 0 0 0 0 0 0 0 0 0 0 0 0 0
0 0 0 0 0 0 0 0 0 0 0 0 0 0 0 0 0 0 0 0 0 0
0 0 0 0 0 0 0 0 0 0 0 0 0 0 0 0 0 0 0 0 0 0
0 0 0 0 0 0 0 0 0 0 0 0 0 0 0 0 0 0 0 0 0 0
0 0 0 0 0 0 0 0 0 0 0 0 0 0 0 0 0 0 0 0 0 0
0 0 0 0 0 0 0 0 0 0 0 0 0 0 0 0 0 0 0 0 0 0
0 0 0 0 0 0 0 0 0 0 0 0 0 0 0 0 0 0 0 0 0 0
0 0 0 0 0 0 0 0 0 0 0 0 0 0 0 0 0 0 0 0 0 0
0 0 0 0 0 0 0 0 0 0 0 0 0 0 0 0 0 0 0 0 0 0
0 0 0 0 0 0 0 0 0 0 0 0 0 0 0 0 0 0 0 0 0 0
0 0 0 0 0 0 0 0 0 0 0 0 0 0 0 0 0 0 0 0 0 0
0 0 0 0 0 0 0 0 0 0 0 0 0 0 0 0 0 0 0 0 0 0

I cap
1058.909090909091 1058.909090909091 966.245090909105 966.2450909091034 807.5900000000154 944.8340000000177 786.584000000009 1074.2580000000096 717.3200000000016 670.7880000000054 633.2580000000123 803.6700000000047 605.9340000000044 767.0099999999999 581.8680000000036 724.235090909092 530.2490909090998 667.9130909090912 783.0950909090915 984.6050909090919 1058.909090909091 1058.909090909091
107.96969696969697 107.96969696969697 104.87369696969697 104.87369696969697 51.72999999999992 64.56599999999986 86.41599999999917 97.74199999999958 75.0800000000002 91.31200000000003 94.84199999999942 104.32999999999961 41.56600000000009 4.489999999999919 19.531999999998934 38.543696969696 5.729696969696923 36.36569696969659 69.68369696969663 104.87369696969697 107.96969696969697 107.96969696969697
38.96666666666666 38.96666666666666 16.52666666666666 16.526666666666667 10.079999999999995 11.092500000000168 4.09250000000008 20.792500000000032 15.892500000000002 32.90000000000002 4.999999999999994 9.900000000000002 5.000000000000001 36.4 25.200000000000003 32.66666666666669 13.166666666666657 19.466666666666686 19.466666666666672 38.96666666666666 38.96666666666666 38.96666666666666
45.24545454545453 45.24545454545453 44.67845454545453 44.67845454545453 24.215999999999994 29.15099999999992 28.871999999999797 29.153999999999655 21.182999999999986 23.937999999999782 27.728999999999818 25.255999999999965 16.854000000000056 15.416000000000015 12.642999999999951 30.926454545454554 33.311454545454424 38.432454545454505 40.58345454545453 44.67845454545453 45.24545454545453 45.24545454545453
20.999999999999993 20.999999999999993 20.810999999999993 20.810999999999993 11.081999999999978 19.056999999999963 14.139999999999961 13.146000000000104 7.897999999999949 5.306000000000073 12.063999999999972 14.691999999999997 11.508000000000006 13.914000000000065 7.72699999999997 10.749000000000024 8.75999999999998 11.379000000000087 15.266999999999992 20.810999999999993 20.999999999999993 20.999999999999993
345.75757575757575 345.75757575757575 342.16657575757574 342.16657575757574 171.89694117647093 149.40547058823557 198.22299999999984 202.91799999999856 219.67899999999668 194.95599999999806 170.1849999999993 188.06799999999978 206.04899999999589 209.73899999999443 247.62505882352733 287.752046345808 289.8951051693393 253.0671051693397 300.3885757575758 342.16657575757574 345.75757575757575 345.75757575757575
779.7575757575758 779.7575757575758 766.3385757575758 766.3385757575758 524.6430000000007 599.554 647.5840000000001 688.9150000000001 777.4330000000001 715.312 653.6600000000001 764.0120000000001 771.028 799.225 732.647 711.9785757575764 660.8405757575757 634.0745757575758 679.4075757575757 766.3385757575758 779.7575757575758 779.7575757575758
80.73333333333335 80.73333333333335 80.16633333333336 80.16633333333336 65.40299999999996 83.76300000000002 72.42600000000003 77.30600000000003 73.179 77.44 71.76900000000003 82.30600000000003 86.55700000000002 87.027 77.57400000000003 69.84333333333336 67.80933333333336 72.14133333333335 76.41333333333336 80.16633333333336 80.73333333333335 80.73333333333335
10.775757575757575 10.775757575757575 10.775757575757575 10.775757575757575 4.593000000000002 0.24200000000000088 1.1889999999999947 1.8999999999999937 0.07999999999999607 1.5400000000000018 0.6199999999999988 0.37500000000000044 2.0400000000000036 4.534999999999997 2.7850000000000077 7.310757575757567 6.023757575757573 0.36275757575757517 5.024757575757576 10.775757575757575 10.775757575757575 10.775757575757575
2.545454545454545 2.545454545454545 1.9784545454545448 1.9784545454545448 2.0439999999999996 0.6439999999999999 1.6659999999999986 0.15599999999999936 0.7479999999999924 0.5879999999999996 1.017999999999995 0.2659999999999998 0.6439999999999999 1.3439999999999996 0.9659999999999994 1.4114545454545437 0.898454545454545 1.141454545454546 1.3304545454545447 1.9784545454545448 2.545454545454545 2.545454545454545
8.515433299825174 8.515433299825174 8.515433299825174 8.515433299825174 5.228374757108284 5.146566896551723 5.086524068965521 7.4007558793102985 8.139192948275765 6.377547155172313 7.709430862068785 7.9048587931033625 7.314486913792962 6.046912603448284 6.098814258620666 6.119024155172423 7.240544127949168 6.7067174137931005 7.061509827586207 7.808273706896552 7.546136159874608 8.34571275862069
700.0 700.0 699.1 697.3000000000001 682.9000000000002 688.3000000000002 681.1000000000004 691.9000000000001 685.6000000000001 683.8000000000003 681.1000000000003 685.6000000000001 685.6000000000003 690.1000000000001 682.9000000000002 684.7000000000002 677.5000000000002 683.8000000000002 691.9000000000002 697.3 700.0 697.3000000000001

H cap
-5.25 -5.25 12.25 12.25 22.75 1.75 8.75 29.75 5.25 -5.25 1.75 1.75 5.25 15.75 131.25 131.25 131.25 131.25 131.25 131.25 131.25 131.25
31.0 16.0 15.5 12.5 4.0 5.5 16.0 14.5 5.5 9.5 11.0 14.0 13.0 24.0 52.5 52.5 52.5 52.5 52.5 52.5 52.5 52.5
35.0 35.0 45.5 45.5 49.0 42.0 45.5 52.5 49.0 45.5 45.5 45.5 42.0 45.5 63.0 63.0 63.0 63.0 63.0 63.0 63.0 63.0
2.25 -5.25 0.75 -0.75 0.25 -4.25 -3.25 1.25 -0.75 -0.25 -2.25 -0.75 -7.25 -0.25 78.75 78.75 78.75 78.75 78.75 78.75 78.75 78.75

Gap
NaN

Time
NaN

