T P M C
22 37 4 12

base obj
12.38186813186813

exp obj
13.786401098901097

Objective struct
12.38186813186813 0.0 18.0

num campaigns
106

x
0 0 0 0 1 0 0 0 1 0 0 0 1 0 0 0 1 0 0 0 0 0
0 0 0 0 0 0 0 0 0 0 0 0 0 0 0 0 0 0 0 0 0 0
0 0 0 0 1 0 0 0 0 0 0 0 0 0 1 0 0 0 0 0 0 0
0 0 0 0 1 0 0 0 0 0 1 0 0 0 0 0 1 0 0 0 0 0
0 0 0 0 1 0 1 0 0 1 0 1 0 0 0 1 0 0 0 0 0 0
0 0 0 0 0 0 1 0 0 0 0 0 1 0 0 0 0 0 0 0 0 0
0 0 0 0 1 0 0 0 0 0 1 0 0 0 0 0 1 0 0 0 0 0
0 0 0 0 0 0 0 0 0 0 1 0 0 0 0 0 0 0 0 0 0 0
0 0 0 0 0 0 0 0 1 0 0 0 0 0 0 0 0 0 0 0 0 0
0 0 0 0 0 0 0 0 0 0 1 0 0 0 1 0 0 0 0 0 0 0
0 0 0 0 1 0 0 0 0 0 0 0 0 0 0 0 1 0 0 0 0 0
0 0 0 0 0 0 0 0 0 0 0 0 0 1 0 0 0 0 0 0 0 0
0 0 0 0 0 0 0 0 0 0 0 0 0 0 0 0 1 0 0 0 0 0
0 0 0 0 0 0 0 0 1 0 0 0 0 0 1 0 0 0 0 0 0 0
0 0 0 0 0 0 0 0 0 0 0 0 0 0 0 0 0 0 0 0 0 0
0 0 0 0 0 0 0 0 1 0 0 0 0 0 0 0 0 0 0 0 0 0
0 0 0 0 1 0 0 0 0 0 0 0 0 0 0 0 1 0 0 0 0 0
0 0 0 0 0 0 0 0 0 0 0 0 0 0 1 0 0 0 0 0 0 0
0 0 0 0 1 0 1 0 0 0 0 0 1 0 1 0 1 0 0 0 0 0
0 0 0 0 0 0 1 0 0 0 0 0 0 0 0 0 0 0 0 0 0 0
0 0 0 0 1 0 0 0 0 0 1 0 0 0 0 0 1 0 0 0 0 0
0 0 0 0 0 0 0 0 0 0 0 0 0 0 0 0 0 0 0 0 0 0
0 0 0 0 0 0 1 0 0 0 0 0 0 0 0 0 0 0 0 0 0 0
0 0 0 0 0 0 0 0 0 0 1 0 0 0 0 0 0 0 0 0 0 0
0 0 0 0 0 0 0 0 0 0 0 0 0 0 0 0 0 0 0 0 0 0
0 0 0 0 1 0 0 0 0 0 0 0 0 0 0 0 1 0 0 0 0 0
0 0 0 0 0 0 0 0 0 0 1 0 1 0 1 0 0 0 0 0 0 0
0 0 0 0 0 0 0 0 0 0 0 0 0 0 1 0 0 0 0 0 0 0
0 0 0 0 0 0 0 0 0 0 0 0 0 0 0 0 0 0 0 0 0 0
0 0 0 0 1 1 1 1 1 1 1 1 1 1 1 1 1 0 0 0 0 0
0 0 0 0 1 1 1 1 1 1 1 1 1 1 1 1 1 0 0 0 0 0
0 0 0 0 1 1 1 1 0 1 1 1 1 0 1 1 1 0 0 0 0 0
0 0 0 0 0 0 1 0 0 0 0 1 1 0 1 0 0 0 0 0 0 0
0 0 0 0 1 0 1 1 0 1 1 1 1 1 1 1 1 0 0 0 0 0
0 0 0 0 0 0 1 0 0 0 1 0 1 0 1 0 0 0 0 0 0 0
0 0 0 0 0 0 0 0 0 0 0 0 0 0 0 0 0 0 0 0 0 0
0 0 0 0 0 0 0 0 0 0 0 0 0 0 0 0 0 0 0 0 0 0

y
0.0 0.0 6.0 0.0 0.0 0.0 0.0 0.0 0.0 2.2857142857142856 0.0 0.0 0.0 0.0 0.0 0.0 0.0 0.0 0.0 0.0 0.0 0.0 0.0 0.0 0.0 0.0 0.0 0.0 0.0 0.0 0.0 0.0 0.52 0.0 1.0 0.0 0.0

k
0 3 2 0 0 1 0 0 0 6 0 0 2 1 2 0 0 0 2 0 0 2 0 2 2 0 0 0 6 0 0 2 22 2 9 13 2

f
5.25 5.25 0.0 0.0 0.0 1.75 1.75 1.75 0.0 0.0 0.0 0.0 0.0 0.0 0.0 0.0 0.0 0.0 0.0 0.0 0.0 0.0
0.0 0.0 0.0 0.0 0.0 0.0 0.0 0.0 0.0 0.0 0.0 0.0 0.0 0.0 0.0 0.0 0.0 0.0 0.0 0.0 0.0 0.0
0.0 0.0 0.0 0.0 0.0 0.0 0.0 0.0 0.0 0.0 0.0 0.0 0.0 0.0 0.0 0.0 0.0 0.0 0.0 0.0 0.0 0.0
0.25 4.75 0.75 2.25 1.25 3.75 0.0 0.75 0.0 0.0 3.25 0.0 7.75 0.0 0.0 0.0 0.0 0.0 0.0 0.0 0.0 0.0

L
4 0 10 6 2 6 6 0 0 4 12 0 0 6 0 0 12 0 2 0 6 0 0 0 0 12 2 0 0 1 1 1 1 1 2 0 0

g
0 0 0 0 0 0 0 0 0 0 0 0 0 0 0 0 0 0 0 0 0 0
0 0 0 0 0 0 0 0 0 0 0 0 0 0 0 0 0 0 0 0 0 0
0 0 0 0 0 0 0 0 0 0 0 0 0 0 0 0 0 0 0 0 0 0
0 0 0 0 0 0 0 0 0 0 0 0 0 0 0 0 0 0 0 0 0 0
0 0 0 0 0 0 0 0 0 0 0 0 0 0 0 0 0 0 0 0 0 0
0 0 0 0 0 0 0 0 0 0 0 0 0 0 0 0 0 0 0 0 0 0
0 0 0 0 0 0 0 0 0 0 0 0 0 0 0 0 0 0 0 0 0 0
0 0 0 0 0 0 0 0 0 0 0 0 0 0 0 0 0 0 0 0 0 0
0 0 0 0 0 0 0 0 0 0 0 0 0 0 0 0 0 0 0 0 0 0
0 0 0 0 0 0 0 0 0 0 0 0 0 0 0 0 0 0 0 0 0 0
0 0 0 0 0 0 0 0 0 0 0 0 0 0 0 0 0 0 0 0 0 0
0 0 0 0 0 0 0 0 0 0 0 0 0 0 0 0 0 0 0 0 0 0
0 0 0 0 0 0 0 0 0 0 0 0 0 0 0 0 0 0 0 0 0 0
0 0 0 0 0 0 0 0 0 0 0 0 0 0 0 0 0 0 0 0 0 0
0 0 0 0 0 0 0 0 0 0 0 0 0 0 0 0 0 0 0 0 0 0
0 0 0 0 0 0 0 0 0 0 0 0 0 0 0 0 0 0 0 0 0 0
0 0 0 0 0 0 0 0 0 0 0 0 0 0 0 0 0 0 0 0 0 0
0 0 0 0 0 0 0 0 0 0 0 0 0 0 0 0 0 0 0 0 0 0
0 0 0 0 0 0 0 0 0 0 0 0 0 0 0 0 0 0 0 0 0 0
0 0 0 0 0 0 0 0 0 0 0 0 0 0 0 0 0 0 0 0 0 0
0 0 0 0 0 0 0 0 0 0 0 0 0 0 0 0 0 0 0 0 0 0
0 0 0 0 0 0 0 0 0 0 0 0 0 0 0 0 0 0 0 0 0 0
0 0 0 0 0 0 0 0 0 0 0 0 0 0 0 0 0 0 0 0 0 0
0 0 0 0 0 0 0 0 0 0 0 0 0 0 0 0 0 0 0 0 0 0
0 0 0 0 0 0 0 0 0 0 0 0 0 0 0 0 0 0 0 0 0 0
0 0 0 0 0 0 0 0 0 0 0 0 0 0 0 0 0 0 0 0 0 0
0 0 0 0 0 0 0 0 0 0 0 0 0 0 0 0 0 0 0 0 0 0
0 0 0 0 0 0 0 0 0 0 0 0 0 0 0 0 0 0 0 0 0 0
0 0 0 0 0 0 0 0 0 0 0 0 0 0 0 0 0 0 0 0 0 0
0 0 0 0 0 0 0 0 0 0 0 0 0 0 0 0 0 0 0 0 0 0
0 0 0 0 0 0 0 0 0 0 0 0 0 0 0 0 0 0 0 0 0 0
0 0 0 0 0 0 0 0 0 0 0 0 0 0 0 0 0 0 0 0 0 0
0 0 0 0 0 0 0 0 0 0 0 0 0 0 0 0 0 0 0 0 0 0
0 0 0 0 0 0 0 0 0 0 0 0 0 0 0 0 0 0 0 0 0 0
0 0 0 0 0 0 0 0 0 0 0 0 0 0 0 0 0 0 0 0 0 0
0 0 0 0 0 0 0 0 0 0 0 0 0 0 0 0 0 0 0 0 0 0
0 0 0 0 0 0 0 0 0 0 0 0 0 0 0 0 0 0 0 0 0 0

I cap
1058.909090909091 1058.909090909091 984.605090909119 984.6050909091147 729.0200000000245 841.2440000000249 738.7940000000157 1077.3180000000264 713.7200000000054 872.586000000012 440.766000000016 666.9420000000066 625.4460000000075 786.0900000000014 634.3380000000113 590.3150909090949 335.5790909091083 723.9830909090913 819.5450909090918 984.605090909091 1058.909090909091 1058.909090909091
107.96969696969697 107.96969696969697 104.87369696969697 104.87369696969697 68.01999999999911 82.29599999999925 82.72599999999795 99.18199999999871 48.98000000000064 83.01399999999992 16.43399999999877 43.057999999999026 62.55399999999996 15.110000000000184 49.86199999999825 38.36369696969574 16.799696969697006 46.8956969696964 54.833696969695794 104.87369696969697 107.96969696969697 107.96969696969697
38.96666666666666 38.96666666666666 38.96666666666666 38.96666666666667 2.1599999999999966 0.060000000000201226 0.9800000000000857 32.20000000000008 33.600000000000016 39.20000000000003 17.599999999999987 16.200000000000003 5.000000000000001 18.69249999999998 7.492500000000001 21.259166666666687 1.759166666666638 19.466666666666672 19.466666666666683 38.96666666666666 38.96666666666666 38.96666666666666
45.24545454545453 45.24545454545453 44.67845454545453 39.323454545454496 18.518999999999924 28.853999999999818 26.936999999999617 31.313999999999524 25.03499999999986 29.094999999999576 22.58999999999959 18.289999999999967 17.366999999999987 17.540000000000013 9.195999999999959 21.746454545454576 30.926454545454337 44.039454545454504 44.34545454545453 44.67845454545453 45.24545454545453 45.24545454545453
20.999999999999993 20.999999999999993 20.810999999999993 20.49599999999999 6.546000000000025 14.494 9.027999999999995 13.14600000000016 9.743000000000048 9.92300000000009 10.695999999999955 12.963999999999974 12.398999999999958 14.535000000000052 6.880999999999985 6.699000000000127 7.760999999999979 15.348000000000084 18.11099999999999 20.810999999999993 20.999999999999993 20.999999999999993
345.75757575757575 345.75757575757575 342.16657575757574 312.51951693404635 167.5504705882362 150.48599999999902 201.03999999999718 215.4650588235267 221.38847058822932 232.63847058822955 162.71499999999978 172.3449999999999 260.5090588235227 261.4884705882291 205.54847058823214 208.7865757575693 232.2236345811021 245.63310516933961 295.3665757575758 342.16657575757574 345.75757575757575 345.75757575757575
779.7575757575758 779.7575757575758 766.3385757575758 766.3385757575758 550.8690000000016 598.789 686.338 741.7 798.475 801.73 644.0210000000005 675.9110000000001 706.48 708.073 658.7660000000001 620.6375757575762 609.6935757575757 696.1835757575757 723.0215757575758 766.3385757575758 779.7575757575758 779.7575757575758
80.73333333333335 80.73333333333335 80.16633333333336 79.53633333333336 60.49500000000004 83.07600000000002 73.55700000000003 77.30600000000003 77.592 83.512 70.09500000000003 80.38900000000002 87.44800000000002 85.587 75.52200000000002 65.22633333333337 69.61833333333335 77.03733333333335 80.16633333333336 80.16633333333336 80.73333333333335 80.73333333333335
10.775757575757575 10.775757575757575 10.775757575757575 10.775757575757575 4.593000000000002 0.24199999999999555 0.4690000000000012 1.5399999999999952 2.5549999999999864 3.4300000000000006 0.7099999999999982 2.714999999999996 0.19499999999999496 2.105 1.8400000000000016 3.9357575757575773 2.6487575757575765 1.2177575757575756 5.024757575757576 10.775757575757575 10.775757575757575 10.775757575757575
2.545454545454545 2.545454545454545 1.9784545454545448 1.9784545454545448 2.0439999999999996 0.6439999999999999 1.6659999999999955 0.15599999999999947 0.7479999999999942 0.5879999999999987 1.0179999999999976 0.2659999999999998 0.6439999999999999 0.4529999999999996 0.3179999999999994 0.7634545454545446 0.7904545454545413 0.4394545454545449 0.9794545454545448 1.9784545454545448 2.545454545454545 2.545454545454545
8.515433299825174 8.515433299825174 8.515433299825174 8.188754533944957 4.805053678160931 5.043118620689655 4.853765448275885 7.711100862068906 9.04436551724121 7.340650603448087 6.781499672413497 6.890031051724012 7.621728137930752 5.943464327586243 6.5126072068965515 6.30005848275864 6.5164060417422505 6.396372586206892 6.751164999999999 7.4979288793103445 7.546136159874608 8.035367931034484
700.0 700.0 700.0 699.1 683.8000000000003 685.6000000000003 680.2000000000003 691.9000000000001 686.5000000000001 687.4000000000002 679.3000000000003 685.6000000000001 686.5000000000002 688.3000000000002 682.9000000000003 686.5000000000002 677.5000000000003 683.8000000000002 689.2000000000003 694.6 700.0 695.5

H cap
-5.25 -5.25 29.75 29.75 8.75 -1.75 -1.75 -1.75 5.25 5.25 1.75 1.75 5.25 15.75 131.25 131.25 131.25 131.25 131.25 131.25 131.25 131.25
19.5 10.5 21.5 18.5 18.5 16.5 6.0 3.0 7.5 13.5 8.0 5.0 5.0 19.0 52.5 52.5 52.5 52.5 52.5 52.5 52.5 52.5
35.0 35.0 49.0 49.0 52.5 49.0 42.0 42.0 49.0 52.5 45.5 42.0 35.0 38.5 63.0 63.0 63.0 63.0 63.0 63.0 63.0 63.0
-0.25 -4.75 -0.75 -2.25 -1.25 -3.75 0.75 -0.75 4.75 0.25 -3.25 2.75 -7.75 0.75 78.75 78.75 78.75 78.75 78.75 78.75 78.75 78.75

Gap
NaN

Time
NaN

