T P M C
22 37 4 12

base obj
12.184981684981684

exp obj
13.388736263736263

Objective struct
12.184981684981684 0.0 17.0

num campaigns
112

x
0 0 0 0 0 0 1 0 1 0 0 0 0 0 1 0 1 0 0 0 0 0
0 0 0 0 0 0 0 0 0 0 0 1 0 0 0 0 1 0 0 0 0 0
0 0 0 0 0 0 1 0 0 0 1 0 0 0 1 0 0 0 0 0 0 0
0 0 0 0 1 0 0 0 0 0 1 0 0 0 1 0 0 0 0 0 0 0
0 0 0 0 1 0 0 1 0 0 1 0 0 1 0 0 1 0 0 0 0 0
0 0 0 0 0 0 0 0 0 0 0 0 0 0 0 0 0 0 0 0 0 0
0 0 0 0 1 0 0 0 0 0 1 0 0 0 0 0 1 0 0 0 0 0
0 0 0 0 0 0 0 0 0 0 0 0 1 0 0 0 0 0 0 0 0 0
0 0 0 0 1 0 0 0 0 0 0 0 0 0 0 0 0 0 0 0 0 0
0 0 0 0 0 0 0 0 0 1 0 0 0 0 1 0 0 0 0 0 0 0
0 0 0 0 1 0 0 0 0 0 0 0 0 0 0 0 1 0 0 0 0 0
0 0 0 0 0 0 0 0 1 0 0 0 0 0 0 0 0 0 0 0 0 0
0 0 0 0 0 0 0 0 0 0 0 0 0 0 0 0 0 0 0 0 0 0
0 0 0 0 1 0 0 0 0 0 0 0 1 0 0 0 0 0 0 0 0 0
0 0 0 0 0 0 0 0 0 0 0 0 0 0 0 0 0 0 0 0 0 0
0 0 0 0 0 0 0 0 1 0 0 0 0 0 0 0 0 0 0 0 0 0
0 0 0 0 1 0 0 0 0 0 0 0 0 0 0 0 1 0 0 0 0 0
0 0 0 0 0 0 1 0 0 0 0 0 0 0 0 0 0 0 0 0 0 0
0 0 0 0 1 0 1 0 0 0 1 0 0 0 1 0 0 0 0 0 0 0
0 0 0 0 1 0 0 0 0 0 0 0 0 0 0 0 0 0 0 0 0 0
0 0 0 0 1 0 0 0 0 0 1 0 0 0 0 0 1 0 0 0 0 0
0 0 0 0 0 0 0 0 0 0 0 0 0 0 0 0 0 0 0 0 0 0
0 0 0 0 0 0 0 0 0 0 1 0 0 0 0 0 0 0 0 0 0 0
0 0 0 0 0 0 1 0 0 0 0 0 1 0 0 0 0 0 0 0 0 0
0 0 0 0 0 0 0 0 0 0 0 0 0 0 0 0 0 0 0 0 0 0
0 0 0 0 1 0 0 0 0 0 0 0 0 0 0 0 1 0 0 0 0 0
0 0 0 0 0 0 0 0 1 0 0 0 0 0 1 0 0 0 0 0 0 0
0 0 0 0 0 0 0 0 0 0 0 0 1 0 0 0 0 0 0 0 0 0
0 0 0 0 0 0 0 0 0 0 0 0 0 0 0 0 0 0 0 0 0 0
0 0 0 0 1 1 1 1 1 1 1 1 1 1 1 1 1 0 0 0 0 0
0 0 0 0 1 1 1 1 1 1 1 1 1 1 1 1 1 0 0 0 0 0
0 0 0 0 1 1 1 1 1 1 1 1 1 1 1 1 1 0 0 0 0 0
0 0 0 0 0 0 1 1 0 0 1 0 0 1 1 1 1 0 0 0 0 0
0 0 0 0 1 1 1 1 1 1 1 1 1 1 1 1 1 0 0 0 0 0
0 0 0 0 0 0 1 0 0 0 0 0 1 1 1 0 0 0 0 0 0 0
0 0 0 0 0 0 0 0 0 0 0 0 0 0 0 0 0 0 0 0 0 0
0 0 0 0 0 0 0 0 0 0 0 0 0 0 0 0 0 0 0 0 0 0

y
0.0 0.0 0.0 0.0 0.0 0.0 0.0 0.0 0.0 3.2857142857142856 0.0 0.0 0.0 2.0 0.0 0.0 0.0 0.0 0.0 0.0 0.0 0.0 0.0 0.0 0.0 0.0 0.0 0.0 0.0 0.0 0.0 0.0 0.52 0.0 0.0 0.0 0.0

k
0 1 1 0 0 3 0 0 0 6 0 0 3 1 2 0 0 0 3 0 0 2 0 1 2 0 1 0 6 0 0 0 19 0 9 13 2

f
0.0 0.0 0.0 0.0 0.0 0.0 0.0 1.75 1.75 0.0 0.0 0.0 8.75 8.75 0.0 0.0 0.0 0.0 0.0 0.0 0.0 0.0
0.0 0.0 0.0 0.0 0.0 0.0 0.0 0.0 0.0 0.0 3.5 0.0 0.0 0.0 0.0 0.0 0.0 0.0 0.0 0.0 0.0 0.0
0.0 0.0 0.0 0.0 0.0 0.0 0.0 0.0 0.0 0.0 0.0 0.0 0.0 0.0 0.0 0.0 0.0 0.0 0.0 0.0 0.0 0.0
0.25 6.25 0.25 4.25 0.75 6.25 1.25 1.75 2.25 0.0 0.75 0.0 0.75 0.0 0.0 0.0 0.0 0.0 0.0 0.0 0.0 0.0

L
2 5 4 4 3 0 6 0 0 5 12 0 0 8 0 0 12 0 2 0 6 0 0 6 0 12 6 0 0 1 1 1 1 1 1 0 0

g
0 0 0 0 0 0 0 0 0 0 0 0 0 0 0 0 0 0 0 0 0 0
0 0 0 0 0 0 0 0 0 0 0 0 0 0 0 0 0 0 0 0 0 0
0 0 0 0 0 0 0 0 0 0 0 0 0 0 0 0 0 0 0 0 0 0
0 0 0 0 0 0 0 0 0 0 0 0 0 0 0 0 0 0 0 0 0 0
0 0 0 0 0 0 0 0 0 0 0 0 0 0 0 0 0 0 0 0 0 0
0 0 0 0 0 0 0 0 0 0 0 0 0 0 0 0 0 0 0 0 0 0
0 0 0 0 0 0 0 0 0 0 0 0 0 0 0 0 0 0 0 0 0 0
0 0 0 0 0 0 0 0 0 0 0 0 0 0 0 0 0 0 0 0 0 0
0 0 0 0 0 0 0 0 0 0 0 0 0 0 0 0 0 0 0 0 0 0
0 0 0 0 0 0 0 0 0 0 0 0 0 0 0 0 0 0 0 0 0 0
0 0 0 0 0 0 0 0 0 0 0 0 0 0 0 0 0 0 0 0 0 0
0 0 0 0 0 0 0 0 0 0 0 0 0 0 0 0 0 0 0 0 0 0
0 0 0 0 0 0 0 0 0 0 0 0 0 0 0 0 0 0 0 0 0 0
0 0 0 0 0 0 0 0 0 0 0 0 0 0 0 0 0 0 0 0 0 0
0 0 0 0 0 0 0 0 0 0 0 0 0 0 0 0 0 0 0 0 0 0
0 0 0 0 0 0 0 0 0 0 0 0 0 0 0 0 0 0 0 0 0 0
0 0 0 0 0 0 0 0 0 0 0 0 0 0 0 0 0 0 0 0 0 0
0 0 0 0 0 0 0 0 0 0 0 0 0 0 0 0 0 0 0 0 0 0
0 0 0 0 0 0 0 0 0 0 0 0 0 0 0 0 0 0 0 0 0 0
0 0 0 0 0 0 0 0 0 0 0 0 0 0 0 0 0 0 0 0 0 0
0 0 0 0 0 0 0 0 0 0 0 0 0 0 0 0 0 0 0 0 0 0
0 0 0 0 0 0 0 0 0 0 0 0 0 0 0 0 0 0 0 0 0 0
0 0 0 0 0 0 0 0 0 0 0 0 0 0 0 0 0 0 0 0 0 0
0 0 0 0 0 0 0 0 0 0 0 0 0 0 0 0 0 0 0 0 0 0
0 0 0 0 0 0 0 0 0 0 0 0 0 0 0 0 0 0 0 0 0 0
0 0 0 0 0 0 0 0 0 0 0 0 0 0 0 0 0 0 0 0 0 0
0 0 0 0 0 0 0 0 0 0 0 0 0 0 0 0 0 0 0 0 0 0
0 0 0 0 0 0 0 0 0 0 0 0 0 0 0 0 0 0 0 0 0 0
0 0 0 0 0 0 0 0 0 0 0 0 0 0 0 0 0 0 0 0 0 0
0 0 0 0 0 0 0 0 0 0 0 0 0 0 0 0 0 0 0 0 0 0
0 0 0 0 0 0 0 0 0 0 0 0 0 0 0 0 0 0 0 0 0 0
0 0 0 0 0 0 0 0 0 0 0 0 0 0 0 0 0 0 0 0 0 0
0 0 0 0 0 0 0 0 0 0 0 0 0 0 0 0 0 0 0 0 0 0
0 0 0 0 0 0 0 0 0 0 0 0 0 0 0 0 0 0 0 0 0 0
0 0 0 0 0 0 0 0 0 0 0 0 0 0 0 0 0 0 0 0 0 0
0 0 0 0 0 0 0 0 0 0 0 0 0 0 0 0 0 0 0 0 0 0
0 0 0 0 0 0 0 0 0 0 0 0 0 0 0 0 0 0 0 0 0 0

I cap
1058.909090909091 1058.909090909091 1040.5490909090956 1024.88909090909 774.00200000002 945.0860000000254 904.7900000000147 1036.0800000000138 585.2900000000086 794.9880000000114 461.6100000000081 707.9460000000068 733.5360000000062 848.9460000000012 506.0700000000112 605.4890909090924 403.8350909091063 683.1590909090916 790.2050909090917 984.6050909090915 1058.909090909091 1058.909090909091
107.96969696969697 107.96969696969697 107.96969696969697 97.52969696969697 46.61799999999984 81.41399999999953 79.80999999999933 94.51999999999958 55.00999999999915 78.71199999999959 9.989999999998972 74.0539999999991 53.46399999999896 58.45399999999927 26.02999999999921 32.18969696969633 52.04369696969627 69.71969696969653 74.2736969696963 104.87369696969697 107.96969696969697 107.96969696969697
38.96666666666666 38.96666666666666 16.52666666666666 16.526666666666667 10.079999999999995 11.092500000000225 4.092500000000155 20.792500000000103 22.19249999999998 39.20000000000002 11.299999999999986 9.899999999999999 5.000000000000001 36.39999999999998 25.199999999999985 32.66666666666667 19.466666666666658 25.76666666666667 25.76666666666667 38.96666666666666 38.96666666666666 38.96666666666666
45.24545454545453 45.24545454545453 45.24545454545453 38.00045454545456 18.699000000000023 31.05899999999976 27.540000000000052 30.386999999999833 24.386999999999937 26.853999999999715 18.3059999999998 20.269999999999893 19.400999999999975 22.093999999999937 9.37599999999987 21.836454545454366 32.942454545454375 43.61645454545454 44.37245454545452 44.67845454545453 45.24545454545453 45.24545454545453
20.999999999999993 20.999999999999993 20.999999999999993 20.414999999999992 8.589000000000038 17.328999999999994 9.90100000000005 10.905000000000044 8.12299999999993 9.805999999999996 8.148999999999996 11.289999999999985 11.040000000000113 15.714000000000073 5.098999999999945 7.130999999999982 9.731999999999985 15.159000000000109 18.110999999999994 20.810999999999993 20.999999999999993 20.999999999999993
345.75757575757575 345.75757575757575 345.75757575757575 316.11051693404636 175.38047058823597 159.9989999999987 199.84299999999718 176.30499999999702 180.53799999999697 165.50799999999577 136.68699999999816 213.2679999999987 251.17499999999524 257.8079999999945 196.13499999999718 201.16357575757127 242.40263458110346 255.1911051693396 304.42057575757576 342.16657575757574 345.75757575757575 345.75757575757575
779.7575757575758 779.7575757575758 779.7575757575758 757.8875757575757 566.7810000000019 641.062 644.7579999999999 671.3919999999999 776.1909999999999 730.891 587.9330000000003 771.1850000000001 727.117 722.797 598.2769999999999 491.09157575757644 586.1675757575758 698.7395757575757 731.8595757575757 766.3385757575758 779.7575757575758 779.7575757575758
80.73333333333335 80.73333333333335 80.73333333333335 77.94333333333336 59.03699999999973 80.15700000000002 71.58000000000003 78.44900000000001 74.83500000000001 81.382 68.58300000000001 79.84900000000002 88.49200000000003 89.81700000000001 76.34100000000001 67.73733333333337 70.67133333333337 76.47033333333336 80.16633333333336 80.16633333333336 80.73333333333335 80.73333333333335
10.775757575757575 10.775757575757575 10.775757575757575 10.775757575757575 4.593 0.24199999999999733 0.46899999999999764 1.5399999999999943 1.340000000000006 0.05499999999999705 0.5659999999999981 8.879999999999997 5.946000000000014 2.995999999999985 2.6949999999999967 1.946757575757573 1.9737575757575758 0.7587575757575742 4.565757575757576 10.775757575757575 10.775757575757575 10.775757575757575
2.545454545454545 2.545454545454545 2.545454545454545 1.735454545454545 0.9369999999999995 0.07699999999999985 0.8289999999999899 0.7769999999999996 0.5859999999999943 0.12899999999999945 0.4509999999999855 0.1579999999999998 0.3739999999999998 1.0739999999999994 0.7769999999999996 0.08845454545455123 0.5474545454545423 0.7634545454545354 1.5194545454545447 1.9784545454545448 2.545454545454545 2.545454545454545
8.515433299825174 8.515433299825174 8.515433299825174 8.188754533944957 5.217812143678183 5.5086358620689735 4.2377311206896575 6.624893965517147 8.80798605172409 6.9268573448274315 7.324603120689451 8.03830706896535 7.4463834655170995 5.100360879310379 4.9396763275861915 5.213851741379323 6.035371714156033 6.691200172413792 6.1149581034482745 7.4979288793103445 7.546136159874608 8.34571275862069
700.0 700.0 699.1 698.2 682.0000000000001 684.7000000000002 680.2000000000003 689.2000000000002 687.4000000000002 687.4000000000002 681.1000000000004 685.6000000000003 684.7 686.5000000000001 681.1000000000003 690.1000000000003 682.9000000000003 687.4000000000001 691.0000000000002 699.1 700.0 698.2

H cap
12.25 12.25 12.25 1.75 5.25 5.25 22.75 -1.75 -1.75 22.75 8.75 19.25 -8.75 -8.75 131.25 131.25 131.25 131.25 131.25 131.25 131.25 131.25
19.0 7.0 15.0 10.0 10.5 10.5 11.5 13.5 12.5 7.5 -3.5 1.5 3.5 18.5 52.5 52.5 52.5 52.5 52.5 52.5 52.5 52.5
35.0 35.0 45.5 42.0 49.0 49.0 42.0 42.0 52.5 52.5 38.5 42.0 42.0 42.0 63.0 63.0 63.0 63.0 63.0 63.0 63.0 63.0
-0.25 -6.25 -0.25 -4.25 -0.75 -6.25 -1.25 -1.75 -2.25 2.25 -0.75 3.25 -0.75 6.75 78.75 78.75 78.75 78.75 78.75 78.75 78.75 78.75

Gap
NaN

Time
NaN

