T P M C
22 37 4 12

base obj
12.136446886446887

exp obj
13.602335164835164

Objective struct
12.136446886446887 0.0 18.0

num campaigns
119

x
0 0 0 0 1 0 0 0 1 0 0 0 1 0 0 0 1 0 0 0 0 0
0 0 0 0 0 0 0 0 0 0 0 0 0 0 0 0 0 0 0 0 0 0
0 0 0 0 0 0 1 0 0 0 0 0 0 0 1 0 0 0 0 0 0 0
0 0 0 0 1 0 0 0 0 1 0 0 0 0 1 0 0 0 0 0 0 0
0 0 0 0 1 0 0 1 0 0 1 0 0 1 0 0 1 0 0 0 0 0
0 0 0 0 0 0 0 0 0 0 0 0 0 0 0 0 0 0 0 0 0 0
0 0 0 0 1 0 0 0 0 0 1 0 0 0 0 0 1 0 0 0 0 0
0 0 0 0 0 0 0 0 0 0 0 0 0 0 1 0 0 0 0 0 0 0
0 0 0 0 0 0 0 0 1 0 0 0 0 0 0 0 0 0 0 0 0 0
0 0 0 0 1 0 0 0 0 0 0 1 0 0 0 0 0 0 0 0 0 0
0 0 0 0 1 0 0 0 0 0 0 0 0 0 0 0 1 0 0 0 0 0
0 0 0 0 0 0 0 0 0 0 0 0 0 1 0 0 0 0 0 0 0 0
0 0 0 0 0 0 0 0 0 0 0 0 0 0 0 0 1 0 0 0 0 0
0 0 0 0 0 0 0 0 0 0 1 0 1 0 0 0 0 0 0 0 0 0
0 0 0 0 0 0 0 0 0 0 0 0 0 0 0 0 0 0 0 0 0 0
0 0 0 0 0 0 0 0 0 0 1 0 0 0 0 0 0 0 0 0 0 0
0 0 0 0 1 0 0 0 0 0 0 0 0 0 0 0 1 0 0 0 0 0
0 0 0 0 0 0 0 0 0 0 0 0 0 0 0 0 1 0 0 0 0 0
0 0 0 0 0 0 1 0 1 0 1 0 1 0 1 0 1 0 0 0 0 0
0 0 0 0 0 0 1 0 0 0 0 0 0 0 0 0 0 0 0 0 0 0
0 0 0 0 1 0 0 0 0 1 0 0 0 0 1 0 0 0 0 0 0 0
0 0 0 0 0 0 0 0 0 0 0 0 0 0 0 0 0 0 0 0 0 0
0 0 0 0 0 0 1 0 0 0 0 0 0 0 0 0 0 0 0 0 0 0
0 0 0 0 0 0 0 0 1 0 0 0 0 0 1 0 0 0 0 0 0 0
0 0 0 0 0 0 0 0 0 0 0 0 0 0 0 0 0 0 0 0 0 0
0 0 0 0 1 0 0 0 0 0 0 0 0 0 0 0 1 0 0 0 0 0
0 0 0 0 0 0 1 0 0 0 0 0 1 0 0 0 0 0 0 0 0 0
0 0 0 0 0 0 0 0 0 0 1 0 0 0 0 0 0 0 0 0 0 0
0 0 0 0 0 0 0 0 0 0 0 0 0 0 0 0 0 0 0 0 0 0
0 0 0 0 1 1 1 1 1 1 1 1 1 1 1 1 1 0 0 0 0 0
0 0 0 0 1 1 1 1 1 1 1 1 1 1 1 1 1 0 0 0 0 0
0 0 0 0 1 1 1 1 1 1 1 1 1 1 1 1 1 0 0 0 0 0
0 0 0 0 1 1 1 1 1 1 1 1 1 0 1 1 1 0 0 0 0 0
0 0 0 0 1 1 1 1 1 1 1 1 1 1 1 1 1 0 0 0 0 0
0 0 0 0 0 0 0 1 1 0 1 1 0 0 1 1 0 0 0 0 0 0
0 0 0 0 0 0 0 0 0 0 0 0 0 0 0 0 0 0 0 0 0 0
0 0 0 0 0 0 0 0 0 0 0 0 0 0 0 0 0 0 0 0 0 0

y
0.0 0.0 4.0 0.0 0.0 0.0 0.0 0.0 0.0 5.285714285714286 0.0 0.0 0.0 0.0 0.0 0.0 0.0 0.0 0.0 0.0 0.0 0.0 0.0 0.0 0.0 0.0 0.0 0.0 0.0 0.0 0.0 0.0 0.52 0.0 0.0 0.0 0.0

k
0 3 2 0 0 3 0 0 0 6 0 0 2 1 2 0 0 0 1 0 0 2 0 1 2 0 1 0 6 0 0 0 14 0 7 13 2

f
0.0 0.0 0.0 0.0 0.0 0.0 0.0 0.0 0.0 0.0 0.0 0.0 8.75 8.75 0.0 0.0 0.0 0.0 0.0 0.0 0.0 0.0
0.0 1.0 0.0 0.0 0.0 0.0 0.0 0.5 0.0 0.0 0.0 0.0 1.5 0.0 0.0 0.0 0.0 0.0 0.0 0.0 0.0 0.0
0.0 0.0 0.0 0.0 0.0 0.0 0.0 0.0 0.0 0.0 0.0 0.0 0.0 0.0 0.0 0.0 0.0 0.0 0.0 0.0 0.0 0.0
0.0 5.25 0.0 1.75 0.0 0.25 0.0 0.0 0.75 0.75 5.25 0.0 8.75 0.0 0.0 0.0 0.0 0.0 0.0 0.0 0.0 0.0

L
4 0 8 5 3 0 6 0 0 7 12 0 0 2 0 0 12 0 2 0 5 0 0 6 0 12 6 0 0 1 1 1 1 1 1 0 0

g
0 0 0 0 0 0 0 0 0 0 0 0 0 0 0 0 0 0 0 0 0 0
0 0 0 0 0 0 0 0 0 0 0 0 0 0 0 0 0 0 0 0 0 0
0 0 0 0 0 0 0 0 0 0 0 0 0 0 0 0 0 0 0 0 0 0
0 0 0 0 0 0 0 0 0 0 0 0 0 0 0 0 0 0 0 0 0 0
0 0 0 0 0 0 0 0 0 0 0 0 0 0 0 0 0 0 0 0 0 0
0 0 0 0 0 0 0 0 0 0 0 0 0 0 0 0 0 0 0 0 0 0
0 0 0 0 0 0 0 0 0 0 0 0 0 0 0 0 0 0 0 0 0 0
0 0 0 0 0 0 0 0 0 0 0 0 0 0 0 0 0 0 0 0 0 0
0 0 0 0 0 0 0 0 0 0 0 0 0 0 0 0 0 0 0 0 0 0
0 0 0 0 0 0 0 0 0 0 0 0 0 0 0 0 0 0 0 0 0 0
0 0 0 0 0 0 0 0 0 0 0 0 0 0 0 0 0 0 0 0 0 0
0 0 0 0 0 0 0 0 0 0 0 0 0 0 0 0 0 0 0 0 0 0
0 0 0 0 0 0 0 0 0 0 0 0 0 0 0 0 0 0 0 0 0 0
0 0 0 0 0 0 0 0 0 0 0 0 0 0 0 0 0 0 0 0 0 0
0 0 0 0 0 0 0 0 0 0 0 0 0 0 0 0 0 0 0 0 0 0
0 0 0 0 0 0 0 0 0 0 0 0 0 0 0 0 0 0 0 0 0 0
0 0 0 0 0 0 0 0 0 0 0 0 0 0 0 0 0 0 0 0 0 0
0 0 0 0 0 0 0 0 0 0 0 0 0 0 0 0 0 0 0 0 0 0
0 0 0 0 0 0 0 0 0 0 0 0 0 0 0 0 0 0 0 0 0 0
0 0 0 0 0 0 0 0 0 0 0 0 0 0 0 0 0 0 0 0 0 0
0 0 0 0 0 0 0 0 0 0 0 0 0 0 0 0 0 0 0 0 0 0
0 0 0 0 0 0 0 0 0 0 0 0 0 0 0 0 0 0 0 0 0 0
0 0 0 0 0 0 0 0 0 0 0 0 0 0 0 0 0 0 0 0 0 0
0 0 0 0 0 0 0 0 0 0 0 0 0 0 0 0 0 0 0 0 0 0
0 0 0 0 0 0 0 0 0 0 0 0 0 0 0 0 0 0 0 0 0 0
0 0 0 0 0 0 0 0 0 0 0 0 0 0 0 0 0 0 0 0 0 0
0 0 0 0 0 0 0 0 0 0 0 0 0 0 0 0 0 0 0 0 0 0
0 0 0 0 0 0 0 0 0 0 0 0 0 0 0 0 0 0 0 0 0 0
0 0 0 0 0 0 0 0 0 0 0 0 0 0 0 0 0 0 0 0 0 0
0 0 0 0 0 0 0 0 0 0 0 0 0 0 0 0 0 0 0 0 0 0
0 0 0 0 0 0 0 0 0 0 0 0 0 0 0 0 0 0 0 0 0 0
0 0 0 0 0 0 0 0 0 0 0 0 0 0 0 0 0 0 0 0 0 0
0 0 0 0 0 0 0 0 0 0 0 0 0 0 0 0 0 0 0 0 0 0
0 0 0 0 0 0 0 0 0 0 0 0 0 0 0 0 0 0 0 0 0 0
0 0 0 0 0 0 0 0 0 0 0 0 0 0 0 0 0 0 0 0 0 0
0 0 0 0 0 0 0 0 0 0 0 0 0 0 0 0 0 0 0 0 0 0
0 0 0 0 0 0 0 0 0 0 0 0 0 0 0 0 0 0 0 0 0 0

I cap
1058.909090909091 1058.909090909091 984.6050909091157 984.6050909091111 752.5100000000361 878.7740000000241 845.1020000000182 1053.4320000000491 758.1440000000117 775.8540000000198 646.2180000000268 709.8000000000076 687.9420000000108 840.4140000000006 622.3320000000194 727.1510909090955 541.2290909091082 703.2830909090916 782.6450909090917 984.6050909090949 1058.909090909091 1058.909090909091
107.96969696969697 107.96969696969697 104.87369696969697 104.87369696969697 51.72999999999965 64.56599999999928 85.31799999999798 91.56799999999836 75.65599999999948 101.44600000000018 99.88199999999844 78.49999999999879 40.55799999999966 15.686000000000291 22.267999999997663 38.327696969694905 4.649696969697088 15.395696969696175 54.83369696969575 104.87369696969697 107.96969696969697 107.96969696969697
38.96666666666666 38.96666666666666 38.96666666666666 38.96666666666667 8.45999999999998 6.360000000000287 7.280000000000168 32.200000000000195 27.30000000000004 19.70000000000005 4.999999999999986 9.900000000000002 11.899999999999999 30.099999999999984 5.6999999999999815 8.059166666666716 1.7591666666666672 21.25916666666666 21.25916666666668 38.96666666666666 38.96666666666666 38.96666666666666
45.24545454545453 45.24545454545453 44.67845454545453 39.32345454545457 18.86099999999989 29.150999999999787 28.16099999999978 26.52599999999961 22.334999999999923 28.869999999999475 30.743999999999605 22.582999999999927 18.347999999999924 18.565999999999953 9.699999999999903 27.218454545454197 34.463454545454226 42.842454545454515 44.34545454545454 44.67845454545453 45.24545454545453 45.24545454545453
20.999999999999993 20.999999999999993 20.810999999999993 20.49599999999999 8.066999999999961 16.35700000000001 10.180000000000021 10.698000000000054 8.473999999999926 8.906000000000088 14.476000000000022 13.801000000000101 12.390000000000027 15.05700000000012 5.45899999999991 7.869000000000093 9.35399999999996 14.835000000000175 18.11099999999999 20.810999999999993 20.999999999999993 20.999999999999993
345.75757575757575 345.75757575757575 342.16657575757574 312.51951693404635 150.72047058823688 128.22899999999868 191.5899999999964 194.60199999999585 219.67899999999304 203.27199999999286 176.81799999999888 164.6049999999978 198.9389999999907 240.3119999999889 211.34499999999352 258.2595757575685 257.06363458110314 245.63310516933927 295.3665757575758 342.16657575757574 345.75757575757575 345.75757575757575
779.7575757575758 779.7575757575758 766.3385757575758 695.4635757575758 469.5180000000038 599.554 652.417 585.46 677.065 673.1559999999998 644.9660000000013 691.355 766.6270000000001 732.247 568.3520000000001 535.9025757575766 609.459575757576 682.3325757575757 723.0215757575758 766.3385757575758 779.7575757575758 779.7575757575758
80.73333333333335 80.73333333333335 80.16633333333336 79.53633333333336 61.41299999999982 80.82300000000002 73.49700000000003 76.47800000000002 74.619 81.148 73.57800000000003 81.41500000000002 89.16700000000002 86.955 75.26100000000002 67.07133333333333 70.48233333333336 76.35333333333335 80.16633333333336 80.16633333333336 80.73333333333335 80.73333333333335
10.775757575757575 10.775757575757575 10.775757575757575 10.775757575757575 4.593000000000005 0.24200000000000088 1.189 1.8999999999999932 0.07999999999999119 1.5400000000000018 0.6200000000000059 0.3749999999999991 2.039999999999981 4.534999999999986 2.7850000000000144 4.4307575757575695 3.5037575757575765 0.3627575757575734 5.024757575757576 10.775757575757575 10.775757575757575 10.775757575757575
2.545454545454545 2.545454545454545 1.9784545454545448 1.9784545454545448 2.0439999999999996 0.6439999999999999 1.6659999999999782 0.15599999999999947 0.7479999999999738 0.5879999999999996 1.0179999999999936 0.2659999999999998 0.6439999999999999 0.4529999999999996 0.3179999999999994 0.7634545454545415 0.790454545454544 0.439454545454544 0.9794545454545448 1.9784545454545448 2.545454545454545 2.545454545454545
8.515433299825174 8.515433299825174 8.515433299825174 7.87840970635875 4.1843640229885155 4.732773793103456 4.776179086206927 6.7800662241378 7.828848120689522 6.067202327585939 7.399085879309958 7.284168982758373 7.004141931034011 6.357257431034512 5.478124758620712 5.136265689655191 5.973302903811255 6.706717413793102 6.440820172413792 7.808273706896552 7.546136159874608 8.035367931034484
700.0 700.0 700.0 699.1 684.7000000000003 687.4000000000002 679.3000000000003 691.0000000000001 687.4000000000001 684.7000000000003 683.8000000000002 689.2000000000002 685.6000000000001 690.1000000000001 681.1000000000003 682.9000000000002 680.2000000000003 685.6000000000001 689.2000000000003 700.0 700.0 693.7

H cap
5.25 5.25 47.25 36.75 12.25 1.75 8.75 19.25 40.25 29.75 5.25 26.25 -8.75 -8.75 131.25 131.25 131.25 131.25 131.25 131.25 131.25 131.25
14.0 -1.0 17.0 12.0 6.5 9.0 5.0 -0.5 1.5 8.5 8.5 6.5 -1.5 16.5 52.5 52.5 52.5 52.5 52.5 52.5 52.5 52.5
38.5 38.5 45.5 42.0 45.5 45.5 49.0 49.0 49.0 49.0 42.0 45.5 35.0 35.0 63.0 63.0 63.0 63.0 63.0 63.0 63.0 63.0
2.25 -5.25 2.25 -1.75 3.75 -0.25 3.25 0.25 -0.75 -0.75 -5.25 4.25 -8.75 0.25 78.75 78.75 78.75 78.75 78.75 78.75 78.75 78.75

Gap
NaN

Time
NaN

