T P M C
61 37 4 12

base obj
0.15106732348111657

exp obj
1.1941828455520136

Objective struct
0.15106732348111657 0.029411764705882353 4.2941176470588225

num campaigns
698

x
0 0 0 0 1 0 0 0 0 1 0 0 1 0 0 0 1 0 0 0 1 0 0 1 0 0 1 0 0 1 0 0 0 0 0 0 0 1 0 0 0 1 0 0 0 0 1 0 0 1 0 0 0 0 0 1 0 0 0 0 0
0 0 0 0 0 1 0 0 0 1 0 0 0 0 0 1 0 0 0 0 1 0 0 0 1 0 0 0 0 0 1 0 0 0 1 0 0 0 0 1 0 0 0 1 0 0 0 1 0 0 0 1 0 0 0 1 0 0 0 0 0
0 0 0 0 1 0 0 0 1 0 0 0 0 1 0 0 0 1 0 0 0 1 0 0 0 1 0 0 0 1 0 0 0 1 0 0 0 1 0 0 0 1 0 0 0 1 0 0 0 0 1 0 0 0 1 0 0 0 0 0 0
0 0 0 0 1 0 0 0 0 1 0 0 0 0 1 0 0 0 0 1 0 0 0 0 1 0 0 0 0 1 0 0 0 0 0 1 0 0 0 0 1 0 0 0 0 1 0 0 0 0 1 0 0 0 0 1 0 0 0 0 0
0 0 0 0 1 0 0 1 0 0 0 1 0 0 1 0 0 1 0 0 1 0 0 1 0 0 1 0 0 0 1 0 0 1 0 0 1 0 0 1 0 0 1 0 0 0 1 0 0 1 0 0 1 0 0 1 0 0 0 0 0
0 0 0 0 1 0 0 0 1 0 0 0 1 0 0 0 0 0 1 0 0 0 1 0 0 0 1 0 0 0 1 0 0 0 0 0 1 0 0 0 1 0 0 0 1 0 0 0 1 0 0 0 0 0 0 1 0 0 0 0 0
0 0 0 0 0 1 0 0 0 0 1 0 0 0 1 0 0 0 1 0 0 0 1 0 0 0 0 0 1 0 0 0 1 0 0 0 0 0 1 0 0 0 1 0 0 0 1 0 0 0 1 0 0 0 0 1 0 0 0 0 0
0 0 0 0 1 0 0 0 0 0 0 0 0 0 0 0 0 0 0 0 0 1 0 0 0 0 0 0 0 0 0 0 0 0 0 0 0 0 1 0 0 0 0 0 0 0 0 0 0 0 0 0 0 0 0 1 0 0 0 0 0
0 0 0 0 1 0 0 0 0 0 0 0 0 0 0 0 0 0 0 0 0 0 0 0 0 0 0 0 0 0 0 0 0 0 0 0 0 0 0 0 0 0 0 0 0 0 0 0 0 0 0 0 0 0 0 1 0 0 0 0 0
0 0 0 0 1 0 1 0 1 0 1 0 1 0 1 0 1 0 1 0 1 0 1 0 1 0 1 0 1 0 1 0 1 0 1 0 1 0 1 0 1 0 1 0 1 0 1 0 1 0 1 0 0 1 0 1 0 0 0 0 0
0 0 0 0 1 0 0 0 0 0 0 0 0 0 0 0 1 0 0 0 0 0 0 0 0 0 0 0 1 0 0 0 0 0 0 0 0 0 0 0 1 0 0 0 0 0 0 0 0 0 0 0 0 0 0 1 0 0 0 0 0
0 0 0 0 1 0 0 0 0 0 0 0 0 0 0 0 0 0 0 0 0 1 0 0 0 0 0 0 0 0 0 0 0 0 0 0 0 0 1 0 0 0 0 0 0 0 0 0 0 0 0 0 0 0 0 1 0 0 0 0 0
0 0 0 0 1 0 0 0 0 1 0 0 1 0 0 1 0 0 0 0 0 0 1 0 0 0 0 1 0 0 0 1 0 0 1 0 0 0 1 0 0 0 0 0 0 0 0 1 0 0 1 0 0 0 0 1 0 0 0 0 0
0 0 0 0 1 0 0 0 0 1 0 0 0 0 1 0 0 0 0 1 0 0 0 0 1 0 0 0 0 1 0 0 0 0 0 1 0 0 0 0 1 0 0 0 0 1 0 0 0 0 1 0 0 0 0 1 0 0 0 0 0
0 0 0 0 1 0 0 0 0 0 0 0 1 0 0 0 0 0 0 0 1 0 0 0 0 0 0 0 1 0 0 0 0 0 0 0 1 0 0 0 0 0 0 0 1 0 0 0 0 0 0 0 0 0 0 1 0 0 0 0 0
0 0 0 0 0 0 0 0 0 0 0 0 0 0 0 0 0 0 0 0 0 0 0 0 0 0 0 0 0 0 0 0 0 0 0 0 0 0 0 0 0 0 0 0 0 1 0 0 0 0 0 0 0 0 0 0 0 0 0 0 0
0 0 0 0 1 0 0 0 0 0 0 0 0 0 1 0 0 0 0 0 0 0 0 0 1 0 0 0 0 0 0 0 0 0 1 0 0 0 0 0 0 0 0 0 1 0 0 0 0 0 0 0 0 0 0 1 0 0 0 0 0
0 0 0 0 1 0 0 0 0 0 0 0 0 0 0 0 0 0 0 0 0 0 0 0 0 0 0 0 0 1 0 0 0 0 0 0 0 0 0 0 0 0 0 0 0 0 0 0 0 0 0 0 0 0 0 1 0 0 0 0 0
0 0 0 0 1 0 1 0 1 0 1 0 1 0 0 1 0 0 1 0 1 0 1 0 1 0 1 0 1 0 1 0 0 1 0 1 0 1 0 1 0 1 0 1 0 1 0 1 0 1 0 1 0 1 0 1 0 0 0 0 0
0 0 0 0 1 0 0 0 0 0 0 0 0 0 0 0 0 0 0 0 0 0 0 0 0 0 0 0 0 0 0 0 0 0 0 0 0 0 0 0 0 0 0 0 0 0 0 0 0 0 0 0 0 0 0 1 0 0 0 0 0
0 0 0 0 1 0 0 0 1 0 0 0 1 0 0 0 1 0 0 0 1 0 0 0 1 0 0 0 1 0 0 0 0 0 0 1 0 0 0 1 0 0 0 0 1 0 0 0 0 0 0 1 0 0 0 1 0 0 0 0 0
0 0 0 0 1 0 0 0 0 0 0 0 0 0 1 0 0 0 0 0 0 0 0 0 1 0 0 0 0 0 0 0 0 0 0 1 0 0 0 0 0 0 0 0 0 1 0 0 0 0 0 0 0 0 0 1 0 0 0 0 0
0 0 0 0 1 0 0 0 0 0 0 0 0 0 0 0 0 0 0 0 0 1 0 0 0 0 0 0 0 0 0 0 0 0 0 0 0 0 1 0 0 0 0 0 0 0 0 0 0 0 0 0 0 0 0 1 0 0 0 0 0
0 0 0 0 1 0 0 0 0 0 1 0 0 0 0 0 1 0 0 0 0 1 0 0 0 0 1 0 0 0 0 1 0 0 0 0 1 0 0 0 0 0 0 0 0 1 0 0 0 0 1 0 0 0 0 1 0 0 0 0 0
0 0 0 0 1 0 0 0 0 0 0 0 0 0 1 0 0 0 0 0 0 0 0 0 1 0 0 0 0 0 0 0 0 0 0 1 0 0 0 0 0 0 0 0 0 1 0 0 0 0 0 0 0 0 0 1 0 0 0 0 0
0 0 0 0 1 0 0 0 0 0 0 1 0 0 0 0 0 0 1 0 0 0 0 0 0 1 0 0 0 0 0 0 1 0 0 0 0 0 0 1 0 0 0 0 0 0 1 0 0 0 0 0 0 0 1 0 0 0 0 0 0
0 0 0 0 1 0 0 0 1 0 0 0 0 0 1 0 0 0 1 0 0 0 0 0 0 1 0 0 0 1 0 0 0 1 0 0 0 0 0 0 0 0 0 0 0 1 0 0 0 0 1 0 0 0 0 1 0 0 0 0 0
0 0 0 0 1 0 0 0 0 0 0 0 0 0 0 0 0 0 0 0 0 0 0 0 0 0 0 0 0 0 0 0 0 0 0 0 0 0 0 0 0 0 0 0 0 0 0 0 0 0 0 0 0 0 0 1 0 0 0 0 0
0 0 0 0 1 0 1 0 1 0 0 1 0 0 1 0 0 1 0 0 0 0 1 0 1 0 1 0 1 0 0 0 1 0 1 0 1 0 0 1 0 0 1 0 0 0 0 1 0 1 0 1 0 1 0 1 0 0 0 0 0
0 0 0 0 1 1 1 1 1 1 1 1 1 1 1 1 1 1 1 1 1 1 1 1 1 1 1 1 1 1 1 1 1 1 1 1 1 1 1 1 1 1 1 1 1 1 1 1 1 1 1 1 1 1 1 1 0 0 0 0 0
0 0 0 0 1 1 1 1 1 1 1 1 1 1 1 1 1 1 1 1 1 1 1 1 1 1 1 1 1 1 1 1 1 1 1 1 1 1 1 1 1 1 1 1 1 1 1 1 1 1 1 1 1 1 1 1 0 0 0 0 0
0 0 0 0 1 1 1 1 1 1 1 1 1 1 1 1 1 1 1 1 1 1 1 1 1 1 1 1 1 1 1 1 1 1 1 1 1 1 1 1 1 1 1 1 1 1 1 1 1 1 1 1 1 1 1 1 0 0 0 0 0
0 0 0 0 1 2 2 2 2 2 1 2 2 2 2 1 2 2 2 2 2 2 2 2 2 2 2 2 2 2 2 2 2 2 2 2 2 3 2 2 2 2 2 2 2 2 3 2 2 2 2 2 2 2 3 2 0 0 0 0 0
0 0 0 0 1 1 1 1 1 1 1 1 1 1 1 1 1 1 1 1 1 1 1 1 1 1 1 1 1 1 1 1 1 1 1 1 1 1 1 1 1 1 1 1 1 1 1 1 1 1 1 1 1 1 1 1 0 0 0 0 0
0 0 0 0 1 1 1 1 1 1 1 1 1 1 1 1 1 1 1 1 1 1 1 1 1 1 1 1 1 1 1 1 1 1 1 1 1 1 1 1 1 1 1 1 1 1 1 1 1 1 1 1 1 1 1 1 0 0 0 0 0
0 0 0 0 1 1 1 1 1 1 1 1 1 1 1 1 1 1 1 1 1 1 1 1 1 1 1 1 1 1 1 1 1 1 1 1 1 1 1 1 1 1 1 1 1 1 1 1 1 1 1 1 1 1 1 1 0 0 0 0 0
0 0 0 0 1 0 0 0 0 0 0 0 0 0 1 0 0 0 0 0 0 0 0 0 0 1 0 0 0 0 0 0 0 0 0 1 0 0 0 0 0 0 0 0 0 1 0 0 0 0 0 0 0 0 0 1 0 0 0 0 0

y
0.0 0.0 0.0 0.0 0.0 0.0 0.0 0.0 0.0 0.1785714285714286 0.0 0.0 0.0 0.0 0.0 0.0 0.0 0.0 0.0 0.0 0.0 0.0 0.0 0.0 0.0 0.0 0.0 0.0 0.0 0.0 0.0 0.0 0.0 0.0 0.0 0.0 0.0

k
0 0 0 0 0 0 0 0 0 3 0 0 0 0 0 0 0 0 0 0 0 0 0 0 0 0 0 0 1 0 0 0 0 0 0 0 0

f
0.0 0.0 0.0 0.0 0.0 0.0 0.0 0.0 0.0 0.0 0.0 0.0 0.0 0.0 0.0 0.0 0.0 0.0 0.0 0.0 0.0 0.0 0.0 0.0 0.0 0.0 0.0 0.0 0.0 0.0 0.0 0.0 0.0 0.0 0.0 0.0 0.0 0.0 0.0 0.0 0.0 0.0 0.0 0.0 0.0 0.0 0.0 0.0 0.0 0.0 0.0 0.0 0.0 0.0 0.0 0.0 0.0 0.0 0.0 0.0 0.0
0.0 0.0 0.0 0.0 0.0 0.0 0.0 0.0 0.0 0.0 0.0 0.0 0.0 0.0 0.0 0.0 0.0 0.0 0.0 0.0 0.0 0.0 0.0 0.0 0.0 0.0 0.0 0.0 0.0 0.0 0.0 0.0 0.0 0.0 0.0 0.0 0.0 0.0 0.0 0.0 0.0 0.0 0.0 0.0 0.0 0.0 0.0 0.0 0.0 0.0 0.0 0.0 0.0 0.0 0.0 0.0 0.0 0.0 0.0 0.0 0.0
0.0 0.0 0.0 0.0 0.0 0.0 0.0 0.0 0.0 0.0 0.0 0.0 0.0 0.0 0.0 0.0 0.0 0.0 0.0 0.0 0.0 0.0 0.0 0.0 0.0 0.0 0.0 0.0 0.0 0.0 0.0 0.0 0.0 0.0 0.0 0.0 0.0 0.0 0.0 0.0 0.0 0.0 0.0 0.0 0.0 0.0 0.0 0.0 0.0 0.0 0.0 0.0 0.0 0.0 0.0 0.0 0.0 0.0 0.0 0.0 0.0
0.0 0.0 0.0 0.0 0.0 0.0 0.0 0.0 0.0 0.0 0.0 0.0 0.0 0.0 0.0 0.0 0.0 0.0 0.0 0.0 0.0 0.0 0.0 0.0 0.0 0.0 0.0 0.0 0.0 0.0 0.0 0.0 0.0 0.0 0.0 0.0 0.0 0.0 0.0 0.0 0.0 0.0 0.0 0.0 0.0 0.0 0.0 0.0 0.0 0.0 0.0 0.0 0.0 0.0 0.0 0.0 0.0 0.0 0.0 0.0 0.0

L
3 4 4 5 3 4 4 17 51 2 12 17 3 5 8 0 10 25 2 51 4 10 17 5 10 7 4 51 2 1 1 1 0 1 1 1 10

g
0 0 0 0 0 0 0 0 0 0 0 0 0 0 0 0 0 0 0 0 0 0 0 0 0 0 0 0 0 0 0 0 0 0 0 0 0 0 0 0 0 0 0 0 0 0 0 0 0 0 0 0 0 0 0 0 0 0 0 0 0
0 0 0 0 0 0 0 0 0 0 0 0 0 0 0 0 0 0 0 0 0 0 0 0 0 0 0 0 0 0 0 0 0 0 0 0 0 0 0 0 0 0 0 0 0 0 0 0 0 0 0 0 0 0 0 0 0 0 0 0 0
0 0 0 0 0 0 0 0 0 0 0 0 0 0 0 0 0 0 0 0 0 0 0 0 0 0 0 0 0 0 0 0 0 0 0 0 0 0 0 0 0 0 0 0 0 0 0 0 0 0 0 0 0 0 0 0 0 0 0 0 0
0 0 0 0 0 0 0 0 0 0 0 0 0 0 0 0 0 0 0 0 0 0 0 0 0 0 0 0 0 0 0 0 0 0 0 0 0 0 0 0 0 0 0 0 0 0 0 0 0 0 0 0 0 0 0 0 0 0 0 0 0
0 0 0 0 0 0 0 0 0 0 0 0 0 0 0 0 0 0 0 0 0 0 0 0 0 0 0 0 0 0 0 0 0 0 0 0 0 0 0 0 0 0 0 0 0 0 0 0 0 0 0 0 0 0 0 0 0 0 0 0 0
0 0 0 0 0 0 0 0 0 0 0 0 0 0 0 0 0 0 0 0 0 0 0 0 0 0 0 0 0 0 0 0 0 0 0 0 0 0 0 0 0 0 0 0 0 0 0 0 0 0 0 0 0 0 0 0 0 0 0 0 0
0 0 0 0 0 0 0 0 0 0 0 0 0 0 0 0 0 0 0 0 0 0 0 0 0 0 0 0 0 0 0 0 0 0 0 0 0 0 0 0 0 0 0 0 0 0 0 0 0 0 0 0 0 0 0 0 0 0 0 0 0
0 0 0 0 0 0 0 0 0 0 0 0 0 0 0 0 0 0 0 0 0 0 0 0 0 0 0 0 0 0 0 0 0 0 0 0 0 0 0 0 0 0 0 0 0 0 0 0 0 0 0 0 0 0 0 0 0 0 0 0 0
0 0 0 0 0 0 0 0 0 0 0 0 0 0 0 0 0 0 0 0 0 0 0 0 0 0 0 0 0 0 0 0 0 0 0 0 0 0 0 0 0 0 0 0 0 0 0 0 0 0 0 0 0 0 0 0 0 0 0 0 0
0 0 0 0 0 0 0 0 0 0 0 0 0 0 0 0 0 0 0 0 0 0 0 0 0 0 0 0 0 0 0 0 0 0 0 0 0 0 0 0 0 0 0 0 0 0 0 0 0 0 0 0 0 0 0 0 0 0 0 0 0
0 0 0 0 0 0 0 0 0 0 0 0 0 0 0 0 0 0 0 0 0 0 0 0 0 0 0 0 0 0 0 0 0 0 0 0 0 0 0 0 0 0 0 0 0 0 0 0 0 0 0 0 0 0 0 0 0 0 0 0 0
0 0 0 0 0 0 0 0 0 0 0 0 0 0 0 0 0 0 0 0 0 0 0 0 0 0 0 0 0 0 0 0 0 0 0 0 0 0 0 0 0 0 0 0 0 0 0 0 0 0 0 0 0 0 0 0 0 0 0 0 0
0 0 0 0 0 0 0 0 0 0 0 0 0 0 0 0 0 0 0 0 0 0 0 0 0 0 0 0 0 0 0 0 0 0 0 0 0 0 0 0 0 0 0 0 0 0 0 0 0 0 0 0 0 0 0 0 0 0 0 0 0
0 0 0 0 0 0 0 0 0 0 0 0 0 0 0 0 0 0 0 0 0 0 0 0 0 0 0 0 0 0 0 0 0 0 0 0 0 0 0 0 0 0 0 0 0 0 0 0 0 0 0 0 0 0 0 0 0 0 0 0 0
0 0 0 0 0 0 0 0 0 0 0 0 0 0 0 0 0 0 0 0 0 0 0 0 0 0 0 0 0 0 0 0 0 0 0 0 0 0 0 0 0 0 0 0 0 0 0 0 0 0 0 0 0 0 0 0 0 0 0 0 0
0 0 0 0 0 0 0 0 0 0 0 0 0 0 0 0 0 0 0 0 0 0 0 0 0 0 0 0 0 0 0 0 0 0 0 0 0 0 0 0 0 0 0 0 0 0 0 0 0 0 0 0 0 0 0 0 0 0 0 0 0
0 0 0 0 0 0 0 0 0 0 0 0 0 0 0 0 0 0 0 0 0 0 0 0 0 0 0 0 0 0 0 0 0 0 0 0 0 0 0 0 0 0 0 0 0 0 0 0 0 0 0 0 0 0 0 0 0 0 0 0 0
0 0 0 0 0 0 0 0 0 0 0 0 0 0 0 0 0 0 0 0 0 0 0 0 0 0 0 0 0 0 0 0 0 0 0 0 0 0 0 0 0 0 0 0 0 0 0 0 0 0 0 0 0 0 0 0 0 0 0 0 0
0 0 0 0 0 0 0 0 0 0 0 0 0 0 0 0 0 0 0 0 0 0 0 0 0 0 0 0 0 0 0 0 0 0 0 0 0 0 0 0 0 0 0 0 0 0 0 0 0 0 0 0 0 0 0 0 0 0 0 0 0
0 0 0 0 0 0 0 0 0 0 0 0 0 0 0 0 0 0 0 0 0 0 0 0 0 0 0 0 0 0 0 0 0 0 0 0 0 0 0 0 0 0 0 0 0 0 0 0 0 0 0 0 0 0 0 0 0 0 0 0 0
0 0 0 0 0 0 0 0 0 0 0 0 0 0 0 0 0 0 0 0 0 0 0 0 0 0 0 0 0 0 0 0 0 0 0 0 0 0 0 0 0 0 0 0 0 0 0 0 0 0 0 0 0 0 0 0 0 0 0 0 0
0 0 0 0 0 0 0 0 0 0 0 0 0 0 0 0 0 0 0 0 0 0 0 0 0 0 0 0 0 0 0 0 0 0 0 0 0 0 0 0 0 0 0 0 0 0 0 0 0 0 0 0 0 0 0 0 0 0 0 0 0
0 0 0 0 0 0 0 0 0 0 0 0 0 0 0 0 0 0 0 0 0 0 0 0 0 0 0 0 0 0 0 0 0 0 0 0 0 0 0 0 0 0 0 0 0 0 0 0 0 0 0 0 0 0 0 0 0 0 0 0 0
0 0 0 0 0 0 0 0 0 0 0 0 0 0 0 0 0 0 0 0 0 0 0 0 0 0 0 0 0 0 0 0 0 0 0 0 0 0 0 0 0 0 0 0 0 0 0 0 0 0 0 0 0 0 0 0 0 0 0 0 0
0 0 0 0 0 0 0 0 0 0 0 0 0 0 0 0 0 0 0 0 0 0 0 0 0 0 0 0 0 0 0 0 0 0 0 0 0 0 0 0 0 0 0 0 0 0 0 0 0 0 0 0 0 0 0 0 0 0 0 0 0
0 0 0 0 0 0 0 0 0 0 0 0 0 0 0 0 0 0 0 0 0 0 0 0 0 0 0 0 0 0 0 0 0 0 0 0 0 0 0 0 0 0 0 0 0 0 0 0 0 0 0 0 0 0 0 0 0 0 0 0 0
0 0 0 0 0 0 0 0 0 0 0 0 0 0 0 0 0 0 0 0 0 0 0 0 0 0 0 0 0 0 0 0 0 0 0 0 0 0 0 0 0 0 0 0 0 0 0 0 0 0 0 0 0 0 0 0 0 0 0 0 0
0 0 0 0 0 0 0 0 0 0 0 0 0 0 0 0 0 0 0 0 0 0 0 0 0 0 0 0 0 0 0 0 0 0 0 0 0 0 0 0 0 0 0 0 0 0 0 0 0 0 0 0 0 0 0 0 0 0 0 0 0
0 0 0 0 0 0 0 0 0 0 0 0 0 0 0 0 0 0 0 0 0 0 0 0 0 0 0 0 0 0 0 0 0 0 0 0 0 0 0 0 0 0 0 0 0 0 0 0 0 0 0 0 0 0 0 0 0 0 0 0 0
0 0 0 0 0 0 0 0 0 0 0 0 0 0 0 0 0 0 0 0 0 0 0 0 0 0 0 0 0 0 0 0 0 0 0 0 0 0 0 0 0 0 0 0 0 0 0 0 0 0 0 0 0 0 0 0 0 0 0 0 0
0 0 0 0 0 0 0 0 0 0 0 0 0 0 0 0 0 0 0 0 0 0 0 0 0 0 0 0 0 0 0 0 0 0 0 0 0 0 0 0 0 0 0 0 0 0 0 0 0 0 0 0 0 0 0 0 0 0 0 0 0
0 0 0 0 0 0 0 0 0 0 0 0 0 0 0 0 0 0 0 0 0 0 0 0 0 0 0 0 0 0 0 0 0 0 0 0 0 0 0 0 0 0 0 0 0 0 0 0 0 0 0 0 0 0 0 0 0 0 0 0 0
0 0 0 0 0 0 0 0 0 0 0 0 0 0 0 0 0 0 0 0 0 0 0 0 0 0 0 0 0 0 0 0 0 0 0 0 0 1 0 0 0 0 0 0 0 0 1 0 0 0 0 0 0 0 1 0 0 0 0 0 0
0 0 0 0 0 0 0 0 0 0 0 0 0 0 0 0 0 0 0 0 0 0 0 0 0 0 0 0 0 0 0 0 0 0 0 0 0 0 0 0 0 0 0 0 0 0 0 0 0 0 0 0 0 0 0 0 0 0 0 0 0
0 0 0 0 0 0 0 0 0 0 0 0 0 0 0 0 0 0 0 0 0 0 0 0 0 0 0 0 0 0 0 0 0 0 0 0 0 0 0 0 0 0 0 0 0 0 0 0 0 0 0 0 0 0 0 0 0 0 0 0 0
0 0 0 0 0 0 0 0 0 0 0 0 0 0 0 0 0 0 0 0 0 0 0 0 0 0 0 0 0 0 0 0 0 0 0 0 0 0 0 0 0 0 0 0 0 0 0 0 0 0 0 0 0 0 0 0 0 0 0 0 0
0 0 0 0 0 0 0 0 0 0 0 0 0 0 0 0 0 0 0 0 0 0 0 0 0 0 0 0 0 0 0 0 0 0 0 0 0 0 0 0 0 0 0 0 0 0 0 0 0 0 0 0 0 0 0 0 0 0 0 0 0

I cap
52945.45454545455 52945.45454545455 52741.794545454555 52724.394545454554 64448.96 59419.84 64925.48 68856.86 52667.619999999995 55962.99999999999 52873.58 51908.240000000005 52855.899999999994 54009.6 55646.86 52165.41454545455 52475.214545454546 52574.91454545454 52061.754545454554 52057.574545454554 52276.07454545455 52364.21454545455 52172.85454545455 52283.41454545455 52199.89454545455 52171.59454545455 52052.034545454546 52129.494545454545 52374.73454545456 52166.41454545455 52277.39454545455 52433.15454545455 52388.074545454554 52425.61454545455 33038.1 34920.04 39244.53999999999 43897.49999999999 47628.24 47468.46000000001 44315.06 46368.49999999999 47401.24 47472.8 49132.58 46418.979999999996 51599.56 55759.2 53641.76 53466.439999999995 49637.13999999999 50206.200000000004 55291.64 59513.54 64878.74 68852.4 51989.354545454546 52304.63454545455 52712.67454545456 52945.45454545455 52945.45454545455
5398.484848484848 5398.484848484848 5356.744848484848 5345.144848484848 6374.739999999999 6085.059999999999 6457.419999999999 5867.14 5903.38 6561.999999999999 6215.419999999999 5881.76 5531.099999999999 4820.399999999999 5834.04 5307.424848484848 5290.6248484848475 5308.024848484847 5302.184848484849 5285.364848484848 5318.864848484847 5254.724848484848 5260.084848484848 5258.524848484847 5288.0448484848475 5322.244848484848 5320.804848484848 5299.344848484847 5298.204848484848 5278.524848484847 5321.5448484848475 5328.784848484847 5323.864848484848 5327.324848484847 4133.9 4438.86 4436.36 4449.399999999999 4031.7599999999993 4404.54 5426.9400000000005 4787.499999999999 4821.759999999999 5555.2 5559.420000000001 4812.919999999999 4820.339999999999 5500.699999999999 5527.240000000001 5538.5599999999995 5508.859999999999 5524.8 4863.36 4833.06 4802.86 5316.299999999999 5191.484848484846 5246.204848484847 5348.264848484848 5398.484848484848 5398.484848484848
1948.333333333333 1948.333333333333 1923.3999999999996 1910.7249999999997 2154.5249999999996 2065.6583333333333 2023.658333333333 1918.0 1966.3333333333335 1938.3333333333335 1511.333333333333 1463.0 1196.3333333333333 1798.3333333333333 1553.3333333333333 1941.333333333333 1926.6666666666663 1926.6666666666663 1926.6666666666663 1941.333333333333 1919.6666666666663 1926.6666666666663 1919.6666666666663 1941.333333333333 1919.6666666666663 1926.6666666666663 1919.6666666666663 1941.333333333333 1906.9916666666663 1913.9916666666663 1906.9916666666663 1928.658333333333 1941.333333333333 1941.333333333333 1183.0 916.3333333333333 888.3333333333334 1126.3333333333333 1357.9999999999998 1511.333333333333 1868.333333333333 1966.3333333333335 2338.0000000000005 2296.0 2148.333333333334 2036.3333333333333 2253.3333333333335 2540.9999999999995 2233.0 2296.0 2443.0 2421.3333333333335 2603.3333333333335 2396.4 2510.391666666666 2567.525 1913.9916666666663 1913.9916666666663 1948.333333333333 1948.333333333333 1948.333333333333
2262.2727272727266 2262.2727272727266 2260.1727272727267 2252.122727272727 1744.0700000000004 2167.88 2170.4100000000003 2290.02 2076.5500000000006 2211.6400000000003 2180.7899999999995 1835.98 1765.7300000000002 1728.2600000000002 1575.98 2230.3427272727267 2236.3227272727268 2241.602727272727 2238.1827272727273 2232.9027272727267 2240.912727272727 2236.5227272727266 2236.0027272727275 2236.392727272727 2239.452727272727 2232.0727272727268 2229.432727272727 2230.6327272727267 2244.3627272727267 2234.992727272727 2236.902727272727 2238.1327272727267 2244.6527272727267 2239.462727272727 2077.6600000000008 1857.0099999999998 1862.7599999999998 1860.29 2109.0600000000004 2774.6700000000005 2109.9300000000007 2392.09 2672.9700000000007 2393.4700000000003 2395.9700000000003 2382.4300000000003 2173.5699999999997 2172.8599999999997 2185.47 2570.77 2774.2500000000005 2774.7200000000003 2886.0099999999998 2782.6900000000005 2425.8400000000006 2414.5100000000007 2238.0627272727265 2245.9027272727267 2259.0327272727263 2262.2727272727266 2262.2727272727266
1049.9999999999995 1049.9999999999995 1049.1599999999994 1048.5099999999995 719.7200000000001 1174.34 1067.43 1142.38 1000.1399999999999 997.3299999999999 1175.4999999999998 1177.9499999999998 1142.5400000000002 1245.4100000000003 995.4899999999999 1033.2699999999995 1037.0299999999997 1036.0499999999997 1034.2499999999998 1032.2399999999993 1037.7599999999995 1033.7299999999996 1033.1399999999996 1034.0899999999995 1035.2099999999996 1033.2699999999995 1032.1799999999998 1033.1999999999996 1038.2499999999995 1032.7999999999995 1034.3899999999999 1035.4799999999996 1038.4599999999996 1035.6899999999996 1035.9500000000003 1171.7199999999998 1000.1899999999998 997.78 998.56 929.1599999999999 719.0999999999999 1034.8400000000001 1000.0299999999999 1175.4799999999998 1037.6100000000001 996.0799999999999 998.0299999999999 1068.2000000000003 1177.61 1002.8799999999999 998.31 1034.8000000000002 1002.4099999999999 933.4699999999998 1000.1899999999999 993.39 1035.7199999999993 1042.7999999999993 1048.5799999999995 1049.9999999999995 1049.9999999999995
17287.878787878788 17287.878787878788 17270.688787878786 17237.7476114082 12714.529411764704 14346.62 15833.48 14835.760000000002 15931.93 15849.67 14872.66 14866.01 16577.469999999998 16642.64 15840.47 16939.05878787878 17069.04878787879 17112.378787878788 17063.888787878783 17110.618787878786 17134.038787878788 17141.138787878786 17102.548787878783 17043.188787878786 17089.84878787879 16976.268787878784 17027.118787878786 17006.078787878785 17106.128787878784 17029.838787878787 17128.798787878786 17113.308787878785 17124.428787878787 17058.948787878788 12024.439999999999 14344.58 15157.85 15856.14 16296.079999999998 16253.529999999997 15536.51 19470.45 18726.03 17980.219999999998 18700.01 17199.579999999998 17934.48 18636.249999999996 20788.559999999998 20827.879999999997 19717.050000000003 19047.049999999996 19394.8 20840.85 21127.329999999998 19024.961176470588 16994.19937611408 17167.798787878786 17271.488787878785 17287.878787878788 17287.878787878788
38987.878787878784 38987.878787878784 38939.78878787878 38836.73878787878 32935.600000000006 38503.14999999999 43834.69999999999 41915.389999999985 46075.56 45013.409999999996 42273.189999999995 43336.02999999999 43982.229999999996 44020.8 43200.92999999999 38423.468787878766 38533.40878787878 38576.90878787879 38471.96878787877 38452.728787878776 38568.908787878776 38512.91878787878 38444.898787878774 38426.398787878774 38501.198787878784 38421.87878787877 38389.58878787878 38417.49878787878 38574.42878787877 38407.698787878784 38497.65878787878 38528.008787878774 38597.658787878776 38504.85878787878 31025.530000000006 36818.619999999995 40344.84 42120.64 38686.13999999999 34835.039999999986 34812.86999999999 38089.33 39085.71 35587.119999999995 34896.09999999999 34315.189999999995 34704.45 35471.299999999996 36287.58999999999 35297.229999999996 37951.5 36956.69999999999 36635.979999999996 38406.829999999994 38650.28999999999 33381.51 38590.118787878775 38727.74878787877 38913.908787878776 38987.878787878784 38987.878787878784
4036.6666666666674 4036.6666666666674 4035.196666666667 4032.0966666666673 3435.136666666667 4487.110000000001 4173.45 4466.69 4394.7699999999995 4638.549999999999 4185.53 4537.45 4955.9400000000005 4920.859999999999 4490.429999999999 4014.1066666666675 4018.436666666668 4024.1266666666675 4020.296666666668 4019.466666666667 4023.996666666668 4017.8466666666677 4017.296666666668 4018.8966666666674 4021.6466666666674 4014.1066666666675 4012.086666666668 4013.8966666666674 4024.416666666668 4020.0966666666673 4020.716666666668 4022.7366666666676 4025.046666666668 4023.3666666666677 2403.0900000000006 3477.87 3897.940000000001 3792.0200000000004 3796.6000000000013 3972.4400000000005 3936.35 4080.1000000000004 4150.650000000001 4396.069999999999 4501.1500000000015 4631.2699999999995 4317.650000000001 4072.2300000000005 3871.15 3802.2400000000007 3799.3600000000006 3590.56 3453.96 3384.140000000001 3379.4300000000003 3222.06 4014.4200000000005 4021.5166666666673 4033.676666666667 4036.6666666666674 4036.6666666666674
538.7878787878788 538.7878787878788 534.1078787878788 534.1078787878788 395.43 448.55 425.22 431.53 474.9400000000001 430.84999999999997 475.06000000000006 509.46000000000004 501.66999999999996 480.37000000000006 535.08 498.6078787878788 519.0878787878788 526.8778787878788 514.1578787878788 522.0478787878789 521.4578787878788 527.2978787878787 522.1978787878788 514.4678787878788 521.4578787878787 504.6578787878788 510.05787878787885 509.7578787878788 522.6578787878788 512.8978787878788 523.6078787878788 524.0678787878788 526.8778787878788 516.5278787878788 395.19 309.84 288.9200000000001 394.71999999999997 372.75999999999993 473.39000000000004 504.84000000000003 482.5400000000001 648.71 677.02 713.93 632.84 635.6700000000001 674.4900000000001 645.89 583.0899999999999 572.7399999999999 648.0500000000001 641.09 578.41 535.46 533.14 500.7778787878788 520.4078787878789 534.4278787878787 538.7878787878788 538.7878787878788
127.27272727272725 127.27272727272725 126.64272727272726 125.74272727272725 130.35999999999999 59.349999999999994 130.31 99.23 134.11 98.3 132.52 63.12 63.42 98.66 95.37 118.15272727272726 118.42272727272724 120.81272727272724 122.01272727272726 120.75272727272726 121.68272727272725 120.30272727272725 119.67272727272726 118.32272727272725 119.94272727272725 119.50272727272726 119.29272727272725 118.69272727272725 120.51272727272726 119.43272727272725 121.68272727272725 121.02272727272725 120.63272727272725 120.90272727272725 134.14 131.36 131.75 98.16 131.79999999999998 61.77 132.4 99.64999999999999 133.9 64.62 99.23 132.86 96.89999999999999 200.67 132.73000000000002 132.91 202.79 133.12 133.75 204.86 133.21 128.86999999999998 118.86272727272724 121.58272727272725 126.64272727272726 127.27272727272725 127.27272727272725
425.7716649912587 425.7716649912587 425.7716649912587 425.06386099851824 356.0486604022985 402.66972379310295 390.69862465517207 450.4584913793101 540.0010343103452 481.7170127586203 520.0232670689659 501.30156034482735 483.7174568965515 408.387017241379 438.1407282758617 425.07880155172376 430.44844810344796 418.6875948275859 386.0996291379308 384.81023689655143 371.18094575235085 426.32701724137905 429.2181206896548 397.18754310344804 386.35069540229864 370.3559308620686 349.1175774137928 468.77224120689624 465.122318965517 442.6957239655169 491.04930155172383 473.44280155172385 384.94051724137904 395.29694091953996 575.672200977012 630.1164825862074 368.35305172413763 425.4861379310342 389.26192241379283 377.3731810344824 359.3152586206894 362.6542758620687 360.1849913793101 373.8431379310342 369.55924137931015 376.7496291379307 326.6552239655169 351.10856017241343 351.46699999999976 354.0663448275859 433.11702568965484 396.97198258620654 435.7445687931032 435.75706896551696 502.3008534482756 382.93659657894693 420.049825565971 422.826837060224 425.0820098188449 425.7716649912587 424.0475270602241
35000.0 35000.0 34999.0 34992.0 34939.0 34945.0 34952.0 34991.0 34977.0 34948.0 34978.0 34977.0 34976.0 34976.0 34954.0 34967.0 34964.0 34971.0 34975.0 34965.0 34974.0 34971.0 34966.0 34973.0 34961.0 34962.0 34959.0 34972.0 34973.0 34955.0 34974.0 34977.0 34978.0 34979.0 34973.0 34964.0 34959.0 34966.0 34970.0 34966.0 34954.0 34974.0 34982.0 34983.0 34980.0 34954.0 34958.0 34963.0 34980.0 34977.0 34957.0 34973.0 34980.0 34984.0 34982.0 34927.0 34948.0 34958.0 34994.0 34995.0 34968.0

H cap
72978.5 72933.0 73423.0 73458.0 73384.5 73297.0 73360.0 73437.0 73307.5 73318.0 73363.5 73328.5 73360.0 73374.0 73384.5 73405.5 73307.5 73199.0 73304.0 73360.0 73293.5 73328.5 73332.0 73360.0 73384.5 73258.5 73272.5 73388.0 73458.0 73419.5 73384.5 73356.5 73293.5 73297.0 73307.5 73304.0 73356.5 73360.0 73384.5 73412.5 73335.5 73241.0 73276.0 73360.0 73398.5 73370.5 73346.0 73363.5 73423.0 73458.0 73458.0 72933.0 72943.5 73500.0 73500.0 73500.0 73500.0 73500.0 73500.0 73500.0 73500.0
29315.0 29286.0 29337.0 29340.0 29332.5 29314.0 29327.5 29341.0 29323.0 29327.5 29315.0 29312.5 29335.0 29330.5 29330.5 29332.5 29324.5 29322.5 29323.5 29326.0 29319.5 29316.0 29322.5 29328.0 29328.0 29315.0 29322.0 29335.0 29335.0 29332.5 29321.5 29316.5 29320.5 29322.5 29322.5 29323.0 29325.5 29328.0 29330.5 29335.0 29332.0 29314.0 29314.0 29322.0 29332.0 29333.0 29315.0 29319.0 29342.0 29340.0 29336.5 29280.0 29309.5 29400.0 29400.0 29400.0 29400.0 29400.0 29400.0 29400.0 29400.0
35206.5 35203.0 35266.0 35266.0 35259.0 35248.5 35255.5 35259.0 35252.0 35259.0 35248.5 35241.5 35255.5 35255.5 35255.5 35262.5 35255.5 35245.0 35252.0 35259.0 35248.5 35241.5 35245.0 35255.5 35259.0 35245.0 35248.5 35259.0 35262.5 35255.5 35248.5 35248.5 35248.5 35252.0 35255.5 35248.5 35252.0 35259.0 35259.0 35262.5 35262.5 35241.5 35238.0 35252.0 35262.5 35262.5 35245.0 35248.5 35266.0 35266.0 35262.5 35203.0 35210.0 35280.0 35280.0 35280.0 35280.0 35280.0 35280.0 35280.0 35280.0
43641.0 43618.0 44034.5 44043.0 43999.0 43931.5 43971.0 44015.5 43945.0 43959.5 43827.0 43814.5 43991.5 43983.0 43996.5 44003.5 43967.0 43904.0 43922.5 43985.5 43841.0 43810.5 43920.0 43963.0 43992.5 43933.5 43958.5 43994.0 44006.5 44018.0 43982.5 43822.0 43781.5 43929.0 43962.0 43958.5 43976.5 43981.5 44008.5 44032.0 43977.0 43742.0 43787.0 43991.0 44001.5 43999.0 43939.0 43951.0 44039.5 44043.0 44028.5 43615.0 43644.0 44100.0 44100.0 44100.0 44100.0 44100.0 44100.0 44100.0 44100.0

Gap
0.4478794349881869

Time
120.03328490257263

