T P M C
35 37 4 12

base obj
10.16025641025641

exp obj
17.495608974358973

Objective struct
10.16025641025641 6.581666666666667 32.92

num campaigns
265

x
0 0 0 0 0 0 0 0 0 0 0 0 0 1 0 1 0 0 0 1 0 0 0 1 0 1 0 0 1 1 0 0 0 0 0
0 0 0 0 0 0 0 1 0 0 0 1 0 0 0 0 1 0 0 0 1 0 0 0 0 1 0 0 0 0 0 0 0 0 0
0 0 0 0 0 0 2 0 0 0 0 0 1 0 0 0 0 0 0 1 0 1 0 0 1 0 1 0 0 0 0 0 0 0 0
0 0 0 0 0 0 0 0 0 0 0 0 4 0 0 0 0 0 0 0 0 0 2 0 0 0 0 0 0 0 0 0 0 0 0
0 0 0 0 0 0 0 0 0 0 0 1 0 0 0 0 0 0 0 1 0 2 0 0 0 0 0 5 0 0 0 0 0 0 0
0 0 0 0 0 0 0 0 0 0 0 0 0 0 0 0 0 0 0 0 0 0 0 0 0 0 0 0 0 0 0 0 0 0 0
0 0 0 0 0 0 0 0 0 2 1 1 0 0 0 0 0 1 0 0 0 0 0 0 1 0 0 0 0 0 0 0 0 0 0
0 0 0 0 1 0 0 0 0 0 0 0 0 0 0 0 0 0 0 0 0 0 0 0 0 0 0 0 0 1 0 0 0 0 0
0 0 0 0 1 0 0 0 0 0 0 0 0 0 0 0 0 0 0 0 0 0 0 0 0 0 0 0 0 0 0 0 0 0 0
0 0 0 0 0 0 0 0 0 0 0 0 0 0 0 0 0 0 0 0 0 0 0 0 0 0 0 0 0 0 0 0 0 0 0
0 0 0 0 0 0 0 0 0 0 0 0 0 0 3 0 0 0 0 0 0 0 0 0 0 0 0 0 0 0 0 0 0 0 0
0 0 0 0 0 0 0 0 0 0 0 0 0 0 0 0 0 1 0 0 1 0 0 0 0 0 0 0 0 0 0 0 0 0 0
0 0 0 0 0 0 1 0 1 0 0 0 0 0 0 0 0 0 0 0 0 0 0 0 0 0 0 0 0 0 0 0 0 0 0
0 0 0 0 1 0 0 0 0 0 0 0 0 0 1 0 1 0 0 0 0 0 0 0 0 0 0 1 0 0 0 0 0 0 0
0 0 0 0 0 0 0 0 0 0 0 0 0 0 0 0 0 0 0 0 0 0 0 0 0 0 0 0 0 0 0 0 0 0 0
0 0 0 0 1 0 0 0 0 0 0 0 0 0 0 0 0 0 0 0 0 0 0 0 0 0 0 0 0 0 0 0 0 0 0
0 0 0 0 0 0 0 0 0 0 0 0 0 0 0 0 0 1 0 0 0 1 0 0 0 0 0 0 0 1 0 0 0 0 0
0 0 0 0 0 0 1 0 0 1 0 0 0 0 0 0 0 0 0 0 0 0 0 0 0 0 0 0 0 0 0 0 0 0 0
0 0 0 0 0 0 2 0 0 0 1 1 1 1 1 0 0 0 0 0 1 0 2 2 0 0 1 0 0 0 0 0 0 0 0
0 0 0 0 0 0 0 0 0 0 0 0 0 0 0 0 0 0 0 0 0 0 1 0 0 0 0 0 0 0 0 0 0 0 0
0 0 0 0 0 1 0 0 0 0 0 0 0 0 0 1 1 0 0 0 0 0 0 1 0 0 0 2 0 0 0 0 0 0 0
0 0 0 0 0 0 0 0 0 0 0 0 0 0 0 0 0 0 0 0 0 0 0 0 0 0 0 0 0 0 0 0 0 0 0
0 0 0 0 0 0 0 0 1 0 0 0 0 0 0 0 0 0 1 0 0 0 0 0 0 0 0 0 0 0 0 0 0 0 0
0 0 0 0 0 0 0 0 0 0 0 0 0 0 0 0 0 0 0 0 0 0 0 0 0 0 0 0 0 0 0 0 0 0 0
0 0 0 0 0 0 0 0 0 0 1 0 0 0 0 0 0 0 0 0 0 0 0 0 0 0 0 0 0 0 0 0 0 0 0
0 0 0 0 0 0 0 0 0 0 0 0 1 0 0 0 0 0 0 0 0 0 0 1 1 1 0 0 0 0 0 0 0 0 0
0 0 0 0 0 0 1 0 1 1 0 0 0 0 1 0 0 0 0 0 0 0 0 0 0 1 0 0 0 0 0 0 0 0 0
0 0 0 0 0 0 0 0 0 0 0 0 0 0 0 0 0 0 0 0 0 1 0 0 0 0 0 0 0 0 0 0 0 0 0
0 0 0 0 0 0 0 0 0 0 0 0 0 0 0 0 0 0 0 0 0 0 0 0 0 0 0 0 0 0 0 0 0 0 0
0 0 0 0 0 0 6 0 5 0 0 2 0 0 0 0 0 0 1 3 0 5 0 3 0 1 0 0 0 0 0 0 0 0 0
0 0 0 0 5 0 0 0 0 0 3 1 0 1 0 0 1 4 0 2 1 2 0 2 0 0 0 0 0 4 0 0 0 0 0
0 0 0 0 0 1 1 0 0 0 4 0 0 0 2 0 4 1 0 2 0 0 0 1 0 1 0 8 0 1 0 0 0 0 0
0 0 0 0 5 0 5 0 3 0 3 0 5 3 1 6 0 0 0 0 2 0 0 0 1 1 7 1 0 6 0 0 0 0 0
0 0 0 0 2 0 0 0 1 3 1 0 0 0 0 0 0 0 5 0 0 1 4 3 5 1 0 0 0 0 0 0 0 0 0
0 0 0 0 0 0 0 1 0 0 0 1 2 1 2 0 2 0 0 1 2 0 0 1 2 0 2 0 2 0 0 0 0 0 0
0 0 0 0 0 0 0 0 0 0 0 0 0 0 0 0 0 0 0 0 0 0 0 0 0 0 0 0 0 0 0 0 0 0 0
0 0 0 0 0 0 0 0 0 0 0 0 0 0 0 0 0 0 0 0 0 0 0 0 0 0 0 0 0 0 0 0 0 0 0

y
0.0 0.0 0.0 0.0 0.0 0.0 0.0 0.0 0.0 0.0 0.0 0.0 0.0 0.0 0.0 0.0 0.0 0.0 0.0 0.0 0.0 0.0 0.0 0.0 0.0 0.0 0.0 0.0 0.0 0.0 0.0 0.0 0.0 0.0 0.0 0.0 0.0

k
0 1 0 0 0 6 0 0 0 15 0 0 4 2 4 0 0 0 0 0 0 3 0 5 2 0 0 0 11 0 0 0 3 0 7 26 3

f
0.0 1.75 0.0 0.0 0.0 0.0 0.0 0.0 0.0 0.0 0.0 0.0 0.0 0.0 0.0 0.0 0.0 1.75 0.0 5.25 0.0 0.0 0.0 0.0 0.0 36.75 0.0 0.0 0.0 0.0 0.0 0.0 0.0 0.0 0.0
0.0 2.5 0.0 2.5 0.0 0.0 0.0 1.5 0.0 1.0 0.0 0.0 0.0 0.5 0.0 0.0 1.0 3.0 0.0 0.0 11.0 0.0 0.0 19.0 0.5 6.5 0.0 0.0 0.0 0.0 0.0 0.0 0.0 0.0 0.0
0.0 0.0 0.0 0.0 0.0 0.0 0.0 0.0 0.0 0.0 0.0 0.0 0.0 0.0 0.0 0.0 0.0 0.0 0.0 0.0 0.0 0.0 0.0 0.0 0.0 0.0 0.0 0.0 0.0 0.0 0.0 0.0 0.0 0.0 0.0
0.0 3.75 0.0 3.25 0.0 7.25 0.0 2.25 0.0 2.25 0.0 1.75 0.0 1.75 0.0 10.25 0.0 0.25 0.0 0.0 0.0 1.25 0.0 0.25 0.0 15.75 0.0 0.0 0.0 0.0 0.0 0.0 0.0 0.0 0.0

L
1 4 0 0 0 0 0 25 0 0 0 3 2 2 0 0 4 3 0 0 0 0 10 0 0 1 1 0 0 0 0 0 0 0 0 0 0

g
0 0 0 0 0 0 0 0 0 0 0 0 0 0 0 0 0 0 0 0 0 0 0 0 0 0 0 0 0 0 0 0 0 0 0
0 0 0 0 0 0 0 0 0 0 0 0 0 0 0 0 0 0 0 0 0 0 0 0 0 0 0 0 0 0 0 0 0 0 0
0 0 0 0 0 0 1 0 0 0 0 0 0 0 0 0 0 0 0 0 0 0 0 0 0 0 0 0 0 0 0 0 0 0 0
0 0 0 0 0 0 0 0 0 0 0 0 3 0 0 0 0 0 0 0 0 0 1 0 0 0 0 0 0 0 0 0 0 0 0
0 0 0 0 0 0 0 0 0 0 0 0 0 0 0 0 0 0 0 0 0 1 0 0 0 0 0 4 0 0 0 0 0 0 0
0 0 0 0 0 0 0 0 0 0 0 0 0 0 0 0 0 0 0 0 0 0 0 0 0 0 0 0 0 0 0 0 0 0 0
0 0 0 0 0 0 0 0 0 1 0 0 0 0 0 0 0 0 0 0 0 0 0 0 0 0 0 0 0 0 0 0 0 0 0
0 0 0 0 0 0 0 0 0 0 0 0 0 0 0 0 0 0 0 0 0 0 0 0 0 0 0 0 0 0 0 0 0 0 0
0 0 0 0 0 0 0 0 0 0 0 0 0 0 0 0 0 0 0 0 0 0 0 0 0 0 0 0 0 0 0 0 0 0 0
0 0 0 0 0 0 0 0 0 0 0 0 0 0 0 0 0 0 0 0 0 0 0 0 0 0 0 0 0 0 0 0 0 0 0
0 0 0 0 0 0 0 0 0 0 0 0 0 0 2 0 0 0 0 0 0 0 0 0 0 0 0 0 0 0 0 0 0 0 0
0 0 0 0 0 0 0 0 0 0 0 0 0 0 0 0 0 0 0 0 0 0 0 0 0 0 0 0 0 0 0 0 0 0 0
0 0 0 0 0 0 0 0 0 0 0 0 0 0 0 0 0 0 0 0 0 0 0 0 0 0 0 0 0 0 0 0 0 0 0
0 0 0 0 0 0 0 0 0 0 0 0 0 0 0 0 0 0 0 0 0 0 0 0 0 0 0 0 0 0 0 0 0 0 0
0 0 0 0 0 0 0 0 0 0 0 0 0 0 0 0 0 0 0 0 0 0 0 0 0 0 0 0 0 0 0 0 0 0 0
0 0 0 0 0 0 0 0 0 0 0 0 0 0 0 0 0 0 0 0 0 0 0 0 0 0 0 0 0 0 0 0 0 0 0
0 0 0 0 0 0 0 0 0 0 0 0 0 0 0 0 0 0 0 0 0 0 0 0 0 0 0 0 0 0 0 0 0 0 0
0 0 0 0 0 0 0 0 0 0 0 0 0 0 0 0 0 0 0 0 0 0 0 0 0 0 0 0 0 0 0 0 0 0 0
0 0 0 0 0 0 1 0 0 0 0 0 0 0 0 0 0 0 0 0 0 0 1 1 0 0 0 0 0 0 0 0 0 0 0
0 0 0 0 0 0 0 0 0 0 0 0 0 0 0 0 0 0 0 0 0 0 0 0 0 0 0 0 0 0 0 0 0 0 0
0 0 0 0 0 0 0 0 0 0 0 0 0 0 0 0 0 0 0 0 0 0 0 0 0 0 0 1 0 0 0 0 0 0 0
0 0 0 0 0 0 0 0 0 0 0 0 0 0 0 0 0 0 0 0 0 0 0 0 0 0 0 0 0 0 0 0 0 0 0
0 0 0 0 0 0 0 0 0 0 0 0 0 0 0 0 0 0 0 0 0 0 0 0 0 0 0 0 0 0 0 0 0 0 0
0 0 0 0 0 0 0 0 0 0 0 0 0 0 0 0 0 0 0 0 0 0 0 0 0 0 0 0 0 0 0 0 0 0 0
0 0 0 0 0 0 0 0 0 0 0 0 0 0 0 0 0 0 0 0 0 0 0 0 0 0 0 0 0 0 0 0 0 0 0
0 0 0 0 0 0 0 0 0 0 0 0 0 0 0 0 0 0 0 0 0 0 0 0 0 0 0 0 0 0 0 0 0 0 0
0 0 0 0 0 0 0 0 0 0 0 0 0 0 0 0 0 0 0 0 0 0 0 0 0 0 0 0 0 0 0 0 0 0 0
0 0 0 0 0 0 0 0 0 0 0 0 0 0 0 0 0 0 0 0 0 0 0 0 0 0 0 0 0 0 0 0 0 0 0
0 0 0 0 0 0 0 0 0 0 0 0 0 0 0 0 0 0 0 0 0 0 0 0 0 0 0 0 0 0 0 0 0 0 0
0 0 0 0 0 0 5 0 4 0 0 1 0 0 0 0 0 0 0 2 0 4 0 2 0 0 0 0 0 0 0 0 0 0 0
0 0 0 0 4 0 0 0 0 0 2 0 0 0 0 0 0 3 0 1 0 1 0 1 0 0 0 0 0 3 0 0 0 0 0
0 0 0 0 0 0 0 0 0 0 3 0 0 0 1 0 3 0 0 1 0 0 0 0 0 0 0 7 0 0 0 0 0 0 0
0 0 0 0 3 0 3 0 1 0 1 0 3 1 0 4 0 0 0 0 0 0 0 0 0 0 5 0 0 4 0 0 0 0 0
0 0 0 0 1 0 0 0 0 2 0 0 0 0 0 0 0 0 4 0 0 0 3 2 4 0 0 0 0 0 0 0 0 0 0
0 0 0 0 0 0 0 0 0 0 0 0 1 0 1 0 1 0 0 0 1 0 0 0 1 0 1 0 1 0 0 0 0 0 0
0 0 0 0 0 0 0 0 0 0 0 0 0 0 0 0 0 0 0 0 0 0 0 0 0 0 0 0 0 0 0 0 0 0 0
0 0 0 0 0 0 0 0 0 0 0 0 0 0 0 0 0 0 0 0 0 0 0 0 0 0 0 0 0 0 0 0 0 0 0

I cap
1058.909090909091 1058.909090909091 1025.609090909091 970.259090909091 1158.14 1123.898 942.8780000000002 975.6899999999998 670.6099999999999 772.5419999999999 797.9760000000001 694.482 153.03600000000003 656.4 680.4900000000001 771.3590909090913 703.8590909090913 760.397090909091 858.1010909090911 797.603090909091 689.9630909090909 514.5710909090909 333.2210909090908 526.649090909091 463.23509090909107 271.85909090909104 397.08509090909104 288.79709090909085 444.6950909090909 557.7170909090909 852.8090909090911 877.0010909090911 953.105090909091 1058.909090909091 672.0
107.96969696969697 107.96969696969697 74.66969696969696 63.41969696969696 58.66000000000001 81.70199999999998 53.42199999999998 34.31 56.99000000000001 87.658 95.724 107.318 30.963999999999988 76.4 18.109999999999992 22.91969696969696 22.91969696969696 52.78169696969697 80.17769696969697 75.87569696969697 52.655696969696976 62.44769696969696 36.07769696969696 83.12969696969697 75.44369696969697 69.71969696969697 69.59369696969696 49.18169696969695 56.18369696969696 55.66169696969697 67.46969696969697 68.47769696969695 73.37369696969697 107.96969696969697 84.0
38.96666666666666 38.96666666666666 38.96666666666666 38.96666666666666 44.099999999999994 17.3925 4.092499999999995 1.2925000000000004 4.485000000000005 27.792500000000004 13.092499999999998 5.392499999999999 5.599999999999999 17.499999999999996 12.599999999999998 13.166666666666664 6.266666666666666 12.566666666666663 25.766666666666662 38.96666666666666 10.226666666666663 10.226666666666663 5.546666666666663 0.5666666666666629 0.5666666666666629 13.166666666666664 32.666666666666664 6.266666666666666 6.266666666666666 12.566666666666663 38.96666666666666 38.96666666666666 38.96666666666666 38.96666666666666 23.8
45.24545454545453 45.24545454545453 43.92245454545453 42.03245454545453 30.975 8.882999999999985 0.9359999999999931 7.607999999999993 4.983000000000008 40.804 27.980999999999998 23.212999999999994 21.012000000000008 29.591 26.782000000000004 41.00645454545453 41.31245454545453 36.96545454545453 21.30545454545453 23.57345454545453 11.999454545454526 9.920454545454529 17.480454545454524 24.84245454545453 34.79645454545452 33.25745454545452 34.85945454545453 35.97545454545453 39.01745454545453 42.03245454545453 42.59945454545453 42.78845454545453 43.481454545454525 45.24545454545453 42.0
20.999999999999993 20.999999999999993 20.432999999999993 20.162999999999993 0.03899999999999881 7.591000000000003 0.7030000000000043 14.963999999999999 13.901 20.299999999999997 15.07 12.181000000000001 1.0590000000000028 16.335000000000004 14.747000000000003 17.858999999999995 17.858999999999995 6.212999999999994 5.429999999999995 0.7589999999999941 7.454999999999995 0.29099999999999066 3.8009999999999944 6.401999999999997 12.431999999999995 11.819999999999993 15.545999999999994 16.84199999999999 17.390999999999995 8.966999999999999 9.191999999999997 9.254999999999995 20.29799999999999 20.999999999999993 21.0
345.75757575757575 345.75757575757575 345.75757575757575 309.75757575757575 184.35294117647058 209.42647058823528 218.60005882352945 224.71652941176475 254.47300000000013 156.71076470588235 160.41311764705884 189.9781176470588 299.415 257.4098823529412 255.1850588235294 151.11139928698748 200.30063458110513 206.82722281639923 197.09398752228157 250.41263458110518 286.47563458110517 299.4435757575758 227.72151693404632 274.42410516934046 273.49604634581107 294.6111051693405 40.66763458110517 135.75581105169334 128.0957522281639 291.74010516934044 257.7921051693404 303.43057575757575 342.16657575757574 345.75757575757575 245.0
779.7575757575758 779.7575757575758 764.4485757575758 357.24357575757574 303.0 364.879 407.32000000000005 431.155 577.732 615.52 582.722 461.711 163.1049999999998 551.752 302.573 360.7265757575757 702.9515757575757 702.1595757575758 685.7165757575758 504.83457575757564 552.4715757575757 615.8585757575757 544.3445757575757 608.1365757575757 547.6655757575757 107.79957575757578 145.3205757575756 570.7595757575758 248.03757575757572 378.3125757575757 694.9055757575758 714.6065757575758 752.4875757575758 779.7575757575758 630.0
80.73333333333335 80.73333333333335 79.97733333333335 77.81733333333335 58.152 77.86800000000004 74.11800000000004 81.23000000000002 78.07200000000002 80.08 70.56000000000002 86.23300000000002 90.544 95.109 87.168 79.41033333333336 79.41033333333336 76.29633333333337 58.33533333333335 59.63433333333335 71.88633333333337 67.52733333333339 53.87733333333334 53.871333333333375 51.35133333333336 58.452333333333364 72.28533333333337 76.00833333333337 76.27833333333336 78.24933333333335 78.65433333333335 78.84333333333336 79.48233333333336 80.73333333333335 48.300000000000004
10.775757575757575 10.775757575757575 9.830757575757575 4.790757575757575 0.8850000000000007 4.13 2.025999999999999 0.3699999999999988 0.34100000000000064 2.1609999999999996 0.026000000000000023 2.6249999999999996 1.7609999999999997 1.4210000000000016 0.7599999999999989 0.281757575757575 0.020757575757574642 1.4697575757575763 0.758757575757576 1.0107575757575755 1.8207575757575758 1.4697575757575763 0.758757575757576 2.1447575757575756 1.3617575757575746 2.9007575757575763 0.23675757575757483 0.011757575757575411 4.070757575757574 0.713757575757576 0.2727575757575753 4.079757575757576 9.920757575757575 10.775757575757575 8.4
2.545454545454545 2.545454545454545 2.545454545454545 1.735454545454545 1.5039999999999998 0.6439999999999999 0.018999999999999462 0.07499999999999996 0.3429999999999995 0.2909999999999999 0.6669999999999996 0.1579999999999998 0.3739999999999998 0.31799999999999995 0.777 0.08845454545454468 0.5474545454545447 0.06145454545454465 0.30445454545454465 0.007454545454544714 0.2234545454545449 0.30445454545454465 0.30445454545454465 1.222454545454545 0.0884545454545449 0.5474545454545447 0.19645454545454466 0.3854545454545446 0.6554545454545447 1.033454545454545 1.2224545454545448 1.4114545454545446 1.9784545454545448 2.545454545454545 2.8000000000000003
8.515433299825174 8.515433299825174 8.515433299825174 6.963709161894139 5.03677781609195 3.6582184392014465 2.8600449401088923 4.950120670598909 7.628103863883849 7.913753741379312 8.400900606170604 6.415802376588021 4.4205215517241365 3.3981196551724095 4.366055793103445 4.235748293103445 6.040244672413794 6.390383475499092 5.82366953720508 4.422275521778584 2.974811295990759 4.687727122504539 5.2492913230489995 4.491993901088929 5.317783418027828 2.623142058983665 2.647972086206893 5.0477205344827585 4.2568256896551695 3.751293793103447 8.295399827586209 8.815752586206898 7.811086206896552 8.024766408045977 11.315375057471266
700.0 700.0 700.0 698.2 692.8000000000001 689.2000000000002 682.0000000000003 688.3000000000003 685.6000000000003 682.9000000000002 684.7000000000002 684.7000000000002 679.3000000000004 683.8000000000003 683.8000000000003 685.6000000000003 683.8000000000002 688.3000000000001 686.5 685.6000000000001 687.4000000000002 682.9000000000002 678.4000000000003 684.7000000000004 685.6000000000004 682.0000000000005 688.3000000000003 680.2000000000004 686.5000000000002 682.9000000000002 691.9000000000001 695.5000000000001 697.3 700.0 698.2

H cap
8.75 -1.75 26.25 1.75 43.75 5.25 26.25 33.25 1.75 5.25 8.75 8.75 22.75 54.25 64.75 22.75 1.75 -1.75 1.75 -5.25 26.25 5.25 5.25 36.75 5.25 -36.75 15.75 131.25 131.25 131.25 131.25 131.25 131.25 131.25 131.25
0.5 -2.5 0.5 -2.5 11.5 1.5 1.5 -1.5 0.0 -1.0 3.5 0.5 0.5 -0.5 10.5 1.0 -1.0 -3.0 0.0 0.5 -11.0 1.0 0.0 -19.0 -0.5 -6.5 4.5 52.5 52.5 52.5 52.5 52.5 52.5 52.5 52.5
52.5 52.5 38.5 35.0 49.0 45.5 52.5 49.0 28.0 31.5 38.5 42.0 56.0 56.0 56.0 49.0 45.5 42.0 31.5 31.5 42.0 42.0 42.0 38.5 42.0 49.0 52.5 63.0 63.0 63.0 63.0 63.0 63.0 63.0 63.0
0.75 -3.75 3.75 -3.25 0.75 -7.25 0.25 -2.25 8.25 -2.25 0.25 -1.75 0.75 -1.75 0.75 -10.25 0.75 -0.25 1.25 0.25 0.25 -1.25 0.25 -0.25 1.25 -15.75 9.75 78.75 78.75 78.75 78.75 78.75 78.75 78.75 78.75

Gap
0.03686560652915134

Time
1560.0007421970367

