T P M C
62 37 4 12

base obj
18702.804106408803

exp obj
18545.804106408803

Objective struct
102.18899703947767 18804.99310344828 48.0 205.0

num campaigns
328

x
0 0 0 0 1 0 0 0 1 0 0 0 1 0 0 1 0 1 0 1 0 1 0 1 0 1 0 1 0 1 0 1 0 1 0 0 0 0 0 0 0 0 0 0 0 0 0 0 0 0 0 0 0 0 0 0 0 0 0 0 0 0
0 0 0 0 0 0 0 1 0 0 0 0 0 0 0 0 0 0 0 0 0 0 0 0 0 0 0 0 0 0 0 0 0 0 0 1 0 0 0 0 0 0 0 0 0 0 0 0 1 0 0 1 0 0 1 0 0 0 0 0 0 0
0 0 0 0 0 0 1 0 1 0 1 0 1 0 0 1 0 0 0 0 0 0 0 1 0 0 1 0 1 0 1 0 0 0 1 0 1 0 1 0 1 0 0 0 0 0 0 0 0 0 0 0 0 0 0 0 0 0 0 0 0 0
0 0 0 0 0 0 0 0 0 1 0 0 0 0 1 0 0 0 0 0 0 1 0 1 0 0 0 0 0 0 0 1 0 1 0 1 0 0 0 1 0 0 0 1 0 0 0 1 0 0 0 0 0 1 0 0 0 0 0 0 0 0
0 0 0 0 0 1 0 0 0 1 0 0 0 1 1 1 1 0 0 0 0 1 0 1 1 0 0 0 0 0 0 0 0 0 0 1 1 0 0 0 0 0 1 1 1 1 1 0 0 1 0 0 0 0 0 0 0 0 0 0 0 0
0 0 0 0 0 1 0 0 0 1 0 0 0 1 0 0 1 0 0 0 0 0 0 0 0 0 0 1 0 1 0 0 0 0 0 0 0 1 0 1 0 1 0 0 0 0 0 0 1 0 0 0 1 0 0 1 0 0 0 0 0 0
0 0 0 0 0 0 0 0 0 0 0 0 0 0 0 0 0 0 0 0 0 0 1 0 0 0 0 0 0 0 0 0 0 0 2 2 1 0 0 0 0 0 0 0 0 1 1 0 0 1 1 1 0 1 0 0 0 0 0 0 0 0
0 0 0 0 1 0 0 0 0 0 0 0 0 0 0 0 0 1 0 0 0 0 0 0 0 0 0 0 0 0 1 0 0 0 0 0 0 0 0 0 0 0 0 0 0 0 0 0 0 0 0 0 0 0 0 0 1 0 0 0 0 0
0 0 0 0 0 0 0 0 0 0 0 0 0 0 0 0 0 0 0 0 0 0 0 0 0 0 0 0 0 0 0 0 0 0 0 0 0 0 0 0 0 0 0 0 0 0 0 0 0 0 0 0 0 0 0 0 0 0 0 0 0 0
0 0 0 0 0 0 0 1 0 1 1 1 0 1 0 0 0 1 1 1 0 1 0 1 1 1 1 1 0 0 0 0 0 1 0 1 0 1 0 0 1 1 1 0 0 1 1 0 1 1 1 1 1 0 1 0 1 0 0 0 0 0
0 0 0 0 0 0 0 0 0 0 1 0 0 1 0 0 0 0 0 0 0 1 0 0 0 0 0 0 0 0 0 0 0 0 0 0 0 0 0 0 0 0 0 1 0 0 0 0 0 0 0 0 0 0 0 0 0 0 0 0 0 0
0 0 0 0 0 0 0 0 0 0 0 0 0 0 0 0 0 0 0 0 0 0 0 0 0 0 0 0 0 0 0 0 0 0 0 0 0 0 0 0 0 0 0 0 0 0 0 0 0 0 0 0 0 0 0 0 0 0 0 0 0 0
0 0 0 0 0 0 0 0 0 0 0 0 0 0 0 0 0 0 0 0 0 0 0 0 0 0 0 0 0 0 0 0 0 0 0 0 1 0 0 0 0 0 0 0 0 0 0 0 0 0 0 0 0 0 0 0 0 0 0 0 0 0
0 0 0 0 0 0 0 0 0 0 0 0 0 0 0 0 0 0 0 0 0 0 0 0 0 0 0 0 0 0 0 1 0 0 0 0 0 0 0 0 0 0 0 0 0 0 0 0 0 0 0 0 0 0 0 0 0 0 0 0 0 0
0 0 0 0 0 0 1 0 0 0 0 1 0 0 0 0 0 0 0 1 0 0 0 0 0 1 0 0 0 0 0 0 0 0 0 0 0 0 1 0 0 0 0 1 0 0 0 0 0 0 0 0 0 0 0 0 1 0 0 0 0 0
0 0 0 0 0 0 0 0 0 0 0 0 0 0 1 0 0 0 0 0 0 0 0 0 0 0 0 0 0 0 0 0 0 0 0 0 0 0 0 0 0 0 0 0 0 0 0 0 0 0 0 0 0 0 0 0 0 0 0 0 0 0
0 0 0 0 0 0 0 0 0 0 0 0 0 0 0 0 0 0 0 0 0 0 0 0 0 0 0 0 0 0 0 0 0 0 0 0 0 0 0 0 0 0 0 0 0 0 0 0 0 0 0 0 0 0 0 0 0 0 0 0 0 0
0 0 0 0 0 0 0 0 0 0 0 0 0 0 0 0 0 0 0 0 0 0 0 0 0 0 0 0 0 0 0 0 0 0 0 0 0 0 0 0 0 0 0 0 0 0 0 0 0 0 0 0 0 0 0 0 0 0 0 0 0 0
0 0 0 0 0 0 0 1 0 0 0 0 0 0 0 0 0 0 0 0 0 0 0 0 0 0 0 0 0 0 0 0 0 0 0 0 0 0 0 0 0 0 0 0 0 0 0 0 0 0 0 0 0 0 0 0 0 0 0 0 0 0
0 0 0 0 0 0 0 0 0 0 0 0 0 0 0 0 0 0 0 0 1 0 0 0 0 0 0 0 0 0 0 0 0 0 0 0 0 0 0 0 0 0 0 0 0 0 0 0 0 0 0 0 0 1 0 0 0 0 0 0 0 0
0 0 0 0 0 0 0 0 0 0 0 0 0 0 0 0 0 0 0 0 0 0 1 1 0 0 0 0 0 0 0 0 0 0 0 0 1 0 0 0 0 0 0 0 0 1 2 0 0 0 0 0 1 1 0 0 0 0 0 0 0 0
0 0 0 0 0 0 0 0 0 0 0 0 0 0 0 0 0 0 0 0 0 0 0 0 0 0 0 0 0 0 0 0 0 0 0 0 0 0 0 0 0 0 0 0 0 0 0 0 0 0 0 0 0 0 0 0 0 0 0 0 0 0
0 0 0 0 0 0 0 0 0 0 0 0 0 0 0 0 0 0 0 0 0 0 0 0 0 0 0 0 0 0 0 0 0 0 0 0 0 0 0 0 0 0 0 0 0 0 0 0 0 0 0 0 0 0 0 0 0 0 0 0 0 0
0 0 0 0 0 0 0 0 0 0 0 0 0 0 0 0 0 0 0 0 0 0 0 0 0 0 0 0 0 0 0 0 0 0 0 0 0 0 0 0 0 0 0 0 0 0 0 0 0 0 0 0 0 0 0 0 0 0 0 0 0 0
0 0 0 0 0 0 0 0 0 0 0 0 0 0 0 0 0 0 0 0 0 0 0 0 0 0 0 0 0 0 0 0 0 0 0 0 0 0 0 0 0 0 0 0 0 0 0 0 0 0 0 0 0 0 0 0 0 0 0 0 0 0
0 0 0 0 0 0 1 0 0 0 0 0 0 1 0 0 0 0 0 0 0 1 0 0 0 0 0 0 0 0 0 1 0 0 0 0 0 0 1 0 0 0 0 0 0 1 0 0 0 0 1 0 0 0 1 0 0 0 0 0 0 0
0 0 0 0 0 0 0 0 0 0 1 0 0 0 0 0 0 0 0 0 0 1 0 0 0 0 0 0 1 0 0 0 1 0 0 0 0 0 1 0 0 0 1 0 1 0 1 0 1 0 0 1 0 0 0 0 0 0 0 0 0 0
0 0 0 0 0 0 0 0 0 0 0 0 0 0 0 0 0 0 0 0 0 0 0 0 0 0 0 0 0 0 0 0 1 0 0 0 0 0 0 0 0 0 0 0 0 0 0 0 0 0 0 0 0 0 1 0 0 0 0 0 0 0
0 0 0 0 0 0 0 0 0 0 0 0 0 0 0 0 0 0 0 0 0 0 0 0 0 0 0 0 0 0 0 0 0 0 0 0 0 0 0 0 0 0 0 0 0 0 0 0 0 0 0 0 0 0 0 0 0 0 0 0 0 0
0 0 0 0 0 0 0 0 0 0 0 0 0 0 0 0 0 0 0 0 0 0 0 1 0 0 0 0 0 0 0 0 0 0 0 0 0 0 0 0 0 0 0 0 0 0 0 0 0 0 0 0 1 0 0 0 0 0 0 0 0 0
0 0 0 0 0 0 0 0 0 0 0 0 0 0 0 0 0 0 0 0 0 0 0 1 0 0 0 0 0 0 0 0 0 0 0 0 0 0 0 0 0 0 0 0 0 1 0 0 0 0 0 0 0 0 0 0 0 0 0 0 0 0
0 0 0 0 1 1 0 1 0 1 1 1 0 1 0 1 1 0 0 0 1 0 1 1 1 1 1 1 1 0 0 1 2 4 1 1 3 0 0 0 0 0 3 0 0 2 6 0 0 4 1 1 2 0 1 0 1 0 0 0 0 0
0 0 0 0 1 1 2 3 2 2 2 2 2 2 3 3 2 0 2 2 2 2 2 3 1 1 0 2 2 1 0 2 5 3 5 2 6 2 0 0 0 0 6 0 0 7 2 0 0 5 2 2 2 2 2 0 2 0 0 0 0 0
0 0 0 0 0 0 0 0 0 0 0 0 0 0 0 0 0 0 0 0 0 0 0 0 0 0 0 0 0 0 0 0 0 1 0 0 0 0 0 0 0 0 0 0 0 0 0 0 0 0 0 0 1 0 0 0 0 0 0 0 0 0
0 0 0 0 0 0 0 0 0 0 0 0 0 0 0 1 0 0 0 0 0 0 0 0 0 0 0 0 0 0 0 0 0 0 0 0 0 0 0 0 0 0 0 0 0 0 0 0 0 0 0 0 1 0 0 0 0 0 0 0 0 0
0 0 0 0 0 0 0 0 0 0 0 0 0 0 0 0 0 0 0 0 0 0 0 0 0 0 0 0 0 0 0 0 0 0 0 0 0 0 0 0 0 0 0 0 0 0 0 0 0 0 0 0 0 0 0 0 0 0 0 0 0 0
0 0 0 0 0 0 0 0 0 0 0 0 0 0 0 0 0 0 0 0 0 0 0 0 0 0 0 0 0 0 0 0 0 0 0 0 0 0 0 0 1 0 0 0 1 0 0 1 0 0 1 0 0 0 1 0 0 0 0 0 0 0

k
0 7 0 0 0 0 0 0 2 0 1 4 11 10 0 0 6 3 24 0 4 6 4 10 6 0 0 0 21 50 50 2 0 50 50 52 1

f
0.0 19.25 0.0 0.0 0.0 0.0 0.0 0.0 0.0 0.0 0.0 0.0 0.0 29.75 0.0 0.0 0.0 0.0 1.75 0.0 0.0 5.25 5.25 0.0 0.0 0.0 19.25 0.0 0.0 0.0 0.0 0.0 0.0 0.0 0.0 0.0 0.0 0.0 0.0 0.0 0.0 0.0 0.0 0.0 0.0 0.0 0.0 0.0 0.0 0.0 0.0 0.0 19.25 0.0 0.0 0.0 0.0 0.0 0.0 0.0 0.0 0.0
0.0 0.0 0.0 0.0 0.0 0.0 0.0 0.0 0.0 0.0 0.0 0.0 0.0 0.0 0.0 0.0 0.0 0.0 0.0 0.0 0.0 0.0 0.0 0.0 0.0 0.0 0.0 0.0 0.0 8.0 8.5 0.0 11.5 0.0 0.0 0.0 0.0 0.0 0.0 0.0 0.0 0.0 22.5 0.0 0.0 0.0 4.5 0.0 0.0 0.0 0.0 0.0 0.0 0.0 0.0 0.0 0.0 0.0 0.0 0.0 0.0 0.0
0.0 0.0 0.0 0.0 0.0 0.0 0.0 0.0 0.0 0.0 0.0 0.0 0.0 0.0 0.0 0.0 0.0 0.0 0.0 0.0 0.0 0.0 0.0 0.0 0.0 0.0 0.0 0.0 0.0 0.0 0.0 0.0 0.0 0.0 0.0 0.0 0.0 0.0 0.0 0.0 0.0 0.0 0.0 0.0 0.0 0.0 0.0 0.0 0.0 0.0 0.0 0.0 0.0 0.0 0.0 0.0 0.0 0.0 0.0 0.0 0.0 0.0
0.0 0.0 0.75 1.75 0.0 0.75 0.25 5.25 5.75 2.75 0.75 0.0 0.0 0.0 0.0 2.75 2.25 0.0 0.0 0.0 0.0 5.25 12.25 1.25 3.25 0.0 0.0 0.25 0.0 0.0 0.0 0.0 0.0 0.0 13.25 5.75 0.0 4.25 0.0 0.0 7.75 0.0 0.0 0.0 7.25 0.0 0.0 5.75 0.0 0.0 3.25 5.25 2.25 0.0 0.0 0.0 0.0 0.0 0.0 0.0 0.0 0.0

L
2 3 2 2 1 2 0 13 0 1 3 0 0 0 5 0 0 0 0 33 0 0 0 0 0 4 2 22 0 29 22 0 0 19 37 0 3

g
0 0 0 0 0 0 0 0 0 0 0 0 0 0 0 0 0 0 0 0 0 0 0 0 0 0 0 0 0 0 0 0 0 0 0 0 0 0 0 0 0 0 0 0 0 0 0 0 0 0 0 0 0 0 0 0 0 0 0 0 0 0
0 0 0 0 0 0 0 0 0 0 0 0 0 0 0 0 0 0 0 0 0 0 0 0 0 0 0 0 0 0 0 0 0 0 0 0 0 0 0 0 0 0 0 0 0 0 0 0 0 0 0 0 0 0 0 0 0 0 0 0 0 0
0 0 0 0 0 0 0 0 0 0 0 0 0 0 0 0 0 0 0 0 0 0 0 0 0 0 0 0 0 0 0 0 0 0 0 0 0 0 0 0 0 0 0 0 0 0 0 0 0 0 0 0 0 0 0 0 0 0 0 0 0 0
0 0 0 0 0 0 0 0 0 0 0 0 0 0 0 0 0 0 0 0 0 0 0 0 0 0 0 0 0 0 0 0 0 0 0 0 0 0 0 0 0 0 0 0 0 0 0 0 0 0 0 0 0 0 0 0 0 0 0 0 0 0
0 0 0 0 0 0 0 0 0 0 0 0 0 0 0 0 0 0 0 0 0 0 0 0 0 0 0 0 0 0 0 0 0 0 0 0 0 0 0 0 0 0 0 0 0 0 0 0 0 0 0 0 0 0 0 0 0 0 0 0 0 0
0 0 0 0 0 0 0 0 0 0 0 0 0 0 0 0 0 0 0 0 0 0 0 0 0 0 0 0 0 0 0 0 0 0 0 0 0 0 0 0 0 0 0 0 0 0 0 0 0 0 0 0 0 0 0 0 0 0 0 0 0 0
0 0 0 0 0 0 0 0 0 0 0 0 0 0 0 0 0 0 0 0 0 0 0 0 0 0 0 0 0 0 0 0 0 0 1 1 0 0 0 0 0 0 0 0 0 0 0 0 0 0 0 0 0 0 0 0 0 0 0 0 0 0
0 0 0 0 0 0 0 0 0 0 0 0 0 0 0 0 0 0 0 0 0 0 0 0 0 0 0 0 0 0 0 0 0 0 0 0 0 0 0 0 0 0 0 0 0 0 0 0 0 0 0 0 0 0 0 0 0 0 0 0 0 0
0 0 0 0 0 0 0 0 0 0 0 0 0 0 0 0 0 0 0 0 0 0 0 0 0 0 0 0 0 0 0 0 0 0 0 0 0 0 0 0 0 0 0 0 0 0 0 0 0 0 0 0 0 0 0 0 0 0 0 0 0 0
0 0 0 0 0 0 0 0 0 0 0 0 0 0 0 0 0 0 0 0 0 0 0 0 0 0 0 0 0 0 0 0 0 0 0 0 0 0 0 0 0 0 0 0 0 0 0 0 0 0 0 0 0 0 0 0 0 0 0 0 0 0
0 0 0 0 0 0 0 0 0 0 0 0 0 0 0 0 0 0 0 0 0 0 0 0 0 0 0 0 0 0 0 0 0 0 0 0 0 0 0 0 0 0 0 0 0 0 0 0 0 0 0 0 0 0 0 0 0 0 0 0 0 0
0 0 0 0 0 0 0 0 0 0 0 0 0 0 0 0 0 0 0 0 0 0 0 0 0 0 0 0 0 0 0 0 0 0 0 0 0 0 0 0 0 0 0 0 0 0 0 0 0 0 0 0 0 0 0 0 0 0 0 0 0 0
0 0 0 0 0 0 0 0 0 0 0 0 0 0 0 0 0 0 0 0 0 0 0 0 0 0 0 0 0 0 0 0 0 0 0 0 0 0 0 0 0 0 0 0 0 0 0 0 0 0 0 0 0 0 0 0 0 0 0 0 0 0
0 0 0 0 0 0 0 0 0 0 0 0 0 0 0 0 0 0 0 0 0 0 0 0 0 0 0 0 0 0 0 0 0 0 0 0 0 0 0 0 0 0 0 0 0 0 0 0 0 0 0 0 0 0 0 0 0 0 0 0 0 0
0 0 0 0 0 0 0 0 0 0 0 0 0 0 0 0 0 0 0 0 0 0 0 0 0 0 0 0 0 0 0 0 0 0 0 0 0 0 0 0 0 0 0 0 0 0 0 0 0 0 0 0 0 0 0 0 0 0 0 0 0 0
0 0 0 0 0 0 0 0 0 0 0 0 0 0 0 0 0 0 0 0 0 0 0 0 0 0 0 0 0 0 0 0 0 0 0 0 0 0 0 0 0 0 0 0 0 0 0 0 0 0 0 0 0 0 0 0 0 0 0 0 0 0
0 0 0 0 0 0 0 0 0 0 0 0 0 0 0 0 0 0 0 0 0 0 0 0 0 0 0 0 0 0 0 0 0 0 0 0 0 0 0 0 0 0 0 0 0 0 0 0 0 0 0 0 0 0 0 0 0 0 0 0 0 0
0 0 0 0 0 0 0 0 0 0 0 0 0 0 0 0 0 0 0 0 0 0 0 0 0 0 0 0 0 0 0 0 0 0 0 0 0 0 0 0 0 0 0 0 0 0 0 0 0 0 0 0 0 0 0 0 0 0 0 0 0 0
0 0 0 0 0 0 0 0 0 0 0 0 0 0 0 0 0 0 0 0 0 0 0 0 0 0 0 0 0 0 0 0 0 0 0 0 0 0 0 0 0 0 0 0 0 0 0 0 0 0 0 0 0 0 0 0 0 0 0 0 0 0
0 0 0 0 0 0 0 0 0 0 0 0 0 0 0 0 0 0 0 0 0 0 0 0 0 0 0 0 0 0 0 0 0 0 0 0 0 0 0 0 0 0 0 0 0 0 0 0 0 0 0 0 0 0 0 0 0 0 0 0 0 0
0 0 0 0 0 0 0 0 0 0 0 0 0 0 0 0 0 0 0 0 0 0 0 0 0 0 0 0 0 0 0 0 0 0 0 0 0 0 0 0 0 0 0 0 0 0 1 0 0 0 0 0 0 0 0 0 0 0 0 0 0 0
0 0 0 0 0 0 0 0 0 0 0 0 0 0 0 0 0 0 0 0 0 0 0 0 0 0 0 0 0 0 0 0 0 0 0 0 0 0 0 0 0 0 0 0 0 0 0 0 0 0 0 0 0 0 0 0 0 0 0 0 0 0
0 0 0 0 0 0 0 0 0 0 0 0 0 0 0 0 0 0 0 0 0 0 0 0 0 0 0 0 0 0 0 0 0 0 0 0 0 0 0 0 0 0 0 0 0 0 0 0 0 0 0 0 0 0 0 0 0 0 0 0 0 0
0 0 0 0 0 0 0 0 0 0 0 0 0 0 0 0 0 0 0 0 0 0 0 0 0 0 0 0 0 0 0 0 0 0 0 0 0 0 0 0 0 0 0 0 0 0 0 0 0 0 0 0 0 0 0 0 0 0 0 0 0 0
0 0 0 0 0 0 0 0 0 0 0 0 0 0 0 0 0 0 0 0 0 0 0 0 0 0 0 0 0 0 0 0 0 0 0 0 0 0 0 0 0 0 0 0 0 0 0 0 0 0 0 0 0 0 0 0 0 0 0 0 0 0
0 0 0 0 0 0 0 0 0 0 0 0 0 0 0 0 0 0 0 0 0 0 0 0 0 0 0 0 0 0 0 0 0 0 0 0 0 0 0 0 0 0 0 0 0 0 0 0 0 0 0 0 0 0 0 0 0 0 0 0 0 0
0 0 0 0 0 0 0 0 0 0 0 0 0 0 0 0 0 0 0 0 0 0 0 0 0 0 0 0 0 0 0 0 0 0 0 0 0 0 0 0 0 0 0 0 0 0 0 0 0 0 0 0 0 0 0 0 0 0 0 0 0 0
0 0 0 0 0 0 0 0 0 0 0 0 0 0 0 0 0 0 0 0 0 0 0 0 0 0 0 0 0 0 0 0 0 0 0 0 0 0 0 0 0 0 0 0 0 0 0 0 0 0 0 0 0 0 0 0 0 0 0 0 0 0
0 0 0 0 0 0 0 0 0 0 0 0 0 0 0 0 0 0 0 0 0 0 0 0 0 0 0 0 0 0 0 0 0 0 0 0 0 0 0 0 0 0 0 0 0 0 0 0 0 0 0 0 0 0 0 0 0 0 0 0 0 0
0 0 0 0 0 0 0 0 0 0 0 0 0 0 0 0 0 0 0 0 0 0 0 0 0 0 0 0 0 0 0 0 0 0 0 0 0 0 0 0 0 0 0 0 0 0 0 0 0 0 0 0 0 0 0 0 0 0 0 0 0 0
0 0 0 0 0 0 0 0 0 0 0 0 0 0 0 0 0 0 0 0 0 0 0 0 0 0 0 0 0 0 0 0 0 0 0 0 0 0 0 0 0 0 0 0 0 0 0 0 0 0 0 0 0 0 0 0 0 0 0 0 0 0
0 0 0 0 0 0 0 0 0 0 0 0 0 0 0 0 0 0 0 0 0 0 0 0 0 0 0 0 0 0 0 0 1 3 0 0 2 0 0 0 0 0 2 0 0 1 5 0 0 3 0 0 1 0 0 0 0 0 0 0 0 0
0 0 0 0 0 0 0 1 0 0 0 0 0 0 1 1 0 0 0 0 0 0 0 1 0 0 0 0 0 0 0 0 3 1 3 0 4 0 0 0 0 0 4 0 0 5 0 0 0 3 0 0 0 0 0 0 0 0 0 0 0 0
0 0 0 0 0 0 0 0 0 0 0 0 0 0 0 0 0 0 0 0 0 0 0 0 0 0 0 0 0 0 0 0 0 0 0 0 0 0 0 0 0 0 0 0 0 0 0 0 0 0 0 0 0 0 0 0 0 0 0 0 0 0
0 0 0 0 0 0 0 0 0 0 0 0 0 0 0 0 0 0 0 0 0 0 0 0 0 0 0 0 0 0 0 0 0 0 0 0 0 0 0 0 0 0 0 0 0 0 0 0 0 0 0 0 0 0 0 0 0 0 0 0 0 0
0 0 0 0 0 0 0 0 0 0 0 0 0 0 0 0 0 0 0 0 0 0 0 0 0 0 0 0 0 0 0 0 0 0 0 0 0 0 0 0 0 0 0 0 0 0 0 0 0 0 0 0 0 0 0 0 0 0 0 0 0 0
0 0 0 0 0 0 0 0 0 0 0 0 0 0 0 0 0 0 0 0 0 0 0 0 0 0 0 0 0 0 0 0 0 0 0 0 0 0 0 0 0 0 0 0 0 0 0 0 0 0 0 0 0 0 0 0 0 0 0 0 0 0

I cap
1069.1470588235295 1069.1470588235295 949.5870588235298 949.5870588235298 1093.8599999999979 805.7399999999967 659.8400000000073 649.0200000000083 515.0199999999949 390.65999999999394 396.4200000000033 462.64000000000283 611.5199999999908 324.27999999999736 242.14000000000783 318.9470588235321 380.9070588235313 392.8270588235346 475.52705882353473 529.0670588235381 638.8870588235382 232.5870588235261 367.0470588235354 167.6870588235397 432.78705882352705 428.8070588235307 532.3870588235362 422.6670588235313 349.84705882353563 420.1070588235361 446.68705882353277 304.22705882353716 348.4470588235398 414.3470588235309 58.87999999999782 20.220000000001193 181.7800000000003 345.6800000000001 275.8600000000079 279.3200000000029 282.2999999999992 336.6400000000016 370.9000000000055 444.0600000000011 472.2599999999994 287.24000000000217 259.36000000001076 471.4000000000076 470.2800000000043 614.280000000008 355.780000000004 302.0000000000083 560.0800000000052 685.1800000000026 657.8400000000015 740.8400000000029 865.2600000000027 861.2870588235293 926.2070588235299 974.3670588235295 1069.1470588235295 1069.1470588235295
108.08823529411765 108.08823529411765 67.64823529411765 67.64823529411765 78.14 77.25999999999995 70.16 31.979999999999805 59.97999999999999 67.33999999999993 11.580000000000204 13.360000000000284 28.479999999999826 11.719999999999857 15.859999999999914 15.288235294117698 45.32823529411739 9.40823529411783 1.308235294117324 1.7682352941172823 31.148235294117043 11.648235294117669 22.188235294117753 8.548235294117774 31.44823529411782 31.428235294117627 33.848235294117856 25.568235294117716 5.388235294117479 39.12823529411746 24.54823529411759 22.00823529411754 33.78823529411781 9.888235294117194 20.120000000000083 20.780000000000513 12.220000000000315 20.320000000000523 0.14000000000025992 44.68000000000036 37.60000000000031 4.260000000000495 5.000000000000547 29.940000000000083 54.63999999999976 7.660000000000287 2.5400000000007266 37.50000000000064 54.62000000000096 26.620000000000623 19.12000000000054 18.500000000000664 10.420000000000865 38.62000000000066 2.0600000000000556 8.060000000000112 5.640000000000182 37.948235294117964 68.02823529411778 71.86823529411765 108.08823529411765 108.08823529411765
39.405882352941184 39.405882352941184 39.405882352941184 39.405882352941184 44.099999999999994 42.0 41.3 31.5 32.900000000000006 32.2 30.799999999999997 29.400000000000002 24.5 36.4 31.5 39.405882352941184 39.405882352941184 39.405882352941184 14.47254901960785 14.47254901960785 23.27254901960785 39.405882352941184 24.739215686274527 10.07254901960786 10.072549019607854 24.73921568627452 39.405882352941184 39.40588235294119 39.40588235294119 39.40588235294119 39.405882352941184 39.405882352941184 39.405882352941184 39.40588235294119 23.8 18.9 3.533333333333333 8.433333333333335 12.633333333333331 30.799999999999997 37.8 39.900000000000006 46.900000000000006 46.2 43.400000000000034 26.633333333333333 1.500000000000048 7.100000000000014 15.46666666666671 46.2 49.00000000000003 24.066666666666666 12.899999999999986 3.533333333333344 21.76666666666671 37.833333333333385 53.90000000000003 39.405882352941184 39.405882352941184 39.405882352941184 39.405882352941184 39.405882352941184
45.35588235294117 45.35588235294117 43.25588235294117 43.25588235294126 32.96999999999999 39.23000000000013 35.900000000000226 34.66000000000042 28.96999999999996 30.889999999999933 26.819999999999744 21.11999999999988 20.609999999999946 23.799999999999905 19.44000000000005 37.15588235294108 34.37588235294134 33.76588235294103 33.66588235294115 33.66588235294128 38.055882352941246 36.085882352941105 31.035882352940956 25.585882352940875 32.215882352941016 33.0658823529411 33.065882352940996 29.655882352941013 28.735882352941285 31.345882352941196 29.705882352941103 33.30588235294128 35.9558823529414 34.18588235294149 30.06999999999999 26.499999999999687 25.88999999999974 27.22999999999984 29.280000000000182 42.5600000000002 21.070000000000157 26.42000000000037 32.95000000000038 37.750000000000284 36.420000000000314 35.930000000000334 26.66000000000034 26.990000000000155 27.470000000000415 33.94000000000043 37.30000000000022 33.23000000000039 33.01000000000037 44.27000000000034 35.780000000000484 32.48000000000018 35.52000000000012 38.73588235294119 42.60588235294118 44.025882352941174 45.35588235294117 45.35588235294117
20.97941176470588 20.97941176470588 20.13941176470588 20.13941176470588 13.61 21.609999999999985 17.330000000000126 17.11999999999996 12.729999999999986 11.989999999999924 15.09999999999989 17.09999999999994 15.529999999999959 19.07999999999996 12.870000000000026 16.329411764706006 14.57941176470591 15.159411764706002 16.72941176470606 16.729411764706008 18.419411764705828 16.8894117647059 18.63941176470578 10.859411764705914 11.639411764705843 12.31941176470592 15.319411764705908 13.359411764705962 12.359411764705953 14.369411764705935 12.829411764705915 13.249411764705954 16.32941176470601 16.52941176470592 16.540000000000155 16.840000000000057 13.440000000000053 14.670000000000092 13.010000000000119 11.220000000000068 5.069999999999984 11.44000000000011 12.060000000000153 19.470000000000073 18.36000000000013 14.310000000000088 13.020000000000064 13.009999999999986 19.530000000000005 15.379999999999994 15.380000000000019 15.730000000000079 14.390000000000095 14.570000000000093 16.04000000000017 14.46000000000003 15.860000000000081 18.419411764705906 19.70941176470588 20.40941176470588 20.97941176470588 20.97941176470588
347.11764705882354 347.11764705882354 343.1276470588235 310.1864705882353 184.00941176470573 228.42117647058808 225.83941176470597 216.73058823529428 195.40941176470625 189.8094117647069 114.53999999999986 138.48117647058834 191.29941176470618 214.65058823529452 147.20941176470535 232.47705882352884 259.0088235294113 263.64823529411785 260.5776470588232 223.636470588235 263.11823529411765 220.97705882352992 209.97705882352972 179.5776470588228 171.337647058824 169.20764705882448 173.2076470588229 171.33764705882353 215.14882352941007 280.04823529411607 265.136470588235 228.5658823529413 113.59470588235229 110.01999999999947 15.621764705882129 97.9676470588231 132.14235294117654 182.51176470588248 239.64000000000058 278.95999999999947 212.99000000000092 171.29647058823764 189.30176470588148 214.6417647058816 240.41764705882446 18.024117647059768 44.82470588235236 141.11352941176548 199.41529411764793 182.0111764705866 130.34176470588355 170.26882352941234 210.48176470588305 268.40000000000055 332.95058823529564 251.4694117647062 295.3105882352944 276.4182352941178 333.91764705882355 334.71764705882356 347.11764705882354 347.11764705882354
777.6176470588235 777.6176470588235 745.6976470588236 666.9476470588232 474.0800000000004 455.2300000000008 350.7800000000027 330.48000000000184 467.9599999999995 396.19000000000017 375.8899999999978 414.5900000000011 406.90999999999724 321.2700000000003 238.14000000000067 257.3376470588242 433.84764705881975 450.3276470588246 381.69764705882426 376.797647058823 413.7776470588248 367.6676470588253 319.5976470588227 317.6776470588224 502.50764705882176 589.4476470588213 498.09764705882435 305.5476470588218 344.3276470588236 467.7376470588244 356.60764705882536 55.29764705882371 72.43764705882359 69.95764705882311 13.989999999999213 7.479999999999791 121.83999999999509 548.459999999996 590.2199999999982 462.7099999999987 444.90999999999934 59.45999999999492 226.319999999998 590.8700000000026 11.399999999997817 11.79999999999859 465.0500000000008 556.9199999999997 163.85999999999723 120.6599999999969 328.90999999999985 349.3099999999997 303.9299999999981 343.69000000000045 527.1099999999981 335.55000000000064 446.3500000000014 713.3776470588238 715.9576470588236 747.0376470588235 777.6176470588235 777.6176470588235
80.27352941176471 80.27352941176471 78.80352941176471 78.80352941176471 67.38000000000005 85.42 78.28999999999998 82.47000000000003 80.44999999999999 83.75 74.84 83.34000000000002 91.64999999999999 90.52 82.33999999999999 73.72352941176472 70.64352941176472 72.49352941176474 73.45352941176469 73.45352941176473 76.12352941176471 75.38352941176473 76.18352941176472 72.67352941176472 73.37352941176472 73.88352941176471 73.88352941176471 70.17352941176475 70.4235294117647 70.01352941176471 69.87352941176472 71.41352941176476 73.72352941176473 71.52019607843141 40.263333333333314 64.0600000000004 72.45999999999994 69.59000000000012 69.39000000000007 70.68000000000004 62.88999999999993 64.30000000000001 67.81000000000003 83.51 80.7 84.11 76.52000000000002 70.80999999999999 65.50999999999996 64.41999999999975 64.42000000000002 59.51999999999976 51.38666666666652 59.94333333333322 56.4699999999997 50.16999999999981 53.43 76.54352941176471 77.83352941176472 79.51352941176471 80.27352941176471 80.27352941176471
10.788235294117648 10.788235294117648 9.738235294117647 9.738235294117647 3.4200000000000066 5.119999999999979 2.059999999999979 3.7699999999999987 5.660000000000001 1.5499999999999978 3.770000000000001 0.9700000000000033 2.0699999999999967 0.5699999999999976 0.7900000000000276 1.288235294117644 3.788235294117631 5.808235294117727 6.10823529411764 5.0082352941176325 6.208235294117682 4.75823529411768 2.5782352941176763 2.3582352941176694 7.158235294117678 6.058235294117662 7.158235294117678 7.158235294117676 3.9282352941176186 4.938235294117644 4.638235294117716 9.738235294117654 7.338235294117636 5.038235294117681 2.3400000000000025 6.25 2.160000000000001 4.260000000000006 0.5700000000000007 1.3699999999999974 0.07000000000001627 0.7599999999999953 5.270000000000001 4.470000000000019 1.8700000000000538 2.870000000000016 0.6900000000000395 5.940000000000043 3.3500000000000334 4.589999999999999 3.3300000000000187 8.149999999999991 2.790000000000015 2.5299999999999923 3.7699999999999845 4.009999999999956 2.610000000000051 6.1082352941176365 6.10823529411764 6.428235294117648 10.788235294117648 10.788235294117648
2.552941176470588 2.552941176470588 1.9229411764705882 1.9229411764705882 1.96 0.5599999999999999 0.2800000000000009 0.09000000000000019 1.4500000000000044 0.7500000000000007 1.5400000000000023 0.1399999999999999 0.5599999999999999 0.6300000000000002 0.8400000000000006 0.45294117647059096 1.08294117647059 0.45294117647059184 0.45294117647059096 0.4529411764705923 0.45294117647059273 0.45294117647059007 0.4529411764705932 0.45294117647059495 0.4529411764705905 0.45294117647059273 0.4529411764705963 0.45294117647059273 0.4529411764705936 0.4529411764705945 0.45294117647059007 0.4529411764705936 0.45294117647059184 1.08294117647059 0.07000000000000095 1.4200000000000017 0.5500000000000025 0.09000000000000052 1.6900000000000015 1.4 0.7999999999999998 0.10000000000000053 0.8000000000000007 1.4 0.10000000000000053 0.8000000000000007 0.10000000000000053 0.9400000000000046 0.04999999999999982 0.2899999999999998 0.4300000000000028 0.04999999999999982 0.2900000000000007 2.4300000000000006 0.04999999999999982 0.2899999999999998 0.2899999999999998 2.552941176470588 2.552941176470588 2.552941176470588 2.552941176470588 2.552941176470588
8.466732771830209 8.466732771830209 8.466732771830209 8.121905185623286 5.567065172413786 5.724153103448245 4.573305833333302 5.505353735632139 7.498733333333238 6.009731063218347 6.2783962068965025 6.103824137930992 6.065923678160884 4.191165632183865 4.121803074712583 3.2374151149424755 4.610934482758551 5.303843850574646 4.216682241379276 4.027239224137884 4.823147481713667 4.411804540229854 4.255431811857186 2.651313303085251 3.6186001149425024 4.207325517241324 3.5841791379309473 5.4684103448275225 6.579756551724078 6.817902816091885 7.36436517241369 4.62552270114936 3.443269770114899 2.7425821551723306 7.056754022988217 7.459433103448079 1.771152988505702 5.531757241379213 6.1903417241378556 6.6700841379310045 5.233063620689595 3.603326896551664 3.094941034482666 4.847759137930991 2.6758741379309807 1.521980919540214 2.4804949425286855 4.406791724137891 3.334718965517193 2.4808554597700914 4.722547241379256 3.9887389382939746 5.056810142165737 5.563049080459741 7.583235287356217 5.615150402298849 3.02166146551715 6.979376449991124 8.12535346148517 8.121905185623312 8.466732771830209 7.777077599416415
700.0 700.0 700.0 698.0 696.0 692.0 688.0 685.0 688.0 684.0 681.0 685.0 687.0 683.0 680.0 683.0 684.0 688.0 683.0 684.0 688.0 679.0 685.0 678.0 683.0 687.0 686.0 686.0 688.0 686.0 687.0 682.0 681.0 684.0 685.0 686.0 685.0 686.0 685.0 686.0 686.0 686.0 683.0 686.0 682.0 683.0 676.0 684.0 683.0 691.0 686.0 684.0 684.0 680.0 686.0 687.0 685.0 688.0 695.0 697.0 695.0 697.0

H cap
26.25 -19.25 22.75 12.25 12.25 1.75 15.75 19.25 5.25 1.75 8.75 1.75 12.25 -29.75 5.25 5.25 5.25 8.75 -1.75 5.25 5.25 -5.25 -5.25 12.25 5.25 15.75 -19.25 5.25 15.75 5.25 26.25 12.25 1.75 43.75 5.25 5.25 64.75 64.75 47.25 8.75 19.25 61.25 19.25 50.75 22.75 1.75 78.75 36.75 1.75 33.25 8.75 15.75 -19.25 15.75 131.25 131.25 131.25 131.25 131.25 131.25 131.25 131.25
36.5 26.5 29.0 19.0 19.0 18.5 10.5 12.0 20.0 19.0 16.0 11.5 15.0 24.5 26.5 20.5 22.5 18.0 16.0 6.5 4.5 18.5 21.0 21.0 17.0 28.0 35.0 23.5 7.0 -8.0 -8.5 2.5 -11.5 1.0 29.0 37.5 35.5 33.0 8.5 4.0 31.0 3.5 -22.5 9.0 32.0 3.5 -4.5 9.5 2.5 14.0 20.0 28.5 26.5 28.5 52.5 52.5 52.5 52.5 52.5 52.5 52.5 52.5
56.0 52.5 49.0 42.0 45.5 45.5 38.5 42.0 49.0 42.0 38.5 42.0 49.0 49.0 49.0 49.0 49.0 35.0 38.5 45.5 38.5 45.5 45.5 49.0 49.0 52.5 52.5 45.5 49.0 49.0 49.0 45.5 38.5 49.0 45.5 45.5 49.0 49.0 49.0 38.5 38.5 42.0 42.0 45.5 45.5 45.5 45.5 42.0 49.0 52.5 42.0 49.0 52.5 52.5 63.0 63.0 63.0 63.0 63.0 63.0 63.0 63.0
41.75 14.75 -0.75 -1.75 14.25 -0.75 -0.25 -5.25 -5.75 -2.75 -0.75 0.75 6.75 6.75 22.75 -2.75 -2.25 8.75 12.25 7.75 1.25 -5.25 -12.25 -1.25 -3.25 9.25 10.75 -0.25 0.75 8.25 7.75 23.25 1.75 1.25 -13.25 -5.75 0.25 -4.25 13.75 0.75 -7.75 0.75 3.75 2.75 -7.25 2.75 1.25 -5.75 0.75 14.75 -3.25 -5.25 -2.25 19.25 78.75 78.75 78.75 78.75 78.75 78.75 78.75 78.75

