T P M C
62 37 4 12

base obj
20661.29828360578

exp obj
20648.29828360578

Objective struct
99.46723363559948 20760.76551724138 87.0 100.0

num campaigns
326

x
0 0 0 0 0 0 0 1 0 0 0 0 0 0 1 0 0 0 0 0 0 0 0 0 1 1 1 0 0 0 1 1 0 0 0 0 0 0 1 0 0 0 0 0 0 1 1 0 0 1 0 0 0 0 0 1 1 0 0 0 0 0
0 0 0 0 1 0 0 0 0 0 0 1 0 0 0 0 0 0 0 0 0 0 0 0 0 0 0 0 0 0 0 0 0 0 0 0 0 0 0 0 0 0 0 0 0 0 0 0 1 0 0 0 0 0 0 0 0 0 0 0 0 0
0 0 0 0 0 0 1 1 0 0 0 0 1 0 0 1 0 1 0 0 0 0 1 0 0 0 1 0 0 0 0 0 0 1 0 0 0 0 0 0 0 0 1 0 0 0 0 0 1 0 1 0 0 1 0 1 0 0 0 0 0 0
0 0 0 0 1 0 1 1 0 0 0 1 0 0 0 0 0 1 0 0 0 1 0 0 0 0 0 1 0 0 0 0 0 0 0 0 0 0 1 0 0 0 0 0 0 0 0 0 0 1 0 0 0 1 1 0 0 0 0 0 0 0
0 0 0 0 0 0 1 0 0 1 0 1 1 0 0 1 1 1 0 0 0 0 0 1 0 0 0 0 0 0 0 0 1 1 1 1 0 0 0 0 1 0 0 0 0 0 0 2 0 0 0 0 1 1 0 0 0 0 0 0 0 0
0 0 0 0 0 0 0 0 0 0 0 1 0 0 0 0 0 0 1 1 1 1 0 0 0 0 0 1 1 1 0 0 0 0 0 0 0 0 0 0 0 1 0 1 0 0 0 0 0 0 1 0 0 0 1 0 0 0 0 0 0 0
0 0 0 0 0 0 1 0 0 0 0 0 0 0 0 0 2 0 0 0 0 0 0 1 0 0 0 0 0 0 0 0 0 0 0 3 1 0 0 0 0 0 0 0 0 0 0 1 0 0 0 0 2 0 0 0 0 0 0 0 0 0
0 0 0 0 1 0 0 0 0 0 0 0 0 0 1 0 0 0 0 0 0 0 1 0 0 0 0 0 0 0 1 0 0 0 0 0 0 0 0 0 0 0 0 0 0 0 0 0 0 0 0 0 0 0 0 0 0 0 0 0 0 0
0 0 0 0 0 0 0 0 0 0 0 0 0 0 0 0 0 0 0 0 0 0 0 0 0 0 0 0 0 0 0 0 0 0 0 0 0 0 0 0 0 0 0 0 0 0 0 0 0 0 0 0 0 0 0 0 0 0 0 0 0 0
0 0 0 0 1 2 0 0 1 2 2 1 1 0 0 0 0 0 0 0 0 0 0 1 0 2 0 0 0 0 0 0 0 1 0 1 1 1 0 1 1 0 0 0 2 0 0 2 1 0 0 0 0 0 0 0 0 0 0 0 0 0
0 0 0 0 0 0 0 0 0 0 0 0 0 0 0 0 0 0 0 0 0 0 0 0 0 0 0 0 0 0 0 0 0 0 0 0 0 0 0 0 0 0 0 0 0 0 0 0 0 0 0 0 0 0 0 0 0 0 0 0 0 0
0 0 0 0 0 0 0 0 0 0 0 0 0 0 0 0 0 0 0 0 0 0 0 0 0 0 0 0 0 0 0 0 0 0 0 0 0 0 0 0 1 0 1 0 0 0 0 0 0 0 0 0 0 0 0 0 0 0 0 0 0 0
0 0 0 0 0 0 0 1 0 0 0 0 0 0 0 1 0 0 0 0 0 0 0 0 0 0 0 0 0 0 0 0 0 0 0 0 0 0 0 0 0 0 0 0 0 0 0 0 0 0 0 0 0 1 0 0 0 0 0 0 0 0
0 0 0 0 0 0 0 0 0 0 0 0 0 0 0 0 0 0 0 0 0 0 0 0 0 0 0 0 0 0 0 0 0 0 0 0 0 0 0 0 0 0 0 0 0 0 0 0 0 0 0 0 0 0 0 0 0 0 0 0 0 0
0 0 0 0 0 0 0 0 0 0 0 0 0 1 0 0 0 0 0 1 0 0 0 0 0 0 0 0 1 0 0 0 1 0 0 0 0 0 1 0 0 0 1 0 0 1 0 0 0 0 0 0 0 0 0 0 0 0 0 0 0 0
0 0 0 0 0 0 0 0 1 0 0 0 0 0 0 0 0 0 0 0 0 0 0 0 0 0 0 0 0 0 0 0 0 0 0 0 0 0 0 0 0 0 0 0 0 0 0 0 0 0 0 0 0 0 0 0 0 0 0 0 0 0
0 0 0 0 0 0 0 0 0 0 0 0 0 0 0 0 0 0 0 0 0 0 0 0 0 0 0 0 0 0 0 0 0 0 0 0 0 0 0 0 0 0 0 0 0 0 0 0 0 1 0 0 0 0 0 0 0 0 0 0 0 0
0 0 0 0 0 0 0 0 0 0 0 0 0 0 0 0 0 0 0 0 0 0 0 0 0 0 0 0 0 0 0 0 0 0 0 0 0 0 0 0 0 0 0 0 0 0 0 0 0 0 0 0 0 0 0 0 0 0 0 0 0 0
0 0 0 0 0 0 0 0 0 0 0 0 0 0 0 0 1 0 0 0 0 0 0 0 0 0 0 0 0 0 0 0 0 0 0 0 0 0 0 0 0 0 0 0 0 0 0 0 0 0 0 0 0 0 0 0 0 0 0 0 0 0
0 0 0 0 0 0 0 0 0 0 0 0 0 0 0 0 0 0 0 0 0 0 0 0 0 0 0 0 0 0 0 0 1 0 0 0 0 0 0 0 1 0 0 0 0 0 0 0 0 0 0 0 0 0 0 0 0 0 0 0 0 0
0 0 0 0 0 0 0 0 0 0 0 0 0 0 0 0 1 1 0 0 0 0 0 0 0 0 0 0 0 0 0 0 0 0 0 1 0 0 0 0 1 0 0 0 0 0 0 0 0 0 0 0 2 0 0 0 0 0 0 0 0 0
0 0 0 0 0 0 0 0 0 0 0 0 0 0 0 0 0 0 0 0 0 0 0 0 0 0 0 0 0 0 0 0 0 0 0 0 0 0 0 0 0 0 0 0 0 0 0 0 0 0 0 0 0 0 0 0 0 0 0 0 0 0
0 0 0 0 0 0 0 0 0 0 0 0 0 0 0 0 0 0 0 0 0 0 0 0 0 0 0 0 0 0 0 0 0 0 0 0 0 0 0 0 0 0 0 0 0 0 0 0 0 0 0 0 0 0 0 0 0 0 0 0 0 0
0 0 0 0 0 0 0 0 0 0 0 0 0 0 0 0 0 0 0 0 0 0 0 0 0 0 0 0 0 0 0 0 0 0 0 0 0 0 0 0 0 0 0 0 0 0 0 0 0 0 0 0 0 0 0 0 0 0 0 0 0 0
0 0 0 0 0 0 0 0 0 0 0 0 0 0 0 0 0 0 0 0 0 0 0 0 0 0 0 0 0 0 0 0 0 0 0 0 1 0 0 0 0 0 0 0 0 0 0 0 0 0 0 0 0 0 0 0 0 0 0 0 0 0
0 0 0 0 0 0 0 0 0 0 0 0 0 0 0 1 0 0 0 0 0 1 0 0 0 1 0 0 0 0 0 0 1 0 0 0 0 0 0 0 0 1 0 1 0 0 0 0 0 0 0 1 0 1 0 0 0 0 0 0 0 0
0 0 0 0 0 0 0 0 0 1 0 0 0 0 0 0 1 0 0 0 0 0 1 1 0 0 0 0 0 0 0 0 0 0 0 0 0 0 0 0 0 0 0 1 0 0 0 1 0 0 0 1 1 0 1 0 1 0 0 0 0 0
0 0 0 0 0 0 0 0 0 1 0 0 0 0 0 0 0 0 0 0 0 0 0 0 0 0 0 0 0 0 0 0 0 0 0 0 0 0 0 0 0 0 0 0 0 0 0 0 0 0 0 1 0 0 0 0 0 0 0 0 0 0
0 0 0 0 0 0 0 0 0 0 0 0 0 0 0 0 0 0 0 0 0 0 0 0 0 0 0 0 0 0 0 0 0 0 0 0 0 0 0 0 0 0 0 0 0 0 0 0 0 0 0 0 0 0 0 0 0 0 0 0 0 0
0 0 0 0 0 0 0 0 0 1 0 0 1 0 0 1 0 1 0 0 0 0 0 1 0 0 0 0 0 0 0 0 0 0 2 1 0 0 0 0 3 0 0 0 0 0 0 0 0 0 0 0 1 0 0 1 1 0 0 0 0 0
0 0 0 0 0 0 0 0 0 0 0 0 0 0 0 0 0 0 0 0 0 0 0 0 0 0 0 0 0 0 0 0 0 0 0 0 0 0 0 0 0 0 0 0 0 0 0 0 0 0 0 0 0 0 0 0 0 0 0 0 0 0
0 0 0 0 3 3 1 0 0 4 0 0 3 0 0 3 3 4 0 0 0 2 2 4 0 0 0 0 0 0 0 0 0 0 5 1 1 1 0 0 4 0 0 0 0 0 0 3 0 0 0 0 3 0 0 1 1 0 0 0 0 0
0 0 0 0 4 4 4 0 0 4 4 3 5 0 0 5 4 4 0 0 0 4 3 4 3 4 0 0 0 0 0 0 3 2 2 2 2 2 2 3 5 0 0 0 2 0 0 5 2 0 0 0 4 3 2 2 2 0 0 0 0 0
0 0 0 0 0 0 0 0 0 0 0 0 0 0 0 0 0 0 0 0 0 0 0 0 0 0 0 0 0 0 0 0 0 0 0 0 0 0 0 0 0 0 0 0 0 0 0 0 0 0 0 0 0 0 0 0 0 0 0 0 0 0
0 0 0 0 0 0 0 0 0 0 0 0 0 0 0 0 0 0 0 0 0 0 0 0 0 0 0 0 0 0 0 0 0 0 0 0 0 0 0 0 0 0 0 0 0 0 0 0 0 0 0 0 0 0 0 0 1 0 0 0 0 0
0 0 0 0 0 0 0 0 0 0 0 0 0 0 0 0 0 0 0 0 0 0 0 0 0 0 0 0 0 0 0 0 0 0 0 0 0 0 0 0 0 0 0 0 0 0 0 0 0 0 0 0 0 0 0 0 0 0 0 0 0 0
0 0 0 0 0 0 0 0 0 0 0 0 0 0 0 0 0 0 0 1 0 0 0 0 0 0 0 0 0 0 0 0 0 0 1 0 0 0 0 0 0 0 0 0 0 0 0 0 0 0 0 1 0 0 0 0 0 0 0 0 0 0

k
0 9 0 0 0 0 1 0 2 5 5 2 9 11 0 0 5 3 24 0 6 6 4 10 5 0 0 0 21 38 52 0 0 52 51 52 3

f
0.0 0.0 0.0 0.0 0.0 0.0 0.0 0.0 1.75 0.0 26.25 0.0 0.0 0.0 0.0 0.0 0.0 0.0 0.0 0.0 0.0 0.0 5.25 0.0 1.75 0.0 8.75 26.25 0.0 0.0 0.0 0.0 0.0 0.0 0.0 0.0 0.0 0.0 0.0 0.0 0.0 0.0 26.25 0.0 0.0 0.0 0.0 0.0 0.0 0.0 0.0 0.0 1.75 0.0 0.0 0.0 0.0 0.0 0.0 0.0 0.0 0.0
0.0 15.0 2.5 0.0 0.0 0.0 11.5 0.0 7.5 0.0 0.0 0.0 14.0 11.5 0.0 0.0 0.0 0.0 0.0 12.0 0.5 0.0 0.0 0.0 0.0 0.0 0.0 0.0 0.0 0.0 0.0 6.5 0.0 0.0 0.0 0.0 6.5 0.0 0.0 0.0 0.0 0.0 0.0 0.0 7.0 0.0 0.0 0.0 0.0 1.5 0.0 0.0 0.0 0.0 0.0 0.0 0.0 0.0 0.0 0.0 0.0 0.0
0.0 0.0 0.0 0.0 0.0 0.0 0.0 0.0 0.0 0.0 0.0 0.0 0.0 0.0 0.0 0.0 0.0 0.0 0.0 0.0 0.0 0.0 0.0 0.0 0.0 0.0 0.0 0.0 0.0 0.0 0.0 0.0 0.0 0.0 0.0 0.0 0.0 0.0 0.0 0.0 0.0 0.0 0.0 0.0 0.0 0.0 0.0 0.0 0.0 0.0 0.0 0.0 0.0 0.0 0.0 0.0 0.0 0.0 0.0 0.0 0.0 0.0
0.0 0.0 0.0 0.0 4.25 0.0 0.0 0.0 10.75 0.0 0.0 0.0 0.0 0.0 0.0 29.75 29.75 0.0 0.0 0.0 0.0 0.25 6.75 0.0 3.25 0.0 0.0 0.0 0.0 0.25 0.0 0.0 0.0 0.0 0.0 0.0 0.0 0.0 2.25 10.75 0.0 0.0 0.25 0.0 0.25 0.75 0.0 0.75 0.0 0.0 0.0 0.0 0.0 0.0 0.0 0.0 0.0 0.0 0.0 0.0 0.0 0.0

L
1 7 1 1 0 1 0 8 0 0 0 2 8 0 3 0 0 0 0 8 0 0 0 0 0 2 1 42 0 0 0 0 0 0 0 0 15

g
0 0 0 0 0 0 0 0 0 0 0 0 0 0 0 0 0 0 0 0 0 0 0 0 0 0 0 0 0 0 0 0 0 0 0 0 0 0 0 0 0 0 0 0 0 0 0 0 0 0 0 0 0 0 0 0 0 0 0 0 0 0
0 0 0 0 0 0 0 0 0 0 0 0 0 0 0 0 0 0 0 0 0 0 0 0 0 0 0 0 0 0 0 0 0 0 0 0 0 0 0 0 0 0 0 0 0 0 0 0 0 0 0 0 0 0 0 0 0 0 0 0 0 0
0 0 0 0 0 0 0 0 0 0 0 0 0 0 0 0 0 0 0 0 0 0 0 0 0 0 0 0 0 0 0 0 0 0 0 0 0 0 0 0 0 0 0 0 0 0 0 0 0 0 0 0 0 0 0 0 0 0 0 0 0 0
0 0 0 0 0 0 0 0 0 0 0 0 0 0 0 0 0 0 0 0 0 0 0 0 0 0 0 0 0 0 0 0 0 0 0 0 0 0 0 0 0 0 0 0 0 0 0 0 0 0 0 0 0 0 0 0 0 0 0 0 0 0
0 0 0 0 0 0 0 0 0 0 0 0 0 0 0 0 0 0 0 0 0 0 0 0 0 0 0 0 0 0 0 0 0 0 0 0 0 0 0 0 0 0 0 0 0 0 0 1 0 0 0 0 0 0 0 0 0 0 0 0 0 0
0 0 0 0 0 0 0 0 0 0 0 0 0 0 0 0 0 0 0 0 0 0 0 0 0 0 0 0 0 0 0 0 0 0 0 0 0 0 0 0 0 0 0 0 0 0 0 0 0 0 0 0 0 0 0 0 0 0 0 0 0 0
0 0 0 0 0 0 0 0 0 0 0 0 0 0 0 0 1 0 0 0 0 0 0 0 0 0 0 0 0 0 0 0 0 0 0 2 0 0 0 0 0 0 0 0 0 0 0 0 0 0 0 0 1 0 0 0 0 0 0 0 0 0
0 0 0 0 0 0 0 0 0 0 0 0 0 0 0 0 0 0 0 0 0 0 0 0 0 0 0 0 0 0 0 0 0 0 0 0 0 0 0 0 0 0 0 0 0 0 0 0 0 0 0 0 0 0 0 0 0 0 0 0 0 0
0 0 0 0 0 0 0 0 0 0 0 0 0 0 0 0 0 0 0 0 0 0 0 0 0 0 0 0 0 0 0 0 0 0 0 0 0 0 0 0 0 0 0 0 0 0 0 0 0 0 0 0 0 0 0 0 0 0 0 0 0 0
0 0 0 0 0 1 0 0 0 1 1 0 0 0 0 0 0 0 0 0 0 0 0 0 0 1 0 0 0 0 0 0 0 0 0 0 0 0 0 0 0 0 0 0 1 0 0 1 0 0 0 0 0 0 0 0 0 0 0 0 0 0
0 0 0 0 0 0 0 0 0 0 0 0 0 0 0 0 0 0 0 0 0 0 0 0 0 0 0 0 0 0 0 0 0 0 0 0 0 0 0 0 0 0 0 0 0 0 0 0 0 0 0 0 0 0 0 0 0 0 0 0 0 0
0 0 0 0 0 0 0 0 0 0 0 0 0 0 0 0 0 0 0 0 0 0 0 0 0 0 0 0 0 0 0 0 0 0 0 0 0 0 0 0 0 0 0 0 0 0 0 0 0 0 0 0 0 0 0 0 0 0 0 0 0 0
0 0 0 0 0 0 0 0 0 0 0 0 0 0 0 0 0 0 0 0 0 0 0 0 0 0 0 0 0 0 0 0 0 0 0 0 0 0 0 0 0 0 0 0 0 0 0 0 0 0 0 0 0 0 0 0 0 0 0 0 0 0
0 0 0 0 0 0 0 0 0 0 0 0 0 0 0 0 0 0 0 0 0 0 0 0 0 0 0 0 0 0 0 0 0 0 0 0 0 0 0 0 0 0 0 0 0 0 0 0 0 0 0 0 0 0 0 0 0 0 0 0 0 0
0 0 0 0 0 0 0 0 0 0 0 0 0 0 0 0 0 0 0 0 0 0 0 0 0 0 0 0 0 0 0 0 0 0 0 0 0 0 0 0 0 0 0 0 0 0 0 0 0 0 0 0 0 0 0 0 0 0 0 0 0 0
0 0 0 0 0 0 0 0 0 0 0 0 0 0 0 0 0 0 0 0 0 0 0 0 0 0 0 0 0 0 0 0 0 0 0 0 0 0 0 0 0 0 0 0 0 0 0 0 0 0 0 0 0 0 0 0 0 0 0 0 0 0
0 0 0 0 0 0 0 0 0 0 0 0 0 0 0 0 0 0 0 0 0 0 0 0 0 0 0 0 0 0 0 0 0 0 0 0 0 0 0 0 0 0 0 0 0 0 0 0 0 0 0 0 0 0 0 0 0 0 0 0 0 0
0 0 0 0 0 0 0 0 0 0 0 0 0 0 0 0 0 0 0 0 0 0 0 0 0 0 0 0 0 0 0 0 0 0 0 0 0 0 0 0 0 0 0 0 0 0 0 0 0 0 0 0 0 0 0 0 0 0 0 0 0 0
0 0 0 0 0 0 0 0 0 0 0 0 0 0 0 0 0 0 0 0 0 0 0 0 0 0 0 0 0 0 0 0 0 0 0 0 0 0 0 0 0 0 0 0 0 0 0 0 0 0 0 0 0 0 0 0 0 0 0 0 0 0
0 0 0 0 0 0 0 0 0 0 0 0 0 0 0 0 0 0 0 0 0 0 0 0 0 0 0 0 0 0 0 0 0 0 0 0 0 0 0 0 0 0 0 0 0 0 0 0 0 0 0 0 0 0 0 0 0 0 0 0 0 0
0 0 0 0 0 0 0 0 0 0 0 0 0 0 0 0 0 0 0 0 0 0 0 0 0 0 0 0 0 0 0 0 0 0 0 0 0 0 0 0 0 0 0 0 0 0 0 0 0 0 0 0 1 0 0 0 0 0 0 0 0 0
0 0 0 0 0 0 0 0 0 0 0 0 0 0 0 0 0 0 0 0 0 0 0 0 0 0 0 0 0 0 0 0 0 0 0 0 0 0 0 0 0 0 0 0 0 0 0 0 0 0 0 0 0 0 0 0 0 0 0 0 0 0
0 0 0 0 0 0 0 0 0 0 0 0 0 0 0 0 0 0 0 0 0 0 0 0 0 0 0 0 0 0 0 0 0 0 0 0 0 0 0 0 0 0 0 0 0 0 0 0 0 0 0 0 0 0 0 0 0 0 0 0 0 0
0 0 0 0 0 0 0 0 0 0 0 0 0 0 0 0 0 0 0 0 0 0 0 0 0 0 0 0 0 0 0 0 0 0 0 0 0 0 0 0 0 0 0 0 0 0 0 0 0 0 0 0 0 0 0 0 0 0 0 0 0 0
0 0 0 0 0 0 0 0 0 0 0 0 0 0 0 0 0 0 0 0 0 0 0 0 0 0 0 0 0 0 0 0 0 0 0 0 0 0 0 0 0 0 0 0 0 0 0 0 0 0 0 0 0 0 0 0 0 0 0 0 0 0
0 0 0 0 0 0 0 0 0 0 0 0 0 0 0 0 0 0 0 0 0 0 0 0 0 0 0 0 0 0 0 0 0 0 0 0 0 0 0 0 0 0 0 0 0 0 0 0 0 0 0 0 0 0 0 0 0 0 0 0 0 0
0 0 0 0 0 0 0 0 0 0 0 0 0 0 0 0 0 0 0 0 0 0 0 0 0 0 0 0 0 0 0 0 0 0 0 0 0 0 0 0 0 0 0 0 0 0 0 0 0 0 0 0 0 0 0 0 0 0 0 0 0 0
0 0 0 0 0 0 0 0 0 0 0 0 0 0 0 0 0 0 0 0 0 0 0 0 0 0 0 0 0 0 0 0 0 0 0 0 0 0 0 0 0 0 0 0 0 0 0 0 0 0 0 0 0 0 0 0 0 0 0 0 0 0
0 0 0 0 0 0 0 0 0 0 0 0 0 0 0 0 0 0 0 0 0 0 0 0 0 0 0 0 0 0 0 0 0 0 0 0 0 0 0 0 0 0 0 0 0 0 0 0 0 0 0 0 0 0 0 0 0 0 0 0 0 0
0 0 0 0 0 0 0 0 0 0 0 0 0 0 0 0 0 0 0 0 0 0 0 0 0 0 0 0 0 0 0 0 0 0 1 0 0 0 0 0 2 0 0 0 0 0 0 0 0 0 0 0 0 0 0 0 0 0 0 0 0 0
0 0 0 0 0 0 0 0 0 0 0 0 0 0 0 0 0 0 0 0 0 0 0 0 0 0 0 0 0 0 0 0 0 0 0 0 0 0 0 0 0 0 0 0 0 0 0 0 0 0 0 0 0 0 0 0 0 0 0 0 0 0
0 0 0 0 2 2 0 0 0 3 0 0 2 0 0 2 2 3 0 0 0 1 1 3 0 0 0 0 0 0 0 0 0 0 4 0 0 0 0 0 3 0 0 0 0 0 0 2 0 0 0 0 2 0 0 0 0 0 0 0 0 0
0 0 0 0 2 2 2 0 0 2 2 1 3 0 0 3 2 2 0 0 0 2 1 2 1 2 0 0 0 0 0 0 1 0 0 0 0 0 0 1 3 0 0 0 0 0 0 3 0 0 0 0 2 1 0 0 0 0 0 0 0 0
0 0 0 0 0 0 0 0 0 0 0 0 0 0 0 0 0 0 0 0 0 0 0 0 0 0 0 0 0 0 0 0 0 0 0 0 0 0 0 0 0 0 0 0 0 0 0 0 0 0 0 0 0 0 0 0 0 0 0 0 0 0
0 0 0 0 0 0 0 0 0 0 0 0 0 0 0 0 0 0 0 0 0 0 0 0 0 0 0 0 0 0 0 0 0 0 0 0 0 0 0 0 0 0 0 0 0 0 0 0 0 0 0 0 0 0 0 0 0 0 0 0 0 0
0 0 0 0 0 0 0 0 0 0 0 0 0 0 0 0 0 0 0 0 0 0 0 0 0 0 0 0 0 0 0 0 0 0 0 0 0 0 0 0 0 0 0 0 0 0 0 0 0 0 0 0 0 0 0 0 0 0 0 0 0 0
0 0 0 0 0 0 0 0 0 0 0 0 0 0 0 0 0 0 0 0 0 0 0 0 0 0 0 0 0 0 0 0 0 0 0 0 0 0 0 0 0 0 0 0 0 0 0 0 0 0 0 0 0 0 0 0 0 0 0 0 0 0

I cap
1069.1470588235295 1069.1470588235295 1032.1470588235295 985.1470588235295 957.2 942.0400000000002 717.98 782.66 550.76 553.8600000000002 580.8600000000002 236.27999999999992 541.8800000000001 559.5000000000001 734.7199999999999 548.2070588235295 237.68705882352958 184.18705882352958 601.3270588235295 527.1870588235296 594.3070588235295 247.56705882352946 426.4470588235296 246.6670588235296 441.64705882352956 414.10705882352937 429.0070588235296 228.2670588235295 413.8070588235297 452.9270588235296 511.3870588235296 563.7870588235294 503.92705882352976 473.12705882352964 16.140000000000043 13.340000000000117 234.88000000000028 576.1400000000001 546.08 734.66 500.64 323.54 511.36 91.55999999999995 251.38 296.48 725.1799999999998 389.1800000000001 324.74000000000024 411.20000000000005 581.64 373.2800000000001 206.46000000000015 150.10000000000014 292.06000000000006 740.94 896.76 705.5070588235295 856.5270588235296 986.5870588235296 1069.1470588235295 1069.1470588235295
108.08823529411765 108.08823529411765 71.08823529411765 71.08823529411765 40.8 5.960000000000001 2.020000000000006 22.339999999999996 40.24000000000001 10.140000000000004 7.13999999999999 4.720000000000002 6.120000000000003 14.500000000000004 53.28 29.02823529411765 2.5482352941176556 4.048235294117653 88.90823529411766 69.94823529411767 39.828235294117654 12.568235294117656 28.788235294117655 4.568235294117659 14.588235294117654 0.12823529411765167 22.228235294117653 55.96823529411766 41.42823529411767 48.30823529411766 41.44823529411766 55.04823529411765 52.108235294117655 26.10823529411766 15.760000000000009 15.56000000000001 6.020000000000006 31.860000000000003 30.52 59.940000000000005 4.160000000000014 25.46000000000001 8.640000000000008 45.44000000000001 5.620000000000012 17.52 85.82 36.82 7.260000000000009 44.8 85.36000000000001 61.620000000000005 32.44000000000001 5.800000000000004 14.940000000000012 55.06000000000001 83.24 86.72823529411765 98.70823529411766 104.64823529411765 108.08823529411765 108.08823529411765
39.405882352941184 39.405882352941184 39.405882352941184 39.405882352941184 44.099999999999994 42.0 41.3 38.5 39.900000000000006 39.2 30.799999999999997 29.400000000000002 24.5 36.4 31.5 39.405882352941184 17.73921568627452 3.0725490196078535 3.0725490196078535 24.73921568627452 39.405882352941184 39.405882352941184 39.405882352941184 39.405882352941184 39.405882352941184 39.405882352941184 39.405882352941184 39.405882352941184 39.405882352941184 39.405882352941184 14.47254901960785 14.47254901960785 23.27254901960785 39.405882352941184 23.8 4.2333333333333325 3.533333333333333 8.433333333333335 2.3666666666666636 5.866666666666664 6.999999999999998 25.23333333333334 32.23333333333334 46.2 43.400000000000006 41.3 45.5 51.099999999999994 44.8 46.2 49.0 49.0 23.16666666666667 19.66666666666667 21.766666666666666 52.5 53.900000000000006 39.405882352941184 39.405882352941184 39.405882352941184 39.405882352941184 39.405882352941184
45.35588235294117 45.35588235294117 43.885882352941174 43.04588235294117 27.340000000000003 31.849999999999994 27.569999999999986 33.11 24.189999999999994 23.49 26.549999999999994 11.98 15.840000000000002 23.209999999999997 18.89 33.37588235294117 31.405882352941166 24.975882352941174 36.19588235294117 31.165882352941168 31.76588235294117 27.485882352941168 28.495882352941162 23.345882352941164 28.485882352941168 33.37588235294117 31.955882352941167 33.49588235294116 34.80588235294116 36.87588235294116 38.15588235294116 39.645882352941165 41.13588235294117 24.54588235294117 8.45 18.52999999999999 23.329999999999988 30.33 34.99 34.33999999999999 15.730000000000008 40.03999999999999 46.42 37.22999999999998 31.58999999999999 35.41 41.139999999999986 34.01999999999998 25.249999999999986 36.51999999999999 45.55999999999999 35.73999999999999 36.289999999999985 35.57 27.92999999999999 24.879999999999995 32.289999999999985 36.855882352941165 41.69588235294117 44.72588235294117 45.35588235294117 45.35588235294117
20.97941176470588 20.97941176470588 20.34941176470588 20.34941176470588 10.5 19.69 13.200000000000003 13.81 12.639999999999997 13.789999999999997 19.03 16.2 16.310000000000002 19.070000000000004 15.54 17.03941176470588 16.42941176470588 12.08941176470588 16.33941176470588 14.379411764705878 15.789411764705878 12.749411764705878 15.00941176470588 13.949411764705879 15.039411764705878 17.65941176470588 14.949411764705879 13.239411764705876 15.119411764705877 17.159411764705876 17.759411764705877 18.509411764705877 19.219411764705878 15.61941176470588 13.090000000000002 17.779999999999998 15.809999999999997 17.81 16.33 16.58 10.500000000000002 17.74 15.839999999999996 17.829999999999995 14.159999999999997 16.589999999999996 19.099999999999994 19.020000000000003 16.919999999999998 12.759999999999994 13.379999999999995 14.44 14.419999999999996 10.969999999999997 12.489999999999995 13.109999999999996 15.389999999999995 17.169411764705877 20.559411764705878 20.76941176470588 20.97941176470588 20.97941176470588
347.11764705882354 347.11764705882354 347.11764705882354 241.15411764705885 52.668235294117665 26.892352941176483 139.09235294117642 195.99058823529413 74.73529411764707 69.46235294117648 32.172352941176484 63.11647058823533 177.92176470588237 198.12176470588238 197.28647058823532 138.86588235294118 20.546470588235337 109.93176470588233 209.56 295.54764705882354 241.03529411764708 187.3764705882353 86.97529411764714 131.1511764705882 156.35999999999999 259.34764705882355 243.9776470588235 304.7776470588235 310.5776470588235 321.9476470588235 311.40764705882356 310.8776470588236 320.60764705882355 127.79176470588243 7.011764705882342 47.042352941176404 123.76999999999995 197.71117647058827 242.38058823529408 152.6452941176471 130.45235294117649 234.3223529411766 353.43 313.87 263.11 222.15 241.33647058823533 211.1317647058824 198.41176470588235 311.14 311.15 196.39647058823527 251.5517647058824 249.50176470588232 321.2388235294117 270.5294117647059 293.5611764705883 285.9082352941176 318.1376470588235 343.1276470588235 347.11764705882354 347.11764705882354
777.6176470588235 777.6176470588235 760.6076470588235 414.10764705882355 23.199999999999932 172.78999999999996 496.3799999999999 592.2899999999998 404.37 206.2399999999999 266.06999999999994 120.4799999999999 437.28 727.52 343.26 29.14764705882351 59.42764705882348 282.3976470588235 608.0076470588235 567.5176470588234 263.5176470588235 22.587647058823507 73.96764705882345 78.21764705882367 65.90764705882358 426.7976470588236 650.0276470588235 543.9076470588236 557.7776470588235 585.7876470588235 603.1776470588236 396.2776470588235 335.0176470588236 382.6676470588236 199.66000000000008 348.2399999999999 451.3600000000001 538.36 335.51999999999987 91.47 322.21000000000004 644.7499999999999 643.6899999999998 330.79000000000013 358.59000000000003 563.5099999999999 228.84000000000003 140.0200000000001 443.29999999999995 504.2800000000001 534.7499999999999 232.47000000000014 66.07000000000005 156.40000000000003 228.14000000000004 178.17999999999995 403.88 630.9576470588236 715.9976470588236 762.7076470588236 777.6176470588235 777.6176470588235
80.27352941176471 80.27352941176471 79.43352941176471 79.43352941176471 65.43 85.56000000000002 76.13999999999999 81.66999999999999 81.13999999999999 86.49 78.81 81.72999999999999 91.34 91.82 84.07 75.8835294117647 75.58352941176472 72.3635294117647 74.55352941176471 65.46352941176471 65.03352941176472 61.63352941176472 71.05352941176473 70.76352941176474 72.43352941176471 75.22352941176472 73.3735294117647 70.65352941176472 70.73352941176472 71.14352941176473 72.92352941176473 74.55352941176471 76.36352941176472 73.85352941176471 33.75999999999999 58.3 67.49000000000001 73.39000000000001 72.37 75.87 71.11999999999999 74.62 74.56000000000002 78.09 79.69000000000004 87.44999999999999 83.52000000000001 77.82000000000002 70.22999999999999 69.22000000000001 68.24 58.64999999999999 56.36 53.860000000000014 58.42000000000001 56.60999999999999 58.59999999999998 75.19352941176471 79.01352941176472 79.64352941176472 80.27352941176471 80.27352941176471
10.788235294117648 10.788235294117648 9.738235294117647 8.478235294117647 6.300000000000001 8.24 7.539999999999999 2.5500000000000007 2.8000000000000007 1.4499999999999997 0.5900000000000005 1.3200000000000003 5.31 3.51 6.22 6.108235294117647 3.928235294117647 1.4082352941176488 2.358235294117648 4.058235294117647 4.108235294117647 4.108235294117647 3.628235294117648 2.538235294117647 0.13823529411764746 5.038235294117649 7.158235294117648 7.158235294117648 5.008235294117647 6.108235294117647 2.1782352941176484 2.698235294117647 5.008235294117647 6.208235294117649 2.7700000000000005 1.5899999999999999 0.6700000000000008 4.7700000000000005 2.969999999999999 6.170000000000001 3.24 2.7600000000000007 8.57 4.340000000000002 2.6400000000000006 0.3600000000000003 9.670000000000002 6.710000000000001 4.340000000000001 2.3599999999999985 0.7699999999999996 2.5100000000000007 4.1000000000000005 0.29999999999999893 3.9999999999999996 6.3999999999999995 0.7999999999999989 3.188235294117648 5.988235294117648 10.788235294117648 10.788235294117648 10.788235294117648
2.552941176470588 2.552941176470588 2.552941176470588 1.292941176470588 2.05 0.2599999999999999 1.66 0.15000000000000013 0.45999999999999996 0.3600000000000001 0.9099999999999999 0.6499999999999999 0.2599999999999999 0.9600000000000002 1.2600000000000002 0.6029411764705881 0.42294117647058815 0.8129411764705881 2.552941176470588 0.552941176470588 0.552941176470588 0.552941176470588 1.9229411764705882 1.2929411764705883 0.4529411764705883 0.24294117647058822 0.24294117647058833 0.4529411764705883 0.6629411764705883 0.6629411764705883 1.0829411764705883 0.8729411764705882 1.0829411764705883 1.2929411764705883 0.17000000000000037 0.7999999999999998 0.16999999999999993 1.4700000000000002 1.96 0.5599999999999999 1.18 0.7500000000000002 1.09 0.04999999999999993 0.12000000000000022 1.33 0.42000000000000026 0.8400000000000005 0.16000000000000003 0.8200000000000001 2.8500000000000005 0.16999999999999993 0.16999999999999993 0.4600000000000002 0.040000000000000036 0.21999999999999997 1.12 1.0829411764705883 1.2929411764705883 1.9229411764705882 2.552941176470588 2.552941176470588
8.466732771830209 8.466732771830209 8.466732771830209 7.087422427002622 2.6710881609195365 2.603463448275858 4.0031908908045954 6.411675574712643 6.914492558983661 3.5520174697519606 4.873798333333328 4.596019972776765 4.531773820326674 5.183119655172411 4.575493334845732 1.8388972686025356 2.6065785934664207 3.822567211131273 5.653463678160918 6.780687499999999 5.1392396081504685 4.923873678160917 4.399109972776766 3.134646464004836 3.4226227586206868 4.114221896551721 4.530730862068964 7.787375862068965 7.8797567241379305 8.658707586206896 8.062641206896553 7.182993965517241 4.369706724137929 3.3401929053236508 6.101339969751964 8.5867773260738 4.144716206896549 5.635205517241378 4.184020057471262 2.3052930217785805 1.7817629552329068 5.902177471264367 5.946665344827585 5.882241896551722 5.431046724137929 5.783475172413793 3.5845182758620666 1.2205848275862023 3.1623053448275833 3.922809482758619 6.532892241379309 4.781842214156076 4.2694534754990885 4.344658103448271 6.001867903811248 4.057104425287354 3.026591722625526 7.05868662240492 7.6046636338991735 8.466732771830209 8.466732771830209 8.466732771830209
700.0 700.0 700.0 698.0 692.0 691.0 688.0 685.0 688.0 684.0 686.0 684.0 684.0 685.0 688.0 684.0 676.0 682.0 686.0 692.0 689.0 687.0 686.0 678.0 684.0 681.0 684.0 685.0 691.0 691.0 687.0 687.0 680.0 680.0 685.0 687.0 686.0 685.0 685.0 689.0 685.0 688.0 686.0 683.0 685.0 685.0 685.0 680.0 681.0 681.0 686.0 687.0 683.0 680.0 678.0 683.0 690.0 694.0 693.0 696.0 700.0 700.0

H cap
22.75 1.75 68.25 15.75 12.25 1.75 26.25 8.75 -1.75 47.25 -26.25 5.25 40.25 19.25 54.25 8.75 8.75 50.75 5.25 1.75 29.75 5.25 -5.25 22.75 -1.75 8.75 -8.75 -26.25 5.25 26.25 89.25 57.75 36.75 89.25 5.25 5.25 68.25 43.75 22.75 5.25 57.75 5.25 -26.25 8.75 5.25 1.75 12.25 33.25 8.75 29.75 36.75 5.25 -1.75 61.25 131.25 131.25 131.25 131.25 131.25 131.25 131.25 131.25
16.0 -15.0 -2.5 13.5 29.5 2.5 -11.5 7.0 -7.5 11.0 37.5 6.0 -14.0 -11.5 16.5 38.5 38.5 28.0 4.5 -12.0 -0.5 11.5 18.0 40.5 41.0 43.5 40.5 37.5 31.5 21.0 3.0 -6.5 11.5 22.5 20.0 20.0 -6.5 5.5 41.0 38.0 31.5 26.5 37.5 4.5 -7.0 23.5 35.5 40.0 11.5 -1.5 18.0 19.5 10.0 29.5 52.5 52.5 52.5 52.5 52.5 52.5 52.5 52.5
49.0 42.0 45.5 38.5 42.0 42.0 42.0 42.0 38.5 49.0 52.5 42.0 38.5 42.0 52.5 56.0 56.0 56.0 45.5 42.0 49.0 45.5 42.0 52.5 56.0 59.5 56.0 52.5 45.5 38.5 45.5 49.0 52.5 56.0 49.0 49.0 49.0 49.0 52.5 49.0 49.0 49.0 52.5 42.0 35.0 42.0 49.0 49.0 45.5 38.5 38.5 49.0 49.0 56.0 63.0 63.0 63.0 63.0 63.0 63.0 63.0 63.0
32.25 2.75 22.25 0.75 -4.25 0.75 7.75 0.75 -10.75 8.25 10.75 0.75 5.75 14.75 22.25 -29.75 -29.75 17.25 0.25 5.25 16.75 -0.25 -6.75 18.75 -3.25 1.75 23.25 22.25 3.25 -0.25 5.25 7.25 0.75 10.75 0.25 0.25 14.25 2.25 -2.25 -10.75 22.25 0.25 -0.25 10.75 -0.25 -0.75 0.25 -0.75 0.75 7.75 0.75 1.25 0.75 40.25 78.75 78.75 78.75 78.75 78.75 78.75 78.75 78.75

