T P M C
62 37 4 12

base obj
16502.964224966563

exp obj
16615.964224966563

Objective struct
104.81508537826623 16607.779310344828 151.0 38.0

num campaigns
414

x
0 0 0 0 1 0 0 0 2 0 0 0 0 0 2 0 0 0 1 0 0 0 1 0 0 0 2 0 0 0 0 0 0 0 0 0 0 0 0 0 1 0 0 0 0 0 1 0 0 1 0 0 0 0 0 0 1 0 0 0 0 0
0 0 0 0 1 0 0 0 0 0 0 0 0 0 0 0 0 0 0 0 0 0 1 0 0 0 0 0 0 0 0 0 0 0 0 0 0 0 1 0 0 1 0 0 0 1 1 0 1 0 0 2 0 0 0 0 0 0 0 0 0 0
0 0 0 0 0 0 2 0 0 0 0 0 0 0 0 0 0 0 0 0 0 0 1 0 1 1 0 1 0 1 0 0 0 0 1 0 1 0 1 2 0 0 0 0 0 0 0 1 0 0 0 0 0 0 0 0 0 0 0 0 0 0
0 0 0 0 0 0 0 0 0 0 2 0 0 0 0 0 0 1 1 0 1 0 1 1 0 0 0 0 0 0 1 0 1 0 0 0 0 0 0 0 0 0 0 0 0 0 0 0 0 0 0 0 2 0 0 0 0 0 0 0 0 0
0 0 0 0 0 0 0 0 0 0 1 0 0 0 0 0 1 0 2 0 0 0 0 0 0 0 0 0 1 1 0 0 0 0 2 0 1 0 0 0 0 0 0 1 1 0 0 1 0 0 2 0 1 0 2 0 0 0 0 0 0 0
0 0 0 0 0 0 0 0 0 0 0 0 0 0 0 0 1 0 0 0 1 0 0 0 0 0 0 0 0 0 0 1 0 1 0 2 1 2 0 0 1 0 1 0 1 0 0 0 0 0 0 0 0 0 0 0 0 0 0 0 0 0
0 0 0 0 0 0 0 0 0 0 0 0 0 0 0 0 0 0 0 0 2 0 0 0 0 0 0 0 1 2 1 0 0 0 2 0 1 0 0 0 0 0 0 0 0 0 0 1 0 0 0 0 0 0 0 1 1 0 0 0 0 0
0 0 0 0 1 0 1 0 0 0 0 0 1 0 0 0 0 0 0 0 0 0 0 0 1 0 0 0 0 0 0 0 0 0 0 0 0 0 0 0 0 0 0 0 0 0 0 0 0 0 0 0 0 0 0 0 0 0 0 0 0 0
0 0 0 0 0 0 0 0 0 0 0 0 0 0 0 0 0 0 0 0 0 0 0 0 0 0 0 0 0 0 0 0 0 0 0 0 0 0 0 0 0 0 0 0 0 0 0 0 0 0 0 0 0 0 0 0 0 0 0 0 0 0
0 0 0 0 0 0 0 0 2 0 1 0 0 1 1 0 0 0 1 0 0 1 0 1 0 0 0 1 1 0 0 0 1 0 0 0 0 0 0 0 0 1 2 1 2 0 0 1 2 1 3 0 1 1 1 0 2 0 0 0 0 0
0 0 0 0 0 0 0 0 0 0 0 0 0 0 0 1 0 1 0 0 0 0 0 0 0 0 0 0 0 0 0 1 0 0 0 0 0 0 1 0 0 0 0 0 0 1 0 0 0 0 0 0 0 0 0 0 0 0 0 0 0 0
0 0 0 0 0 0 0 0 0 0 0 0 0 0 0 0 0 0 0 0 0 0 0 0 0 0 0 0 0 0 0 0 0 0 0 0 0 0 0 0 0 0 0 0 0 0 0 0 0 0 0 0 0 0 0 0 0 0 0 0 0 0
0 0 0 0 0 0 0 0 0 0 0 0 0 0 0 0 0 0 1 0 0 0 0 0 0 0 0 0 0 1 0 0 1 0 1 0 0 0 0 0 0 0 0 0 0 0 0 0 0 0 0 0 0 0 0 0 1 0 0 0 0 0
0 0 0 0 0 0 0 0 0 0 0 0 0 0 0 0 0 0 0 0 0 0 0 0 0 0 0 0 0 0 0 0 0 0 0 0 0 0 0 0 0 0 0 0 0 0 0 0 0 0 0 0 0 0 0 0 0 0 0 0 0 0
0 0 0 0 0 0 1 0 0 0 1 0 1 0 0 0 1 0 0 0 1 0 0 0 1 0 0 0 0 0 1 0 0 0 0 0 0 0 0 0 0 0 0 0 0 0 0 0 0 0 0 0 0 0 0 0 0 0 0 0 0 0
0 0 0 0 0 0 0 0 0 0 0 0 0 0 0 0 0 0 0 0 0 0 0 0 0 0 0 0 0 0 0 0 0 0 0 0 0 0 0 0 0 0 0 1 0 0 0 0 0 0 0 0 0 0 0 0 0 0 0 0 0 0
0 0 0 0 0 0 0 0 0 0 0 0 0 0 0 0 0 0 0 0 0 0 0 0 0 0 0 0 0 0 0 0 0 0 0 0 0 0 0 0 0 0 0 0 0 1 0 1 0 0 0 0 0 0 0 0 0 0 0 0 0 0
0 0 0 0 0 0 0 0 0 0 0 0 0 0 0 0 0 0 0 0 0 0 0 0 0 0 0 0 0 0 0 0 0 0 0 0 0 0 0 0 0 0 0 0 0 0 0 0 0 0 0 0 0 0 0 0 0 0 0 0 0 0
0 0 0 0 0 0 0 0 0 0 2 1 0 1 0 0 0 0 0 0 0 0 0 0 0 0 0 0 1 0 0 0 1 0 0 0 0 0 0 0 0 0 0 0 0 0 0 0 0 0 0 0 0 0 0 0 0 0 0 0 0 0
0 0 0 0 0 0 0 0 0 0 0 0 0 0 0 0 0 0 0 0 0 0 0 0 0 0 0 0 0 0 0 0 0 0 0 0 0 0 0 0 0 0 0 0 0 0 0 0 1 0 0 0 0 0 1 0 0 0 0 0 0 0
0 0 0 0 0 0 1 0 0 0 0 0 0 0 0 1 1 0 1 0 0 0 0 0 0 0 0 0 2 0 0 0 0 1 0 0 0 0 1 1 0 0 0 0 0 0 0 0 0 0 1 0 0 0 2 0 0 0 0 0 0 0
0 0 0 0 0 0 0 0 0 0 0 0 0 0 0 0 0 0 0 0 0 0 0 0 0 0 0 0 0 0 0 0 0 0 0 0 0 0 0 0 0 0 0 0 0 0 0 0 0 0 0 0 0 0 0 0 0 0 0 0 0 0
0 0 0 0 0 0 0 0 0 0 0 0 0 0 0 0 0 0 0 0 0 0 0 0 0 0 0 0 0 0 0 0 0 0 0 0 0 0 0 0 0 0 0 0 0 0 0 0 0 0 0 0 0 0 0 0 0 0 0 0 0 0
0 0 0 0 0 0 0 0 0 0 0 0 0 0 0 0 0 0 0 0 0 0 0 0 0 0 0 0 0 0 0 0 0 0 0 0 0 0 0 0 0 0 0 0 0 0 0 0 0 0 0 0 0 0 0 0 0 0 0 0 0 0
0 0 0 0 0 0 0 0 0 0 0 0 0 0 0 0 0 0 0 0 0 0 0 0 0 0 0 0 0 0 0 0 0 0 0 0 0 0 0 0 0 0 0 0 0 0 0 0 0 0 0 0 0 0 0 0 0 0 0 0 0 0
0 0 0 0 2 1 0 0 0 0 0 0 0 0 0 0 0 0 0 0 0 0 0 0 0 0 0 2 0 0 0 0 0 0 0 0 0 0 0 0 0 0 0 0 0 0 1 0 0 0 0 2 0 0 0 0 0 0 0 0 0 0
0 0 0 0 0 0 0 0 0 0 0 0 0 0 0 0 0 0 0 1 0 0 0 0 0 0 0 0 1 0 0 1 0 1 0 0 0 0 0 1 0 0 1 0 0 0 0 0 0 0 0 0 1 0 1 0 2 0 0 0 0 0
0 0 0 0 0 0 0 0 0 0 0 0 0 0 0 0 0 0 0 0 0 0 0 0 0 0 0 0 0 0 0 0 1 0 0 0 0 0 0 0 0 0 0 0 0 0 0 0 0 0 0 0 0 0 1 0 0 0 0 0 0 0
0 0 0 0 0 0 0 0 0 0 0 0 0 0 0 0 0 0 0 0 0 0 0 0 0 0 0 0 0 0 0 0 0 0 0 0 0 0 0 0 0 0 0 0 0 0 0 0 0 0 0 0 0 0 0 0 0 0 0 0 0 0
0 0 0 0 2 0 1 0 0 0 0 0 5 0 3 0 2 0 3 0 0 4 0 4 0 0 2 2 0 3 1 0 0 1 3 0 0 0 2 2 1 2 0 0 1 0 0 0 0 1 0 2 0 0 2 3 0 0 0 0 0 0
0 0 0 0 3 0 1 0 0 0 0 0 0 0 0 0 0 0 0 1 0 2 0 0 0 3 0 0 1 0 1 0 3 1 0 0 0 0 0 0 0 0 0 0 0 2 3 0 0 4 0 0 0 0 0 0 0 0 0 0 0 0
0 0 0 0 7 0 0 0 1 3 1 0 6 1 0 0 0 5 0 0 0 0 2 1 0 2 0 0 3 1 0 1 0 2 0 0 0 2 1 1 0 3 0 0 0 1 1 0 0 0 0 3 0 1 0 1 2 0 0 0 0 0
0 0 0 0 3 0 0 6 0 6 2 7 2 0 4 6 0 1 0 5 0 2 4 0 0 5 3 2 6 0 1 3 3 0 4 0 0 0 6 0 2 2 0 0 0 0 0 0 0 2 0 4 4 0 7 0 2 0 0 0 0 0
0 0 0 0 0 0 0 0 0 0 0 0 0 0 0 0 0 0 0 0 0 0 0 0 0 0 0 0 0 0 0 0 0 0 0 0 0 0 0 0 0 0 0 0 0 0 0 0 0 0 0 0 0 0 0 0 0 0 0 0 0 0
0 0 0 0 0 0 0 0 0 0 0 0 0 0 0 0 0 0 0 0 0 0 0 0 0 0 0 0 0 0 0 0 0 0 0 0 0 0 0 0 0 0 0 0 0 0 0 0 0 0 0 0 0 0 0 0 0 0 0 0 0 0
0 0 0 0 0 0 0 0 0 0 0 0 0 0 0 0 0 0 0 0 0 0 0 0 0 0 0 0 0 0 0 0 0 0 0 0 0 0 0 0 0 0 0 0 0 0 0 0 0 0 0 0 0 0 0 0 0 0 0 0 0 0
0 0 0 0 0 0 0 0 0 0 0 0 0 0 0 0 0 0 0 0 0 0 0 0 0 0 0 0 0 0 0 0 0 0 0 0 0 0 0 0 0 0 0 0 0 0 0 0 0 0 0 0 0 1 0 0 0 0 0 0 0 0

k
0 3 0 0 0 0 0 0 2 0 0 4 7 11 0 0 4 3 19 0 0 6 4 10 6 0 0 0 21 0 27 0 0 52 52 52 5

f
8.75 8.75 5.25 5.25 0.0 0.0 0.0 0.0 0.0 0.0 5.25 5.25 0.0 0.0 0.0 0.0 5.25 0.0 0.0 0.0 5.25 0.0 0.0 0.0 0.0 0.0 0.0 5.25 0.0 0.0 0.0 0.0 5.25 5.25 5.25 0.0 5.25 1.75 0.0 0.0 0.0 0.0 12.25 8.75 0.0 0.0 0.0 1.75 0.0 0.0 0.0 0.0 0.0 0.0 0.0 0.0 0.0 0.0 0.0 0.0 0.0 0.0
5.5 5.5 0.0 0.0 0.0 0.0 0.5 0.0 17.5 4.5 0.0 3.5 0.0 0.0 0.5 0.0 0.0 0.0 7.5 1.0 0.0 0.0 5.0 0.0 9.0 15.0 0.0 0.0 0.0 0.0 1.0 0.0 0.0 0.0 0.0 0.0 0.0 0.0 0.0 0.0 0.0 0.0 0.0 0.0 0.0 0.0 0.0 0.0 7.5 0.0 0.0 0.5 1.5 0.0 0.0 0.0 0.0 0.0 0.0 0.0 0.0 0.0
0.0 0.0 0.0 0.0 0.0 0.0 0.0 0.0 0.0 0.0 0.0 0.0 0.0 0.0 0.0 0.0 0.0 0.0 0.0 0.0 0.0 0.0 0.0 0.0 0.0 0.0 0.0 0.0 0.0 0.0 0.0 0.0 0.0 0.0 0.0 0.0 0.0 0.0 0.0 0.0 0.0 0.0 0.0 0.0 0.0 0.0 0.0 0.0 0.0 0.0 0.0 0.0 0.0 0.0 0.0 0.0 0.0 0.0 0.0 0.0 0.0 0.0
0.0 1.25 0.0 3.75 0.0 0.25 0.25 0.0 0.0 0.0 0.0 0.75 0.0 1.75 0.0 0.75 1.25 5.25 0.25 0.75 0.0 3.75 0.0 9.25 1.75 0.25 0.0 4.25 0.75 1.25 1.25 5.25 0.25 3.25 7.25 0.0 7.75 0.0 0.25 4.75 0.25 1.25 0.0 6.75 0.25 0.25 0.25 0.25 0.25 0.25 16.25 0.0 6.25 0.0 0.0 0.0 0.0 0.0 0.0 0.0 0.0 0.0

L
0 0 0 0 0 0 0 2 0 0 2 0 2 0 2 0 2 0 0 6 0 0 0 0 0 0 0 22 0 0 0 0 0 0 0 0 0

g
0 0 0 0 0 0 0 0 1 0 0 0 0 0 1 0 0 0 0 0 0 0 0 0 0 0 1 0 0 0 0 0 0 0 0 0 0 0 0 0 0 0 0 0 0 0 0 0 0 0 0 0 0 0 0 0 0 0 0 0 0 0
0 0 0 0 0 0 0 0 0 0 0 0 0 0 0 0 0 0 0 0 0 0 0 0 0 0 0 0 0 0 0 0 0 0 0 0 0 0 0 0 0 0 0 0 0 0 0 0 0 0 0 1 0 0 0 0 0 0 0 0 0 0
0 0 0 0 0 0 1 0 0 0 0 0 0 0 0 0 0 0 0 0 0 0 0 0 0 0 0 0 0 0 0 0 0 0 0 0 0 0 0 1 0 0 0 0 0 0 0 0 0 0 0 0 0 0 0 0 0 0 0 0 0 0
0 0 0 0 0 0 0 0 0 0 1 0 0 0 0 0 0 0 0 0 0 0 0 0 0 0 0 0 0 0 0 0 0 0 0 0 0 0 0 0 0 0 0 0 0 0 0 0 0 0 0 0 1 0 0 0 0 0 0 0 0 0
0 0 0 0 0 0 0 0 0 0 0 0 0 0 0 0 0 0 1 0 0 0 0 0 0 0 0 0 0 0 0 0 0 0 1 0 0 0 0 0 0 0 0 0 0 0 0 0 0 0 1 0 0 0 1 0 0 0 0 0 0 0
0 0 0 0 0 0 0 0 0 0 0 0 0 0 0 0 0 0 0 0 0 0 0 0 0 0 0 0 0 0 0 0 0 0 0 1 0 1 0 0 0 0 0 0 0 0 0 0 0 0 0 0 0 0 0 0 0 0 0 0 0 0
0 0 0 0 0 0 0 0 0 0 0 0 0 0 0 0 0 0 0 0 1 0 0 0 0 0 0 0 0 1 0 0 0 0 1 0 0 0 0 0 0 0 0 0 0 0 0 0 0 0 0 0 0 0 0 0 0 0 0 0 0 0
0 0 0 0 0 0 0 0 0 0 0 0 0 0 0 0 0 0 0 0 0 0 0 0 0 0 0 0 0 0 0 0 0 0 0 0 0 0 0 0 0 0 0 0 0 0 0 0 0 0 0 0 0 0 0 0 0 0 0 0 0 0
0 0 0 0 0 0 0 0 0 0 0 0 0 0 0 0 0 0 0 0 0 0 0 0 0 0 0 0 0 0 0 0 0 0 0 0 0 0 0 0 0 0 0 0 0 0 0 0 0 0 0 0 0 0 0 0 0 0 0 0 0 0
0 0 0 0 0 0 0 0 1 0 0 0 0 0 0 0 0 0 0 0 0 0 0 0 0 0 0 0 0 0 0 0 0 0 0 0 0 0 0 0 0 0 1 0 1 0 0 0 1 0 2 0 0 0 0 0 1 0 0 0 0 0
0 0 0 0 0 0 0 0 0 0 0 0 0 0 0 0 0 0 0 0 0 0 0 0 0 0 0 0 0 0 0 0 0 0 0 0 0 0 0 0 0 0 0 0 0 0 0 0 0 0 0 0 0 0 0 0 0 0 0 0 0 0
0 0 0 0 0 0 0 0 0 0 0 0 0 0 0 0 0 0 0 0 0 0 0 0 0 0 0 0 0 0 0 0 0 0 0 0 0 0 0 0 0 0 0 0 0 0 0 0 0 0 0 0 0 0 0 0 0 0 0 0 0 0
0 0 0 0 0 0 0 0 0 0 0 0 0 0 0 0 0 0 0 0 0 0 0 0 0 0 0 0 0 0 0 0 0 0 0 0 0 0 0 0 0 0 0 0 0 0 0 0 0 0 0 0 0 0 0 0 0 0 0 0 0 0
0 0 0 0 0 0 0 0 0 0 0 0 0 0 0 0 0 0 0 0 0 0 0 0 0 0 0 0 0 0 0 0 0 0 0 0 0 0 0 0 0 0 0 0 0 0 0 0 0 0 0 0 0 0 0 0 0 0 0 0 0 0
0 0 0 0 0 0 0 0 0 0 0 0 0 0 0 0 0 0 0 0 0 0 0 0 0 0 0 0 0 0 0 0 0 0 0 0 0 0 0 0 0 0 0 0 0 0 0 0 0 0 0 0 0 0 0 0 0 0 0 0 0 0
0 0 0 0 0 0 0 0 0 0 0 0 0 0 0 0 0 0 0 0 0 0 0 0 0 0 0 0 0 0 0 0 0 0 0 0 0 0 0 0 0 0 0 0 0 0 0 0 0 0 0 0 0 0 0 0 0 0 0 0 0 0
0 0 0 0 0 0 0 0 0 0 0 0 0 0 0 0 0 0 0 0 0 0 0 0 0 0 0 0 0 0 0 0 0 0 0 0 0 0 0 0 0 0 0 0 0 0 0 0 0 0 0 0 0 0 0 0 0 0 0 0 0 0
0 0 0 0 0 0 0 0 0 0 0 0 0 0 0 0 0 0 0 0 0 0 0 0 0 0 0 0 0 0 0 0 0 0 0 0 0 0 0 0 0 0 0 0 0 0 0 0 0 0 0 0 0 0 0 0 0 0 0 0 0 0
0 0 0 0 0 0 0 0 0 0 1 0 0 0 0 0 0 0 0 0 0 0 0 0 0 0 0 0 0 0 0 0 0 0 0 0 0 0 0 0 0 0 0 0 0 0 0 0 0 0 0 0 0 0 0 0 0 0 0 0 0 0
0 0 0 0 0 0 0 0 0 0 0 0 0 0 0 0 0 0 0 0 0 0 0 0 0 0 0 0 0 0 0 0 0 0 0 0 0 0 0 0 0 0 0 0 0 0 0 0 0 0 0 0 0 0 0 0 0 0 0 0 0 0
0 0 0 0 0 0 0 0 0 0 0 0 0 0 0 0 0 0 0 0 0 0 0 0 0 0 0 0 1 0 0 0 0 0 0 0 0 0 0 0 0 0 0 0 0 0 0 0 0 0 0 0 0 0 1 0 0 0 0 0 0 0
0 0 0 0 0 0 0 0 0 0 0 0 0 0 0 0 0 0 0 0 0 0 0 0 0 0 0 0 0 0 0 0 0 0 0 0 0 0 0 0 0 0 0 0 0 0 0 0 0 0 0 0 0 0 0 0 0 0 0 0 0 0
0 0 0 0 0 0 0 0 0 0 0 0 0 0 0 0 0 0 0 0 0 0 0 0 0 0 0 0 0 0 0 0 0 0 0 0 0 0 0 0 0 0 0 0 0 0 0 0 0 0 0 0 0 0 0 0 0 0 0 0 0 0
0 0 0 0 0 0 0 0 0 0 0 0 0 0 0 0 0 0 0 0 0 0 0 0 0 0 0 0 0 0 0 0 0 0 0 0 0 0 0 0 0 0 0 0 0 0 0 0 0 0 0 0 0 0 0 0 0 0 0 0 0 0
0 0 0 0 0 0 0 0 0 0 0 0 0 0 0 0 0 0 0 0 0 0 0 0 0 0 0 0 0 0 0 0 0 0 0 0 0 0 0 0 0 0 0 0 0 0 0 0 0 0 0 0 0 0 0 0 0 0 0 0 0 0
0 0 0 0 1 0 0 0 0 0 0 0 0 0 0 0 0 0 0 0 0 0 0 0 0 0 0 1 0 0 0 0 0 0 0 0 0 0 0 0 0 0 0 0 0 0 0 0 0 0 0 1 0 0 0 0 0 0 0 0 0 0
0 0 0 0 0 0 0 0 0 0 0 0 0 0 0 0 0 0 0 0 0 0 0 0 0 0 0 0 0 0 0 0 0 0 0 0 0 0 0 0 0 0 0 0 0 0 0 0 0 0 0 0 0 0 0 0 1 0 0 0 0 0
0 0 0 0 0 0 0 0 0 0 0 0 0 0 0 0 0 0 0 0 0 0 0 0 0 0 0 0 0 0 0 0 0 0 0 0 0 0 0 0 0 0 0 0 0 0 0 0 0 0 0 0 0 0 0 0 0 0 0 0 0 0
0 0 0 0 0 0 0 0 0 0 0 0 0 0 0 0 0 0 0 0 0 0 0 0 0 0 0 0 0 0 0 0 0 0 0 0 0 0 0 0 0 0 0 0 0 0 0 0 0 0 0 0 0 0 0 0 0 0 0 0 0 0
0 0 0 0 1 0 0 0 0 0 0 0 4 0 2 0 1 0 2 0 0 3 0 3 0 0 1 1 0 2 0 0 0 0 2 0 0 0 1 1 0 1 0 0 0 0 0 0 0 0 0 1 0 0 1 2 0 0 0 0 0 0
0 0 0 0 2 0 0 0 0 0 0 0 0 0 0 0 0 0 0 0 0 1 0 0 0 2 0 0 0 0 0 0 2 0 0 0 0 0 0 0 0 0 0 0 0 1 2 0 0 3 0 0 0 0 0 0 0 0 0 0 0 0
0 0 0 0 6 0 0 0 0 2 0 0 5 0 0 0 0 4 0 0 0 0 1 0 0 1 0 0 2 0 0 0 0 1 0 0 0 1 0 0 0 2 0 0 0 0 0 0 0 0 0 2 0 0 0 0 1 0 0 0 0 0
0 0 0 0 1 0 0 4 0 4 0 5 0 0 2 4 0 0 0 3 0 0 2 0 0 3 1 0 4 0 0 1 1 0 2 0 0 0 4 0 0 0 0 0 0 0 0 0 0 0 0 2 2 0 5 0 0 0 0 0 0 0
0 0 0 0 0 0 0 0 0 0 0 0 0 0 0 0 0 0 0 0 0 0 0 0 0 0 0 0 0 0 0 0 0 0 0 0 0 0 0 0 0 0 0 0 0 0 0 0 0 0 0 0 0 0 0 0 0 0 0 0 0 0
0 0 0 0 0 0 0 0 0 0 0 0 0 0 0 0 0 0 0 0 0 0 0 0 0 0 0 0 0 0 0 0 0 0 0 0 0 0 0 0 0 0 0 0 0 0 0 0 0 0 0 0 0 0 0 0 0 0 0 0 0 0
0 0 0 0 0 0 0 0 0 0 0 0 0 0 0 0 0 0 0 0 0 0 0 0 0 0 0 0 0 0 0 0 0 0 0 0 0 0 0 0 0 0 0 0 0 0 0 0 0 0 0 0 0 0 0 0 0 0 0 0 0 0
0 0 0 0 0 0 0 0 0 0 0 0 0 0 0 0 0 0 0 0 0 0 0 0 0 0 0 0 0 0 0 0 0 0 0 0 0 0 0 0 0 0 0 0 0 0 0 0 0 0 0 0 0 0 0 0 0 0 0 0 0 0

I cap
1069.1470588235295 1069.1470588235295 949.5870588235296 902.5870588235296 661.8599999999997 544.3599999999997 376.7400000000014 705.6200000000003 429.3199999999998 669.039999999999 305.100000000001 623.6800000000012 655.9000000000008 728.6000000000013 669.1199999999992 628.9870588235292 511.06705882353174 441.40705882353126 326.74705882352936 462.9870588235294 138.8070588235304 644.6670588235297 352.2470588235301 441.6870588235304 468.58705882353036 571.3670588235289 582.1670588235294 286.8870588235287 172.2670588235302 31.907058823530633 411.70705882352956 577.0270588235298 570.8870588235295 465.8870588235302 15.280000000000356 50.199999999999704 50.760000000000026 231.18000000000018 281.0800000000012 345.18000000000063 159.56000000000057 394.10000000000065 383.4600000000012 435.5400000000013 355.6800000000009 368.85999999999956 514.3000000000006 405.20000000000147 394.78000000000134 595.7000000000007 497.3600000000003 178.0399999999999 74.24000000000132 600.2000000000012 631.3400000000001 849.3800000000003 666.0999999999996 709.90705882353 841.1870588235298 986.5870588235296 1069.1470588235295 1069.1470588235295
108.08823529411765 108.08823529411765 67.64823529411765 67.64823529411765 26.139999999999972 25.639999999999986 2.259999999999989 10.379999999999978 1.6800000000000084 27.959999999999994 17.900000000000063 43.320000000000036 53.099999999999994 26.39999999999995 15.879999999999978 4.248235294117546 62.168235294117764 19.828235294117615 5.488235294117634 8.248235294117634 37.428235294117634 69.5682352941177 6.988235294117608 9.548235294117681 1.6482352941176845 42.86823529411763 42.0682352941176 6.348235294117703 10.968235294117672 4.328235294117672 40.52823529411765 37.20823529411759 5.3482352941176 1.3482352941176785 9.719999999999963 35.799999999999926 33.24 61.820000000000064 24.919999999999966 23.82000000000008 39.44000000000004 44.89999999999999 0.5400000000000187 16.45999999999999 17.32000000000007 3.1399999999999237 55.30000000000004 28.400000000000038 10.020000000000028 11.3000000000001 2.640000000000036 5.9600000000000115 15.360000000000028 10.300000000000015 10.359999999999989 47.519999999999975 12.899999999999991 11.328235294117622 78.04823529411766 104.64823529411765 108.08823529411765 108.08823529411765
39.405882352941184 39.405882352941184 39.405882352941184 39.405882352941184 44.099999999999994 42.0 26.633333333333333 23.833333333333336 25.23333333333334 39.2 16.799999999999997 8.400000000000002 3.5 22.4 24.5 17.73921568627452 10.072549019607854 10.072549019607854 10.072549019607854 24.73921568627452 24.73921568627452 39.405882352941184 39.405882352941184 39.405882352941184 39.405882352941184 39.405882352941184 39.405882352941184 39.405882352941184 3.0725490196078535 3.0725490196078535 3.0725490196078535 39.405882352941184 32.405882352941184 17.73921568627452 2.1333333333333346 4.2333333333333325 18.2 23.1 12.633333333333331 1.4666666666666668 8.466666666666667 25.23333333333334 46.900000000000006 46.2 43.400000000000006 41.3 20.566666666666666 26.16666666666666 28.666666666666664 46.2 34.333333333333336 34.333333333333336 12.900000000000016 24.066666666666666 5.63333333333334 23.166666666666657 24.566666666666677 39.405882352941184 39.405882352941184 39.405882352941184 39.405882352941184 39.405882352941184
45.35588235294117 45.35588235294117 43.25588235294117 30.51588235294118 19.10000000000001 34.03000000000002 25.859999999999975 33.10999999999999 26.209999999999965 34.05000000000002 32.40000000000004 0.7499999999999414 2.8000000000000282 11.449999999999992 4.36000000000002 26.575882352941182 29.005882352941168 21.33588235294117 19.04588235294119 37.6658823529412 11.965882352941179 12.805882352941126 7.245882352941179 7.4558823529411695 30.665882352941225 22.5458823529412 10.855882352941151 20.775882352941146 14.005882352941176 6.955882352941201 29.3058823529412 37.87588235294119 29.385882352941223 9.745882352941202 15.100000000000012 24.299999999999997 24.330000000000023 11.899999999999952 4.669999999999991 21.240000000000002 3.5599999999999836 21.710000000000043 38.08000000000004 25.710000000000047 24.830000000000023 36.030000000000115 41.140000000000036 33.51 22.0400000000001 29.98000000000008 28.46000000000004 30.86000000000008 46.62000000000003 27.180000000000046 1.1800000000000193 17.250000000000025 37.05000000000005 31.47588235294116 39.555882352941175 44.72588235294117 45.35588235294117 45.35588235294117
20.97941176470588 20.97941176470588 20.13941176470588 19.439411764705877 3.2799999999999994 12.910000000000007 1.9199999999999982 11.550000000000006 8.769999999999998 16.590000000000014 16.96 19.71 20.12 22.11000000000001 15.780000000000006 17.859411764705875 18.369411764705863 16.259411764705888 15.619411764705877 15.769411764705868 12.479411764705876 8.52941176470587 5.659411764705865 5.279411764705866 12.889411764705857 3.979411764705891 3.3494117647058834 3.79941176470587 10.8694117647059 9.509411764705902 8.8694117647059 14.019411764705875 4.5994117647058985 4.369411764705896 3.9900000000000073 14.239999999999991 11.740000000000032 11.760000000000007 10.130000000000027 7.000000000000027 1.410000000000006 13.030000000000044 14.900000000000027 18.39000000000002 15.250000000000039 10.230000000000008 4.380000000000017 1.9000000000000057 7.399999999999988 1.2100000000000182 3.060000000000014 4.219999999999999 14.300000000000011 13.920000000000012 14.060000000000006 15.750000000000002 18.039999999999985 18.119411764705884 20.76941176470588 20.76941176470588 20.97941176470588 20.97941176470588
347.11764705882354 347.11764705882354 343.1276470588235 105.3994117647059 71.52411764705884 107.88411764705887 275.1999999999999 224.40882352941173 95.72705882352929 90.76117647058857 129.23235294117615 11.473529411764929 123.50235294117627 111.64411764705855 201.39058823529425 276.90764705882333 153.24176470588216 197.70058823529368 152.1305882352942 254.22764705882364 281.387647058823 205.84529411764686 183.20764705882368 200.80941176470586 176.9358823529415 258.2788235294117 259.60882352941167 184.44411764705853 142.62823529411747 149.16000000000008 219.10705882352912 279.5682352941177 177.8858823529412 204.68882352941168 143.67117647058814 246.25999999999988 214.42764705882342 225.62000000000006 202.4905882352937 240.58117647058796 130.4470588235295 250.03176470588218 163.9217647058821 192.10999999999927 189.318823529412 161.85941176470538 239.5811764705879 233.90058823529378 244.62999999999974 267.36999999999966 165.5064705882354 200.01176470588192 228.93058823529412 282.65058823529444 247.9994117647063 209.62823529411764 209.00176470588247 167.29882352941195 288.17764705882354 343.1276470588235 347.11764705882354 347.11764705882354
777.6176470588235 777.6176470588235 745.6976470588236 477.9476470588237 394.5699999999997 701.1799999999996 195.88999999999976 256.84000000000003 262.24999999999943 293.32999999999925 1.7999999999992724 207.00000000000045 677.5699999999985 493.8299999999998 63.829999999999814 321.0276470588226 576.107647058823 580.7876470588246 232.41764705882343 342.6676470588229 411.69764705882346 200.36764705882342 315.7876470588235 555.277647058823 177.68764705882347 40.937647058823586 247.15764705882356 7.117647058822968 278.9876470588232 492.74764705882376 285.8676470588239 194.4276470588236 446.6676470588229 281.207647058823 199.50999999999988 479.61999999999915 550.8499999999985 85.95999999999788 137.25999999999974 252.63999999999973 36.20000000000016 443.42999999999904 621.06 554.4399999999998 504.5599999999997 536.4499999999986 584.6599999999999 504.6799999999997 402.4799999999997 459.6700000000002 350.85 128.8499999999999 346.3100000000002 111.89000000000055 236.0799999999997 420.2099999999999 474.49000000000024 658.4776470588234 676.5376470588236 762.7076470588236 777.6176470588235 777.6176470588235
80.27352941176471 80.27352941176471 78.80352941176471 77.40352941176471 65.14 87.08 75.47 81.07000000000001 79.67999999999998 88.07999999999997 77.31000000000003 84.10999999999999 93.56 93.50999999999999 83.39999999999998 75.14352941176469 73.78352941176472 72.88352941176473 72.94352941176471 76.54352941176472 71.21352941176472 73.62352941176472 69.0935294117647 68.8835294117647 71.99352941176471 71.61352941176473 70.4235294117647 71.42352941176469 72.11352941176472 70.9035294117647 75.2535294117647 75.06352941176468 75.18352941176475 71.3835294117647 40.99 59.48 66.38 61.180000000000106 60.85000000000002 65.73 62.70999999999992 73.05000000000001 74.6 80.1 80.90000000000002 86.69 84.36000000000001 75.83000000000001 69.95000000000002 68.55000000000004 69.80000000000004 66.19999999999993 64.08000000000003 56.21999999999997 53.48999999999998 53.07999999999999 62.28000000000002 76.8535294117647 79.64352941176472 79.64352941176472 80.27352941176471 80.27352941176471
10.788235294117648 10.788235294117648 9.738235294117647 8.478235294117647 1.6200000000000063 3.5599999999999987 1.4600000000000026 3.4700000000000024 1.4899999999999967 1.1100000000000056 0.39000000000000323 2.1899999999999995 0.7899999999999965 1.7100000000000035 2.889999999999999 2.7982352941176485 6.058235294117651 7.158235294117648 3.5282352941176445 1.3482352941176554 1.2582352941176476 1.098235294117648 1.7282352941176438 2.1882352941176473 4.198235294117648 6.108235294117647 6.108235294117651 6.428235294117648 4.758235294117645 2.358235294117648 1.2582352941176476 4.758235294117648 2.358235294117648 0.17823529411764394 3.6000000000000023 2.2 6.300000000000001 7.140000000000001 6.950000000000001 6.890000000000001 3.9300000000000006 4.250000000000001 4.790000000000008 1.6899999999999897 3.390000000000007 3.91 1.420000000000016 1.1000000000000039 1.4199999999999997 5.000000000000006 8.870000000000001 11.8 9.879999999999995 4.079999999999999 1.9999999999999996 4.400000000000001 1.5999999999999979 1.1882352941176482 1.1882352941176446 10.788235294117648 10.788235294117648 10.788235294117648
2.552941176470588 2.552941176470588 1.9229411764705882 0.6629411764705883 1.21 0.04999999999999993 0.40000000000000024 0.2100000000000002 1.12 0.42000000000000026 1.54 0.1399999999999999 0.1399999999999999 0.8400000000000006 0.42000000000000026 0.8729411764705882 0.6629411764705883 0.6629411764705883 0.6029411764705881 0.21294117647058863 0.1829411764705886 0.03294117647058825 0.9629411764705882 1.2029411764705882 0.15294117647058825 0.6629411764705883 0.8729411764705882 0.8729411764705882 1.2929411764705883 0.18294117647058816 1.052941176470588 1.4429411764705888 1.4429411764705886 1.052941176470588 0.5800000000000012 1.3000000000000003 1.6899999999999997 0.8400000000000001 1.42 0.2599999999999999 0.19000000000000017 0.5100000000000007 1.66 0.2599999999999999 0.2100000000000002 0.15999999999999992 6.661338147750939e-16 0.4500000000000014 0.28 0.8200000000000024 0.3300000000000005 0.6699999999999999 1.15 1.1800000000000002 0.16999999999999993 0.16999999999999993 0.8499999999999999 0.2129411764705882 0.8129411764705881 1.9229411764705882 2.552941176470588 2.552941176470588
8.466732771830209 8.466732771830209 8.466732771830209 6.706297200142361 3.3447421234119803 5.83244106473079 3.309845458257702 5.666273275862057 6.630342528735628 4.762604626436765 4.1588561494252705 3.05331009376889 5.235403584392001 3.2780984815486915 2.2934909150030167 3.4189335662431777 5.685163157894722 4.302845665456745 0.6015884724742809 3.153101120689648 3.5149200164989205 3.9079630399273917 3.3590315003024767 3.4304725801572813 3.407105862068958 2.068154313369617 1.7232595977011427 4.3753976406533415 3.0770342286751253 4.751326893526907 6.067571464004831 6.006557011494246 4.2331669267997585 3.218353307622489 7.312349909255876 11.011157068965488 6.127474827586204 4.190861899576522 2.6891924712643673 3.646853647912878 2.843075719903199 4.398245054446461 5.060458275862051 5.495127558983665 5.107816234119768 5.096693735632168 3.8017596551723956 3.3952976436781483 2.092432386569861 2.9064757168783926 3.39314632486387 1.2673235027223144 3.6133739655172255 2.0612343708408867 3.4731319267997427 3.58913692075014 2.6061437068965487 6.340295645393425 7.60466346148538 8.121905185623312 8.466732771830209 7.432250013209519
700.0 700.0 700.0 697.0 690.0 687.0 680.0 686.0 688.0 692.0 682.0 686.0 689.0 686.0 688.0 685.0 685.0 686.0 680.0 684.0 681.0 684.0 688.0 681.0 687.0 682.0 690.0 687.0 676.0 679.0 684.0 688.0 686.0 683.0 679.0 684.0 683.0 684.0 683.0 678.0 675.0 685.0 678.0 688.0 683.0 680.0 682.0 672.0 674.0 683.0 680.0 683.0 675.0 682.0 680.0 686.0 680.0 691.0 691.0 699.0 700.0 695.0

H cap
-8.75 -8.75 -5.25 -5.25 5.25 5.25 15.75 5.25 15.75 5.25 -5.25 -5.25 1.75 1.75 5.25 8.75 -5.25 1.75 12.25 1.75 -5.25 5.25 15.75 5.25 29.75 8.75 15.75 -5.25 1.75 1.75 15.75 8.75 -5.25 -5.25 -5.25 15.75 -5.25 -1.75 12.25 1.75 8.75 8.75 -12.25 -8.75 12.25 1.75 5.25 -1.75 1.75 61.25 5.25 5.25 1.75 12.25 131.25 131.25 131.25 131.25 131.25 131.25 131.25 131.25
-5.5 -5.5 31.5 13.5 11.5 2.5 -0.5 5.5 -17.5 -4.5 8.5 -3.5 17.5 15.0 -0.5 1.0 18.0 10.0 -7.5 -1.0 17.5 7.5 -5.0 8.0 -9.0 -15.0 8.5 15.0 3.0 5.0 -1.0 12.0 40.0 34.0 8.0 1.0 19.5 7.5 8.5 27.5 25.5 16.5 13.5 16.0 23.0 8.5 2.5 0.5 -7.5 12.5 0.5 -0.5 -1.5 12.5 52.5 52.5 52.5 52.5 52.5 52.5 52.5 52.5
45.5 42.0 45.5 49.0 49.0 49.0 38.5 35.0 52.5 49.0 45.5 49.0 52.5 49.0 35.0 38.5 52.5 52.5 45.5 42.0 45.5 49.0 52.5 42.0 35.0 38.5 45.5 49.0 42.0 45.5 45.5 49.0 56.0 56.0 52.5 42.0 49.0 52.5 45.5 42.0 42.0 42.0 42.0 38.5 35.0 42.0 38.5 31.5 31.5 38.5 38.5 45.5 42.0 42.0 63.0 63.0 63.0 63.0 63.0 63.0 63.0 63.0
3.25 -1.25 0.75 -3.75 4.25 -0.25 -0.25 0.25 0.75 0.25 0.25 -0.75 0.25 -1.75 0.25 -0.75 -1.25 -5.25 -0.25 -0.75 0.25 -3.75 0.25 -9.25 -1.75 -0.25 0.25 -4.25 -0.75 -1.25 -1.25 -5.25 -0.25 -3.25 -7.25 0.75 -7.75 0.25 -0.25 -4.75 -0.25 -1.25 0.25 -6.75 -0.25 -0.25 -0.25 -0.25 -0.25 -0.25 -16.25 19.25 -6.25 0.75 78.75 78.75 78.75 78.75 78.75 78.75 78.75 78.75

