T P M C
62 37 4 12

base obj
15468.17655178641

exp obj
15525.17655178641

Objective struct
106.3924137308314 15574.568965517241 149.0 92.0

num campaigns
388

x
0 0 0 0 0 0 0 0 0 0 0 0 0 0 1 1 0 0 1 1 0 0 1 1 0 0 0 1 1 1 0 0 0 0 0 0 0 1 0 0 0 0 0 0 1 0 0 1 0 1 0 0 0 0 0 0 0 0 0 0 0 0
0 0 0 0 2 0 0 0 1 0 0 0 1 0 0 0 0 0 0 0 0 0 0 0 0 0 0 0 0 0 0 0 0 0 1 0 0 0 0 1 0 0 0 0 0 1 0 0 1 0 0 1 0 0 1 0 0 0 0 0 0 0
0 0 0 0 0 0 0 0 0 0 0 1 2 0 0 0 0 0 0 0 0 0 0 0 0 1 2 0 0 0 2 0 2 1 0 0 0 0 0 1 0 0 0 1 0 0 0 0 0 0 0 0 0 0 0 0 0 0 0 0 0 0
0 0 0 0 0 0 0 0 0 0 0 0 1 0 0 1 0 0 0 0 0 0 0 0 1 0 1 0 0 0 0 0 0 0 0 0 0 0 0 0 0 0 2 0 0 0 0 0 0 0 0 2 1 1 1 0 0 0 0 0 0 0
0 0 0 0 0 0 1 0 3 0 0 0 0 1 0 0 1 0 0 0 0 1 0 0 0 0 1 0 0 0 0 3 1 0 0 0 0 0 0 0 0 0 0 0 0 0 0 0 0 0 4 0 0 1 0 0 0 0 0 0 0 0
0 0 0 0 0 0 1 0 0 1 0 0 0 0 0 0 1 0 0 0 0 1 0 0 0 0 0 0 0 0 0 0 0 1 0 0 1 1 1 1 1 0 0 0 0 0 0 0 0 0 0 0 1 0 1 0 0 0 0 0 0 0
0 0 0 0 0 0 0 0 0 0 1 3 1 0 0 0 0 0 0 0 0 0 1 0 0 0 0 0 0 0 0 0 1 2 0 1 0 0 0 0 1 1 0 0 0 0 0 0 0 0 0 0 0 0 0 0 0 0 0 0 0 0
0 0 0 0 1 1 0 0 0 0 0 0 0 0 0 0 0 0 0 0 0 0 0 0 0 1 0 0 0 0 0 0 0 0 0 0 0 0 0 0 0 0 0 0 0 0 0 0 0 0 0 0 0 0 0 0 1 0 0 0 0 0
0 0 0 0 0 0 0 0 0 0 0 0 0 0 0 0 0 0 0 0 0 0 0 0 0 0 0 0 0 0 0 0 0 0 0 0 0 0 0 0 0 0 0 0 0 0 0 0 0 0 0 0 0 0 0 0 0 0 0 0 0 0
0 0 0 0 0 0 0 0 0 1 1 1 0 2 1 1 0 0 0 2 1 1 0 0 1 0 0 1 0 1 1 1 0 1 0 0 1 0 0 0 0 0 0 3 0 2 0 2 1 1 1 0 1 0 0 0 0 0 0 0 0 0
0 0 0 0 0 0 0 0 1 0 0 0 0 0 0 0 1 1 0 0 0 1 0 0 0 0 0 0 0 0 0 0 0 0 0 1 0 0 0 0 0 0 0 0 0 0 0 0 0 0 0 0 0 0 0 0 0 0 0 0 0 0
0 0 0 0 0 0 1 0 0 0 0 0 0 0 0 0 0 0 0 0 0 0 0 0 0 0 0 0 0 0 0 0 0 0 0 0 0 0 0 0 0 0 0 0 0 0 0 0 0 0 0 0 0 0 0 1 0 0 0 0 0 0
0 0 0 0 0 0 0 0 1 0 0 0 0 0 0 0 0 0 0 0 0 0 0 0 0 0 0 0 0 0 0 1 0 0 1 0 0 0 0 0 1 0 0 0 0 0 0 0 0 0 0 1 0 1 0 0 1 0 0 0 0 0
0 0 0 0 0 0 0 0 0 0 0 0 0 0 0 0 0 0 0 0 0 0 0 0 0 0 0 0 0 0 0 0 0 0 0 0 0 0 0 0 0 0 0 0 0 0 0 0 0 0 0 0 0 0 0 0 0 0 0 0 0 0
0 0 0 0 0 0 0 1 0 0 1 0 0 0 0 0 0 1 0 0 0 0 0 0 0 0 0 0 0 0 0 0 0 0 0 1 0 0 0 0 0 1 0 0 0 0 1 0 0 0 0 0 0 0 0 0 1 0 0 0 0 0
0 0 0 0 0 0 0 0 0 0 0 0 0 0 0 0 0 0 0 0 0 0 0 0 1 0 0 0 0 0 0 0 0 0 0 0 0 0 0 0 0 0 0 0 0 0 0 0 0 0 0 0 0 0 0 0 0 0 0 0 0 0
0 0 0 0 0 0 0 0 0 0 0 0 0 1 0 0 0 0 0 0 1 0 0 0 0 0 0 0 1 0 0 0 0 0 0 0 0 0 0 0 0 0 0 0 0 0 0 0 0 0 1 0 0 0 0 0 0 0 0 0 0 0
0 0 0 0 0 0 0 0 0 0 0 0 0 0 0 0 0 0 0 0 0 0 0 0 0 0 0 0 0 0 1 0 0 0 0 0 0 0 0 0 0 0 0 0 0 0 0 0 0 0 0 0 0 0 0 0 0 0 0 0 0 0
0 0 0 0 0 0 0 0 0 0 0 0 0 0 0 0 0 0 0 0 0 0 0 0 0 0 0 0 0 0 0 0 0 0 0 0 0 0 0 0 0 0 0 0 0 0 0 0 0 0 0 0 0 0 0 0 0 0 0 0 0 0
0 0 0 0 1 0 1 0 0 0 0 0 0 0 0 0 0 0 0 0 0 0 0 0 0 0 0 0 0 0 0 0 0 0 0 0 0 0 0 0 0 0 0 0 0 0 0 0 0 0 0 0 0 0 0 0 0 0 0 0 0 0
0 0 0 0 0 0 1 0 0 1 0 0 0 1 0 0 0 0 0 0 0 0 0 1 1 0 1 0 0 0 0 0 1 0 0 1 0 0 0 0 0 0 1 0 0 0 0 0 0 0 0 0 0 0 3 0 0 0 0 0 0 0
0 0 0 0 0 0 0 0 0 0 0 0 0 0 0 0 0 0 0 0 0 0 0 0 0 0 0 0 0 0 0 0 0 0 0 0 0 0 0 0 0 0 0 0 0 0 0 0 0 0 0 0 0 0 0 0 0 0 0 0 0 0
0 0 0 0 0 0 0 0 0 0 0 0 0 0 0 0 0 0 0 0 0 0 0 0 0 0 0 0 0 0 0 0 0 0 0 0 0 0 0 0 0 0 0 0 0 0 0 0 0 0 0 0 0 0 0 0 0 0 0 0 0 0
0 0 0 0 0 0 0 0 0 0 0 0 0 0 0 0 0 0 0 0 0 0 0 0 0 0 0 0 0 0 0 0 0 0 0 0 0 0 0 0 0 0 0 0 0 0 0 0 0 0 0 0 0 0 0 0 0 0 0 0 0 0
0 0 0 0 0 0 0 0 0 0 0 0 0 0 0 0 0 0 0 0 0 0 0 0 0 0 0 0 0 0 0 0 0 0 0 0 0 0 0 0 0 0 0 0 0 0 0 0 0 0 0 0 0 0 0 0 0 0 0 0 0 0
0 0 0 0 0 0 0 0 0 0 0 1 0 0 1 0 0 0 1 0 0 0 1 1 0 0 0 0 0 0 0 0 0 0 0 0 0 0 0 0 0 0 0 0 0 1 0 0 0 1 0 0 0 0 0 0 1 0 0 0 0 0
0 0 0 0 0 0 0 0 0 0 0 0 0 0 0 0 0 1 0 0 0 0 0 0 0 0 1 0 0 0 0 1 0 0 0 0 0 0 1 0 0 1 1 0 0 1 0 0 1 0 0 0 1 0 0 0 1 0 0 0 0 0
0 0 0 0 0 0 0 0 0 0 0 0 0 0 0 0 0 0 0 0 1 0 0 0 0 0 0 0 0 0 0 0 0 0 0 0 0 0 0 0 0 0 0 1 0 0 0 0 0 0 0 0 0 0 0 0 0 0 0 0 0 0
0 0 0 0 0 0 0 0 0 0 0 0 0 0 0 0 0 0 0 0 0 0 0 0 0 0 0 0 0 0 0 0 0 0 0 0 0 0 0 0 0 0 0 0 0 0 0 0 0 0 0 0 0 0 0 0 0 0 0 0 0 0
0 0 0 0 5 0 5 0 0 0 0 0 1 0 0 0 4 0 0 2 0 0 4 1 0 5 0 0 0 3 0 3 1 0 0 0 0 0 0 0 0 0 3 0 0 0 0 0 0 0 1 0 3 1 6 0 2 0 0 0 0 0
0 0 0 0 0 0 0 0 0 0 0 0 0 0 0 0 0 0 0 0 0 0 0 0 0 0 0 0 0 0 0 0 0 0 0 0 0 0 0 0 0 0 0 0 0 0 0 0 0 0 0 0 0 0 0 0 0 0 0 0 0 0
0 0 0 0 10 0 0 0 0 0 0 1 0 0 0 0 2 0 1 0 0 3 1 0 0 3 0 0 0 0 3 0 0 0 6 0 0 0 3 0 0 0 0 0 6 0 2 0 3 0 0 0 0 1 2 5 0 0 0 0 0 0
0 0 0 0 8 1 8 0 8 0 0 6 0 0 0 4 0 0 4 0 3 2 0 8 0 3 0 4 0 1 0 0 4 0 3 2 3 0 0 1 0 0 7 0 4 0 0 0 5 1 4 1 4 0 2 0 3 0 0 0 0 0
0 0 0 0 0 0 0 0 0 0 0 0 0 0 0 0 0 0 0 0 0 0 0 0 0 0 0 0 0 0 0 0 0 0 0 0 0 0 0 0 0 0 0 0 0 0 0 0 0 0 0 0 0 0 0 0 0 0 0 0 0 0
0 0 0 0 0 0 0 0 0 0 0 0 0 0 0 0 0 0 0 0 0 0 0 0 0 0 0 0 0 0 0 0 0 0 0 0 0 0 0 0 0 0 0 0 0 0 0 0 0 0 0 0 0 0 0 0 0 0 0 0 0 0
0 0 0 0 0 0 0 0 0 0 0 0 0 0 0 0 0 0 0 0 0 0 0 0 0 0 0 0 0 0 0 0 0 0 0 0 0 0 0 0 0 0 0 0 0 0 0 0 0 0 0 0 0 0 0 0 0 0 0 0 0 0
0 0 0 0 0 0 0 0 0 0 0 0 0 0 0 0 0 0 0 0 0 0 0 0 0 0 0 0 0 0 0 0 0 0 0 0 0 0 0 0 0 0 0 0 0 0 0 0 0 0 0 0 0 0 0 0 0 0 0 0 0 0

k
0 2 0 0 0 0 0 0 2 0 0 2 5 11 0 0 2 2 25 0 0 6 4 10 6 0 0 0 21 2 52 0 0 52 52 52 6

f
1.75 54.25 0.0 0.0 0.0 1.75 0.0 0.0 0.0 0.0 0.0 5.25 0.0 5.25 1.75 0.0 0.0 0.0 0.0 0.0 0.0 0.0 1.75 1.75 0.0 0.0 0.0 0.0 0.0 0.0 0.0 0.0 0.0 1.75 8.75 1.75 0.0 0.0 0.0 0.0 0.0 0.0 0.0 0.0 5.25 0.0 0.0 0.0 0.0 0.0 1.75 0.0 1.75 0.0 0.0 0.0 0.0 0.0 0.0 0.0 0.0 0.0
27.5 35.5 0.5 0.0 0.0 0.0 0.0 0.0 0.0 0.0 0.0 0.0 0.0 0.0 0.0 0.0 0.0 0.0 0.0 1.5 0.0 0.0 0.5 0.0 0.0 0.0 0.0 0.0 0.0 0.0 0.0 0.0 0.0 0.0 0.0 0.0 0.0 0.0 0.0 3.0 0.0 0.0 0.0 0.0 0.0 0.0 0.0 0.0 0.0 0.0 0.5 2.0 0.0 0.0 0.0 0.0 0.0 0.0 0.0 0.0 0.0 0.0
0.0 0.0 0.0 0.0 0.0 0.0 0.0 0.0 0.0 0.0 0.0 0.0 0.0 0.0 0.0 0.0 0.0 0.0 0.0 0.0 0.0 0.0 0.0 0.0 0.0 0.0 0.0 0.0 0.0 0.0 0.0 0.0 0.0 0.0 0.0 0.0 0.0 0.0 0.0 0.0 0.0 0.0 0.0 0.0 0.0 0.0 0.0 0.0 0.0 0.0 0.0 0.0 0.0 0.0 0.0 0.0 0.0 0.0 0.0 0.0 0.0 0.0
0.0 7.75 0.0 19.25 0.0 0.0 0.0 4.25 0.0 3.75 0.75 0.75 0.0 1.75 0.75 0.25 0.75 0.0 0.25 0.25 4.75 0.25 1.25 0.25 0.25 0.25 0.0 4.25 0.0 1.25 1.25 0.75 0.25 0.75 0.0 0.0 0.25 0.0 1.25 0.0 0.75 0.75 0.25 0.0 2.75 0.0 4.75 0.75 10.25 0.0 4.75 0.0 17.25 0.0 0.0 0.0 0.0 0.0 0.0 0.0 0.0 0.0

L
1 0 0 0 0 1 0 1 0 0 1 49 2 0 3 0 7 0 0 2 0 0 0 0 0 1 1 23 0 0 0 0 0 0 0 0 0

g
0 0 0 0 0 0 0 0 0 0 0 0 0 0 0 0 0 0 0 0 0 0 0 0 0 0 0 0 0 0 0 0 0 0 0 0 0 0 0 0 0 0 0 0 0 0 0 0 0 0 0 0 0 0 0 0 0 0 0 0 0 0
0 0 0 0 1 0 0 0 0 0 0 0 0 0 0 0 0 0 0 0 0 0 0 0 0 0 0 0 0 0 0 0 0 0 0 0 0 0 0 0 0 0 0 0 0 0 0 0 0 0 0 0 0 0 0 0 0 0 0 0 0 0
0 0 0 0 0 0 0 0 0 0 0 0 1 0 0 0 0 0 0 0 0 0 0 0 0 0 1 0 0 0 1 0 1 0 0 0 0 0 0 0 0 0 0 0 0 0 0 0 0 0 0 0 0 0 0 0 0 0 0 0 0 0
0 0 0 0 0 0 0 0 0 0 0 0 0 0 0 0 0 0 0 0 0 0 0 0 0 0 0 0 0 0 0 0 0 0 0 0 0 0 0 0 0 0 1 0 0 0 0 0 0 0 0 1 0 0 0 0 0 0 0 0 0 0
0 0 0 0 0 0 0 0 2 0 0 0 0 0 0 0 0 0 0 0 0 0 0 0 0 0 0 0 0 0 0 2 0 0 0 0 0 0 0 0 0 0 0 0 0 0 0 0 0 0 3 0 0 0 0 0 0 0 0 0 0 0
0 0 0 0 0 0 0 0 0 0 0 0 0 0 0 0 0 0 0 0 0 0 0 0 0 0 0 0 0 0 0 0 0 0 0 0 0 0 0 0 0 0 0 0 0 0 0 0 0 0 0 0 0 0 0 0 0 0 0 0 0 0
0 0 0 0 0 0 0 0 0 0 0 2 0 0 0 0 0 0 0 0 0 0 0 0 0 0 0 0 0 0 0 0 0 1 0 0 0 0 0 0 0 0 0 0 0 0 0 0 0 0 0 0 0 0 0 0 0 0 0 0 0 0
0 0 0 0 0 0 0 0 0 0 0 0 0 0 0 0 0 0 0 0 0 0 0 0 0 0 0 0 0 0 0 0 0 0 0 0 0 0 0 0 0 0 0 0 0 0 0 0 0 0 0 0 0 0 0 0 0 0 0 0 0 0
0 0 0 0 0 0 0 0 0 0 0 0 0 0 0 0 0 0 0 0 0 0 0 0 0 0 0 0 0 0 0 0 0 0 0 0 0 0 0 0 0 0 0 0 0 0 0 0 0 0 0 0 0 0 0 0 0 0 0 0 0 0
0 0 0 0 0 0 0 0 0 0 0 0 0 1 0 0 0 0 0 1 0 0 0 0 0 0 0 0 0 0 0 0 0 0 0 0 0 0 0 0 0 0 0 2 0 1 0 1 0 0 0 0 0 0 0 0 0 0 0 0 0 0
0 0 0 0 0 0 0 0 0 0 0 0 0 0 0 0 0 0 0 0 0 0 0 0 0 0 0 0 0 0 0 0 0 0 0 0 0 0 0 0 0 0 0 0 0 0 0 0 0 0 0 0 0 0 0 0 0 0 0 0 0 0
0 0 0 0 0 0 0 0 0 0 0 0 0 0 0 0 0 0 0 0 0 0 0 0 0 0 0 0 0 0 0 0 0 0 0 0 0 0 0 0 0 0 0 0 0 0 0 0 0 0 0 0 0 0 0 0 0 0 0 0 0 0
0 0 0 0 0 0 0 0 0 0 0 0 0 0 0 0 0 0 0 0 0 0 0 0 0 0 0 0 0 0 0 0 0 0 0 0 0 0 0 0 0 0 0 0 0 0 0 0 0 0 0 0 0 0 0 0 0 0 0 0 0 0
0 0 0 0 0 0 0 0 0 0 0 0 0 0 0 0 0 0 0 0 0 0 0 0 0 0 0 0 0 0 0 0 0 0 0 0 0 0 0 0 0 0 0 0 0 0 0 0 0 0 0 0 0 0 0 0 0 0 0 0 0 0
0 0 0 0 0 0 0 0 0 0 0 0 0 0 0 0 0 0 0 0 0 0 0 0 0 0 0 0 0 0 0 0 0 0 0 0 0 0 0 0 0 0 0 0 0 0 0 0 0 0 0 0 0 0 0 0 0 0 0 0 0 0
0 0 0 0 0 0 0 0 0 0 0 0 0 0 0 0 0 0 0 0 0 0 0 0 0 0 0 0 0 0 0 0 0 0 0 0 0 0 0 0 0 0 0 0 0 0 0 0 0 0 0 0 0 0 0 0 0 0 0 0 0 0
0 0 0 0 0 0 0 0 0 0 0 0 0 0 0 0 0 0 0 0 0 0 0 0 0 0 0 0 0 0 0 0 0 0 0 0 0 0 0 0 0 0 0 0 0 0 0 0 0 0 0 0 0 0 0 0 0 0 0 0 0 0
0 0 0 0 0 0 0 0 0 0 0 0 0 0 0 0 0 0 0 0 0 0 0 0 0 0 0 0 0 0 0 0 0 0 0 0 0 0 0 0 0 0 0 0 0 0 0 0 0 0 0 0 0 0 0 0 0 0 0 0 0 0
0 0 0 0 0 0 0 0 0 0 0 0 0 0 0 0 0 0 0 0 0 0 0 0 0 0 0 0 0 0 0 0 0 0 0 0 0 0 0 0 0 0 0 0 0 0 0 0 0 0 0 0 0 0 0 0 0 0 0 0 0 0
0 0 0 0 0 0 0 0 0 0 0 0 0 0 0 0 0 0 0 0 0 0 0 0 0 0 0 0 0 0 0 0 0 0 0 0 0 0 0 0 0 0 0 0 0 0 0 0 0 0 0 0 0 0 0 0 0 0 0 0 0 0
0 0 0 0 0 0 0 0 0 0 0 0 0 0 0 0 0 0 0 0 0 0 0 0 0 0 0 0 0 0 0 0 0 0 0 0 0 0 0 0 0 0 0 0 0 0 0 0 0 0 0 0 0 0 2 0 0 0 0 0 0 0
0 0 0 0 0 0 0 0 0 0 0 0 0 0 0 0 0 0 0 0 0 0 0 0 0 0 0 0 0 0 0 0 0 0 0 0 0 0 0 0 0 0 0 0 0 0 0 0 0 0 0 0 0 0 0 0 0 0 0 0 0 0
0 0 0 0 0 0 0 0 0 0 0 0 0 0 0 0 0 0 0 0 0 0 0 0 0 0 0 0 0 0 0 0 0 0 0 0 0 0 0 0 0 0 0 0 0 0 0 0 0 0 0 0 0 0 0 0 0 0 0 0 0 0
0 0 0 0 0 0 0 0 0 0 0 0 0 0 0 0 0 0 0 0 0 0 0 0 0 0 0 0 0 0 0 0 0 0 0 0 0 0 0 0 0 0 0 0 0 0 0 0 0 0 0 0 0 0 0 0 0 0 0 0 0 0
0 0 0 0 0 0 0 0 0 0 0 0 0 0 0 0 0 0 0 0 0 0 0 0 0 0 0 0 0 0 0 0 0 0 0 0 0 0 0 0 0 0 0 0 0 0 0 0 0 0 0 0 0 0 0 0 0 0 0 0 0 0
0 0 0 0 0 0 0 0 0 0 0 0 0 0 0 0 0 0 0 0 0 0 0 0 0 0 0 0 0 0 0 0 0 0 0 0 0 0 0 0 0 0 0 0 0 0 0 0 0 0 0 0 0 0 0 0 0 0 0 0 0 0
0 0 0 0 0 0 0 0 0 0 0 0 0 0 0 0 0 0 0 0 0 0 0 0 0 0 0 0 0 0 0 0 0 0 0 0 0 0 0 0 0 0 0 0 0 0 0 0 0 0 0 0 0 0 0 0 0 0 0 0 0 0
0 0 0 0 0 0 0 0 0 0 0 0 0 0 0 0 0 0 0 0 0 0 0 0 0 0 0 0 0 0 0 0 0 0 0 0 0 0 0 0 0 0 0 0 0 0 0 0 0 0 0 0 0 0 0 0 0 0 0 0 0 0
0 0 0 0 0 0 0 0 0 0 0 0 0 0 0 0 0 0 0 0 0 0 0 0 0 0 0 0 0 0 0 0 0 0 0 0 0 0 0 0 0 0 0 0 0 0 0 0 0 0 0 0 0 0 0 0 0 0 0 0 0 0
0 0 0 0 4 0 4 0 0 0 0 0 0 0 0 0 3 0 0 1 0 0 3 0 0 4 0 0 0 2 0 2 0 0 0 0 0 0 0 0 0 0 2 0 0 0 0 0 0 0 0 0 2 0 5 0 1 0 0 0 0 0
0 0 0 0 0 0 0 0 0 0 0 0 0 0 0 0 0 0 0 0 0 0 0 0 0 0 0 0 0 0 0 0 0 0 0 0 0 0 0 0 0 0 0 0 0 0 0 0 0 0 0 0 0 0 0 0 0 0 0 0 0 0
0 0 0 0 9 0 0 0 0 0 0 0 0 0 0 0 1 0 0 0 0 2 0 0 0 2 0 0 0 0 2 0 0 0 5 0 0 0 2 0 0 0 0 0 5 0 1 0 2 0 0 0 0 0 1 4 0 0 0 0 0 0
0 0 0 0 6 0 6 0 6 0 0 4 0 0 0 2 0 0 2 0 1 0 0 6 0 1 0 2 0 0 0 0 2 0 1 0 1 0 0 0 0 0 5 0 2 0 0 0 3 0 2 0 2 0 0 0 1 0 0 0 0 0
0 0 0 0 0 0 0 0 0 0 0 0 0 0 0 0 0 0 0 0 0 0 0 0 0 0 0 0 0 0 0 0 0 0 0 0 0 0 0 0 0 0 0 0 0 0 0 0 0 0 0 0 0 0 0 0 0 0 0 0 0 0
0 0 0 0 0 0 0 0 0 0 0 0 0 0 0 0 0 0 0 0 0 0 0 0 0 0 0 0 0 0 0 0 0 0 0 0 0 0 0 0 0 0 0 0 0 0 0 0 0 0 0 0 0 0 0 0 0 0 0 0 0 0
0 0 0 0 0 0 0 0 0 0 0 0 0 0 0 0 0 0 0 0 0 0 0 0 0 0 0 0 0 0 0 0 0 0 0 0 0 0 0 0 0 0 0 0 0 0 0 0 0 0 0 0 0 0 0 0 0 0 0 0 0 0
0 0 0 0 0 0 0 0 0 0 0 0 0 0 0 0 0 0 0 0 0 0 0 0 0 0 0 0 0 0 0 0 0 0 0 0 0 0 0 0 0 0 0 0 0 0 0 0 0 0 0 0 0 0 0 0 0 0 0 0 0 0

I cap
1069.1470588235295 1069.1470588235295 1011.7470588235295 880.7470588235295 976.4 980.8999999999999 866.3799999999999 1038.3600000000001 427.84 510.23999999999995 442.6200000000001 333.05999999999995 148.94000000000005 328.6000000000001 415.3000000000001 354.46705882352944 370.96705882352956 429.2670588235296 410.52705882352956 490.7270588235294 428.90705882352967 388.6870588235297 346.9670588235296 367.8070588235295 258.20705882352945 496.3870588235297 205.7870588235296 354.3870588235296 412.60705882352954 729.9070588235295 585.1870588235297 344.02705882352967 230.52705882352967 60.80705882352957 26.440000000000012 204.74000000000007 331.17999999999995 448.58000000000004 386.94000000000005 288.26000000000005 152.3 329.69999999999993 178.23999999999995 419.7000000000001 371.1800000000002 127.30000000000013 512.0000000000002 481.64000000000004 498.90000000000003 524.6200000000001 270.40000000000003 78.2400000000001 285.32 648.5400000000001 528.12 999.7 840.46 672.0070588235294 756.5470588235295 974.3670588235295 1069.1470588235295 1069.1470588235295
108.08823529411765 108.08823529411765 71.08823529411765 34.08823529411765 47.0 38.7 4.419999999999999 18.64 5.160000000000001 40.760000000000005 9.380000000000004 24.939999999999998 21.05999999999999 5.400000000000006 1.7000000000000042 18.768235294117645 26.268235294117645 28.968235294117658 26.708235294117653 8.508235294117643 2.3282352941176483 2.548235294117656 19.26823529411765 16.42823529411765 4.028235294117643 5.848235294117648 13.448235294117646 3.8482352941176567 10.62823529411765 70.32823529411765 28.04823529411765 1.208235294117653 4.708235294117665 11.428235294117655 1.56000000000001 10.260000000000009 3.8199999999999874 19.420000000000005 62.06 63.74000000000001 53.699999999999996 39.300000000000004 23.76 14.299999999999999 1.8199999999999965 13.700000000000001 21.999999999999996 40.36 14.099999999999996 38.379999999999995 40.599999999999994 15.759999999999998 11.680000000000003 2.460000000000001 1.8799999999999997 0.29999999999998717 0.5399999999999974 6.2282352941176455 39.68823529411765 71.86823529411765 108.08823529411765 108.08823529411765
39.405882352941184 39.405882352941184 14.47254901960785 14.47254901960785 3.033333333333328 17.066666666666666 10.499999999999998 23.833333333333336 25.23333333333334 24.53333333333334 16.133333333333333 14.733333333333336 24.5 21.733333333333334 16.833333333333336 24.73921568627452 39.405882352941184 39.405882352941184 39.405882352941184 39.405882352941184 39.405882352941184 39.405882352941184 39.405882352941184 24.73921568627452 10.072549019607854 10.072549019607854 10.072549019607854 24.73921568627452 24.73921568627452 26.730882352941183 26.730882352941183 26.730882352941183 12.064215686274517 24.73921568627452 9.133333333333335 4.2333333333333325 3.533333333333333 8.433333333333335 27.299999999999997 30.799999999999997 37.8 39.900000000000006 32.23333333333334 31.53333333333334 28.73333333333334 41.3 45.5 51.099999999999994 44.8 46.2 49.0 49.0 52.5 49.0 7.1 8.500000000000005 9.900000000000011 39.405882352941184 39.405882352941184 39.405882352941184 39.405882352941184 39.405882352941184
45.35588235294117 45.35588235294117 43.885882352941174 10.985882352941166 1.590000000000005 10.309999999999988 6.519999999999992 40.08 37.32 37.14999999999999 35.269999999999996 18.84 9.569999999999999 15.710000000000003 12.979999999999997 10.035882352941172 13.025882352941169 40.35588235294116 27.675882352941162 22.15588235294117 32.54588235294117 9.635882352941168 8.355882352941165 34.97588235294116 5.41588235294117 4.605882352941171 26.895882352941168 24.66588235294117 10.895882352941172 22.225882352941163 11.865882352941167 3.4858823529411636 18.60588235294117 24.465882352941172 25.079999999999995 31.699999999999992 29.649999999999995 29.25 34.69999999999999 42.71999999999999 28.359999999999992 21.219999999999985 22.890000000000004 29.330000000000002 28.41 35.83999999999999 32.35999999999999 32.47999999999998 30.22 34.79999999999999 38.15999999999999 26.779999999999998 23.09999999999998 1.8800000000000008 1.5899999999999979 30.709999999999997 30.81999999999999 38.50588235294117 41.11588235294118 44.025882352941174 45.35588235294117 45.35588235294117
20.97941176470588 20.97941176470588 20.34941176470588 17.969411764705875 11.510000000000002 20.609999999999992 16.749999999999996 20.78 18.609999999999996 17.389999999999997 20.88 17.849999999999998 9.490000000000002 13.400000000000002 10.880000000000003 14.339411764705881 16.30941176470587 19.499411764705876 18.939411764705874 17.099411764705877 16.70941176470588 15.179411764705875 16.59941176470587 18.799411764705876 14.079411764705881 13.81941176470588 8.599411764705879 9.259411764705881 11.93941176470588 18.169411764705874 11.58941176470588 10.159411764705881 8.409411764705881 9.309411764705882 10.350000000000001 20.269999999999996 17.179999999999996 16.809999999999995 17.459999999999994 12.809999999999997 7.929999999999999 15.349999999999998 12.959999999999997 17.3 13.490000000000004 15.149999999999997 17.299999999999997 19.020000000000003 19.74 17.179999999999996 17.179999999999996 13.650000000000002 14.019999999999998 12.120000000000001 13.25 17.029999999999994 17.669999999999995 19.22941176470588 20.34941176470588 20.40941176470588 20.97941176470588 20.97941176470588
347.11764705882354 347.11764705882354 347.11764705882354 3.425882352941244 15.20588235294116 39.72588235294121 303.02000000000004 276.66 278.40000000000003 249.14000000000004 162.57882352941184 189.72058823529412 226.48058823529416 208.89000000000001 136.14999999999998 151.70529411764704 239.58882352941185 223.45764705882357 276.0882352941177 226.60823529411772 102.73411764705888 102.6882352941176 166.68 272.94823529411764 156.31411764705882 185.71941176470582 200.9794117647059 260.8976470588235 236.92764705882357 142.69411764705882 149.39941176470583 166.57941176470587 241.17764705882348 43.26058823529415 15.47352941176469 103.87352941176471 248.90000000000003 170.68647058823535 223.05176470588236 208.6017647058824 251.73000000000002 336.54 303.15999999999997 21.582941176470626 66.61352941176466 46.17117647058827 199.93117647058818 122.44764705882359 218.14176470588228 243.77176470588245 272.77000000000004 251.73999999999995 252.45882352941175 233.08823529411768 129.15588235294126 191.2541176470589 230.81294117647076 295.41764705882355 299.96764705882356 334.71764705882356 347.11764705882354 347.11764705882354
777.6176470588235 777.6176470588235 760.6076470588235 50.59764705882354 26.86999999999999 12.200000000000003 239.61999999999995 84.1099999999999 304.0299999999999 746.99 276.87999999999977 375.19999999999993 594.05 629.41 359.65999999999985 400.3676470588235 652.2076470588236 337.52764705882356 406.4676470588236 421.1976470588236 347.41764705882343 491.47764705882344 41.2976470588236 167.96764705882353 369.9076470588235 440.8476470588235 151.5676470588235 251.1776470588234 474.3276470588236 617.2376470588235 594.6176470588235 260.4076470588235 246.46764705882345 199.43764705882336 32.33999999999992 230.9499999999999 481.4299999999999 729.93 508.8599999999999 370.13 401.7200000000001 1.4999999999998863 111.53999999999994 225.31000000000006 275.0399999999998 558.84 606.4 181.3700000000001 257.24999999999994 238.65999999999997 313.93000000000006 179.05999999999983 292.24 421.04999999999984 415.62999999999994 290.55999999999995 381.16999999999985 634.2176470588236 690.0676470588236 747.0376470588235 777.6176470588235 777.6176470588235
80.27352941176471 80.27352941176471 79.43352941176471 75.09352941176469 63.87999999999998 84.88 72.64999999999998 84.24 83.67999999999999 87.31 80.12 84.41 86.84 88.41000000000001 81.23999999999998 71.7135294117647 70.8835294117647 76.15352941176474 75.17352941176472 73.61352941176472 74.60352941176471 69.47352941176472 71.7835294117647 75.4535294117647 70.07352941176471 70.5035294117647 69.20352941176472 69.29352941176472 69.79352941176468 74.87352941176471 69.7735294117647 68.89352941176472 69.61352941176469 69.03352941176472 38.870000000000005 65.76 71.98000000000002 69.37 69.06000000000002 69.16000000000003 67.95000000000002 72.99000000000001 73.77000000000002 80.99000000000001 83.07 87.64 82.96000000000001 77.82000000000002 72.65999999999998 71.85000000000001 71.85000000000001 64.47999999999999 59.87999999999999 58.30999999999999 56.25999999999999 56.68999999999998 58.859999999999985 75.67352941176472 79.43352941176471 79.51352941176471 80.27352941176471 80.27352941176471
10.788235294117648 10.788235294117648 9.738235294117647 6.168235294117649 4.500000000000001 2.750000000000001 2.3500000000000005 1.11 0.8400000000000016 1.33 1.1500000000000004 5.61 6.12 1.6500000000000004 0.07000000000000028 0.7682352941176482 7.158235294117648 3.6582352941176475 2.358235294117648 2.358235294117648 3.1482352941176472 0.1682352941176486 4.398235294117648 4.138235294117648 2.738235294117648 4.188235294117648 4.188235294117648 4.938235294117647 0.8082352941176483 0.1682352941176486 4.398235294117648 8.388235294117647 5.988235294117648 1.0982352941176483 4.0200000000000005 1.7599999999999998 2.160000000000001 4.7700000000000005 0.6299999999999992 0.620000000000001 1.5600000000000005 2.1600000000000006 2.470000000000002 0.7700000000000014 1.6000000000000014 6.5200000000000005 3.2600000000000007 3.8000000000000016 6.520000000000001 3.179999999999999 1.0999999999999985 1.9300000000000015 4.000000000000002 5.329999999999999 0.9699999999999998 6.009999999999999 2.2099999999999995 1.3082352941176474 1.3082352941176474 6.428235294117648 10.788235294117648 10.788235294117648
2.552941176470588 2.552941176470588 2.552941176470588 0.03294117647058803 1.2999999999999998 0.3799999999999999 0.79 0.1200000000000001 0.21999999999999997 0.09000000000000008 1.18 0.1399999999999999 0.019999999999999907 0.33000000000000007 0.1200000000000001 0.8729411764705882 0.4529411764705883 0.03294117647058825 0.4529411764705883 0.8729411764705882 0.4529411764705883 0.03294117647058825 0.4529411764705883 0.8729411764705882 1.0829411764705883 0.6629411764705883 0.6629411764705883 0.4529411764705883 0.24294117647058822 0.24294117647058833 0.4529411764705883 0.18294117647058816 0.42294117647058815 0.18294117647058794 0.9400000000000002 0.16000000000000003 0.5499999999999999 1.2600000000000002 0.7 0.019999999999999907 0.5499999999999998 0.09000000000000008 1.0599999999999996 0.7699999999999999 2.220446049250313e-16 0.58 0.3300000000000002 0.3300000000000006 0.58 0.82 0.9600000000000006 0.30999999999999983 0.15999999999999992 0.20999999999999996 0.5499999999999998 0.18999999999999972 0.45999999999999996 0.3329411764705881 1.442941176470588 2.552941176470588 2.552941176470588 2.552941176470588
8.466732771830209 8.466732771830209 8.466732771830209 3.8932300495071583 0.014705653357526938 0.7426044041137292 2.1514060843920104 5.666273275862066 5.370572413793097 7.018926465517239 5.6646032758620635 6.2006180187537785 6.575451981246218 5.52105068965517 4.569504224137927 2.353325580762246 4.392725166364183 5.018211494252871 2.6694648880822713 3.2554907153659975 3.4082049529780534 3.842082822141558 1.57457881730187 3.139819222625526 2.579580151240167 1.5342765154264941 2.632454827586203 5.8959963793103425 6.2718618148820315 4.745912667876585 5.671987849364789 3.248601778584387 3.001648647912882 3.886835201149422 6.953306091954021 8.587019310344823 4.3929920689655155 7.109343448275862 6.269652068965516 5.439049655172412 5.9020291379310335 2.5040526769509954 2.8976631851179624 3.8098277586206857 3.36380517241379 5.064509482758619 4.136816954022986 3.30966528735632 1.3554087931034453 2.6977641107078014 3.102765027223226 0.9352000907440976 1.5979474682395618 3.058512047791889 5.01971441621294 3.3662092558983643 1.9372694509981827 7.094318806312966 7.780525702864691 8.466732771830209 8.466732771830209 7.777077599416415
700.0 700.0 699.0 695.0 689.0 692.0 685.0 692.0 685.0 683.0 683.0 677.0 680.0 675.0 679.0 680.0 685.0 688.0 683.0 684.0 683.0 679.0 684.0 685.0 679.0 682.0 676.0 686.0 688.0 684.0 685.0 682.0 683.0 676.0 688.0 686.0 682.0 689.0 684.0 684.0 684.0 683.0 679.0 677.0 683.0 675.0 687.0 684.0 684.0 686.0 679.0 677.0 678.0 686.0 680.0 684.0 680.0 683.0 688.0 695.0 698.0 695.0

H cap
-1.75 -54.25 1.75 1.75 1.75 -1.75 1.75 5.25 1.75 1.75 15.75 -5.25 1.75 -5.25 -1.75 5.25 1.75 8.75 1.75 5.25 1.75 1.75 -1.75 -1.75 5.25 5.25 1.75 5.25 19.25 1.75 19.25 12.25 1.75 -1.75 -8.75 -1.75 5.25 5.25 1.75 5.25 1.75 5.25 5.25 5.25 -5.25 5.25 5.25 12.25 1.75 36.75 -1.75 8.75 -1.75 8.75 131.25 131.25 131.25 131.25 131.25 131.25 131.25 131.25
-27.5 -35.5 -0.5 2.5 7.5 5.5 33.5 6.0 2.5 20.0 25.5 18.0 4.0 18.5 22.5 11.5 12.5 7.5 4.5 -1.5 10.0 1.5 -0.5 18.0 20.5 20.5 11.5 5.5 0.5 15.0 4.0 2.5 21.5 29.5 31.5 28.0 33.0 33.5 4.5 -3.0 0.0 1.5 25.5 26.5 2.5 4.5 6.5 3.5 3.0 3.5 -0.5 -2.0 2.5 19.5 52.5 52.5 52.5 52.5 52.5 52.5 52.5 52.5
49.0 45.5 52.5 52.5 38.5 38.5 52.5 45.5 38.5 35.0 38.5 42.0 45.5 45.5 45.5 45.5 45.5 45.5 45.5 49.0 45.5 45.5 38.5 38.5 49.0 49.0 42.0 28.0 31.5 45.5 49.0 49.0 52.5 56.0 56.0 52.5 52.5 52.5 45.5 38.5 45.5 42.0 42.0 49.0 42.0 42.0 31.5 28.0 38.5 42.0 45.5 56.0 45.5 45.5 63.0 63.0 63.0 63.0 63.0 63.0 63.0 63.0
5.25 -7.75 1.75 -19.25 0.25 0.25 0.25 -4.25 0.75 -3.75 -0.75 -0.75 0.25 -1.75 -0.75 -0.25 -0.75 0.25 -0.25 -0.25 -4.75 -0.25 -1.25 -0.25 -0.25 -0.25 0.25 -4.25 0.25 -1.25 -1.25 -0.75 -0.25 -0.75 0.25 0.25 -0.25 0.25 -1.25 0.25 -0.75 -0.75 -0.25 0.25 -2.75 0.75 -4.75 -0.75 -10.25 0.75 -4.75 0.75 -17.25 0.25 78.75 78.75 78.75 78.75 78.75 78.75 78.75 78.75

