T P M C
62 37 4 12

base obj
33573.00004990899

exp obj
33218.00004990899

Objective struct
81.91891560825343 33654.91896551724 18.0 373.0

num campaigns
236

x
0 0 0 0 1 0 0 0 1 0 0 0 0 1 0 1 0 0 0 1 0 0 0 1 0 1 0 1 0 1 0 1 0 0 0 0 0 0 1 0 0 0 0 0 0 0 1 0 0 0 1 0 0 0 0 0 0 0 0 0 0 0
0 0 0 0 1 0 0 0 0 0 0 0 0 0 0 0 0 0 0 0 0 0 0 0 0 0 0 0 0 0 0 0 0 0 0 0 1 0 0 0 0 0 0 1 0 0 0 0 2 0 0 1 0 0 0 0 1 0 0 0 0 0
0 0 0 0 1 0 1 0 0 0 1 0 1 0 1 0 1 0 0 0 0 0 0 0 0 0 0 0 0 0 1 0 0 0 0 1 0 0 1 0 0 0 0 0 1 0 0 0 1 0 0 0 0 0 1 0 1 0 0 0 0 0
0 0 0 0 0 0 0 0 0 1 1 0 1 0 0 0 0 0 0 0 1 0 0 0 1 0 0 0 0 0 1 0 0 0 0 0 0 1 0 0 0 0 0 0 0 0 0 1 0 1 1 0 0 1 0 0 0 0 0 0 0 0
0 0 0 0 0 0 0 0 0 0 0 0 0 0 1 0 1 1 1 0 0 0 1 0 1 0 1 0 1 0 1 0 1 0 1 0 1 0 1 1 1 1 0 0 0 0 0 0 0 1 0 0 0 0 0 0 0 0 0 0 0 0
0 0 0 0 0 0 1 0 0 0 1 0 1 0 0 0 1 0 0 0 0 1 0 0 0 0 0 0 1 0 0 0 1 0 1 0 0 0 1 0 0 0 1 0 1 0 1 0 0 0 0 0 0 0 0 0 0 0 0 0 0 0
0 0 0 0 0 0 0 1 0 0 1 0 0 0 1 0 0 0 1 0 0 1 0 0 0 0 0 0 0 1 0 0 1 0 0 0 0 1 0 0 0 0 0 0 1 0 0 0 0 0 1 0 0 1 0 0 1 0 0 0 0 0
0 0 0 0 0 0 0 0 0 0 0 1 0 0 0 0 0 0 1 0 0 0 0 0 0 0 0 0 0 0 0 0 0 0 0 0 1 0 0 0 0 0 0 0 0 0 0 0 0 0 0 0 1 0 0 0 0 0 0 0 0 0
0 0 0 0 0 0 0 0 0 0 0 0 0 0 0 0 0 0 0 0 0 0 0 0 0 0 0 0 0 0 0 0 0 0 0 0 0 0 0 0 0 0 0 0 0 1 0 0 0 0 0 0 0 0 0 0 0 0 0 0 0 0
0 0 0 0 3 0 1 1 0 1 0 0 0 0 1 0 0 0 0 0 0 0 1 1 1 1 1 1 0 0 1 0 1 0 0 0 0 0 0 0 1 1 2 1 0 0 1 1 1 0 1 0 0 0 1 0 0 0 0 0 0 0
0 0 0 0 0 0 0 0 0 0 0 0 0 0 0 0 0 1 0 0 0 1 0 0 0 0 0 0 0 0 0 0 0 0 0 0 0 0 0 1 0 0 0 0 1 0 0 0 0 0 0 0 0 0 0 0 1 0 0 0 0 0
0 0 0 0 0 0 1 0 0 0 0 0 0 0 0 1 0 0 0 0 0 0 0 0 0 0 0 0 0 0 0 0 0 0 0 0 0 0 0 0 0 0 0 0 0 0 0 0 0 0 0 0 0 0 0 0 0 0 0 0 0 0
0 0 0 0 0 0 0 0 0 0 0 0 0 0 0 0 0 0 0 1 0 0 0 0 0 0 0 0 0 0 0 0 0 0 1 0 0 0 0 0 0 0 0 0 0 0 0 0 0 0 0 1 0 0 0 0 1 0 0 0 0 0
0 0 0 0 0 0 0 0 0 0 1 0 0 0 0 0 0 0 0 0 0 0 0 0 0 0 0 0 0 0 0 0 0 0 0 0 0 0 0 0 0 0 0 0 0 0 0 0 0 0 0 0 0 0 0 0 0 0 0 0 0 0
0 0 0 0 0 0 0 0 1 0 0 0 0 0 0 0 0 0 0 0 1 0 0 0 0 0 1 0 0 0 0 0 0 1 0 0 0 0 0 0 1 0 0 0 0 0 0 0 0 0 0 0 1 0 1 0 0 0 0 0 0 0
0 0 0 0 0 0 0 0 0 0 0 0 0 0 0 0 0 0 0 0 0 0 1 0 0 0 0 0 0 0 0 0 0 0 0 0 0 0 0 0 0 0 0 0 0 0 0 0 0 0 0 0 0 0 0 0 0 0 0 0 0 0
0 0 0 0 0 0 0 0 0 0 0 0 0 0 1 0 0 0 0 0 0 0 0 0 0 0 0 0 0 0 0 0 0 0 0 0 0 0 0 0 0 0 0 0 1 0 0 0 0 0 0 0 0 0 0 0 0 0 0 0 0 0
0 0 0 0 0 0 0 0 0 0 0 0 0 0 0 0 0 1 0 0 0 0 0 0 0 0 0 0 0 0 0 0 0 0 0 0 0 0 0 0 0 0 0 0 0 0 0 0 0 0 0 0 0 0 1 0 0 0 0 0 0 0
0 0 0 0 0 0 0 0 0 0 0 0 0 0 1 0 0 0 0 0 0 0 0 0 0 0 0 0 0 0 0 0 0 0 0 0 0 0 0 0 0 0 0 0 0 0 0 0 0 0 0 0 0 0 1 0 0 0 0 0 0 0
0 0 0 0 0 1 0 0 0 0 0 0 0 0 0 0 0 0 0 0 0 0 0 0 0 0 0 0 0 0 0 0 0 0 0 0 0 0 0 0 0 0 0 0 0 0 0 0 0 0 0 0 0 0 0 0 1 0 0 0 0 0
0 0 0 0 0 0 0 0 0 0 0 0 0 1 0 0 1 0 0 0 1 0 1 0 1 0 0 0 0 0 1 0 1 0 0 0 1 0 0 0 1 0 1 0 0 0 0 1 0 0 1 0 0 0 0 0 0 0 0 0 0 0
0 0 0 0 0 0 0 0 0 0 0 0 0 0 0 0 0 0 0 0 0 0 0 0 0 0 0 0 0 0 0 0 0 0 0 0 0 0 0 0 0 0 0 0 0 0 0 0 0 0 0 0 0 0 0 0 0 0 0 0 0 0
0 0 0 0 0 0 0 0 0 0 0 0 0 0 0 0 0 0 0 0 0 0 0 0 0 0 0 0 0 0 0 0 0 0 0 0 0 0 0 0 0 0 0 0 0 0 0 0 0 0 0 0 0 0 0 0 0 0 0 0 0 0
0 0 0 0 0 0 0 0 0 0 0 0 0 0 0 0 0 1 0 0 0 0 0 0 0 0 0 0 0 0 0 0 0 0 0 0 0 0 0 0 0 0 0 0 0 0 0 0 0 0 0 0 0 0 0 0 0 0 0 0 0 0
0 0 0 0 0 0 0 0 0 0 0 0 0 0 0 0 0 0 1 0 0 0 0 0 0 0 0 0 0 0 0 0 0 0 0 0 1 0 0 0 0 0 0 0 0 0 0 0 0 0 0 0 0 0 0 0 0 0 0 0 0 0
0 0 0 0 0 1 0 0 0 1 0 0 0 0 0 0 0 0 0 0 0 0 0 0 0 0 0 0 0 1 0 0 0 0 0 0 0 0 0 0 0 0 0 0 0 0 0 0 1 0 0 1 0 0 1 1 1 0 0 0 0 0
0 0 0 0 0 0 1 0 0 0 1 0 1 0 0 0 0 0 0 0 0 0 0 0 1 0 0 0 1 0 1 0 0 0 0 0 0 0 0 0 1 0 1 0 0 0 0 0 0 1 0 0 0 0 0 0 1 0 0 0 0 0
0 0 0 0 0 0 1 0 0 0 0 0 0 0 0 0 0 0 0 0 0 0 0 0 0 0 0 0 0 0 0 0 0 0 0 0 0 0 0 0 0 0 0 0 0 0 0 0 0 0 0 0 0 0 0 0 1 0 0 0 0 0
0 0 0 0 0 0 0 0 0 0 0 0 0 0 0 0 0 0 0 0 0 0 0 0 0 0 0 0 0 0 0 0 0 0 0 0 0 0 0 0 0 0 0 0 0 0 0 0 0 0 0 0 0 0 0 0 0 0 0 0 0 0
0 0 0 0 1 0 0 0 0 0 0 0 0 0 0 0 0 0 0 0 0 0 0 0 0 0 0 0 0 0 0 0 0 0 0 0 0 0 0 0 0 0 0 0 0 0 0 0 0 0 0 0 0 0 0 0 1 0 0 0 0 0
0 0 0 0 0 1 0 0 0 0 0 0 0 0 0 0 0 0 0 0 0 0 0 0 0 0 0 0 0 0 0 0 0 0 0 0 0 0 0 0 0 0 0 0 0 0 0 0 0 0 0 0 0 0 0 0 1 0 0 0 0 0
0 0 0 0 1 0 0 1 1 0 0 1 1 1 0 0 0 0 0 0 0 0 0 0 0 0 0 0 0 0 1 1 1 1 1 0 0 0 0 0 0 0 0 1 0 0 1 0 0 1 0 0 0 0 1 1 1 0 0 0 0 0
0 0 0 0 7 0 1 0 0 0 0 0 2 0 0 1 0 2 2 0 0 0 0 0 0 0 0 0 0 0 0 0 0 0 1 0 0 0 0 0 0 0 0 0 0 0 0 0 2 0 0 0 0 0 0 0 2 0 0 0 0 0
0 0 0 0 1 0 0 8 1 3 0 0 0 0 0 0 0 0 0 0 0 0 0 0 0 0 0 0 0 0 0 0 0 0 0 0 0 0 0 0 0 0 0 0 0 0 0 0 0 0 0 0 0 0 1 1 1 0 0 0 0 0
0 0 0 0 1 0 0 0 0 0 0 0 0 0 0 0 0 0 0 0 0 0 0 0 0 0 0 0 0 0 0 0 0 0 0 0 0 0 0 0 0 0 0 0 0 0 0 0 0 0 0 0 0 0 0 0 0 0 0 0 0 0
0 0 0 0 0 0 0 0 0 0 0 0 0 0 0 0 0 0 0 0 0 0 0 0 0 0 0 0 0 0 0 0 0 0 0 0 0 0 0 0 0 0 0 0 0 0 0 0 0 0 0 0 0 0 0 0 0 0 0 0 0 0
0 0 0 0 0 0 0 0 0 0 0 0 0 0 0 0 0 0 0 0 0 0 0 0 0 0 0 0 0 0 0 0 0 0 0 0 0 0 0 0 0 0 0 0 0 0 0 0 0 0 0 0 0 0 0 0 0 0 0 0 0 0

k
0 5 0 0 0 0 0 0 1 4 0 2 8 10 0 0 4 1 23 0 0 6 4 9 4 0 0 0 21 50 50 35 84 36 51 52 6

f
0.0 8.75 0.0 8.75 0.0 0.0 0.0 5.25 0.0 5.25 0.0 0.0 0.0 1.75 19.25 5.25 0.0 0.0 0.0 0.0 0.0 0.0 5.25 5.25 0.0 0.0 1.75 0.0 0.0 0.0 0.0 0.0 0.0 8.75 0.0 0.0 0.0 0.0 0.0 0.0 0.0 0.0 1.75 0.0 0.0 0.0 1.75 0.0 8.75 0.0 8.75 0.0 0.0 0.0 0.0 0.0 0.0 0.0 0.0 0.0 0.0 0.0
6.0 9.0 0.0 0.0 0.0 0.0 0.0 0.0 0.0 0.0 0.0 0.0 0.0 0.0 0.0 0.0 0.0 0.0 0.0 0.0 0.0 0.0 0.0 0.0 0.0 0.0 0.0 0.0 0.0 0.0 0.0 0.0 0.0 0.0 0.0 0.0 0.0 0.0 0.0 0.0 0.0 0.0 0.0 0.0 0.0 0.0 0.0 0.0 0.0 0.0 0.0 0.0 0.0 0.0 0.0 0.0 0.0 0.0 0.0 0.0 0.0 0.0
0.0 0.0 0.0 0.0 0.0 0.0 0.0 0.0 0.0 0.0 0.0 0.0 0.0 0.0 0.0 0.0 0.0 0.0 0.0 0.0 0.0 0.0 0.0 0.0 0.0 0.0 0.0 0.0 0.0 0.0 0.0 0.0 0.0 0.0 0.0 0.0 0.0 0.0 0.0 0.0 0.0 0.0 0.0 0.0 0.0 0.0 0.0 0.0 0.0 0.0 0.0 0.0 0.0 0.0 0.0 0.0 0.0 0.0 0.0 0.0 0.0 0.0
9.75 23.25 0.0 9.75 4.75 4.25 11.75 1.25 0.0 0.0 0.0 0.25 0.0 0.0 14.25 13.25 0.0 0.0 0.0 0.0 0.0 0.0 0.0 0.0 0.0 0.0 0.0 0.0 0.0 0.0 0.0 0.0 0.0 0.0 0.0 0.0 0.0 0.0 0.0 0.0 0.0 0.0 0.0 0.0 0.0 0.0 0.0 0.0 0.0 0.0 0.0 0.0 0.0 0.0 0.0 0.0 0.0 0.0 0.0 0.0 0.0 0.0

L
2 0 2 1 1 2 3 7 0 0 4 9 5 0 2 0 30 37 40 51 2 0 0 0 18 1 2 50 0 52 51 1 0 0 0 0 0

g
0 0 0 0 0 0 0 0 0 0 0 0 0 0 0 0 0 0 0 0 0 0 0 0 0 0 0 0 0 0 0 0 0 0 0 0 0 0 0 0 0 0 0 0 0 0 0 0 0 0 0 0 0 0 0 0 0 0 0 0 0 0
0 0 0 0 0 0 0 0 0 0 0 0 0 0 0 0 0 0 0 0 0 0 0 0 0 0 0 0 0 0 0 0 0 0 0 0 0 0 0 0 0 0 0 0 0 0 0 0 1 0 0 0 0 0 0 0 0 0 0 0 0 0
0 0 0 0 0 0 0 0 0 0 0 0 0 0 0 0 0 0 0 0 0 0 0 0 0 0 0 0 0 0 0 0 0 0 0 0 0 0 0 0 0 0 0 0 0 0 0 0 0 0 0 0 0 0 0 0 0 0 0 0 0 0
0 0 0 0 0 0 0 0 0 0 0 0 0 0 0 0 0 0 0 0 0 0 0 0 0 0 0 0 0 0 0 0 0 0 0 0 0 0 0 0 0 0 0 0 0 0 0 0 0 0 0 0 0 0 0 0 0 0 0 0 0 0
0 0 0 0 0 0 0 0 0 0 0 0 0 0 0 0 0 0 0 0 0 0 0 0 0 0 0 0 0 0 0 0 0 0 0 0 0 0 0 0 0 0 0 0 0 0 0 0 0 0 0 0 0 0 0 0 0 0 0 0 0 0
0 0 0 0 0 0 0 0 0 0 0 0 0 0 0 0 0 0 0 0 0 0 0 0 0 0 0 0 0 0 0 0 0 0 0 0 0 0 0 0 0 0 0 0 0 0 0 0 0 0 0 0 0 0 0 0 0 0 0 0 0 0
0 0 0 0 0 0 0 0 0 0 0 0 0 0 0 0 0 0 0 0 0 0 0 0 0 0 0 0 0 0 0 0 0 0 0 0 0 0 0 0 0 0 0 0 0 0 0 0 0 0 0 0 0 0 0 0 0 0 0 0 0 0
0 0 0 0 0 0 0 0 0 0 0 0 0 0 0 0 0 0 0 0 0 0 0 0 0 0 0 0 0 0 0 0 0 0 0 0 0 0 0 0 0 0 0 0 0 0 0 0 0 0 0 0 0 0 0 0 0 0 0 0 0 0
0 0 0 0 0 0 0 0 0 0 0 0 0 0 0 0 0 0 0 0 0 0 0 0 0 0 0 0 0 0 0 0 0 0 0 0 0 0 0 0 0 0 0 0 0 0 0 0 0 0 0 0 0 0 0 0 0 0 0 0 0 0
0 0 0 0 2 0 0 0 0 0 0 0 0 0 0 0 0 0 0 0 0 0 0 0 0 0 0 0 0 0 0 0 0 0 0 0 0 0 0 0 0 0 1 0 0 0 0 0 0 0 0 0 0 0 0 0 0 0 0 0 0 0
0 0 0 0 0 0 0 0 0 0 0 0 0 0 0 0 0 0 0 0 0 0 0 0 0 0 0 0 0 0 0 0 0 0 0 0 0 0 0 0 0 0 0 0 0 0 0 0 0 0 0 0 0 0 0 0 0 0 0 0 0 0
0 0 0 0 0 0 0 0 0 0 0 0 0 0 0 0 0 0 0 0 0 0 0 0 0 0 0 0 0 0 0 0 0 0 0 0 0 0 0 0 0 0 0 0 0 0 0 0 0 0 0 0 0 0 0 0 0 0 0 0 0 0
0 0 0 0 0 0 0 0 0 0 0 0 0 0 0 0 0 0 0 0 0 0 0 0 0 0 0 0 0 0 0 0 0 0 0 0 0 0 0 0 0 0 0 0 0 0 0 0 0 0 0 0 0 0 0 0 0 0 0 0 0 0
0 0 0 0 0 0 0 0 0 0 0 0 0 0 0 0 0 0 0 0 0 0 0 0 0 0 0 0 0 0 0 0 0 0 0 0 0 0 0 0 0 0 0 0 0 0 0 0 0 0 0 0 0 0 0 0 0 0 0 0 0 0
0 0 0 0 0 0 0 0 0 0 0 0 0 0 0 0 0 0 0 0 0 0 0 0 0 0 0 0 0 0 0 0 0 0 0 0 0 0 0 0 0 0 0 0 0 0 0 0 0 0 0 0 0 0 0 0 0 0 0 0 0 0
0 0 0 0 0 0 0 0 0 0 0 0 0 0 0 0 0 0 0 0 0 0 0 0 0 0 0 0 0 0 0 0 0 0 0 0 0 0 0 0 0 0 0 0 0 0 0 0 0 0 0 0 0 0 0 0 0 0 0 0 0 0
0 0 0 0 0 0 0 0 0 0 0 0 0 0 0 0 0 0 0 0 0 0 0 0 0 0 0 0 0 0 0 0 0 0 0 0 0 0 0 0 0 0 0 0 0 0 0 0 0 0 0 0 0 0 0 0 0 0 0 0 0 0
0 0 0 0 0 0 0 0 0 0 0 0 0 0 0 0 0 0 0 0 0 0 0 0 0 0 0 0 0 0 0 0 0 0 0 0 0 0 0 0 0 0 0 0 0 0 0 0 0 0 0 0 0 0 0 0 0 0 0 0 0 0
0 0 0 0 0 0 0 0 0 0 0 0 0 0 0 0 0 0 0 0 0 0 0 0 0 0 0 0 0 0 0 0 0 0 0 0 0 0 0 0 0 0 0 0 0 0 0 0 0 0 0 0 0 0 0 0 0 0 0 0 0 0
0 0 0 0 0 0 0 0 0 0 0 0 0 0 0 0 0 0 0 0 0 0 0 0 0 0 0 0 0 0 0 0 0 0 0 0 0 0 0 0 0 0 0 0 0 0 0 0 0 0 0 0 0 0 0 0 0 0 0 0 0 0
0 0 0 0 0 0 0 0 0 0 0 0 0 0 0 0 0 0 0 0 0 0 0 0 0 0 0 0 0 0 0 0 0 0 0 0 0 0 0 0 0 0 0 0 0 0 0 0 0 0 0 0 0 0 0 0 0 0 0 0 0 0
0 0 0 0 0 0 0 0 0 0 0 0 0 0 0 0 0 0 0 0 0 0 0 0 0 0 0 0 0 0 0 0 0 0 0 0 0 0 0 0 0 0 0 0 0 0 0 0 0 0 0 0 0 0 0 0 0 0 0 0 0 0
0 0 0 0 0 0 0 0 0 0 0 0 0 0 0 0 0 0 0 0 0 0 0 0 0 0 0 0 0 0 0 0 0 0 0 0 0 0 0 0 0 0 0 0 0 0 0 0 0 0 0 0 0 0 0 0 0 0 0 0 0 0
0 0 0 0 0 0 0 0 0 0 0 0 0 0 0 0 0 0 0 0 0 0 0 0 0 0 0 0 0 0 0 0 0 0 0 0 0 0 0 0 0 0 0 0 0 0 0 0 0 0 0 0 0 0 0 0 0 0 0 0 0 0
0 0 0 0 0 0 0 0 0 0 0 0 0 0 0 0 0 0 0 0 0 0 0 0 0 0 0 0 0 0 0 0 0 0 0 0 0 0 0 0 0 0 0 0 0 0 0 0 0 0 0 0 0 0 0 0 0 0 0 0 0 0
0 0 0 0 0 0 0 0 0 0 0 0 0 0 0 0 0 0 0 0 0 0 0 0 0 0 0 0 0 0 0 0 0 0 0 0 0 0 0 0 0 0 0 0 0 0 0 0 0 0 0 0 0 0 0 0 0 0 0 0 0 0
0 0 0 0 0 0 0 0 0 0 0 0 0 0 0 0 0 0 0 0 0 0 0 0 0 0 0 0 0 0 0 0 0 0 0 0 0 0 0 0 0 0 0 0 0 0 0 0 0 0 0 0 0 0 0 0 0 0 0 0 0 0
0 0 0 0 0 0 0 0 0 0 0 0 0 0 0 0 0 0 0 0 0 0 0 0 0 0 0 0 0 0 0 0 0 0 0 0 0 0 0 0 0 0 0 0 0 0 0 0 0 0 0 0 0 0 0 0 0 0 0 0 0 0
0 0 0 0 0 0 0 0 0 0 0 0 0 0 0 0 0 0 0 0 0 0 0 0 0 0 0 0 0 0 0 0 0 0 0 0 0 0 0 0 0 0 0 0 0 0 0 0 0 0 0 0 0 0 0 0 0 0 0 0 0 0
0 0 0 0 0 0 0 0 0 0 0 0 0 0 0 0 0 0 0 0 0 0 0 0 0 0 0 0 0 0 0 0 0 0 0 0 0 0 0 0 0 0 0 0 0 0 0 0 0 0 0 0 0 0 0 0 0 0 0 0 0 0
0 0 0 0 0 0 0 0 0 0 0 0 0 0 0 0 0 0 0 0 0 0 0 0 0 0 0 0 0 0 0 0 0 0 0 0 0 0 0 0 0 0 0 0 0 0 0 0 0 0 0 0 0 0 0 0 0 0 0 0 0 0
0 0 0 0 0 0 0 0 0 0 0 0 0 0 0 0 0 0 0 0 0 0 0 0 0 0 0 0 0 0 0 0 0 0 0 0 0 0 0 0 0 0 0 0 0 0 0 0 0 0 0 0 0 0 0 0 0 0 0 0 0 0
0 0 0 0 5 0 0 0 0 0 0 0 0 0 0 0 0 0 0 0 0 0 0 0 0 0 0 0 0 0 0 0 0 0 0 0 0 0 0 0 0 0 0 0 0 0 0 0 0 0 0 0 0 0 0 0 0 0 0 0 0 0
0 0 0 0 0 0 0 7 0 2 0 0 0 0 0 0 0 0 0 0 0 0 0 0 0 0 0 0 0 0 0 0 0 0 0 0 0 0 0 0 0 0 0 0 0 0 0 0 0 0 0 0 0 0 0 0 0 0 0 0 0 0
0 0 0 0 0 0 0 0 0 0 0 0 0 0 0 0 0 0 0 0 0 0 0 0 0 0 0 0 0 0 0 0 0 0 0 0 0 0 0 0 0 0 0 0 0 0 0 0 0 0 0 0 0 0 0 0 0 0 0 0 0 0
0 0 0 0 0 0 0 0 0 0 0 0 0 0 0 0 0 0 0 0 0 0 0 0 0 0 0 0 0 0 0 0 0 0 0 0 0 0 0 0 0 0 0 0 0 0 0 0 0 0 0 0 0 0 0 0 0 0 0 0 0 0
0 0 0 0 0 0 0 0 0 0 0 0 0 0 0 0 0 0 0 0 0 0 0 0 0 0 0 0 0 0 0 0 0 0 0 0 0 0 0 0 0 0 0 0 0 0 0 0 0 0 0 0 0 0 0 0 0 0 0 0 0 0

I cap
1069.1470588235295 1069.1470588235295 986.5870588235296 919.1870588235296 898.86 698.96 415.86 601.7600000000002 560.72 539.3199999999999 177.4600000000001 465.74000000000007 296.66 612.4000000000001 465.58 609.0070588235295 418.22705882352966 576.1670588235295 356.10705882352954 633.3670588235294 544.2270588235294 469.74705882352947 575.7670588235296 570.0270588235296 271.22705882352966 536.7870588235296 462.2070588235296 596.2870588235296 343.9670588235295 347.4870588235296 82.52705882352961 415.4070588235296 293.16705882352966 730.1470588235296 114.86000000000004 276.59999999999997 148.40000000000003 287.34000000000003 401.84 494.99999999999994 279.1 441.40000000000003 315.28 487.9600000000001 404.4000000000001 586.3399999999999 591.9800000000001 554.36 323.3200000000001 234.8400000000001 101.70000000000009 345.66 600.76 512.6799999999998 859.42 785.82 394.4399999999998 468.1670588235295 681.3470588235296 1069.1470588235295 1069.1470588235295 1069.1470588235295
108.08823529411765 108.08823529411765 104.64823529411765 104.64823529411765 45.739999999999995 16.839999999999993 15.140000000000015 1.2400000000000004 42.28 37.68000000000001 5.540000000000006 41.260000000000005 21.340000000000003 36.599999999999994 22.42 12.228235294117646 17.008235294117654 0.06823529411765383 4.128235294117661 13.868235294117643 18.008235294117654 1.4882352941176538 42.468235294117655 13.208235294117651 19.008235294117636 38.44823529411765 38.02823529411765 40.94823529411765 55.26823529411765 75.74823529411765 29.708235294117653 49.82823529411765 49.068235294117656 71.08823529411765 12.140000000000008 12.399999999999999 3.599999999999992 14.660000000000002 28.159999999999997 9.999999999999996 36.900000000000006 6.599999999999998 3.7200000000000024 22.039999999999996 14.600000000000007 20.659999999999993 11.02 20.63999999999999 24.680000000000003 35.16 1.2999999999999943 8.339999999999993 7.240000000000005 2.3200000000000074 18.180000000000003 21.78 9.360000000000007 22.068235294117656 37.888235294117656 108.08823529411765 108.08823529411765 108.08823529411765
39.405882352941184 39.405882352941184 39.405882352941184 14.47254901960785 19.16666666666666 25.866666666666667 41.3 38.5 39.900000000000006 39.2 30.799999999999997 29.400000000000002 24.5 21.733333333333334 9.833333333333336 17.73921568627452 5.064215686274519 12.064215686274519 12.064215686274519 26.730882352941183 24.73921568627452 24.73921568627452 10.072549019607854 24.73921568627452 10.072549019607854 24.73921568627452 24.73921568627452 39.405882352941184 39.405882352941184 39.405882352941184 24.73921568627452 24.73921568627452 10.072549019607854 24.73921568627452 9.133333333333335 18.9 3.533333333333333 8.433333333333335 12.633333333333331 30.799999999999997 23.133333333333333 25.23333333333334 17.566666666666677 31.53333333333334 28.73333333333334 41.3 45.5 36.43333333333333 30.133333333333333 31.53333333333334 34.333333333333336 34.333333333333336 37.833333333333336 36.325 6.491666666666664 7.891666666666669 18.091666666666676 39.405882352941184 39.405882352941184 39.405882352941184 39.405882352941184 39.405882352941184
45.35588235294117 45.35588235294117 44.72588235294117 37.935882352941164 16.150000000000002 27.109999999999985 27.419999999999987 29.02 29.059999999999995 35.239999999999995 28.019999999999996 26.069999999999997 16.460000000000004 22.900000000000002 16.050000000000004 32.88588235294117 31.95588235294116 35.94588235294116 37.575882352941164 41.39588235294117 39.54588235294117 39.83588235294117 39.84588235294117 35.76588235294117 31.56588235294117 34.01588235294117 34.01588235294117 36.41588235294117 35.62588235294116 39.575882352941164 29.05588235294117 32.13588235294117 32.605882352941165 39.57588235294117 35.69 29.079999999999995 28.93 27.729999999999993 34.13999999999999 48.349999999999994 33.269999999999996 37.15 37.09 33.410000000000004 31.769999999999992 37.20999999999999 31.139999999999986 27.499999999999993 30.369999999999994 36.30999999999998 40.44999999999999 46.550000000000004 54.73999999999999 50.19 41.21 32.809999999999995 34.279999999999994 37.91588235294117 38.89588235294117 45.35588235294117 45.35588235294117 45.35588235294117
20.97941176470588 20.97941176470588 20.76941176470588 20.419411764705877 8.420000000000002 13.29 9.990000000000002 12.92 14.929999999999998 15.359999999999996 15.309999999999999 18.569999999999997 12.580000000000002 19.44 12.249999999999998 14.53941176470588 12.739411764705878 15.449411764705877 16.42941176470588 19.42941176470588 17.66941176470588 18.709411764705877 18.92941176470588 17.56941176470588 15.16941176470588 17.99941176470588 17.99941176470588 17.99941176470588 17.709411764705877 19.639411764705876 13.569411764705876 15.19941176470588 15.539411764705877 18.83941176470588 18.24 19.209999999999997 15.279999999999996 13.739999999999997 15.429999999999998 14.049999999999997 10.18 17.87 15.749999999999998 19.59 14.6 14.969999999999995 14.149999999999995 15.220000000000004 17.779999999999998 12.189999999999996 13.319999999999995 18.8 19.279999999999998 15.659999999999998 15.999999999999998 14.729999999999999 11.589999999999998 14.61941176470588 15.29941176470588 20.97941176470588 20.97941176470588 20.97941176470588
347.11764705882354 347.11764705882354 343.1276470588235 303.0464705882353 140.32058823529414 151.11058823529413 213.67882352941177 133.06941176470588 190.08117647058822 247.28058823529415 192.42882352941177 193.90941176470588 199.17 249.39117647058825 201.5005882352941 229.6976470588235 284.0176470588235 329.8976470588235 318.5676470588235 315.64764705882357 300.49764705882353 272.98764705882354 249.86764705882354 227.86764705882354 224.96764705882356 239.57764705882352 235.57764705882357 260.5776470588235 276.1476470588235 267.4764705882353 205.8070588235294 180.3976470588235 190.16764705882352 211.95764705882354 167.80117647058825 225.26058823529414 265.17 301.15 300.22 301.24 249.87 293.77 207.10882352941184 208.8105882352941 259.4005882352941 236.0388235294118 262.6605882352941 268.2305882352942 303.1688235294117 322.4005882352941 282.9905882352942 294.31000000000006 337.22 334.2288235294118 306.6894117647059 229.05 289.3011764705882 260.5582352941177 302.90764705882356 347.11764705882354 347.11764705882354 347.11764705882354
777.6176470588235 777.6176470588235 762.7076470588236 179.95764705882357 147.08999999999992 600.1999999999999 564.26 652.0500000000001 756.1599999999999 780.28 632.68 525.6600000000001 452.0599999999999 683.76 563.71 516.6276470588234 363.1776470588235 338.1876470588234 507.18764705882353 673.5076470588235 642.9576470588235 602.3076470588236 658.1676470588236 662.3476470588234 612.1676470588235 675.3876470588236 670.4876470588235 707.1876470588236 636.3076470588236 652.4476470588236 551.9676470588236 599.1176470588235 584.3276470588236 631.8276470588235 412.65000000000003 545.27 632.55 683.06 609.64 562.4 573.0699999999999 674.08 632.13 619.6399999999999 466.70999999999987 469.33999999999986 499.87000000000006 353.4599999999998 460.5499999999999 500.84 528.37 620.24 624.73 631.22 676.18 375.99 407.92999999999995 622.6976470588236 658.9076470588235 777.6176470588235 777.6176470588235 777.6176470588235
80.27352941176471 80.27352941176471 79.64352941176472 78.94352941176471 59.04666666666666 79.80333333333333 71.56 49.913333333333334 50.43333333333332 72.56333333333333 64.42999999999999 84.54000000000002 87.31 90.67 81.46 70.42352941176472 68.5835294117647 71.89352941176473 74.32352941176472 76.99352941176471 76.79352941176471 75.05352941176471 76.42352941176473 74.92352941176472 73.12352941176472 75.89352941176472 75.89352941176472 75.89352941176472 73.68352941176471 76.57352941176472 71.77352941176473 73.39352941176472 72.60352941176471 76.75352941176472 42.029999999999994 63.95 72.57000000000002 69.42000000000002 69.41 74.08000000000001 73.87 77.39000000000001 76.83000000000001 83.02999999999999 79.17 82.91000000000001 75.92000000000002 71.86000000000001 70.55 67.83000000000003 69.82000000000001 69.12999999999998 67.59 64.63000000000001 60.32666666666667 52.829999999999984 53.379999999999995 74.48686274509805 78.26352941176471 80.27352941176471 80.27352941176471 80.27352941176471
10.788235294117648 10.788235294117648 10.788235294117648 9.528235294117648 4.45 6.490000000000001 2.5599999999999996 0.6699999999999999 0.27000000000000046 4.42 2.7200000000000006 0.94 2.2500000000000004 3.95 1.2199999999999998 0.1682352941176486 3.3482352941176483 9.738235294117647 5.808235294117648 6.108235294117647 5.008235294117647 0.608235294117649 0.15823529411764792 2.1282352941176477 1.6082352941176472 2.358235294117648 1.2582352941176476 7.158235294117648 4.7582352941176485 2.578235294117648 3.588235294117648 2.358235294117648 2.358235294117648 6.058235294117647 3.7200000000000006 1.0600000000000003 0.7900000000000005 6.840000000000001 2.51 5.2200000000000015 3.3699999999999997 1.370000000000001 1.210000000000002 5.04 5.160000000000002 2.1700000000000017 6.910000000000001 11.48 11.8 8.479999999999999 0.13999999999999968 3.0700000000000003 3.080000000000001 3.0799999999999983 1.7899999999999983 1.95 4.42 2.068235294117648 5.478235294117648 10.788235294117648 10.788235294117648 10.788235294117648
2.552941176470588 2.552941176470588 1.9229411764705882 0.6629411764705881 1.21 0.04999999999999993 0.039999999999999925 0.12000000000000022 1.2400000000000002 1.2600000000000002 2.17 0.1399999999999999 0.7699999999999999 0.6300000000000002 0.6300000000000002 0.0929411764705883 0.3629411764705883 0.5729411764705882 1.2929411764705883 0.6029411764705881 0.2129411764705882 0.18294117647058805 1.2929411764705883 1.0829411764705883 1.0829411764705883 0.4529411764705883 0.4529411764705883 0.4529411764705883 0.4529411764705883 0.4529411764705883 0.4529411764705883 1.0829411764705883 1.0829411764705883 1.9229411764705882 1.0600000000000003 0.039999999999999813 0.3099999999999997 0.9600000000000001 1.4500000000000002 0.5599999999999999 2.17 1.4700000000000002 1.5399999999999998 0.6499999999999999 0.06000000000000005 0.22000000000000008 0.42000000000000026 0.12000000000000055 0.039999999999999925 0.5199999999999999 1.0800000000000007 0.09999999999999987 0.15999999999999992 1.9500000000000004 2.8 1.5399999999999998 0.9399999999999997 0.5429411764705883 0.9329411764705882 2.552941176470588 2.552941176470588 2.552941176470588
8.466732771830209 8.466732771830209 8.466732771830209 5.689963261848357 1.8610760617059852 5.2471414367816065 6.043420431034481 7.929491321839079 9.444709999999997 7.097087385057469 8.264603103448273 7.93600804597701 7.461900517241377 6.491740172413791 6.535596005747124 5.874196724137929 6.159210344827585 5.241200172413791 5.423578793103447 4.882411637931033 5.656480987460814 7.111229999999999 7.351741724137931 5.8297163793103435 4.915151666666665 4.803877068965515 4.877282413793102 6.420134482758619 7.1866531034482755 7.277672931034481 7.220686839080457 6.2347179310344805 5.655913620689653 5.87649054597701 9.649857816091954 10.899662988505746 5.765405862068965 6.911067586206896 5.3093074137931024 5.45629120689655 4.719270517241377 4.989533620689654 5.253561551724135 5.7144258045977 5.985069712643678 5.183475344827586 4.2960125287356306 3.7746079885057444 3.4898917241379293 4.6187864942528725 6.061052988505744 5.4724049999999975 6.568546551724138 7.0929344827586185 8.300476839080458 5.132633938294009 2.5765915502117336 6.6104105879221615 7.759835875278483 7.777077599416415 8.466732771830209 8.121905185623312
700.0 700.0 700.0 697.0 686.0 687.0 682.0 686.0 690.0 684.0 678.0 680.0 682.0 687.0 682.0 678.0 683.0 680.0 681.0 678.0 681.0 682.0 685.0 688.0 678.0 684.0 683.0 685.0 686.0 687.0 679.0 683.0 683.0 688.0 688.0 688.0 680.0 679.0 680.0 684.0 685.0 687.0 680.0 684.0 683.0 685.0 686.0 680.0 681.0 678.0 681.0 680.0 686.0 684.0 684.0 683.0 672.0 685.0 691.0 695.0 700.0 697.0

H cap
1.75 -8.75 1.75 -8.75 5.25 5.25 26.25 -5.25 5.25 -5.25 5.25 5.25 1.75 -1.75 -19.25 -5.25 5.25 1.75 8.75 1.75 8.75 8.75 -5.25 -5.25 5.25 5.25 -1.75 8.75 1.75 1.75 33.25 75.25 1.75 -8.75 1.75 1.75 8.75 8.75 26.25 1.75 8.75 19.25 -1.75 1.75 8.75 1.75 -1.75 1.75 -8.75 5.25 -8.75 12.25 1.75 1.75 131.25 131.25 131.25 131.25 131.25 131.25 131.25 131.25
-6.0 -9.0 32.0 1.0 2.5 20.0 19.0 27.5 25.5 25.5 28.0 26.0 36.0 36.0 27.5 27.5 35.0 39.0 36.5 32.5 30.0 30.0 30.5 30.5 35.5 38.5 27.5 26.5 30.5 30.5 29.5 35.0 40.0 38.0 36.5 37.0 33.5 30.5 30.5 26.5 28.0 36.0 34.5 30.0 25.5 22.5 27.5 30.0 34.5 38.0 29.5 28.0 11.0 17.0 52.5 52.5 52.5 52.5 52.5 52.5 52.5 52.5
42.0 35.0 45.5 49.0 52.5 45.5 42.0 49.0 49.0 49.0 42.0 42.0 52.5 42.0 42.0 49.0 49.0 52.5 49.0 45.5 42.0 42.0 45.5 45.5 49.0 49.0 38.5 42.0 52.5 52.5 52.5 52.5 49.0 49.0 49.0 45.5 42.0 42.0 45.5 45.5 45.5 49.0 52.5 49.0 38.5 35.0 42.0 42.0 45.5 52.5 38.5 38.5 35.0 38.5 63.0 63.0 63.0 63.0 63.0 63.0 63.0 63.0
-9.75 -23.25 0.75 -9.75 -4.75 -4.25 -11.75 -1.25 15.25 1.25 6.75 -0.25 6.75 4.75 -14.25 -13.25 1.75 11.75 16.25 9.25 18.25 18.25 0.75 0.75 14.25 18.25 9.75 13.75 15.75 4.25 3.75 28.25 1.75 6.75 15.25 16.25 16.25 9.25 14.75 5.75 3.25 18.25 17.75 6.25 13.25 13.25 20.25 10.75 6.25 27.25 3.75 2.25 2.25 9.75 78.75 78.75 78.75 78.75 78.75 78.75 78.75 78.75

