T P M C
61 37 4 12

base obj
11.780992685475445

exp obj
10.8063327494007

Objective struct
11.780992685475445 0.0 7.882352941176468

num campaigns
384

x
0 0 0 0 1 0 0 0 1 0 0 0 1 0 0 0 1 0 0 0 1 0 0 1 0 0 0 0 0 0 0 0 0 1 0 0 0 1 0 0 1 0 0 0 1 0 0 1 0 0 0 1 0 0 1 0 0 0 0 0 0
0 0 0 0 0 0 0 0 0 0 0 0 0 0 0 0 0 0 0 0 0 0 0 0 0 0 0 0 0 0 0 0 0 0 0 0 1 0 0 0 0 0 0 0 0 1 0 0 0 0 0 1 0 0 0 0 0 0 0 0 0
0 0 0 0 0 0 0 0 0 0 0 1 0 0 0 0 0 0 1 0 0 0 0 0 1 0 0 0 0 1 0 0 0 1 0 0 0 0 0 1 0 0 0 0 0 1 0 0 0 0 1 0 0 0 0 0 0 0 0 0 0
0 0 0 0 0 0 1 0 1 1 1 1 1 1 0 1 0 1 0 0 1 1 0 0 0 0 0 0 0 0 0 0 0 0 0 0 0 0 0 0 0 0 0 0 0 0 0 0 0 0 0 0 0 0 0 0 0 0 0 0 0
0 0 0 0 0 0 1 1 1 1 0 0 1 1 1 1 1 1 1 1 1 0 0 0 1 1 0 1 0 0 0 0 0 0 0 0 0 0 0 0 0 1 0 0 0 0 0 0 0 0 0 0 0 0 0 0 0 0 0 0 0
0 0 0 0 0 0 0 0 0 0 0 0 0 0 1 0 0 0 0 0 0 0 0 0 0 0 0 0 1 0 0 0 1 0 0 0 0 1 0 0 0 0 0 1 0 0 0 0 0 0 0 0 0 0 0 0 0 0 0 0 0
0 0 0 0 0 0 0 1 0 0 1 0 1 0 1 0 1 0 1 0 1 0 1 0 1 0 1 0 1 0 0 1 0 0 0 0 0 0 0 0 0 0 0 0 0 0 0 0 0 0 0 0 0 0 0 0 0 0 0 0 0
0 0 0 0 1 0 0 0 0 0 0 0 0 0 0 0 0 0 0 0 0 1 0 0 0 0 0 0 0 0 0 0 0 0 0 0 0 0 1 0 0 0 0 0 0 0 0 0 0 0 0 0 0 0 0 1 0 0 0 0 0
0 0 0 0 0 0 0 0 0 0 0 0 0 0 0 0 0 0 0 0 0 0 0 0 1 0 0 0 0 0 0 0 0 0 0 0 0 0 0 0 0 0 0 0 0 0 0 0 0 0 0 0 0 0 0 1 0 0 0 0 0
0 0 0 0 0 0 1 0 0 1 0 1 0 0 0 0 0 0 0 0 0 0 0 0 0 1 0 1 0 1 0 0 0 0 0 0 1 0 0 0 0 0 0 0 1 0 1 0 1 0 1 0 0 0 0 0 0 0 0 0 0
0 0 0 0 0 0 1 0 0 0 0 0 0 0 0 0 1 0 0 0 0 0 0 0 0 0 1 0 0 0 0 0 0 0 0 0 0 0 0 1 0 0 0 0 0 0 0 0 0 0 0 1 0 0 0 0 0 0 0 0 0
0 0 0 0 0 0 0 0 1 0 0 0 0 0 0 0 0 0 0 1 0 0 0 0 0 0 0 0 0 0 0 1 0 0 0 0 0 0 0 0 0 0 0 0 0 0 0 0 0 0 1 0 0 0 0 0 0 0 0 0 0
0 0 0 0 0 0 0 0 0 0 0 0 0 0 0 1 0 0 0 0 0 0 0 0 0 0 0 0 0 0 0 0 0 0 0 0 0 0 0 0 0 0 0 0 0 0 0 1 0 0 0 0 0 0 0 0 0 0 0 0 0
0 0 0 0 0 0 0 1 0 0 0 0 0 0 0 0 0 0 0 0 0 1 0 0 0 0 0 0 0 0 1 0 0 0 0 1 0 0 0 0 0 1 0 0 0 0 1 0 0 0 0 0 0 0 1 0 0 0 0 0 0
0 0 0 0 0 0 0 0 0 0 1 0 0 0 0 0 0 0 0 0 0 0 1 0 0 0 0 0 0 0 0 1 0 0 0 0 0 0 0 0 0 0 0 0 0 0 0 0 0 0 0 0 1 0 0 0 0 0 0 0 0
0 0 0 0 0 0 0 0 0 0 0 0 0 0 0 0 0 1 0 0 0 0 0 0 0 0 0 0 0 0 0 0 0 0 0 0 0 0 0 0 0 0 0 0 0 0 0 0 0 0 0 0 0 0 0 0 0 0 0 0 0
0 0 0 0 0 0 0 0 0 0 0 0 0 1 0 0 0 0 0 0 0 0 0 0 0 1 0 0 0 0 0 0 0 0 0 0 0 0 0 0 0 0 0 1 0 0 0 0 0 0 0 0 0 0 0 0 0 0 0 0 0
0 0 0 0 0 0 1 0 0 0 0 0 0 0 0 0 0 0 0 0 0 0 0 0 0 0 0 1 0 0 0 0 0 0 0 0 0 0 0 0 0 0 0 0 0 0 0 0 1 0 0 0 0 0 0 0 0 0 0 0 0
0 0 0 0 0 0 0 0 1 0 1 0 0 1 0 1 0 0 1 0 1 0 1 0 1 0 1 0 0 0 1 0 1 0 0 0 0 0 0 1 0 1 0 1 0 1 0 0 1 0 1 0 0 1 0 0 0 0 0 0 0
0 0 0 0 1 0 0 0 0 0 0 0 0 0 0 0 0 0 0 0 0 0 0 0 0 0 0 0 0 0 0 0 0 0 0 0 0 0 0 0 0 0 0 0 0 0 0 0 0 0 0 0 0 0 0 1 0 0 0 0 0
0 0 0 0 0 0 0 1 0 0 1 0 0 1 0 0 0 0 1 0 0 0 0 1 0 0 0 1 0 0 1 0 0 1 0 0 1 0 0 1 0 0 1 0 0 0 0 1 0 0 0 0 0 0 0 0 0 0 0 0 0
0 0 0 0 0 0 0 0 0 0 0 0 0 0 0 0 0 0 0 0 0 0 0 0 0 0 0 0 0 0 0 0 0 0 0 0 0 0 0 0 0 0 0 0 0 0 0 0 0 0 0 0 0 0 0 0 0 0 0 0 0
0 0 0 0 1 0 0 0 0 0 0 0 0 0 0 0 0 0 0 1 0 0 0 0 0 0 0 0 0 0 0 0 0 0 1 0 0 0 0 0 0 0 0 0 0 0 0 0 0 1 0 0 0 0 0 0 0 0 0 0 0
0 0 0 0 0 0 1 0 0 0 0 0 1 0 0 0 0 1 0 0 0 0 0 1 0 0 0 0 1 0 0 0 0 0 0 1 0 0 0 0 0 0 1 0 0 0 0 0 1 0 0 0 0 0 0 0 0 0 0 0 0
0 0 0 0 0 1 0 0 0 0 0 0 0 0 0 1 0 0 0 0 0 0 0 0 0 0 1 0 0 0 0 0 0 0 0 0 0 0 0 1 0 0 0 0 0 0 0 0 0 0 0 0 0 1 0 0 0 0 0 0 0
0 0 0 0 0 0 1 0 0 0 0 1 0 0 0 0 1 0 0 0 0 1 0 0 0 0 1 0 0 0 0 1 0 0 0 0 1 0 0 0 0 1 0 0 0 0 0 0 0 0 0 0 0 0 0 0 0 0 0 0 0
0 0 0 0 0 0 0 0 0 1 0 0 0 0 0 0 0 0 1 0 0 0 0 0 0 0 0 0 0 0 0 0 0 1 0 0 0 0 1 0 0 0 0 0 0 0 0 1 0 0 0 0 0 0 0 1 0 0 0 0 0
0 0 0 0 0 0 1 0 0 0 0 0 0 0 0 0 0 0 0 0 0 0 0 0 0 0 0 0 0 0 0 0 0 0 0 0 0 0 0 0 0 0 0 0 0 0 0 0 0 0 0 0 0 1 0 0 0 0 0 0 0
0 0 0 0 0 0 0 0 0 0 0 0 0 0 0 0 0 0 0 0 0 0 0 0 0 0 0 0 0 0 0 0 0 0 0 0 0 0 0 0 0 1 0 0 0 1 0 0 0 0 0 0 0 0 0 0 0 0 0 0 0
0 0 0 0 0 0 1 1 1 1 1 1 1 1 0 1 0 1 1 1 1 1 1 1 1 1 1 1 1 1 1 1 1 1 1 1 1 1 1 1 1 1 1 1 1 1 1 0 1 1 1 1 1 1 1 0 0 0 0 0 0
0 0 0 0 0 0 0 1 1 1 1 1 1 1 0 1 0 1 0 1 1 1 0 0 1 1 1 1 1 1 1 1 1 1 1 1 1 1 0 1 1 1 1 1 1 1 1 0 0 1 1 1 1 0 1 0 0 0 0 0 0
0 0 0 0 0 0 0 1 1 1 1 0 1 1 0 0 0 0 1 1 1 1 0 0 1 1 1 1 1 1 1 1 1 1 1 1 1 1 1 0 1 1 1 1 1 1 1 1 1 1 1 1 1 0 1 0 0 0 0 0 0
0 0 0 0 0 0 0 1 1 1 1 0 1 0 0 0 0 0 1 1 0 1 0 0 1 0 0 1 1 1 0 0 1 1 0 0 1 1 1 0 0 1 1 0 0 1 1 0 1 1 1 1 0 0 1 0 0 0 0 0 0
0 0 0 0 0 0 0 1 1 1 1 0 1 0 1 1 0 0 0 1 1 0 0 0 1 1 1 1 1 1 1 1 1 0 1 1 1 1 1 0 0 0 1 1 1 1 1 0 1 1 1 1 1 1 1 0 0 0 0 0 0
0 0 0 0 0 0 0 0 1 0 0 0 0 0 0 0 0 0 0 0 0 1 0 1 1 0 0 1 1 1 1 0 1 0 0 0 1 0 0 0 0 0 0 0 0 0 0 1 1 0 1 1 0 0 1 0 0 0 0 0 0
0 0 0 0 0 0 0 0 0 0 0 0 0 0 0 0 0 0 0 0 0 0 0 0 0 0 0 1 0 1 0 0 0 0 0 0 0 0 0 0 0 0 0 0 0 0 0 0 0 0 0 0 0 0 0 0 0 0 0 0 0
0 0 0 0 0 0 0 0 0 0 0 0 0 0 0 0 0 0 0 0 0 0 0 0 0 0 0 0 0 0 0 0 0 0 0 0 0 0 0 0 0 0 0 0 0 0 0 0 0 0 0 0 0 0 0 0 0 0 0 0 0

y
0.0 1.3636363636363633 0.0 0.0 0.0 0.0 0.0 0.0 0.0 0.1785714285714286 0.0 0.0 27.363636363636363 0.0 0.5 0.0 1.8000000000000007 0.0 0.0 0.0 0.0 0.0 0.0 0.0 0.0 0.0 0.0 0.0 1.4500000000000002 0.0 0.0 0.0 0.5048543689320388 0.0 0.0 1.0 0.0

k
0 9 5 0 0 7 0 0 0 18 0 0 10 4 3 0 3 0 7 0 0 6 0 2 1 0 4 0 19 6 13 13 78 17 37 50 6

f
4.200000000000003 13.649999999999961 0.0 7.349999999999998 0.0 0.0 0.0 0.0 0.0 1.0500000000000664 0.0 0.0 0.0 4.200000000000102 0.0 0.0 4.200000000000067 10.500000000000021 0.0 1.050000000000054 4.2000000000000455 0.0 0.0 0.0 0.0 0.0 0.0 0.0 0.0 0.0 0.0 0.0 0.0 0.0 10.5 0.0 0.0 0.0 0.0 0.0 0.0 0.0 0.0 0.0 1.0500000000000114 0.0 0.0 0.0 4.200000000000003 0.0 0.0 19.950000000000003 0.0 0.0 0.0 0.0 0.0 0.0 0.0 0.0 0.0
0.0 0.0 0.0 0.0 0.0 0.0 0.0 0.0 0.0 0.0 0.0 0.0 0.0 0.0 0.0 0.0 0.0 0.0 0.0 0.0 0.0 0.0 0.0 0.0 0.0 0.0 0.0 0.0 0.0 0.0 0.0 0.0 0.0 0.0 0.0 0.0 0.0 0.0 0.0 0.0 0.0 0.0 0.0 0.0 0.0 0.0 0.0 0.0 0.0 0.0 0.0 0.0 0.0 0.0 0.0 0.0 0.0 0.0 0.0 0.0 0.0
0.0 0.0 0.0 0.0 0.0 0.0 0.0 0.0 0.0 0.0 0.0 0.0 0.0 0.0 0.0 0.0 0.0 0.0 0.0 0.0 0.0 0.0 0.0 0.0 0.0 0.0 0.0 0.0 0.0 0.0 0.0 0.0 0.0 0.0 0.0 0.0 0.0 0.0 0.0 0.0 0.0 0.0 0.0 0.0 0.0 0.0 0.0 0.0 0.0 0.0 0.0 0.0 0.0 0.0 0.0 0.0 0.0 0.0 0.0 0.0 0.0
0.0 22.50000000000024 6.75000000000005 2.2499999999999587 0.0 0.0 0.0 0.0 6.749999999999851 9.449999999999912 0.0 4.499999999999837 10.349999999999751 1.7999999999997542 1.799999999999803 0.0 3.599999999999852 0.4499999999997599 0.0 3.1499999999996646 0.0 0.0 4.049999999999862 0.0 0.0 0.0 0.0 0.899999999999737 0.899999999999674 0.0 1.3499999999998646 0.0 0.0 0.0 0.0 0.0 0.4499999999999318 0.0 0.4499999999999065 0.0 0.0 0.0 0.0 0.0 8.549999999999686 0.0 0.0 0.0 0.0 0.0 9.899999999999944 0.0 0.0 0.0 0.0 0.0 0.0 0.0 0.0 0.0 0.0

L
3 6 4 1 1 4 2 17 31 2 10 11 32 5 9 0 12 21 2 51 3 0 15 5 10 5 5 47 4 1 1 1 1 1 1 2 0

g
0 0 0 0 0 0 0 0 0 0 0 0 0 0 0 0 0 0 0 0 0 0 0 0 0 0 0 0 0 0 0 0 0 0 0 0 0 0 0 0 0 0 0 0 0 0 0 0 0 0 0 0 0 0 0 0 0 0 0 0 0
0 0 0 0 0 0 0 0 0 0 0 0 0 0 0 0 0 0 0 0 0 0 0 0 0 0 0 0 0 0 0 0 0 0 0 0 0 0 0 0 0 0 0 0 0 0 0 0 0 0 0 0 0 0 0 0 0 0 0 0 0
0 0 0 0 0 0 0 0 0 0 0 0 0 0 0 0 0 0 0 0 0 0 0 0 0 0 0 0 0 0 0 0 0 0 0 0 0 0 0 0 0 0 0 0 0 0 0 0 0 0 0 0 0 0 0 0 0 0 0 0 0
0 0 0 0 0 0 0 0 0 0 0 0 0 0 0 0 0 0 0 0 0 0 0 0 0 0 0 0 0 0 0 0 0 0 0 0 0 0 0 0 0 0 0 0 0 0 0 0 0 0 0 0 0 0 0 0 0 0 0 0 0
0 0 0 0 0 0 0 0 0 0 0 0 0 0 0 0 0 0 0 0 0 0 0 0 0 0 0 0 0 0 0 0 0 0 0 0 0 0 0 0 0 0 0 0 0 0 0 0 0 0 0 0 0 0 0 0 0 0 0 0 0
0 0 0 0 0 0 0 0 0 0 0 0 0 0 0 0 0 0 0 0 0 0 0 0 0 0 0 0 0 0 0 0 0 0 0 0 0 0 0 0 0 0 0 0 0 0 0 0 0 0 0 0 0 0 0 0 0 0 0 0 0
0 0 0 0 0 0 0 0 0 0 0 0 0 0 0 0 0 0 0 0 0 0 0 0 0 0 0 0 0 0 0 0 0 0 0 0 0 0 0 0 0 0 0 0 0 0 0 0 0 0 0 0 0 0 0 0 0 0 0 0 0
0 0 0 0 0 0 0 0 0 0 0 0 0 0 0 0 0 0 0 0 0 0 0 0 0 0 0 0 0 0 0 0 0 0 0 0 0 0 0 0 0 0 0 0 0 0 0 0 0 0 0 0 0 0 0 0 0 0 0 0 0
0 0 0 0 0 0 0 0 0 0 0 0 0 0 0 0 0 0 0 0 0 0 0 0 0 0 0 0 0 0 0 0 0 0 0 0 0 0 0 0 0 0 0 0 0 0 0 0 0 0 0 0 0 0 0 0 0 0 0 0 0
0 0 0 0 0 0 0 0 0 0 0 0 0 0 0 0 0 0 0 0 0 0 0 0 0 0 0 0 0 0 0 0 0 0 0 0 0 0 0 0 0 0 0 0 0 0 0 0 0 0 0 0 0 0 0 0 0 0 0 0 0
0 0 0 0 0 0 0 0 0 0 0 0 0 0 0 0 0 0 0 0 0 0 0 0 0 0 0 0 0 0 0 0 0 0 0 0 0 0 0 0 0 0 0 0 0 0 0 0 0 0 0 0 0 0 0 0 0 0 0 0 0
0 0 0 0 0 0 0 0 0 0 0 0 0 0 0 0 0 0 0 0 0 0 0 0 0 0 0 0 0 0 0 0 0 0 0 0 0 0 0 0 0 0 0 0 0 0 0 0 0 0 0 0 0 0 0 0 0 0 0 0 0
0 0 0 0 0 0 0 0 0 0 0 0 0 0 0 0 0 0 0 0 0 0 0 0 0 0 0 0 0 0 0 0 0 0 0 0 0 0 0 0 0 0 0 0 0 0 0 0 0 0 0 0 0 0 0 0 0 0 0 0 0
0 0 0 0 0 0 0 0 0 0 0 0 0 0 0 0 0 0 0 0 0 0 0 0 0 0 0 0 0 0 0 0 0 0 0 0 0 0 0 0 0 0 0 0 0 0 0 0 0 0 0 0 0 0 0 0 0 0 0 0 0
0 0 0 0 0 0 0 0 0 0 0 0 0 0 0 0 0 0 0 0 0 0 0 0 0 0 0 0 0 0 0 0 0 0 0 0 0 0 0 0 0 0 0 0 0 0 0 0 0 0 0 0 0 0 0 0 0 0 0 0 0
0 0 0 0 0 0 0 0 0 0 0 0 0 0 0 0 0 0 0 0 0 0 0 0 0 0 0 0 0 0 0 0 0 0 0 0 0 0 0 0 0 0 0 0 0 0 0 0 0 0 0 0 0 0 0 0 0 0 0 0 0
0 0 0 0 0 0 0 0 0 0 0 0 0 0 0 0 0 0 0 0 0 0 0 0 0 0 0 0 0 0 0 0 0 0 0 0 0 0 0 0 0 0 0 0 0 0 0 0 0 0 0 0 0 0 0 0 0 0 0 0 0
0 0 0 0 0 0 0 0 0 0 0 0 0 0 0 0 0 0 0 0 0 0 0 0 0 0 0 0 0 0 0 0 0 0 0 0 0 0 0 0 0 0 0 0 0 0 0 0 0 0 0 0 0 0 0 0 0 0 0 0 0
0 0 0 0 0 0 0 0 0 0 0 0 0 0 0 0 0 0 0 0 0 0 0 0 0 0 0 0 0 0 0 0 0 0 0 0 0 0 0 0 0 0 0 0 0 0 0 0 0 0 0 0 0 0 0 0 0 0 0 0 0
0 0 0 0 0 0 0 0 0 0 0 0 0 0 0 0 0 0 0 0 0 0 0 0 0 0 0 0 0 0 0 0 0 0 0 0 0 0 0 0 0 0 0 0 0 0 0 0 0 0 0 0 0 0 0 0 0 0 0 0 0
0 0 0 0 0 0 0 0 0 0 0 0 0 0 0 0 0 0 0 0 0 0 0 0 0 0 0 0 0 0 0 0 0 0 0 0 0 0 0 0 0 0 0 0 0 0 0 0 0 0 0 0 0 0 0 0 0 0 0 0 0
0 0 0 0 0 0 0 0 0 0 0 0 0 0 0 0 0 0 0 0 0 0 0 0 0 0 0 0 0 0 0 0 0 0 0 0 0 0 0 0 0 0 0 0 0 0 0 0 0 0 0 0 0 0 0 0 0 0 0 0 0
0 0 0 0 0 0 0 0 0 0 0 0 0 0 0 0 0 0 0 0 0 0 0 0 0 0 0 0 0 0 0 0 0 0 0 0 0 0 0 0 0 0 0 0 0 0 0 0 0 0 0 0 0 0 0 0 0 0 0 0 0
0 0 0 0 0 0 0 0 0 0 0 0 0 0 0 0 0 0 0 0 0 0 0 0 0 0 0 0 0 0 0 0 0 0 0 0 0 0 0 0 0 0 0 0 0 0 0 0 0 0 0 0 0 0 0 0 0 0 0 0 0
0 0 0 0 0 0 0 0 0 0 0 0 0 0 0 0 0 0 0 0 0 0 0 0 0 0 0 0 0 0 0 0 0 0 0 0 0 0 0 0 0 0 0 0 0 0 0 0 0 0 0 0 0 0 0 0 0 0 0 0 0
0 0 0 0 0 0 0 0 0 0 0 0 0 0 0 0 0 0 0 0 0 0 0 0 0 0 0 0 0 0 0 0 0 0 0 0 0 0 0 0 0 0 0 0 0 0 0 0 0 0 0 0 0 0 0 0 0 0 0 0 0
0 0 0 0 0 0 0 0 0 0 0 0 0 0 0 0 0 0 0 0 0 0 0 0 0 0 0 0 0 0 0 0 0 0 0 0 0 0 0 0 0 0 0 0 0 0 0 0 0 0 0 0 0 0 0 0 0 0 0 0 0
0 0 0 0 0 0 0 0 0 0 0 0 0 0 0 0 0 0 0 0 0 0 0 0 0 0 0 0 0 0 0 0 0 0 0 0 0 0 0 0 0 0 0 0 0 0 0 0 0 0 0 0 0 0 0 0 0 0 0 0 0
0 0 0 0 0 0 0 0 0 0 0 0 0 0 0 0 0 0 0 0 0 0 0 0 0 0 0 0 0 0 0 0 0 0 0 0 0 0 0 0 0 0 0 0 0 0 0 0 0 0 0 0 0 0 0 0 0 0 0 0 0
0 0 0 0 0 0 0 0 0 0 0 0 0 0 0 0 0 0 0 0 0 0 0 0 0 0 0 0 0 0 0 0 0 0 0 0 0 0 0 0 0 0 0 0 0 0 0 0 0 0 0 0 0 0 0 0 0 0 0 0 0
0 0 0 0 0 0 0 0 0 0 0 0 0 0 0 0 0 0 0 0 0 0 0 0 0 0 0 0 0 0 0 0 0 0 0 0 0 0 0 0 0 0 0 0 0 0 0 0 0 0 0 0 0 0 0 0 0 0 0 0 0
0 0 0 0 0 0 0 0 0 0 0 0 0 0 0 0 0 0 0 0 0 0 0 0 0 0 0 0 0 0 0 0 0 0 0 0 0 0 0 0 0 0 0 0 0 0 0 0 0 0 0 0 0 0 0 0 0 0 0 0 0
0 0 0 0 0 0 0 0 0 0 0 0 0 0 0 0 0 0 0 0 0 0 0 0 0 0 0 0 0 0 0 0 0 0 0 0 0 0 0 0 0 0 0 0 0 0 0 0 0 0 0 0 0 0 0 0 0 0 0 0 0
0 0 0 0 0 0 0 0 0 0 0 0 0 0 0 0 0 0 0 0 0 0 0 0 0 0 0 0 0 0 0 0 0 0 0 0 0 0 0 0 0 0 0 0 0 0 0 0 0 0 0 0 0 0 0 0 0 0 0 0 0
0 0 0 0 0 0 0 0 0 0 0 0 0 0 0 0 0 0 0 0 0 0 0 0 0 0 0 0 0 0 0 0 0 0 0 0 0 0 0 0 0 0 0 0 0 0 0 0 0 0 0 0 0 0 0 0 0 0 0 0 0
0 0 0 0 0 0 0 0 0 0 0 0 0 0 0 0 0 0 0 0 0 0 0 0 0 0 0 0 0 0 0 0 0 0 0 0 0 0 0 0 0 0 0 0 0 0 0 0 0 0 0 0 0 0 0 0 0 0 0 0 0
0 0 0 0 0 0 0 0 0 0 0 0 0 0 0 0 0 0 0 0 0 0 0 0 0 0 0 0 0 0 0 0 0 0 0 0 0 0 0 0 0 0 0 0 0 0 0 0 0 0 0 0 0 0 0 0 0 0 0 0 0

I cap
1058.909090909091 1058.909090909091 918.9490909090921 918.9490909090919 1144.360000000007 1034.5600000000054 624.0799999999979 745.1199999999926 347.259999999998 478.0600000000073 353.34000000000265 302.48000000000354 336.0999999999977 445.87999999998607 574.8000000000013 416.0290909091028 364.34909090909093 325.9290909091016 330.54909090910263 489.80909090909626 288.40909090908514 327.70909090909663 515.0490909091043 622.8090909091018 591.9090909090955 656.869090909111 469.18909090910046 738.4090909090945 607.0290909091061 765.1490909090985 790.5490909090948 500.8690909090978 620.0290909091043 521.5090909090977 294.41999999999956 318.2400000000008 293.58000000000317 392.14000000001874 410.6400000000094 540.1200000000231 459.7600000000112 496.1599999999881 605.3800000000181 473.7600000000197 724.3999999999851 471.9399999999786 689.3400000000192 628.9000000000203 811.0599999999961 759.1800000000273 598.880000000011 579.5599999999909 701.8200000000161 777.2800000000288 892.0000000000075 975.5800000000045 874.4490909090939 876.8490909090922 1010.709090909091 1058.909090909091 1058.909090909091
107.96969696969697 107.96969696969697 67.52969696969697 67.52969696969694 79.44 84.44000000000003 6.919999999999945 2.880000000000208 10.74000000000023 54.93999999999993 36.659999999999954 50.52000000000015 35.89999999999999 59.11999999999935 99.1999999999998 58.849696969697135 28.529696969696996 25.949696969696994 47.32969696969741 4.069696969696913 4.469696969697195 0.16969696969724035 48.82969696969706 44.069696969697134 20.969696969696983 57.0096969696972 13.689696969697108 39.46969696969691 31.849696969696925 71.72969696969714 65.32969696969693 30.00969696969688 66.84969696969662 57.36969696969683 63.5800000000002 70.75999999999989 14.420000000000305 7.860000000000933 13.36000000000091 6.879999999999882 25.24000000000033 13.840000000000146 84.61999999999975 93.23999999999997 79.59999999999967 51.05999999999986 54.659999999999755 39.100000000000094 50.93999999999973 51.81999999999981 24.119999999999763 15.439999999999635 27.18000000000017 21.320000000000256 36.59999999999977 17.21999999999997 53.42969696969686 55.02969696969694 64.16969696969697 107.96969696969697 107.96969696969697
38.96666666666666 38.96666666666666 14.033333333333328 14.033333333333328 27.96666666666666 29.325 28.624999999999996 11.158333333333335 5.558333333333341 17.53333333333334 2.133333333333331 7.733333333333336 2.833333333333334 14.733333333333334 9.833333333333336 10.300000000000004 31.96666666666667 31.96666666666666 17.299999999999997 17.300000000000004 10.300000000000004 31.96666666666666 24.96666666666666 17.299999999999997 10.300000000000004 17.300000000000004 12.291666666666668 4.6250000000000036 4.6250000000000036 11.625000000000004 17.300000000000004 17.300000000000004 10.300000000000004 17.300000000000004 2.1333333333333346 4.2333333333333325 3.533333333333333 8.433333333333335 12.633333333333331 9.133333333333331 16.133333333333333 11.233333333333341 25.23333333333335 17.533333333333324 21.73333333333334 27.299999999999997 38.49999999999999 16.75833333333334 10.458333333333346 11.858333333333341 22.325 42.0 45.50000000000003 17.06666666666668 19.166666666666675 29.366666666666667 38.96666666666667 38.96666666666667 38.96666666666666 38.96666666666666 38.96666666666666
45.24545454545453 45.24545454545453 43.14545454545453 43.14545454545453 32.97000000000008 35.840000000000344 23.50000000000056 27.84000000000113 24.61000000000024 23.69000000000024 20.470000000000155 12.220000000000041 11.890000000000175 21.860000000000117 22.430000000000092 33.3854545454549 36.675454545454826 27.85545454545483 27.535454545455007 22.36545454545502 21.085454545454883 25.785454545454826 30.615454545455254 28.30545454545509 24.465454545455763 23.585454545454866 23.815454545454898 30.375454545454986 26.91545454545496 25.745454545455054 23.995454545454848 26.435454545454856 28.95545454545493 25.475454545454944 21.38000000000018 16.77000000000003 19.700000000000156 16.820000000000118 24.620000000000257 34.34000000000011 19.98000000000028 30.88000000000159 40.740000000000116 32.58000000000047 30.470000000000525 25.930000000000696 28.100000000000335 27.55000000000023 25.490000000000375 32.00000000000038 34.0300000000002 33.49000000000005 39.84 41.03000000000014 38.01000000000045 41.71000000000003 38.785454545454535 39.06545454545453 43.91545454545453 45.24545454545453 45.24545454545453
20.999999999999993 20.999999999999993 20.159999999999993 20.159999999999993 13.609999999999994 22.539999999999985 16.559999999999903 17.119999999999955 10.259999999999955 6.449999999999973 9.510000000000005 7.610000000000014 6.070000000000006 10.489999999999915 12.249999999999964 11.189999999999953 16.729999999999997 10.980000000000016 14.199999999999964 9.229999999999924 7.829999999999969 7.119999999999939 13.249999999999917 15.87999999999994 13.28999999999999 9.459999999999981 6.87999999999998 10.30999999999999 8.729999999999993 6.990000000000027 6.009999999999987 7.110000000000024 9.329999999999988 7.219999999999992 7.0200000000000164 10.360000000000008 8.560000000000016 7.119999999999983 11.659999999999972 7.830000000000077 2.8799999999999697 7.769999999999967 10.180000000000003 12.400000000000002 9.390000000000072 5.500000000000007 5.540000000000033 10.890000000000033 18.829999999999934 14.890000000000008 8.849999999999968 5.890000000000034 6.950000000000028 11.149999999999972 12.529999999999909 15.729999999999885 16.880000000000006 19.91999999999999 20.429999999999993 20.999999999999993 20.999999999999993
345.75757575757575 345.75757575757575 341.76757575757574 341.76757575757574 253.68 288.6799999999997 248.4088235294122 202.57941176470646 216.88000000000116 180.31000000000037 167.19117647058812 162.3094117647053 211.199411764706 231.40117647058938 225.59058823529443 279.17757575757594 282.9375757575752 237.94639928698717 225.93698752228266 205.03757575757746 212.26757575757637 269.58875222816425 297.04816399287097 290.3063992869884 263.39698752228213 188.207575757576 155.52757575757622 200.63757575757586 231.78757575757442 219.1175757575767 209.347575757576 237.19757575757555 248.5675757575754 229.3675757575762 117.04000000000252 170.51000000000016 189.70000000000047 199.82000000000053 259.24117647058836 236.17941176470612 218.97941176470636 266.31000000000233 213.0200000000016 250.16999999999948 194.57000000000156 143.05000000000035 160.82000000000085 221.01000000000042 270.1100000000022 264.100000000002 257.24000000000285 239.02000000000132 308.17117647058905 339.4594117647079 380.96058823529717 333.250588235294 320.76757575757557 320.76757575757574 345.75757575757575 345.75757575757575 345.75757575757575
779.7575757575758 779.7575757575758 747.8375757575758 747.8375757575758 630.2499999999994 747.1100000000001 715.2399999999999 659.2100000000007 682.0200000000007 650.4299999999997 641.8399999999998 618.6900000000002 678.24 739.22 745.7399999999991 627.1275757575762 666.4975757575759 540.8775757575745 510.19757575757666 529.1175757575772 498.9175757575765 580.037575757576 711.8575757575768 608.737575757579 576.597575757576 643.3975757575763 570.0075757575736 612.2175757575749 580.2175757575759 620.2875757575748 667.8475757575758 558.2275757575758 532.277575757573 567.047575757575 469.9699999999993 497.0599999999993 611.4400000000036 604.8200000000008 608.9599999999974 548.299999999997 451.4900000000009 521.5400000000003 649.5299999999995 617.2999999999979 503.9299999999995 376.6499999999961 457.63999999999555 502.0700000000037 510.83999999999696 487.2299999999972 472.2099999999998 546.2499999999995 602.3599999999999 622.5000000000002 630.4799999999994 567.279999999996 693.3575757575757 696.5975757575758 764.3675757575758 779.7575757575758 779.7575757575758
80.73333333333335 80.73333333333335 79.26333333333335 79.26333333333335 67.38000000000001 87.92 77.71000000000001 81.15666666666665 74.18999999999998 78.91 69.08999999999999 80.27333333333334 87.81666666666666 90.08333333333331 81.40666666666667 68.37333333333333 74.32666666666668 75.09333333333329 76.06333333333325 68.01000000000002 64.68333333333332 69.55666666666666 77.23333333333336 74.62333333333335 68.14999999999993 65.95333333333333 66.48333333333333 71.3433333333333 67.84333333333326 67.73333333333323 66.92333333333332 65.12333333333319 66.3433333333332 69.45666666666666 38.2066666666667 56.72999999999927 66.9099999999994 61.72999999999985 63.74999999999883 69.42333333333326 71.26999999999956 76.88999999999999 76.90666666666665 75.33999999999999 78.47000000000001 78.32999999999998 72.73000000000003 73.1633333333333 70.73666666666583 65.34999999999933 60.66999999999885 56.8899999999989 55.25999999999966 57.39999999999968 55.48999999999924 56.07333333333317 77.02333333333335 77.34333333333335 79.97333333333334 80.73333333333335 80.73333333333335
10.775757575757575 10.775757575757575 9.725757575757576 9.725757575757573 7.050000000000006 8.750000000000007 8.050000000000006 8.149999999999991 2.9699999999999935 0.26999999999999424 0.269999999999996 2.069999999999996 6.870000000000004 2.16 0.5800000000000001 4.38575757575757 5.175757575757574 3.7757575757575754 3.1257575757575715 1.7757575757575832 1.2957575757575837 2.5957575757576192 2.195757575757571 2.89575757575758 0.1957575757575709 0.33575757575756615 0.1557575757575762 1.1857575757575773 4.77575757575757 1.1457575757575746 1.1457575757575844 3.2457575757575663 3.9457575757575736 1.9457575757575758 0.18999999999999861 0.9400000000000022 1.3000000000000058 4.040000000000015 3.4400000000000035 3.9500000000000073 4.650000000000003 3.450000000000001 0.7000000000000011 9.769999999999989 2.8200000000000056 0.7600000000000042 0.19000000000000483 7.8899999999999935 2.499999999999986 4.300000000000005 3.809999999999989 2.920000000000009 5.260000000000008 6.710000000000016 3.320000000000011 1.240000000000049 4.925757575757573 4.925757575757573 9.825757575757576 10.775757575757575 10.775757575757575
2.545454545454545 2.545454545454545 1.915454545454545 1.915454545454545 1.96 0.5599999999999999 1.5400000000000142 0.8400000000000002 0.9700000000000021 0.5400000000000008 0.8200000000000037 0.1399999999999999 0.5599999999999999 1.2600000000000007 0.8400000000000006 0.17545454545454775 0.20545454545454767 0.5954545454545513 1.285454545454546 0.2954545454545514 0.985454545454551 0.3554545454545479 1.2854545454545514 0.17545454545455497 0.26545454545454994 1.0754545454545519 1.1954545454545542 0.5454545454545512 0.5454545454545503 0.5454545454545494 0.5454545454545521 0.9254545454545487 1.1954545454545515 0.9854545454545475 1.960000000000007 0.28000000000000447 0.7900000000000053 0.7500000000000008 0.8200000000000037 0.1399999999999999 1.3300000000000014 1.2600000000000007 1.5400000000000054 0.1399999999999999 6.661338147750939e-16 0.5800000000000026 0.33000000000000074 1.1100000000000185 0.46000000000000296 0.4300000000000067 0.6900000000000096 0.4900000000000019 0.10000000000000564 2.430000000000004 0.43000000000000005 0.5200000000000057 1.0754545454545457 1.1954545454545547 2.545454545454545 2.545454545454545 2.545454545454545
8.515433299825174 8.515433299825174 8.515433299825174 8.515433299825174 6.40039833333333 6.99910773139744 5.0261792241379215 5.860525977011405 6.765399827585932 5.308581465517177 6.630120344827448 6.592329885057415 6.033739942528663 5.815061578947356 5.827792185420453 5.887173130671504 5.456578765880232 5.2412001724137784 3.045417701149386 4.794480431034474 4.016825642633229 4.862954137931014 5.429902643678126 5.915923275862051 4.200784022988497 4.109049655172423 3.7496963793103584 5.201168965517148 5.890101551724072 5.806983448275841 6.760917068965325 7.7019594827584905 5.231775862068972 5.274766235632182 9.470547298850391 10.924950172413668 4.558509310344843 5.5369296551723854 5.3903417241379525 5.34134850574715 4.918695804597708 3.8688441379310174 4.825975689655182 6.3063800000000025 5.001736551724118 3.778302931034475 3.494046406533649 4.376573938293965 3.438167413793151 4.107292241379355 5.860478448275818 4.012060344827559 5.706477586206851 5.771095229885018 8.23069445251047 5.8375638505747025 7.3085365756872385 7.825777954997587 8.515433299825174 8.515433299825174 8.515433299825174
700.0 700.0 699.0 696.0 688.0 686.0 674.0 676.0 679.0 681.0 683.0 679.0 678.0 679.0 681.0 679.0 679.0 676.0 675.0 677.0 679.0 679.0 681.0 683.0 684.0 681.0 677.0 678.0 681.0 689.0 683.0 687.0 681.0 681.0 685.0 680.0 677.0 680.0 688.0 682.0 682.0 679.0 681.0 682.0 686.0 685.0 681.0 684.0 676.0 681.0 682.0 681.0 688.0 681.0 683.0 677.0 689.0 695.0 700.0 697.0 700.0

H cap
-4.200000000000003 -13.649999999999961 11.549999999999935 -7.349999999999998 17.849999999999966 2.1000000000000227 2.099999999999943 17.849999999999937 17.84999999999995 -1.0500000000000664 33.599999999999966 43.049999999999926 17.849999999999895 -4.200000000000102 8.400000000000007 17.84999999999995 -4.200000000000067 -10.500000000000021 8.39999999999999 -1.050000000000054 -4.2000000000000455 33.59999999999994 65.09999999999995 33.59999999999994 20.99999999999997 61.94999999999999 93.44999999999992 46.19999999999996 24.150000000000006 8.399999999999963 17.84999999999998 90.3 71.39999999999999 2.0999999999999943 -10.5 20.99999999999997 36.74999999999993 55.64999999999999 83.99999999999999 61.94999999999999 24.14999999999999 14.699999999999974 61.94999999999999 49.349999999999994 -1.0500000000000114 39.89999999999999 61.94999999999999 5.25 -4.200000000000003 33.599999999999994 33.599999999999994 -19.950000000000003 27.299999999999997 131.25 131.25 131.25 131.25 131.25 131.25 131.25 131.25
43.50000000000004 43.500000000000064 39.45000000000015 17.850000000000126 4.3500000000000565 1.2000000000001743 5.700000000000137 16.05000000000016 14.25000000000026 12.000000000000064 27.750000000000224 27.750000000000142 25.950000000000205 30.450000000000063 23.700000000000156 18.750000000000142 14.250000000000195 6.600000000000189 18.750000000000217 33.600000000000165 17.850000000000065 6.150000000000232 16.500000000000185 12.900000000000254 7.500000000000216 7.050000000000067 8.850000000000112 15.600000000000168 15.600000000000122 14.250000000000068 21.450000000000127 26.400000000000055 13.80000000000004 9.300000000000061 14.700000000000088 25.050000000000104 30.450000000000074 18.30000000000014 17.400000000000198 21.90000000000011 15.600000000000108 9.750000000000217 7.050000000000103 12.900000000000077 17.400000000000105 21.00000000000011 14.250000000000092 2.5500000000001117 12.000000000000096 31.800000000000118 21.900000000000144 17.40000000000017 42.60000000000019 52.5 52.5 52.5 52.5 52.5 52.5 52.5 52.5
50.400000000000006 50.400000000000006 40.95000000000001 37.80000000000001 47.25000000000001 37.80000000000001 40.95000000000001 40.95000000000001 37.80000000000001 37.80000000000001 47.25000000000001 47.25000000000001 37.80000000000001 37.80000000000001 37.80000000000001 44.10000000000001 44.10000000000001 40.95000000000001 47.25000000000001 50.400000000000006 44.10000000000001 40.95000000000001 44.10000000000001 44.10000000000001 50.400000000000006 53.550000000000004 53.550000000000004 53.550000000000004 53.550000000000004 50.400000000000006 50.400000000000006 56.7 50.400000000000006 50.400000000000006 53.550000000000004 47.25000000000001 50.400000000000006 47.25000000000001 47.25000000000001 53.550000000000004 50.400000000000006 44.10000000000001 47.25000000000001 50.400000000000006 40.95000000000001 47.25000000000001 50.400000000000006 44.10000000000001 50.400000000000006 56.7 56.7 47.25000000000001 50.400000000000006 63.0 63.0 63.0 63.0 63.0 63.0 63.0 63.0
12.599999999999511 -22.50000000000024 -6.75000000000005 -2.2499999999999587 1.800000000000015 2.700000000000127 1.3500000000001764 1.3500000000000822 -6.749999999999851 -9.449999999999912 22.500000000000203 -4.499999999999837 -10.349999999999751 -1.7999999999997542 -1.799999999999803 2.250000000000245 -3.599999999999852 -0.4499999999997599 3.774758283725532e-14 -3.1499999999996646 3.150000000000116 17.100000000000154 -4.049999999999862 1.8000000000001002 2.250000000000035 1.3500000000002208 21.150000000000023 -0.899999999999737 -0.899999999999674 3.150000000000203 -1.3499999999998646 1.9984014443252818e-13 1.8000000000002023 2.0250467969162855e-13 9.000000000000195 0.45000000000000995 -0.4499999999999318 5.8500000000001116 -0.4499999999999065 4.50000000000022 0.9000000000003965 3.765876499528531e-13 0.9000000000002322 0.9000000000001727 -8.549999999999686 0.4500000000001769 5.400000000000096 1.3500000000001267 3.1500000000000568 0.45000000000034657 -9.899999999999944 2.250000000000046 48.59999999999981 78.75 78.75 78.75 78.75 78.75 78.75 78.75 78.75

Gap
NaN

Time
NaN

