T P M C
61 37 4 12

base obj
11.056675393571947

exp obj
10.46407517262994

Objective struct
11.056675393571947 0.0 8.68627450980392

num campaigns
392

x
0 0 0 0 0 0 0 0 0 0 0 0 1 0 0 0 0 0 0 0 1 0 1 0 1 0 1 0 0 0 0 0 1 0 0 1 0 1 0 0 1 0 0 0 0 0 0 1 0 1 0 1 0 1 0 0 0 0 0 0 0
0 0 0 0 0 0 0 0 0 1 0 0 0 0 0 0 0 1 0 0 0 0 0 0 0 0 0 0 0 0 0 0 1 0 0 0 0 0 0 0 0 0 0 0 0 0 0 1 0 0 0 0 0 0 0 0 0 0 0 0 0
0 0 0 0 0 0 1 0 0 0 0 0 1 0 0 0 0 1 0 0 0 0 0 0 1 0 0 0 0 1 0 0 0 0 0 0 1 0 0 0 0 0 0 1 0 0 0 1 0 0 0 1 0 0 0 0 0 0 0 0 0
0 0 0 0 0 0 0 0 1 1 1 1 1 1 1 1 1 0 0 0 0 0 0 1 0 0 0 0 0 0 0 0 0 0 0 0 0 0 1 0 0 0 0 0 0 0 0 0 0 0 0 0 0 0 0 0 0 0 0 0 0
0 0 0 0 0 0 0 0 1 0 1 0 1 0 1 0 1 0 0 0 0 1 0 1 0 0 1 0 1 0 1 0 1 0 0 1 0 1 0 0 0 0 1 0 1 0 1 0 1 0 0 0 0 0 0 0 0 0 0 0 0
0 0 0 0 0 0 0 0 1 0 0 0 0 0 0 0 1 0 0 0 0 0 0 0 0 1 0 0 0 0 0 0 0 0 1 0 0 0 0 1 0 0 0 0 0 1 0 0 0 0 0 0 0 0 0 0 0 0 0 0 0
0 0 0 0 1 0 0 0 1 0 1 0 1 0 1 0 1 0 1 0 0 1 0 1 0 1 0 1 0 1 0 0 0 0 0 0 0 0 0 0 0 0 0 0 0 0 0 0 0 0 0 0 0 0 0 0 0 0 0 0 0
0 0 0 0 1 0 0 0 0 0 0 0 0 0 0 0 0 0 0 0 0 1 0 0 0 0 0 0 0 0 0 0 0 0 0 0 0 1 0 0 0 0 0 0 0 0 0 0 0 0 0 0 0 0 0 1 0 0 0 0 0
0 0 0 0 1 0 0 0 0 0 0 0 0 0 0 0 0 0 0 0 0 0 0 0 0 0 0 0 0 0 0 0 0 0 0 0 0 0 0 0 0 0 0 0 0 0 0 0 0 0 0 0 0 0 0 1 0 0 0 0 0
0 0 0 0 0 0 0 0 0 1 0 0 0 1 0 0 0 0 0 0 0 0 0 1 0 0 0 0 0 1 0 0 0 0 1 0 0 0 0 0 0 0 0 0 0 0 1 0 0 1 0 1 0 0 0 0 0 0 0 0 0
0 0 0 0 1 0 0 0 0 0 0 0 0 0 0 1 0 0 0 0 0 0 0 0 0 0 0 1 0 0 0 0 0 0 0 0 0 0 0 0 0 1 0 0 0 0 0 0 0 0 0 0 1 0 0 0 0 0 0 0 0
0 0 0 0 0 0 0 0 1 0 0 0 0 0 0 0 0 1 0 0 0 0 0 0 0 0 1 0 0 0 0 0 0 0 0 0 0 0 0 0 1 0 0 0 0 0 0 0 0 0 0 0 0 0 0 0 0 0 0 0 0
0 0 0 0 0 0 0 0 0 0 0 0 0 0 1 0 0 0 0 0 0 0 0 0 0 0 0 0 1 0 0 0 0 0 0 0 0 0 0 0 0 0 0 0 0 0 0 0 0 0 0 0 0 0 0 0 0 0 0 0 0
0 0 0 0 0 0 1 0 0 0 0 0 0 0 1 0 0 0 0 0 1 0 0 0 0 0 0 0 1 0 0 0 0 0 0 0 0 1 0 0 0 0 0 1 0 0 0 0 0 0 0 0 0 0 0 1 0 0 0 0 0
0 0 0 0 0 0 0 0 0 0 1 0 0 0 0 0 0 0 0 0 0 0 0 0 0 0 0 0 0 0 0 0 0 0 0 0 0 0 0 0 0 0 0 0 0 1 0 0 0 0 0 0 0 0 0 0 0 0 0 0 0
0 0 0 0 0 0 0 0 0 0 0 0 0 0 0 0 0 0 0 1 0 0 0 0 0 0 0 0 0 0 0 0 0 0 0 0 0 0 0 0 0 0 0 0 0 0 0 0 0 0 0 0 0 0 0 0 0 0 0 0 0
0 0 0 0 0 0 0 0 0 0 0 0 0 1 0 0 0 0 0 0 0 0 0 0 1 0 0 0 0 0 0 0 0 0 0 0 0 0 0 0 0 1 0 0 0 0 0 0 0 0 0 1 0 0 0 0 0 0 0 0 0
0 0 0 0 0 0 1 0 0 0 0 0 0 0 0 0 0 0 0 0 0 0 0 0 0 0 0 0 1 0 0 0 0 0 0 0 0 0 0 0 0 0 0 0 0 0 0 0 0 0 1 0 0 0 0 0 0 0 0 0 0
0 0 0 0 0 0 1 0 0 1 0 1 0 1 0 1 0 1 0 0 0 1 0 1 0 0 0 1 0 1 0 1 0 1 0 0 1 0 1 0 1 0 1 0 1 0 1 0 1 0 1 0 1 0 1 0 0 0 0 0 0
0 0 0 0 0 1 0 0 0 0 0 0 0 0 0 0 0 0 0 0 0 0 0 0 0 0 0 0 0 0 0 0 0 0 0 0 0 0 0 0 0 0 0 0 0 0 0 0 0 0 0 0 0 0 0 1 0 0 0 0 0
0 0 0 0 0 0 0 0 1 0 0 1 0 0 0 1 0 0 1 0 0 0 0 1 0 0 1 0 0 0 0 1 0 0 0 0 0 0 0 1 0 0 1 0 0 1 0 0 1 0 0 1 0 0 0 0 0 0 0 0 0
0 0 0 0 0 0 0 0 0 0 0 0 0 0 0 0 0 0 0 0 0 0 0 0 0 0 0 0 0 0 0 0 0 0 0 0 0 0 0 0 0 0 0 0 0 0 0 0 0 0 0 0 0 0 0 0 0 0 0 0 0
0 0 0 0 1 0 0 0 0 0 0 0 0 0 0 0 0 0 1 0 0 0 0 0 0 0 0 0 0 0 0 0 0 1 0 0 0 0 0 0 0 0 0 0 0 0 0 0 0 1 0 0 0 0 0 0 0 0 0 0 0
0 0 0 0 0 0 1 0 0 0 0 1 0 0 0 1 0 0 0 0 0 0 1 0 0 0 0 1 0 0 0 1 0 0 0 1 0 0 0 1 0 0 0 1 0 0 0 0 0 0 0 0 0 0 0 1 0 0 0 0 0
0 0 0 0 0 0 0 1 0 0 0 0 0 0 0 0 0 0 0 1 0 0 0 0 0 0 0 0 0 0 1 0 0 0 0 0 0 0 0 0 0 1 0 0 0 0 0 0 0 0 0 0 0 1 0 0 0 0 0 0 0
0 0 0 0 1 0 0 0 0 1 0 0 0 0 0 0 1 0 0 0 0 1 0 0 0 0 0 1 0 0 0 0 1 0 0 0 0 1 0 0 0 0 0 0 0 0 0 1 0 0 0 0 0 0 0 0 0 0 0 0 0
0 0 0 0 0 0 1 0 0 0 1 0 0 0 0 1 0 0 0 0 1 0 0 0 0 0 1 0 0 0 1 0 0 0 0 0 0 0 0 1 0 0 0 1 0 0 0 1 0 0 0 0 0 1 0 0 0 0 0 0 0
0 0 0 0 0 1 0 0 0 0 0 0 0 0 0 0 0 0 0 0 0 0 0 0 0 0 0 0 0 0 0 0 0 0 0 0 0 0 0 0 0 0 0 0 0 0 0 0 0 0 0 0 0 0 0 1 0 0 0 0 0
0 0 0 0 0 0 0 0 0 0 0 0 0 0 0 0 0 0 0 0 0 0 0 0 0 0 0 0 0 0 0 0 0 0 0 0 0 0 0 0 0 0 0 0 0 0 0 0 0 0 0 0 0 0 0 0 0 0 0 0 0
0 0 0 0 1 1 0 0 1 1 1 1 1 1 1 0 1 1 0 0 0 1 1 1 1 1 1 1 1 1 1 1 1 1 1 1 1 1 1 1 0 1 1 1 1 1 1 1 1 1 1 1 1 1 1 1 0 0 0 0 0
0 0 0 0 1 1 0 0 1 1 0 1 1 1 1 0 1 1 0 0 0 1 1 1 1 1 1 1 1 1 1 1 1 1 1 1 1 1 1 1 0 0 1 1 1 1 1 1 1 1 1 1 1 1 1 1 0 0 0 0 0
0 0 0 0 0 1 0 0 1 1 0 0 1 1 1 1 1 1 0 0 0 1 1 1 1 1 1 1 1 1 1 1 1 1 1 1 1 1 1 1 0 0 1 1 1 1 1 1 1 1 1 1 1 1 1 1 0 0 0 0 0
0 0 0 0 1 0 0 0 1 1 0 0 1 0 0 0 1 1 0 0 0 1 1 0 1 1 0 0 1 1 0 0 0 0 0 0 1 0 1 1 0 0 1 1 1 1 1 1 1 0 1 1 0 0 0 0 0 0 0 0 0
0 0 0 0 0 1 0 0 1 0 0 0 0 0 1 0 1 1 0 0 0 1 1 1 1 1 0 1 1 1 0 1 1 1 0 0 1 0 1 1 0 0 1 1 1 1 0 1 1 1 1 1 1 1 1 1 0 0 0 0 0
0 0 0 0 0 0 0 0 0 0 0 0 0 0 0 0 1 0 0 0 0 0 1 1 0 0 0 0 0 1 0 0 1 1 0 0 1 1 1 0 0 0 0 0 1 0 1 1 0 1 1 0 0 0 1 0 0 0 0 0 0
0 0 0 0 0 0 1 0 0 0 0 0 0 0 0 0 0 0 0 0 0 0 0 0 0 0 0 0 0 0 0 0 0 0 0 0 0 0 0 0 0 0 0 0 1 0 0 0 0 0 0 0 0 0 0 0 0 0 0 0 0
0 0 0 0 0 0 0 0 0 0 0 0 0 0 0 0 0 0 0 0 0 0 0 0 0 0 0 0 0 0 0 0 0 0 0 0 0 0 0 0 0 0 0 0 0 0 0 0 0 0 0 0 0 0 0 0 0 0 0 0 0

y
0.0 3.3636363636363633 0.0 0.0 0.0 0.3636363636363633 0.0 0.0 0.0 0.1785714285714286 0.0 0.0 9.363636363636363 0.9000000000000004 26.5 0.0 0.0 0.0 0.0 0.0 0.0 0.0 0.0 0.0 0.8000000000000007 0.0 0.0 0.0 0.0 0.0 0.0 0.0 0.5048543689320388 0.0 0.0 37.0 0.0

k
0 8 4 0 0 6 0 0 0 21 0 0 10 4 5 0 2 0 3 0 0 6 0 0 1 0 0 0 21 7 9 10 80 20 37 50 6

f
0.0 38.84999999999993 0.0 0.0 0.0 7.350000000000106 19.950000000000035 0.0 0.0 0.0 0.0 0.0 0.0 0.0 0.0 0.0 0.0 7.350000000000021 1.0499999999999954 0.0 0.0 0.0 1.0500000000000256 0.0 0.0 0.0 0.0 0.0 0.0 0.0 0.0 0.0 0.0 0.0 0.0 0.0 1.0500000000000398 0.0 0.0 0.0 0.0 0.0 0.0 1.0500000000000114 1.0500000000000256 0.0 0.0 0.0 0.0 0.0 0.0 7.3500000000000085 0.0 0.0 0.0 0.0 0.0 0.0 0.0 0.0 0.0
0.0 0.0 0.0 0.0 0.0 0.0 0.0 0.0 0.0 0.0 0.0 0.0 0.0 0.0 0.0 0.0 0.0 0.0 0.0 0.0 0.0 0.0 0.0 0.0 0.0 0.0 0.0 0.0 0.0 0.0 0.0 0.0 0.0 0.0 0.0 0.0 0.0 0.0 0.0 0.0 0.0 0.0 0.0 0.0 0.0 0.0 0.0 0.0 0.0 0.0 0.0 0.0 0.0 0.0 0.0 0.0 0.0 0.0 0.0 0.0 0.0
0.0 0.0 0.0 0.0 0.0 0.0 0.0 0.0 0.0 0.0 0.0 0.0 0.0 0.0 0.0 0.0 0.0 0.0 0.0 0.0 0.0 0.0 0.0 0.0 0.0 0.0 0.0 0.0 0.0 0.0 0.0 0.0 0.0 0.0 0.0 0.0 0.0 0.0 0.0 0.0 0.0 0.0 0.0 0.0 0.0 0.0 0.0 0.0 0.0 0.0 0.0 0.0 0.0 0.0 0.0 0.0 0.0 0.0 0.0 0.0 0.0
0.0 0.0 2.8754776337791554e-14 20.69999999999994 1.8000000000000682 0.44999999999977325 2.2499999999998845 1.799999999999875 0.0 0.4499999999998394 0.0 5.39999999999988 2.249999999999769 0.0 0.0 8.999999999999913 22.499999999999954 0.0 0.0 0.0 2.6999999999998785 1.7999999999999305 0.0 3.149999999999873 0.0 0.0 0.0 1.7999999999997254 0.0 1.3499999999998096 0.0 0.8999999999997237 0.0 1.7999999999998586 0.0 0.0 10.349999999999818 8.099999999999628 0.0 0.0 0.0 0.0 0.4499999999995872 0.0 0.0 0.0 0.0 0.449999999999819 0.0 0.0 0.0 0.0 0.0 0.0 0.0 0.0 0.0 0.0 0.0 0.0 0.0

L
2 8 4 1 2 5 2 16 51 2 11 9 14 6 35 0 10 22 2 50 3 0 14 4 11 5 4 50 0 1 1 1 1 1 1 38 0

g
0 0 0 0 0 0 0 0 0 0 0 0 0 0 0 0 0 0 0 0 0 0 0 0 0 0 0 0 0 0 0 0 0 0 0 0 0 0 0 0 0 0 0 0 0 0 0 0 0 0 0 0 0 0 0 0 0 0 0 0 0
0 0 0 0 0 0 0 0 0 0 0 0 0 0 0 0 0 0 0 0 0 0 0 0 0 0 0 0 0 0 0 0 0 0 0 0 0 0 0 0 0 0 0 0 0 0 0 0 0 0 0 0 0 0 0 0 0 0 0 0 0
0 0 0 0 0 0 0 0 0 0 0 0 0 0 0 0 0 0 0 0 0 0 0 0 0 0 0 0 0 0 0 0 0 0 0 0 0 0 0 0 0 0 0 0 0 0 0 0 0 0 0 0 0 0 0 0 0 0 0 0 0
0 0 0 0 0 0 0 0 0 0 0 0 0 0 0 0 0 0 0 0 0 0 0 0 0 0 0 0 0 0 0 0 0 0 0 0 0 0 0 0 0 0 0 0 0 0 0 0 0 0 0 0 0 0 0 0 0 0 0 0 0
0 0 0 0 0 0 0 0 0 0 0 0 0 0 0 0 0 0 0 0 0 0 0 0 0 0 0 0 0 0 0 0 0 0 0 0 0 0 0 0 0 0 0 0 0 0 0 0 0 0 0 0 0 0 0 0 0 0 0 0 0
0 0 0 0 0 0 0 0 0 0 0 0 0 0 0 0 0 0 0 0 0 0 0 0 0 0 0 0 0 0 0 0 0 0 0 0 0 0 0 0 0 0 0 0 0 0 0 0 0 0 0 0 0 0 0 0 0 0 0 0 0
0 0 0 0 0 0 0 0 0 0 0 0 0 0 0 0 0 0 0 0 0 0 0 0 0 0 0 0 0 0 0 0 0 0 0 0 0 0 0 0 0 0 0 0 0 0 0 0 0 0 0 0 0 0 0 0 0 0 0 0 0
0 0 0 0 0 0 0 0 0 0 0 0 0 0 0 0 0 0 0 0 0 0 0 0 0 0 0 0 0 0 0 0 0 0 0 0 0 0 0 0 0 0 0 0 0 0 0 0 0 0 0 0 0 0 0 0 0 0 0 0 0
0 0 0 0 0 0 0 0 0 0 0 0 0 0 0 0 0 0 0 0 0 0 0 0 0 0 0 0 0 0 0 0 0 0 0 0 0 0 0 0 0 0 0 0 0 0 0 0 0 0 0 0 0 0 0 0 0 0 0 0 0
0 0 0 0 0 0 0 0 0 0 0 0 0 0 0 0 0 0 0 0 0 0 0 0 0 0 0 0 0 0 0 0 0 0 0 0 0 0 0 0 0 0 0 0 0 0 0 0 0 0 0 0 0 0 0 0 0 0 0 0 0
0 0 0 0 0 0 0 0 0 0 0 0 0 0 0 0 0 0 0 0 0 0 0 0 0 0 0 0 0 0 0 0 0 0 0 0 0 0 0 0 0 0 0 0 0 0 0 0 0 0 0 0 0 0 0 0 0 0 0 0 0
0 0 0 0 0 0 0 0 0 0 0 0 0 0 0 0 0 0 0 0 0 0 0 0 0 0 0 0 0 0 0 0 0 0 0 0 0 0 0 0 0 0 0 0 0 0 0 0 0 0 0 0 0 0 0 0 0 0 0 0 0
0 0 0 0 0 0 0 0 0 0 0 0 0 0 0 0 0 0 0 0 0 0 0 0 0 0 0 0 0 0 0 0 0 0 0 0 0 0 0 0 0 0 0 0 0 0 0 0 0 0 0 0 0 0 0 0 0 0 0 0 0
0 0 0 0 0 0 0 0 0 0 0 0 0 0 0 0 0 0 0 0 0 0 0 0 0 0 0 0 0 0 0 0 0 0 0 0 0 0 0 0 0 0 0 0 0 0 0 0 0 0 0 0 0 0 0 0 0 0 0 0 0
0 0 0 0 0 0 0 0 0 0 0 0 0 0 0 0 0 0 0 0 0 0 0 0 0 0 0 0 0 0 0 0 0 0 0 0 0 0 0 0 0 0 0 0 0 0 0 0 0 0 0 0 0 0 0 0 0 0 0 0 0
0 0 0 0 0 0 0 0 0 0 0 0 0 0 0 0 0 0 0 0 0 0 0 0 0 0 0 0 0 0 0 0 0 0 0 0 0 0 0 0 0 0 0 0 0 0 0 0 0 0 0 0 0 0 0 0 0 0 0 0 0
0 0 0 0 0 0 0 0 0 0 0 0 0 0 0 0 0 0 0 0 0 0 0 0 0 0 0 0 0 0 0 0 0 0 0 0 0 0 0 0 0 0 0 0 0 0 0 0 0 0 0 0 0 0 0 0 0 0 0 0 0
0 0 0 0 0 0 0 0 0 0 0 0 0 0 0 0 0 0 0 0 0 0 0 0 0 0 0 0 0 0 0 0 0 0 0 0 0 0 0 0 0 0 0 0 0 0 0 0 0 0 0 0 0 0 0 0 0 0 0 0 0
0 0 0 0 0 0 0 0 0 0 0 0 0 0 0 0 0 0 0 0 0 0 0 0 0 0 0 0 0 0 0 0 0 0 0 0 0 0 0 0 0 0 0 0 0 0 0 0 0 0 0 0 0 0 0 0 0 0 0 0 0
0 0 0 0 0 0 0 0 0 0 0 0 0 0 0 0 0 0 0 0 0 0 0 0 0 0 0 0 0 0 0 0 0 0 0 0 0 0 0 0 0 0 0 0 0 0 0 0 0 0 0 0 0 0 0 0 0 0 0 0 0
0 0 0 0 0 0 0 0 0 0 0 0 0 0 0 0 0 0 0 0 0 0 0 0 0 0 0 0 0 0 0 0 0 0 0 0 0 0 0 0 0 0 0 0 0 0 0 0 0 0 0 0 0 0 0 0 0 0 0 0 0
0 0 0 0 0 0 0 0 0 0 0 0 0 0 0 0 0 0 0 0 0 0 0 0 0 0 0 0 0 0 0 0 0 0 0 0 0 0 0 0 0 0 0 0 0 0 0 0 0 0 0 0 0 0 0 0 0 0 0 0 0
0 0 0 0 0 0 0 0 0 0 0 0 0 0 0 0 0 0 0 0 0 0 0 0 0 0 0 0 0 0 0 0 0 0 0 0 0 0 0 0 0 0 0 0 0 0 0 0 0 0 0 0 0 0 0 0 0 0 0 0 0
0 0 0 0 0 0 0 0 0 0 0 0 0 0 0 0 0 0 0 0 0 0 0 0 0 0 0 0 0 0 0 0 0 0 0 0 0 0 0 0 0 0 0 0 0 0 0 0 0 0 0 0 0 0 0 0 0 0 0 0 0
0 0 0 0 0 0 0 0 0 0 0 0 0 0 0 0 0 0 0 0 0 0 0 0 0 0 0 0 0 0 0 0 0 0 0 0 0 0 0 0 0 0 0 0 0 0 0 0 0 0 0 0 0 0 0 0 0 0 0 0 0
0 0 0 0 0 0 0 0 0 0 0 0 0 0 0 0 0 0 0 0 0 0 0 0 0 0 0 0 0 0 0 0 0 0 0 0 0 0 0 0 0 0 0 0 0 0 0 0 0 0 0 0 0 0 0 0 0 0 0 0 0
0 0 0 0 0 0 0 0 0 0 0 0 0 0 0 0 0 0 0 0 0 0 0 0 0 0 0 0 0 0 0 0 0 0 0 0 0 0 0 0 0 0 0 0 0 0 0 0 0 0 0 0 0 0 0 0 0 0 0 0 0
0 0 0 0 0 0 0 0 0 0 0 0 0 0 0 0 0 0 0 0 0 0 0 0 0 0 0 0 0 0 0 0 0 0 0 0 0 0 0 0 0 0 0 0 0 0 0 0 0 0 0 0 0 0 0 0 0 0 0 0 0
0 0 0 0 0 0 0 0 0 0 0 0 0 0 0 0 0 0 0 0 0 0 0 0 0 0 0 0 0 0 0 0 0 0 0 0 0 0 0 0 0 0 0 0 0 0 0 0 0 0 0 0 0 0 0 0 0 0 0 0 0
0 0 0 0 0 0 0 0 0 0 0 0 0 0 0 0 0 0 0 0 0 0 0 0 0 0 0 0 0 0 0 0 0 0 0 0 0 0 0 0 0 0 0 0 0 0 0 0 0 0 0 0 0 0 0 0 0 0 0 0 0
0 0 0 0 0 0 0 0 0 0 0 0 0 0 0 0 0 0 0 0 0 0 0 0 0 0 0 0 0 0 0 0 0 0 0 0 0 0 0 0 0 0 0 0 0 0 0 0 0 0 0 0 0 0 0 0 0 0 0 0 0
0 0 0 0 0 0 0 0 0 0 0 0 0 0 0 0 0 0 0 0 0 0 0 0 0 0 0 0 0 0 0 0 0 0 0 0 0 0 0 0 0 0 0 0 0 0 0 0 0 0 0 0 0 0 0 0 0 0 0 0 0
0 0 0 0 0 0 0 0 0 0 0 0 0 0 0 0 0 0 0 0 0 0 0 0 0 0 0 0 0 0 0 0 0 0 0 0 0 0 0 0 0 0 0 0 0 0 0 0 0 0 0 0 0 0 0 0 0 0 0 0 0
0 0 0 0 0 0 0 0 0 0 0 0 0 0 0 0 0 0 0 0 0 0 0 0 0 0 0 0 0 0 0 0 0 0 0 0 0 0 0 0 0 0 0 0 0 0 0 0 0 0 0 0 0 0 0 0 0 0 0 0 0
0 0 0 0 0 0 0 0 0 0 0 0 0 0 0 0 0 0 0 0 0 0 0 0 0 0 0 0 0 0 0 0 0 0 0 0 0 0 0 0 0 0 0 0 0 0 0 0 0 0 0 0 0 0 0 0 0 0 0 0 0
0 0 0 0 0 0 0 0 0 0 0 0 0 0 0 0 0 0 0 0 0 0 0 0 0 0 0 0 0 0 0 0 0 0 0 0 0 0 0 0 0 0 0 0 0 0 0 0 0 0 0 0 0 0 0 0 0 0 0 0 0
0 0 0 0 0 0 0 0 0 0 0 0 0 0 0 0 0 0 0 0 0 0 0 0 0 0 0 0 0 0 0 0 0 0 0 0 0 0 0 0 0 0 0 0 0 0 0 0 0 0 0 0 0 0 0 0 0 0 0 0 0

I cap
1058.909090909091 1058.909090909091 1021.9090909090933 984.1090909090964 968.1400000000023 946.4000000000017 917.6000000000064 1117.800000000003 322.2200000000006 473.63999999999953 170.5400000000073 443.0000000000098 424.50000000000324 572.4799999999927 525.3799999999999 580.1490909090912 261.42909090909745 547.0490909091046 477.4290909091081 648.8090909091065 672.5290909090993 462.5690909090925 523.3490909090933 233.58909090909583 576.6490909090891 411.76909090910465 529.0490909091055 444.58909090909657 570.7090909091044 552.4890909091162 564.6490909091062 714.9490909091053 530.4690909091075 648.409090909088 130.9600000000002 241.28000000000037 388.7400000000015 270.76000000001204 234.0400000000147 348.76000000000556 521.5400000000104 652.6999999999923 725.2000000000153 581.8400000000092 678.3000000000028 442.6400000000058 636.5800000000366 294.73999999998534 385.4799999999791 427.24000000003 624.6400000000142 626.7400000000187 690.1400000000363 721.7000000000471 967.700000000026 1100.2399999999868 855.4490909090885 949.9090909091018 1010.709090909091 1058.909090909091 1058.909090909091
107.96969696969697 107.96969696969697 70.96969696969697 59.36969696969689 9.460000000000065 39.400000000000006 36.39999999999998 60.200000000000074 27.779999999999976 54.35999999999993 28.46000000000008 85.99999999999996 71.50000000000003 39.51999999999974 30.620000000000157 24.72969696969696 17.449696969697165 13.829696969696869 54.44969696969702 31.06969696969705 57.34969696969739 33.30969696969694 50.52969696969703 3.2896969696974168 25.229696969697294 74.10969696969711 35.82969696969724 28.289696969696696 20.16969696969695 2.3896969696969235 39.22969696969705 92.92969696969666 93.4096969696967 93.4696969696967 40.04000000000037 10.720000000000304 36.260000000000275 15.240000000000848 1.9600000000009459 30.23999999999998 16.46000000000044 36.29999999999973 40.799999999999784 67.15999999999977 98.69999999999975 75.35999999999984 65.41999999999985 51.25999999999978 82.51999999999946 57.75999999999983 71.35999999999984 68.26 19.86000000000054 10.900000000000063 10.90000000000002 21.560000000000343 52.42969696969675 57.969696969697 64.16969696969697 107.96969696969697 107.96969696969697
38.96666666666666 38.96666666666666 38.96666666666666 14.033333333333328 19.16666666666666 13.191666666666666 21.624999999999996 18.825000000000003 5.558333333333341 17.53333333333334 9.133333333333333 0.7333333333333361 2.833333333333334 7.73333333333334 24.5 10.300000000000004 17.300000000000004 10.299999999999997 17.299999999999997 17.299999999999997 24.299999999999997 31.96666666666667 31.96666666666667 10.300000000000002 17.300000000000004 17.300000000000004 24.300000000000004 4.6250000000000036 4.6250000000000036 12.291666666666671 19.291666666666668 10.300000000000004 17.299999999999997 10.300000000000004 16.8 11.899999999999999 11.2 16.1 13.299999999999997 9.133333333333333 9.133333333333333 18.23333333333334 18.23333333333334 24.533333333333353 14.73333333333334 19.633333333333333 16.833333333333364 29.433333333333323 16.13333333333334 11.858333333333368 7.658333333333358 14.65833333333336 11.15833333333336 2.400000000000004 12.166666666666675 29.36666666666669 31.96666666666666 38.96666666666666 38.96666666666666 38.96666666666666 38.96666666666666
45.24545454545453 45.24545454545453 43.77545454545453 35.725454545454525 18.549999999999997 34.72000000000025 36.400000000000496 32.320000000001166 16.300000000000292 23.950000000000177 20.68000000000031 17.55000000000006 14.210000000000178 12.090000000000167 15.0300000000001 33.965454545454776 24.175454545454862 30.1154545454549 37.59545454545499 36.97545454545521 35.155454545455235 27.58545454545489 27.37545454545518 23.805454545455525 22.6954545454561 24.48545454545541 24.395454545455202 26.99545454545519 27.46545454545515 25.89545454545507 23.075454545455045 26.125454545455067 29.605454545455075 31.535454545455057 22.970000000000326 17.180000000000145 18.330000000000105 17.06000000000017 20.880000000000276 43.5600000000001 28.62000000000061 30.68000000000147 38.89000000000012 31.22000000000032 29.800000000000406 27.46000000000062 26.4800000000003 20.5300000000004 22.510000000000364 28.740000000000627 38.130000000000116 35.68000000000012 36.02999999999998 36.61000000000003 29.660000000000544 34.7700000000004 41.185454545454526 42.09545454545453 43.91545454545453 45.24545454545453 45.24545454545453
20.999999999999993 20.999999999999993 20.369999999999994 19.71999999999999 9.71 16.539999999999964 12.149999999999885 15.819999999999908 9.579999999999934 9.089999999999955 12.079999999999968 13.849999999999985 11.03999999999996 8.469999999999915 4.369999999999985 12.039999999999953 10.61999999999996 10.670000000000007 10.310000000000006 13.35999999999995 19.53 15.999999999999927 12.96999999999995 6.579999999999961 6.059999999999981 5.959999999999969 6.829999999999991 9.690000000000055 9.970000000000013 7.4200000000000585 6.440000000000008 8.410000000000055 11.019999999999994 10.810000000000048 8.610000000000051 10.839999999999998 6.160000000000011 5.299999999999882 4.189999999999886 7.220000000000045 5.989999999999946 15.900000000000029 15.27000000000001 14.210000000000031 7.940000000000016 6.430000000000042 8.760000000000007 6.900000000000029 9.61 6.229999999999961 8.609999999999959 6.930000000000039 5.249999999999986 5.400000000000022 9.1799999999998 9.449999999999957 13.88000000000002 17.13 20.429999999999993 20.999999999999993 20.999999999999993
345.75757575757575 345.75757575757575 345.75757575757575 345.75757575757575 226.05882352941177 270.4705882352946 280.6005882352945 237.81882352941204 210.21941176470642 224.82117647058863 202.32058823529385 220.3788235294115 226.03941176470715 170.52000000000203 112.22000000000074 188.11757575757494 218.06757575757686 266.0787522281653 266.10816399287035 281.50757575757757 255.50639928698814 236.47698752228285 231.45757575757645 219.78757575757604 185.26757575757716 178.31757575757504 199.52757575757528 235.4475757575761 227.81757575757507 210.82757575757506 195.1075757575756 226.2575757575749 235.18757575757633 253.55757575757667 128.06000000000193 166.73000000000008 211.3200000000001 223.4500000000001 221.73000000000067 263.46117647058804 261.16058823529477 306.88882352941613 252.63941176470775 209.89000000000073 254.56000000000188 220.43999999999994 233.59999999999988 219.40000000000185 285.16000000000315 269.37000000000285 271.7300000000023 232.41000000000165 190.59000000000245 273.77000000000334 316.69000000000307 312.95117647058817 318.23816399287034 345.75757575757575 345.75757575757575 345.75757575757575 345.75757575757575
779.7575757575758 779.7575757575758 762.7475757575758 659.6975757575758 550.0000000000007 744.3100000000001 785.06 656.3799999999997 530.05 717.73 692.6700000000002 645.9399999999993 662.1100000000004 724.1499999999999 694.6700000000003 567.9375757575746 450.72757575757714 561.1575757575761 605.0975757575757 592.5775757575774 601.0575757575749 531.9475757575728 619.9975757575767 586.1175757575753 503.5775757575775 504.6875757575763 596.7075757575782 586.4975757575762 522.5575757575762 619.5275757575774 659.1175757575797 649.9575757575737 709.3275757575715 732.2175757575754 528.4899999999957 572.4800000000008 625.8799999999994 625.4299999999994 479.49999999999847 526.0599999999995 569.8100000000004 574.7299999999982 545.6899999999983 456.8699999999965 454.349999999999 383.6699999999956 473.95999999999776 412.7399999999949 486.05999999999705 487.4300000000002 577.7199999999992 567.5599999999964 582.5600000000002 632.149999999998 676.0999999999983 571.5399999999985 725.1575757575761 743.3075757575757 764.3675757575758 779.7575757575758 779.7575757575758
80.73333333333335 80.73333333333335 79.89333333333335 76.79333333333334 62.979999999999905 82.78666666666668 75.96333333333332 85.61999999999999 73.08666666666664 81.88333333333334 75.12 85.57000000000001 93.35 91.14999999999999 80.13666666666666 74.33666666666642 70.60000000000002 66.45333333333322 70.5566666666666 73.49333333333323 77.72333333333317 73.05000000000001 69.39333333333332 66.60333333333318 66.17333333333319 64.51333333333332 68.01666666666661 70.36999999999999 67.9433333333333 68.70333333333329 71.62666666666671 72.95999999999951 71.49333333333325 70.86333333333332 38.18333333333337 62.769999999999065 67.34666666666568 64.96333333333274 64.41666666666603 66.79999999999987 68.3333333333328 75.89999999999999 73.77666666666669 77.15999999999998 79.38000000000001 78.85999999999999 78.91333333333336 70.39666666666666 63.70999999999942 62.79999999999931 64.50999999999924 58.59999999999894 54.98999999999972 55.17999999999975 54.789999999999644 51.8499999999999 73.75666666666669 77.97333333333334 79.97333333333334 80.73333333333335 80.73333333333335
10.775757575757575 10.775757575757575 9.725757575757575 9.725757575757573 7.050000000000004 8.75 5.649999999999993 3.34999999999999 0.10999999999999943 4.7200000000000015 2.1599999999999917 1.5600000000000005 2.070000000000002 2.16 0.5800000000000001 1.9857575757575696 1.515757575757572 2.425757575757583 4.6657575757575795 2.2157575757575785 2.0757575757575806 1.4757575757576107 1.7257575757575763 3.7257575757575836 2.7957575757575706 0.15575757575757088 1.9857575757575696 5.9757575757575685 5.97575757575757 7.575757575757577 5.575757575757571 4.715757575757581 2.0257575757575808 4.265757575757574 5.089999999999998 5.950000000000001 2.050000000000007 1.0500000000000247 0.6500000000000075 3.550000000000005 4.750000000000004 0.770000000000004 2.6800000000000015 1.580000000000001 3.070000000000011 0.9699999999999935 5.209999999999993 1.2199999999999855 1.7799999999999991 3.390000000000007 5.900000000000008 6.269999999999985 2.6800000000000086 2.060000000000032 2.1500000000000075 2.2500000000000595 9.725757575757575 9.725757575757573 9.825757575757578 10.775757575757575 10.775757575757575
2.545454545454545 2.545454545454545 2.545454545454545 1.645454545454545 1.3599999999999999 0.5599999999999999 0.08000000000000185 0.10000000000000053 0.5500000000000087 0.6300000000000006 0.9400000000000127 0.2599999999999999 0.5599999999999999 1.2600000000000007 0.3600000000000001 0.41545454545454985 0.17545454545454753 0.8054545454545459 0.6854545454545534 0.6854545454545525 1.075454545454555 1.0754545454545497 0.44545454545455454 0.4454545454545479 0.4454545454545501 0.4454545454545519 0.08545454545455144 0.35545454545454713 0.085454545454555 0.41545454545454863 0.805454545454549 0.6554545454545505 0.9554545454545468 0.5654545454545453 1.0300000000000122 0.7000000000000023 1.330000000000005 0.6300000000000007 0.7000000000000138 0.1399999999999999 0.34000000000000996 0.5400000000000008 1.450000000000017 0.7699999999999999 0.10000000000000053 0.1700000000000017 0.21000000000000063 1.9800000000000102 0.8200000000000046 0.1900000000000055 2.100000000000019 0.7000000000000036 0.7000000000000027 2.73000000000001 0.4300000000000014 0.7300000000000034 1.075454545454546 1.8254545454545583 2.545454545454545 2.545454545454545 2.545454545454545
8.515433299825174 8.515433299825174 8.515433299825174 7.807629307084696 5.134881264367816 6.71931307320021 6.462960660919531 7.710193076224936 8.68551477011468 6.756857499999827 7.273798505746862 7.379686206896375 6.033739770114823 5.107257586206895 5.0307564927404576 5.247427041742271 5.124727413793079 5.586935027223209 5.981050057471267 7.101377155172407 5.98833199472034 5.584793045976986 5.456913965517213 4.352130172413774 3.1927380459770007 4.712497931034466 4.444523793103417 7.0115136206893744 5.545273793103308 5.375948965517201 7.364365172413469 8.298511034482518 5.0403963793103355 4.990283649425266 8.505030229884987 10.240467586206888 4.748164482758624 4.433481379310299 4.200686724137921 4.957198475499074 6.308592961282503 5.4998784482758785 4.2443664942528345 4.5822418965517 4.220701896551709 4.743819999999964 3.062104482758567 2.7602399999999383 3.6795467241379365 3.5779818965516723 5.084616379310309 4.460336206896541 5.975443103448233 6.160175689655116 7.744154827586023 5.712034509981845 7.021180253848154 8.170605541204484 8.515433299825174 8.515433299825174 8.515433299825174
700.0 700.0 700.0 698.0 686.0 684.0 677.0 683.0 677.0 680.0 682.0 674.0 681.0 675.0 680.0 676.0 677.0 682.0 679.0 677.0 679.0 676.0 682.0 680.0 681.0 682.0 687.0 684.0 677.0 677.0 678.0 682.0 681.0 675.0 683.0 687.0 687.0 680.0 685.0 674.0 689.0 681.0 679.0 678.0 681.0 684.0 685.0 683.0 679.0 679.0 680.0 679.0 687.0 682.0 685.0 676.0 685.0 691.0 700.0 700.0 697.0

H cap
2.1000000000000085 -38.84999999999993 14.700000000000005 46.19999999999996 43.049999999999955 -7.350000000000106 -19.950000000000035 2.0999999999999126 8.399999999999935 8.399999999999906 65.09999999999998 39.89999999999992 8.399999999999977 11.549999999999933 20.999999999999986 39.89999999999995 27.299999999999997 -7.350000000000021 -1.0499999999999954 17.849999999999966 8.399999999999936 24.149999999999977 -1.0500000000000256 2.099999999999966 52.49999999999997 52.49999999999997 58.799999999999955 68.24999999999997 14.699999999999962 2.09999999999998 49.349999999999994 24.14999999999999 46.19999999999999 8.399999999999977 8.399999999999991 46.2 -1.0500000000000398 36.74999999999996 74.54999999999997 68.24999999999996 77.69999999999999 24.149999999999977 14.69999999999999 -1.0500000000000114 -1.0500000000000256 14.699999999999974 2.0999999999999943 5.249999999999972 27.299999999999983 39.89999999999999 49.349999999999966 -7.3500000000000085 2.0999999999999943 131.25 131.25 131.25 131.25 131.25 131.25 131.25 131.25
33.6000000000001 22.800000000000164 29.550000000000185 40.35000000000018 29.550000000000214 9.300000000000171 16.50000000000031 29.100000000000108 21.45000000000012 9.750000000000185 7.500000000000139 17.400000000000148 19.200000000000045 8.400000000000095 30.450000000000156 48.000000000000185 38.10000000000015 19.200000000000127 10.200000000000315 7.950000000000155 3.9000000000001434 10.650000000000112 16.500000000000174 19.200000000000117 13.80000000000009 3.450000000000209 15.150000000000233 29.100000000000183 19.200000000000145 16.50000000000022 24.600000000000204 23.700000000000095 19.650000000000084 7.95000000000012 7.950000000000062 16.05000000000007 28.20000000000016 37.20000000000005 28.200000000000074 14.250000000000117 8.85000000000009 12.00000000000015 12.900000000000137 4.350000000000084 8.850000000000186 14.700000000000106 13.80000000000014 7.050000000000135 10.65000000000014 21.900000000000194 21.000000000000146 16.50000000000032 30.000000000000142 52.5 52.5 52.5 52.5 52.5 52.5 52.5 52.5
47.25000000000001 44.10000000000001 44.10000000000001 47.25000000000001 56.7 40.95000000000001 34.65000000000001 40.95000000000001 40.95000000000001 37.80000000000001 40.95000000000001 37.80000000000001 37.80000000000001 44.10000000000001 50.400000000000006 56.7 53.550000000000004 44.10000000000001 44.10000000000001 44.10000000000001 40.95000000000001 53.550000000000004 53.550000000000004 40.95000000000001 40.95000000000001 44.10000000000001 47.25000000000001 50.400000000000006 44.10000000000001 44.10000000000001 53.550000000000004 50.400000000000006 47.25000000000001 44.10000000000001 44.10000000000001 50.400000000000006 50.400000000000006 50.400000000000006 50.400000000000006 47.25000000000001 47.25000000000001 53.550000000000004 50.400000000000006 37.80000000000001 40.95000000000001 47.25000000000001 47.25000000000001 44.10000000000001 44.10000000000001 50.400000000000006 53.550000000000004 47.25000000000001 50.400000000000006 63.0 63.0 63.0 63.0 63.0 63.0 63.0 63.0
22.94999999999981 8.549999999999772 -2.8754776337791554e-14 -20.69999999999994 -1.8000000000000682 -0.44999999999977325 -2.2499999999998845 -1.799999999999875 2.2500000000002416 -0.4499999999998394 0.45000000000016493 -5.39999999999988 -2.249999999999769 2.700000000000155 9.450000000000225 -8.999999999999913 -22.499999999999954 6.299999999999937 2.700000000000084 1.3500000000002048 -2.6999999999998785 -1.7999999999999305 5.850000000000293 -3.149999999999873 0.4500000000002391 6.750000000000064 6.394884621840902e-14 -1.7999999999997254 4.950000000000152 -1.3499999999998096 9.000000000000236 -0.8999999999997237 10.800000000000049 -1.7999999999998586 3.6000000000000205 6.300000000000113 -10.349999999999818 -8.099999999999628 9.450000000000284 1.3500000000001533 1.3500000000002834 5.40000000000032 -0.4499999999995872 1.7408297026122455e-13 5.850000000000351 0.4500000000001485 1.6697754290362354e-13 -0.449999999999819 4.05000000000013 0.45000000000028706 1.350000000000108 0.4500000000002444 9.449999999999852 78.75 78.75 78.75 78.75 78.75 78.75 78.75 78.75

Gap
NaN

Time
NaN

