T P M C
61 37 4 12

base obj
11.162050593085075

exp obj
10.43036147422557

Objective struct
11.162050593085075 0.0 8.235294117647056

num campaigns
385

x
0 0 0 0 1 0 0 0 1 0 0 0 1 0 0 1 0 0 0 1 0 0 0 1 0 0 0 0 1 0 0 1 0 0 1 0 0 0 0 1 0 0 1 0 0 0 0 0 0 0 1 0 0 1 0 0 0 0 0 0 0
0 0 0 0 0 0 0 0 0 0 0 0 0 0 0 0 0 0 0 0 0 0 0 1 0 0 0 0 0 0 0 0 0 0 1 0 0 0 0 0 0 1 0 0 0 0 0 0 0 0 0 1 0 0 0 0 0 0 0 0 0
0 0 0 0 0 0 0 0 0 0 1 0 0 0 1 0 0 0 0 0 0 0 1 0 0 0 1 0 0 0 0 0 1 0 0 0 0 0 0 1 0 0 0 1 0 0 0 1 0 0 0 1 0 0 0 1 0 0 0 0 0
0 0 0 0 0 0 0 0 1 0 1 0 1 0 1 0 1 0 1 0 1 0 0 0 1 0 0 1 0 1 0 0 1 0 0 0 0 0 0 0 0 0 0 0 0 0 0 0 0 0 0 0 0 0 0 0 0 0 0 0 0
0 0 0 0 0 0 0 1 0 1 0 0 1 1 1 0 0 1 1 0 1 1 0 0 1 1 1 1 1 1 0 0 0 1 0 1 0 0 0 0 0 0 0 0 0 0 0 0 0 0 0 0 0 0 0 0 0 0 0 0 0
0 0 0 0 0 0 0 0 1 0 0 0 0 0 0 0 0 1 0 0 0 0 0 0 0 1 0 0 0 0 0 0 1 0 0 0 0 0 0 0 0 0 0 1 0 0 0 0 1 0 0 0 0 0 0 0 0 0 0 0 0
0 0 0 0 0 0 0 1 0 0 1 0 0 0 1 0 0 1 0 0 1 0 0 1 0 0 1 0 0 0 0 0 0 1 0 0 1 0 0 1 0 0 1 0 0 0 0 0 0 1 0 0 0 0 0 0 0 0 0 0 0
0 0 0 0 1 0 0 0 0 0 0 0 0 0 0 0 0 0 0 0 0 1 0 0 0 0 0 0 0 0 0 0 0 0 0 0 0 0 1 0 0 0 0 0 0 0 0 0 0 0 0 0 0 0 0 1 0 0 0 0 0
0 0 0 0 0 0 0 0 0 0 0 0 0 0 0 0 1 0 0 0 0 0 0 0 0 0 0 0 0 0 0 0 0 0 0 0 0 0 0 0 0 0 0 0 0 0 0 0 0 0 0 0 0 1 0 0 0 0 0 0 0
0 0 0 0 0 0 0 0 0 0 0 0 1 0 0 0 0 0 0 0 0 0 0 0 0 0 0 0 0 0 0 0 0 0 1 0 0 0 0 0 1 0 0 1 0 1 0 1 0 1 0 0 0 0 0 0 0 0 0 0 0
0 0 0 0 0 1 0 0 0 0 0 0 0 1 0 0 0 0 0 0 0 0 1 0 0 0 0 0 0 0 0 1 0 0 0 0 0 0 0 0 0 0 0 0 0 1 0 0 0 0 0 0 0 0 0 0 0 0 0 0 0
0 0 0 0 0 0 1 0 0 0 0 0 0 0 0 0 0 0 0 1 0 0 0 0 0 0 0 0 0 0 1 0 0 0 0 0 0 0 0 0 0 0 0 0 1 0 0 0 0 0 0 0 0 0 0 0 0 0 0 0 0
0 0 0 0 0 0 0 0 0 0 0 0 0 0 0 0 0 0 0 0 0 0 0 0 0 0 1 0 0 0 0 0 0 0 0 0 0 0 0 0 0 0 0 0 0 0 0 0 0 0 0 0 0 0 0 1 0 0 0 0 0
0 0 0 0 1 0 0 0 0 1 0 0 0 0 1 0 0 0 0 0 0 0 1 0 0 0 0 0 0 0 1 0 0 0 0 1 0 0 0 0 1 0 0 0 0 0 0 1 0 0 0 0 0 0 1 0 0 0 0 0 0
0 0 0 0 0 0 1 0 0 0 0 0 0 0 0 0 0 0 1 0 0 0 0 0 0 0 0 0 0 0 0 0 0 0 0 0 0 0 0 0 0 0 0 0 0 0 0 0 0 0 0 0 0 0 0 0 0 0 0 0 0
0 0 0 0 0 0 0 0 0 0 0 0 0 0 0 0 0 0 0 0 0 0 0 0 0 0 0 0 0 0 0 0 0 0 0 0 0 0 0 0 0 0 0 0 0 0 0 0 0 1 0 0 0 0 0 0 0 0 0 0 0
0 0 0 0 0 0 0 0 0 0 0 0 0 1 0 0 0 0 0 0 0 0 0 0 0 1 0 0 0 0 0 0 0 0 0 0 0 0 0 0 0 0 0 0 0 0 1 0 0 0 0 0 0 0 0 0 0 0 0 0 0
0 0 0 0 1 0 0 0 0 0 0 0 0 0 0 0 0 0 0 0 0 0 0 0 0 0 0 0 0 0 1 0 0 0 0 0 0 0 0 0 0 0 0 0 0 0 0 0 0 0 0 0 0 0 0 1 0 0 0 0 0
0 0 0 0 0 0 0 0 1 1 0 0 1 1 0 1 1 1 0 1 0 0 0 0 1 1 1 1 1 1 0 1 0 0 0 0 0 1 0 1 0 0 1 1 1 1 1 1 1 1 0 0 0 0 0 0 0 0 0 0 0
0 0 0 0 1 0 0 0 0 0 0 0 0 0 0 0 0 0 0 0 0 0 0 0 0 0 0 0 0 0 0 0 0 0 0 0 0 0 0 0 0 0 0 0 0 0 0 0 0 0 0 0 0 0 0 1 0 0 0 0 0
0 0 0 0 0 0 0 0 1 0 0 0 0 1 0 0 0 1 0 0 1 0 0 1 0 0 1 0 0 0 0 0 0 1 0 0 1 0 0 1 0 0 1 0 0 1 0 0 1 0 0 0 0 0 0 0 0 0 0 0 0
0 0 0 0 0 0 0 0 0 0 0 0 0 0 0 0 0 0 0 0 0 0 0 0 0 0 0 0 0 0 0 0 0 0 0 0 0 0 0 0 0 0 0 0 0 0 0 0 0 0 0 0 0 0 0 0 0 0 0 0 0
0 0 0 0 0 0 1 0 0 0 0 0 0 0 0 0 0 0 0 0 0 1 0 0 0 0 0 0 0 0 0 0 0 0 0 0 1 0 0 0 0 0 0 0 0 0 0 0 0 0 0 1 0 0 0 0 0 0 0 0 0
0 0 0 0 0 1 0 0 0 0 0 1 0 0 0 0 1 0 0 0 1 0 0 0 1 0 0 0 0 1 0 0 0 1 0 0 0 1 0 0 0 1 0 0 0 1 0 0 0 0 0 0 0 0 0 0 0 0 0 0 0
0 0 0 0 0 0 0 0 0 0 1 0 0 0 0 0 0 0 0 0 0 0 0 0 0 0 0 1 0 0 0 0 0 0 0 0 0 0 1 0 0 0 0 0 0 0 0 0 0 0 0 0 1 0 0 0 0 0 0 0 0
0 0 0 0 0 0 0 0 1 0 0 0 0 1 0 0 0 0 0 0 1 0 0 0 0 1 0 0 0 0 1 0 0 0 0 1 0 0 0 0 1 0 0 0 0 0 1 0 0 0 0 0 0 0 0 0 0 0 0 0 0
0 0 0 0 0 0 0 0 1 0 0 1 0 0 0 1 0 0 0 1 0 0 1 0 0 0 0 0 1 0 0 1 0 0 0 0 1 0 0 0 0 0 0 0 0 0 0 0 0 1 0 0 0 1 0 0 0 0 0 0 0
0 0 0 0 0 0 0 0 0 0 1 0 0 0 0 0 0 0 0 0 0 0 0 0 0 0 0 0 0 0 0 0 0 0 0 0 0 0 0 0 0 0 0 0 0 0 0 0 0 0 0 0 0 0 0 1 0 0 0 0 0
0 0 0 0 0 0 0 0 0 0 0 0 0 0 0 0 0 0 0 0 0 0 0 0 0 0 0 0 0 0 0 0 0 0 0 0 0 0 0 0 0 1 0 0 1 0 0 0 0 0 0 0 0 0 0 0 0 0 0 0 0
0 0 0 0 0 1 0 1 1 0 1 1 1 1 1 1 1 1 0 0 1 0 1 1 1 1 1 1 1 1 1 1 1 1 1 1 1 1 1 1 1 1 1 1 1 1 1 1 1 1 1 1 1 1 1 1 0 0 0 0 0
0 0 0 0 0 0 0 1 0 0 1 1 1 1 1 1 1 1 1 1 1 0 1 1 0 1 1 1 1 1 1 1 1 1 1 1 1 1 1 0 1 0 1 1 1 1 1 1 1 1 1 1 0 1 1 1 0 0 0 0 0
0 0 0 0 0 0 0 1 0 0 0 0 1 1 1 1 1 0 1 1 1 0 1 0 1 0 1 0 1 1 1 1 1 1 1 1 1 1 1 1 1 1 1 1 1 1 1 1 1 1 1 0 0 1 1 1 0 0 0 0 0
0 0 0 0 0 0 0 0 0 0 0 0 1 1 1 1 1 1 0 0 0 0 0 0 0 1 0 0 0 1 0 0 1 0 0 1 1 1 0 0 0 1 0 0 0 1 1 1 1 1 1 0 0 1 1 1 0 0 0 0 0
0 0 0 0 0 0 0 1 0 0 0 0 1 0 1 1 1 1 0 0 0 0 1 0 1 0 0 0 1 1 1 1 1 1 1 1 1 1 0 0 1 1 0 1 1 1 1 1 1 1 1 0 0 1 1 1 0 0 0 0 0
0 0 0 0 0 0 0 1 0 0 0 1 0 0 0 0 0 0 0 0 0 0 0 0 0 0 0 0 0 1 0 1 0 1 1 0 0 0 0 0 0 0 0 1 0 0 1 0 0 0 0 0 0 1 0 1 0 0 0 0 0
0 0 0 0 0 0 0 0 0 0 0 0 0 0 0 0 0 0 0 0 0 0 0 0 0 0 0 0 0 0 0 0 0 0 0 0 0 0 0 0 0 0 0 0 0 0 0 1 0 1 0 0 0 0 0 0 0 0 0 0 0
0 0 0 0 0 0 0 0 0 0 0 0 0 0 0 0 0 0 0 0 0 0 0 0 0 0 0 0 0 0 0 0 0 0 0 0 0 0 0 0 0 0 0 0 0 0 0 0 0 0 0 0 0 0 0 0 0 0 0 0 0

y
0.0 2.3636363636363633 0.0 0.0 0.0 0.3636363636363633 0.0 0.0 0.0 0.1785714285714286 0.0 0.0 24.363636363636363 0.0 3.5 0.0 1.8000000000000007 0.0 0.0 0.0 0.0 0.0 0.0 0.0 0.8000000000000007 0.0 0.0 0.0 0.4500000000000002 0.0 0.0 0.0 0.5048543689320388 0.0 0.0 1.0 0.0

k
0 8 3 0 0 6 0 0 0 22 0 0 10 2 5 0 3 0 0 0 0 6 0 0 2 0 0 0 19 6 10 14 82 21 42 50 6

f
4.200000000000017 23.099999999999994 0.0 0.0 10.500000000000098 10.500000000000128 0.0 0.0 0.0 1.0500000000001108 0.0 0.0 1.0500000000000966 0.0 4.200000000000067 16.800000000000097 0.0 4.200000000000074 0.0 1.0500000000000966 4.2000000000000455 0.0 0.0 0.0 0.0 0.0 0.0 0.0 1.0500000000000682 0.0 0.0 0.0 0.0 0.0 0.0 10.500000000000014 0.0 0.0 0.0 4.200000000000031 0.0 0.0 0.0 0.0 0.0 0.0 0.0 0.0 0.0 0.0 0.0 0.0 0.0 0.0 0.0 0.0 0.0 0.0 0.0 0.0 0.0
0.0 0.0 0.0 0.0 0.0 0.0 0.0 0.0 0.0 0.0 0.0 0.0 0.0 0.0 0.0 0.0 0.0 0.0 0.0 0.0 0.0 0.0 0.0 0.0 0.0 0.0 0.0 0.0 0.0 0.0 0.0 0.0 0.0 0.0 0.0 0.0 0.0 0.0 0.0 0.0 0.0 0.0 0.0 0.0 0.0 0.0 0.0 0.0 0.0 0.0 0.0 0.0 0.0 0.0 0.0 0.0 0.0 0.0 0.0 0.0 0.0
0.0 0.0 0.0 0.0 0.0 0.0 0.0 0.0 0.0 0.0 0.0 0.0 0.0 0.0 0.0 0.0 0.0 0.0 0.0 0.0 0.0 0.0 0.0 0.0 0.0 0.0 0.0 0.0 0.0 0.0 0.0 0.0 0.0 0.0 0.0 0.0 0.0 0.0 0.0 0.0 0.0 0.0 0.0 0.0 0.0 0.0 0.0 0.0 0.0 0.0 0.0 0.0 0.0 0.0 0.0 0.0 0.0 0.0 0.0 0.0 0.0
0.0 5.40000000000013 14.399999999999977 0.0 0.0 5.849999999999861 0.0 9.449999999999859 0.0 1.349999999999806 0.0 0.4499999999999007 0.0 0.0 0.0 3.149999999999743 2.6999999999999105 2.2499999999998543 5.849999999999865 0.0 0.0 4.049999999999695 3.1499999999997663 1.3499999999998198 5.849999999999746 0.0 0.0 0.8999999999997272 0.8999999999998658 0.0 0.0 0.0 0.0 0.0 0.8999999999998427 9.449999999999969 0.0 9.449999999999793 3.59999999999982 0.0 1.3499999999995942 0.0 0.0 0.0 0.0 0.0 0.0 0.0 8.099999999999726 0.0 0.0 0.0 0.0 0.0 0.0 0.0 0.0 0.0 0.0 0.0 0.0

L
3 7 4 2 1 5 3 17 37 2 8 11 29 5 12 0 12 25 1 51 3 0 15 4 11 5 3 45 3 1 1 1 1 1 1 2 0

g
0 0 0 0 0 0 0 0 0 0 0 0 0 0 0 0 0 0 0 0 0 0 0 0 0 0 0 0 0 0 0 0 0 0 0 0 0 0 0 0 0 0 0 0 0 0 0 0 0 0 0 0 0 0 0 0 0 0 0 0 0
0 0 0 0 0 0 0 0 0 0 0 0 0 0 0 0 0 0 0 0 0 0 0 0 0 0 0 0 0 0 0 0 0 0 0 0 0 0 0 0 0 0 0 0 0 0 0 0 0 0 0 0 0 0 0 0 0 0 0 0 0
0 0 0 0 0 0 0 0 0 0 0 0 0 0 0 0 0 0 0 0 0 0 0 0 0 0 0 0 0 0 0 0 0 0 0 0 0 0 0 0 0 0 0 0 0 0 0 0 0 0 0 0 0 0 0 0 0 0 0 0 0
0 0 0 0 0 0 0 0 0 0 0 0 0 0 0 0 0 0 0 0 0 0 0 0 0 0 0 0 0 0 0 0 0 0 0 0 0 0 0 0 0 0 0 0 0 0 0 0 0 0 0 0 0 0 0 0 0 0 0 0 0
0 0 0 0 0 0 0 0 0 0 0 0 0 0 0 0 0 0 0 0 0 0 0 0 0 0 0 0 0 0 0 0 0 0 0 0 0 0 0 0 0 0 0 0 0 0 0 0 0 0 0 0 0 0 0 0 0 0 0 0 0
0 0 0 0 0 0 0 0 0 0 0 0 0 0 0 0 0 0 0 0 0 0 0 0 0 0 0 0 0 0 0 0 0 0 0 0 0 0 0 0 0 0 0 0 0 0 0 0 0 0 0 0 0 0 0 0 0 0 0 0 0
0 0 0 0 0 0 0 0 0 0 0 0 0 0 0 0 0 0 0 0 0 0 0 0 0 0 0 0 0 0 0 0 0 0 0 0 0 0 0 0 0 0 0 0 0 0 0 0 0 0 0 0 0 0 0 0 0 0 0 0 0
0 0 0 0 0 0 0 0 0 0 0 0 0 0 0 0 0 0 0 0 0 0 0 0 0 0 0 0 0 0 0 0 0 0 0 0 0 0 0 0 0 0 0 0 0 0 0 0 0 0 0 0 0 0 0 0 0 0 0 0 0
0 0 0 0 0 0 0 0 0 0 0 0 0 0 0 0 0 0 0 0 0 0 0 0 0 0 0 0 0 0 0 0 0 0 0 0 0 0 0 0 0 0 0 0 0 0 0 0 0 0 0 0 0 0 0 0 0 0 0 0 0
0 0 0 0 0 0 0 0 0 0 0 0 0 0 0 0 0 0 0 0 0 0 0 0 0 0 0 0 0 0 0 0 0 0 0 0 0 0 0 0 0 0 0 0 0 0 0 0 0 0 0 0 0 0 0 0 0 0 0 0 0
0 0 0 0 0 0 0 0 0 0 0 0 0 0 0 0 0 0 0 0 0 0 0 0 0 0 0 0 0 0 0 0 0 0 0 0 0 0 0 0 0 0 0 0 0 0 0 0 0 0 0 0 0 0 0 0 0 0 0 0 0
0 0 0 0 0 0 0 0 0 0 0 0 0 0 0 0 0 0 0 0 0 0 0 0 0 0 0 0 0 0 0 0 0 0 0 0 0 0 0 0 0 0 0 0 0 0 0 0 0 0 0 0 0 0 0 0 0 0 0 0 0
0 0 0 0 0 0 0 0 0 0 0 0 0 0 0 0 0 0 0 0 0 0 0 0 0 0 0 0 0 0 0 0 0 0 0 0 0 0 0 0 0 0 0 0 0 0 0 0 0 0 0 0 0 0 0 0 0 0 0 0 0
0 0 0 0 0 0 0 0 0 0 0 0 0 0 0 0 0 0 0 0 0 0 0 0 0 0 0 0 0 0 0 0 0 0 0 0 0 0 0 0 0 0 0 0 0 0 0 0 0 0 0 0 0 0 0 0 0 0 0 0 0
0 0 0 0 0 0 0 0 0 0 0 0 0 0 0 0 0 0 0 0 0 0 0 0 0 0 0 0 0 0 0 0 0 0 0 0 0 0 0 0 0 0 0 0 0 0 0 0 0 0 0 0 0 0 0 0 0 0 0 0 0
0 0 0 0 0 0 0 0 0 0 0 0 0 0 0 0 0 0 0 0 0 0 0 0 0 0 0 0 0 0 0 0 0 0 0 0 0 0 0 0 0 0 0 0 0 0 0 0 0 0 0 0 0 0 0 0 0 0 0 0 0
0 0 0 0 0 0 0 0 0 0 0 0 0 0 0 0 0 0 0 0 0 0 0 0 0 0 0 0 0 0 0 0 0 0 0 0 0 0 0 0 0 0 0 0 0 0 0 0 0 0 0 0 0 0 0 0 0 0 0 0 0
0 0 0 0 0 0 0 0 0 0 0 0 0 0 0 0 0 0 0 0 0 0 0 0 0 0 0 0 0 0 0 0 0 0 0 0 0 0 0 0 0 0 0 0 0 0 0 0 0 0 0 0 0 0 0 0 0 0 0 0 0
0 0 0 0 0 0 0 0 0 0 0 0 0 0 0 0 0 0 0 0 0 0 0 0 0 0 0 0 0 0 0 0 0 0 0 0 0 0 0 0 0 0 0 0 0 0 0 0 0 0 0 0 0 0 0 0 0 0 0 0 0
0 0 0 0 0 0 0 0 0 0 0 0 0 0 0 0 0 0 0 0 0 0 0 0 0 0 0 0 0 0 0 0 0 0 0 0 0 0 0 0 0 0 0 0 0 0 0 0 0 0 0 0 0 0 0 0 0 0 0 0 0
0 0 0 0 0 0 0 0 0 0 0 0 0 0 0 0 0 0 0 0 0 0 0 0 0 0 0 0 0 0 0 0 0 0 0 0 0 0 0 0 0 0 0 0 0 0 0 0 0 0 0 0 0 0 0 0 0 0 0 0 0
0 0 0 0 0 0 0 0 0 0 0 0 0 0 0 0 0 0 0 0 0 0 0 0 0 0 0 0 0 0 0 0 0 0 0 0 0 0 0 0 0 0 0 0 0 0 0 0 0 0 0 0 0 0 0 0 0 0 0 0 0
0 0 0 0 0 0 0 0 0 0 0 0 0 0 0 0 0 0 0 0 0 0 0 0 0 0 0 0 0 0 0 0 0 0 0 0 0 0 0 0 0 0 0 0 0 0 0 0 0 0 0 0 0 0 0 0 0 0 0 0 0
0 0 0 0 0 0 0 0 0 0 0 0 0 0 0 0 0 0 0 0 0 0 0 0 0 0 0 0 0 0 0 0 0 0 0 0 0 0 0 0 0 0 0 0 0 0 0 0 0 0 0 0 0 0 0 0 0 0 0 0 0
0 0 0 0 0 0 0 0 0 0 0 0 0 0 0 0 0 0 0 0 0 0 0 0 0 0 0 0 0 0 0 0 0 0 0 0 0 0 0 0 0 0 0 0 0 0 0 0 0 0 0 0 0 0 0 0 0 0 0 0 0
0 0 0 0 0 0 0 0 0 0 0 0 0 0 0 0 0 0 0 0 0 0 0 0 0 0 0 0 0 0 0 0 0 0 0 0 0 0 0 0 0 0 0 0 0 0 0 0 0 0 0 0 0 0 0 0 0 0 0 0 0
0 0 0 0 0 0 0 0 0 0 0 0 0 0 0 0 0 0 0 0 0 0 0 0 0 0 0 0 0 0 0 0 0 0 0 0 0 0 0 0 0 0 0 0 0 0 0 0 0 0 0 0 0 0 0 0 0 0 0 0 0
0 0 0 0 0 0 0 0 0 0 0 0 0 0 0 0 0 0 0 0 0 0 0 0 0 0 0 0 0 0 0 0 0 0 0 0 0 0 0 0 0 0 0 0 0 0 0 0 0 0 0 0 0 0 0 0 0 0 0 0 0
0 0 0 0 0 0 0 0 0 0 0 0 0 0 0 0 0 0 0 0 0 0 0 0 0 0 0 0 0 0 0 0 0 0 0 0 0 0 0 0 0 0 0 0 0 0 0 0 0 0 0 0 0 0 0 0 0 0 0 0 0
0 0 0 0 0 0 0 0 0 0 0 0 0 0 0 0 0 0 0 0 0 0 0 0 0 0 0 0 0 0 0 0 0 0 0 0 0 0 0 0 0 0 0 0 0 0 0 0 0 0 0 0 0 0 0 0 0 0 0 0 0
0 0 0 0 0 0 0 0 0 0 0 0 0 0 0 0 0 0 0 0 0 0 0 0 0 0 0 0 0 0 0 0 0 0 0 0 0 0 0 0 0 0 0 0 0 0 0 0 0 0 0 0 0 0 0 0 0 0 0 0 0
0 0 0 0 0 0 0 0 0 0 0 0 0 0 0 0 0 0 0 0 0 0 0 0 0 0 0 0 0 0 0 0 0 0 0 0 0 0 0 0 0 0 0 0 0 0 0 0 0 0 0 0 0 0 0 0 0 0 0 0 0
0 0 0 0 0 0 0 0 0 0 0 0 0 0 0 0 0 0 0 0 0 0 0 0 0 0 0 0 0 0 0 0 0 0 0 0 0 0 0 0 0 0 0 0 0 0 0 0 0 0 0 0 0 0 0 0 0 0 0 0 0
0 0 0 0 0 0 0 0 0 0 0 0 0 0 0 0 0 0 0 0 0 0 0 0 0 0 0 0 0 0 0 0 0 0 0 0 0 0 0 0 0 0 0 0 0 0 0 0 0 0 0 0 0 0 0 0 0 0 0 0 0
0 0 0 0 0 0 0 0 0 0 0 0 0 0 0 0 0 0 0 0 0 0 0 0 0 0 0 0 0 0 0 0 0 0 0 0 0 0 0 0 0 0 0 0 0 0 0 0 0 0 0 0 0 0 0 0 0 0 0 0 0
0 0 0 0 0 0 0 0 0 0 0 0 0 0 0 0 0 0 0 0 0 0 0 0 0 0 0 0 0 0 0 0 0 0 0 0 0 0 0 0 0 0 0 0 0 0 0 0 0 0 0 0 0 0 0 0 0 0 0 0 0
0 0 0 0 0 0 0 0 0 0 0 0 0 0 0 0 0 0 0 0 0 0 0 0 0 0 0 0 0 0 0 0 0 0 0 0 0 0 0 0 0 0 0 0 0 0 0 0 0 0 0 0 0 0 0 0 0 0 0 0 0

I cap
1058.909090909091 1058.909090909091 918.9490909091014 918.9490909091201 1080.6600000000042 993.8599999999897 991.0000000000105 964.2200000000098 269.2400000000103 611.4199999999921 212.660000000009 522.6400000000169 521.3600000000008 540.1999999999871 359.5200000000008 430.00909090911006 493.3690909090911 477.10909090910167 450.1490909091021 527.609090909097 238.5690909091 479.0090909090941 411.8890909090961 516.5090909091052 520.0690909090788 543.7290909090968 339.6690909091184 282.2890909090965 487.9290909090665 497.4090909091076 566.1890909091196 572.4090909090933 315.38909090910147 496.4690909091088 121.93999999999905 227.02000000000095 283.98000000000394 460.3800000000008 744.9400000000019 642.7000000000068 349.2000000000057 366.6799999999944 530.0400000000184 564.7400000000093 675.1800000000055 644.3799999999994 786.4600000000131 889.8000000000102 561.9200000000242 546.0200000000434 654.5200000000075 528.9799999999923 784.9800000000093 672.7000000000291 1077.2600000000198 1018.9400000000103 706.9490909090885 832.6090909091031 1023.909090909091 1058.909090909091 1058.909090909091
107.96969696969697 107.96969696969697 67.52969696969697 67.52969696969697 78.13999999999987 55.139999999999986 11.9999999999999 16.779999999999944 52.76000000000041 115.57999999999986 72.34000000000002 92.36000000000024 49.63999999999993 22.799999999999702 45.47999999999994 39.86969696969746 40.50969696969695 72.76969696969736 68.72969696969724 1.2696969696969163 4.309696969697164 17.86969696969723 17.98969696969717 19.36969696969728 10.80969696969781 91.14969696969683 56.20969696969706 39.589696969697215 65.94969696969659 79.46969696969718 43.68969696969715 36.46969696969708 8.489696969697153 51.409696969696924 39.060000000000294 47.9799999999999 32.02000000000005 38.62000000000032 29.06000000000006 35.30000000000001 24.800000000000338 11.31999999999995 76.95999999999977 69.25999999999993 19.819999999999816 5.619999999999717 7.539999999999996 45.199999999999804 57.07999999999994 57.979999999999755 72.47999999999979 92.01999999999987 70.0200000000002 6.900000000000368 42.339999999999804 14.860000000000284 16.929696969697197 37.26969696969701 72.96969696969697 107.96969696969697 107.96969696969697
38.96666666666666 38.96666666666666 14.033333333333328 1.3583333333333272 15.29166666666666 29.325 28.624999999999996 38.5 18.23333333333334 10.533333333333337 2.133333333333331 22.400000000000002 17.5 7.733333333333341 2.833333333333334 10.300000000000004 24.96666666666666 3.2999999999999954 10.299999999999997 10.299999999999997 17.300000000000004 17.299999999999997 24.299999999999997 24.299999999999997 17.299999999999997 10.300000000000002 3.3000000000000025 3.3000000000000025 3.3000000000000025 5.291666666666668 12.291666666666668 12.291666666666668 19.29166666666667 17.299999999999997 9.133333333333335 4.2333333333333325 3.533333333333333 1.4333333333333353 5.633333333333331 2.133333333333333 16.133333333333333 18.23333333333334 25.233333333333327 17.533333333333353 7.73333333333334 5.633333333333333 9.833333333333371 15.433333333333344 9.133333333333347 10.533333333333367 20.33333333333338 42.000000000000036 52.50000000000006 24.066666666666695 13.491666666666678 23.691666666666702 26.291666666666668 26.291666666666668 38.96666666666666 38.96666666666666 38.96666666666666
45.24545454545453 45.24545454545453 43.14545454545453 43.14545454545453 27.020000000000227 35.84000000000011 33.77000000000049 30.510000000000993 27.250000000000448 34.33000000000052 20.91000000000026 17.260000000000083 11.24000000000024 15.360000000000076 12.69000000000017 24.37545454545484 20.395454545454964 31.115454545454938 38.02545454545486 32.85545454545494 29.105454545455046 32.545454545455044 25.225454545455488 23.935454545455777 22.085454545455868 29.815454545455115 27.085454545455132 23.735454545455102 26.305454545455074 26.47545454545502 28.035454545455114 29.47545454545487 19.365454545454885 23.365454545454938 20.53000000000027 19.570000000000118 22.260000000000133 20.77000000000003 25.880000000000187 38.440000000000154 19.85000000000062 26.090000000001325 40.1900000000001 26.34000000000034 24.770000000000497 26.970000000000514 25.850000000000325 25.88000000000024 20.940000000000218 30.470000000000418 34.870000000000104 35.100000000000065 38.29999999999996 32.910000000000466 30.43000000000053 32.73000000000018 38.445454545454524 40.05545454545453 43.91545454545453 45.24545454545453 45.24545454545453
20.999999999999993 20.999999999999993 20.159999999999993 20.159999999999993 13.259999999999984 22.539999999999985 19.63999999999997 17.929999999999907 12.50999999999993 16.029999999999973 13.959999999999916 12.679999999999968 7.049999999999978 13.719999999999978 5.1 7.14999999999997 5.4599999999998925 9.669999999999966 8.299999999999963 9.439999999999968 7.219999999999867 12.939999999999765 10.569999999999926 10.02999999999997 8.369999999999882 12.810000000000016 10.559999999999969 4.689999999999994 7.700000000000003 8.409999999999984 10.219999999999963 10.330000000000005 3.969999999999999 6.879999999999985 6.500000000000092 11.889999999999972 9.759999999999973 9.54999999999997 9.57999999999994 8.61000000000007 2.5299999999999643 12.339999999999996 13.110000000000014 11.870000000000049 5.140000000000047 5.600000000000005 8.189999999999966 8.329999999999977 7.960000000000033 6.080000000000018 8.38999999999999 7.490000000000016 9.519999999999982 7.9200000000000585 12.409999999999854 7.00999999999997 10.79999999999999 14.690000000000001 20.429999999999993 20.999999999999993 20.999999999999993
345.75757575757575 345.75757575757575 341.76757575757574 341.76757575757574 240.48000000000002 275.48000000000036 263.87882352941153 256.2905882352943 262.8505882352948 283.28000000000065 258.04999999999984 240.33882352941137 213.169411764706 165.87000000000165 155.15000000000052 197.65757575757416 245.20875222816474 247.1069875222823 257.5069875222812 236.73757575757637 252.57875222816472 247.90698752228155 289.2381639928701 249.4769875222821 279.0481639928728 256.55698752228176 229.02816399286948 212.90698752228244 253.14698752228327 228.84757575757473 236.77757575757593 245.94757575757646 221.47757575757697 220.39757575757696 118.00000000000037 171.8200000000001 210.62000000000026 213.02000000000035 224.0100000000004 236.3099999999998 183.2400000000002 225.4300000000042 208.80000000000018 242.35000000000022 217.80000000000052 155.57000000000016 224.18000000000293 199.66000000000156 213.75000000000188 242.0700000000039 247.0111764705914 297.04058823529544 338.94882352941397 333.4594117647092 320.68000000000245 292.6311764705888 291.49816399286965 325.43757575757576 345.75757575757575 345.75757575757575 345.75757575757575
779.7575757575758 779.7575757575758 747.8375757575758 747.8375757575758 614.0799999999995 730.94 794.37 766.1800000000007 756.4499999999994 814.6499999999996 666.11 657.3699999999997 597.5499999999998 662.9100000000001 564.9100000000002 474.5275757575773 435.2375757575752 561.0775757575758 634.7475757575767 655.5875757575762 600.7775757575766 661.6375757575715 633.9375757575757 627.6375757575762 523.3975757575761 616.9675757575727 604.8175757575735 569.4275757575767 562.5875757575731 605.717575757574 691.407575757576 630.8775757575759 477.72757575757333 593.4775757575749 415.6599999999987 545.3099999999988 618.43 714.1199999999999 715.4199999999962 618.5199999999974 478.2900000000007 569.0200000000003 693.0599999999997 577.8399999999992 469.2699999999978 393.199999999997 499.57999999999953 484.94999999999993 395.909999999999 418.1399999999943 562.2599999999981 564.2399999999981 531.6999999999989 466.07999999999845 552.629999999998 455.5699999999964 652.6575757575765 688.5875757575757 764.3675757575758 779.7575757575758 779.7575757575758
80.73333333333335 80.73333333333335 79.26333333333335 79.26333333333335 66.67999999999988 87.92 78.23 80.28666666666666 76.23333333333332 89.96 75.93 84.22000000000001 88.62666666666667 91.27333333333331 80.09666666666666 65.94333333333337 63.84333333333325 66.33333333333326 70.88666666666667 73.78333333333329 72.79333333333324 75.53333333333336 71.48999999999992 71.86666666666662 70.18999999999998 72.23666666666662 74.46333333333328 72.78333333333329 71.1499999999998 69.06333333333332 68.10333333333334 68.70333333333335 61.69333333333326 66.95333333333315 33.83000000000005 57.86999999999924 68.52999999999936 65.79999999999941 69.92333333333124 74.70999999999995 68.14666666666636 68.17999999999999 77.16333333333334 76.02666666666664 72.89000000000001 77.31 73.35000000000001 70.49999999999982 61.65999999999948 62.66999999999957 64.16999999999906 62.35333333333155 61.719999999999665 54.60666666666601 55.57999999999885 51.759999999999806 73.47666666666669 77.88333333333334 79.97333333333334 80.73333333333335 80.73333333333335
10.775757575757575 10.775757575757575 9.725757575757576 9.725757575757573 3.420000000000003 5.1199999999999966 3.320000000000004 1.3199999999999987 0.9700000000000002 0.8899999999999979 4.999999999999987 4.899999999999994 2.899999999999997 0.7700000000000005 0.5800000000000036 1.9857575757575732 2.345757575757575 2.345757575757582 6.04575757575758 3.6957575757575905 1.2957575757575988 1.2157575757576025 6.065757575757584 4.175757575757576 4.515757575757557 6.035757575757577 0.15575757575757443 4.385757575757572 8.375757575757586 2.775757575757563 3.1757575757575705 5.175757575757571 3.1757575757575705 1.5157575757575668 1.6500000000000004 3.690000000000004 2.3400000000000114 2.550000000000016 1.5500000000000105 8.750000000000004 8.190000000000005 2.700000000000001 0.18999999999999595 10.290000000000006 6.499999999999988 0.6999999999999904 5.869999999999994 0.5799999999999965 1.3099999999999943 2.4999999999999925 0.5900000000000061 4.599999999999995 12.790000000000003 4.740000000000048 2.550000000000013 1.8500000000000272 6.925757575757577 9.725757575757573 9.825757575757576 10.775757575757575 10.775757575757575
2.545454545454545 2.545454545454545 1.915454545454545 1.915454545454545 1.96 0.5599999999999999 0.5500000000000126 0.12000000000000077 1.2400000000000215 1.2600000000000007 1.5400000000000142 0.1399999999999999 0.5599999999999999 0.6300000000000007 0.8400000000000006 0.1754545454545492 0.26545454545454905 0.4454545454545479 0.5654545454545573 0.7154545454545497 0.9854545454545488 0.5654545454545555 0.02545454545455228 0.9554545454545521 1.1954545454545538 1.4054545454545502 0.17545454545455175 0.4154545454545512 0.5954545454545509 1.0754545454545505 0.29545454545455274 0.3554545454545591 0.35545454545455235 0.02545454545455139 0.5800000000000053 1.4500000000000046 1.6600000000000152 0.8400000000000006 2.170000000000012 0.5599999999999999 0.07000000000000628 0.09000000000000052 0.8200000000000108 0.04999999999999993 0.48000000000000076 1.4500000000000037 1.3800000000000006 2.2000000000000055 0.17000000000000082 0.17000000000000082 0.10000000000000675 0.5800000000000111 0.13000000000000456 0.7800000000000095 1.1200000000000059 0.3400000000000085 0.41545454545454763 1.4354545454545626 2.545454545454545 2.545454545454545 2.545454545454545
8.515433299825174 8.515433299825174 8.515433299825174 8.51543329982517 6.037421926799757 6.690577785843888 6.39423747277676 6.9881123563217455 8.654813015728642 7.876639541742053 8.26115465517209 7.476237758620535 6.4613258045976 4.417602241379308 4.322952499999987 4.408679310344822 5.502313620689646 5.834061464004804 5.631624770114911 5.302193679673289 5.067733083649543 6.281586754385951 6.170132356321816 5.000980574712642 4.750783850574701 4.494107126436834 4.209466494252909 6.2931229885056 6.3550439080458165 5.54836258620684 6.847123793103222 6.493338620689478 4.707637758620681 4.921317959770106 8.251581954022894 8.924950344827579 4.644716034482762 7.014515689655146 6.614479655172404 5.202842931034473 4.798581034482735 4.5412579310344565 5.158734310344773 4.823621379310323 4.400012413793069 4.657613275862024 3.744863103448264 3.544722931034487 3.7829951724138344 4.538326724137918 5.613926551724088 5.360910747126396 6.2168224137930475 5.773394080459722 6.709672068965349 4.731000027223225 7.107387150399877 8.515433127411379 8.515433299825174 8.515433299825174 8.170605713618277
700.0 700.0 699.0 695.0 688.0 687.0 682.0 685.0 679.0 679.0 675.0 676.0 681.0 676.0 673.0 680.0 685.0 680.0 683.0 682.0 679.0 677.0 671.0 678.0 683.0 681.0 678.0 673.0 680.0 679.0 674.0 679.0 683.0 682.0 688.0 678.0 679.0 679.0 682.0 680.0 677.0 682.0 683.0 685.0 687.0 680.0 683.0 678.0 676.0 681.0 688.0 682.0 680.0 680.0 680.0 681.0 689.0 696.0 700.0 697.0 695.0

H cap
-4.200000000000017 -23.099999999999994 24.14999999999995 24.15000000000002 -10.500000000000098 -10.500000000000128 43.04999999999994 36.749999999999915 20.999999999999957 -1.0500000000001108 46.19999999999993 20.999999999999815 -1.0500000000000966 2.0999999999999517 -4.200000000000067 -16.800000000000097 2.09999999999998 -4.200000000000074 8.399999999999949 -1.0500000000000966 -4.2000000000000455 33.59999999999995 24.149999999999977 46.19999999999992 11.549999999999969 11.54999999999997 52.49999999999997 8.399999999999963 -1.0500000000000682 43.04999999999998 5.249999999999986 33.599999999999994 55.64999999999999 46.19999999999999 55.64999999999999 -10.500000000000014 36.749999999999986 71.39999999999996 5.249999999999986 -4.200000000000031 43.04999999999998 55.64999999999998 65.09999999999997 83.99999999999999 52.499999999999986 5.249999999999986 8.399999999999979 11.549999999999997 49.349999999999994 27.299999999999983 36.75 2.0999999999999943 2.0999999999999943 131.25 131.25 131.25 131.25 131.25 131.25 131.25 131.25
39.0 34.500000000000036 41.70000000000007 29.10000000000006 21.450000000000287 32.250000000000234 34.500000000000135 30.000000000000238 15.150000000000105 7.050000000000143 7.500000000000155 5.700000000000261 13.350000000000186 17.850000000000197 22.35000000000027 24.150000000000304 24.150000000000347 32.25000000000023 24.15000000000017 16.050000000000278 25.950000000000134 24.15000000000014 17.85000000000023 24.60000000000013 23.25000000000026 12.450000000000248 15.150000000000194 12.900000000000276 10.200000000000173 15.600000000000179 10.20000000000016 7.5000000000001625 14.700000000000145 21.000000000000075 26.400000000000095 25.950000000000216 18.75000000000014 14.700000000000042 20.1000000000001 16.05000000000022 13.350000000000176 15.60000000000009 12.00000000000016 4.350000000000164 9.750000000000146 9.300000000000196 6.600000000000182 24.15000000000017 39.45000000000015 23.70000000000021 8.400000000000176 7.050000000000327 25.050000000000214 52.5 52.5 52.5 52.5 52.5 52.5 52.5 52.5
50.400000000000006 44.10000000000001 50.400000000000006 53.550000000000004 44.10000000000001 40.95000000000001 50.400000000000006 50.400000000000006 40.95000000000001 31.500000000000014 37.80000000000001 44.10000000000001 40.95000000000001 44.10000000000001 47.25000000000001 44.10000000000001 40.95000000000001 40.95000000000001 44.10000000000001 47.25000000000001 44.10000000000001 37.80000000000001 37.80000000000001 40.95000000000001 40.95000000000001 37.80000000000001 44.10000000000001 44.10000000000001 44.10000000000001 50.400000000000006 47.25000000000001 47.25000000000001 50.400000000000006 50.400000000000006 53.550000000000004 50.400000000000006 47.25000000000001 47.25000000000001 47.25000000000001 47.25000000000001 47.25000000000001 44.10000000000001 40.95000000000001 44.10000000000001 50.400000000000006 47.25000000000001 47.25000000000001 50.400000000000006 53.550000000000004 53.550000000000004 53.550000000000004 47.25000000000001 47.25000000000001 63.0 63.0 63.0 63.0 63.0 63.0 63.0 63.0
19.349999999999767 -5.40000000000013 -14.399999999999977 0.449999999999973 6.750000000000098 -5.849999999999861 0.9000000000001833 -9.449999999999859 1.3500000000002692 -1.349999999999806 0.9000000000001669 -0.4499999999999007 1.8000000000001473 5.850000000000215 5.8500000000002 -3.149999999999743 -2.6999999999999105 -2.2499999999998543 -5.849999999999865 3.2862601528904634e-13 9.000000000000043 -4.049999999999695 -3.1499999999997663 -1.3499999999998198 -5.849999999999746 2.7000000000002458 2.0872192862952943e-13 -0.8999999999997272 -0.8999999999998658 4.500000000000242 0.4500000000001996 3.1500000000002095 0.9000000000001274 1.8000000000000802 -0.8999999999998427 -9.449999999999969 4.050000000000173 -9.449999999999793 -3.59999999999982 1.8000000000003311 -1.3499999999995942 1.8000000000001428 4.050000000000292 0.9000000000003516 0.9000000000002255 2.708944180085382e-13 4.050000000000198 1.35000000000037 -8.099999999999726 0.9000000000002757 12.600000000000117 1.3500000000001147 26.100000000000016 78.75 78.75 78.75 78.75 78.75 78.75 78.75 78.75

Gap
NaN

Time
NaN

