T P M C
61 37 4 12

base obj
11.35382657572313

exp obj
10.721252284733522

Objective struct
11.35382657572313 0.0 8.823529411764703

num campaigns
372

x
0 0 0 0 0 0 0 0 1 0 0 0 1 0 0 1 0 1 0 0 1 0 1 0 0 0 1 0 0 0 0 0 0 0 0 0 1 0 0 0 0 0 1 0 0 0 1 0 0 1 0 0 1 0 0 1 0 0 0 0 0
0 0 0 0 0 0 0 0 0 0 0 0 0 0 0 0 0 0 0 0 0 0 0 0 0 0 0 0 0 1 0 0 0 0 0 0 0 0 1 0 0 0 0 0 0 0 1 0 0 0 0 0 0 0 0 0 0 0 0 0 0
0 0 0 0 0 0 0 0 1 0 0 0 1 0 0 0 0 0 1 0 0 0 1 0 0 0 0 1 0 0 0 1 0 0 0 1 0 0 0 1 0 0 0 1 0 0 0 0 1 0 0 0 0 0 1 0 0 0 0 0 0
0 0 0 0 0 1 0 1 1 1 1 1 1 1 0 0 1 0 0 0 0 0 0 1 0 0 0 0 0 0 0 0 0 0 0 0 0 0 0 0 0 1 0 0 0 0 0 0 0 0 0 0 0 0 0 0 0 0 0 0 0
0 0 0 0 0 0 1 1 0 0 1 0 1 1 1 0 1 0 0 1 1 0 0 0 0 1 1 0 0 0 0 1 0 0 1 1 1 1 1 0 0 0 0 0 0 0 0 0 0 0 0 0 0 0 0 0 0 0 0 0 0
0 0 0 0 0 0 0 0 0 0 0 0 0 0 0 0 0 0 0 0 0 0 0 0 0 0 0 0 0 0 0 0 0 0 0 0 1 0 0 0 0 1 0 0 0 0 0 1 0 0 0 0 0 0 0 0 0 0 0 0 0
0 0 0 0 0 0 1 1 1 1 1 1 0 1 1 0 0 1 1 0 0 0 0 0 0 1 0 0 0 1 0 0 0 0 0 0 0 0 0 0 0 0 0 0 0 0 0 0 0 0 0 0 0 0 0 0 0 0 0 0 0
0 0 0 0 0 0 1 0 0 0 0 0 0 0 0 0 0 0 0 1 0 0 0 0 0 0 0 0 0 0 0 0 1 0 0 0 0 0 0 0 0 0 0 0 0 0 0 0 0 0 0 0 1 0 0 0 0 0 0 0 0
0 0 0 0 1 0 0 0 0 0 0 0 0 0 0 0 0 0 0 0 0 0 0 0 0 0 0 0 0 0 0 0 0 0 0 0 0 0 0 0 0 0 0 0 0 0 0 0 0 0 0 0 0 0 1 0 0 0 0 0 0
0 0 0 0 0 0 0 0 0 0 0 0 1 0 1 0 1 0 0 0 0 0 0 0 0 1 0 0 0 1 0 0 0 0 0 0 0 1 0 0 1 0 1 0 0 0 0 0 0 0 0 0 0 0 0 0 0 0 0 0 0
0 0 0 0 0 0 0 0 0 1 0 0 0 0 0 0 0 0 1 0 0 0 0 0 0 0 0 1 0 0 0 0 0 0 0 0 1 0 0 0 0 0 0 0 0 1 0 0 0 0 0 0 0 0 0 0 0 0 0 0 0
0 0 0 0 0 0 1 0 0 0 0 0 0 0 0 0 0 0 0 0 0 1 0 0 0 0 0 0 0 0 0 0 0 0 0 0 0 0 0 0 1 0 0 0 0 0 0 0 0 0 0 1 0 0 0 0 0 0 0 0 0
0 0 0 0 0 0 0 0 0 0 0 0 0 0 0 0 0 0 0 0 0 0 0 0 0 1 0 0 0 0 0 0 0 0 1 0 0 0 0 0 0 0 0 0 0 0 0 0 0 0 0 0 0 0 0 0 0 0 0 0 0
0 0 0 0 1 0 0 0 1 0 0 1 0 0 0 0 0 0 0 1 0 0 0 1 0 0 0 1 0 0 1 0 0 1 0 0 0 0 1 0 0 0 0 0 0 0 0 0 1 0 0 0 0 0 1 0 0 0 0 0 0
0 0 0 0 0 0 0 0 0 0 0 0 0 0 0 0 0 0 0 0 0 1 0 0 0 0 0 0 0 0 0 0 0 0 0 0 0 0 0 0 0 0 0 0 0 0 0 0 0 0 1 0 0 0 0 0 0 0 0 0 0
0 0 0 0 0 0 0 0 0 0 1 0 0 0 0 0 0 0 0 0 0 0 0 0 0 0 0 0 0 0 0 0 0 0 0 0 0 0 0 0 0 0 0 0 0 0 0 0 0 0 0 0 0 0 0 0 0 0 0 0 0
0 0 0 0 0 0 0 0 0 0 0 0 0 1 0 0 0 0 0 0 0 0 0 0 0 0 1 0 0 0 0 0 0 0 0 0 0 0 0 0 0 0 0 1 0 0 0 0 0 0 0 0 0 0 0 1 0 0 0 0 0
0 0 0 0 1 0 0 0 0 0 0 0 0 0 0 0 0 0 0 0 0 0 0 0 0 0 0 0 1 0 0 0 0 0 0 0 0 0 0 0 0 0 0 0 0 0 0 0 0 0 0 0 0 1 0 0 0 0 0 0 0
0 0 0 0 0 0 1 0 1 0 1 0 1 0 1 0 1 0 1 0 1 0 1 0 0 1 0 0 1 0 0 1 0 1 0 0 0 0 1 0 1 0 1 0 1 0 1 0 1 0 1 0 0 0 0 1 0 0 0 0 0
0 0 0 0 1 0 0 0 0 0 0 0 0 0 0 0 0 0 0 0 0 0 0 0 0 0 0 0 0 0 0 0 0 0 0 0 0 0 0 0 0 0 0 0 0 0 0 0 0 0 0 0 0 0 0 1 0 0 0 0 0
0 0 0 0 0 0 1 0 0 1 0 0 0 1 0 0 0 0 1 0 0 1 0 0 1 0 0 0 1 0 0 1 0 0 0 0 1 0 0 0 1 0 0 1 0 0 0 0 0 1 0 0 0 0 0 0 0 0 0 0 0
0 0 0 0 0 0 0 0 0 0 0 0 0 0 0 0 0 0 0 0 0 0 0 0 0 0 0 0 0 0 0 0 0 0 0 0 0 0 0 0 0 0 0 0 0 0 0 0 0 0 0 0 0 0 0 0 0 0 0 0 0
0 0 0 0 1 0 0 0 0 0 0 0 0 0 0 0 0 1 0 0 0 0 0 0 0 0 0 0 0 0 1 0 0 0 0 0 0 0 0 0 0 0 0 0 1 0 0 0 0 0 0 0 0 0 0 0 0 0 0 0 0
0 0 0 0 0 0 0 0 0 0 1 0 0 0 0 1 0 0 0 0 0 0 0 1 0 0 0 0 1 0 0 0 0 0 1 0 0 0 0 1 0 0 0 0 0 1 0 0 0 0 0 1 0 0 0 0 0 0 0 0 0
0 0 0 0 0 0 1 0 0 0 0 0 0 0 1 0 0 0 0 0 0 0 0 0 1 0 0 0 0 0 0 0 1 0 0 0 0 0 0 0 0 0 0 0 0 0 0 0 0 0 0 0 0 1 0 0 0 0 0 0 0
0 0 0 0 1 0 0 0 0 1 0 0 0 0 1 0 0 0 0 1 0 0 0 0 1 0 0 0 0 1 0 0 0 0 1 0 0 0 0 1 0 0 0 0 0 0 0 0 0 0 0 0 0 0 0 0 0 0 0 0 0
0 0 0 0 0 1 0 0 0 0 1 0 0 0 0 1 0 0 0 1 0 0 0 1 0 0 0 0 1 0 0 0 1 0 0 0 0 1 0 0 0 0 0 0 1 0 0 0 1 0 0 0 0 0 0 0 0 0 0 0 0
0 0 0 0 1 0 0 0 0 0 0 0 0 0 0 0 0 0 0 0 0 0 0 0 0 0 0 0 0 0 0 0 0 0 0 0 0 0 0 0 0 0 0 0 0 0 0 0 0 0 0 0 0 0 0 1 0 0 0 0 0
0 0 0 0 0 0 0 0 0 0 0 0 0 0 0 0 0 0 0 0 0 0 0 0 0 0 0 0 0 0 0 0 0 0 0 0 0 0 0 0 0 1 0 0 0 0 1 0 0 0 0 0 0 0 0 0 0 0 0 0 0
0 0 0 0 0 0 0 1 1 1 0 1 1 1 0 0 1 1 1 1 1 0 1 1 1 1 1 1 1 1 1 1 1 0 1 1 1 1 1 1 1 1 1 1 1 1 1 1 1 1 1 1 1 1 1 1 0 0 0 0 0
0 0 0 0 0 1 0 1 1 1 1 0 1 1 1 1 1 1 1 1 1 1 0 0 0 1 1 1 1 1 1 1 1 0 1 1 1 1 1 1 0 1 1 1 1 1 1 1 1 1 1 1 1 1 0 1 0 0 0 0 0
0 0 0 0 0 1 1 1 1 0 0 0 1 1 0 0 1 1 1 1 1 0 1 0 0 1 1 0 1 1 0 0 1 0 1 1 1 0 1 1 1 0 1 1 1 1 1 1 1 1 1 1 1 0 0 0 0 0 0 0 0
0 0 0 0 0 0 0 0 1 0 0 0 0 0 0 0 0 0 1 0 1 1 0 0 0 1 0 0 1 0 0 0 0 0 1 1 1 1 0 1 1 0 0 0 0 0 0 1 1 1 1 1 0 0 0 0 0 0 0 0 0
0 0 0 0 0 0 0 1 0 0 0 0 1 0 1 0 1 0 1 1 1 0 1 0 0 1 1 1 1 1 0 0 0 0 1 1 1 1 1 1 1 0 1 1 1 0 0 1 1 1 1 1 1 0 0 1 0 0 0 0 0
0 0 0 0 0 0 0 1 0 0 0 0 0 0 0 0 1 0 1 0 0 0 1 0 0 1 0 0 0 0 0 0 0 0 0 1 1 0 0 1 1 0 0 0 0 0 0 0 1 0 0 1 0 0 1 0 0 0 0 0 0
0 0 0 0 0 0 0 0 0 0 0 0 0 0 0 0 0 0 0 0 0 0 0 0 0 0 0 0 0 0 1 0 1 0 0 0 0 0 0 0 0 0 0 0 0 0 0 0 0 0 0 0 0 0 0 0 0 0 0 0 0
0 0 0 0 0 0 0 0 0 0 0 0 0 0 0 0 0 0 0 0 0 0 0 0 0 0 0 0 0 0 0 0 0 0 0 0 0 0 0 0 0 0 0 0 0 0 0 0 0 0 0 0 0 0 0 0 0 0 0 0 0

y
0.0 3.3636363636363633 0.0 0.0 0.0 0.3636363636363633 0.0 0.0 0.0 0.1785714285714286 0.0 0.0 4.363636363636363 0.0 20.5 0.0 1.8000000000000007 0.0 0.0 0.0 0.0 0.0 0.0 0.0 0.0 0.0 0.0 0.0 2.45 0.0 0.0 0.0 0.5048543689320388 0.0 0.0 1.0 0.0

k
0 9 2 0 0 9 0 0 0 21 0 0 10 0 5 0 2 0 4 0 0 6 0 2 1 0 0 0 19 8 9 18 87 22 40 50 6

f
4.199999999999989 29.399999999999935 0.0 1.0499999999999385 0.0 0.0 1.050000000000022 0.0 0.0 10.500000000000133 0.0 0.0 0.0 0.0 4.2000000000000455 0.0 7.350000000000037 1.0499999999999972 1.0500000000000114 0.0 0.0 0.0 0.0 0.0 0.0 0.0 0.0 0.0 0.0 0.0 0.0 0.0 0.0 10.500000000000012 0.0 0.0 0.0 0.0 0.0 0.0 0.0 0.0 0.0 0.0 0.0 0.0 0.0 0.0 0.0 4.200000000000003 0.0 16.799999999999997 0.0 0.0 0.0 0.0 0.0 0.0 0.0 0.0 0.0
0.0 0.0 0.0 0.0 0.0 0.0 0.0 0.0 0.0 0.0 0.0 0.0 0.0 0.0 0.0 0.0 0.0 0.0 0.0 0.0 0.0 0.0 0.0 0.0 0.0 0.0 0.0 0.0 0.0 0.0 0.0 0.0 0.0 0.0 0.0 0.0 0.0 0.0 0.0 0.0 0.0 0.0 0.0 0.0 0.0 0.0 0.0 0.0 0.0 0.0 0.0 0.0 0.0 0.0 0.0 0.0 0.0 0.0 0.0 0.0 0.0
0.0 0.0 0.0 0.0 0.0 0.0 0.0 0.0 0.0 0.0 0.0 0.0 0.0 0.0 0.0 0.0 0.0 0.0 0.0 0.0 0.0 0.0 0.0 0.0 0.0 0.0 0.0 0.0 0.0 0.0 0.0 0.0 0.0 0.0 0.0 0.0 0.0 0.0 0.0 0.0 0.0 0.0 0.0 0.0 0.0 0.0 0.0 0.0 0.0 0.0 0.0 0.0 0.0 0.0 0.0 0.0 0.0 0.0 0.0 0.0 0.0
0.0 5.4000000000001425 1.2922996006636822e-13 0.0 0.0 0.0 0.0 6.299999999999901 0.0 5.3999999999998245 8.09999999999981 27.44999999999983 0.0 0.0 1.3499999999998415 0.0 0.44999999999988916 0.0 4.050000000000079 11.699999999999747 17.099999999999646 0.0 0.0 0.0 0.0 0.0 0.0 0.0 0.0 0.0 0.0 0.0 0.0 0.0 0.0 1.3499999999999504 0.0 0.0 0.8999999999997961 0.0 0.0 0.0 0.8999999999996966 0.0 0.0 0.0 0.0 0.0 0.0 0.0 0.0 9.449999999999848 0.0 0.0 0.0 0.0 0.0 0.0 0.0 0.0 0.0

L
2 8 4 1 1 5 1 13 50 2 9 11 9 3 29 0 12 24 2 51 3 0 13 5 8 5 4 51 5 1 1 1 1 1 1 2 0

g
0 0 0 0 0 0 0 0 0 0 0 0 0 0 0 0 0 0 0 0 0 0 0 0 0 0 0 0 0 0 0 0 0 0 0 0 0 0 0 0 0 0 0 0 0 0 0 0 0 0 0 0 0 0 0 0 0 0 0 0 0
0 0 0 0 0 0 0 0 0 0 0 0 0 0 0 0 0 0 0 0 0 0 0 0 0 0 0 0 0 0 0 0 0 0 0 0 0 0 0 0 0 0 0 0 0 0 0 0 0 0 0 0 0 0 0 0 0 0 0 0 0
0 0 0 0 0 0 0 0 0 0 0 0 0 0 0 0 0 0 0 0 0 0 0 0 0 0 0 0 0 0 0 0 0 0 0 0 0 0 0 0 0 0 0 0 0 0 0 0 0 0 0 0 0 0 0 0 0 0 0 0 0
0 0 0 0 0 0 0 0 0 0 0 0 0 0 0 0 0 0 0 0 0 0 0 0 0 0 0 0 0 0 0 0 0 0 0 0 0 0 0 0 0 0 0 0 0 0 0 0 0 0 0 0 0 0 0 0 0 0 0 0 0
0 0 0 0 0 0 0 0 0 0 0 0 0 0 0 0 0 0 0 0 0 0 0 0 0 0 0 0 0 0 0 0 0 0 0 0 0 0 0 0 0 0 0 0 0 0 0 0 0 0 0 0 0 0 0 0 0 0 0 0 0
0 0 0 0 0 0 0 0 0 0 0 0 0 0 0 0 0 0 0 0 0 0 0 0 0 0 0 0 0 0 0 0 0 0 0 0 0 0 0 0 0 0 0 0 0 0 0 0 0 0 0 0 0 0 0 0 0 0 0 0 0
0 0 0 0 0 0 0 0 0 0 0 0 0 0 0 0 0 0 0 0 0 0 0 0 0 0 0 0 0 0 0 0 0 0 0 0 0 0 0 0 0 0 0 0 0 0 0 0 0 0 0 0 0 0 0 0 0 0 0 0 0
0 0 0 0 0 0 0 0 0 0 0 0 0 0 0 0 0 0 0 0 0 0 0 0 0 0 0 0 0 0 0 0 0 0 0 0 0 0 0 0 0 0 0 0 0 0 0 0 0 0 0 0 0 0 0 0 0 0 0 0 0
0 0 0 0 0 0 0 0 0 0 0 0 0 0 0 0 0 0 0 0 0 0 0 0 0 0 0 0 0 0 0 0 0 0 0 0 0 0 0 0 0 0 0 0 0 0 0 0 0 0 0 0 0 0 0 0 0 0 0 0 0
0 0 0 0 0 0 0 0 0 0 0 0 0 0 0 0 0 0 0 0 0 0 0 0 0 0 0 0 0 0 0 0 0 0 0 0 0 0 0 0 0 0 0 0 0 0 0 0 0 0 0 0 0 0 0 0 0 0 0 0 0
0 0 0 0 0 0 0 0 0 0 0 0 0 0 0 0 0 0 0 0 0 0 0 0 0 0 0 0 0 0 0 0 0 0 0 0 0 0 0 0 0 0 0 0 0 0 0 0 0 0 0 0 0 0 0 0 0 0 0 0 0
0 0 0 0 0 0 0 0 0 0 0 0 0 0 0 0 0 0 0 0 0 0 0 0 0 0 0 0 0 0 0 0 0 0 0 0 0 0 0 0 0 0 0 0 0 0 0 0 0 0 0 0 0 0 0 0 0 0 0 0 0
0 0 0 0 0 0 0 0 0 0 0 0 0 0 0 0 0 0 0 0 0 0 0 0 0 0 0 0 0 0 0 0 0 0 0 0 0 0 0 0 0 0 0 0 0 0 0 0 0 0 0 0 0 0 0 0 0 0 0 0 0
0 0 0 0 0 0 0 0 0 0 0 0 0 0 0 0 0 0 0 0 0 0 0 0 0 0 0 0 0 0 0 0 0 0 0 0 0 0 0 0 0 0 0 0 0 0 0 0 0 0 0 0 0 0 0 0 0 0 0 0 0
0 0 0 0 0 0 0 0 0 0 0 0 0 0 0 0 0 0 0 0 0 0 0 0 0 0 0 0 0 0 0 0 0 0 0 0 0 0 0 0 0 0 0 0 0 0 0 0 0 0 0 0 0 0 0 0 0 0 0 0 0
0 0 0 0 0 0 0 0 0 0 0 0 0 0 0 0 0 0 0 0 0 0 0 0 0 0 0 0 0 0 0 0 0 0 0 0 0 0 0 0 0 0 0 0 0 0 0 0 0 0 0 0 0 0 0 0 0 0 0 0 0
0 0 0 0 0 0 0 0 0 0 0 0 0 0 0 0 0 0 0 0 0 0 0 0 0 0 0 0 0 0 0 0 0 0 0 0 0 0 0 0 0 0 0 0 0 0 0 0 0 0 0 0 0 0 0 0 0 0 0 0 0
0 0 0 0 0 0 0 0 0 0 0 0 0 0 0 0 0 0 0 0 0 0 0 0 0 0 0 0 0 0 0 0 0 0 0 0 0 0 0 0 0 0 0 0 0 0 0 0 0 0 0 0 0 0 0 0 0 0 0 0 0
0 0 0 0 0 0 0 0 0 0 0 0 0 0 0 0 0 0 0 0 0 0 0 0 0 0 0 0 0 0 0 0 0 0 0 0 0 0 0 0 0 0 0 0 0 0 0 0 0 0 0 0 0 0 0 0 0 0 0 0 0
0 0 0 0 0 0 0 0 0 0 0 0 0 0 0 0 0 0 0 0 0 0 0 0 0 0 0 0 0 0 0 0 0 0 0 0 0 0 0 0 0 0 0 0 0 0 0 0 0 0 0 0 0 0 0 0 0 0 0 0 0
0 0 0 0 0 0 0 0 0 0 0 0 0 0 0 0 0 0 0 0 0 0 0 0 0 0 0 0 0 0 0 0 0 0 0 0 0 0 0 0 0 0 0 0 0 0 0 0 0 0 0 0 0 0 0 0 0 0 0 0 0
0 0 0 0 0 0 0 0 0 0 0 0 0 0 0 0 0 0 0 0 0 0 0 0 0 0 0 0 0 0 0 0 0 0 0 0 0 0 0 0 0 0 0 0 0 0 0 0 0 0 0 0 0 0 0 0 0 0 0 0 0
0 0 0 0 0 0 0 0 0 0 0 0 0 0 0 0 0 0 0 0 0 0 0 0 0 0 0 0 0 0 0 0 0 0 0 0 0 0 0 0 0 0 0 0 0 0 0 0 0 0 0 0 0 0 0 0 0 0 0 0 0
0 0 0 0 0 0 0 0 0 0 0 0 0 0 0 0 0 0 0 0 0 0 0 0 0 0 0 0 0 0 0 0 0 0 0 0 0 0 0 0 0 0 0 0 0 0 0 0 0 0 0 0 0 0 0 0 0 0 0 0 0
0 0 0 0 0 0 0 0 0 0 0 0 0 0 0 0 0 0 0 0 0 0 0 0 0 0 0 0 0 0 0 0 0 0 0 0 0 0 0 0 0 0 0 0 0 0 0 0 0 0 0 0 0 0 0 0 0 0 0 0 0
0 0 0 0 0 0 0 0 0 0 0 0 0 0 0 0 0 0 0 0 0 0 0 0 0 0 0 0 0 0 0 0 0 0 0 0 0 0 0 0 0 0 0 0 0 0 0 0 0 0 0 0 0 0 0 0 0 0 0 0 0
0 0 0 0 0 0 0 0 0 0 0 0 0 0 0 0 0 0 0 0 0 0 0 0 0 0 0 0 0 0 0 0 0 0 0 0 0 0 0 0 0 0 0 0 0 0 0 0 0 0 0 0 0 0 0 0 0 0 0 0 0
0 0 0 0 0 0 0 0 0 0 0 0 0 0 0 0 0 0 0 0 0 0 0 0 0 0 0 0 0 0 0 0 0 0 0 0 0 0 0 0 0 0 0 0 0 0 0 0 0 0 0 0 0 0 0 0 0 0 0 0 0
0 0 0 0 0 0 0 0 0 0 0 0 0 0 0 0 0 0 0 0 0 0 0 0 0 0 0 0 0 0 0 0 0 0 0 0 0 0 0 0 0 0 0 0 0 0 0 0 0 0 0 0 0 0 0 0 0 0 0 0 0
0 0 0 0 0 0 0 0 0 0 0 0 0 0 0 0 0 0 0 0 0 0 0 0 0 0 0 0 0 0 0 0 0 0 0 0 0 0 0 0 0 0 0 0 0 0 0 0 0 0 0 0 0 0 0 0 0 0 0 0 0
0 0 0 0 0 0 0 0 0 0 0 0 0 0 0 0 0 0 0 0 0 0 0 0 0 0 0 0 0 0 0 0 0 0 0 0 0 0 0 0 0 0 0 0 0 0 0 0 0 0 0 0 0 0 0 0 0 0 0 0 0
0 0 0 0 0 0 0 0 0 0 0 0 0 0 0 0 0 0 0 0 0 0 0 0 0 0 0 0 0 0 0 0 0 0 0 0 0 0 0 0 0 0 0 0 0 0 0 0 0 0 0 0 0 0 0 0 0 0 0 0 0
0 0 0 0 0 0 0 0 0 0 0 0 0 0 0 0 0 0 0 0 0 0 0 0 0 0 0 0 0 0 0 0 0 0 0 0 0 0 0 0 0 0 0 0 0 0 0 0 0 0 0 0 0 0 0 0 0 0 0 0 0
0 0 0 0 0 0 0 0 0 0 0 0 0 0 0 0 0 0 0 0 0 0 0 0 0 0 0 0 0 0 0 0 0 0 0 0 0 0 0 0 0 0 0 0 0 0 0 0 0 0 0 0 0 0 0 0 0 0 0 0 0
0 0 0 0 0 0 0 0 0 0 0 0 0 0 0 0 0 0 0 0 0 0 0 0 0 0 0 0 0 0 0 0 0 0 0 0 0 0 0 0 0 0 0 0 0 0 0 0 0 0 0 0 0 0 0 0 0 0 0 0 0
0 0 0 0 0 0 0 0 0 0 0 0 0 0 0 0 0 0 0 0 0 0 0 0 0 0 0 0 0 0 0 0 0 0 0 0 0 0 0 0 0 0 0 0 0 0 0 0 0 0 0 0 0 0 0 0 0 0 0 0 0
0 0 0 0 0 0 0 0 0 0 0 0 0 0 0 0 0 0 0 0 0 0 0 0 0 0 0 0 0 0 0 0 0 0 0 0 0 0 0 0 0 0 0 0 0 0 0 0 0 0 0 0 0 0 0 0 0 0 0 0 0

I cap
1058.909090909091 1058.909090909091 1038.509090909096 1021.1090909090982 1008.8000000000025 709.5999999999931 742.3800000000108 807.7800000000084 476.70000000000147 402.5 211.1200000000016 378.0400000000054 512.9799999999941 408.73999999999705 423.72000000000605 384.04909090909314 398.60909090908865 604.6490909091071 530.4890909091032 385.08909090911163 304.74909090910177 434.52909090908764 623.3090909090963 432.7090909091117 520.1090909091008 467.6290909091152 605.4690909091178 722.1690909090826 676.8490909090835 456.6890909091092 765.1090909091065 748.0090909090934 734.4090909090928 807.5090909090969 258.0400000000015 234.84000000000032 118.53999999999945 275.499999999996 439.78000000000355 451.300000000024 447.0400000000156 284.619999999992 720.4000000000106 666.500000000017 594.1399999999974 584.4799999999868 776.0600000000109 763.8800000000144 603.9200000000051 613.9400000000289 511.0800000000047 705.5800000000258 792.3000000000266 824.4200000000139 954.5800000000418 997.4000000000165 786.0690909090818 906.1490909091024 976.349090909091 1058.909090909091 1058.909090909091
107.96969696969697 107.96969696969697 107.96969696969697 96.36969696969695 53.0 44.40000000000009 4.620000000000239 18.220000000000198 21.300000000000345 22.500000000000142 43.87999999999989 49.96000000000021 54.019999999999875 26.25999999999972 63.28000000000016 55.82969696969701 48.269696969697 24.229696969697557 17.389696969696942 0.7896969696970042 12.129696969697084 5.349696969697144 32.56969696969753 42.16969696969755 80.7696969696976 38.24969696969693 39.409696969697336 46.709696969696815 62.02969696969673 25.18969696969694 32.76969696969678 57.869696969696896 44.46969696969677 59.36969696969679 11.95999999999991 10.159999999999906 15.4600000000003 16.500000000000043 18.219999999999743 68.69999999999986 19.96000000000002 2.379999999999853 41.59999999999967 68.49999999999989 88.85999999999986 51.51999999999943 62.94000000000017 70.12000000000012 89.07999999999944 88.06000000000012 51.9200000000001 19.42000000000006 15.700000000000713 16.18000000000056 15.020000000000147 44.40000000000043 80.80969696969684 92.729696969697 104.52969696969697 107.96969696969697 107.96969696969697
38.96666666666666 38.96666666666666 14.033333333333328 1.3583333333333272 15.29166666666666 29.325 6.95833333333333 16.833333333333336 11.23333333333334 17.53333333333334 2.133333333333331 7.733333333333336 10.5 14.733333333333333 2.833333333333334 17.299999999999997 24.96666666666666 31.96666666666666 10.299999999999997 17.300000000000004 10.300000000000004 17.300000000000004 10.300000000000004 17.300000000000004 17.300000000000004 17.300000000000004 17.300000000000004 19.29166666666667 4.6250000000000036 4.6250000000000036 4.6250000000000036 17.300000000000004 17.300000000000004 10.300000000000004 16.8 11.899999999999999 3.533333333333333 8.433333333333335 5.633333333333331 23.799999999999997 9.133333333333333 18.23333333333334 18.23333333333334 24.533333333333367 14.733333333333341 19.633333333333333 31.499999999999986 44.099999999999966 30.80000000000001 24.53333333333334 20.33333333333335 27.33333333333338 32.825000000000074 11.39166666666667 13.491666666666678 16.691666666666674 31.96666666666666 31.96666666666666 38.96666666666666 38.96666666666666 38.96666666666666
45.24545454545453 45.24545454545453 45.24545454545453 43.14545454545453 30.870000000000026 36.47000000000011 29.900000000000464 25.600000000001238 20.240000000000226 29.480000000000583 29.340000000000195 18.540000000000028 11.240000000000173 16.510000000000122 24.620000000000115 32.125454545455185 23.505454545454956 24.13545454545521 26.425454545455036 24.795454545454998 29.97545454545507 32.305454545454964 25.995454545455786 22.275454545455084 26.335454545455853 26.345454545454952 28.135454545454973 28.78545454545507 26.47545454545511 23.495454545455036 25.265454545454915 28.185454545454874 32.00545454545483 32.07545454545512 25.23000000000025 20.090000000000217 17.930000000000113 15.42000000000029 22.12000000000019 36.100000000000215 21.010000000000318 21.7900000000009 35.71000000000022 27.060000000000546 28.46000000000061 28.550000000000768 28.46000000000036 27.830000000000343 24.770000000000653 30.550000000000807 34.130000000000244 39.7200000000002 41.64000000000002 37.86000000000019 27.660000000000586 34.090000000000025 39.375454545454524 44.615454545454526 44.615454545454526 45.24545454545453 45.24545454545453
20.999999999999993 20.999999999999993 20.999999999999993 20.699999999999992 13.590000000000003 17.48999999999998 16.429999999999882 12.679999999999918 7.129999999999937 4.339999999999948 8.949999999999914 14.279999999999974 10.049999999999981 11.309999999999922 7.209999999999965 9.659999999999984 7.4199999999999235 8.889999999999947 7.289999999999923 6.709999999999871 7.639999999999871 9.869999999999875 10.079999999999837 10.569999999999972 17.199999999999907 15.889999999999976 12.729999999999965 8.339999999999973 7.729999999999983 7.41999999999997 9.38000000000001 7.989999999999963 7.479999999999947 11.33999999999999 13.459999999999999 13.639999999999954 5.6800000000000335 6.010000000000041 8.460000000000013 5.670000000000032 2.7799999999999434 5.95999999999999 11.20999999999999 9.209999999999972 6.880000000000024 7.499999999999941 10.31999999999994 10.230000000000063 10.359999999999957 6.110000000000029 6.1600000000000215 9.59000000000003 8.819999999999999 7.300000000000125 9.389999999999953 9.249999999999964 14.800000000000004 17.79 20.789999999999992 20.999999999999993 20.999999999999993
345.75757575757575 345.75757575757575 345.75757575757575 345.75757575757575 226.05882352941177 220.42941176470586 217.01000000000013 189.40999999999997 255.651176470589 237.31058823529543 218.55000000000024 194.9788235294116 190.6694117647063 203.97117647058923 192.15058823529375 215.99639928698633 226.30698752228207 201.47757575757555 245.08757575757647 224.83757575757562 243.82875222816398 241.77698752228193 292.3481639928703 273.3781639928711 264.0663992869879 221.28698752228115 216.0587522281637 198.74698752228258 219.36698752228278 236.01875222816392 264.36816399286874 302.55639928698866 302.48816399287045 260.91698752228234 150.5894117647067 185.1399999999999 233.43117647058853 209.12941176470684 209.31941176470573 213.74999999999994 225.7511764705887 250.5994117647082 213.13941176470598 211.4900000000004 205.38000000000127 187.4599999999986 220.4300000000003 208.80000000000004 298.060000000002 287.25000000000273 264.120000000003 283.82000000000113 322.4311764705893 374.76058823529604 411.6500000000034 340.6000000000007 268.16757575757515 302.71757575757573 341.76757575757574 345.75757575757575 345.75757575757575
779.7575757575758 779.7575757575758 779.7575757575758 755.4575757575758 616.1100000000001 682.2100000000002 774.25 638.8900000000011 715.6300000000007 729.45 667.4900000000009 734.9299999999989 718.2000000000004 723.8299999999991 749.1300000000007 686.0175757575736 664.9875757575762 614.8275757575772 600.2075757575768 552.567575757575 473.4875757575767 587.1075757575738 642.3775757575753 582.5775757575773 572.6075757575767 632.3375757575744 709.8775757575781 564.4875757575757 565.9575757575758 660.727575757575 715.6175757575736 698.4075757575748 677.3075757575764 600.6075757575766 403.7099999999997 496.6099999999982 514.9099999999999 643.4199999999998 608.7299999999966 427.469999999995 524.7000000000008 556.720000000001 670.8199999999987 601.5499999999956 525.6399999999987 529.7299999999934 536.2199999999987 426.1000000000008 440.2900000000045 398.08000000000277 445.2599999999961 598.0199999999976 649.7300000000001 666.2699999999992 646.6999999999986 524.540000000004 646.367575757576 739.2875757575758 764.8475757575758 779.7575757575758 779.7575757575758
80.73333333333335 80.73333333333335 80.73333333333335 78.33333333333334 64.61999999999996 85.42000000000002 76.7 79.03666666666666 75.88333333333331 86.47999999999999 78.23 86.54 88.62666666666667 87.65333333333332 82.30666666666667 73.37666666666662 71.34000000000002 72.46666666666665 70.64999999999996 67.47333333333333 68.08333333333321 71.48666666666668 69.19999999999976 68.11666666666672 76.06333333333336 73.35000000000001 70.20333333333335 69.48333333333333 69.18333333333332 68.70333333333328 73.93666666666658 76.48333333333333 76.43333333333335 77.18333333333328 41.69666666666664 58.19999999999929 63.439999999999216 62.459999999999404 64.37999999999833 67.15999999999981 63.589999999999996 66.14333333333333 72.57666666666668 74.05999999999997 76.52000000000002 85.16333333333333 84.56 72.09666666666664 64.42999999999864 62.30999999999853 61.979999999998014 58.62999999999933 56.19000000000008 56.363333333332854 58.54999999999965 53.676666666666506 72.69666666666667 80.10333333333335 80.10333333333335 80.73333333333335 80.73333333333335
10.775757575757575 10.775757575757575 10.775757575757575 10.775757575757574 7.350000000000006 6.35 2.9499999999999984 0.049999999999993605 5.95 2.5499999999999954 0.40000000000000213 0.45000000000000195 2.550000000000003 5.569999999999997 0.5800000000000001 1.9857575757575736 2.7757575757575825 2.1257575757575786 6.525757575757576 0.5957575757575921 1.295757575757581 0.1957575757575949 2.9957575757575707 1.945757575757571 2.5657575757575737 2.775757575757577 3.7457575757575716 0.15575757575758864 0.7257575757575809 5.225757575757577 4.415757575757575 9.215757575757577 7.025757575757584 4.925757575757577 2.550000000000006 2.8499999999999988 0.3000000000000087 1.940000000000018 2.1500000000000057 1.290000000000001 3.990000000000002 1.6000000000000023 0.6999999999999975 9.77 1.6799999999999997 0.849999999999995 2.350000000000003 0.8899999999999917 3.5599999999999996 0.6700000000000195 1.3200000000000225 5.4200000000000115 5.520000000000002 7.440000000000023 6.9500000000000055 3.2200000000000157 0.15575757575757798 4.3857575757575775 10.775757575757575 10.775757575757575 10.775757575757575
2.545454545454545 2.545454545454545 2.545454545454545 1.645454545454545 1.3599999999999999 0.5599999999999999 0.46000000000000296 0.7500000000000008 1.2400000000000118 1.2600000000000007 1.5400000000000107 0.1399999999999999 0.5599999999999999 0.6300000000000007 0.8400000000000006 0.4454545454545479 1.0754545454545488 1.0754545454545479 0.445454545454547 1.285454545454547 0.445454545454559 0.08545454545455189 0.35545454545455024 0.3554545454545529 1.285454545454554 0.17545454545455175 0.2054545454545499 0.5954545454545478 0.6554545454545514 1.1654545454545566 0.035454545454554065 0.035454545454549624 0.5454545454545467 0.5454545454545459 1.0600000000000045 0.6700000000000016 0.8500000000000009 6.661338147750939e-16 1.420000000000007 0.2599999999999999 0.67000000000001 0.7500000000000008 1.2400000000000242 0.5599999999999999 0.8400000000000006 0.28000000000000047 0.5100000000000006 2.220000000000004 1.0300000000000011 1.3300000000000018 2.73000000000001 0.5500000000000055 0.6100000000000126 1.1100000000000172 0.10000000000000275 0.4900000000000019 0.9854545454545461 1.915454545454558 1.915454545454545 2.545454545454545 2.545454545454545
8.515433299825174 8.515433299825174 8.515433299825174 8.515433299825167 6.859018850574712 7.390819425287345 5.956306093466415 6.1766179310344 7.110227586206566 7.108339653659849 8.243006007259307 7.741755172413672 6.033739770114828 5.125406406533576 6.1907685919540025 6.0284615245009014 5.756911321839045 4.556717241379277 4.389096034482748 4.015170086206866 4.379802049166808 5.9436557199031865 5.578753218390774 5.447532298850549 5.946186149425288 5.086060977011492 3.6686618965516997 6.120709195402208 6.349871494252818 6.996638448275824 7.404595057471116 7.1605801724136855 5.961418762855387 6.167536955535373 9.068248448275778 9.459433103448275 3.11540586206896 5.0030214367815535 4.125973908045973 4.059739310344823 4.091684482758594 5.3056257471264034 4.601263045976989 5.4443110344827215 5.341391551724109 5.685199310344799 3.4810698275861967 3.620584999999951 3.6795467241379187 4.45729224137928 6.298409310344752 5.32412931034477 6.415098275861998 7.160750574712577 7.949327413792952 5.6844484754990905 7.308536575687242 7.653364161894139 8.515433299825174 8.515433299825174 8.170605713618277
700.0 700.0 699.0 697.0 683.0 682.0 674.0 683.0 677.0 676.0 677.0 679.0 679.0 677.0 676.0 677.0 674.0 681.0 681.0 677.0 683.0 681.0 686.0 681.0 676.0 676.0 678.0 682.0 675.0 682.0 678.0 680.0 676.0 683.0 680.0 681.0 681.0 687.0 681.0 680.0 680.0 680.0 687.0 685.0 681.0 681.0 678.0 688.0 684.0 687.0 687.0 685.0 684.0 680.0 681.0 676.0 688.0 694.0 698.0 697.0 698.0

H cap
-4.199999999999989 -29.399999999999935 2.0999999999999677 -1.0499999999999385 17.84999999999995 8.399999999999977 -1.050000000000022 17.84999999999995 17.849999999999937 -10.500000000000133 36.74999999999993 11.549999999999997 20.999999999999915 5.2499999999999005 -4.2000000000000455 11.549999999999985 -7.350000000000037 -1.0499999999999972 -1.0500000000000114 30.449999999999932 77.69999999999995 74.55000000000001 27.29999999999997 46.199999999999974 36.749999999999986 5.249999999999973 49.34999999999994 61.94999999999996 20.999999999999986 49.349999999999994 102.89999999999999 93.44999999999999 5.249999999999988 -10.500000000000012 46.19999999999999 61.94999999999999 74.54999999999998 43.04999999999998 14.699999999999989 36.749999999999986 46.19999999999999 55.64999999999998 14.699999999999989 2.0999999999999943 65.1 39.89999999999999 17.849999999999994 55.64999999999999 17.849999999999994 -4.200000000000003 49.349999999999994 -16.799999999999997 24.14999999999999 131.25 131.25 131.25 131.25 131.25 131.25 131.25 131.25
45.30000000000004 34.950000000000024 29.55000000000016 20.550000000000207 7.050000000000124 15.150000000000226 27.30000000000012 27.300000000000185 15.150000000000034 7.9500000000001805 20.55000000000005 29.100000000000193 20.550000000000058 16.05000000000026 16.050000000000168 6.150000000000144 8.400000000000222 21.00000000000019 23.250000000000238 22.800000000000306 37.65000000000024 21.000000000000234 2.100000000000154 14.250000000000224 19.650000000000144 16.500000000000103 20.10000000000007 30.450000000000106 25.050000000000214 30.000000000000142 28.20000000000021 12.450000000000163 6.1500000000001025 6.6000000000000805 12.900000000000084 14.250000000000124 14.250000000000096 18.75000000000009 18.750000000000153 15.150000000000215 21.450000000000188 29.10000000000023 22.800000000000107 17.400000000000208 11.550000000000153 8.850000000000136 16.500000000000206 16.500000000000234 14.700000000000184 27.30000000000016 32.25000000000012 20.55000000000026 35.40000000000015 52.5 52.5 52.5 52.5 52.5 52.5 52.5 52.5
47.25000000000001 40.95000000000001 47.25000000000001 47.25000000000001 44.10000000000001 40.95000000000001 34.65000000000001 40.95000000000001 40.95000000000001 34.65000000000001 40.95000000000001 40.95000000000001 40.95000000000001 44.10000000000001 47.25000000000001 40.95000000000001 40.95000000000001 50.400000000000006 50.400000000000006 44.10000000000001 50.400000000000006 47.25000000000001 40.95000000000001 47.25000000000001 44.10000000000001 40.95000000000001 50.400000000000006 50.400000000000006 47.25000000000001 53.550000000000004 47.25000000000001 44.10000000000001 47.25000000000001 44.10000000000001 44.10000000000001 44.10000000000001 47.25000000000001 50.400000000000006 47.25000000000001 47.25000000000001 47.25000000000001 47.25000000000001 44.10000000000001 50.400000000000006 53.550000000000004 50.400000000000006 53.550000000000004 53.550000000000004 53.550000000000004 53.550000000000004 53.550000000000004 44.10000000000001 50.400000000000006 63.0 63.0 63.0 63.0 63.0 63.0 63.0 63.0
9.449999999999683 -5.4000000000001425 -1.2922996006636822e-13 0.4500000000000295 3.1500000000000195 0.4500000000001769 1.3500000000001218 -6.299999999999901 0.9000000000001229 -5.3999999999998245 -8.09999999999981 -27.44999999999983 4.049999999999997 0.4500000000001769 -1.3499999999998415 4.950000000000074 -0.44999999999988916 2.250000000000096 -4.050000000000079 -11.699999999999747 -17.099999999999646 2.2500000000001634 0.90000000000013 3.552713678800501e-13 2.5579538487363607e-13 6.300000000000134 3.979039320256561e-13 8.100000000000326 0.45000000000009654 2.3447910280083306e-13 13.0500000000001 13.050000000000171 3.6000000000001577 2.2737367544323206e-13 18.000000000000117 -1.3499999999999504 6.300000000000194 6.30000000000013 -0.8999999999997961 7.6500000000002615 1.318944953254686e-13 7.200000000000138 -0.8999999999996966 0.450000000000113 6.750000000000357 3.1500000000003356 9.45000000000026 0.9000000000003361 4.500000000000206 0.9000000000002366 0.9000000000000852 -9.449999999999848 26.54999999999997 78.75 78.75 78.75 78.75 78.75 78.75 78.75 78.75

Gap
NaN

Time
NaN

