T P M C
61 37 4 12

base obj
11.154738479910895

exp obj
10.346446016795916

Objective struct
11.154738479910895 0.0 7.921568627450979

num campaigns
394

x
0 0 0 0 1 0 0 0 1 0 0 0 1 0 0 0 0 1 0 0 0 0 1 0 0 0 0 0 1 0 0 1 0 0 1 0 0 1 0 0 1 0 0 0 1 0 0 0 0 0 1 0 0 1 0 0 0 0 0 0 0
0 0 0 0 0 0 0 0 0 0 0 0 0 0 0 0 0 0 1 0 0 0 0 0 0 1 0 0 0 0 0 0 0 0 0 0 1 0 0 0 0 0 0 0 0 0 0 0 0 0 0 1 0 0 0 0 0 0 0 0 0
0 0 0 0 0 0 0 1 0 0 0 1 0 0 0 0 0 1 0 0 0 0 1 0 0 0 1 0 0 0 1 0 0 0 0 1 0 0 0 1 0 0 0 1 0 0 0 1 0 0 0 0 1 0 0 0 0 0 0 0 0
0 0 0 0 0 0 0 0 1 1 0 1 1 1 1 0 1 1 1 0 1 0 1 0 0 0 0 0 0 0 0 0 0 0 0 0 0 0 0 0 0 0 0 0 0 0 0 0 0 0 0 0 0 0 0 0 0 0 0 0 0
0 0 0 0 0 0 1 1 1 1 1 0 1 1 1 1 0 0 0 1 1 1 0 1 1 0 1 1 0 0 0 0 0 0 0 0 1 0 0 0 0 0 0 0 0 0 0 0 0 0 0 0 0 0 0 0 0 0 0 0 0
0 0 0 0 0 0 0 0 0 0 1 0 0 0 0 0 1 0 0 0 0 0 0 1 0 0 0 0 0 0 0 1 0 0 0 0 0 0 0 0 0 1 0 0 0 0 1 0 0 0 0 0 0 0 0 0 0 0 0 0 0
0 0 0 0 0 1 0 1 1 0 1 1 1 1 1 1 1 1 0 1 0 0 0 0 0 0 0 0 0 0 0 0 0 0 0 0 0 0 0 0 0 0 0 0 0 0 0 0 0 0 0 0 0 0 0 0 0 0 0 0 0
0 0 0 0 1 0 0 0 0 0 0 0 0 0 0 0 0 0 0 0 0 1 0 0 0 0 0 0 0 0 0 0 0 0 0 0 0 0 1 0 0 0 0 0 0 0 0 0 0 0 0 0 0 0 0 1 0 0 0 0 0
0 0 0 0 0 0 0 0 0 0 0 0 0 0 1 0 0 0 0 0 0 0 0 0 0 0 0 0 0 0 0 0 0 0 0 0 0 0 0 0 0 0 0 0 0 0 0 0 0 0 0 0 0 1 0 0 0 0 0 0 0
0 0 0 0 0 0 0 0 0 0 0 0 0 0 0 0 0 0 0 0 0 0 0 0 0 0 0 0 1 0 1 0 0 0 0 0 0 0 0 1 0 1 0 0 0 0 1 0 1 0 0 0 0 0 0 0 0 0 0 0 0
0 0 0 0 0 0 1 0 0 0 0 0 0 0 0 1 0 0 0 0 0 0 0 0 1 0 0 0 0 0 0 0 0 1 0 0 0 0 0 0 0 0 0 1 0 0 0 0 0 0 0 0 0 0 0 0 0 0 0 0 0
0 0 0 0 0 0 1 0 0 0 0 0 0 0 0 0 0 0 0 1 0 0 0 0 0 0 0 0 0 0 0 0 1 0 0 0 0 0 0 0 0 0 0 0 0 1 0 0 0 0 0 0 0 0 0 0 0 0 0 0 0
0 0 0 0 0 0 0 0 0 0 0 0 0 0 0 0 0 0 0 0 0 1 0 0 0 0 0 0 0 0 0 0 0 0 0 0 0 0 0 0 0 0 0 0 0 0 0 0 0 0 0 0 0 0 0 1 0 0 0 0 0
0 0 0 0 0 0 0 0 1 0 0 0 0 1 0 0 0 0 1 0 0 0 0 0 0 0 0 1 0 0 0 0 1 0 0 0 0 1 0 0 0 0 1 0 0 0 0 0 1 0 0 0 0 0 1 0 0 0 0 0 0
0 0 0 0 0 0 0 0 0 0 1 0 0 0 0 0 0 0 0 0 0 0 0 0 1 0 0 0 0 0 0 0 0 0 0 0 0 0 0 0 0 0 0 0 0 0 0 0 0 0 0 0 0 0 0 0 0 0 0 0 0
0 0 0 0 0 0 0 0 0 0 0 0 0 0 0 0 0 0 0 0 0 0 0 0 0 0 0 0 0 0 0 0 0 0 0 0 0 0 0 0 0 0 0 0 0 0 0 1 0 0 0 0 0 0 0 0 0 0 0 0 0
0 0 0 0 0 0 0 0 0 0 0 0 0 1 0 0 0 0 0 0 0 0 0 0 0 0 0 0 0 0 1 0 0 0 0 0 0 0 0 0 0 0 0 0 0 0 0 0 0 0 1 0 0 0 0 0 0 0 0 0 0
0 0 0 0 1 0 0 0 0 0 0 0 0 0 0 0 0 0 0 0 0 0 0 0 0 0 0 0 0 1 0 0 0 0 0 0 0 0 0 0 0 0 0 0 0 0 0 0 0 0 0 0 0 0 0 1 0 0 0 0 0
0 0 0 0 0 0 1 0 1 0 0 0 1 0 1 0 1 0 1 0 1 0 1 0 1 0 1 0 0 1 0 0 1 0 1 0 1 0 0 1 0 1 0 1 0 1 0 1 0 1 0 1 0 1 0 1 0 0 0 0 0
0 0 0 0 0 1 0 0 0 0 0 0 0 0 0 0 0 0 0 0 0 0 0 0 0 0 0 0 0 0 0 0 0 0 0 0 0 0 0 0 0 0 0 0 0 0 0 0 0 0 0 0 0 0 0 1 0 0 0 0 0
0 0 0 0 0 0 1 0 0 1 0 0 1 0 0 1 0 0 0 1 0 0 0 1 0 0 1 0 0 1 0 0 0 0 0 0 0 1 0 0 1 0 0 0 0 1 0 0 1 0 0 0 0 0 0 0 0 0 0 0 0
0 0 0 0 0 0 0 0 0 0 0 0 0 0 0 0 0 0 0 0 0 0 0 0 0 0 0 0 0 0 0 0 0 0 0 0 0 0 0 0 0 0 0 0 0 0 0 0 0 0 0 0 0 0 0 0 0 0 0 0 0
0 0 0 0 0 0 1 0 0 0 0 0 0 0 0 0 0 0 0 1 0 0 0 0 0 0 0 0 0 0 0 0 0 1 0 0 0 0 0 0 0 0 0 0 0 0 0 0 0 1 0 0 0 0 0 0 0 0 0 0 0
0 0 0 0 0 0 0 0 0 0 0 1 0 0 0 0 0 0 0 0 1 0 0 0 0 0 0 0 0 1 0 0 0 0 0 0 0 0 0 1 0 0 0 0 0 1 0 0 0 0 0 0 0 1 0 0 0 0 0 0 0
0 0 0 0 1 0 0 0 0 0 0 0 0 0 0 1 0 0 0 0 0 0 0 0 0 0 1 0 0 0 0 0 0 0 0 1 0 0 0 0 0 0 0 1 0 0 0 0 0 0 0 1 0 0 0 0 0 0 0 0 0
0 0 0 0 0 1 0 0 0 1 0 0 0 0 0 1 0 0 0 0 1 0 0 0 1 0 0 0 1 0 0 0 1 0 0 0 1 0 0 0 0 0 0 0 0 0 0 0 0 0 0 0 0 0 0 0 0 0 0 0 0
0 0 0 0 1 0 0 0 0 1 0 0 0 0 0 1 0 0 0 0 1 0 0 0 0 1 0 0 0 0 0 0 0 1 0 0 0 0 1 0 0 0 0 0 0 0 1 0 0 0 0 0 1 0 0 0 0 0 0 0 0
0 0 0 0 0 0 1 0 0 0 0 0 0 0 0 0 0 0 0 0 0 0 0 0 0 0 0 0 0 0 0 0 0 0 0 0 0 0 0 0 0 0 0 0 0 0 0 0 0 0 0 0 0 0 0 1 0 0 0 0 0
0 0 0 0 0 0 0 0 0 0 0 0 0 0 0 0 0 0 0 0 0 0 0 0 0 0 0 0 0 0 0 0 0 0 0 0 0 0 0 0 0 1 0 0 1 0 0 0 0 0 0 0 0 0 0 0 0 0 0 0 0
0 0 0 0 0 0 1 1 1 1 0 0 1 1 1 1 1 1 1 1 0 1 1 1 1 1 1 1 1 1 1 1 1 1 1 1 1 1 1 1 1 1 1 0 1 1 0 1 1 1 1 1 1 1 1 1 0 0 0 0 0
0 0 0 0 0 0 1 1 1 1 0 0 0 1 1 0 1 1 1 0 0 1 1 1 1 1 0 1 1 1 1 1 1 1 1 1 1 1 1 1 0 1 1 0 0 1 1 1 1 1 0 0 1 1 1 1 0 0 0 0 0
0 0 0 0 0 0 1 1 1 1 0 0 1 1 1 0 1 1 1 0 1 1 1 1 1 1 0 1 1 1 1 0 1 1 1 1 1 1 1 1 1 1 1 0 0 0 1 1 1 1 0 1 1 1 1 1 0 0 0 0 0
0 0 0 0 0 0 1 1 0 0 0 0 0 0 1 0 1 0 0 1 1 1 1 1 1 1 1 0 1 1 0 0 0 0 1 0 1 1 1 1 1 0 1 0 0 1 0 1 1 1 0 0 0 1 1 1 0 0 0 0 0
0 0 0 0 0 0 1 1 1 1 0 0 0 0 1 0 0 1 0 0 1 1 1 1 1 1 0 1 1 1 1 0 0 1 1 1 1 1 1 1 1 1 1 1 0 1 1 1 1 1 0 1 1 1 1 1 0 0 0 0 0
0 0 0 0 0 0 1 1 1 0 0 0 0 0 0 0 0 1 0 0 0 0 0 1 0 0 0 0 1 1 0 0 0 0 0 0 1 1 0 1 0 0 0 0 0 0 0 0 1 1 0 0 1 0 1 1 0 0 0 0 0
0 0 0 0 0 0 0 0 0 0 0 0 0 0 0 0 0 0 0 0 0 0 0 0 0 0 0 0 0 0 0 0 0 0 0 0 0 0 0 0 0 0 0 0 0 0 0 1 0 1 0 0 0 0 0 0 0 0 0 0 0
0 0 0 0 0 0 0 0 0 0 0 0 0 0 0 0 0 0 0 0 0 0 0 0 0 0 0 0 0 0 0 0 0 0 0 0 0 0 0 0 0 0 0 0 0 0 0 0 0 0 0 0 0 0 0 0 0 0 0 0 0

y
0.0 2.3636363636363633 0.0 0.0 0.0 0.3636363636363633 0.0 0.0 0.0 0.1785714285714286 0.0 0.0 29.363636363636363 0.0 5.5 0.0 6.800000000000001 0.0 0.0 0.0 0.0 0.0 0.0 0.33333333333333304 0.0 0.0 0.0 0.0 0.4500000000000002 0.0 0.0 0.0 0.5048543689320388 0.0 0.0 1.0 0.0

k
0 8 2 0 0 6 0 0 0 23 0 0 10 2 5 0 3 0 2 0 0 6 0 4 0 0 1 0 19 7 14 12 76 15 37 50 6

f
19.95000000000003 38.84999999999991 0.0 7.350000000000003 0.0 0.0 10.500000000000101 4.200000000000056 1.0500000000000398 1.0500000000001393 0.0 1.0500000000001304 0.0 4.200000000000072 0.0 0.0 0.0 0.0 1.0500000000000256 0.0 0.0 0.0 0.0 0.0 0.0 0.0 0.0 0.0 0.0 0.0 0.0 0.0 0.0 0.0 0.0 0.0 0.0 0.0 0.0 0.0 0.0 0.0 0.0 0.0 0.0 0.0 0.0 0.0 0.0 0.0 0.0 0.0 0.0 0.0 0.0 0.0 0.0 0.0 0.0 0.0 0.0
0.0 0.0 0.0 0.0 0.0 0.0 0.0 0.0 0.0 0.0 0.0 0.0 0.0 0.0 0.0 0.0 0.0 0.0 0.0 0.0 0.0 0.0 0.0 0.0 0.0 0.0 0.0 0.0 0.0 0.0 0.0 0.0 0.0 0.0 0.0 0.0 0.0 0.0 0.0 0.0 0.0 0.0 0.0 0.0 0.0 0.0 0.0 0.0 0.0 0.0 0.0 0.0 0.0 0.0 0.0 0.0 0.0 0.0 0.0 0.0 0.0
0.0 0.0 0.0 0.0 0.0 0.0 0.0 0.0 0.0 0.0 0.0 0.0 0.0 0.0 0.0 0.0 0.0 0.0 0.0 0.0 0.0 0.0 0.0 0.0 0.0 0.0 0.0 0.0 0.0 0.0 0.0 0.0 0.0 0.0 0.0 0.0 0.0 0.0 0.0 0.0 0.0 0.0 0.0 0.0 0.0 0.0 0.0 0.0 0.0 0.0 0.0 0.0 0.0 0.0 0.0 0.0 0.0 0.0 0.0 0.0 0.0
0.0 10.350000000000145 0.0 0.0 0.0 2.6999999999998807 0.8999999999999844 10.799999999999716 0.0 3.149999999999913 0.0 0.0 9.89999999999982 0.0 1.34999999999981 5.399999999999746 13.499999999999858 0.0 0.0 0.0 1.7999999999998537 0.0 0.0 1.7999999999998848 0.0 0.44999999999982565 0.0 4.049999999999891 0.899999999999809 2.6999999999997955 0.0 0.8999999999998622 0.0 0.0 0.0 0.0 0.0 1.7999999999998018 0.0 0.0 10.349999999999676 0.0 1.3499999999996706 1.3499999999997243 0.0 0.0 0.0 9.899999999999737 0.0 1.3499999999997385 3.1499999999997343 0.0 0.0 0.0 0.0 0.0 0.0 0.0 0.0 0.0 0.0

L
3 7 4 1 1 5 1 17 39 2 9 13 34 5 14 0 17 25 2 50 3 0 13 6 8 4 5 49 3 1 1 1 1 1 1 2 0

g
0 0 0 0 0 0 0 0 0 0 0 0 0 0 0 0 0 0 0 0 0 0 0 0 0 0 0 0 0 0 0 0 0 0 0 0 0 0 0 0 0 0 0 0 0 0 0 0 0 0 0 0 0 0 0 0 0 0 0 0 0
0 0 0 0 0 0 0 0 0 0 0 0 0 0 0 0 0 0 0 0 0 0 0 0 0 0 0 0 0 0 0 0 0 0 0 0 0 0 0 0 0 0 0 0 0 0 0 0 0 0 0 0 0 0 0 0 0 0 0 0 0
0 0 0 0 0 0 0 0 0 0 0 0 0 0 0 0 0 0 0 0 0 0 0 0 0 0 0 0 0 0 0 0 0 0 0 0 0 0 0 0 0 0 0 0 0 0 0 0 0 0 0 0 0 0 0 0 0 0 0 0 0
0 0 0 0 0 0 0 0 0 0 0 0 0 0 0 0 0 0 0 0 0 0 0 0 0 0 0 0 0 0 0 0 0 0 0 0 0 0 0 0 0 0 0 0 0 0 0 0 0 0 0 0 0 0 0 0 0 0 0 0 0
0 0 0 0 0 0 0 0 0 0 0 0 0 0 0 0 0 0 0 0 0 0 0 0 0 0 0 0 0 0 0 0 0 0 0 0 0 0 0 0 0 0 0 0 0 0 0 0 0 0 0 0 0 0 0 0 0 0 0 0 0
0 0 0 0 0 0 0 0 0 0 0 0 0 0 0 0 0 0 0 0 0 0 0 0 0 0 0 0 0 0 0 0 0 0 0 0 0 0 0 0 0 0 0 0 0 0 0 0 0 0 0 0 0 0 0 0 0 0 0 0 0
0 0 0 0 0 0 0 0 0 0 0 0 0 0 0 0 0 0 0 0 0 0 0 0 0 0 0 0 0 0 0 0 0 0 0 0 0 0 0 0 0 0 0 0 0 0 0 0 0 0 0 0 0 0 0 0 0 0 0 0 0
0 0 0 0 0 0 0 0 0 0 0 0 0 0 0 0 0 0 0 0 0 0 0 0 0 0 0 0 0 0 0 0 0 0 0 0 0 0 0 0 0 0 0 0 0 0 0 0 0 0 0 0 0 0 0 0 0 0 0 0 0
0 0 0 0 0 0 0 0 0 0 0 0 0 0 0 0 0 0 0 0 0 0 0 0 0 0 0 0 0 0 0 0 0 0 0 0 0 0 0 0 0 0 0 0 0 0 0 0 0 0 0 0 0 0 0 0 0 0 0 0 0
0 0 0 0 0 0 0 0 0 0 0 0 0 0 0 0 0 0 0 0 0 0 0 0 0 0 0 0 0 0 0 0 0 0 0 0 0 0 0 0 0 0 0 0 0 0 0 0 0 0 0 0 0 0 0 0 0 0 0 0 0
0 0 0 0 0 0 0 0 0 0 0 0 0 0 0 0 0 0 0 0 0 0 0 0 0 0 0 0 0 0 0 0 0 0 0 0 0 0 0 0 0 0 0 0 0 0 0 0 0 0 0 0 0 0 0 0 0 0 0 0 0
0 0 0 0 0 0 0 0 0 0 0 0 0 0 0 0 0 0 0 0 0 0 0 0 0 0 0 0 0 0 0 0 0 0 0 0 0 0 0 0 0 0 0 0 0 0 0 0 0 0 0 0 0 0 0 0 0 0 0 0 0
0 0 0 0 0 0 0 0 0 0 0 0 0 0 0 0 0 0 0 0 0 0 0 0 0 0 0 0 0 0 0 0 0 0 0 0 0 0 0 0 0 0 0 0 0 0 0 0 0 0 0 0 0 0 0 0 0 0 0 0 0
0 0 0 0 0 0 0 0 0 0 0 0 0 0 0 0 0 0 0 0 0 0 0 0 0 0 0 0 0 0 0 0 0 0 0 0 0 0 0 0 0 0 0 0 0 0 0 0 0 0 0 0 0 0 0 0 0 0 0 0 0
0 0 0 0 0 0 0 0 0 0 0 0 0 0 0 0 0 0 0 0 0 0 0 0 0 0 0 0 0 0 0 0 0 0 0 0 0 0 0 0 0 0 0 0 0 0 0 0 0 0 0 0 0 0 0 0 0 0 0 0 0
0 0 0 0 0 0 0 0 0 0 0 0 0 0 0 0 0 0 0 0 0 0 0 0 0 0 0 0 0 0 0 0 0 0 0 0 0 0 0 0 0 0 0 0 0 0 0 0 0 0 0 0 0 0 0 0 0 0 0 0 0
0 0 0 0 0 0 0 0 0 0 0 0 0 0 0 0 0 0 0 0 0 0 0 0 0 0 0 0 0 0 0 0 0 0 0 0 0 0 0 0 0 0 0 0 0 0 0 0 0 0 0 0 0 0 0 0 0 0 0 0 0
0 0 0 0 0 0 0 0 0 0 0 0 0 0 0 0 0 0 0 0 0 0 0 0 0 0 0 0 0 0 0 0 0 0 0 0 0 0 0 0 0 0 0 0 0 0 0 0 0 0 0 0 0 0 0 0 0 0 0 0 0
0 0 0 0 0 0 0 0 0 0 0 0 0 0 0 0 0 0 0 0 0 0 0 0 0 0 0 0 0 0 0 0 0 0 0 0 0 0 0 0 0 0 0 0 0 0 0 0 0 0 0 0 0 0 0 0 0 0 0 0 0
0 0 0 0 0 0 0 0 0 0 0 0 0 0 0 0 0 0 0 0 0 0 0 0 0 0 0 0 0 0 0 0 0 0 0 0 0 0 0 0 0 0 0 0 0 0 0 0 0 0 0 0 0 0 0 0 0 0 0 0 0
0 0 0 0 0 0 0 0 0 0 0 0 0 0 0 0 0 0 0 0 0 0 0 0 0 0 0 0 0 0 0 0 0 0 0 0 0 0 0 0 0 0 0 0 0 0 0 0 0 0 0 0 0 0 0 0 0 0 0 0 0
0 0 0 0 0 0 0 0 0 0 0 0 0 0 0 0 0 0 0 0 0 0 0 0 0 0 0 0 0 0 0 0 0 0 0 0 0 0 0 0 0 0 0 0 0 0 0 0 0 0 0 0 0 0 0 0 0 0 0 0 0
0 0 0 0 0 0 0 0 0 0 0 0 0 0 0 0 0 0 0 0 0 0 0 0 0 0 0 0 0 0 0 0 0 0 0 0 0 0 0 0 0 0 0 0 0 0 0 0 0 0 0 0 0 0 0 0 0 0 0 0 0
0 0 0 0 0 0 0 0 0 0 0 0 0 0 0 0 0 0 0 0 0 0 0 0 0 0 0 0 0 0 0 0 0 0 0 0 0 0 0 0 0 0 0 0 0 0 0 0 0 0 0 0 0 0 0 0 0 0 0 0 0
0 0 0 0 0 0 0 0 0 0 0 0 0 0 0 0 0 0 0 0 0 0 0 0 0 0 0 0 0 0 0 0 0 0 0 0 0 0 0 0 0 0 0 0 0 0 0 0 0 0 0 0 0 0 0 0 0 0 0 0 0
0 0 0 0 0 0 0 0 0 0 0 0 0 0 0 0 0 0 0 0 0 0 0 0 0 0 0 0 0 0 0 0 0 0 0 0 0 0 0 0 0 0 0 0 0 0 0 0 0 0 0 0 0 0 0 0 0 0 0 0 0
0 0 0 0 0 0 0 0 0 0 0 0 0 0 0 0 0 0 0 0 0 0 0 0 0 0 0 0 0 0 0 0 0 0 0 0 0 0 0 0 0 0 0 0 0 0 0 0 0 0 0 0 0 0 0 0 0 0 0 0 0
0 0 0 0 0 0 0 0 0 0 0 0 0 0 0 0 0 0 0 0 0 0 0 0 0 0 0 0 0 0 0 0 0 0 0 0 0 0 0 0 0 0 0 0 0 0 0 0 0 0 0 0 0 0 0 0 0 0 0 0 0
0 0 0 0 0 0 0 0 0 0 0 0 0 0 0 0 0 0 0 0 0 0 0 0 0 0 0 0 0 0 0 0 0 0 0 0 0 0 0 0 0 0 0 0 0 0 0 0 0 0 0 0 0 0 0 0 0 0 0 0 0
0 0 0 0 0 0 0 0 0 0 0 0 0 0 0 0 0 0 0 0 0 0 0 0 0 0 0 0 0 0 0 0 0 0 0 0 0 0 0 0 0 0 0 0 0 0 0 0 0 0 0 0 0 0 0 0 0 0 0 0 0
0 0 0 0 0 0 0 0 0 0 0 0 0 0 0 0 0 0 0 0 0 0 0 0 0 0 0 0 0 0 0 0 0 0 0 0 0 0 0 0 0 0 0 0 0 0 0 0 0 0 0 0 0 0 0 0 0 0 0 0 0
0 0 0 0 0 0 0 0 0 0 0 0 0 0 0 0 0 0 0 0 0 0 0 0 0 0 0 0 0 0 0 0 0 0 0 0 0 0 0 0 0 0 0 0 0 0 0 0 0 0 0 0 0 0 0 0 0 0 0 0 0
0 0 0 0 0 0 0 0 0 0 0 0 0 0 0 0 0 0 0 0 0 0 0 0 0 0 0 0 0 0 0 0 0 0 0 0 0 0 0 0 0 0 0 0 0 0 0 0 0 0 0 0 0 0 0 0 0 0 0 0 0
0 0 0 0 0 0 0 0 0 0 0 0 0 0 0 0 0 0 0 0 0 0 0 0 0 0 0 0 0 0 0 0 0 0 0 0 0 0 0 0 0 0 0 0 0 0 0 0 0 0 0 0 0 0 0 0 0 0 0 0 0
0 0 0 0 0 0 0 0 0 0 0 0 0 0 0 0 0 0 0 0 0 0 0 0 0 0 0 0 0 0 0 0 0 0 0 0 0 0 0 0 0 0 0 0 0 0 0 0 0 0 0 0 0 0 0 0 0 0 0 0 0
0 0 0 0 0 0 0 0 0 0 0 0 0 0 0 0 0 0 0 0 0 0 0 0 0 0 0 0 0 0 0 0 0 0 0 0 0 0 0 0 0 0 0 0 0 0 0 0 0 0 0 0 0 0 0 0 0 0 0 0 0
0 0 0 0 0 0 0 0 0 0 0 0 0 0 0 0 0 0 0 0 0 0 0 0 0 0 0 0 0 0 0 0 0 0 0 0 0 0 0 0 0 0 0 0 0 0 0 0 0 0 0 0 0 0 0 0 0 0 0 0 0

I cap
1058.909090909091 1058.909090909091 939.3490909091001 918.949090909111 1012.1600000000053 760.3999999999915 771.7800000000141 718.5200000000048 310.4000000000063 307.460000000008 256.52000000000083 171.46000000000384 387.0400000000091 419.2800000000073 588.4799999999923 348.9290909090995 261.2690909090981 285.54909090910553 528.6090909090915 606.6490909090958 292.28909090909855 517.9490909091062 288.1690909091037 452.7490909090864 396.30909090907517 395.78909090911384 459.00909090911625 614.5690909090915 569.2690909090819 634.6090909090999 666.0890909091054 584.4890909090846 547.5490909090977 588.9290909091164 253.26000000000136 326.59999999999786 183.88000000000216 359.60000000000684 420.9999999999975 602.680000000013 485.2000000000146 520.7399999999848 674.7200000000362 629.6200000000231 729.8199999999729 703.0599999999763 621.4200000000217 726.4800000000405 725.9000000000556 785.1200000000131 839.5599999999781 682.9999999999998 721.5800000000318 736.6000000000411 995.3600000000428 1130.3400000000042 792.4490909090828 914.5090909091105 1023.909090909091 1058.909090909091 1058.909090909091
107.96969696969697 107.96969696969697 67.52969696969697 67.52969696969697 74.43999999999994 67.39999999999998 1.2200000000001978 1.4799999999998468 23.60000000000032 87.54000000000006 95.48000000000013 67.53999999999998 68.95999999999995 44.719999999999885 58.519999999999925 41.9496969696971 26.609696969696827 23.32969696969684 73.26969696969695 2.229696969697322 9.589696969697322 0.9296969696970336 2.7096969696970064 28.12969696969705 20.56969696969672 61.08969696969683 57.86969696969728 91.30969696969687 61.60969696969687 64.26969696969698 62.7896969696973 55.38969696969684 33.32969696969685 34.94969696969706 13.740000000000464 45.40000000000009 30.12000000000002 30.400000000001327 16.000000000002302 12.319999999999867 25.800000000001027 18.260000000000176 59.2800000000001 67.37999999999995 68.1799999999998 8.939999999999793 33.579999999999586 41.51999999999981 68.09999999999982 67.87999999999987 107.43999999999991 103.99999999999989 67.41999999999986 8.999999999999943 33.23999999999983 24.460000000000917 26.429696969697133 46.36969696969689 72.96969696969697 107.96969696969697 107.96969696969697
38.96666666666666 38.96666666666666 38.96666666666666 1.3583333333333272 6.49166666666666 13.191666666666666 6.95833333333333 16.833333333333336 11.233333333333341 17.53333333333334 9.133333333333333 14.733333333333336 2.833333333333334 14.73333333333334 2.833333333333334 17.300000000000004 10.300000000000004 17.299999999999997 24.96666666666667 17.300000000000004 10.299999999999995 17.299999999999997 24.96666666666667 17.300000000000004 10.300000000000002 17.300000000000004 10.300000000000002 17.300000000000004 4.625000000000005 4.625000000000005 4.625000000000005 4.625000000000005 31.96666666666667 31.96666666666667 9.8 11.899999999999999 4.199999999999999 1.4333333333333353 5.633333333333331 9.133333333333331 16.133333333333333 11.23333333333334 25.233333333333356 32.20000000000001 36.40000000000002 12.633333333333331 23.833333333333364 22.433333333333366 23.133333333333333 17.53333333333334 27.333333333333407 35.000000000000014 45.50000000000004 10.06666666666668 6.491666666666664 9.69166666666667 19.29166666666666 19.29166666666666 38.96666666666666 38.96666666666666 38.96666666666666
45.24545454545453 45.24545454545453 43.14545454545453 43.14545454545453 31.770000000000195 33.440000000000374 25.42000000000077 27.160000000001453 20.860000000000195 30.460000000000296 37.88000000000031 19.860000000000106 14.48000000000015 12.530000000000154 13.310000000000112 28.925454545454798 23.075454545454907 21.63545454545502 23.525454545454814 30.57545454545533 30.825454545455123 26.855454545454695 21.785454545455114 23.905454545455328 25.915454545457038 29.735454545454996 25.345454545454988 25.775454545454966 26.18545454545506 28.005454545455088 25.765454545455043 21.24545454545509 25.595454545455112 28.405454545454955 23.750000000000238 17.840000000000035 18.47000000000013 19.27000000000017 25.900000000000198 32.65000000000034 17.39000000000022 25.350000000001806 41.54000000000014 36.46000000000047 30.080000000000506 36.5100000000003 29.59000000000027 19.470000000000354 20.720000000000255 30.770000000000284 42.42000000000002 42.13000000000008 37.949999999999974 30.860000000000422 27.08000000000074 38.48000000000011 42.64545454545453 43.40545454545453 43.91545454545453 45.24545454545453 45.24545454545453
20.999999999999993 20.999999999999993 20.159999999999993 20.159999999999993 13.609999999999982 22.539999999999964 16.28999999999994 12.249999999999913 4.079999999999934 5.589999999999986 16.099999999999937 14.309999999999947 15.719999999999953 15.199999999999973 10.509999999999962 13.599999999999973 10.169999999999975 8.299999999999988 4.619999999999935 9.829999999999936 13.719999999999931 15.799999999999761 8.309999999999944 5.7500000000000195 7.199999999999946 10.449999999999964 10.769999999999996 10.730000000000006 10.349999999999971 9.52000000000006 7.210000000000003 4.880000000000011 6.8299999999999965 9.759999999999978 9.69000000000004 10.929999999999971 6.1899999999999835 6.799999999999972 9.299999999999878 4.480000000000022 2.2299999999998934 8.49999999999994 11.600000000000007 13.710000000000036 13.020000000000053 13.329999999999995 10.989999999999958 6.700000000000078 8.900000000000002 5.78000000000003 13.31999999999999 16.809999999999977 13.200000000000035 7.240000000000139 6.729999999999885 9.689999999999886 14.159999999999997 17.369999999999997 20.429999999999993 20.999999999999993 20.999999999999993
345.75757575757575 345.75757575757575 341.76757575757574 341.76757575757574 243.18 234.73882352941212 236.54941176470612 205.65000000000012 207.63999999999996 231.95117647058814 231.29058823529456 211.9088235294122 245.16941176470658 198.46000000000035 199.45117647058916 231.75698752228055 257.6969875222813 218.3275757575754 273.2887522281643 275.03698752228183 261.31698752228243 227.81757575757598 194.76757575757574 225.04757575757705 230.05757575757818 266.7587522281634 240.8369875222793 239.76698752228197 226.99757575757673 222.47757575757603 231.4287522281641 171.86698752228173 233.55698752228153 247.2775757575757 134.6900000000009 169.18000000000006 206.52999999999955 222.4300000000001 226.30000000000027 186.57999999999944 161.48000000000104 240.24000000000382 211.9911764705887 325.12058823529503 330.4400000000017 227.36882352941132 226.9694117647078 181.67 242.20000000000334 305.11117647059086 304.2194117647095 250.06941176470735 244.21000000000296 297.5600000000045 313.3100000000021 321.0011764705888 300.7381639928698 332.80757575757576 345.75757575757575 345.75757575757575 345.75757575757575
779.7575757575758 779.7575757575758 747.8375757575758 747.8375757575758 614.3499999999993 636.5600000000004 643.6400000000002 669.51 764.6299999999997 760.2599999999986 714.3499999999997 670.9399999999997 713.5900000000001 607.6899999999983 671.2799999999994 607.0475757575753 549.1975757575768 570.3075757575759 523.0175757575757 488.28757575757646 498.6375757575763 529.1675757575721 426.607575757575 442.48757575757793 476.817575757575 545.5475757575734 562.8075757575738 561.6775757575754 566.3075757575726 681.1375757575729 679.4475757575783 578.2675757575739 612.607575757573 607.3675757575746 454.2400000000023 520.5699999999985 548.74 597.86 558.6899999999862 434.7999999999969 494.89000000001016 523.8499999999997 618.4699999999984 611.109999999996 493.6099999999986 490.15 484.65999999999826 389.1999999999942 420.8999999999963 535.8399999999973 701.6999999999997 652.9799999999987 503.32999999999845 437.09000000000066 501.03999999999905 538.9599999999995 717.3375757575757 740.1775757575757 764.3675757575758 779.7575757575758 779.7575757575758
80.73333333333335 80.73333333333335 79.26333333333335 79.26333333333335 67.3799999999999 87.92 73.79666666666667 75.00999999999999 72.47999999999999 80.74999999999999 76.27333333333334 83.63000000000001 91.24000000000001 88.64999999999998 78.89666666666666 72.56666666666648 71.78333333333329 69.34999999999985 69.30666666666667 71.98333333333319 70.24 68.46333333333335 66.84333333333332 64.93333333333332 67.33333333333333 70.10333333333321 71.82666666666667 72.45000000000005 68.49333333333328 69.57333333333332 68.07333333333334 67.58666666666659 71.28333333333302 70.57999999999959 34.67000000000009 58.11999999999868 65.3799999999994 63.5799999999995 65.34999999999663 66.29999999999947 64.57999999999946 65.69999999999999 71.45000000000002 75.63 80.67333333333335 82.84666666666665 72.12000000000002 65.80999999999985 63.55999999999938 62.36999999999938 70.79333333333265 65.4966666666659 55.23000000000014 50.829999999999146 53.569999999999474 53.77 75.99666666666668 79.89333333333335 79.97333333333334 80.73333333333335 80.73333333333335
10.775757575757575 10.775757575757575 9.725757575757576 9.725757575757575 4.6500000000000075 3.95 0.05000000000000426 2.1499999999999844 0.16999999999999726 0.26999999999999824 0.2699999999999898 2.070000000000011 6.87 2.1599999999999966 0.5800000000000001 1.9857575757575776 5.975757575757583 1.5157575757575754 7.225757575757577 9.215757575757573 6.815757575757582 4.625757575757623 1.295757575757573 2.895757575757573 1.035757575757567 3.9957575757575783 1.8357575757575724 2.0557575757575774 7.575757575757568 4.775757575757581 3.7457575757575787 0.15575757575756732 4.38575757575757 8.375757575757579 3.5999999999999988 0.9400000000000002 1.300000000000005 0.8400000000000167 0.6400000000000206 0.7500000000000036 1.8499999999999996 3.450000000000001 0.7000000000000046 14.000000000000004 9.299999999999994 0.699999999999994 5.300000000000008 2.2000000000000064 0.050000000000003375 2.7499999999999956 3.610000000000001 1.9300000000000086 0.8000000000000029 2.740000000000032 2.1500000000000092 3.850000000000042 6.925757575757577 9.725757575757576 9.825757575757576 10.775757575757575 10.775757575757575
2.545454545454545 2.545454545454545 1.915454545454545 1.915454545454545 1.96 0.5599999999999999 0.5500000000000232 0.12000000000000077 1.240000000000017 1.2600000000000007 1.5400000000000356 0.1399999999999999 0.5599999999999999 0.3600000000000002 0.030000000000000693 0.4454545454545492 1.1954545454545529 0.4454545454545479 0.9554545454545512 0.4154545454545512 0.05545454545455475 0.08545454545455322 0.20545454545455177 0.595454545454561 0.6554545454545523 1.1654545454545495 1.4054545454545484 1.4054545454545555 1.7054545454545602 1.0754545454545492 1.285454545454555 1.075454545454558 0.08545454545454967 0.5654545454545502 0.6100000000000175 0.07000000000000406 0.7900000000000226 0.12000000000000033 0.8200000000000064 0.1399999999999999 1.3300000000000018 1.2600000000000007 1.5400000000000045 0.1399999999999999 1.2600000000000007 0.9700000000000303 0.7500000000000008 0.8500000000000137 0.16999999999999993 0.1700000000000026 0.10000000000001585 0.5800000000000111 0.1300000000000059 0.7800000000000157 1.120000000000001 0.3400000000000063 0.41545454545454763 1.4354545454545493 2.545454545454545 2.545454545454545 2.545454545454545
8.515433299825174 8.515433299825174 8.515433299825174 8.515433299825162 6.400398333333331 6.654279800362956 4.9687077873563155 5.917997241379226 6.851606724137631 6.706040630671398 8.15310885057439 8.068433938293813 6.37856752873551 5.107257586206869 4.614331810344805 4.719598850574707 5.843118218390799 5.0739586206896465 4.027027068965526 5.1080317226255305 4.953274523455978 4.949160862068943 4.508638103448261 4.26592327586205 4.056531149425284 4.184911551724183 3.5347536781609437 6.936800977011295 5.981480862068812 5.634569655172345 7.536779137930754 7.240465229884866 6.115683908045974 5.52476623563218 9.475719712643404 9.545639827586205 4.041267931034484 5.278308965517227 4.442065862068959 4.249394482758631 4.545132586206893 4.903326896551677 5.188952096188698 6.431909340592847 4.577598620689624 5.7964517513611 4.272691122202191 4.49299862068964 3.876098448275842 4.024533793103414 6.8713979885056995 5.673554597701072 5.354753275862003 4.9687963793102945 7.399327241379199 4.472379509981847 7.452214736606779 8.515433127411375 8.515433299825174 8.515433299825174 8.170605713618277
700.0 700.0 700.0 696.0 685.0 683.0 677.0 683.0 677.0 679.0 681.0 680.0 681.0 676.0 679.0 669.0 679.0 678.0 680.0 681.0 675.0 674.0 680.0 681.0 685.0 685.0 676.0 681.0 676.0 681.0 681.0 685.0 684.0 680.0 681.0 679.0 679.0 678.0 685.0 682.0 687.0 685.0 687.0 684.0 682.0 681.0 679.0 683.0 684.0 684.0 682.0 677.0 682.0 678.0 684.0 677.0 690.0 695.0 700.0 697.0 695.0

H cap
-19.95000000000003 -38.84999999999991 2.0999999999999908 -7.350000000000003 17.849999999999966 2.09999999999995 -10.500000000000101 -4.200000000000056 -1.0500000000000398 -1.0500000000001393 24.149999999999935 -1.0500000000001304 8.39999999999995 -4.200000000000072 5.249999999999984 11.54999999999997 8.399999999999936 20.999999999999957 -1.0500000000000256 5.249999999999957 5.249999999999986 8.399999999999977 36.74999999999994 74.54999999999997 65.09999999999998 14.699999999999962 43.04999999999998 24.14999999999999 33.59999999999994 55.64999999999999 17.849999999999994 55.64999999999999 61.949999999999974 24.14999999999999 11.549999999999997 30.44999999999996 36.749999999999986 14.699999999999976 71.39999999999999 93.44999999999999 36.749999999999986 36.749999999999986 36.749999999999986 24.14999999999999 61.94999999999999 71.39999999999999 33.599999999999994 24.149999999999977 55.64999999999999 8.399999999999993 33.59999999999998 2.1000000000000085 2.0999999999999943 131.25 131.25 131.25 131.25 131.25 131.25 131.25 131.25
40.800000000000054 39.00000000000004 29.100000000000158 8.85000000000015 2.100000000000146 6.600000000000137 25.050000000000157 36.30000000000023 30.45000000000024 13.800000000000146 7.500000000000177 19.650000000000293 25.05000000000018 11.550000000000143 10.650000000000226 24.150000000000265 26.850000000000094 13.350000000000286 5.70000000000017 10.200000000000234 11.100000000000122 12.000000000000234 24.150000000000183 25.95000000000019 10.200000000000223 11.100000000000136 14.250000000000131 18.750000000000128 26.400000000000144 22.800000000000146 19.200000000000145 21.450000000000152 18.750000000000114 6.600000000000196 6.600000000000121 8.85000000000015 14.250000000000103 15.600000000000122 12.900000000000048 27.75000000000015 34.05000000000011 28.20000000000023 22.80000000000019 14.250000000000135 6.15000000000009 8.400000000000134 21.900000000000148 30.000000000000213 23.250000000000174 13.350000000000076 11.100000000000069 6.6000000000003665 27.30000000000022 52.5 52.5 52.5 52.5 52.5 52.5 52.5 52.5
50.400000000000006 44.10000000000001 44.10000000000001 44.10000000000001 44.10000000000001 37.80000000000001 44.10000000000001 47.25000000000001 40.95000000000001 40.95000000000001 40.95000000000001 37.80000000000001 44.10000000000001 47.25000000000001 44.10000000000001 47.25000000000001 37.80000000000001 34.65000000000001 40.95000000000001 47.25000000000001 44.10000000000001 40.95000000000001 47.25000000000001 50.400000000000006 50.400000000000006 44.10000000000001 44.10000000000001 50.400000000000006 53.550000000000004 47.25000000000001 47.25000000000001 53.550000000000004 47.25000000000001 47.25000000000001 53.550000000000004 44.10000000000001 47.25000000000001 50.400000000000006 53.550000000000004 53.550000000000004 47.25000000000001 50.400000000000006 50.400000000000006 47.25000000000001 50.400000000000006 53.550000000000004 50.400000000000006 50.400000000000006 50.400000000000006 44.10000000000001 50.400000000000006 47.25000000000001 47.25000000000001 63.0 63.0 63.0 63.0 63.0 63.0 63.0 63.0
1.349999999999639 -10.350000000000145 9.450000000000223 7.37188088351104e-14 2.700000000000171 -2.6999999999998807 -0.8999999999999844 -10.799999999999716 6.750000000000012 -3.149999999999913 10.350000000000234 0.4500000000001676 -9.89999999999982 4.050000000000166 -1.34999999999981 -5.399999999999746 -13.499999999999858 2.2499999999999787 4.499999999999927 2.7000000000001236 -1.7999999999998537 7.2000000000001885 0.45000000000011475 -1.7999999999998848 12.150000000000267 -0.44999999999982565 3.410605131648481e-13 -4.049999999999891 -0.899999999999809 -2.6999999999997955 5.4000000000001585 -0.8999999999998622 2.700000000000203 4.050000000000233 4.950000000000166 4.0500000000000576 0.45000000000031015 -1.7999999999998018 1.800000000000137 3.150000000000267 -10.349999999999676 2.2737367544323206e-13 -1.3499999999996706 -1.3499999999997243 0.9000000000002646 0.9000000000002224 2.5934809855243657e-13 -9.899999999999737 4.050000000000262 -1.3499999999997385 -3.1499999999997343 7.650000000000237 33.749999999999886 78.75 78.75 78.75 78.75 78.75 78.75 78.75 78.75

Gap
NaN

Time
NaN

