T P M C
61 37 4 12

base obj
11.37476781838851

exp obj
10.486958216732559

Objective struct
11.37476781838851 0.0 7.823529411764705

num campaigns
395

x
0 0 0 0 1 0 0 0 1 0 0 0 0 0 0 1 0 0 0 1 0 0 0 1 0 0 0 1 0 0 1 0 0 1 0 0 0 1 0 0 1 0 0 0 1 0 0 0 0 0 1 0 0 1 0 0 0 0 0 0 0
0 0 0 0 0 0 0 0 0 0 0 0 0 0 0 0 0 0 0 0 0 0 0 0 0 0 1 0 0 0 0 0 0 0 0 0 0 0 0 0 0 0 0 0 0 1 0 0 0 0 0 1 0 0 0 0 0 0 0 0 0
0 0 0 0 0 0 0 0 0 0 1 0 0 0 1 0 0 0 1 0 0 0 0 0 0 1 0 0 0 0 0 0 1 0 0 0 1 0 0 0 1 0 0 0 1 0 0 0 1 0 0 0 0 0 1 0 0 0 0 0 0
0 0 0 0 0 0 0 1 1 1 1 1 1 1 1 1 0 1 0 1 0 0 0 0 0 0 0 0 0 0 0 0 0 0 0 0 0 0 0 0 0 0 0 0 0 0 0 0 0 0 0 0 0 0 0 0 0 0 0 0 0
0 0 0 0 0 0 0 0 1 0 1 0 1 0 1 0 1 0 0 1 0 0 1 0 0 1 0 1 0 1 0 1 0 1 0 1 0 0 1 0 1 0 1 0 0 0 1 0 0 0 0 0 0 0 0 0 0 0 0 0 0
0 0 0 0 0 0 0 0 0 0 0 0 0 1 0 0 0 0 1 0 0 0 0 0 0 0 0 0 1 0 0 0 0 0 1 0 0 0 0 0 1 0 0 0 0 0 1 0 0 0 0 0 0 0 0 0 0 0 0 0 0
0 0 0 0 0 0 0 0 1 0 1 0 1 0 1 0 1 0 0 0 1 0 1 0 1 0 1 0 1 0 0 0 1 0 0 0 0 0 0 1 0 0 0 0 0 0 0 0 0 0 0 0 0 0 0 0 0 0 0 0 0
0 0 0 0 1 0 0 0 0 0 0 0 0 0 0 0 0 0 0 0 0 1 0 0 0 0 0 0 0 0 0 0 0 0 0 0 0 0 1 0 0 0 0 0 0 0 0 0 0 0 0 0 0 0 0 1 0 0 0 0 0
0 0 0 0 0 0 0 0 0 0 0 0 0 1 0 0 0 0 0 0 0 0 0 0 0 0 0 0 0 0 0 0 0 0 0 0 0 0 0 0 0 0 0 0 0 0 0 0 0 0 0 0 0 0 0 1 0 0 0 0 0
0 0 0 0 0 0 0 0 0 0 1 0 0 0 0 1 0 1 0 0 0 0 0 0 0 1 0 1 0 1 0 1 0 0 0 0 0 0 0 0 0 0 0 1 0 0 0 1 0 1 0 0 0 0 0 0 0 0 0 0 0
0 0 0 0 0 0 0 0 0 0 1 0 0 0 0 0 0 0 0 0 0 0 0 0 1 0 0 0 0 0 0 0 0 1 0 0 0 0 0 0 0 0 1 0 0 0 0 0 0 0 0 1 0 0 0 0 0 0 0 0 0
0 0 0 0 0 0 1 0 0 0 0 0 0 0 0 0 0 0 1 0 0 0 0 0 0 0 0 0 0 0 1 0 0 0 0 0 0 0 0 0 0 0 0 0 0 1 0 0 0 0 0 0 0 0 0 0 0 0 0 0 0
0 0 0 0 0 0 0 0 0 0 0 0 0 0 0 0 0 0 0 0 0 0 1 0 0 0 0 0 0 0 0 0 0 0 1 0 0 0 0 0 0 0 0 0 0 0 0 0 0 0 0 0 0 0 0 0 0 0 0 0 0
0 0 0 0 1 0 0 0 0 0 0 0 1 0 0 0 0 0 0 0 1 0 0 0 0 0 1 0 0 0 0 0 1 0 0 0 0 0 0 1 0 0 0 0 0 0 0 0 1 0 0 0 0 0 0 1 0 0 0 0 0
0 0 0 0 0 0 0 0 1 0 0 0 0 0 0 0 0 0 0 0 0 0 0 0 0 0 0 0 0 0 0 0 0 0 0 0 0 0 0 0 0 0 0 0 0 0 0 0 0 1 0 0 0 0 0 0 0 0 0 0 0
0 0 0 0 1 0 0 0 0 0 0 0 0 0 0 0 0 0 0 0 0 0 0 0 0 0 0 0 0 0 0 0 0 0 0 0 0 0 0 0 0 0 0 0 0 0 0 0 0 0 0 0 0 0 0 0 0 0 0 0 0
0 0 0 0 0 0 0 0 0 0 0 0 0 0 1 0 0 0 0 0 0 0 0 0 0 0 0 0 1 0 0 0 0 0 0 0 0 0 0 0 0 0 0 1 0 0 0 0 0 0 0 0 0 0 0 0 0 0 0 0 0
0 0 0 0 0 0 1 0 0 0 0 0 0 0 0 0 0 0 0 0 0 0 0 0 0 0 0 0 0 1 0 0 0 0 0 0 0 0 0 0 0 0 0 0 0 0 0 0 0 0 0 0 1 0 0 0 0 0 0 0 0
0 0 0 0 0 0 0 0 0 1 0 1 0 0 1 0 1 0 1 0 1 0 0 0 1 0 1 0 1 0 0 1 0 1 0 1 0 0 0 1 0 1 0 1 0 1 0 1 0 0 1 0 1 0 0 0 0 0 0 0 0
0 0 0 0 0 0 1 0 0 0 0 0 0 0 0 0 0 0 0 0 0 0 0 0 0 0 0 0 0 0 0 0 0 0 0 0 0 0 0 0 0 0 0 0 0 0 0 0 0 0 0 0 0 0 0 1 0 0 0 0 0
0 0 0 0 0 0 0 0 0 0 1 0 0 1 0 1 0 1 0 1 0 1 0 1 0 1 0 0 0 1 0 0 1 0 0 0 0 1 0 0 0 0 1 0 0 0 0 0 0 0 0 0 0 0 0 0 0 0 0 0 0
0 0 0 0 0 0 0 0 0 0 0 0 0 0 0 0 0 0 0 0 0 0 0 0 0 0 0 0 0 0 0 0 0 0 0 0 0 0 0 0 0 0 0 0 0 0 0 0 0 0 0 0 0 0 0 0 0 0 0 0 0
0 0 0 0 0 0 1 0 0 0 0 0 0 0 0 0 0 0 0 0 0 1 0 0 0 0 0 0 0 0 0 0 0 0 0 0 1 0 0 0 0 0 0 0 0 0 0 0 0 0 0 1 0 0 0 0 0 0 0 0 0
0 0 0 0 0 0 0 0 0 0 0 1 0 0 0 0 1 0 0 0 0 0 0 0 1 0 0 0 0 0 1 0 0 0 0 1 0 0 0 0 0 0 1 0 0 0 0 1 0 0 0 0 1 0 0 0 0 0 0 0 0
0 0 0 0 0 0 1 0 0 0 0 0 0 0 0 0 0 0 0 0 0 0 0 1 0 0 0 0 0 0 0 0 0 0 0 0 0 0 1 0 0 0 0 0 0 0 0 0 0 0 0 0 0 1 0 0 0 0 0 0 0
0 0 0 0 0 0 0 1 0 0 0 0 1 0 0 0 0 0 1 0 0 0 0 1 0 0 0 0 1 0 0 0 0 0 0 1 0 0 0 0 0 0 1 0 0 0 0 1 0 0 0 0 0 0 0 0 0 0 0 0 0
0 0 0 0 0 0 0 1 0 0 1 0 1 0 0 0 0 1 0 0 1 0 1 0 0 1 0 0 0 0 0 0 1 0 1 0 0 1 0 0 0 0 0 0 0 0 0 0 0 0 0 0 0 0 0 0 0 0 0 0 0
0 0 0 0 1 0 0 0 0 0 0 0 0 0 0 0 0 0 0 0 0 0 0 0 0 0 0 0 0 0 0 0 0 0 0 0 0 0 0 0 0 0 0 0 0 0 0 0 0 0 0 0 0 0 0 1 0 0 0 0 0
0 0 0 0 0 0 0 0 0 0 0 0 0 0 0 0 0 0 0 0 0 0 0 0 0 0 0 0 0 0 0 0 0 0 0 0 0 0 0 0 0 1 0 0 0 1 0 0 0 0 0 0 0 0 0 0 0 0 0 0 0
0 0 0 0 0 0 0 0 1 1 1 1 1 0 1 1 1 1 1 0 1 1 1 0 1 1 1 1 1 1 1 1 1 1 1 1 1 1 1 1 0 1 1 1 1 1 1 1 1 1 1 1 1 0 1 1 0 0 0 0 0
0 0 0 0 0 0 0 0 1 1 1 1 1 1 1 0 1 1 0 1 1 1 1 0 0 1 1 1 1 1 0 1 1 1 1 1 1 1 1 1 0 1 1 1 1 1 1 1 1 1 1 1 0 1 1 1 0 0 0 0 0
0 0 0 0 0 0 0 0 1 1 1 1 1 1 0 1 1 1 0 1 1 1 1 0 1 1 1 1 1 1 1 1 1 1 1 1 1 1 1 0 1 1 1 1 1 1 1 1 1 1 1 1 1 1 1 1 0 0 0 0 0
0 0 0 0 0 0 0 0 1 1 1 0 0 0 1 0 1 1 0 1 0 0 0 1 1 1 1 0 1 0 1 1 0 0 0 0 0 0 0 1 0 1 1 1 0 1 1 1 0 0 1 1 0 0 1 1 0 0 0 0 0
0 0 0 0 0 0 0 0 1 1 1 1 1 0 1 0 1 1 1 0 1 1 0 1 1 1 1 1 1 1 1 1 1 1 1 1 1 0 0 1 1 0 1 1 1 1 1 1 1 0 1 1 0 0 1 1 0 0 0 0 0
0 0 0 0 0 0 0 0 0 0 0 0 1 0 0 0 1 1 0 0 0 0 0 1 0 0 1 0 0 0 0 1 1 0 0 0 0 0 0 1 0 0 0 1 0 0 0 1 0 0 1 1 0 1 1 1 0 0 0 0 0
0 0 0 0 0 0 0 0 0 0 0 0 0 0 0 0 0 0 0 0 0 0 0 0 0 0 0 0 0 0 0 0 0 0 0 0 0 0 0 0 0 0 0 0 0 0 0 1 0 1 0 0 0 0 0 0 0 0 0 0 0
0 0 0 0 0 0 0 0 0 0 0 0 0 0 0 0 0 0 0 0 0 0 0 0 0 0 0 0 0 0 0 0 0 0 0 0 0 0 0 0 0 0 0 0 0 0 0 0 0 0 0 0 0 0 0 0 0 0 0 0 0

y
0.0 1.3636363636363633 0.0 0.0 0.0 0.3636363636363633 0.0 0.0 0.0 0.1785714285714286 0.0 0.0 7.363636363636363 0.9000000000000004 32.5 0.0 3.8000000000000007 0.0 0.0 0.0 0.0 0.0 0.0 0.0 4.800000000000001 0.0 0.0 0.0 1.4500000000000002 0.0 0.0 0.0 0.5048543689320388 0.0 0.0 1.0 0.0

k
0 9 3 0 0 6 0 0 0 19 0 0 10 3 5 0 3 0 6 0 0 6 0 2 2 0 0 0 19 9 11 8 79 14 37 50 6

f
26.249999999999986 26.249999999999986 0.0 0.0 16.800000000000082 10.500000000000014 0.0 0.0 0.0 0.0 7.350000000000078 1.0500000000000647 0.0 0.0 0.0 4.2000000000000455 0.0 0.0 0.0 0.0 0.0 0.0 0.0 0.0 0.0 0.0 0.0 0.0 0.0 0.0 0.0 0.0 0.0 0.0 7.350000000000023 0.0 0.0 0.0 0.0 0.0 0.0 0.0 0.0 0.0 0.0 0.0 0.0 0.0 0.0 0.0 0.0 0.0 0.0 0.0 0.0 0.0 0.0 0.0 0.0 0.0 0.0
0.0 0.0 0.0 0.0 0.0 0.0 0.0 0.0 0.0 0.0 0.0 0.0 0.0 0.0 0.0 0.0 0.0 0.0 0.0 0.0 0.0 0.0 0.0 0.0 0.0 0.0 0.0 0.0 0.0 0.0 0.0 0.0 0.0 0.0 0.0 0.0 0.0 0.0 0.0 0.0 0.0 0.0 0.0 0.0 0.0 0.0 0.0 0.0 0.0 0.0 0.0 0.0 0.0 0.0 0.0 0.0 0.0 0.0 0.0 0.0 0.0
0.0 0.0 0.0 0.0 0.0 0.0 0.0 0.0 0.0 0.0 0.0 0.0 0.0 0.0 0.0 0.0 0.0 0.0 0.0 0.0 0.0 0.0 0.0 0.0 0.0 0.0 0.0 0.0 0.0 0.0 0.0 0.0 0.0 0.0 0.0 0.0 0.0 0.0 0.0 0.0 0.0 0.0 0.0 0.0 0.0 0.0 0.0 0.0 0.0 0.0 0.0 0.0 0.0 0.0 0.0 0.0 0.0 0.0 0.0 0.0 0.0
0.0 0.0 4.949999999999937 21.150000000000006 2.699999999999953 0.0 0.0 0.0 0.0 0.0 0.0 1.7999999999998568 0.0 0.0 0.0 2.2499999999997087 0.0 2.699999999999978 0.0 13.499999999999815 19.349999999999863 0.0 0.0 0.0 7.6499999999997845 0.0 0.0 0.0 0.0 0.0 0.0 0.0 0.44999999999973994 0.0 7.649999999999864 0.8999999999998138 3.5999999999996994 0.0 0.0 0.0 0.0 0.4499999999997688 0.0 0.0 0.0 0.0 0.0 0.0 0.0 10.799999999999747 0.0 0.0 0.0 0.0 0.0 0.0 0.0 0.0 0.0 0.0 0.0

L
3 6 4 1 2 5 2 17 42 2 9 12 12 6 41 0 14 23 2 49 2 0 15 5 15 5 2 51 4 1 1 1 1 1 1 2 0

g
0 0 0 0 0 0 0 0 0 0 0 0 0 0 0 0 0 0 0 0 0 0 0 0 0 0 0 0 0 0 0 0 0 0 0 0 0 0 0 0 0 0 0 0 0 0 0 0 0 0 0 0 0 0 0 0 0 0 0 0 0
0 0 0 0 0 0 0 0 0 0 0 0 0 0 0 0 0 0 0 0 0 0 0 0 0 0 0 0 0 0 0 0 0 0 0 0 0 0 0 0 0 0 0 0 0 0 0 0 0 0 0 0 0 0 0 0 0 0 0 0 0
0 0 0 0 0 0 0 0 0 0 0 0 0 0 0 0 0 0 0 0 0 0 0 0 0 0 0 0 0 0 0 0 0 0 0 0 0 0 0 0 0 0 0 0 0 0 0 0 0 0 0 0 0 0 0 0 0 0 0 0 0
0 0 0 0 0 0 0 0 0 0 0 0 0 0 0 0 0 0 0 0 0 0 0 0 0 0 0 0 0 0 0 0 0 0 0 0 0 0 0 0 0 0 0 0 0 0 0 0 0 0 0 0 0 0 0 0 0 0 0 0 0
0 0 0 0 0 0 0 0 0 0 0 0 0 0 0 0 0 0 0 0 0 0 0 0 0 0 0 0 0 0 0 0 0 0 0 0 0 0 0 0 0 0 0 0 0 0 0 0 0 0 0 0 0 0 0 0 0 0 0 0 0
0 0 0 0 0 0 0 0 0 0 0 0 0 0 0 0 0 0 0 0 0 0 0 0 0 0 0 0 0 0 0 0 0 0 0 0 0 0 0 0 0 0 0 0 0 0 0 0 0 0 0 0 0 0 0 0 0 0 0 0 0
0 0 0 0 0 0 0 0 0 0 0 0 0 0 0 0 0 0 0 0 0 0 0 0 0 0 0 0 0 0 0 0 0 0 0 0 0 0 0 0 0 0 0 0 0 0 0 0 0 0 0 0 0 0 0 0 0 0 0 0 0
0 0 0 0 0 0 0 0 0 0 0 0 0 0 0 0 0 0 0 0 0 0 0 0 0 0 0 0 0 0 0 0 0 0 0 0 0 0 0 0 0 0 0 0 0 0 0 0 0 0 0 0 0 0 0 0 0 0 0 0 0
0 0 0 0 0 0 0 0 0 0 0 0 0 0 0 0 0 0 0 0 0 0 0 0 0 0 0 0 0 0 0 0 0 0 0 0 0 0 0 0 0 0 0 0 0 0 0 0 0 0 0 0 0 0 0 0 0 0 0 0 0
0 0 0 0 0 0 0 0 0 0 0 0 0 0 0 0 0 0 0 0 0 0 0 0 0 0 0 0 0 0 0 0 0 0 0 0 0 0 0 0 0 0 0 0 0 0 0 0 0 0 0 0 0 0 0 0 0 0 0 0 0
0 0 0 0 0 0 0 0 0 0 0 0 0 0 0 0 0 0 0 0 0 0 0 0 0 0 0 0 0 0 0 0 0 0 0 0 0 0 0 0 0 0 0 0 0 0 0 0 0 0 0 0 0 0 0 0 0 0 0 0 0
0 0 0 0 0 0 0 0 0 0 0 0 0 0 0 0 0 0 0 0 0 0 0 0 0 0 0 0 0 0 0 0 0 0 0 0 0 0 0 0 0 0 0 0 0 0 0 0 0 0 0 0 0 0 0 0 0 0 0 0 0
0 0 0 0 0 0 0 0 0 0 0 0 0 0 0 0 0 0 0 0 0 0 0 0 0 0 0 0 0 0 0 0 0 0 0 0 0 0 0 0 0 0 0 0 0 0 0 0 0 0 0 0 0 0 0 0 0 0 0 0 0
0 0 0 0 0 0 0 0 0 0 0 0 0 0 0 0 0 0 0 0 0 0 0 0 0 0 0 0 0 0 0 0 0 0 0 0 0 0 0 0 0 0 0 0 0 0 0 0 0 0 0 0 0 0 0 0 0 0 0 0 0
0 0 0 0 0 0 0 0 0 0 0 0 0 0 0 0 0 0 0 0 0 0 0 0 0 0 0 0 0 0 0 0 0 0 0 0 0 0 0 0 0 0 0 0 0 0 0 0 0 0 0 0 0 0 0 0 0 0 0 0 0
0 0 0 0 0 0 0 0 0 0 0 0 0 0 0 0 0 0 0 0 0 0 0 0 0 0 0 0 0 0 0 0 0 0 0 0 0 0 0 0 0 0 0 0 0 0 0 0 0 0 0 0 0 0 0 0 0 0 0 0 0
0 0 0 0 0 0 0 0 0 0 0 0 0 0 0 0 0 0 0 0 0 0 0 0 0 0 0 0 0 0 0 0 0 0 0 0 0 0 0 0 0 0 0 0 0 0 0 0 0 0 0 0 0 0 0 0 0 0 0 0 0
0 0 0 0 0 0 0 0 0 0 0 0 0 0 0 0 0 0 0 0 0 0 0 0 0 0 0 0 0 0 0 0 0 0 0 0 0 0 0 0 0 0 0 0 0 0 0 0 0 0 0 0 0 0 0 0 0 0 0 0 0
0 0 0 0 0 0 0 0 0 0 0 0 0 0 0 0 0 0 0 0 0 0 0 0 0 0 0 0 0 0 0 0 0 0 0 0 0 0 0 0 0 0 0 0 0 0 0 0 0 0 0 0 0 0 0 0 0 0 0 0 0
0 0 0 0 0 0 0 0 0 0 0 0 0 0 0 0 0 0 0 0 0 0 0 0 0 0 0 0 0 0 0 0 0 0 0 0 0 0 0 0 0 0 0 0 0 0 0 0 0 0 0 0 0 0 0 0 0 0 0 0 0
0 0 0 0 0 0 0 0 0 0 0 0 0 0 0 0 0 0 0 0 0 0 0 0 0 0 0 0 0 0 0 0 0 0 0 0 0 0 0 0 0 0 0 0 0 0 0 0 0 0 0 0 0 0 0 0 0 0 0 0 0
0 0 0 0 0 0 0 0 0 0 0 0 0 0 0 0 0 0 0 0 0 0 0 0 0 0 0 0 0 0 0 0 0 0 0 0 0 0 0 0 0 0 0 0 0 0 0 0 0 0 0 0 0 0 0 0 0 0 0 0 0
0 0 0 0 0 0 0 0 0 0 0 0 0 0 0 0 0 0 0 0 0 0 0 0 0 0 0 0 0 0 0 0 0 0 0 0 0 0 0 0 0 0 0 0 0 0 0 0 0 0 0 0 0 0 0 0 0 0 0 0 0
0 0 0 0 0 0 0 0 0 0 0 0 0 0 0 0 0 0 0 0 0 0 0 0 0 0 0 0 0 0 0 0 0 0 0 0 0 0 0 0 0 0 0 0 0 0 0 0 0 0 0 0 0 0 0 0 0 0 0 0 0
0 0 0 0 0 0 0 0 0 0 0 0 0 0 0 0 0 0 0 0 0 0 0 0 0 0 0 0 0 0 0 0 0 0 0 0 0 0 0 0 0 0 0 0 0 0 0 0 0 0 0 0 0 0 0 0 0 0 0 0 0
0 0 0 0 0 0 0 0 0 0 0 0 0 0 0 0 0 0 0 0 0 0 0 0 0 0 0 0 0 0 0 0 0 0 0 0 0 0 0 0 0 0 0 0 0 0 0 0 0 0 0 0 0 0 0 0 0 0 0 0 0
0 0 0 0 0 0 0 0 0 0 0 0 0 0 0 0 0 0 0 0 0 0 0 0 0 0 0 0 0 0 0 0 0 0 0 0 0 0 0 0 0 0 0 0 0 0 0 0 0 0 0 0 0 0 0 0 0 0 0 0 0
0 0 0 0 0 0 0 0 0 0 0 0 0 0 0 0 0 0 0 0 0 0 0 0 0 0 0 0 0 0 0 0 0 0 0 0 0 0 0 0 0 0 0 0 0 0 0 0 0 0 0 0 0 0 0 0 0 0 0 0 0
0 0 0 0 0 0 0 0 0 0 0 0 0 0 0 0 0 0 0 0 0 0 0 0 0 0 0 0 0 0 0 0 0 0 0 0 0 0 0 0 0 0 0 0 0 0 0 0 0 0 0 0 0 0 0 0 0 0 0 0 0
0 0 0 0 0 0 0 0 0 0 0 0 0 0 0 0 0 0 0 0 0 0 0 0 0 0 0 0 0 0 0 0 0 0 0 0 0 0 0 0 0 0 0 0 0 0 0 0 0 0 0 0 0 0 0 0 0 0 0 0 0
0 0 0 0 0 0 0 0 0 0 0 0 0 0 0 0 0 0 0 0 0 0 0 0 0 0 0 0 0 0 0 0 0 0 0 0 0 0 0 0 0 0 0 0 0 0 0 0 0 0 0 0 0 0 0 0 0 0 0 0 0
0 0 0 0 0 0 0 0 0 0 0 0 0 0 0 0 0 0 0 0 0 0 0 0 0 0 0 0 0 0 0 0 0 0 0 0 0 0 0 0 0 0 0 0 0 0 0 0 0 0 0 0 0 0 0 0 0 0 0 0 0
0 0 0 0 0 0 0 0 0 0 0 0 0 0 0 0 0 0 0 0 0 0 0 0 0 0 0 0 0 0 0 0 0 0 0 0 0 0 0 0 0 0 0 0 0 0 0 0 0 0 0 0 0 0 0 0 0 0 0 0 0
0 0 0 0 0 0 0 0 0 0 0 0 0 0 0 0 0 0 0 0 0 0 0 0 0 0 0 0 0 0 0 0 0 0 0 0 0 0 0 0 0 0 0 0 0 0 0 0 0 0 0 0 0 0 0 0 0 0 0 0 0
0 0 0 0 0 0 0 0 0 0 0 0 0 0 0 0 0 0 0 0 0 0 0 0 0 0 0 0 0 0 0 0 0 0 0 0 0 0 0 0 0 0 0 0 0 0 0 0 0 0 0 0 0 0 0 0 0 0 0 0 0
0 0 0 0 0 0 0 0 0 0 0 0 0 0 0 0 0 0 0 0 0 0 0 0 0 0 0 0 0 0 0 0 0 0 0 0 0 0 0 0 0 0 0 0 0 0 0 0 0 0 0 0 0 0 0 0 0 0 0 0 0
0 0 0 0 0 0 0 0 0 0 0 0 0 0 0 0 0 0 0 0 0 0 0 0 0 0 0 0 0 0 0 0 0 0 0 0 0 0 0 0 0 0 0 0 0 0 0 0 0 0 0 0 0 0 0 0 0 0 0 0 0

I cap
1058.909090909091 1058.909090909091 939.3490909091054 895.24909090912 992.2600000000019 947.2799999999863 888.0000000000177 686.6800000000119 386.3199999999986 584.3599999999917 359.08000000001243 496.86000000002105 317.73999999998887 422.31999999998004 383.3200000000201 508.80909090911695 568.3690909090936 521.9890909091005 358.3690909090898 336.6090909090888 396.2490909091064 678.0490909091025 516.929090909083 548.2690909090909 520.1090909091051 451.08909090909697 454.0290909090838 633.2690909091086 375.5290909091047 550.1290909090883 549.1490909090976 651.8690909090969 529.129090909106 607.909090909104 74.63999999999919 114.31999999999965 194.22000000000338 340.82 499.5999999999996 550.4200000000183 361.98000000000525 591.6999999999882 380.12000000002655 518.3400000000213 543.859999999969 608.4599999999837 644.4200000000301 645.0800000000283 591.1800000000324 631.6200000000044 662.1599999999792 642.3000000000095 851.1000000000347 880.5999999999976 1040.8600000000067 1062.2400000000166 773.5490909091037 949.909090909096 1010.709090909091 1058.909090909091 1058.909090909091
107.96969696969697 107.96969696969697 67.52969696969697 66.62969696969697 74.33999999999995 80.32000000000001 36.799999999999955 21.319999999999908 54.680000000000476 100.63999999999984 30.920000000000304 27.139999999999844 23.25999999999963 29.679999999999467 60.68000000000009 38.06969696969716 47.50969696969702 52.88969696969707 1.5096969696970959 3.2696969696970513 12.629696969697164 47.82969696969718 27.949696969697243 27.609696969697 2.7696969696969873 29.789696969697047 24.849696969697057 66.60969696969718 50.34969696969674 66.74969696969653 14.729696969697194 49.009696969697 28.74969696969715 59.96969696969718 7.360000000000432 14.679999999999795 6.780000000000456 27.180000000000575 15.400000000000803 37.58000000000004 54.02000000000078 46.30000000000015 43.87999999999997 43.660000000000025 37.13999999999973 36.53999999999986 55.58 47.91999999999982 61.82000000000015 64.37999999999974 67.8399999999998 74.69999999999959 61.90000000000009 25.000000000000895 37.74000000000015 14.560000000000315 43.3296969696969 57.96969696969694 64.16969696969697 107.96969696969697 107.96969696969697
38.96666666666666 38.96666666666666 38.96666666666666 38.96666666666666 19.16666666666666 4.391666666666666 12.491666666666667 25.825 27.225000000000005 32.2 9.133333333333333 0.7333333333333361 2.833333333333334 14.733333333333333 9.833333333333334 2.633333333333338 10.300000000000002 2.633333333333338 10.300000000000002 2.633333333333331 10.299999999999997 2.633333333333331 17.300000000000004 9.633333333333338 17.300000000000004 2.633333333333338 10.300000000000004 17.300000000000004 12.291666666666671 4.625000000000005 4.625000000000005 4.625000000000005 17.300000000000004 10.300000000000004 2.1333333333333346 4.899999999999999 11.2 1.4333333333333353 12.633333333333331 9.133333333333333 30.799999999999997 25.900000000000006 25.233333333333405 17.533333333333367 21.733333333333334 27.299999999999997 38.500000000000014 37.1 37.79999999999999 39.2 42.00000000000001 29.325000000000003 25.82500000000003 4.391666666666669 6.491666666666678 36.36666666666669 38.96666666666667 38.96666666666666 38.96666666666666 38.96666666666666 38.96666666666666
45.24545454545453 45.24545454545453 43.14545454545453 43.14545454545453 32.97000000000013 41.790000000000056 39.72000000000037 32.26000000000123 22.660000000000196 26.660000000000306 21.050000000000313 11.100000000000033 17.700000000000223 17.10000000000017 7.68000000000009 19.37545454545483 24.005454545455088 24.915454545454974 24.205454545454913 24.905454545455168 24.00545454545487 26.515454545454762 32.59545454545503 34.085454545455065 28.405454545456074 23.725454545454948 21.115454545454956 23.44545454545504 25.10545454545497 27.835454545455068 25.075454545455006 26.425454545455157 22.465454545454953 25.2754545454549 19.380000000000376 20.460000000000093 15.770000000000069 16.910000000000096 21.690000000000346 44.92000000000021 27.900000000000322 28.75000000000148 36.11000000000014 30.89000000000044 27.50000000000032 29.210000000000374 24.120000000000182 25.780000000000324 23.07000000000034 30.82000000000036 35.2000000000002 42.13000000000013 50.54999999999999 46.7700000000002 29.340000000000465 32.97000000000015 37.835454545454525 42.09545454545453 43.91545454545453 45.24545454545453 45.24545454545453
20.999999999999993 20.999999999999993 20.159999999999993 20.159999999999993 13.609999999999982 22.889999999999993 19.989999999999966 18.8799999999999 13.43999999999992 10.919999999999995 7.819999999999964 6.839999999999975 8.370000000000028 11.47999999999999 4.389999999999954 6.389999999999958 9.40999999999996 10.48999999999996 8.319999999999942 6.859999999999957 9.589999999999929 9.429999999999913 10.600000000000007 13.739999999999917 16.449999999999953 13.209999999999992 9.230000000000018 7.349999999999973 8.240000000000041 9.250000000000018 11.220000000000006 11.7 9.429999999999957 7.4500000000000055 7.059999999999972 13.039999999999992 6.229999999999984 5.6899999999999675 6.619999999999873 8.50000000000004 3.26999999999992 9.449999999999987 9.860000000000014 12.04999999999997 7.049999999999979 6.299999999999988 5.950000000000024 9.680000000000026 9.279999999999983 5.400000000000041 6.349999999999998 10.81000000000007 13.53000000000003 11.429999999999994 9.709999999999813 6.089999999999803 11.2 17.129999999999992 20.429999999999993 20.999999999999993 20.999999999999993
345.75757575757575 345.75757575757575 341.76757575757574 301.76757575757574 203.68 251.1800000000003 278.3199999999997 229.77882352941168 215.40941176470648 195.8800000000005 153.26999999999958 133.79999999999978 210.53000000000074 257.35117647059053 200.71941176470546 177.1569875222795 180.04757575757603 247.54875222816418 218.96698752228335 247.12698752228243 242.56757575757635 236.77757575757593 246.26875222816443 245.46698752228298 250.01698752228197 206.6975757575765 189.31757575757473 203.10757575757575 193.73757575757585 166.80757575757715 183.42757575757565 230.37757575757558 205.93757575757584 226.2075757575761 107.85999999999996 167.51999999999987 178.7000000000002 216.93999999999969 244.26117647058857 243.549411764706 241.84941176470687 264.44000000000295 205.65000000000057 224.0999999999999 179.3000000000011 179.1399999999989 192.74999999999986 251.84999999999945 281.4700000000021 283.5000000000026 252.00000000000205 278.24000000000115 288.7300000000025 327.8000000000028 334.31000000000165 324.71117647058804 310.86816399286965 345.75757575757575 345.75757575757575 345.75757575757575 345.75757575757575
779.7575757575758 779.7575757575758 747.8375757575758 713.4375757575758 587.2500000000002 714.8600000000001 779.9200000000001 625.3300000000003 652.6099999999999 655.9500000000003 646.0 699.6399999999995 719.2100000000005 621.5 601.1699999999989 477.86757575757633 511.6675757575755 624.6075757575761 501.52757575757465 491.01757575757523 627.4575757575752 667.7875757575747 583.9075757575753 540.567575757573 550.1175757575753 508.9675757575751 570.8775757575753 583.0075757575763 594.5075757575727 598.2475757575768 521.6175757575758 633.8175757575756 660.4275757575747 648.4875757575767 431.2999999999972 628.3999999999978 637.730000000001 708.0499999999995 565.1999999999955 567.1199999999966 467.90000000000487 479.9699999999992 490.71 582.5499999999984 480.22000000000014 382.7999999999997 360.94999999999743 566.0199999999961 621.2699999999955 504.13000000000073 508.2800000000002 618.0399999999962 684.24 633.6999999999997 531.2200000000005 477.4099999999924 673.5675757575765 743.3075757575757 764.3675757575758 779.7575757575758 779.7575757575758
80.73333333333335 80.73333333333335 79.26333333333335 79.26333333333335 67.37999999999991 88.62 78.93 82.92 78.26666666666665 82.05999999999999 70.17 76.36 85.49 85.26333333333332 76.88666666666667 66.39666666666663 69.85999999999993 68.28333333333325 62.30333333333334 67.00666666666667 68.14999999999986 68.3933333333333 74.66666666666669 74.61999999999966 70.73333333333332 68.07333333333327 67.26333333333329 68.4933333333333 66.37333333333328 68.48333333333336 65.00333333333333 66.11333333333333 65.6133333333332 68.34333333333342 33.85000000000016 58.739999999999085 64.28999999999944 65.83333333333331 70.33999999999773 73.26666666666662 63.879999999999754 71.5133333333333 73.29666666666668 75.95 77.75999999999999 78.36999999999999 70.4 68.11999999999998 63.769999999999634 65.89333333333272 67.02666666666593 62.229999999998014 64.07333333333338 64.88999999999983 56.67666666666613 49.32999999999977 71.74666666666668 77.97333333333334 79.97333333333334 80.73333333333335 80.73333333333335
10.775757575757575 10.775757575757575 9.725757575757575 4.125757575757573 0.050000000000007816 3.5000000000000036 1.2700000000000022 2.1199999999999966 0.2699999999999969 0.669999999999991 3.76999999999999 2.2900000000000036 0.09999999999999565 2.200000000000001 2.169999999999993 0.15575757575757798 1.1857575757575773 2.3757575757575773 3.1757575757575793 4.925757575757584 7.325757575757581 4.625757575757609 2.525757575757585 1.725757575757578 2.225757575757571 7.115757575757586 2.0257575757575736 2.665757575757583 6.035757575757577 0.15575757575757798 4.385757575757573 7.5757575757575735 2.375757575757567 3.175757575757574 1.1999999999999984 2.200000000000002 0.4500000000000073 4.950000000000021 1.5500000000000123 0.7499999999999964 6.650000000000003 3.4499999999999975 0.699999999999994 6.569999999999993 0.020000000000004903 0.7599999999999971 0.18999999999999417 6.66000000000001 6.869999999999995 7.169999999999999 3.8100000000000147 2.919999999999998 6.580000000000013 7.140000000000032 4.150000000000018 3.850000000000033 6.92575757575758 9.725757575757573 9.825757575757576 10.775757575757575 10.775757575757575
2.545454545454545 2.545454545454545 1.915454545454545 1.915454545454545 1.96 0.5599999999999999 0.5500000000000055 0.12000000000000077 1.240000000000026 1.2600000000000007 2.170000000000009 0.7699999999999999 0.4999999999999999 0.03000000000000025 0.6300000000000002 0.985454545454547 1.7054545454545522 1.285454545454554 0.2954545454545532 0.985454545454551 0.9854545454545506 1.2854545454545563 0.1754545454545513 0.20545454545455122 0.5954545454545522 0.025454545454553612 0.5354545454545566 1.195454545454559 0.5654545454545458 1.2854545454545558 0.08545454545455144 0.35545454545454747 0.5654545454545498 1.0754545454545537 0.8500000000000151 0.04000000000000714 0.43000000000000893 1.2600000000000007 1.3300000000000138 0.1399999999999999 1.330000000000004 1.2600000000000007 1.540000000000004 0.1399999999999999 6.661338147750939e-16 0.22000000000000486 0.24000000000000077 0.34000000000001496 0.17000000000000082 0.17000000000000348 0.10000000000001474 0.5800000000000053 1.0300000000000074 2.2200000000000157 1.0600000000000036 0.7300000000000025 1.0754545454545457 1.8254545454545503 2.545454545454545 2.545454545454545 2.545454545454545
8.515433299825174 8.515433299825174 8.515433299825174 8.515433299825167 6.4003983333333325 7.0241529310344575 7.098592844827584 8.05502083484562 7.490687183907742 5.918926293103283 5.937016896551392 7.131410344827399 7.221428647912746 5.294281007259521 5.673527040229878 4.178794425287349 4.607486206896543 5.1549931034482555 5.412991808832405 5.065412070477898 5.04613598746081 6.500884999999972 6.418166061705974 5.43110761645493 4.854232126436763 4.022842586206879 3.8186617241379626 5.706341206896422 6.562515344827484 5.806983448275828 6.4212618965514485 6.488166379310183 4.449017068965515 4.581662787356308 8.780891954022852 9.890467413793102 5.524026379310348 6.502446724137908 5.4075831034482755 5.100876636418639 4.64192646702963 4.213671724137914 3.7914929310344547 5.013276551724118 3.7086331034482267 4.123130517241318 3.13107000000017 4.217136724137912 3.869202068965495 4.5452234482758325 5.010478448275815 4.699991379310321 6.407385027223182 6.383406352087044 6.451051551723957 4.763758820326673 7.452214736606779 8.170605541204482 8.515433299825174 8.515433299825174 8.515433299825174
700.0 700.0 700.0 697.0 689.0 687.0 676.0 681.0 678.0 682.0 680.0 681.0 678.0 679.0 677.0 680.0 684.0 679.0 678.0 681.0 681.0 681.0 679.0 674.0 680.0 672.0 681.0 683.0 681.0 681.0 683.0 683.0 678.0 679.0 681.0 683.0 680.0 676.0 683.0 675.0 682.0 687.0 685.0 683.0 678.0 681.0 690.0 687.0 682.0 681.0 686.0 681.0 682.0 677.0 681.0 681.0 692.0 692.0 700.0 700.0 697.0

H cap
-26.249999999999986 -26.249999999999986 39.900000000000006 14.70000000000006 -16.800000000000082 -10.500000000000014 30.449999999999974 20.999999999999943 58.799999999999955 5.24999999999986 -7.350000000000078 -1.0500000000000647 17.84999999999998 49.34999999999992 27.299999999999983 -4.2000000000000455 21.0 8.399999999999963 8.399999999999991 30.449999999999932 27.299999999999898 39.899999999999906 27.299999999999997 14.699999999999976 5.249999999999931 11.54999999999997 5.249999999999959 36.749999999999986 58.79999999999994 11.54999999999997 8.399999999999979 55.64999999999999 61.949999999999974 17.85000000000001 -7.350000000000023 46.19999999999999 14.699999999999989 14.699999999999973 74.54999999999998 65.09999999999998 46.19999999999999 14.699999999999962 30.44999999999999 61.949999999999974 93.44999999999999 65.1 17.849999999999994 2.1000000000000085 8.399999999999993 24.14999999999999 65.1 2.0999999999999925 11.549999999999997 131.25 131.25 131.25 131.25 131.25 131.25 131.25 131.25
36.30000000000004 36.30000000000004 50.70000000000002 45.75000000000018 19.20000000000013 8.40000000000023 6.150000000000257 8.850000000000165 12.900000000000219 13.800000000000136 16.950000000000333 12.450000000000173 16.050000000000164 7.050000000000149 15.60000000000024 24.6000000000002 16.050000000000228 17.400000000000183 18.30000000000021 21.0000000000002 25.500000000000167 13.350000000000083 2.550000000000204 5.70000000000022 9.300000000000107 13.800000000000097 18.30000000000023 12.90000000000028 5.250000000000147 8.850000000000204 13.800000000000129 20.100000000000154 26.85000000000032 24.150000000000123 22.800000000000058 18.300000000000146 16.950000000000163 21.45000000000016 20.100000000000108 10.200000000000145 9.750000000000195 12.450000000000117 12.900000000000112 12.000000000000153 11.550000000000125 15.15000000000013 12.00000000000006 11.10000000000026 26.400000000000137 34.50000000000017 21.450000000000177 6.150000000000246 24.600000000000218 52.5 52.5 52.5 52.5 52.5 52.5 52.5 52.5
53.550000000000004 53.550000000000004 53.550000000000004 44.10000000000001 40.95000000000001 44.10000000000001 37.80000000000001 34.65000000000001 40.95000000000001 44.10000000000001 40.95000000000001 37.80000000000001 44.10000000000001 44.10000000000001 44.10000000000001 44.10000000000001 47.25000000000001 50.400000000000006 47.25000000000001 47.25000000000001 47.25000000000001 40.95000000000001 44.10000000000001 47.25000000000001 44.10000000000001 44.10000000000001 47.25000000000001 47.25000000000001 47.25000000000001 44.10000000000001 44.10000000000001 44.10000000000001 44.10000000000001 50.400000000000006 50.400000000000006 53.550000000000004 50.400000000000006 47.25000000000001 44.10000000000001 40.95000000000001 47.25000000000001 47.25000000000001 50.400000000000006 47.25000000000001 47.25000000000001 53.550000000000004 50.400000000000006 47.25000000000001 44.10000000000001 50.400000000000006 56.7 50.400000000000006 53.550000000000004 63.0 63.0 63.0 63.0 63.0 63.0 63.0 63.0
7.649999999999736 7.649999999999999 -4.949999999999937 -21.150000000000006 -2.699999999999953 1.7763568394002505e-13 19.800000000000185 2.48245868306185e-13 1.3500000000001067 2.673417043297377e-13 2.2500000000003038 -1.7999999999998568 5.400000000000171 12.60000000000027 1.5276668818842154e-13 -2.2499999999997087 10.80000000000016 -2.699999999999978 5.400000000000059 -13.499999999999815 -19.349999999999863 9.000000000000135 2.700000000000143 4.0500000000001215 -7.6499999999997845 5.850000000000372 1.7985612998927536e-13 1.800000000000284 11.700000000000133 0.45000000000027285 2.70000000000028 1.4566126083082054e-13 -0.44999999999973994 2.984279490192421e-13 -7.649999999999864 -0.8999999999998138 -3.5999999999996994 2.637889906509372e-13 15.300000000000177 4.0500000000002085 7.650000000000238 -0.4499999999997688 6.7500000000002025 4.950000000000209 1.1723955140041653e-13 0.9000000000002304 3.6000000000002004 2.6423307986078726e-13 0.45000000000021556 -10.799999999999747 1.3500000000000294 9.900000000000066 27.899999999999586 78.75 78.75 78.75 78.75 78.75 78.75 78.75 78.75

Gap
NaN

Time
NaN

