T P M C
61 37 4 12

base obj
11.486004455314799

exp obj
10.604699419917472

Objective struct
11.486004455314799 0.0 7.960784313725489

num campaigns
364

x
0 0 0 0 0 0 0 0 1 0 0 0 1 0 0 1 0 0 1 0 0 0 1 0 0 1 0 0 0 1 0 0 1 0 0 1 0 0 0 0 1 0 0 0 1 0 0 0 0 1 0 0 0 0 0 1 0 0 0 0 0
0 0 0 0 0 0 0 0 0 0 0 0 0 0 0 0 0 0 0 0 0 0 1 0 0 0 0 0 0 0 0 0 1 0 0 0 0 0 1 0 0 0 0 0 0 0 0 0 0 0 0 0 0 0 0 0 0 0 0 0 0
0 0 0 0 0 0 0 1 0 0 0 0 1 0 0 0 0 0 0 1 0 0 0 1 0 0 0 1 0 0 0 1 0 0 0 0 1 0 0 0 1 0 0 0 0 0 0 0 0 1 0 0 0 1 0 0 0 0 0 0 0
0 0 0 0 0 0 1 0 1 0 0 1 0 1 0 0 1 0 1 0 0 0 0 1 0 0 0 1 0 0 0 1 0 1 0 0 0 1 0 0 0 0 0 0 0 0 0 0 0 0 0 0 0 0 0 0 0 0 0 0 0
0 0 0 0 0 0 0 1 1 1 1 1 1 1 1 1 1 1 1 0 0 0 0 0 0 0 1 0 0 0 0 1 0 0 1 0 0 1 1 0 0 0 0 0 0 0 0 0 0 0 0 0 0 0 0 0 0 0 0 0 0
0 0 0 0 0 0 0 0 0 0 0 0 0 0 0 0 0 0 1 0 0 0 0 0 0 0 0 1 0 0 0 0 0 0 0 0 0 1 0 0 0 0 0 0 0 1 0 0 0 0 0 0 0 1 0 0 0 0 0 0 0
0 0 0 0 0 0 1 0 1 0 1 0 1 0 1 0 1 0 1 0 0 1 0 0 1 0 0 1 0 0 1 0 0 0 0 0 0 0 0 0 1 0 0 0 0 0 0 0 0 0 0 0 0 0 0 0 0 0 0 0 0
0 0 0 0 1 0 0 0 0 0 0 0 0 0 0 0 0 0 0 0 1 0 0 0 0 0 0 0 0 0 0 0 0 0 0 0 1 0 0 0 0 0 0 0 0 0 0 0 0 0 0 0 0 0 0 1 0 0 0 0 0
0 0 0 0 1 0 0 0 0 0 0 0 0 0 0 0 0 0 0 0 0 0 0 0 0 0 0 0 0 0 0 0 0 0 0 0 0 0 0 0 0 0 0 0 0 0 0 0 0 0 0 0 0 1 0 0 0 0 0 0 0
0 0 0 0 0 0 0 0 0 0 0 0 1 0 1 0 0 0 0 0 0 0 0 0 0 0 0 0 1 0 0 0 0 0 0 0 0 0 0 0 0 0 0 0 0 0 0 0 1 0 1 0 0 0 0 0 0 0 0 0 0
0 0 0 0 0 0 0 1 0 0 0 0 0 0 0 0 0 0 0 0 1 0 0 0 0 0 0 0 0 1 0 0 0 0 0 0 0 0 0 1 0 0 0 0 0 0 0 0 0 0 1 0 0 0 0 0 0 0 0 0 0
0 0 0 0 0 0 1 0 0 0 0 0 0 0 0 0 0 1 0 0 0 0 0 0 0 0 0 0 1 0 0 0 0 0 0 0 0 0 0 0 1 0 0 0 0 0 0 0 0 0 0 0 0 0 0 0 0 0 0 0 0
0 0 0 0 0 0 0 0 0 0 0 0 0 0 0 0 0 0 0 0 0 0 0 0 0 0 0 0 0 0 0 0 0 0 0 0 0 0 0 0 0 0 0 0 1 0 0 0 0 0 0 0 0 0 0 1 0 0 0 0 0
0 0 0 0 1 0 0 0 0 0 0 0 0 0 0 0 0 1 0 0 0 1 0 0 0 0 1 0 0 0 1 0 0 0 1 0 0 0 1 0 0 0 0 1 0 0 0 1 0 0 0 0 0 0 0 1 0 0 0 0 0
0 0 0 0 0 0 0 0 0 0 1 0 0 0 0 0 0 0 0 0 1 0 0 0 0 0 0 0 0 0 0 0 0 0 0 0 0 0 0 0 0 0 0 0 0 0 0 0 0 0 0 0 0 0 0 0 0 0 0 0 0
0 0 0 0 1 0 0 0 0 0 0 0 0 0 0 0 0 0 0 0 0 0 0 0 0 0 0 0 0 0 0 0 0 0 0 0 0 0 0 0 0 0 0 0 0 0 0 0 0 0 0 0 0 0 0 0 0 0 0 0 0
0 0 0 0 0 0 0 0 0 0 0 0 0 1 0 0 0 0 0 0 0 0 0 0 1 0 0 0 0 0 0 0 0 0 0 0 0 0 0 0 0 1 0 0 0 0 0 0 0 0 0 0 1 0 0 0 0 0 0 0 0
0 0 0 0 0 0 1 0 0 0 0 0 0 0 0 0 0 0 0 0 0 0 0 0 0 0 1 0 0 0 0 0 0 0 0 0 0 0 0 0 0 0 0 0 0 0 1 0 0 0 0 0 0 0 0 0 0 0 0 0 0
0 0 0 0 0 0 0 0 1 0 1 0 0 1 0 1 0 0 1 0 1 0 1 0 1 0 0 0 1 0 1 0 1 0 0 0 0 1 0 1 0 1 0 1 0 1 0 1 0 1 0 1 0 1 0 1 0 0 0 0 0
0 0 0 0 1 0 0 0 0 0 0 0 0 0 0 0 0 0 0 0 0 0 0 0 0 0 0 0 0 0 0 0 0 0 0 0 0 0 0 0 0 0 0 0 0 0 0 0 0 0 0 0 0 1 0 0 0 0 0 0 0
0 0 0 0 0 0 1 0 0 1 0 0 1 0 0 1 0 0 0 1 0 0 1 0 0 1 0 0 0 0 0 1 0 0 0 0 1 0 0 1 0 0 1 0 0 0 1 0 0 0 0 0 0 0 0 0 0 0 0 0 0
0 0 0 0 0 0 0 0 0 0 0 0 0 0 0 0 0 0 0 0 0 0 0 0 0 0 0 0 0 0 0 0 0 0 0 0 0 0 0 0 0 0 0 0 0 0 0 0 0 0 0 0 0 0 0 0 0 0 0 0 0
0 0 0 0 0 0 1 0 0 0 0 0 0 0 0 0 0 0 0 0 0 0 0 0 0 0 0 0 1 0 0 0 0 0 0 0 0 0 0 0 0 0 0 0 0 0 1 0 0 0 0 0 0 0 0 0 0 0 0 0 0
0 0 0 0 0 1 0 0 0 0 1 0 0 0 1 0 0 0 0 0 0 0 1 0 0 0 1 0 0 0 1 0 0 0 0 1 0 0 0 1 0 0 0 0 0 0 0 0 1 0 0 0 0 1 0 0 0 0 0 0 0
0 0 0 0 0 0 0 0 1 0 0 0 0 0 0 0 1 0 0 0 0 0 0 0 1 0 0 0 0 0 0 0 0 1 0 0 0 0 0 0 0 0 1 0 0 0 0 0 0 0 0 1 0 0 0 0 0 0 0 0 0
0 0 0 0 0 0 0 0 0 1 0 0 0 0 1 0 0 0 0 1 0 0 0 0 1 0 0 0 0 1 0 0 0 0 0 1 0 0 0 0 1 0 0 0 0 0 0 0 0 0 0 0 1 0 0 0 0 0 0 0 0
0 0 0 0 0 0 1 0 0 0 1 0 0 0 0 1 0 0 0 0 0 1 0 0 0 0 1 0 0 0 1 0 0 0 1 0 0 0 1 0 0 0 1 0 0 0 1 0 0 0 0 0 0 0 0 0 0 0 0 0 0
0 0 0 0 1 0 0 0 0 0 0 0 0 0 0 0 0 0 0 0 0 0 0 0 0 0 0 0 0 0 0 0 0 0 0 0 0 0 0 0 0 0 0 0 0 0 0 0 0 0 0 0 0 0 0 1 0 0 0 0 0
0 0 0 0 0 0 0 0 0 0 0 0 0 0 0 0 0 0 0 0 0 0 0 0 0 0 0 0 0 0 0 0 0 0 0 0 0 0 0 0 0 0 0 0 1 0 0 0 0 0 1 0 0 0 0 0 0 0 0 0 0
0 0 0 0 0 0 1 1 0 1 1 1 1 1 1 0 1 0 1 1 1 0 1 1 0 0 0 1 1 1 0 1 1 1 1 1 1 1 1 1 1 1 1 1 1 1 1 1 1 1 1 1 1 0 1 1 0 0 0 0 0
0 0 0 0 0 0 1 0 1 1 1 1 1 1 1 0 1 0 0 1 1 0 0 1 0 0 1 0 1 0 0 1 1 1 1 1 1 1 1 1 1 1 1 1 1 1 1 1 1 1 1 1 1 1 1 1 0 0 0 0 0
0 0 0 0 0 0 1 0 0 1 1 1 1 0 1 0 0 1 0 1 1 0 0 1 0 1 1 0 1 0 1 1 1 1 1 0 1 1 1 0 0 1 1 1 0 1 1 1 1 1 1 1 1 1 1 1 0 0 0 0 0
0 0 0 0 0 0 0 0 0 0 0 0 1 0 1 0 0 0 0 1 1 0 0 1 0 0 1 0 0 0 1 1 0 0 0 0 1 0 1 0 0 1 1 0 0 0 1 0 1 1 1 1 0 1 0 0 0 0 0 0 0
0 0 0 0 0 0 0 0 0 0 0 0 1 1 1 0 0 0 0 1 1 0 0 1 0 1 1 0 0 0 0 1 1 1 0 0 1 1 1 0 1 1 1 1 1 1 1 1 1 1 1 1 0 1 1 1 0 0 0 0 0
0 0 0 0 0 0 0 0 0 0 0 0 0 0 0 0 0 0 0 1 0 0 0 0 0 0 0 1 0 0 0 0 1 0 0 0 0 1 0 1 0 0 0 0 0 0 1 1 1 1 0 0 0 0 1 1 0 0 0 0 0
0 0 0 0 0 0 0 0 0 0 0 0 0 0 0 0 0 0 0 0 0 0 0 0 0 0 0 0 0 0 0 0 0 0 0 0 0 0 0 0 0 0 0 0 0 0 0 1 0 0 1 0 0 0 0 0 0 0 0 0 0
0 0 0 0 0 0 0 0 0 0 0 0 0 0 0 0 0 0 0 0 0 0 0 0 0 0 0 0 0 0 0 0 0 0 0 0 0 0 0 0 0 0 0 0 0 0 0 0 0 0 0 0 0 0 0 0 0 0 0 0 0

y
0.0 1.3636363636363633 0.0 0.0 0.0 3.3636363636363633 0.0 0.0 0.0 0.1785714285714286 0.0 0.0 6.363636363636363 0.0 1.5 0.0 0.8000000000000007 0.0 0.0 0.0 0.0 0.0 1.0 0.0 0.0 0.0 0.0 0.0 3.45 0.0 0.0 0.0 0.5048543689320388 0.0 0.0 2.0 0.0

k
0 9 3 0 0 7 0 0 0 24 0 0 10 1 5 0 2 0 4 0 0 6 1 0 0 0 0 0 19 11 13 17 86 23 41 50 6

f
19.95000000000003 29.399999999999963 0.0 13.649999999999988 0.0 0.0 0.0 0.0 0.0 1.0500000000000647 0.0 0.0 0.0 0.0 4.200000000000074 4.200000000000124 1.0500000000000878 7.3499999999999925 1.0500000000000238 0.0 0.0 0.0 0.0 0.0 0.0 0.0 0.0 0.0 0.0 0.0 0.0 0.0 0.0 0.0 0.0 0.0 0.0 0.0 0.0 0.0 0.0 0.0 0.0 0.0 0.0 0.0 0.0 0.0 0.0 0.0 0.0 4.200000000000003 4.200000000000003 0.0 0.0 0.0 0.0 0.0 0.0 0.0 0.0
0.0 0.0 0.0 0.0 0.0 0.0 0.0 0.0 0.0 0.0 0.0 0.0 0.0 0.0 0.0 0.0 0.0 0.0 0.0 0.0 0.0 0.0 0.0 0.0 0.0 0.0 0.0 0.0 0.0 0.0 0.0 0.0 0.0 0.0 0.0 0.0 0.0 0.0 0.0 0.0 0.0 0.0 0.0 0.0 0.0 0.0 0.0 0.0 0.0 0.0 0.0 0.0 0.0 0.0 0.0 0.0 0.0 0.0 0.0 0.0 0.0
0.0 0.0 0.0 0.0 0.0 0.0 0.0 0.0 0.0 0.0 0.0 0.0 0.0 0.0 0.0 0.0 0.0 0.0 0.0 0.0 0.0 0.0 0.0 0.0 0.0 0.0 0.0 0.0 0.0 0.0 0.0 0.0 0.0 0.0 0.0 0.0 0.0 0.0 0.0 0.0 0.0 0.0 0.0 0.0 0.0 0.0 0.0 0.0 0.0 0.0 0.0 0.0 0.0 0.0 0.0 0.0 0.0 0.0 0.0 0.0 0.0
0.0 5.4000000000000945 4.050000000000155 0.0 3.599999999999824 0.8999999999998423 3.14999999999988 0.899999999999789 0.0 2.249999999999787 0.0 0.0 1.7999999999998564 0.0 2.699999999999855 0.0 0.0 0.0 4.4999999999997495 0.0 1.349999999999845 5.849999999999845 5.3999999999997765 17.09999999999984 11.249999999999773 1.7999999999998266 1.7999999999996579 0.0 0.0 4.49999999999968 0.0 1.349999999999664 0.0 0.0 0.0 0.0 1.7999999999999154 0.0 0.0 0.0 0.0 0.44999999999972085 0.0 0.8999999999998596 0.0 0.0 0.0 0.8999999999997899 0.0 16.19999999999973 0.0 0.0 0.0 0.0 0.0 0.0 0.0 0.0 0.0 0.0 0.0

L
3 6 4 2 1 8 2 16 49 2 9 11 11 4 10 0 11 20 2 49 3 0 18 4 8 5 4 51 6 1 1 1 1 1 1 3 0

g
0 0 0 0 0 0 0 0 0 0 0 0 0 0 0 0 0 0 0 0 0 0 0 0 0 0 0 0 0 0 0 0 0 0 0 0 0 0 0 0 0 0 0 0 0 0 0 0 0 0 0 0 0 0 0 0 0 0 0 0 0
0 0 0 0 0 0 0 0 0 0 0 0 0 0 0 0 0 0 0 0 0 0 0 0 0 0 0 0 0 0 0 0 0 0 0 0 0 0 0 0 0 0 0 0 0 0 0 0 0 0 0 0 0 0 0 0 0 0 0 0 0
0 0 0 0 0 0 0 0 0 0 0 0 0 0 0 0 0 0 0 0 0 0 0 0 0 0 0 0 0 0 0 0 0 0 0 0 0 0 0 0 0 0 0 0 0 0 0 0 0 0 0 0 0 0 0 0 0 0 0 0 0
0 0 0 0 0 0 0 0 0 0 0 0 0 0 0 0 0 0 0 0 0 0 0 0 0 0 0 0 0 0 0 0 0 0 0 0 0 0 0 0 0 0 0 0 0 0 0 0 0 0 0 0 0 0 0 0 0 0 0 0 0
0 0 0 0 0 0 0 0 0 0 0 0 0 0 0 0 0 0 0 0 0 0 0 0 0 0 0 0 0 0 0 0 0 0 0 0 0 0 0 0 0 0 0 0 0 0 0 0 0 0 0 0 0 0 0 0 0 0 0 0 0
0 0 0 0 0 0 0 0 0 0 0 0 0 0 0 0 0 0 0 0 0 0 0 0 0 0 0 0 0 0 0 0 0 0 0 0 0 0 0 0 0 0 0 0 0 0 0 0 0 0 0 0 0 0 0 0 0 0 0 0 0
0 0 0 0 0 0 0 0 0 0 0 0 0 0 0 0 0 0 0 0 0 0 0 0 0 0 0 0 0 0 0 0 0 0 0 0 0 0 0 0 0 0 0 0 0 0 0 0 0 0 0 0 0 0 0 0 0 0 0 0 0
0 0 0 0 0 0 0 0 0 0 0 0 0 0 0 0 0 0 0 0 0 0 0 0 0 0 0 0 0 0 0 0 0 0 0 0 0 0 0 0 0 0 0 0 0 0 0 0 0 0 0 0 0 0 0 0 0 0 0 0 0
0 0 0 0 0 0 0 0 0 0 0 0 0 0 0 0 0 0 0 0 0 0 0 0 0 0 0 0 0 0 0 0 0 0 0 0 0 0 0 0 0 0 0 0 0 0 0 0 0 0 0 0 0 0 0 0 0 0 0 0 0
0 0 0 0 0 0 0 0 0 0 0 0 0 0 0 0 0 0 0 0 0 0 0 0 0 0 0 0 0 0 0 0 0 0 0 0 0 0 0 0 0 0 0 0 0 0 0 0 0 0 0 0 0 0 0 0 0 0 0 0 0
0 0 0 0 0 0 0 0 0 0 0 0 0 0 0 0 0 0 0 0 0 0 0 0 0 0 0 0 0 0 0 0 0 0 0 0 0 0 0 0 0 0 0 0 0 0 0 0 0 0 0 0 0 0 0 0 0 0 0 0 0
0 0 0 0 0 0 0 0 0 0 0 0 0 0 0 0 0 0 0 0 0 0 0 0 0 0 0 0 0 0 0 0 0 0 0 0 0 0 0 0 0 0 0 0 0 0 0 0 0 0 0 0 0 0 0 0 0 0 0 0 0
0 0 0 0 0 0 0 0 0 0 0 0 0 0 0 0 0 0 0 0 0 0 0 0 0 0 0 0 0 0 0 0 0 0 0 0 0 0 0 0 0 0 0 0 0 0 0 0 0 0 0 0 0 0 0 0 0 0 0 0 0
0 0 0 0 0 0 0 0 0 0 0 0 0 0 0 0 0 0 0 0 0 0 0 0 0 0 0 0 0 0 0 0 0 0 0 0 0 0 0 0 0 0 0 0 0 0 0 0 0 0 0 0 0 0 0 0 0 0 0 0 0
0 0 0 0 0 0 0 0 0 0 0 0 0 0 0 0 0 0 0 0 0 0 0 0 0 0 0 0 0 0 0 0 0 0 0 0 0 0 0 0 0 0 0 0 0 0 0 0 0 0 0 0 0 0 0 0 0 0 0 0 0
0 0 0 0 0 0 0 0 0 0 0 0 0 0 0 0 0 0 0 0 0 0 0 0 0 0 0 0 0 0 0 0 0 0 0 0 0 0 0 0 0 0 0 0 0 0 0 0 0 0 0 0 0 0 0 0 0 0 0 0 0
0 0 0 0 0 0 0 0 0 0 0 0 0 0 0 0 0 0 0 0 0 0 0 0 0 0 0 0 0 0 0 0 0 0 0 0 0 0 0 0 0 0 0 0 0 0 0 0 0 0 0 0 0 0 0 0 0 0 0 0 0
0 0 0 0 0 0 0 0 0 0 0 0 0 0 0 0 0 0 0 0 0 0 0 0 0 0 0 0 0 0 0 0 0 0 0 0 0 0 0 0 0 0 0 0 0 0 0 0 0 0 0 0 0 0 0 0 0 0 0 0 0
0 0 0 0 0 0 0 0 0 0 0 0 0 0 0 0 0 0 0 0 0 0 0 0 0 0 0 0 0 0 0 0 0 0 0 0 0 0 0 0 0 0 0 0 0 0 0 0 0 0 0 0 0 0 0 0 0 0 0 0 0
0 0 0 0 0 0 0 0 0 0 0 0 0 0 0 0 0 0 0 0 0 0 0 0 0 0 0 0 0 0 0 0 0 0 0 0 0 0 0 0 0 0 0 0 0 0 0 0 0 0 0 0 0 0 0 0 0 0 0 0 0
0 0 0 0 0 0 0 0 0 0 0 0 0 0 0 0 0 0 0 0 0 0 0 0 0 0 0 0 0 0 0 0 0 0 0 0 0 0 0 0 0 0 0 0 0 0 0 0 0 0 0 0 0 0 0 0 0 0 0 0 0
0 0 0 0 0 0 0 0 0 0 0 0 0 0 0 0 0 0 0 0 0 0 0 0 0 0 0 0 0 0 0 0 0 0 0 0 0 0 0 0 0 0 0 0 0 0 0 0 0 0 0 0 0 0 0 0 0 0 0 0 0
0 0 0 0 0 0 0 0 0 0 0 0 0 0 0 0 0 0 0 0 0 0 0 0 0 0 0 0 0 0 0 0 0 0 0 0 0 0 0 0 0 0 0 0 0 0 0 0 0 0 0 0 0 0 0 0 0 0 0 0 0
0 0 0 0 0 0 0 0 0 0 0 0 0 0 0 0 0 0 0 0 0 0 0 0 0 0 0 0 0 0 0 0 0 0 0 0 0 0 0 0 0 0 0 0 0 0 0 0 0 0 0 0 0 0 0 0 0 0 0 0 0
0 0 0 0 0 0 0 0 0 0 0 0 0 0 0 0 0 0 0 0 0 0 0 0 0 0 0 0 0 0 0 0 0 0 0 0 0 0 0 0 0 0 0 0 0 0 0 0 0 0 0 0 0 0 0 0 0 0 0 0 0
0 0 0 0 0 0 0 0 0 0 0 0 0 0 0 0 0 0 0 0 0 0 0 0 0 0 0 0 0 0 0 0 0 0 0 0 0 0 0 0 0 0 0 0 0 0 0 0 0 0 0 0 0 0 0 0 0 0 0 0 0
0 0 0 0 0 0 0 0 0 0 0 0 0 0 0 0 0 0 0 0 0 0 0 0 0 0 0 0 0 0 0 0 0 0 0 0 0 0 0 0 0 0 0 0 0 0 0 0 0 0 0 0 0 0 0 0 0 0 0 0 0
0 0 0 0 0 0 0 0 0 0 0 0 0 0 0 0 0 0 0 0 0 0 0 0 0 0 0 0 0 0 0 0 0 0 0 0 0 0 0 0 0 0 0 0 0 0 0 0 0 0 0 0 0 0 0 0 0 0 0 0 0
0 0 0 0 0 0 0 0 0 0 0 0 0 0 0 0 0 0 0 0 0 0 0 0 0 0 0 0 0 0 0 0 0 0 0 0 0 0 0 0 0 0 0 0 0 0 0 0 0 0 0 0 0 0 0 0 0 0 0 0 0
0 0 0 0 0 0 0 0 0 0 0 0 0 0 0 0 0 0 0 0 0 0 0 0 0 0 0 0 0 0 0 0 0 0 0 0 0 0 0 0 0 0 0 0 0 0 0 0 0 0 0 0 0 0 0 0 0 0 0 0 0
0 0 0 0 0 0 0 0 0 0 0 0 0 0 0 0 0 0 0 0 0 0 0 0 0 0 0 0 0 0 0 0 0 0 0 0 0 0 0 0 0 0 0 0 0 0 0 0 0 0 0 0 0 0 0 0 0 0 0 0 0
0 0 0 0 0 0 0 0 0 0 0 0 0 0 0 0 0 0 0 0 0 0 0 0 0 0 0 0 0 0 0 0 0 0 0 0 0 0 0 0 0 0 0 0 0 0 0 0 0 0 0 0 0 0 0 0 0 0 0 0 0
0 0 0 0 0 0 0 0 0 0 0 0 0 0 0 0 0 0 0 0 0 0 0 0 0 0 0 0 0 0 0 0 0 0 0 0 0 0 0 0 0 0 0 0 0 0 0 0 0 0 0 0 0 0 0 0 0 0 0 0 0
0 0 0 0 0 0 0 0 0 0 0 0 0 0 0 0 0 0 0 0 0 0 0 0 0 0 0 0 0 0 0 0 0 0 0 0 0 0 0 0 0 0 0 0 0 0 0 0 0 0 0 0 0 0 0 0 0 0 0 0 0
0 0 0 0 0 0 0 0 0 0 0 0 0 0 0 0 0 0 0 0 0 0 0 0 0 0 0 0 0 0 0 0 0 0 0 0 0 0 0 0 0 0 0 0 0 0 0 0 0 0 0 0 0 0 0 0 0 0 0 0 0
0 0 0 0 0 0 0 0 0 0 0 0 0 0 0 0 0 0 0 0 0 0 0 0 0 0 0 0 0 0 0 0 0 0 0 0 0 0 0 0 0 0 0 0 0 0 0 0 0 0 0 0 0 0 0 0 0 0 0 0 0
0 0 0 0 0 0 0 0 0 0 0 0 0 0 0 0 0 0 0 0 0 0 0 0 0 0 0 0 0 0 0 0 0 0 0 0 0 0 0 0 0 0 0 0 0 0 0 0 0 0 0 0 0 0 0 0 0 0 0 0 0

I cap
1058.909090909091 1058.909090909091 1001.5090909091059 940.0090909091132 1060.8999999999994 1059.7199999999898 712.5000000000243 1054.8400000000115 342.899999999999 537.4599999999905 350.1400000000132 325.68000000001166 495.6999999999964 376.9199999999869 453.72000000001464 432.6090909091036 260.4490909090878 622.689090909111 206.1290909091045 445.0090909090953 416.1490909090986 312.98909090911064 672.2690909090934 456.7290909090786 512.8290909091038 629.5090909091093 674.4690909090903 333.3090909090756 575.0290909091283 594.9090909091167 502.20909090906457 386.38909090911665 558.909090909121 498.00909090906697 270.8799999999993 242.00000000000182 339.65999999999855 153.82000000001307 294.62000000002047 582.5800000000052 282.8599999999902 584.559999999999 444.9800000000232 714.3800000000233 774.6600000000021 627.2399999999893 746.6800000000067 846.0200000000282 862.9000000000326 860.8600000000433 768.260000000002 749.3399999999867 823.1400000000149 687.7200000000455 909.1800000000269 971.3999999999965 723.3290909090936 831.9490909091139 941.349090909091 1058.909090909091 1058.909090909091
107.96969696969697 107.96969696969697 70.96969696969697 58.46969696969697 46.89999999999992 73.27999999999997 1.5000000000000782 10.15999999999989 24.100000000000705 82.54000000000002 98.86000000000038 84.31999999999995 64.29999999999961 32.07999999999953 63.280000000000264 59.269696969697065 66.42969696969706 51.189696969697486 6.749696969697659 23.869696969697017 3.7296969696972013 5.889696969697191 34.60969696969718 36.1496969696975 77.04969696969714 84.36969696969707 92.409696969697 60.56969696969705 13.849696969697355 2.9696969696978393 27.669696969696474 39.48969696969691 87.96969696969768 72.86969696969624 35.119999999999806 36.000000000001535 21.339999999999918 11.180000000000078 23.38000000000052 19.41999999999996 6.139999999999937 25.439999999999955 47.02000000000001 102.61999999999992 83.33999999999992 58.7600000000001 65.31999999999974 99.97999999999976 79.09999999999985 71.1399999999999 44.73999999999985 42.260000000000005 47.45999999999984 6.080000000000268 27.81999999999981 11.600000000000207 23.549696969696775 42.929696969697034 69.52969696969697 107.96969696969697 107.96969696969697
38.96666666666666 38.96666666666666 14.033333333333328 14.033333333333328 27.96666666666666 29.325 13.958333333333332 11.158333333333335 5.558333333333341 17.53333333333334 2.133333333333331 7.733333333333336 2.833333333333334 14.73333333333334 9.833333333333334 10.299999999999997 17.299999999999997 17.299999999999997 31.96666666666666 17.300000000000004 10.299999999999997 17.300000000000004 10.300000000000004 17.300000000000004 10.300000000000004 4.625000000000005 4.625000000000005 11.625000000000005 19.29166666666667 31.96666666666667 24.96666666666667 17.300000000000004 10.300000000000004 17.300000000000004 16.8 18.9 3.533333333333333 1.4333333333333353 5.633333333333331 2.133333333333331 16.133333333333333 11.23333333333334 25.233333333333384 17.533333333333367 21.73333333333334 14.624999999999996 11.158333333333323 9.758333333333356 10.458333333333348 32.2 42.0 10.06666666666668 20.56666666666668 18.866666666666667 44.10000000000001 38.50000000000001 31.96666666666666 31.96666666666666 38.96666666666666 38.96666666666666 38.96666666666666
45.24545454545453 45.24545454545453 43.77545454545453 41.67545454545453 30.45000000000004 34.72000000000013 22.57000000000065 31.34000000000134 24.41000000000039 28.71000000000034 29.74000000000029 18.54000000000012 14.240000000000325 10.560000000000155 18.670000000000133 32.75545454545491 32.425454545454876 33.98545454545494 23.6454545454552 25.205454545455055 30.66545454545497 29.895454545455255 28.135454545455215 27.405454545456173 39.445454545455256 40.42545454545517 37.255454545455066 20.77545454545518 19.585454545455097 28.75545454545505 34.14545454545516 22.495454545455015 24.775454545454988 25.18545454545517 25.830000000000396 20.560000000000272 17.420000000000094 13.200000000000053 21.7400000000003 38.120000000000495 20.940000000000687 30.16000000000069 34.99000000000041 32.74000000000072 32.790000000000624 32.500000000000384 28.720000000000393 27.260000000000336 24.920000000000304 31.84000000000029 36.090000000000046 36.250000000000085 49.42 38.68000000000033 27.56000000000058 33.64000000000015 41.155454545454525 42.77545454545453 43.28545454545453 45.24545454545453 45.24545454545453
20.999999999999993 20.999999999999993 20.369999999999994 20.069999999999993 13.409999999999973 22.53999999999997 13.859999999999959 15.809999999999878 7.429999999999961 10.639999999999965 13.67999999999996 11.279999999999994 9.449999999999957 7.9599999999999955 6.859999999999985 12.869999999999953 11.759999999999952 16.569999999999993 12.019999999999962 12.589999999999941 9.419999999999874 10.279999999999944 16.389999999999944 11.509999999999945 14.220000000000006 14.830000000000002 17.369999999999997 10.51999999999993 8.229999999999965 12.279999999999937 16.040000000000006 11.800000000000027 10.449999999999982 5.730000000000036 10.249999999999833 12.979999999999977 6.829999999999945 2.719999999999967 6.229999999999958 7.780000000000014 0.7399999999998803 7.180000000000028 7.019999999999985 13.680000000000014 11.020000000000046 9.039999999999976 9.750000000000025 10.94000000000006 12.259999999999955 6.350000000000039 5.970000000000004 7.12000000000001 10.439999999999982 4.270000000000122 5.479999999999865 6.299999999999862 13.449999999999996 17.159999999999997 20.21999999999999 20.999999999999993 20.999999999999993
345.75757575757575 345.75757575757575 345.75757575757575 305.75757575757575 209.0 223.55882352941234 254.88058823529343 245.1105882352939 233.6988235294137 239.63941176470695 185.3199999999998 172.21999999999971 215.98117647058976 182.15941176470741 192.15058823529355 229.39816399286724 275.9063992869876 293.24816399287056 260.17698752228296 263.39698752228173 264.2787522281642 276.03816399286995 269.0463992869885 262.65816399287235 243.3269875222829 207.7069875222804 243.82875222816472 246.33698752228327 257.9381639928686 242.62698752228087 269.4769875222837 215.6675757575755 221.95757575757705 239.58757575757488 176.571176470589 207.21941176470594 217.83941176470614 215.03000000000037 251.8411764705881 277.590588235294 245.4788235294127 295.1194117647089 207.25000000000048 248.91117647058786 249.2594117647077 193.70941176470495 256.5600000000005 269.02000000000146 288.940000000003 293.34000000000447 245.37000000000282 182.67000000000158 282.1600000000021 263.74000000000274 294.7200000000025 312.30117647058853 299.4081639928696 328.81757575757575 341.76757575757574 345.75757575757575 345.75757575757575
779.7575757575758 779.7575757575758 762.7475757575758 704.0475757575758 568.2499999999989 712.0600000000004 729.4599999999997 713.8700000000005 732.8299999999992 822.3600000000007 787.2099999999987 672.2599999999998 706.3299999999997 629.889999999999 687.8799999999986 700.9275757575743 666.9675757575752 691.4075757575762 510.43757575757706 487.1875757575758 552.5875757575734 589.2875757575749 597.3975757575747 510.7975757575782 655.5875757575755 572.1475757575746 657.1675757575774 563.3875757575755 596.2675757575735 579.0375757575815 541.1475757575719 527.5975757575738 629.7375757575778 634.4275757575729 554.5199999999966 586.6500000000051 632.6100000000001 543.9900000000011 561.2000000000018 603.6699999999994 457.01999999999737 509.0800000000014 570.5199999999962 633.819999999997 611.1499999999996 463.5100000000001 563.8900000000012 552.1499999999983 517.8299999999975 499.949999999994 521.8599999999974 568.2699999999982 607.1199999999977 493.91999999999894 610.6799999999993 515.1700000000005 683.8875757575754 725.2675757575757 749.4575757575758 779.7575757575758 779.7575757575758
80.73333333333335 80.73333333333335 79.89333333333335 77.49333333333334 64.37999999999997 86.52000000000001 74.44 83.33999999999999 80.17999999999999 88.84999999999998 81.34 86.54 90.42666666666666 83.21999999999998 78.34 74.00666666666655 76.76333333333328 75.80333333333323 69.86333333333326 68.14999999999996 66.57333333333338 71.05666666666667 77.65333333333335 70.25999999999998 73.68666666666662 73.52 72.1933333333333 67.79666666666667 69.99333333333321 72.13333333333334 74.80333333333327 70.52999999999984 68.34333333333329 67.05333333333317 41.53333333333339 66.2899999999996 69.33666666666635 58.909999999998895 62.189999999998165 72.14333333333303 66.54666666666647 67.97999999999999 69.47000000000001 78.53999999999999 81.06 80.65999999999998 76.17000000000002 70.64000000000001 66.07999999999932 63.75999999999922 63.54999999999933 59.769999999999314 62.303333333333164 52.94666666666609 51.66999999999917 49.94999999999979 74.18666666666668 79.26333333333335 79.34333333333335 80.73333333333335 80.73333333333335
10.775757575757575 10.775757575757575 9.725757575757575 4.125757575757577 0.05000000000000249 3.499999999999993 2.499999999999999 3.3499999999999988 1.369999999999994 5.4700000000000015 2.6700000000000004 2.069999999999993 2.0700000000000074 2.1600000000000055 0.5800000000000018 1.9857575757575665 5.975757575757576 5.975757575757574 6.09575757575758 2.89575757575758 1.8957575757575968 2.4357575757575933 0.5457575757575874 1.105757575757573 6.035757575757573 0.15575757575757265 1.985757575757575 2.775757575757572 3.175757575757576 10.775757575757577 8.375757575757582 4.715757575757569 2.0257575757575754 7.465757575757565 4.440000000000003 1.1500000000000064 0.15000000000000657 2.890000000000012 0.7000000000000033 0.3400000000000034 2.390000000000006 5.570000000000004 0.27999999999999936 2.8099999999999996 4.500000000000001 0.7000000000000046 7.700000000000001 3.199999999999992 2.499999999999991 5.900000000000008 3.6999999999999975 0.7000000000000117 9.070000000000025 0.23000000000003418 0.5600000000000085 3.850000000000024 6.92575757575757 9.725757575757576 9.825757575757576 10.775757575757575 10.775757575757575
2.545454545454545 2.545454545454545 2.545454545454545 1.645454545454545 1.3599999999999999 0.5599999999999999 0.4600000000000065 0.7500000000000008 1.2400000000000402 1.2600000000000007 1.5400000000000063 0.1399999999999999 0.5599999999999999 0.6300000000000002 0.8400000000000002 1.0754545454545452 1.0754545454545603 0.29545454545454963 0.35545454545455024 0.9854545454545497 1.2854545454545518 0.025454545454549615 0.9554545454545477 0.5654545454545475 0.7754545454545524 1.0754545454545519 1.7054545454545655 1.2854545454545523 0.2954545454545492 0.98545454545455 0.3554545454545479 0.02545454545455006 0.32545454545455177 0.5654545454545515 1.030000000000018 1.3300000000000032 1.96000000000002 0.21000000000000063 0.790000000000019 0.2599999999999999 0.4600000000000163 0.5400000000000008 0.8200000000000179 0.1399999999999999 0.15000000000000058 0.46000000000001406 0.36000000000000054 0.94000000000001 0.17000000000000082 1.96 1.3600000000000092 0.17000000000000615 1.270000000000004 2.1300000000000066 1.330000000000001 0.13000000000000522 0.2054545454545481 0.805454545454554 1.915454545454545 2.545454545454545 2.545454545454545
8.515433299825174 8.515433299825174 8.515433299825174 8.515433299825167 6.514191264367815 6.833590317604342 6.092845718390781 7.286720774349557 8.29897514519013 6.371800028735502 7.6646031034480036 7.138306896551575 5.57396965517228 4.561280574712642 5.490526607682997 5.56869140955838 6.522186578947355 5.769028191167561 4.4517397126436915 3.785285201149433 4.122905669856452 7.15055227162733 6.132776034482735 5.674876521476077 6.158830000000027 5.8670956321839185 4.938443938293956 6.896571091953908 6.953319770114849 6.66363801572894 7.892193363581081 6.401959310344661 4.6955687931034555 4.90407675287356 9.108478333333194 10.72897316091945 4.776899942528773 5.204171034482753 4.959307241379311 5.237900229885062 4.096856724137974 4.666545287356369 5.1639065517241445 6.306379827586205 5.497138678160889 5.289797183908 4.2621043103448795 5.010240000000043 4.30023637931036 3.1641889655172104 4.6604784482758035 4.893094827586161 7.545316061705934 6.428233765880191 7.916568793103292 4.477552096188747 6.934973357296435 7.653364161894137 8.515433299825174 8.515433299825174 8.170605713618277
700.0 700.0 699.0 696.0 688.0 686.0 675.0 683.0 677.0 677.0 677.0 680.0 680.0 684.0 678.0 679.0 678.0 680.0 678.0 680.0 684.0 681.0 676.0 679.0 675.0 682.0 673.0 681.0 678.0 685.0 677.0 672.0 678.0 685.0 683.0 679.0 682.0 681.0 686.0 680.0 679.0 682.0 678.0 682.0 683.0 686.0 681.0 687.0 679.0 682.0 682.0 685.0 682.0 676.0 684.0 681.0 688.0 687.0 696.0 700.0 694.0

H cap
-19.95000000000003 -29.399999999999963 5.249999999999943 -13.649999999999988 8.399999999999963 17.849999999999966 11.549999999999942 11.549999999999914 17.84999999999998 -1.0500000000000647 55.649999999999906 2.09999999999987 2.0999999999999677 74.54999999999997 -4.200000000000074 -4.200000000000124 -1.0500000000000878 -7.3499999999999925 -1.0500000000000238 5.249999999999972 74.54999999999994 36.75 8.399999999999977 5.249999999999915 11.549999999999967 14.699999999999948 30.449999999999974 49.34999999999995 5.25 24.14999999999999 87.14999999999999 49.349999999999966 8.399999999999991 5.249999999999972 14.699999999999974 36.74999999999997 17.84999999999998 36.74999999999996 77.69999999999997 87.14999999999999 65.1 33.599999999999994 2.0999999999999943 33.599999999999994 102.89999999999999 46.19999999999999 36.749999999999986 83.99999999999997 102.89999999999999 20.999999999999986 30.44999999999999 -4.200000000000003 -4.200000000000003 131.25 131.25 131.25 131.25 131.25 131.25 131.25 131.25
38.10000000000007 38.10000000000018 35.85000000000022 27.30000000000007 30.90000000000026 29.550000000000228 23.700000000000166 21.45000000000022 12.00000000000022 7.500000000000153 14.25000000000017 21.90000000000014 32.250000000000085 30.450000000000227 26.850000000000115 19.200000000000188 9.750000000000206 19.200000000000106 33.600000000000236 24.60000000000015 28.200000000000216 36.300000000000125 22.80000000000004 19.2000000000003 24.60000000000013 29.10000000000019 29.10000000000021 18.30000000000003 12.000000000000146 18.750000000000146 22.350000000000126 25.500000000000124 22.350000000000207 12.900000000000123 7.950000000000144 17.40000000000017 24.15000000000024 16.05000000000007 18.300000000000107 21.000000000000135 15.60000000000004 18.300000000000125 21.00000000000024 12.90000000000007 11.100000000000083 8.850000000000087 2.550000000000102 12.00000000000015 26.4000000000002 22.35000000000013 21.450000000000188 7.500000000000244 21.00000000000011 52.5 52.5 52.5 52.5 52.5 52.5 52.5 52.5
50.400000000000006 47.25000000000001 47.25000000000001 40.95000000000001 40.95000000000001 44.10000000000001 40.95000000000001 40.95000000000001 44.10000000000001 37.80000000000001 37.80000000000001 37.80000000000001 44.10000000000001 53.550000000000004 47.25000000000001 44.10000000000001 44.10000000000001 47.25000000000001 47.25000000000001 44.10000000000001 47.25000000000001 50.400000000000006 47.25000000000001 44.10000000000001 47.25000000000001 44.10000000000001 44.10000000000001 44.10000000000001 44.10000000000001 50.400000000000006 53.550000000000004 47.25000000000001 47.25000000000001 47.25000000000001 44.10000000000001 44.10000000000001 44.10000000000001 47.25000000000001 53.550000000000004 56.7 50.400000000000006 50.400000000000006 50.400000000000006 50.400000000000006 53.550000000000004 47.25000000000001 44.10000000000001 50.400000000000006 53.550000000000004 40.95000000000001 47.25000000000001 50.400000000000006 50.400000000000006 63.0 63.0 63.0 63.0 63.0 63.0 63.0 63.0
15.749999999999838 -5.4000000000000945 -4.050000000000155 1.3499999999998282 -3.599999999999824 -0.8999999999998423 -3.14999999999988 -0.899999999999789 16.6500000000002 -2.249999999999787 5.40000000000037 2.1893598045608087e-13 -1.7999999999998564 2.700000000000243 -2.699999999999855 3.15 1.7999999999999399 2.042810365310288e-13 -4.4999999999997495 0.9000000000002899 -1.349999999999845 -5.849999999999845 -5.3999999999997765 -17.09999999999984 -11.249999999999773 -1.7999999999998266 -1.7999999999996579 3.019806626980426e-13 14.400000000000212 -4.49999999999968 1.80000000000026 -1.349999999999664 0.9000000000002539 13.95000000000002 2.362554596402333e-13 2.700000000000216 -1.7999999999999154 4.950000000000344 0.9000000000002277 0.9000000000002828 0.9000000000002331 -0.44999999999972085 0.4500000000001312 -0.8999999999998596 12.60000000000023 0.4500000000002444 2.700000000000141 -0.8999999999997899 9.900000000000196 -16.19999999999973 1.800000000000057 0.900000000000234 7.649999999999833 78.75 78.75 78.75 78.75 78.75 78.75 78.75 78.75

Gap
NaN

Time
NaN

