T P M C
61 37 4 12

base obj
11.246784135404825

exp obj
10.503715552534011

Objective struct
11.246784135404825 0.0 8.274509803921568

num campaigns
396

x
0 0 0 0 0 0 0 0 0 0 1 0 0 0 1 0 0 1 0 0 1 0 0 1 0 0 1 0 0 0 1 0 0 0 0 0 0 0 0 1 0 0 1 0 0 0 1 0 0 1 0 0 1 0 0 1 0 0 0 0 0
0 0 0 0 0 0 0 0 0 0 0 0 0 0 0 1 0 0 0 0 0 0 0 1 0 0 0 0 0 0 0 0 0 0 0 0 0 1 0 0 0 0 0 0 0 0 0 0 1 0 0 0 0 0 0 0 0 0 0 0 0
0 0 0 0 0 0 0 0 0 1 0 0 0 0 0 0 1 0 0 0 1 0 0 0 0 1 0 0 0 1 0 0 0 1 0 0 0 1 0 0 0 0 0 1 0 0 0 1 0 0 0 1 0 0 0 0 0 0 0 0 0
0 0 0 0 1 0 1 0 1 0 1 0 1 0 1 0 1 0 1 0 1 0 1 0 0 0 0 0 0 0 0 1 0 0 0 0 0 0 0 0 0 0 0 0 0 0 0 0 0 0 0 0 0 0 0 0 0 0 0 0 0
0 0 0 0 0 0 1 1 1 1 1 1 1 1 1 1 1 1 0 0 0 1 0 0 0 0 0 0 1 0 1 0 0 0 0 0 1 1 0 0 0 0 0 0 0 0 0 0 0 0 0 0 0 0 0 0 0 0 0 0 0
0 0 0 0 0 0 0 0 1 0 0 0 0 0 0 0 0 0 0 0 0 0 0 0 0 0 0 0 0 1 0 0 0 0 0 0 1 0 0 0 1 0 0 0 0 0 0 0 0 0 0 0 0 0 0 0 0 0 0 0 0
0 0 0 0 0 0 1 1 1 1 1 0 1 1 1 1 1 1 1 0 0 0 0 0 0 0 0 0 0 0 0 0 0 0 0 0 0 0 0 0 0 0 0 0 0 0 0 0 0 0 0 0 0 0 0 0 0 0 0 0 0
0 0 0 0 1 0 0 0 0 0 0 0 0 0 0 0 0 0 0 0 0 1 0 0 0 0 0 0 0 0 0 0 0 0 0 0 0 0 1 0 0 0 0 0 0 0 0 0 0 0 0 0 0 0 0 1 0 0 0 0 0
0 0 0 0 1 0 0 0 0 0 0 0 0 0 0 0 0 0 0 0 0 0 0 0 0 0 0 0 0 0 0 0 0 0 0 0 0 0 0 0 0 0 0 0 0 0 0 0 0 0 0 1 0 0 0 0 0 0 0 0 0
0 0 0 0 0 0 0 0 0 0 1 0 0 1 0 0 0 0 0 0 0 0 0 0 0 1 0 0 1 0 0 0 1 0 0 0 0 0 0 1 0 0 0 1 0 0 1 0 1 0 0 1 0 0 0 0 0 0 0 0 0
0 0 0 0 0 0 1 0 0 0 0 0 0 0 0 0 0 0 0 0 0 0 1 0 0 0 0 0 0 0 0 1 0 0 0 0 0 0 0 0 0 1 0 0 0 0 0 0 0 0 1 0 0 0 0 0 0 0 0 0 0
0 0 0 0 0 0 0 0 1 0 0 0 0 0 0 0 0 0 0 1 0 0 0 0 0 0 0 0 0 0 0 0 1 0 0 0 0 0 0 0 0 0 0 0 0 1 0 0 0 0 0 0 0 0 0 0 0 0 0 0 0
0 0 0 0 0 0 0 0 0 0 0 0 0 0 0 0 0 0 0 0 0 0 0 0 0 0 0 0 0 1 0 0 0 0 0 0 0 0 0 0 0 0 0 0 0 0 0 0 0 0 0 0 0 1 0 0 0 0 0 0 0
0 0 0 0 1 0 0 1 0 0 0 0 0 1 0 1 0 0 0 0 0 1 0 0 0 0 0 1 0 0 0 1 0 0 1 0 1 0 1 0 0 0 0 0 0 0 0 1 0 0 0 0 0 0 0 0 0 0 0 0 0
0 0 0 0 0 0 0 0 0 0 0 0 1 0 0 0 0 0 0 0 0 0 0 0 0 0 0 1 0 0 0 0 0 0 0 0 0 0 0 0 0 0 0 0 0 0 0 0 0 0 0 0 0 0 0 0 0 0 0 0 0
0 0 0 0 0 0 0 0 0 0 0 0 0 0 0 0 0 0 0 0 0 0 0 0 1 0 0 0 0 0 0 0 0 0 0 0 0 0 0 0 0 0 0 0 0 0 0 0 0 0 0 0 0 0 0 0 0 0 0 0 0
0 0 0 0 0 0 0 0 0 0 0 0 0 0 0 0 0 1 0 0 0 0 0 0 0 0 0 0 0 0 0 1 0 0 0 0 0 0 0 0 0 0 0 0 0 0 0 0 0 1 0 0 0 0 0 0 0 0 0 0 0
0 0 0 0 0 0 1 0 0 0 0 0 0 0 0 0 0 0 0 0 0 0 0 0 0 0 0 1 0 0 0 0 0 0 0 0 0 0 0 0 0 0 0 0 0 0 0 0 1 0 0 0 0 0 0 0 0 0 0 0 0
0 0 0 0 0 0 1 0 0 1 0 1 0 1 0 1 0 1 0 0 0 1 0 1 0 1 0 0 1 0 1 0 1 0 0 1 0 1 0 1 0 1 0 1 0 1 0 1 0 1 0 1 0 1 0 0 0 0 0 0 0
0 0 0 0 1 0 0 0 0 0 0 0 0 0 0 0 0 0 0 0 0 0 0 0 0 0 0 0 0 0 0 0 0 0 0 0 0 0 0 0 0 0 0 0 0 0 0 0 0 0 0 0 0 0 0 1 0 0 0 0 0
0 0 0 0 0 0 1 0 0 1 0 0 0 0 0 0 1 0 0 1 0 0 1 0 0 0 1 0 0 1 0 0 1 0 0 0 0 0 0 1 0 0 1 0 0 1 0 0 1 0 0 0 0 0 0 0 0 0 0 0 0
0 0 0 0 0 0 0 0 0 0 0 0 0 0 0 0 0 0 0 0 0 0 0 0 0 0 0 0 0 0 0 0 0 0 0 0 0 0 0 0 0 0 0 0 0 0 0 0 0 0 0 0 0 0 0 0 0 0 0 0 0
0 0 0 0 0 1 0 0 0 0 0 0 0 0 0 0 0 0 0 1 0 0 0 0 0 0 0 0 0 0 0 0 0 0 1 0 0 0 0 0 0 0 0 0 0 0 0 0 0 0 1 0 0 0 0 0 0 0 0 0 0
0 0 0 0 0 0 1 0 0 0 0 0 0 0 0 0 0 0 1 0 0 0 0 0 0 1 0 0 0 0 0 0 0 0 0 1 0 0 0 0 0 1 0 0 0 0 0 0 0 0 0 0 0 1 0 0 0 0 0 0 0
0 0 0 0 0 0 0 0 0 0 0 1 0 0 0 0 0 0 0 0 0 0 1 0 0 0 0 0 0 0 0 0 0 1 0 0 0 0 0 0 0 0 0 0 1 0 0 0 0 0 0 0 0 0 0 1 0 0 0 0 0
0 0 0 0 1 0 0 0 0 1 0 0 0 0 1 0 0 0 0 1 0 0 0 0 1 0 0 0 0 1 0 0 0 0 0 0 0 0 0 0 0 0 0 1 0 0 0 0 0 0 0 0 0 1 0 0 0 0 0 0 0
0 0 0 0 0 0 0 0 1 0 0 0 1 0 0 0 0 0 0 1 0 0 0 0 0 0 0 0 1 0 0 0 0 1 0 0 0 1 0 0 0 0 0 1 0 0 0 1 0 0 0 1 0 0 0 0 0 0 0 0 0
0 0 0 0 1 0 0 0 0 0 0 0 0 0 0 0 0 0 0 0 0 0 0 0 0 0 0 0 0 0 0 0 0 0 0 0 0 0 0 0 0 0 0 0 0 0 0 0 0 0 0 0 0 0 0 1 0 0 0 0 0
0 0 0 0 0 0 0 0 0 0 0 0 0 0 0 0 0 0 0 0 0 0 0 0 0 0 0 0 0 0 0 0 0 0 0 0 0 0 0 0 0 1 0 0 0 1 0 0 0 0 0 0 0 0 0 0 0 0 0 0 0
0 0 0 0 1 1 1 1 1 1 1 1 1 1 1 1 1 1 1 0 0 1 1 1 1 1 1 1 1 1 1 1 1 0 0 1 1 1 1 1 1 1 1 1 1 1 1 1 1 1 1 1 1 1 1 0 0 0 0 0 0
0 0 0 0 1 0 1 1 1 1 1 1 0 1 1 1 1 1 1 1 0 1 0 1 1 1 1 0 1 1 1 1 1 0 1 1 1 1 1 1 1 1 1 1 1 1 1 1 1 1 1 1 1 1 1 1 0 0 0 0 0
0 0 0 0 1 0 1 1 1 1 0 0 0 0 1 1 1 1 0 0 0 1 0 0 1 1 0 0 0 1 1 1 1 0 0 0 1 0 1 1 1 1 1 0 1 1 1 1 1 1 1 1 1 1 1 0 0 0 0 0 0
0 0 0 0 0 0 1 0 0 1 0 0 0 1 1 1 1 1 0 0 0 0 0 0 1 0 0 0 1 1 0 1 1 0 1 1 0 0 1 1 1 1 1 1 1 1 0 0 1 0 0 1 1 1 0 0 0 0 0 0 0
0 0 0 0 1 0 1 1 1 1 0 0 0 1 1 1 1 1 1 0 0 0 0 0 1 1 1 0 1 1 1 1 1 0 0 1 1 1 1 1 1 1 1 0 1 1 1 1 1 0 1 1 1 1 0 0 0 0 0 0 0
0 0 0 0 0 0 1 1 1 0 0 0 0 0 0 1 1 0 0 0 0 0 0 0 0 0 1 0 0 0 0 0 0 0 0 0 1 0 0 1 1 0 0 1 0 0 0 1 0 0 0 1 1 1 1 1 0 0 0 0 0
0 0 0 0 0 0 1 0 0 0 0 0 0 0 0 0 0 0 0 0 0 0 0 0 0 0 0 0 0 0 0 0 0 0 1 0 0 0 0 0 0 0 0 0 0 0 0 0 0 0 0 0 0 0 0 0 0 0 0 0 0
0 0 0 0 0 0 0 0 0 0 0 0 0 0 0 0 0 0 0 0 0 0 0 0 0 0 0 0 0 0 0 0 0 0 0 0 0 0 0 0 0 0 0 0 0 0 0 0 0 0 0 0 0 0 0 0 0 0 0 0 0

y
0.0 3.3636363636363633 0.0 0.0 0.0 0.0 0.0 0.0 0.0 0.1785714285714286 0.0 0.0 19.363636363636363 0.0 6.5 0.0 3.8000000000000007 0.0 0.0 0.0 0.0 0.0 0.0 0.33333333333333304 0.8000000000000007 0.0 0.0 0.0 1.4500000000000002 0.0 0.0 0.0 0.5048543689320388 0.0 0.0 27.0 0.0

k
0 8 3 0 0 8 0 0 0 19 0 0 10 0 5 0 3 0 3 0 0 6 0 4 1 0 1 0 19 5 6 19 78 16 36 50 6

f
0.0 29.39999999999999 0.0 0.0 0.0 1.050000000000157 1.0500000000000806 0.0 0.0 0.0 0.0 4.200000000000031 0.0 1.0500000000001393 0.0 0.0 1.0500000000000398 1.0500000000000398 0.0 0.0 0.0 0.0 0.0 4.199999999999989 0.0 0.0 0.0 0.0 0.0 0.0 0.0 0.0 0.0 0.0 0.0 0.0 0.0 0.0 0.0 0.0 0.0 0.0 0.0 0.0 0.0 16.80000000000001 0.0 0.0 0.0 0.0 0.0 13.65000000000002 13.650000000000006 0.0 0.0 0.0 0.0 0.0 0.0 0.0 0.0
0.0 0.0 0.0 0.0 0.0 0.0 0.0 0.0 0.0 0.0 0.0 0.0 0.0 0.0 0.0 0.0 0.0 0.0 0.0 0.0 0.0 0.0 0.0 0.0 0.0 0.0 0.0 0.0 0.0 0.0 0.0 0.0 0.0 0.0 0.0 0.0 0.0 0.0 0.0 0.0 0.0 0.0 0.0 0.0 0.0 0.0 0.0 0.0 0.0 0.0 0.0 0.0 0.0 0.0 0.0 0.0 0.0 0.0 0.0 0.0 0.0
0.0 0.0 0.0 0.0 0.0 0.0 0.0 0.0 0.0 0.0 0.0 0.0 0.0 0.0 0.0 0.0 0.0 0.0 0.0 0.0 0.0 0.0 0.0 0.0 0.0 0.0 0.0 0.0 0.0 0.0 0.0 0.0 0.0 0.0 0.0 0.0 0.0 0.0 0.0 0.0 0.0 0.0 0.0 0.0 0.0 0.0 0.0 0.0 0.0 0.0 0.0 0.0 0.0 0.0 0.0 0.0 0.0 0.0 0.0 0.0 0.0
0.0 8.10000000000037 0.900000000000015 0.0 0.0 0.44999999999983986 0.0 2.6999999999997826 10.799999999999816 5.8499999999997465 0.0 0.44999999999973817 0.0 0.0 0.8999999999998884 5.399999999999849 9.44999999999993 0.0 4.049999999999979 1.3499999999997812 0.0 0.0 0.0 3.599999999999781 1.3499999999998522 1.3499999999996581 5.39999999999971 0.0 0.0 3.1499999999996104 24.749999999999822 0.8999999999998116 0.0 2.6999999999998554 0.0 0.0 0.0 0.0 0.0 0.0 0.8999999999999302 0.4499999999996973 0.0 0.0 0.0 0.0 0.8999999999996953 0.0 0.0 0.0 0.0 4.049999999999638 0.0 0.0 0.0 0.0 0.0 0.0 0.0 0.0 0.0

L
3 8 4 2 1 4 1 17 47 2 9 11 24 2 15 0 14 21 2 51 3 0 14 6 11 5 4 51 4 1 1 1 1 1 1 28 0

g
0 0 0 0 0 0 0 0 0 0 0 0 0 0 0 0 0 0 0 0 0 0 0 0 0 0 0 0 0 0 0 0 0 0 0 0 0 0 0 0 0 0 0 0 0 0 0 0 0 0 0 0 0 0 0 0 0 0 0 0 0
0 0 0 0 0 0 0 0 0 0 0 0 0 0 0 0 0 0 0 0 0 0 0 0 0 0 0 0 0 0 0 0 0 0 0 0 0 0 0 0 0 0 0 0 0 0 0 0 0 0 0 0 0 0 0 0 0 0 0 0 0
0 0 0 0 0 0 0 0 0 0 0 0 0 0 0 0 0 0 0 0 0 0 0 0 0 0 0 0 0 0 0 0 0 0 0 0 0 0 0 0 0 0 0 0 0 0 0 0 0 0 0 0 0 0 0 0 0 0 0 0 0
0 0 0 0 0 0 0 0 0 0 0 0 0 0 0 0 0 0 0 0 0 0 0 0 0 0 0 0 0 0 0 0 0 0 0 0 0 0 0 0 0 0 0 0 0 0 0 0 0 0 0 0 0 0 0 0 0 0 0 0 0
0 0 0 0 0 0 0 0 0 0 0 0 0 0 0 0 0 0 0 0 0 0 0 0 0 0 0 0 0 0 0 0 0 0 0 0 0 0 0 0 0 0 0 0 0 0 0 0 0 0 0 0 0 0 0 0 0 0 0 0 0
0 0 0 0 0 0 0 0 0 0 0 0 0 0 0 0 0 0 0 0 0 0 0 0 0 0 0 0 0 0 0 0 0 0 0 0 0 0 0 0 0 0 0 0 0 0 0 0 0 0 0 0 0 0 0 0 0 0 0 0 0
0 0 0 0 0 0 0 0 0 0 0 0 0 0 0 0 0 0 0 0 0 0 0 0 0 0 0 0 0 0 0 0 0 0 0 0 0 0 0 0 0 0 0 0 0 0 0 0 0 0 0 0 0 0 0 0 0 0 0 0 0
0 0 0 0 0 0 0 0 0 0 0 0 0 0 0 0 0 0 0 0 0 0 0 0 0 0 0 0 0 0 0 0 0 0 0 0 0 0 0 0 0 0 0 0 0 0 0 0 0 0 0 0 0 0 0 0 0 0 0 0 0
0 0 0 0 0 0 0 0 0 0 0 0 0 0 0 0 0 0 0 0 0 0 0 0 0 0 0 0 0 0 0 0 0 0 0 0 0 0 0 0 0 0 0 0 0 0 0 0 0 0 0 0 0 0 0 0 0 0 0 0 0
0 0 0 0 0 0 0 0 0 0 0 0 0 0 0 0 0 0 0 0 0 0 0 0 0 0 0 0 0 0 0 0 0 0 0 0 0 0 0 0 0 0 0 0 0 0 0 0 0 0 0 0 0 0 0 0 0 0 0 0 0
0 0 0 0 0 0 0 0 0 0 0 0 0 0 0 0 0 0 0 0 0 0 0 0 0 0 0 0 0 0 0 0 0 0 0 0 0 0 0 0 0 0 0 0 0 0 0 0 0 0 0 0 0 0 0 0 0 0 0 0 0
0 0 0 0 0 0 0 0 0 0 0 0 0 0 0 0 0 0 0 0 0 0 0 0 0 0 0 0 0 0 0 0 0 0 0 0 0 0 0 0 0 0 0 0 0 0 0 0 0 0 0 0 0 0 0 0 0 0 0 0 0
0 0 0 0 0 0 0 0 0 0 0 0 0 0 0 0 0 0 0 0 0 0 0 0 0 0 0 0 0 0 0 0 0 0 0 0 0 0 0 0 0 0 0 0 0 0 0 0 0 0 0 0 0 0 0 0 0 0 0 0 0
0 0 0 0 0 0 0 0 0 0 0 0 0 0 0 0 0 0 0 0 0 0 0 0 0 0 0 0 0 0 0 0 0 0 0 0 0 0 0 0 0 0 0 0 0 0 0 0 0 0 0 0 0 0 0 0 0 0 0 0 0
0 0 0 0 0 0 0 0 0 0 0 0 0 0 0 0 0 0 0 0 0 0 0 0 0 0 0 0 0 0 0 0 0 0 0 0 0 0 0 0 0 0 0 0 0 0 0 0 0 0 0 0 0 0 0 0 0 0 0 0 0
0 0 0 0 0 0 0 0 0 0 0 0 0 0 0 0 0 0 0 0 0 0 0 0 0 0 0 0 0 0 0 0 0 0 0 0 0 0 0 0 0 0 0 0 0 0 0 0 0 0 0 0 0 0 0 0 0 0 0 0 0
0 0 0 0 0 0 0 0 0 0 0 0 0 0 0 0 0 0 0 0 0 0 0 0 0 0 0 0 0 0 0 0 0 0 0 0 0 0 0 0 0 0 0 0 0 0 0 0 0 0 0 0 0 0 0 0 0 0 0 0 0
0 0 0 0 0 0 0 0 0 0 0 0 0 0 0 0 0 0 0 0 0 0 0 0 0 0 0 0 0 0 0 0 0 0 0 0 0 0 0 0 0 0 0 0 0 0 0 0 0 0 0 0 0 0 0 0 0 0 0 0 0
0 0 0 0 0 0 0 0 0 0 0 0 0 0 0 0 0 0 0 0 0 0 0 0 0 0 0 0 0 0 0 0 0 0 0 0 0 0 0 0 0 0 0 0 0 0 0 0 0 0 0 0 0 0 0 0 0 0 0 0 0
0 0 0 0 0 0 0 0 0 0 0 0 0 0 0 0 0 0 0 0 0 0 0 0 0 0 0 0 0 0 0 0 0 0 0 0 0 0 0 0 0 0 0 0 0 0 0 0 0 0 0 0 0 0 0 0 0 0 0 0 0
0 0 0 0 0 0 0 0 0 0 0 0 0 0 0 0 0 0 0 0 0 0 0 0 0 0 0 0 0 0 0 0 0 0 0 0 0 0 0 0 0 0 0 0 0 0 0 0 0 0 0 0 0 0 0 0 0 0 0 0 0
0 0 0 0 0 0 0 0 0 0 0 0 0 0 0 0 0 0 0 0 0 0 0 0 0 0 0 0 0 0 0 0 0 0 0 0 0 0 0 0 0 0 0 0 0 0 0 0 0 0 0 0 0 0 0 0 0 0 0 0 0
0 0 0 0 0 0 0 0 0 0 0 0 0 0 0 0 0 0 0 0 0 0 0 0 0 0 0 0 0 0 0 0 0 0 0 0 0 0 0 0 0 0 0 0 0 0 0 0 0 0 0 0 0 0 0 0 0 0 0 0 0
0 0 0 0 0 0 0 0 0 0 0 0 0 0 0 0 0 0 0 0 0 0 0 0 0 0 0 0 0 0 0 0 0 0 0 0 0 0 0 0 0 0 0 0 0 0 0 0 0 0 0 0 0 0 0 0 0 0 0 0 0
0 0 0 0 0 0 0 0 0 0 0 0 0 0 0 0 0 0 0 0 0 0 0 0 0 0 0 0 0 0 0 0 0 0 0 0 0 0 0 0 0 0 0 0 0 0 0 0 0 0 0 0 0 0 0 0 0 0 0 0 0
0 0 0 0 0 0 0 0 0 0 0 0 0 0 0 0 0 0 0 0 0 0 0 0 0 0 0 0 0 0 0 0 0 0 0 0 0 0 0 0 0 0 0 0 0 0 0 0 0 0 0 0 0 0 0 0 0 0 0 0 0
0 0 0 0 0 0 0 0 0 0 0 0 0 0 0 0 0 0 0 0 0 0 0 0 0 0 0 0 0 0 0 0 0 0 0 0 0 0 0 0 0 0 0 0 0 0 0 0 0 0 0 0 0 0 0 0 0 0 0 0 0
0 0 0 0 0 0 0 0 0 0 0 0 0 0 0 0 0 0 0 0 0 0 0 0 0 0 0 0 0 0 0 0 0 0 0 0 0 0 0 0 0 0 0 0 0 0 0 0 0 0 0 0 0 0 0 0 0 0 0 0 0
0 0 0 0 0 0 0 0 0 0 0 0 0 0 0 0 0 0 0 0 0 0 0 0 0 0 0 0 0 0 0 0 0 0 0 0 0 0 0 0 0 0 0 0 0 0 0 0 0 0 0 0 0 0 0 0 0 0 0 0 0
0 0 0 0 0 0 0 0 0 0 0 0 0 0 0 0 0 0 0 0 0 0 0 0 0 0 0 0 0 0 0 0 0 0 0 0 0 0 0 0 0 0 0 0 0 0 0 0 0 0 0 0 0 0 0 0 0 0 0 0 0
0 0 0 0 0 0 0 0 0 0 0 0 0 0 0 0 0 0 0 0 0 0 0 0 0 0 0 0 0 0 0 0 0 0 0 0 0 0 0 0 0 0 0 0 0 0 0 0 0 0 0 0 0 0 0 0 0 0 0 0 0
0 0 0 0 0 0 0 0 0 0 0 0 0 0 0 0 0 0 0 0 0 0 0 0 0 0 0 0 0 0 0 0 0 0 0 0 0 0 0 0 0 0 0 0 0 0 0 0 0 0 0 0 0 0 0 0 0 0 0 0 0
0 0 0 0 0 0 0 0 0 0 0 0 0 0 0 0 0 0 0 0 0 0 0 0 0 0 0 0 0 0 0 0 0 0 0 0 0 0 0 0 0 0 0 0 0 0 0 0 0 0 0 0 0 0 0 0 0 0 0 0 0
0 0 0 0 0 0 0 0 0 0 0 0 0 0 0 0 0 0 0 0 0 0 0 0 0 0 0 0 0 0 0 0 0 0 0 0 0 0 0 0 0 0 0 0 0 0 0 0 0 0 0 0 0 0 0 0 0 0 0 0 0
0 0 0 0 0 0 0 0 0 0 0 0 0 0 0 0 0 0 0 0 0 0 0 0 0 0 0 0 0 0 0 0 0 0 0 0 0 0 0 0 0 0 0 0 0 0 0 0 0 0 0 0 0 0 0 0 0 0 0 0 0
0 0 0 0 0 0 0 0 0 0 0 0 0 0 0 0 0 0 0 0 0 0 0 0 0 0 0 0 0 0 0 0 0 0 0 0 0 0 0 0 0 0 0 0 0 0 0 0 0 0 0 0 0 0 0 0 0 0 0 0 0
0 0 0 0 0 0 0 0 0 0 0 0 0 0 0 0 0 0 0 0 0 0 0 0 0 0 0 0 0 0 0 0 0 0 0 0 0 0 0 0 0 0 0 0 0 0 0 0 0 0 0 0 0 0 0 0 0 0 0 0 0

I cap
1058.909090909091 1058.909090909091 1001.5090909090977 984.1090909091073 834.8000000000106 966.5999999999967 777.0399999999977 1130.8400000000015 291.7600000000106 465.22000000001657 109.24000000000126 392.920000000008 303.63999999999913 536.9200000000008 277.10000000000537 332.66909090910156 270.9290909090998 498.44909090911716 424.04909090908586 522.6890909091005 405.00909090909414 488.9090909090989 463.88909090911415 583.8090909090981 562.0090909090945 544.5090909090998 517.5290909090879 771.2890909091059 631.289090909105 275.86909090909023 383.6290909090922 405.8090909091077 792.7090909090994 708.6490909090778 490.9999999999991 584.6000000000033 518.8799999999997 330.18000000000853 502.0800000000154 515.1199999999911 477.07999999999237 655.5200000000077 684.640000000026 449.11999999999495 486.5800000000117 472.88000000001847 874.7599999999886 664.2999999999881 627.0800000000088 670.8000000000393 749.5999999999879 598.1800000000167 719.800000000045 610.2999999999906 882.5800000000352 891.9000000000192 825.9690909090816 882.3490909090999 941.349090909091 1058.909090909091 1058.909090909091
107.96969696969697 107.96969696969697 70.96969696969697 59.369696969696975 22.999999999999943 67.40000000000012 23.959999999999923 40.160000000000224 4.240000000000343 78.77999999999999 24.760000000000247 67.07999999999986 73.35999999999986 55.079999999999785 48.89999999999996 85.20969696969698 62.94969696969736 83.42969696969747 65.82969696969715 4.189696969697145 4.869696969697814 8.969696969697383 8.98969696969715 34.06969696969725 27.86969696969706 60.369696969696605 53.34969696969718 92.58969696969699 69.5896969696971 26.00969696969719 52.24969696969724 18.069696969696643 2.1696969696972483 11.229696969696604 48.000000000000114 79.39999999999995 48.120000000000005 35.81999999999982 16.919999999999845 10.880000000000097 31.919999999998605 25.480000000000004 59.36000000000047 32.879999999999754 57.41999999999996 26.11999999999984 44.2399999999995 38.69999999999978 67.91999999999977 63.20000000000006 64.39999999999944 7.81999999999983 9.200000000000333 2.2999999999999408 10.019999999999996 23.900000000001725 62.90969696969688 64.52969696969686 69.52969696969697 107.96969696969697 107.96969696969697
38.96666666666666 38.96666666666666 14.033333333333328 14.033333333333328 27.96666666666666 29.325 6.958333333333334 4.158333333333337 5.5583333333333425 17.53333333333334 9.133333333333331 0.7333333333333361 17.5 22.4 24.5 24.96666666666666 17.299999999999997 10.300000000000002 17.300000000000004 17.299999999999997 24.299999999999997 17.299999999999997 17.300000000000004 10.299999999999997 17.300000000000004 24.96666666666667 4.6250000000000036 4.6250000000000036 4.6250000000000036 4.6250000000000036 10.300000000000004 17.300000000000004 10.299999999999995 17.299999999999997 2.1333333333333346 11.899999999999999 11.2 9.100000000000001 20.299999999999997 2.133333333333331 16.133333333333333 11.233333333333341 25.23333333333335 17.533333333333367 21.733333333333356 12.633333333333333 23.83333333333335 9.758333333333418 10.458333333333334 4.858333333333336 14.658333333333394 35.000000000000014 45.50000000000005 10.06666666666668 19.16666666666669 29.36666666666669 38.96666666666666 38.96666666666666 38.96666666666666 38.96666666666666 38.96666666666666
45.24545454545453 45.24545454545453 43.77545454545453 35.725454545454525 15.550000000000132 28.770000000000085 26.05000000000064 32.97000000000117 21.06000000000024 24.040000000000262 16.31000000000026 15.860000000000099 18.340000000000153 16.470000000000084 9.350000000000207 31.375454545454982 25.39545454545493 27.33545454545477 31.47545454545504 39.66545454545511 26.405454545455104 22.185454545454853 23.425454545455054 29.905454545455253 30.205454545456302 25.425454545454944 23.805454545454985 29.155454545454898 27.915454545454995 19.535454545454982 24.12545454545505 24.50545454545497 32.76545454545492 34.99545454545497 28.25000000000023 20.15000000000007 21.03000000000024 17.470000000000148 20.06000000000027 31.450000000000443 21.430000000000426 32.53000000000192 39.25000000000027 26.760000000000463 24.67000000000064 27.740000000000595 27.190000000000193 20.2700000000004 20.87000000000039 28.470000000000393 40.190000000000275 31.96000000000007 32.3 33.36000000000019 39.82000000000058 45.269999999999996 42.935454545454526 43.14545454545453 43.28545454545453 45.24545454545453 45.24545454545453
20.999999999999993 20.999999999999993 20.369999999999994 19.71999999999999 7.3100000000000005 19.189999999999976 11.729999999999944 15.829999999999892 6.049999999999972 6.5900000000000105 5.949999999999973 9.210000000000013 13.579999999999961 17.089999999999872 9.629999999999983 10.810000000000016 5.799999999999963 7.449999999999939 6.079999999999989 10.289999999999877 7.96999999999987 9.159999999999846 11.169999999999956 13.180000000000014 13.239999999999986 7.209999999999916 6.159999999999972 11.34 12.889999999999967 8.62999999999996 7.019999999999975 5.300000000000013 9.149999999999983 10.339999999999973 10.809999999999986 14.420000000000005 8.689999999999944 6.439999999999991 5.5799999999999415 3.9800000000000426 1.3099999999999987 9.66999999999998 9.470000000000027 9.50999999999999 6.230000000000025 6.8400000000000425 8.849999999999996 7.060000000000007 9.329999999999938 6.139999999999906 9.810000000000052 6.72999999999999 5.180000000000019 5.1600000000001796 9.899999999999686 9.999999999999998 14.089999999999968 17.159999999999993 20.21999999999999 20.999999999999993 20.999999999999993
345.75757575757575 345.75757575757575 345.75757575757575 312.8163992869875 228.87058823529412 237.52941176470594 258.92941176470606 221.0 220.9100000000002 242.5811764705886 196.0405882352942 241.1400000000007 293.720000000002 234.80882352941126 178.29941176470598 239.79757575757495 240.9175757575758 251.40875222816442 234.0481639928707 288.2275757575766 268.53639928698846 282.67816399287085 293.13816399286975 259.256399286989 227.08698752228176 203.6887522281655 234.0081639928695 315.8675757575758 255.06639928698706 192.8169875222831 200.2975757575765 207.6675757575764 203.73875222816565 227.34816399287007 214.760000000001 232.68882352941225 277.3305882352946 239.41941176470638 235.40941176470605 186.35000000000093 191.72000000000054 271.02000000000396 244.63117647058934 258.26941176470655 249.33941176470654 200.6499999999984 175.61000000000047 229.71000000000203 271.4600000000032 239.61000000000226 241.900000000003 214.03000000000122 238.48000000000147 289.3700000000017 354.46117647059174 339.21058823529415 340.4375757575756 341.76757575757574 341.76757575757574 345.75757575757575 345.75757575757575
779.7575757575758 779.7575757575758 762.7475757575758 738.4475757575758 565.0499999999998 665.5600000000001 745.0999999999999 831.6100000000004 691.5500000000003 702.5299999999992 625.3699999999997 756.2999999999993 697.2599999999999 669.2299999999997 586.8700000000002 571.0275757575737 499.3975757575757 589.3675757575766 604.6975757575741 664.7375757575762 578.9275757575789 607.1775757575742 603.637575757576 596.0575757575767 612.5775757575752 635.1975757575744 642.1875757575777 608.467575757574 575.8875757575742 507.0175757575774 510.4775757575734 454.11757575757406 603.9275757575797 571.0275757575757 374.07999999999726 604.3599999999998 713.5300000000003 628.6100000000007 469.50999999999567 403.5099999999986 455.65999999999667 534.7099999999994 537.3299999999995 463.1699999999979 438.119999999995 477.20999999999225 615.3000000000034 486.4500000000017 526.719999999995 563.5700000000027 576.9299999999982 445.26999999999975 445.4700000000017 538.5499999999982 706.669999999999 599.7700000000015 742.8675757575759 747.8375757575758 749.4575757575758 779.7575757575758 779.7575757575758
80.73333333333335 80.73333333333335 79.89333333333335 76.79333333333334 57.446666666666644 82.55333333333334 74.30666666666666 80.43999999999998 71.19999999999999 78.3 69.42333333333335 83.85999999999999 94.94000000000001 91.31666666666666 77.96999999999998 70.86333333333329 67.26333333333326 68.3433333333333 67.75333333333319 72.39666666666668 71.75333333333322 72.10333333333334 73.42333333333332 77.0233333333333 73.37 68.07333333333335 67.05333333333336 73.21666666666653 73.35000000000001 64.57333333333334 67.37333333333318 66.08333333333323 66.84333333333329 71.37666666666665 42.9200000000001 62.856666666666136 65.95999999999968 62.81999999999858 62.06999999999908 65.11999999999993 63.89999999999825 69.88000000000001 71.83000000000001 78.09333333333332 80.09666666666668 78.46 74.41000000000001 66.56999999999945 64.52999999999952 66.86333333333287 67.29666666666523 55.59999999999924 53.37999999999988 53.25999999999732 61.833333333332604 62.54999999999992 79.05333333333334 79.26333333333335 79.34333333333335 80.73333333333335 80.73333333333335
10.775757575757575 10.775757575757575 9.725757575757575 9.725757575757573 7.050000000000004 8.75 4.849999999999986 2.1499999999999986 1.3999999999999906 1.4999999999999947 1.3699999999999974 6.870000000000009 3.369999999999996 1.37 1.509999999999998 3.415757575757568 4.265757575757581 3.2357575757575754 0.15575757575757798 0.9357575757575898 4.925757575757584 4.625757575757627 8.465757575757594 3.375757575757566 2.31575757575758 1.3857575757575793 0.7957575757575768 3.24575757575757 4.745757575757582 2.345757575757574 2.5657575757575772 6.5457575757575786 0.15575757575757443 1.9857575757575736 3.5999999999999988 2.200000000000002 0.7900000000000045 1.4000000000000268 1.0400000000000071 0.24000000000000377 3.450000000000003 0.6500000000000012 0.6999999999999993 8.399999999999999 7.1 3.1000000000000068 0.7000000000000082 7.140000000000009 4.950000000000004 2.359999999999987 0.7699999999999871 1.3100000000000005 2.5000000000000053 0.05000000000001936 4.150000000000006 3.8500000000000667 6.925757575757577 9.725757575757576 9.825757575757576 10.775757575757575 10.775757575757575
2.545454545454545 2.545454545454545 2.545454545454545 1.645454545454545 1.3599999999999999 0.5599999999999999 0.08000000000000984 0.10000000000000053 1.1800000000000073 0.7500000000000008 1.2400000000000375 0.5599999999999999 0.1399999999999999 0.8400000000000006 2.220446049250313e-16 0.3254545454545468 0.7754545454545488 0.5654545454545538 1.075454545454554 0.29545454545455674 0.35545454545455557 0.3554545454545577 0.025454545454553612 0.32545454545456476 0.5654545454545568 0.7754545454545616 1.0754545454545505 1.7054545454545478 1.2854545454545536 0.1754545454545593 0.20545454545455255 0.5954545454545558 0.9254545454545527 1.1954545454545595 0.08000000000001162 0.800000000000006 1.540000000000022 0.7200000000000005 1.6600000000000161 0.04999999999999993 1.330000000000001 0.8400000000000006 1.3300000000000085 0.5599999999999999 0.8400000000000006 0.5500000000000028 0.5400000000000008 0.750000000000023 0.7900000000000039 0.8200000000000113 1.3200000000000318 0.10000000000000542 0.4900000000000041 0.9000000000000162 0.040000000000000036 0.22000000000000275 1.7054545454545464 1.9154545454545628 1.915454545454545 2.545454545454545 2.545454545454545
8.515433299825174 8.515433299825174 8.515433299825174 8.152456893291586 5.3360303448275825 6.040244885057437 4.796294166666663 5.917997413793003 7.363675689654876 6.515478017241259 7.116901954022695 7.217617413792888 6.520521379310229 4.855533275862051 4.791343132183898 4.127644999999996 3.986796551724143 4.0222346551724035 5.154371291591021 6.25654939655169 5.981435442996195 5.926172356321824 5.681626781609156 5.115923275862054 5.440439195402295 4.702153103448314 4.505443505747183 7.36323793103437 6.500446206896429 5.752960287356264 6.421261724137703 6.40195948275849 4.294752268602513 5.840858189655177 9.538605375075448 11.355984655172403 5.725175977011501 5.503021436781605 4.643215287356316 3.892497931034441 4.2813396551724505 4.2998786206896344 4.486320517241316 4.294885574712623 4.163230632183893 6.0369234482758145 4.187966551724109 4.406791724137925 3.6795467241380204 5.043499137931 5.584616379310286 3.539646379310305 4.773718793103348 5.4653481034481945 7.848510716878273 6.327219195402298 7.049915886032068 7.9981917481010285 8.170605713618277 8.515433299825174 8.515433299825174
700.0 700.0 699.0 697.0 686.0 683.0 675.0 682.0 680.0 678.0 681.0 679.0 677.0 673.0 681.0 678.0 679.0 679.0 681.0 677.0 678.0 679.0 677.0 680.0 684.0 683.0 681.0 685.0 684.0 678.0 682.0 680.0 674.0 679.0 673.0 683.0 677.0 680.0 683.0 680.0 688.0 679.0 689.0 679.0 683.0 678.0 686.0 684.0 680.0 684.0 683.0 680.0 683.0 682.0 684.0 679.0 689.0 691.0 697.0 700.0 700.0

H cap
2.09999999999998 -29.39999999999999 2.0999999999999943 14.699999999999891 27.299999999999955 -1.050000000000157 -1.0500000000000806 17.84999999999998 11.549999999999914 2.099999999999877 17.84999999999991 -4.200000000000031 24.14999999999995 -1.0500000000001393 17.849999999999824 36.74999999999993 -1.0500000000000398 -1.0500000000000398 27.299999999999955 5.25 11.549999999999997 61.949999999999974 36.749999999999986 -4.199999999999989 8.399999999999993 36.749999999999986 14.699999999999974 36.74999999999994 65.09999999999995 58.79999999999997 65.09999999999997 80.85 71.39999999999999 14.699999999999948 8.399999999999965 8.399999999999977 24.149999999999977 61.94999999999999 36.749999999999986 30.44999999999999 77.69999999999999 83.99999999999999 36.74999999999996 39.89999999999998 14.69999999999999 -16.80000000000001 24.14999999999999 14.699999999999989 8.399999999999991 65.1 112.35 -13.65000000000002 -13.650000000000006 131.25 131.25 131.25 131.25 131.25 131.25 131.25 131.25
27.750000000000014 25.050000000000118 23.250000000000135 4.350000000000287 5.250000000000125 7.500000000000173 12.90000000000024 25.05000000000018 29.550000000000196 13.350000000000165 5.250000000000319 1.6500000000002055 1.200000000000192 2.100000000000147 14.250000000000203 33.15000000000015 36.30000000000021 24.60000000000015 26.850000000000293 33.15000000000016 23.700000000000074 18.750000000000245 19.650000000000198 25.50000000000026 21.000000000000217 10.650000000000194 13.350000000000193 8.850000000000119 6.1500000000000234 27.750000000000135 34.950000000000216 29.100000000000172 20.10000000000013 13.350000000000144 12.450000000000149 4.800000000000064 9.30000000000014 14.700000000000163 14.70000000000018 14.25000000000017 18.750000000000192 19.200000000000163 12.900000000000222 9.750000000000153 8.850000000000126 14.700000000000166 22.800000000000228 11.550000000000125 3.4500000000001902 11.100000000000193 21.000000000000167 27.30000000000021 38.10000000000019 52.5 52.5 52.5 52.5 52.5 52.5 52.5 52.5
47.25000000000001 44.10000000000001 40.95000000000001 40.95000000000001 50.400000000000006 40.95000000000001 37.80000000000001 44.10000000000001 44.10000000000001 40.95000000000001 40.95000000000001 40.95000000000001 44.10000000000001 40.95000000000001 44.10000000000001 47.25000000000001 44.10000000000001 44.10000000000001 47.25000000000001 47.25000000000001 47.25000000000001 44.10000000000001 47.25000000000001 53.550000000000004 44.10000000000001 40.95000000000001 44.10000000000001 44.10000000000001 47.25000000000001 50.400000000000006 53.550000000000004 53.550000000000004 53.550000000000004 44.10000000000001 44.10000000000001 50.400000000000006 53.550000000000004 50.400000000000006 47.25000000000001 44.10000000000001 47.25000000000001 56.7 50.400000000000006 47.25000000000001 44.10000000000001 44.10000000000001 47.25000000000001 40.95000000000001 44.10000000000001 47.25000000000001 50.400000000000006 53.550000000000004 53.550000000000004 63.0 63.0 63.0 63.0 63.0 63.0 63.0 63.0
22.049999999999535 -8.10000000000037 -0.900000000000015 1.350000000000101 0.4500000000001467 -0.44999999999983986 10.800000000000237 -2.6999999999997826 -10.799999999999816 -5.8499999999997465 2.7000000000001214 -0.44999999999973817 9.900000000000164 1.3500000000003674 -0.8999999999998884 -5.399999999999849 -9.44999999999993 7.200000000000024 -4.049999999999979 -1.3499999999997812 13.5000000000002 0.4500000000000779 3.150000000000149 -3.599999999999781 -1.3499999999998522 -1.3499999999996581 -5.39999999999971 0.45000000000036167 1.3500000000002732 -3.1499999999996104 -24.749999999999822 -0.8999999999998116 3.6000000000001955 -2.6999999999998554 8.549999999999967 1.8000000000002365 9.450000000000175 2.250000000000403 3.388400671155978e-13 11.25000000000026 -0.8999999999999302 -0.4499999999996973 7.200000000000319 4.760636329592671e-13 3.1500000000002784 4.500000000000187 -0.8999999999996953 0.4500000000001889 8.550000000000297 3.6000000000001875 26.55000000000026 -4.049999999999638 1.34999999999987 78.75 78.75 78.75 78.75 78.75 78.75 78.75 78.75

Gap
NaN

Time
NaN

