T P M C
61 37 4 12

base obj
11.306438905921665

exp obj
10.386691924539287

Objective struct
11.306438905921665 0.0 7.627450980392154

num campaigns
400

x
0 0 0 0 1 0 0 0 1 0 0 0 1 0 0 0 0 0 1 0 0 1 0 0 0 0 1 0 0 0 0 1 0 0 1 0 0 1 0 0 1 0 0 0 1 0 0 1 0 0 0 0 1 0 0 0 0 0 0 0 0
0 0 0 0 0 0 0 0 0 0 0 0 0 0 0 0 0 0 0 0 0 0 0 0 0 0 0 1 0 0 0 0 0 0 1 0 0 0 0 0 0 0 0 0 0 0 0 0 0 0 0 0 0 0 0 0 0 0 0 0 0
0 0 0 0 0 0 0 1 0 0 0 0 0 0 1 0 0 0 0 1 0 0 0 0 0 1 0 0 0 1 0 0 0 0 1 0 0 0 0 1 0 0 0 1 0 0 0 1 0 0 0 1 0 0 0 1 0 0 0 0 0
0 0 0 0 1 0 0 0 1 1 1 1 1 1 1 1 1 0 0 0 0 0 1 0 0 0 0 0 0 0 0 0 0 0 0 0 0 0 0 0 0 0 0 0 0 0 0 0 0 0 0 0 0 0 0 0 0 0 0 0 0
0 0 0 0 0 0 0 1 1 1 1 1 1 1 1 1 1 1 0 0 0 1 1 1 1 0 0 1 0 0 0 0 0 0 1 0 0 0 0 0 0 0 0 0 0 0 0 0 0 0 0 0 0 0 0 0 0 0 0 0 0
0 0 0 0 0 0 0 0 0 0 1 0 0 0 0 0 0 0 0 0 0 0 0 0 0 0 0 0 1 0 0 0 0 0 0 0 1 0 0 0 0 1 0 0 0 0 0 0 0 1 0 0 0 0 0 0 0 0 0 0 0
0 0 0 0 0 0 1 0 1 0 1 0 1 0 1 0 1 0 1 0 0 0 1 0 0 1 0 0 1 0 1 0 0 0 0 0 0 0 0 1 0 0 0 0 0 0 0 0 0 0 0 0 0 0 0 0 0 0 0 0 0
0 0 0 0 1 0 0 0 0 0 0 0 0 0 0 0 0 0 0 0 0 1 0 0 0 0 0 0 0 0 0 0 0 0 0 0 0 0 1 0 0 0 0 0 0 0 0 0 0 0 0 0 0 0 0 1 0 0 0 0 0
0 0 0 0 0 0 0 0 0 0 0 0 0 0 1 0 0 0 0 0 0 0 0 0 0 0 0 0 0 0 0 0 0 0 0 0 0 0 0 0 0 0 0 0 0 0 0 0 0 0 0 1 0 0 0 0 0 0 0 0 0
0 0 0 0 0 0 0 0 0 0 1 0 1 0 0 0 0 0 0 0 0 0 0 1 0 1 0 1 0 0 1 0 1 0 0 0 1 0 0 0 0 0 1 0 0 0 0 0 0 0 1 0 1 0 0 0 0 0 0 0 0
0 0 0 0 0 0 1 0 0 0 0 0 0 0 0 1 0 0 0 0 0 0 0 0 0 1 0 0 0 0 0 0 0 0 0 0 0 0 0 1 0 0 0 0 0 0 0 0 0 0 1 0 0 0 0 0 0 0 0 0 0
0 0 0 0 0 0 1 0 0 0 0 0 0 0 0 0 0 0 0 1 0 0 0 0 0 0 0 0 0 0 1 0 0 0 0 0 0 0 0 0 0 0 0 0 1 0 0 0 0 0 0 0 0 0 0 0 0 0 0 0 0
0 0 0 0 0 0 0 0 0 0 0 0 0 0 0 0 1 0 0 0 0 0 1 0 0 0 0 0 0 0 0 0 0 0 0 0 0 0 0 0 0 0 0 0 0 0 0 0 0 0 0 0 0 0 0 0 0 0 0 0 0
0 0 0 0 0 0 1 0 0 0 0 1 0 0 0 0 0 0 0 1 0 0 0 0 0 1 0 0 0 0 0 0 0 0 0 1 0 0 0 0 0 0 1 0 0 0 0 0 0 0 1 0 0 0 0 1 0 0 0 0 0
0 0 0 0 0 0 0 0 0 0 0 0 0 0 0 0 0 0 0 0 0 0 0 0 0 0 0 0 0 1 0 0 0 0 0 0 0 0 0 0 0 0 0 0 0 1 0 0 0 0 0 0 0 0 0 0 0 0 0 0 0
0 0 0 0 0 0 0 0 0 0 0 0 0 0 0 0 0 1 0 0 0 0 0 0 0 0 0 0 0 0 0 0 0 0 0 0 0 0 0 0 0 0 0 0 0 0 0 0 0 0 0 0 0 0 0 0 0 0 0 0 0
0 0 0 0 0 0 0 0 0 0 0 0 0 1 0 0 0 0 0 0 0 0 0 0 1 0 0 0 0 0 0 0 0 0 0 0 0 0 0 0 0 0 0 1 0 0 0 0 0 0 0 0 0 0 0 0 0 0 0 0 0
0 0 0 0 1 0 0 0 0 0 0 0 0 0 0 0 0 0 0 0 0 0 0 0 0 0 0 0 0 1 0 0 0 0 0 0 0 0 0 0 0 0 0 0 0 0 0 0 0 0 0 0 0 0 1 0 0 0 0 0 0
0 0 0 0 0 0 0 0 1 0 1 0 0 1 0 1 0 1 0 1 0 0 0 1 0 1 0 1 0 0 0 1 0 1 0 1 0 1 0 1 0 1 0 1 0 1 0 1 0 1 0 1 0 0 1 0 0 0 0 0 0
0 0 0 0 0 0 1 0 0 0 0 0 0 0 0 0 0 0 0 0 0 0 0 0 0 0 0 0 0 0 0 0 0 0 0 0 0 0 0 0 0 0 0 0 0 0 0 0 0 0 0 0 0 0 0 1 0 0 0 0 0
0 0 0 0 0 0 0 0 0 1 0 0 1 0 0 1 0 0 1 0 1 0 1 0 1 0 1 0 0 0 1 0 0 0 0 0 0 0 0 1 0 0 1 0 1 0 0 0 0 0 0 0 0 0 0 0 0 0 0 0 0
0 0 0 0 0 0 0 0 0 0 0 0 0 0 0 0 0 0 0 0 0 0 0 0 0 0 0 0 0 0 0 0 0 0 0 0 0 0 0 0 0 0 0 0 0 0 0 0 0 0 0 0 0 0 0 0 0 0 0 0 0
0 0 0 0 0 0 1 0 0 0 0 0 0 0 0 0 0 0 0 0 0 0 0 1 0 0 0 0 0 0 0 0 0 0 0 0 0 0 1 0 0 0 0 0 0 0 0 0 0 0 0 0 0 1 0 0 0 0 0 0 0
0 0 0 0 0 0 0 0 1 0 0 0 0 0 1 0 0 0 0 0 1 0 0 0 0 0 0 1 0 0 0 0 0 1 0 0 0 0 0 1 0 0 0 0 0 0 1 0 0 0 0 0 1 0 0 0 0 0 0 0 0
0 0 0 0 1 0 0 0 0 0 0 0 0 0 0 0 1 0 0 0 0 0 0 0 0 0 0 0 0 0 0 0 1 0 0 0 0 0 0 0 0 0 0 0 0 0 0 0 1 0 0 0 0 0 0 0 0 0 0 0 0
0 0 0 0 0 0 0 1 0 0 0 0 1 0 0 0 0 1 0 0 0 0 1 0 0 0 0 0 1 0 0 0 0 1 0 0 0 0 0 0 1 0 0 0 0 0 0 0 0 1 0 0 0 0 0 0 0 0 0 0 0
0 0 0 0 0 1 0 0 0 0 1 0 0 0 0 0 0 0 0 0 1 0 0 0 0 0 1 0 0 0 0 1 0 0 0 0 1 0 0 0 0 0 0 0 0 0 1 0 0 0 0 0 0 1 0 0 0 0 0 0 0
0 0 0 0 0 0 1 0 0 0 0 0 0 0 0 0 0 0 0 0 0 0 0 0 0 0 0 0 0 0 0 0 0 0 0 0 0 0 0 0 0 0 0 0 0 0 0 0 0 0 0 0 0 0 0 1 0 0 0 0 0
0 0 0 0 0 0 0 0 0 0 0 0 0 0 0 0 0 0 0 0 0 0 0 0 0 0 0 0 0 0 0 0 0 0 0 0 0 0 0 0 0 1 0 0 0 0 0 0 0 0 0 1 0 0 0 0 0 0 0 0 0
0 0 0 0 1 0 0 1 1 1 1 1 1 1 1 1 1 1 1 1 1 1 1 1 1 1 1 1 1 1 1 1 1 1 1 1 1 1 1 1 1 1 1 1 1 1 1 1 1 1 1 1 1 1 1 0 0 0 0 0 0
0 0 0 0 0 0 0 1 1 1 1 1 1 1 1 1 1 0 1 1 1 1 1 1 1 1 1 1 1 1 1 1 1 1 1 1 1 1 1 0 1 1 1 1 1 1 1 1 1 1 1 0 0 1 0 0 0 0 0 0 0
0 0 0 0 0 0 1 0 1 1 1 1 1 1 1 1 0 1 1 1 1 0 1 1 1 1 1 1 1 1 1 0 1 1 1 1 1 1 0 0 1 1 1 1 1 1 1 1 1 1 1 1 1 1 0 1 0 0 0 0 0
0 0 0 0 0 0 0 0 1 1 0 0 1 0 1 1 0 0 1 0 0 0 0 1 1 0 0 0 1 0 1 1 0 0 1 1 1 1 0 0 1 0 1 1 1 1 1 0 0 1 1 1 0 0 1 0 0 0 0 0 0
0 0 0 0 0 0 1 0 1 1 1 1 1 0 1 1 0 1 1 1 0 1 1 1 1 0 0 0 1 1 1 0 0 1 1 1 1 1 0 0 1 1 1 1 1 1 1 1 1 1 1 0 1 0 0 0 0 0 0 0 0
0 0 0 0 1 0 0 0 1 1 1 0 0 0 0 1 0 0 1 1 0 0 0 0 0 0 0 0 0 0 1 0 0 0 1 0 0 0 0 0 1 0 0 0 0 0 1 0 1 1 1 0 0 1 0 0 0 0 0 0 0
0 0 0 0 0 0 0 0 0 0 0 0 0 0 0 0 0 0 0 0 0 0 0 0 0 0 0 0 0 0 0 0 0 0 0 0 0 0 0 0 0 0 0 0 0 0 0 0 0 1 0 0 0 1 0 0 0 0 0 0 0
0 0 0 0 0 0 0 0 0 0 0 0 0 0 0 0 0 0 0 0 0 0 0 0 0 0 0 0 0 0 0 0 0 0 0 0 0 0 0 0 0 0 0 0 0 0 0 0 0 0 0 0 0 0 0 1 0 0 0 0 0

y
0.0 2.3636363636363633 0.0 0.0 0.0 0.3636363636363633 0.0 0.0 0.0 0.1785714285714286 0.0 0.0 1.3636363636363633 0.0 7.5 0.0 0.8000000000000007 0.0 0.0 0.0 0.0 0.0 0.0 0.33333333333333304 1.8000000000000007 0.0 0.0 0.0 7.45 0.0 0.0 0.0 0.5048543689320388 0.0 0.0 3.0 0.0

k
0 10 2 0 0 7 0 0 0 18 0 0 10 3 5 0 3 0 4 0 0 6 0 2 2 0 2 0 19 3 9 9 79 17 37 50 5

f
13.650000000000006 29.399999999999977 0.0 0.0 0.0 0.0 0.0 0.0 0.0 1.050000000000054 0.0 0.0 0.0 0.0 0.0 0.0 0.0 7.350000000000023 10.500000000000057 0.0 0.0 0.0 0.0 10.500000000000043 0.0 0.0 0.0 0.0 0.0 0.0 0.0 0.0 0.0 0.0 4.200000000000003 4.20000000000004 0.0 0.0 0.0 0.0 0.0 0.0 0.0 0.0 0.0 0.0 0.0 0.0 0.0 0.0 0.0 7.349999999999994 0.0 0.0 0.0 0.0 0.0 0.0 0.0 0.0 0.0
0.0 0.0 0.0 0.0 0.0 0.0 0.0 0.0 0.0 0.0 0.0 0.0 0.0 0.0 0.0 0.0 0.0 0.0 0.0 0.0 0.0 0.0 0.0 0.0 0.0 0.0 0.0 0.0 0.0 0.0 0.0 0.0 0.0 0.0 0.0 0.0 0.0 0.0 0.0 0.0 0.0 0.0 0.0 0.0 0.0 0.0 0.0 0.0 0.0 0.0 0.0 0.0 0.0 0.0 0.0 0.0 0.0 0.0 0.0 0.0 0.0
0.0 0.0 0.0 0.0 0.0 0.0 0.0 0.0 0.0 0.0 0.0 0.0 0.0 0.0 0.0 0.0 0.0 0.0 0.0 0.0 0.0 0.0 0.0 0.0 0.0 0.0 0.0 0.0 0.0 0.0 0.0 0.0 0.0 0.0 0.0 0.0 0.0 0.0 0.0 0.0 0.0 0.0 0.0 0.0 0.0 0.0 0.0 0.0 0.0 0.0 0.0 0.0 0.0 0.0 0.0 0.0 0.0 0.0 0.0 0.0 0.0
0.0 5.850000000000094 0.0 10.79999999999982 0.0 0.0 0.0 3.599999999999764 1.3499999999996142 0.8999999999997819 1.7999999999998129 0.0 0.0 10.799999999999814 0.0 0.0 2.6999999999997164 0.0 0.0 0.89999999999982 0.0 0.0 1.799999999999816 3.1499999999998627 0.0 2.249999999999903 0.4499999999998351 0.0 3.149999999999782 1.7999999999996703 3.5999999999998282 0.0 0.0 0.0 0.0 3.599999999999881 0.0 0.0 0.8999999999998565 0.0 0.0 0.0 0.0 0.0 0.8999999999997641 0.0 0.0 0.0 13.499999999999742 18.44999999999976 0.0 7.200000000000092 0.0 0.0 0.0 0.0 0.0 0.0 0.0 0.0 0.0

L
3 7 4 1 1 5 2 17 37 2 9 11 6 5 16 0 11 25 2 49 2 0 15 6 12 5 5 49 10 1 1 1 1 1 1 4 0

g
0 0 0 0 0 0 0 0 0 0 0 0 0 0 0 0 0 0 0 0 0 0 0 0 0 0 0 0 0 0 0 0 0 0 0 0 0 0 0 0 0 0 0 0 0 0 0 0 0 0 0 0 0 0 0 0 0 0 0 0 0
0 0 0 0 0 0 0 0 0 0 0 0 0 0 0 0 0 0 0 0 0 0 0 0 0 0 0 0 0 0 0 0 0 0 0 0 0 0 0 0 0 0 0 0 0 0 0 0 0 0 0 0 0 0 0 0 0 0 0 0 0
0 0 0 0 0 0 0 0 0 0 0 0 0 0 0 0 0 0 0 0 0 0 0 0 0 0 0 0 0 0 0 0 0 0 0 0 0 0 0 0 0 0 0 0 0 0 0 0 0 0 0 0 0 0 0 0 0 0 0 0 0
0 0 0 0 0 0 0 0 0 0 0 0 0 0 0 0 0 0 0 0 0 0 0 0 0 0 0 0 0 0 0 0 0 0 0 0 0 0 0 0 0 0 0 0 0 0 0 0 0 0 0 0 0 0 0 0 0 0 0 0 0
0 0 0 0 0 0 0 0 0 0 0 0 0 0 0 0 0 0 0 0 0 0 0 0 0 0 0 0 0 0 0 0 0 0 0 0 0 0 0 0 0 0 0 0 0 0 0 0 0 0 0 0 0 0 0 0 0 0 0 0 0
0 0 0 0 0 0 0 0 0 0 0 0 0 0 0 0 0 0 0 0 0 0 0 0 0 0 0 0 0 0 0 0 0 0 0 0 0 0 0 0 0 0 0 0 0 0 0 0 0 0 0 0 0 0 0 0 0 0 0 0 0
0 0 0 0 0 0 0 0 0 0 0 0 0 0 0 0 0 0 0 0 0 0 0 0 0 0 0 0 0 0 0 0 0 0 0 0 0 0 0 0 0 0 0 0 0 0 0 0 0 0 0 0 0 0 0 0 0 0 0 0 0
0 0 0 0 0 0 0 0 0 0 0 0 0 0 0 0 0 0 0 0 0 0 0 0 0 0 0 0 0 0 0 0 0 0 0 0 0 0 0 0 0 0 0 0 0 0 0 0 0 0 0 0 0 0 0 0 0 0 0 0 0
0 0 0 0 0 0 0 0 0 0 0 0 0 0 0 0 0 0 0 0 0 0 0 0 0 0 0 0 0 0 0 0 0 0 0 0 0 0 0 0 0 0 0 0 0 0 0 0 0 0 0 0 0 0 0 0 0 0 0 0 0
0 0 0 0 0 0 0 0 0 0 0 0 0 0 0 0 0 0 0 0 0 0 0 0 0 0 0 0 0 0 0 0 0 0 0 0 0 0 0 0 0 0 0 0 0 0 0 0 0 0 0 0 0 0 0 0 0 0 0 0 0
0 0 0 0 0 0 0 0 0 0 0 0 0 0 0 0 0 0 0 0 0 0 0 0 0 0 0 0 0 0 0 0 0 0 0 0 0 0 0 0 0 0 0 0 0 0 0 0 0 0 0 0 0 0 0 0 0 0 0 0 0
0 0 0 0 0 0 0 0 0 0 0 0 0 0 0 0 0 0 0 0 0 0 0 0 0 0 0 0 0 0 0 0 0 0 0 0 0 0 0 0 0 0 0 0 0 0 0 0 0 0 0 0 0 0 0 0 0 0 0 0 0
0 0 0 0 0 0 0 0 0 0 0 0 0 0 0 0 0 0 0 0 0 0 0 0 0 0 0 0 0 0 0 0 0 0 0 0 0 0 0 0 0 0 0 0 0 0 0 0 0 0 0 0 0 0 0 0 0 0 0 0 0
0 0 0 0 0 0 0 0 0 0 0 0 0 0 0 0 0 0 0 0 0 0 0 0 0 0 0 0 0 0 0 0 0 0 0 0 0 0 0 0 0 0 0 0 0 0 0 0 0 0 0 0 0 0 0 0 0 0 0 0 0
0 0 0 0 0 0 0 0 0 0 0 0 0 0 0 0 0 0 0 0 0 0 0 0 0 0 0 0 0 0 0 0 0 0 0 0 0 0 0 0 0 0 0 0 0 0 0 0 0 0 0 0 0 0 0 0 0 0 0 0 0
0 0 0 0 0 0 0 0 0 0 0 0 0 0 0 0 0 0 0 0 0 0 0 0 0 0 0 0 0 0 0 0 0 0 0 0 0 0 0 0 0 0 0 0 0 0 0 0 0 0 0 0 0 0 0 0 0 0 0 0 0
0 0 0 0 0 0 0 0 0 0 0 0 0 0 0 0 0 0 0 0 0 0 0 0 0 0 0 0 0 0 0 0 0 0 0 0 0 0 0 0 0 0 0 0 0 0 0 0 0 0 0 0 0 0 0 0 0 0 0 0 0
0 0 0 0 0 0 0 0 0 0 0 0 0 0 0 0 0 0 0 0 0 0 0 0 0 0 0 0 0 0 0 0 0 0 0 0 0 0 0 0 0 0 0 0 0 0 0 0 0 0 0 0 0 0 0 0 0 0 0 0 0
0 0 0 0 0 0 0 0 0 0 0 0 0 0 0 0 0 0 0 0 0 0 0 0 0 0 0 0 0 0 0 0 0 0 0 0 0 0 0 0 0 0 0 0 0 0 0 0 0 0 0 0 0 0 0 0 0 0 0 0 0
0 0 0 0 0 0 0 0 0 0 0 0 0 0 0 0 0 0 0 0 0 0 0 0 0 0 0 0 0 0 0 0 0 0 0 0 0 0 0 0 0 0 0 0 0 0 0 0 0 0 0 0 0 0 0 0 0 0 0 0 0
0 0 0 0 0 0 0 0 0 0 0 0 0 0 0 0 0 0 0 0 0 0 0 0 0 0 0 0 0 0 0 0 0 0 0 0 0 0 0 0 0 0 0 0 0 0 0 0 0 0 0 0 0 0 0 0 0 0 0 0 0
0 0 0 0 0 0 0 0 0 0 0 0 0 0 0 0 0 0 0 0 0 0 0 0 0 0 0 0 0 0 0 0 0 0 0 0 0 0 0 0 0 0 0 0 0 0 0 0 0 0 0 0 0 0 0 0 0 0 0 0 0
0 0 0 0 0 0 0 0 0 0 0 0 0 0 0 0 0 0 0 0 0 0 0 0 0 0 0 0 0 0 0 0 0 0 0 0 0 0 0 0 0 0 0 0 0 0 0 0 0 0 0 0 0 0 0 0 0 0 0 0 0
0 0 0 0 0 0 0 0 0 0 0 0 0 0 0 0 0 0 0 0 0 0 0 0 0 0 0 0 0 0 0 0 0 0 0 0 0 0 0 0 0 0 0 0 0 0 0 0 0 0 0 0 0 0 0 0 0 0 0 0 0
0 0 0 0 0 0 0 0 0 0 0 0 0 0 0 0 0 0 0 0 0 0 0 0 0 0 0 0 0 0 0 0 0 0 0 0 0 0 0 0 0 0 0 0 0 0 0 0 0 0 0 0 0 0 0 0 0 0 0 0 0
0 0 0 0 0 0 0 0 0 0 0 0 0 0 0 0 0 0 0 0 0 0 0 0 0 0 0 0 0 0 0 0 0 0 0 0 0 0 0 0 0 0 0 0 0 0 0 0 0 0 0 0 0 0 0 0 0 0 0 0 0
0 0 0 0 0 0 0 0 0 0 0 0 0 0 0 0 0 0 0 0 0 0 0 0 0 0 0 0 0 0 0 0 0 0 0 0 0 0 0 0 0 0 0 0 0 0 0 0 0 0 0 0 0 0 0 0 0 0 0 0 0
0 0 0 0 0 0 0 0 0 0 0 0 0 0 0 0 0 0 0 0 0 0 0 0 0 0 0 0 0 0 0 0 0 0 0 0 0 0 0 0 0 0 0 0 0 0 0 0 0 0 0 0 0 0 0 0 0 0 0 0 0
0 0 0 0 0 0 0 0 0 0 0 0 0 0 0 0 0 0 0 0 0 0 0 0 0 0 0 0 0 0 0 0 0 0 0 0 0 0 0 0 0 0 0 0 0 0 0 0 0 0 0 0 0 0 0 0 0 0 0 0 0
0 0 0 0 0 0 0 0 0 0 0 0 0 0 0 0 0 0 0 0 0 0 0 0 0 0 0 0 0 0 0 0 0 0 0 0 0 0 0 0 0 0 0 0 0 0 0 0 0 0 0 0 0 0 0 0 0 0 0 0 0
0 0 0 0 0 0 0 0 0 0 0 0 0 0 0 0 0 0 0 0 0 0 0 0 0 0 0 0 0 0 0 0 0 0 0 0 0 0 0 0 0 0 0 0 0 0 0 0 0 0 0 0 0 0 0 0 0 0 0 0 0
0 0 0 0 0 0 0 0 0 0 0 0 0 0 0 0 0 0 0 0 0 0 0 0 0 0 0 0 0 0 0 0 0 0 0 0 0 0 0 0 0 0 0 0 0 0 0 0 0 0 0 0 0 0 0 0 0 0 0 0 0
0 0 0 0 0 0 0 0 0 0 0 0 0 0 0 0 0 0 0 0 0 0 0 0 0 0 0 0 0 0 0 0 0 0 0 0 0 0 0 0 0 0 0 0 0 0 0 0 0 0 0 0 0 0 0 0 0 0 0 0 0
0 0 0 0 0 0 0 0 0 0 0 0 0 0 0 0 0 0 0 0 0 0 0 0 0 0 0 0 0 0 0 0 0 0 0 0 0 0 0 0 0 0 0 0 0 0 0 0 0 0 0 0 0 0 0 0 0 0 0 0 0
0 0 0 0 0 0 0 0 0 0 0 0 0 0 0 0 0 0 0 0 0 0 0 0 0 0 0 0 0 0 0 0 0 0 0 0 0 0 0 0 0 0 0 0 0 0 0 0 0 0 0 0 0 0 0 0 0 0 0 0 0
0 0 0 0 0 0 0 0 0 0 0 0 0 0 0 0 0 0 0 0 0 0 0 0 0 0 0 0 0 0 0 0 0 0 0 0 0 0 0 0 0 0 0 0 0 0 0 0 0 0 0 0 0 0 0 0 0 0 0 0 0
0 0 0 0 0 0 0 0 0 0 0 0 0 0 0 0 0 0 0 0 0 0 0 0 0 0 0 0 0 0 0 0 0 0 0 0 0 0 0 0 0 0 0 0 0 0 0 0 0 0 0 0 0 0 0 0 0 0 0 0 0

I cap
1058.909090909091 1058.909090909091 939.349090909109 939.3490909091229 945.1600000000024 929.1599999999844 867.1200000000249 788.480000000008 315.6000000000015 494.65999999998735 217.00000000000864 396.22000000001674 255.43999999999238 421.61999999997903 410.5800000000229 532.4490909091137 332.98909090910416 476.0490909090922 546.229090909084 525.0290909091017 636.2890909091041 606.5090909091145 298.10909090908564 538.8490909090742 466.5890909091078 668.6890909091244 594.1690909090785 535.5690909090692 361.76909090911727 475.74909090911336 487.4290909090601 594.829090909122 663.8290909091215 592.9890909090516 128.60000000000034 239.50000000000296 157.05999999999653 505.34000000001134 614.1400000000219 557.7799999999895 426.99999999998005 428.0400000000114 566.7200000000321 547.1199999999998 637.5200000000166 558.8200000000066 698.1800000000533 766.8999999999735 752.7799999999893 609.920000000039 593.8200000000236 592.3799999999997 813.6200000000106 794.460000000021 1108.3400000000183 978.04000000001 763.60909090909 776.7090909090924 1023.909090909091 1058.909090909091 1058.909090909091
107.96969696969697 107.96969696969697 67.52969696969697 67.52969696969696 61.43999999999991 79.43999999999991 0.6799999999998532 4.5200000000000085 18.40000000000071 95.33999999999975 58.00000000000012 59.78000000000013 44.55999999999944 26.379999999999065 45.42000000000019 37.42969696969654 9.889696969696764 29.82969696969712 67.64969696969702 1.8496969696971135 25.589696969696824 15.369696969697003 9.769696969697268 7.029696969697417 9.289696969697069 37.18969696969724 31.70969696969701 37.30969696969642 51.10969696969712 83.12969696969702 5.449696969696851 33.049696969697116 47.04969696969826 61.88969696969602 62.39999999999987 67.50000000000064 1.9400000000002056 11.659999999999876 21.860000000000475 3.2200000000002293 21.999999999999222 8.959999999999972 57.280000000000214 64.87999999999982 47.48000000000008 55.179999999999914 60.81999999999968 93.09999999999971 94.21999999999989 86.08000000000004 31.179999999999946 3.6199999999996204 17.379999999999843 3.140000000000004 46.26000000000005 27.66000000000002 39.169696969696844 40.069696969696935 72.96969696969697 107.96969696969697 107.96969696969697
38.96666666666666 38.96666666666666 38.96666666666666 26.29166666666666 6.49166666666666 4.391666666666666 12.491666666666664 38.5 32.900000000000006 17.53333333333334 2.133333333333331 7.733333333333336 2.833333333333334 14.733333333333333 9.833333333333334 10.300000000000002 17.300000000000004 10.299999999999995 17.300000000000004 10.300000000000004 2.633333333333331 17.300000000000004 9.633333333333338 17.300000000000004 2.633333333333338 10.300000000000002 2.633333333333338 10.300000000000004 4.6250000000000036 19.29166666666667 11.625000000000004 4.6250000000000036 17.300000000000004 24.96666666666667 16.8 4.899999999999999 11.2 9.100000000000001 20.299999999999997 2.133333333333331 16.133333333333333 11.233333333333341 25.233333333333384 17.53333333333334 7.066666666666675 12.633333333333333 23.83333333333337 37.10000000000002 37.8 32.2 42.00000000000003 35.000000000000014 45.500000000000085 4.391666666666673 6.491666666666664 16.691666666666656 19.29166666666666 38.96666666666667 38.96666666666666 38.96666666666666 38.96666666666666
45.24545454545453 45.24545454545453 43.14545454545453 37.195454545454524 24.02000000000007 40.59000000000013 31.370000000000626 24.760000000001302 20.8600000000003 25.71000000000027 21.21000000000035 13.390000000000054 13.31000000000022 12.010000000000279 9.960000000000093 23.555454545454737 24.315454545454923 32.21545454545499 32.13545454545506 25.40545454545514 24.01545454545525 23.035454545454762 25.2654545454552 27.775454545455172 26.515454545456574 26.39545454545512 22.395454545454967 23.285454545455124 23.54545454545509 27.115454545454977 22.615454545455233 21.605454545454936 25.30545454545499 24.97545454545519 24.78000000000027 19.890000000000164 12.750000000000165 15.409999999999982 23.760000000000296 36.74000000000007 23.660000000000373 28.320000000001695 36.490000000000094 26.640000000000338 28.430000000000643 30.380000000000543 28.540000000000315 24.98000000000036 24.760000000000474 33.360000000000475 36.49000000000025 31.610000000000124 34.95000000000001 31.6900000000003 38.55000000000043 33.73000000000002 32.57545454545453 33.42545454545453 43.91545454545453 45.24545454545453 45.24545454545453
20.999999999999993 20.999999999999993 20.159999999999993 19.80999999999999 10.859999999999996 22.889999999999986 19.639999999999926 15.249999999999822 7.079999999999927 5.239999999999892 9.009999999999927 9.34999999999997 9.089999999999996 10.589999999999943 4.829999999999988 5.049999999999988 5.769999999999955 14.089999999999986 14.020000000000007 9.839999999999936 6.40999999999997 6.83999999999984 7.989999999999993 9.469999999999972 9.019999999999925 7.41999999999992 6.369999999999967 7.350000000000028 8.519999999999952 7.559999999999988 5.44000000000001 5.930000000000007 9.339999999999984 9.590000000000025 8.129999999999974 10.250000000000025 4.599999999999955 7.549999999999924 8.659999999999812 7.829999999999998 3.5199999999999587 9.490000000000004 8.549999999999969 9.069999999999958 6.360000000000049 6.950000000000028 9.700000000000049 8.830000000000016 10.460000000000008 6.43000000000003 8.250000000000021 9.00000000000003 11.050000000000017 10.080000000000052 16.109999999999992 11.599999999999897 15.009999999999994 15.68999999999999 20.429999999999993 20.999999999999993 20.999999999999993
345.75757575757575 345.75757575757575 341.76757575757574 341.76757575757574 247.08 245.2388235294124 269.49058823529356 208.17941176470526 244.36941176470876 222.7100000000014 169.84999999999977 151.44999999999942 197.0100000000025 184.260000000003 159.13999999999984 239.8187522281606 218.37698752228127 217.79698752228208 209.98757575757807 226.57757575757665 270.97875222816367 251.60698752228254 243.41698752228262 218.19757575757689 185.0075757575756 163.42757575757545 160.53757575757547 188.54757575757614 190.7075757575746 230.31757575757567 246.1987522281651 218.9269875222804 220.50698752228186 195.6675757575767 144.07000000000147 192.5600000000006 173.19000000000042 210.66117647058763 275.1605882352942 280.7088235294134 239.9794117647058 266.310000000002 186.95000000000067 195.6300000000013 205.34000000000123 197.06999999999948 252.31999999999988 247.12000000000285 292.04000000000246 328.64000000000317 284.9500000000029 226.6700000000024 194.37000000000148 315.7811764705922 345.53941176470835 302.11058823529527 285.98816399287 311.38757575757575 345.75757575757575 345.75757575757575 345.75757575757575
779.7575757575758 779.7575757575758 747.8375757575758 747.8375757575758 584.0499999999996 731.2100000000003 783.6400000000002 620.2100000000006 640.8000000000009 731.0799999999998 703.1399999999992 657.3699999999997 699.4100000000003 671.8899999999995 540.94 544.4775757575726 590.647575757573 612.597575757576 643.8075757575773 630.2875757575774 632.9075757575749 620.267575757573 563.5475757575774 575.3575757575774 631.227575757575 668.7975757575733 619.6575757575772 560.8375757575667 583.3375757575724 557.297575757579 486.80757575757343 564.4675757575728 676.5575757575775 605.3075757575735 384.86999999999637 496.78000000000515 492.99000000000046 678.0900000000005 667.0599999999943 501.3499999999994 529.2699999999984 525.8299999999988 540.3200000000045 435.4399999999988 368.57999999999794 407.5499999999955 564.419999999995 586.6500000000044 524.6999999999957 450.53999999999724 545.4200000000013 529.7099999999976 553.9000000000008 571.8499999999995 659.0299999999996 506.8299999999903 646.0675757575755 659.1575757575757 764.3675757575758 779.7575757575758 779.7575757575758
80.73333333333335 80.73333333333335 79.26333333333335 78.56333333333335 64.88 88.62 74.49666666666667 78.74333333333333 75.74666666666666 80.04999999999998 68.35000000000001 76.65 85.77000000000001 86.10333333333331 76.88666666666666 65.14333333333302 69.70666666666642 74.97 71.49333333333334 65.04333333333314 69.28666666666652 68.88000000000001 68.85333333333331 69.87333333333329 69.02333333333333 72.4366666666666 74.68333333333332 75.49333333333325 70.47999999999996 67.46333333333335 63.62333333333316 68.16666666666639 74.71333333333334 73.0499999999998 36.420000000000414 57.61000000000008 61.699999999998916 62.69999999999922 67.48333333333208 72.69000000000001 69.13666666666488 66.68999999999993 71.05000000000001 73.63999999999999 73.97000000000001 79.05999999999999 74.98000000000002 70.02 65.93999999999944 62.05999999999961 61.649999999999196 58.06333333333305 55.97666666666598 56.33333333333309 65.72999999999969 53.380000000000024 69.37333333333335 69.88333333333334 79.97333333333334 80.73333333333335 80.73333333333335
10.775757575757575 10.775757575757575 9.725757575757573 9.725757575757573 3.8500000000000063 3.5500000000000034 3.250000000000001 3.34999999999999 6.600000000000006 3.099999999999998 1.3999999999999888 2.9000000000000075 5.7 5.57 0.5800000000000036 1.1857575757575702 2.375757575757583 3.775757575757577 2.3257575757575717 0.5757575757575832 4.5257575757575825 4.625757575757615 4.92575757575758 9.725757575757584 5.595757575757567 0.1557575757575833 0.7257575757575743 1.595757575757581 1.835757575757574 5.535757575757579 3.945757575757572 1.945757575757578 2.5657575757575737 4.715757575757581 4.449999999999998 3.6899999999999995 2.340000000000013 2.5500000000000274 1.5500000000000016 8.749999999999998 6.249999999999999 0.650000000000003 0.7000000000000028 6.140000000000001 0.45000000000000107 2.1799999999999935 4.069999999999988 2.770000000000012 1.8899999999999997 5.900000000000003 5.900000000000014 5.099999999999991 0.7000000000000028 5.250000000000027 2.5500000000000096 3.0500000000000647 7.7257575757575765 7.725757575757573 9.825757575757576 10.775757575757575 10.775757575757575
2.545454545454545 2.545454545454545 1.915454545454545 1.915454545454545 1.96 0.5599999999999999 0.5500000000000055 0.12000000000000077 1.2400000000000477 1.2600000000000007 1.5400000000000045 0.1399999999999999 0.5599999999999999 0.3600000000000002 0.03000000000000025 1.0754545454545452 0.08545454545455633 0.41545454545455207 0.5954545454545478 0.08545454545455322 0.565454545454555 0.355454545454563 0.5954545454545549 0.41545454545455296 0.17545454545454597 1.915454545454553 0.445454545454554 0.9554545454545482 1.405454545454552 0.7754545454545541 0.9254545454545496 0.9854545454545492 0.3554545454545479 0.02545454545454695 0.5800000000000177 0.8200000000000028 1.0300000000000247 0.6300000000000007 1.3300000000000298 0.1399999999999999 1.330000000000001 1.2600000000000007 1.5400000000000165 0.1399999999999999 0.2700000000000008 0.6100000000000029 0.12000000000000077 2.730000000000013 1.9600000000000133 0.17000000000000526 0.04000000000001558 0.7300000000000048 1.1200000000000059 0.6400000000000067 0.16999999999999993 0.1700000000000026 0.5454545454545459 0.5454545454545485 2.545454545454545 2.545454545454545 2.545454545454545
8.515433299825174 8.515433299825174 8.515433299825174 8.152456893291598 5.470271464004836 6.758635689655143 6.5884898290986 6.923744195402172 6.880342356321349 5.739616120689483 6.450809999999671 6.527962068965361 5.9153489655171505 4.417602413793111 3.9246766379310447 3.6276449999999825 4.923578160919538 4.925108218390785 4.4011650000000095 4.794480603448287 5.477170470219444 6.30490798850574 4.963235804597673 3.834888793103442 5.170324252873565 4.540084137931024 3.9272824137930664 5.959789482758505 6.217687586206757 5.969052413793056 6.6816067241376516 6.985292643677979 5.770856149425259 5.869593821839084 7.8205474712642875 8.924950344827584 4.299888448275858 6.157619137931008 6.240916436781598 5.111463620689645 4.660075287356329 4.299878620689627 4.4811481034482 5.271897241379289 4.656908965517241 4.830027068965471 3.924173275862084 4.415412413793064 4.3864432758620495 4.193499310344851 5.25703017241375 4.753439655172369 5.642684482758561 5.723968793103426 8.250809395039143 6.293310977011489 7.021180253848161 7.825777954997585 8.515433299825174 8.515433299825174 8.515433299825174
700.0 700.0 700.0 697.0 686.0 685.0 676.0 683.0 675.0 682.0 679.0 681.0 678.0 680.0 676.0 675.0 675.0 679.0 679.0 685.0 681.0 682.0 678.0 680.0 677.0 677.0 681.0 678.0 681.0 682.0 680.0 689.0 683.0 677.0 677.0 682.0 685.0 688.0 687.0 679.0 679.0 680.0 686.0 686.0 682.0 688.0 681.0 684.0 683.0 685.0 683.0 684.0 681.0 682.0 679.0 676.0 689.0 693.0 700.0 698.0 697.0

H cap
-13.650000000000006 -29.399999999999977 14.69999999999992 11.549999999999914 17.849999999999866 8.399999999999823 8.399999999999936 17.849999999999966 17.84999999999995 -1.050000000000054 14.699999999999934 5.249999999999968 46.199999999999946 43.04999999999998 14.699999999999902 36.74999999999996 68.24999999999994 -7.350000000000023 -10.500000000000057 33.599999999999966 43.04999999999994 55.64999999999996 11.549999999999912 -10.500000000000043 20.999999999999922 2.0999999999999392 5.249999999999975 20.999999999999986 39.89999999999995 93.45 14.69999999999999 24.149999999999963 65.09999999999997 17.849999999999994 -4.200000000000003 -4.20000000000004 27.299999999999983 33.599999999999994 61.949999999999974 83.99999999999999 36.749999999999986 8.400000000000007 49.349999999999994 39.900000000000006 55.64999999999999 80.85 71.39999999999999 52.5 5.249999999999986 17.84999999999998 43.04999999999998 -7.349999999999994 33.599999999999994 131.25 131.25 131.25 131.25 131.25 131.25 131.25 131.25
35.850000000000065 33.15000000000014 34.50000000000004 27.7500000000002 16.500000000000124 5.700000000000194 3.9000000000002135 4.800000000000221 4.800000000000065 7.500000000000078 11.550000000000171 6.1500000000002 14.700000000000134 24.150000000000148 17.400000000000276 7.950000000000226 19.650000000000272 22.80000000000012 12.450000000000284 11.550000000000288 12.900000000000109 9.750000000000156 14.250000000000131 20.100000000000133 18.300000000000093 17.85000000000012 10.650000000000244 12.90000000000018 24.600000000000257 29.10000000000019 14.25000000000012 7.0500000000001215 12.00000000000017 12.000000000000188 24.600000000000268 34.05000000000019 23.250000000000107 14.700000000000212 12.900000000000176 9.750000000000188 12.450000000000149 14.70000000000023 15.600000000000122 16.050000000000207 21.4500000000002 18.300000000000207 4.800000000000166 7.950000000000191 17.85000000000013 19.200000000000202 30.90000000000013 28.650000000000222 34.050000000000196 52.5 52.5 52.5 52.5 52.5 52.5 52.5 52.5
50.400000000000006 47.25000000000001 50.400000000000006 44.10000000000001 37.80000000000001 40.95000000000001 40.95000000000001 40.95000000000001 40.95000000000001 34.65000000000001 34.65000000000001 34.65000000000001 40.95000000000001 40.95000000000001 47.25000000000001 53.550000000000004 50.400000000000006 47.25000000000001 40.95000000000001 37.80000000000001 44.10000000000001 44.10000000000001 44.10000000000001 40.95000000000001 44.10000000000001 50.400000000000006 50.400000000000006 50.400000000000006 50.400000000000006 50.400000000000006 40.95000000000001 47.25000000000001 53.550000000000004 50.400000000000006 50.400000000000006 44.10000000000001 44.10000000000001 50.400000000000006 53.550000000000004 50.400000000000006 50.400000000000006 53.550000000000004 50.400000000000006 47.25000000000001 53.550000000000004 56.7 50.400000000000006 44.10000000000001 40.95000000000001 47.25000000000001 50.400000000000006 44.10000000000001 50.400000000000006 63.0 63.0 63.0 63.0 63.0 63.0 63.0 63.0
1.7999999999997343 -5.850000000000094 0.450000000000113 -10.79999999999982 0.45000000000023155 1.800000000000304 9.000000000000199 -3.599999999999764 -1.3499999999996142 -0.8999999999997819 -1.7999999999998129 5.850000000000289 2.078337502098293e-13 -10.799999999999814 13.950000000000253 0.9000000000001491 -2.6999999999997164 6.3000000000000025 10.800000000000125 -0.89999999999982 1.8000000000002085 4.500000000000435 -1.799999999999816 -3.1499999999998627 0.4500000000001849 -2.249999999999903 -0.4499999999998351 15.300000000000315 -3.149999999999782 -1.7999999999996703 -3.5999999999998282 2.2500000000003695 9.450000000000315 7.200000000000262 7.650000000000167 -3.599999999999881 5.8500000000002235 2.7000000000002244 -0.8999999999998565 7.200000000000163 4.500000000000302 0.4500000000001627 2.2500000000003855 4.050000000000365 -0.8999999999997641 1.8000000000003182 6.750000000000293 3.6000000000003176 -13.499999999999742 -18.44999999999976 26.550000000000026 -7.200000000000092 1.7999999999997058 78.75 78.75 78.75 78.75 78.75 78.75 78.75 78.75

Gap
NaN

Time
NaN

