T P M C
61 37 4 12

base obj
11.037428659913447

exp obj
10.11140482826842

Objective struct
11.037428659913447 0.0 7.333333333333332

num campaigns
398

x
0 0 0 0 1 0 0 0 0 0 1 0 0 0 1 0 0 0 1 0 0 0 0 1 0 0 1 0 0 0 1 0 0 1 0 0 1 0 0 0 1 0 0 0 1 0 0 1 0 0 0 0 0 1 0 0 0 0 0 0 0
0 0 0 0 0 0 0 0 0 0 0 0 0 0 0 0 0 0 0 0 0 0 0 0 0 0 0 0 0 0 0 1 0 0 0 0 1 0 0 0 0 0 0 0 0 1 0 0 0 0 0 0 0 0 0 0 0 0 0 0 0
0 0 0 0 0 0 1 0 0 0 0 1 0 0 0 0 0 0 0 1 0 0 0 0 0 0 0 0 1 0 0 0 1 0 0 0 1 0 0 0 1 0 0 0 0 0 0 1 0 0 0 1 0 0 0 1 0 0 0 0 0
0 0 0 0 0 1 1 0 1 1 1 1 1 1 1 1 0 0 1 0 0 0 0 0 0 0 0 0 0 0 0 0 0 0 0 0 0 0 0 0 0 0 0 0 0 0 0 0 0 0 0 0 0 0 0 0 0 0 0 0 0
0 0 0 0 0 0 0 1 0 0 1 0 0 1 0 0 1 0 0 0 1 0 0 1 0 0 1 0 0 1 0 0 1 0 0 1 0 0 1 0 0 0 1 0 0 1 0 0 1 0 0 1 0 0 1 0 0 0 0 0 0
0 0 0 0 0 0 0 0 0 1 0 0 0 0 0 0 0 0 0 0 0 0 0 0 0 0 0 0 1 0 0 0 0 1 0 0 0 0 0 0 0 0 0 0 0 0 0 0 0 1 0 0 0 0 0 0 0 0 0 0 0
0 0 0 0 0 1 0 0 1 0 0 1 0 0 1 0 0 1 0 0 1 0 0 1 0 0 1 0 0 1 0 0 1 0 0 1 0 0 0 0 0 0 0 0 0 0 1 0 0 0 0 0 0 0 0 0 0 0 0 0 0
0 0 0 0 1 0 0 0 0 0 0 0 0 0 0 0 0 0 0 0 0 1 0 0 0 0 0 0 0 0 0 0 0 0 0 0 0 0 1 0 0 0 0 0 0 0 0 0 0 0 0 0 0 0 0 1 0 0 0 0 0
0 0 0 0 0 0 0 1 0 0 0 0 0 0 0 0 0 0 0 0 0 0 0 0 0 0 0 0 0 0 0 0 0 0 0 0 0 0 0 0 0 0 0 0 0 0 0 0 0 0 0 0 0 0 0 1 0 0 0 0 0
0 0 0 0 0 0 0 0 0 0 0 1 0 1 0 0 0 1 0 1 0 0 1 0 0 0 0 0 0 0 1 0 1 0 0 0 0 0 0 0 0 0 0 0 0 0 0 1 0 0 0 0 0 0 0 0 0 0 0 0 0
0 0 0 0 0 0 0 0 0 1 0 0 0 0 0 0 0 0 0 0 0 0 0 0 1 0 0 0 0 0 0 0 1 0 0 0 0 0 0 0 0 0 1 0 0 0 0 0 0 0 1 0 0 0 0 0 0 0 0 0 0
0 0 0 0 0 0 0 0 1 0 0 0 0 0 0 0 0 1 0 0 0 0 0 0 0 0 1 0 0 0 0 0 0 0 0 0 0 0 0 0 1 0 0 0 0 0 0 0 0 0 0 0 0 0 0 0 0 0 0 0 0
0 0 0 0 0 0 0 0 0 0 0 0 0 0 1 0 0 0 0 0 0 1 0 0 0 0 0 0 0 0 0 0 0 0 0 0 0 0 0 0 0 0 0 0 0 0 0 0 0 0 0 0 0 0 0 0 0 0 0 0 0
0 0 0 0 0 0 1 0 0 0 0 0 0 0 0 1 0 0 0 0 0 0 0 0 1 0 0 0 0 1 0 0 0 0 1 0 0 0 0 1 0 0 0 0 0 0 1 0 0 0 0 1 0 0 0 0 0 0 0 0 0
0 0 0 0 0 0 0 0 0 0 0 0 0 0 0 0 0 0 0 0 1 0 0 0 0 0 0 0 0 0 0 0 0 0 0 0 0 0 0 0 0 0 0 0 0 1 0 0 0 0 0 0 0 0 0 0 0 0 0 0 0
0 0 0 0 0 0 0 0 0 0 0 0 0 0 0 0 0 0 0 0 0 0 0 0 0 0 0 0 0 0 0 0 0 0 1 0 0 0 0 0 0 0 0 0 0 0 0 0 0 0 0 0 0 0 0 0 0 0 0 0 0
0 0 0 0 0 0 0 0 0 0 0 0 0 1 0 0 0 0 0 0 0 0 0 0 1 0 0 0 0 0 0 0 0 0 0 0 0 0 0 0 0 0 0 0 0 0 0 0 1 0 0 0 0 0 0 0 0 0 0 0 0
0 0 0 0 0 0 1 0 0 0 0 0 0 0 0 0 0 0 0 0 0 0 0 0 0 0 0 0 1 0 0 0 0 0 0 0 0 0 0 0 0 0 0 0 0 0 0 0 0 0 1 0 0 0 0 0 0 0 0 0 0
0 0 0 0 0 1 0 0 1 0 1 0 0 1 0 1 0 1 0 1 0 1 0 1 0 1 0 1 0 0 1 0 1 0 1 0 1 0 0 1 0 1 0 1 0 1 0 1 0 1 0 0 1 0 1 0 0 0 0 0 0
0 0 0 0 1 0 0 0 0 0 0 0 0 0 0 0 0 0 0 0 0 0 0 0 0 0 0 0 0 0 0 0 0 0 0 0 0 0 0 0 0 0 0 0 0 0 0 0 0 0 0 0 0 0 0 1 0 0 0 0 0
0 0 0 0 0 0 1 0 0 1 0 0 1 0 0 0 1 0 0 0 1 0 0 1 0 0 0 0 1 0 0 1 0 0 0 0 0 1 0 0 1 0 0 1 0 0 1 0 0 0 0 0 0 0 0 0 0 0 0 0 0
0 0 0 0 0 0 0 0 0 0 0 0 0 0 0 0 0 0 0 0 0 0 0 0 0 0 0 0 0 0 0 0 0 0 0 0 0 0 0 0 0 0 0 0 0 0 0 0 0 0 0 0 0 0 0 0 0 0 0 0 0
0 0 0 0 1 0 0 0 0 0 0 0 0 0 0 0 0 0 0 0 0 0 1 0 0 0 0 0 0 0 0 0 0 0 0 0 0 0 1 0 0 0 0 0 0 0 0 0 0 0 0 0 0 1 0 0 0 0 0 0 0
0 0 0 0 0 0 1 0 0 0 0 0 1 0 0 0 0 0 1 0 0 0 0 0 0 1 0 0 0 0 0 1 0 0 0 0 0 1 0 0 0 0 0 1 0 0 0 0 0 1 0 0 0 0 0 1 0 0 0 0 0
0 0 0 0 0 0 0 0 1 0 0 0 0 0 0 0 1 0 0 0 0 0 0 0 0 0 0 1 0 0 0 0 0 0 0 1 0 0 0 0 0 0 1 0 0 0 0 0 0 0 0 1 0 0 0 0 0 0 0 0 0
0 0 0 0 0 1 0 0 0 0 1 0 0 0 0 1 0 0 0 0 1 0 0 0 0 1 0 0 0 0 0 1 0 0 0 0 1 0 0 0 0 1 0 0 0 0 0 0 0 0 0 0 0 0 0 0 0 0 0 0 0
0 0 0 0 0 0 0 0 1 0 0 1 0 0 0 1 0 0 0 1 0 0 0 0 0 0 1 0 0 1 0 0 0 0 0 0 0 1 0 0 0 0 0 1 0 0 0 0 0 0 0 0 1 0 0 1 0 0 0 0 0
0 0 0 0 0 0 1 0 0 0 0 0 0 0 0 0 0 0 0 0 0 0 0 0 0 0 0 0 0 0 0 0 0 0 0 0 0 0 0 0 0 0 0 0 0 0 0 0 0 0 0 0 0 1 0 0 0 0 0 0 0
0 0 0 0 0 0 0 0 0 0 0 0 0 0 0 0 0 0 0 0 0 0 0 0 0 0 0 0 0 0 0 0 0 0 0 0 0 0 0 0 0 1 0 0 0 0 0 0 0 0 1 0 0 0 0 0 0 0 0 0 0
0 0 0 0 0 0 1 1 1 0 1 1 1 1 1 1 1 1 1 1 1 1 1 1 1 1 1 1 1 1 1 1 1 1 1 0 1 1 1 1 1 1 1 1 1 1 1 1 1 1 1 1 1 1 1 1 0 0 0 0 0
0 0 0 0 0 0 1 1 0 0 1 1 1 1 1 0 1 1 1 1 1 1 1 1 1 1 1 1 1 1 1 1 1 1 0 0 0 1 1 1 1 1 1 1 1 1 1 1 1 1 1 0 1 1 1 1 0 0 0 0 0
0 0 0 0 0 0 1 1 0 0 1 1 1 1 0 1 1 1 1 1 1 1 1 1 1 1 1 0 1 1 1 1 1 1 1 0 0 0 1 1 1 1 1 1 1 1 1 1 1 1 0 1 0 1 1 1 0 0 0 0 0
0 0 0 0 0 0 0 1 0 0 1 1 1 1 0 0 0 0 0 0 1 1 1 0 1 1 0 0 0 1 0 0 1 0 0 0 0 0 0 1 1 1 0 0 1 1 1 1 1 1 0 0 0 1 1 0 0 0 0 0 0
0 0 0 0 0 0 1 1 0 0 1 1 1 1 1 1 1 1 0 0 1 1 1 1 1 1 0 0 1 1 0 1 1 0 0 0 0 1 1 1 1 1 0 1 1 1 1 1 1 1 1 0 0 1 1 1 0 0 0 0 0
0 0 0 0 0 0 0 0 0 0 1 1 0 0 0 0 0 1 1 0 0 0 1 1 0 0 0 0 0 1 0 1 1 0 0 0 0 0 0 1 1 0 0 0 1 0 1 1 0 0 0 0 0 1 0 1 0 0 0 0 0
0 0 0 0 0 0 0 0 0 0 0 0 0 0 0 0 0 0 0 0 0 0 0 0 0 0 0 0 0 0 0 0 0 0 0 0 0 0 0 0 0 0 0 0 0 0 0 0 0 1 0 1 0 0 0 0 0 0 0 0 0
0 0 0 0 0 0 0 0 0 0 0 0 0 0 0 0 0 0 0 0 0 0 0 0 0 0 0 0 0 0 0 0 0 0 0 0 0 0 0 0 0 0 0 0 0 0 0 0 0 0 0 0 0 0 0 0 0 0 0 0 0

y
0.0 0.3636363636363633 0.0 0.0 0.0 0.3636363636363633 0.0 0.0 0.0 0.1785714285714286 0.0 0.0 2.3636363636363633 0.0 16.5 0.0 0.8000000000000007 0.0 0.0 0.0 0.0 0.0 0.0 0.33333333333333304 0.0 0.0 0.0 0.0 6.45 0.0 0.0 0.0 0.5048543689320388 0.0 0.0 1.0 0.0

k
0 9 3 0 1 8 0 0 0 21 0 0 10 3 5 0 3 0 2 0 0 6 0 1 0 0 0 0 19 4 9 11 81 16 36 50 6

f
4.200000000000003 32.549999999999926 0.0 10.499999999999964 0.0 0.0 4.200000000000031 0.0 0.0 0.0 0.0 0.0 0.0 0.0 0.0 0.0 0.0 1.0500000000000256 0.0 0.0 0.0 0.0 0.0 0.0 0.0 0.0 0.0 0.0 0.0 4.2000000000000455 0.0 0.0 0.0 1.0500000000000114 0.0 0.0 0.0 0.0 0.0 0.0 0.0 13.65000000000002 0.0 0.0 0.0 0.0 0.0 0.0 0.0 4.199999999999974 0.0 10.499999999999972 0.0 0.0 0.0 0.0 0.0 0.0 0.0 0.0 0.0
0.0 0.0 0.0 0.0 0.0 0.0 0.0 1.949999999999939 0.0 0.0 0.0 0.0 0.0 0.0 0.0 0.0 0.0 0.0 0.0 0.0 0.0 0.0 0.0 0.0 0.0 0.0 0.0 0.0 0.0 0.0 0.0 0.0 0.0 0.0 0.0 0.0 0.0 0.0 0.0 0.0 0.0 0.0 0.0 0.0 0.0 0.0 0.0 0.0 0.0 0.0 0.0 0.0 0.0 0.0 0.0 0.0 0.0 0.0 0.0 0.0 0.0
0.0 0.0 0.0 0.0 0.0 0.0 0.0 0.0 0.0 0.0 0.0 0.0 0.0 0.0 0.0 0.0 0.0 0.0 0.0 0.0 0.0 0.0 0.0 0.0 0.0 0.0 0.0 0.0 0.0 0.0 0.0 0.0 0.0 0.0 0.0 0.0 0.0 0.0 0.0 0.0 0.0 0.0 0.0 0.0 0.0 0.0 0.0 0.0 0.0 0.0 0.0 0.0 0.0 0.0 0.0 0.0 0.0 0.0 0.0 0.0 0.0
0.0 0.0 0.8999999999999275 3.5999999999998487 0.0 10.799999999999962 0.0 2.2499999999998175 0.0 0.0 3.149999999999718 2.6999999999998123 7.199999999999781 0.0 0.0 4.949999999999769 0.8999999999997148 0.0 0.0 1.7999999999999723 0.0 0.0 0.0 5.399999999999798 2.699999999999781 0.0 0.0 0.0 0.0 0.0 8.099999999999921 2.699999999999871 6.29999999999983 3.599999999999845 3.5999999999998744 0.0 0.0 0.8999999999997494 0.0 4.049999999999768 0.0 0.4499999999997968 1.7999999999997782 0.0 0.0 0.0 0.0 17.54999999999994 3.149999999999905 0.0 0.0 0.45000000000000684 0.0 0.0 0.0 0.0 0.0 0.0 0.0 0.0 0.0

L
3 5 4 1 3 5 3 17 48 2 8 9 7 5 25 0 11 22 2 51 3 0 15 6 7 5 3 47 9 1 1 1 1 1 1 2 0

g
0 0 0 0 0 0 0 0 0 0 0 0 0 0 0 0 0 0 0 0 0 0 0 0 0 0 0 0 0 0 0 0 0 0 0 0 0 0 0 0 0 0 0 0 0 0 0 0 0 0 0 0 0 0 0 0 0 0 0 0 0
0 0 0 0 0 0 0 0 0 0 0 0 0 0 0 0 0 0 0 0 0 0 0 0 0 0 0 0 0 0 0 0 0 0 0 0 0 0 0 0 0 0 0 0 0 0 0 0 0 0 0 0 0 0 0 0 0 0 0 0 0
0 0 0 0 0 0 0 0 0 0 0 0 0 0 0 0 0 0 0 0 0 0 0 0 0 0 0 0 0 0 0 0 0 0 0 0 0 0 0 0 0 0 0 0 0 0 0 0 0 0 0 0 0 0 0 0 0 0 0 0 0
0 0 0 0 0 0 0 0 0 0 0 0 0 0 0 0 0 0 0 0 0 0 0 0 0 0 0 0 0 0 0 0 0 0 0 0 0 0 0 0 0 0 0 0 0 0 0 0 0 0 0 0 0 0 0 0 0 0 0 0 0
0 0 0 0 0 0 0 0 0 0 0 0 0 0 0 0 0 0 0 0 0 0 0 0 0 0 0 0 0 0 0 0 0 0 0 0 0 0 0 0 0 0 0 0 0 0 0 0 0 0 0 0 0 0 0 0 0 0 0 0 0
0 0 0 0 0 0 0 0 0 0 0 0 0 0 0 0 0 0 0 0 0 0 0 0 0 0 0 0 0 0 0 0 0 0 0 0 0 0 0 0 0 0 0 0 0 0 0 0 0 0 0 0 0 0 0 0 0 0 0 0 0
0 0 0 0 0 0 0 0 0 0 0 0 0 0 0 0 0 0 0 0 0 0 0 0 0 0 0 0 0 0 0 0 0 0 0 0 0 0 0 0 0 0 0 0 0 0 0 0 0 0 0 0 0 0 0 0 0 0 0 0 0
0 0 0 0 0 0 0 0 0 0 0 0 0 0 0 0 0 0 0 0 0 0 0 0 0 0 0 0 0 0 0 0 0 0 0 0 0 0 0 0 0 0 0 0 0 0 0 0 0 0 0 0 0 0 0 0 0 0 0 0 0
0 0 0 0 0 0 0 0 0 0 0 0 0 0 0 0 0 0 0 0 0 0 0 0 0 0 0 0 0 0 0 0 0 0 0 0 0 0 0 0 0 0 0 0 0 0 0 0 0 0 0 0 0 0 0 0 0 0 0 0 0
0 0 0 0 0 0 0 0 0 0 0 0 0 0 0 0 0 0 0 0 0 0 0 0 0 0 0 0 0 0 0 0 0 0 0 0 0 0 0 0 0 0 0 0 0 0 0 0 0 0 0 0 0 0 0 0 0 0 0 0 0
0 0 0 0 0 0 0 0 0 0 0 0 0 0 0 0 0 0 0 0 0 0 0 0 0 0 0 0 0 0 0 0 0 0 0 0 0 0 0 0 0 0 0 0 0 0 0 0 0 0 0 0 0 0 0 0 0 0 0 0 0
0 0 0 0 0 0 0 0 0 0 0 0 0 0 0 0 0 0 0 0 0 0 0 0 0 0 0 0 0 0 0 0 0 0 0 0 0 0 0 0 0 0 0 0 0 0 0 0 0 0 0 0 0 0 0 0 0 0 0 0 0
0 0 0 0 0 0 0 0 0 0 0 0 0 0 0 0 0 0 0 0 0 0 0 0 0 0 0 0 0 0 0 0 0 0 0 0 0 0 0 0 0 0 0 0 0 0 0 0 0 0 0 0 0 0 0 0 0 0 0 0 0
0 0 0 0 0 0 0 0 0 0 0 0 0 0 0 0 0 0 0 0 0 0 0 0 0 0 0 0 0 0 0 0 0 0 0 0 0 0 0 0 0 0 0 0 0 0 0 0 0 0 0 0 0 0 0 0 0 0 0 0 0
0 0 0 0 0 0 0 0 0 0 0 0 0 0 0 0 0 0 0 0 0 0 0 0 0 0 0 0 0 0 0 0 0 0 0 0 0 0 0 0 0 0 0 0 0 0 0 0 0 0 0 0 0 0 0 0 0 0 0 0 0
0 0 0 0 0 0 0 0 0 0 0 0 0 0 0 0 0 0 0 0 0 0 0 0 0 0 0 0 0 0 0 0 0 0 0 0 0 0 0 0 0 0 0 0 0 0 0 0 0 0 0 0 0 0 0 0 0 0 0 0 0
0 0 0 0 0 0 0 0 0 0 0 0 0 0 0 0 0 0 0 0 0 0 0 0 0 0 0 0 0 0 0 0 0 0 0 0 0 0 0 0 0 0 0 0 0 0 0 0 0 0 0 0 0 0 0 0 0 0 0 0 0
0 0 0 0 0 0 0 0 0 0 0 0 0 0 0 0 0 0 0 0 0 0 0 0 0 0 0 0 0 0 0 0 0 0 0 0 0 0 0 0 0 0 0 0 0 0 0 0 0 0 0 0 0 0 0 0 0 0 0 0 0
0 0 0 0 0 0 0 0 0 0 0 0 0 0 0 0 0 0 0 0 0 0 0 0 0 0 0 0 0 0 0 0 0 0 0 0 0 0 0 0 0 0 0 0 0 0 0 0 0 0 0 0 0 0 0 0 0 0 0 0 0
0 0 0 0 0 0 0 0 0 0 0 0 0 0 0 0 0 0 0 0 0 0 0 0 0 0 0 0 0 0 0 0 0 0 0 0 0 0 0 0 0 0 0 0 0 0 0 0 0 0 0 0 0 0 0 0 0 0 0 0 0
0 0 0 0 0 0 0 0 0 0 0 0 0 0 0 0 0 0 0 0 0 0 0 0 0 0 0 0 0 0 0 0 0 0 0 0 0 0 0 0 0 0 0 0 0 0 0 0 0 0 0 0 0 0 0 0 0 0 0 0 0
0 0 0 0 0 0 0 0 0 0 0 0 0 0 0 0 0 0 0 0 0 0 0 0 0 0 0 0 0 0 0 0 0 0 0 0 0 0 0 0 0 0 0 0 0 0 0 0 0 0 0 0 0 0 0 0 0 0 0 0 0
0 0 0 0 0 0 0 0 0 0 0 0 0 0 0 0 0 0 0 0 0 0 0 0 0 0 0 0 0 0 0 0 0 0 0 0 0 0 0 0 0 0 0 0 0 0 0 0 0 0 0 0 0 0 0 0 0 0 0 0 0
0 0 0 0 0 0 0 0 0 0 0 0 0 0 0 0 0 0 0 0 0 0 0 0 0 0 0 0 0 0 0 0 0 0 0 0 0 0 0 0 0 0 0 0 0 0 0 0 0 0 0 0 0 0 0 0 0 0 0 0 0
0 0 0 0 0 0 0 0 0 0 0 0 0 0 0 0 0 0 0 0 0 0 0 0 0 0 0 0 0 0 0 0 0 0 0 0 0 0 0 0 0 0 0 0 0 0 0 0 0 0 0 0 0 0 0 0 0 0 0 0 0
0 0 0 0 0 0 0 0 0 0 0 0 0 0 0 0 0 0 0 0 0 0 0 0 0 0 0 0 0 0 0 0 0 0 0 0 0 0 0 0 0 0 0 0 0 0 0 0 0 0 0 0 0 0 0 0 0 0 0 0 0
0 0 0 0 0 0 0 0 0 0 0 0 0 0 0 0 0 0 0 0 0 0 0 0 0 0 0 0 0 0 0 0 0 0 0 0 0 0 0 0 0 0 0 0 0 0 0 0 0 0 0 0 0 0 0 0 0 0 0 0 0
0 0 0 0 0 0 0 0 0 0 0 0 0 0 0 0 0 0 0 0 0 0 0 0 0 0 0 0 0 0 0 0 0 0 0 0 0 0 0 0 0 0 0 0 0 0 0 0 0 0 0 0 0 0 0 0 0 0 0 0 0
0 0 0 0 0 0 0 0 0 0 0 0 0 0 0 0 0 0 0 0 0 0 0 0 0 0 0 0 0 0 0 0 0 0 0 0 0 0 0 0 0 0 0 0 0 0 0 0 0 0 0 0 0 0 0 0 0 0 0 0 0
0 0 0 0 0 0 0 0 0 0 0 0 0 0 0 0 0 0 0 0 0 0 0 0 0 0 0 0 0 0 0 0 0 0 0 0 0 0 0 0 0 0 0 0 0 0 0 0 0 0 0 0 0 0 0 0 0 0 0 0 0
0 0 0 0 0 0 0 0 0 0 0 0 0 0 0 0 0 0 0 0 0 0 0 0 0 0 0 0 0 0 0 0 0 0 0 0 0 0 0 0 0 0 0 0 0 0 0 0 0 0 0 0 0 0 0 0 0 0 0 0 0
0 0 0 0 0 0 0 0 0 0 0 0 0 0 0 0 0 0 0 0 0 0 0 0 0 0 0 0 0 0 0 0 0 0 0 0 0 0 0 0 0 0 0 0 0 0 0 0 0 0 0 0 0 0 0 0 0 0 0 0 0
0 0 0 0 0 0 0 0 0 0 0 0 0 0 0 0 0 0 0 0 0 0 0 0 0 0 0 0 0 0 0 0 0 0 0 0 0 0 0 0 0 0 0 0 0 0 0 0 0 0 0 0 0 0 0 0 0 0 0 0 0
0 0 0 0 0 0 0 0 0 0 0 0 0 0 0 0 0 0 0 0 0 0 0 0 0 0 0 0 0 0 0 0 0 0 0 0 0 0 0 0 0 0 0 0 0 0 0 0 0 0 0 0 0 0 0 0 0 0 0 0 0
0 0 0 0 0 0 0 0 0 0 0 0 0 0 0 0 0 0 0 0 0 0 0 0 0 0 0 0 0 0 0 0 0 0 0 0 0 0 0 0 0 0 0 0 0 0 0 0 0 0 0 0 0 0 0 0 0 0 0 0 0
0 0 0 0 0 0 0 0 0 0 0 0 0 0 0 0 0 0 0 0 0 0 0 0 0 0 0 0 0 0 0 0 0 0 0 0 0 0 0 0 0 0 0 0 0 0 0 0 0 0 0 0 0 0 0 0 0 0 0 0 0
0 0 0 0 0 0 0 0 0 0 0 0 0 0 0 0 0 0 0 0 0 0 0 0 0 0 0 0 0 0 0 0 0 0 0 0 0 0 0 0 0 0 0 0 0 0 0 0 0 0 0 0 0 0 0 0 0 0 0 0 0

I cap
1058.909090909091 1058.909090909091 918.9490909091094 918.9490909091187 1144.359999999997 679.0999999999883 751.1400000000332 888.4400000000041 360.5800000000295 577.8200000000202 444.00000000000074 242.04000000000065 345.8400000000058 531.680000000008 622.4000000000023 429.7690909091133 576.389090909092 496.92909090909393 598.969090909108 636.0690909091013 388.8090909090831 412.789090909096 591.6490909091051 611.5290909091003 759.9090909090787 679.2890909091025 474.84909090911634 688.9690909090893 540.2690909090852 502.969090909118 606.9090909091053 415.86909090905897 484.6290909091237 336.3890909091267 196.3399999999985 243.17999999999984 106.98000000000422 343.55999999999705 412.4799999999947 651.3800000000283 596.060000000015 537.5599999999752 469.48000000001565 429.18000000003485 654.3599999999615 445.2199999999602 645.2200000000319 681.6000000000395 720.4799999999689 719.4200000000362 802.0800000000406 714.1800000000435 727.7000000000328 781.259999999949 956.759999999973 945.3400000000167 735.9490909091162 877.5090909090924 1010.709090909091 1058.909090909091 1058.909090909091
107.96969696969697 107.96969696969697 67.52969696969697 67.52969696969697 79.44000000000005 51.90000000000005 45.8600000000001 29.55999999999979 14.420000000000046 41.18000000000001 29.999999999999954 14.959999999999837 38.15999999999972 36.31999999999985 38.60000000000013 44.10969696969731 70.48969696969732 12.949696969697001 30.909696969697325 3.809696969696901 10.06969696969729 11.089696969697137 6.229696969697073 7.349696969697305 36.969696969697324 65.58969696969719 6.029696969697526 70.9096969696972 61.60969696969681 76.90969696969714 63.96969696969718 59.00969696969693 27.249696969697048 20.489696969697277 34.66 73.82000000000028 29.020000000000167 28.440000000001106 10.52000000000163 44.61999999999978 15.94000000000171 17.440000000000275 23.519999999999637 64.82 75.63999999999976 85.77999999999936 82.77999999999997 70.3999999999999 67.51999999999968 93.57999999999984 77.91999999999996 70.81999999999982 50.2999999999999 41.33999999999969 38.84000000000003 12.460000000000292 43.92969696969698 49.369696969696975 64.16969696969697 107.96969696969697 107.96969696969697
38.96666666666666 38.96666666666666 14.033333333333328 14.033333333333328 27.96666666666666 22.325 6.958333333333332 4.158333333333335 5.558333333333341 17.53333333333334 2.133333333333331 7.733333333333336 2.833333333333334 14.733333333333333 9.833333333333334 24.96666666666666 17.299999999999997 10.299999999999997 17.299999999999997 24.96666666666666 17.299999999999997 10.299999999999997 17.299999999999997 10.300000000000004 17.300000000000004 10.300000000000004 31.96666666666667 12.291666666666671 4.625000000000002 4.625000000000002 4.625000000000002 17.300000000000004 10.300000000000004 17.299999999999997 9.8 11.899999999999999 4.199999999999999 1.4333333333333353 5.633333333333331 9.133333333333333 16.133333333333333 11.233333333333341 25.23333333333337 17.533333333333353 21.733333333333356 12.633333333333331 23.83333333333332 22.433333333333294 23.13333333333337 19.52500000000002 29.325000000000017 29.325000000000017 32.82500000000006 17.06666666666668 12.166666666666675 29.366666666666653 31.96666666666667 38.96666666666667 38.96666666666666 38.96666666666666 38.96666666666666
45.24545454545453 45.24545454545453 43.14545454545453 43.14545454545453 32.97000000000007 32.84000000000025 21.650000000000297 24.780000000001777 24.260000000000314 27.38000000000044 23.48000000000021 12.560000000000123 7.79000000000022 10.120000000000154 12.220000000000251 27.80545454545498 29.31545454545498 25.065454545455072 24.435454545454938 22.315454545454966 20.77545454545524 24.075454545454782 27.775454545455087 26.79545454545526 30.545454545456643 32.08545454545516 29.025454545454934 28.905454545454884 22.57545454545489 25.405454545455168 21.665454545454956 23.82545454545498 25.42545454545494 20.90545454545491 29.950000000000287 28.470000000000073 17.830000000000155 17.85000000000019 21.560000000000322 38.970000000000184 23.490000000000396 28.830000000002364 36.1900000000004 33.940000000000744 32.32000000000038 32.030000000001074 30.600000000000176 24.070000000000526 23.290000000000205 33.360000000000305 42.190000000000005 38.84000000000003 38.88999999999998 36.040000000000354 30.290000000000642 32.62000000000024 34.585454545454525 36.34545454545453 43.91545454545453 45.24545454545453 45.24545454545453
20.999999999999993 20.999999999999993 20.159999999999993 20.159999999999993 13.609999999999994 20.139999999999997 11.779999999999921 11.779999999999903 7.719999999999898 12.339999999999932 16.299999999999958 10.109999999999959 5.290000000000013 9.009999999999943 6.629999999999978 11.619999999999978 13.879999999999978 12.229999999999997 6.849999999999969 6.240000000000007 5.809999999999958 7.389999999999915 9.469999999999887 9.099999999999996 10.23999999999977 10.879999999999988 10.150000000000006 10.539999999999978 6.440000000000007 6.879999999999956 6.709999999999976 8.880000000000003 7.2099999999999405 4.880000000000005 10.839999999999982 19.389999999999986 15.160000000000014 12.330000000000009 9.689999999999884 8.150000000000086 0.7499999999999324 6.6099999999999515 7.019999999999989 13.680000000000003 11.020000000000039 10.109999999999964 10.179999999999986 7.839999999999981 9.170000000000016 6.430000000000044 9.750000000000032 10.770000000000042 9.390000000000008 8.609999999999973 9.389999999999928 6.769999999999717 10.519999999999975 14.45000000000001 20.429999999999993 20.999999999999993 20.999999999999993
345.75757575757575 345.75757575757575 341.76757575757574 341.76757575757574 253.68 249.1388235294119 247.56941176470622 240.7111764705879 270.01058823529377 257.46882352941213 211.60941176470618 165.14000000000019 177.2100000000007 194.07117647058828 141.78941176470602 210.3169875222798 223.8275757575748 210.70757575757585 206.66757575757586 203.29757575757657 180.35757575757765 203.25757575757657 204.99757575757658 201.11757575757645 230.5975757575772 192.87757575757624 239.83875222816286 262.9669875222821 252.9369875222805 238.03757575757487 198.85757575757748 197.22757575757637 221.44757575757416 170.34757575757618 131.26117647059132 217.85058823529377 264.5699999999997 261.10882352941303 233.28941176470636 220.01999999999933 222.3100000000009 264.4400000000037 205.6500000000005 252.32000000000022 251.34000000000026 218.23999999999972 259.9299999999995 239.16000000000093 253.22000000000332 296.68117647059125 266.4894117647085 273.1105882352945 311.799411764708 329.83941176470955 320.680000000002 316.08117647058816 287.99816399287 317.38757575757575 345.75757575757575 345.75757575757575 345.75757575757575
779.7575757575758 779.7575757575758 747.8375757575758 747.8375757575758 630.2499999999995 700.9099999999999 656.2400000000002 651.8900000000001 752.9900000000009 642.4999999999998 568.2000000000011 570.9700000000006 545.4400000000003 649.4399999999988 741.2900000000001 641.7175757575754 695.5675757575768 689.4275757575767 675.4875757575757 559.037575757575 487.7075757575765 465.9375757575736 637.9375757575762 623.7775757575763 572.6575757575761 646.207575757575 676.7775757575753 708.6375757575744 511.3975757575726 579.6275757575738 614.5275757575787 584.6075757575736 622.3675757575729 573.5975757575773 472.13999999999874 626.949999999997 649.0299999999996 723.7800000000003 557.4199999999912 488.36999999999273 451.7900000000026 567.7600000000018 639.749999999996 580.3599999999943 467.6500000000019 453.58999999999025 508.2599999999963 463.7200000000123 475.7500000000005 486.8099999999969 679.4499999999975 603.6199999999974 539.2799999999975 516.7199999999996 629.7599999999993 535.8499999999939 628.677575757576 659.9175757575757 764.3675757575758 779.7575757575758 779.7575757575758
80.73333333333335 80.73333333333335 79.26333333333335 79.26333333333335 67.38 86.12 71.18666666666665 73.44999999999999 74.58333333333333 82.69 72.46666666666667 75.36 82.53000000000002 84.24 77.96999999999998 69.69333333333329 71.07333333333324 67.11333333333334 69.9766666666666 72.49333333333318 70.31999999999996 67.98333333333335 69.87333333333333 69.3633333333333 70.10333333333332 71.07333333333335 71.62666666666668 76.3333333333333 66.96999999999997 66.95333333333338 70.62666666666665 71.23999999999926 68.07333333333332 67.58666666666662 42.5200000000001 66.43999999999917 71.07999999999858 66.9666666666665 63.54999999999828 69.29999999999981 64.03999999999978 67.22 73.20333333333335 81.80666666666666 81.06 83.22999999999999 77.14000000000001 69.03 64.64999999999951 62.059999999999064 65.66999999999939 63.19333333333258 63.14999999999943 59.07666666666631 55.41999999999986 49.839999999999634 71.2366666666667 75.96333333333334 79.97333333333334 80.73333333333335 80.73333333333335
10.775757575757575 10.775757575757575 9.725757575757576 9.725757575757573 7.050000000000015 8.75 8.050000000000004 8.149999999999991 7.399999999999993 4.2999999999999945 1.7999999999999954 2.100000000000002 2.899999999999997 0.7700000000000005 0.5800000000000001 1.9857575757575736 5.975757575757574 2.775757575757579 1.1457575757575817 0.8957575757575889 0.19575757575757624 0.9957575757576196 2.8957575757575835 0.315757575757587 2.7957575757575635 0.15575757575757443 1.98575757575757 5.975757575757574 5.97575757575757 5.175757575757578 1.9157575757575822 2.0257575757575736 4.265757575757576 1.8657575757575797 1.3999999999999986 0.490000000000002 1.3500000000000039 4.440000000000033 1.0400000000000125 0.7499999999999929 3.4499999999999993 0.6500000000000012 0.7000000000000011 7.969999999999986 1.8099999999999987 0.2199999999999971 5.9599999999999715 3.860000000000003 2.859999999999971 1.280000000000003 0.11000000000000565 0.699999999999994 10.900000000000004 2.850000000000012 2.5500000000000043 4.25000000000006 2.1257575757575733 4.925757575757573 9.825757575757576 10.775757575757575 10.775757575757575
2.545454545454545 2.545454545454545 1.915454545454545 1.915454545454545 1.96 0.5599999999999999 1.270000000000008 0.03000000000000025 0.34000000000000286 0.030000000000000804 1.2400000000000433 0.5599999999999999 0.1399999999999999 0.8400000000000006 0.15000000000000058 0.20545454545454955 0.17545454545454775 0.29545454545455097 0.9854545454545497 0.9854545454545559 1.9154545454545682 0.1754545454545584 0.4154545454545482 0.5954545454545468 1.0754545454545505 1.2854545454545483 0.08545454545455056 0.9854545454545577 0.5654545454545471 1.28545454545455 0.4454545454545692 0.32545454545454944 0.7754545454545493 0.565454545454552 1.3300000000000103 0.2800000000000058 0.5800000000000062 0.7500000000000008 1.0300000000000074 0.1399999999999999 0.9700000000000014 0.5400000000000008 0.8200000000000011 0.1399999999999999 6.661338147750939e-16 0.5800000000000044 0.33000000000000074 2.220000000000013 1.960000000000003 0.16999999999999993 1.5700000000000127 0.1700000000000017 0.1700000000000017 3.3600000000000065 1.0600000000000005 0.7300000000000003 1.0754545454545466 1.8254545454545539 2.545454545454545 2.545454545454545 2.545454545454545
8.515433299825174 8.515433299825174 8.515433299825174 8.515433299825169 6.400398333333329 6.65428014519053 5.22732864942528 6.381790344827462 9.422054222625407 7.359398162431767 6.829545632183541 5.407272413792888 5.651555862068769 5.624498793103447 5.506285833333315 5.5529321839080374 6.245417068965492 6.620510344827576 4.135647758620672 4.3599976724137735 4.018549780564236 5.645712586206878 5.110362413793045 5.046957758620658 4.394462183908041 4.367670344827591 4.272110000000004 7.500019367815872 7.039526666666494 6.410431551724036 7.541951379309906 6.470924827586002 3.742120689655166 4.56442158045975 9.833523877797754 10.712548650937688 4.911957586206892 6.048998448275849 5.16045666666667 4.7666358620689655 3.941684482758607 4.644706206896521 4.825975689655152 5.616724655172396 4.39828810344824 4.209337241379277 2.872449310345 2.7602401724136856 3.696788275862143 4.365913103448336 5.924846264367785 5.5252787356321456 5.946707298850546 5.844083563218365 7.744154655172219 4.677551751361157 6.762559564192979 8.170605541204479 8.515433299825174 8.515433299825174 8.515433299825174
700.0 700.0 699.0 696.0 688.0 685.0 674.0 683.0 677.0 681.0 680.0 676.0 681.0 681.0 678.0 680.0 679.0 680.0 680.0 680.0 678.0 685.0 679.0 683.0 681.0 679.0 678.0 681.0 681.0 676.0 687.0 680.0 679.0 676.0 684.0 681.0 679.0 676.0 677.0 678.0 683.0 685.0 685.0 681.0 680.0 684.0 684.0 684.0 685.0 684.0 685.0 678.0 682.0 677.0 681.0 675.0 685.0 694.0 700.0 700.0 700.0

H cap
-4.200000000000003 -32.549999999999926 2.0999999999999943 -10.499999999999964 27.29999999999997 8.39999999999995 -4.200000000000031 2.0999999999999517 49.34999999999998 55.64999999999996 17.849999999999966 30.44999999999999 68.24999999999996 65.09999999999998 27.300000000000026 20.99999999999997 11.549999999999985 -1.0500000000000256 33.59999999999994 5.249999999999986 27.29999999999997 93.45 20.999999999999986 20.999999999999986 30.449999999999974 14.699999999999962 30.450000000000003 14.69999999999996 24.149999999999977 -4.2000000000000455 11.549999999999997 61.94999999999996 5.249999999999988 -1.0500000000000114 8.399999999999977 33.59999999999998 46.19999999999996 36.74999999999997 83.99999999999999 58.79999999999998 39.89999999999999 -13.65000000000002 14.69999999999999 36.749999999999986 36.74999999999996 61.949999999999974 30.44999999999999 52.499999999999986 77.69999999999999 -4.199999999999974 2.0999999999999943 -10.499999999999972 8.399999999999991 131.25 131.25 131.25 131.25 131.25 131.25 131.25 131.25
43.50000000000014 39.4500000000002 28.650000000000148 14.70000000000016 23.250000000000156 35.40000000000022 21.900000000000123 -1.949999999999939 7.050000000000206 10.200000000000124 4.800000000000104 13.800000000000185 22.35000000000015 18.300000000000153 13.350000000000186 17.400000000000137 13.350000000000218 8.400000000000222 9.300000000000164 10.20000000000018 6.600000000000132 14.700000000000127 18.30000000000016 26.400000000000052 32.25000000000013 10.650000000000123 8.400000000000073 19.200000000000134 7.950000000000144 9.75000000000011 25.50000000000014 36.30000000000008 36.750000000000085 29.550000000000097 24.600000000000172 14.700000000000191 7.050000000000089 9.75000000000011 22.80000000000006 27.300000000000153 18.30000000000006 9.300000000000182 7.500000000000152 2.5500000000000744 5.250000000000018 14.700000000000163 20.10000000000012 21.450000000000106 27.750000000000227 23.70000000000027 16.500000000000203 11.550000000000189 26.85000000000017 52.5 52.5 52.5 52.5 52.5 52.5 52.5 52.5
50.400000000000006 40.95000000000001 40.95000000000001 44.10000000000001 47.25000000000001 47.25000000000001 40.95000000000001 34.65000000000001 44.10000000000001 40.95000000000001 37.80000000000001 40.95000000000001 47.25000000000001 53.550000000000004 47.25000000000001 40.95000000000001 40.95000000000001 44.10000000000001 47.25000000000001 47.25000000000001 47.25000000000001 47.25000000000001 44.10000000000001 50.400000000000006 53.550000000000004 50.400000000000006 47.25000000000001 44.10000000000001 37.80000000000001 44.10000000000001 53.550000000000004 53.550000000000004 44.10000000000001 40.95000000000001 47.25000000000001 50.400000000000006 53.550000000000004 47.25000000000001 47.25000000000001 47.25000000000001 50.400000000000006 47.25000000000001 50.400000000000006 50.400000000000006 44.10000000000001 50.400000000000006 47.25000000000001 47.25000000000001 50.400000000000006 50.400000000000006 50.400000000000006 37.80000000000001 44.10000000000001 63.0 63.0 63.0 63.0 63.0 63.0 63.0 63.0
12.599999999999726 0.8999999999999169 -0.8999999999999275 -3.5999999999998487 3.5999999999999925 -10.799999999999962 8.550000000000075 -2.2499999999998175 4.050000000000193 2.700000000000214 -3.149999999999718 -2.6999999999998123 -7.199999999999781 5.850000000000193 1.5409895581797173e-13 -4.949999999999769 -0.8999999999997148 0.9000000000001238 2.700000000000148 -1.7999999999999723 1.4566126083082054e-13 0.9000000000001127 0.45000000000023155 -5.399999999999798 -2.699999999999781 0.4500000000000659 6.750000000000137 2.793321129956894e-13 0.9000000000002291 0.9000000000002149 -8.099999999999921 -2.699999999999871 -6.29999999999983 -3.599999999999845 -3.5999999999998744 3.6000000000000028 0.4500000000001738 -0.8999999999997494 5.400000000000253 -4.049999999999768 11.250000000000352 -0.4499999999997968 -1.7999999999997782 3.126388037344441e-13 4.050000000000345 2.2500000000001803 0.900000000000253 -17.54999999999994 -3.149999999999905 6.75000000000014 8.100000000000309 -0.45000000000000684 10.79999999999982 78.75 78.75 78.75 78.75 78.75 78.75 78.75 78.75

Gap
NaN

Time
NaN

