T P M C
61 37 4 12

base obj
11.0586925076276

exp obj
10.578333106210895

Objective struct
11.0586925076276 0.3921568627450981 8.745098039215684

num campaigns
461

x
0 0 0 0 1 0 0 0 1 0 0 0 1 0 0 1 0 0 0 0 0 0 1 0 0 1 0 0 1 0 0 0 0 0 1 0 0 1 0 0 1 0 0 0 1 0 0 0 0 0 1 0 0 0 0 1 0 0 0 0 0
0 0 0 0 0 0 0 0 0 0 0 0 0 0 0 0 0 0 0 0 0 0 1 0 0 0 0 0 1 0 0 0 0 0 0 0 1 0 0 0 0 0 0 0 0 0 0 0 0 0 0 0 0 0 0 0 0 0 0 0 0
0 0 0 0 0 0 0 0 0 1 0 0 0 1 0 0 0 0 1 0 0 0 0 1 0 0 0 0 1 0 0 0 1 0 0 0 0 0 0 1 0 0 0 1 0 0 0 1 0 0 0 0 1 0 0 0 0 0 0 0 0
0 0 0 0 0 0 1 0 1 1 1 1 1 1 1 1 0 0 0 0 1 0 0 1 0 0 0 0 0 0 0 0 0 0 0 0 0 0 0 0 0 0 0 0 0 0 0 0 0 0 0 0 0 0 0 0 0 0 0 0 0
0 0 0 0 0 0 0 0 1 0 0 1 0 0 1 0 0 1 0 0 1 0 0 1 0 0 1 0 0 1 0 0 0 1 0 0 1 0 0 1 0 0 1 0 0 1 0 0 1 0 0 0 0 1 0 0 0 0 0 0 0
0 0 0 0 0 0 0 0 0 0 0 1 0 0 0 0 0 0 1 0 0 0 0 0 0 0 0 0 0 0 0 0 0 1 0 0 0 0 0 0 0 0 0 0 0 0 0 0 0 1 0 0 0 0 0 0 0 0 0 0 0
0 0 0 0 0 0 1 0 1 0 1 0 1 0 1 0 1 0 1 0 1 0 1 0 1 0 1 0 0 0 0 0 0 0 0 0 0 1 0 0 0 0 0 0 0 0 0 0 0 0 0 0 0 0 0 0 0 0 0 0 0
0 0 0 0 1 0 0 0 0 0 0 0 0 0 0 0 0 0 0 0 0 1 0 0 0 0 0 0 0 0 0 0 0 0 0 0 0 0 1 0 0 0 0 0 0 0 0 0 0 0 0 0 0 0 0 1 0 0 0 0 0
0 0 0 0 0 0 0 0 0 0 0 0 0 0 0 0 1 0 0 0 0 0 0 0 0 0 0 0 0 0 0 0 0 0 0 0 0 0 0 0 0 0 0 0 0 0 0 0 0 0 0 1 0 0 0 0 0 0 0 0 0
0 0 0 0 0 0 0 0 0 0 0 0 1 0 0 0 0 0 0 0 0 0 0 0 1 0 0 1 0 0 0 1 0 1 0 0 0 0 0 0 0 0 1 0 0 1 0 1 0 1 0 0 0 0 0 0 0 0 0 0 0
0 0 0 0 0 0 0 1 0 0 0 0 0 0 1 0 0 0 0 0 0 1 0 0 0 0 0 0 0 0 0 0 0 0 0 1 0 0 0 0 0 0 1 0 0 0 0 0 0 0 0 0 0 0 0 0 0 0 0 0 0
0 0 0 0 0 0 1 0 0 0 0 0 0 0 0 0 0 0 0 0 0 0 0 0 0 0 0 0 0 1 0 0 0 0 0 0 0 0 0 0 1 0 0 0 0 0 0 0 0 0 0 0 0 0 0 1 0 0 0 0 0
0 0 0 0 0 0 0 0 0 0 0 0 0 0 0 0 0 0 1 0 0 0 0 0 0 0 0 0 0 0 0 0 1 0 0 0 0 0 0 0 0 0 0 0 1 0 0 0 0 0 0 0 0 0 0 0 0 0 0 0 0
0 0 0 0 1 0 0 0 0 0 1 0 0 0 0 0 0 0 0 0 0 0 1 0 0 0 0 0 0 1 0 0 0 0 0 1 0 0 0 0 1 0 0 0 0 0 1 0 0 0 0 0 1 0 0 0 0 0 0 0 0
0 0 0 0 0 0 0 0 0 0 1 0 0 0 0 0 0 0 0 0 0 0 0 0 0 0 0 0 0 0 1 0 0 0 0 0 0 0 0 0 0 0 0 0 0 0 0 0 0 0 0 0 0 0 0 0 0 0 0 0 0
0 0 0 0 0 0 0 0 0 0 0 0 0 0 0 0 0 1 0 0 0 0 0 0 0 0 0 0 0 0 0 0 0 0 0 0 0 0 0 0 0 0 0 0 0 0 0 0 0 0 0 0 0 0 0 0 0 0 0 0 0
0 0 0 0 0 0 0 0 0 0 0 0 0 1 0 0 0 0 0 0 0 0 0 0 0 0 0 0 0 0 0 0 0 0 0 0 0 0 0 0 0 0 0 0 0 0 1 0 0 0 0 0 0 0 0 0 0 0 0 0 0
0 0 0 0 0 0 1 0 0 0 0 0 0 0 0 0 0 0 0 0 0 0 0 0 0 0 0 0 0 0 1 0 0 0 0 0 0 0 0 0 0 0 0 0 0 0 0 0 0 0 0 0 0 0 1 0 0 0 0 0 0
0 0 0 0 0 0 0 0 1 0 1 0 1 0 1 0 1 0 1 0 1 0 0 1 0 1 0 1 0 1 0 0 1 0 0 1 0 0 1 0 0 1 0 1 0 1 0 1 0 1 0 0 0 1 0 0 0 0 0 0 0
0 0 0 0 0 0 1 0 0 0 0 0 0 0 0 0 0 0 0 0 0 0 0 0 0 0 0 0 0 0 0 0 0 0 0 0 0 0 0 0 0 0 0 0 0 0 0 0 0 0 0 0 0 0 0 1 0 0 0 0 0
0 0 0 0 0 0 0 1 0 1 0 0 0 1 0 1 0 1 0 1 0 0 0 0 1 0 1 0 0 0 0 0 1 0 0 0 0 0 1 0 1 0 1 0 0 0 0 0 0 0 0 0 0 0 0 0 0 0 0 0 0
0 0 0 0 0 0 0 0 0 0 0 0 0 0 0 0 0 0 0 0 0 0 0 0 0 0 0 0 0 0 0 0 0 0 0 0 0 0 0 0 0 0 0 0 0 0 0 0 0 0 0 0 0 0 0 0 0 0 0 0 0
0 0 0 0 1 0 0 0 0 0 0 0 0 0 0 0 0 0 0 0 1 0 0 0 0 0 0 0 0 0 0 0 0 0 0 0 1 0 0 0 0 0 0 0 0 0 0 0 0 0 0 0 0 1 0 0 0 0 0 0 0
0 0 0 0 0 0 0 1 0 0 0 0 0 0 1 0 0 0 0 0 0 0 0 0 1 0 0 0 0 0 0 1 0 0 0 0 0 0 0 0 0 0 1 0 0 0 0 0 1 0 0 0 0 0 0 0 0 0 0 0 0
0 0 0 0 0 0 1 0 0 0 0 0 0 0 0 0 1 0 0 0 0 0 0 0 0 0 1 0 0 0 0 0 0 0 0 0 0 0 1 0 0 0 0 0 0 0 0 0 0 0 0 1 0 0 0 0 0 0 0 0 0
0 0 0 0 0 0 0 0 1 0 0 0 0 0 1 0 0 0 0 1 0 0 0 0 0 0 1 0 0 0 0 1 0 0 0 0 0 0 0 0 0 1 0 0 0 0 1 0 0 0 0 1 0 0 0 0 0 0 0 0 0
0 0 0 0 0 0 1 0 0 1 0 0 0 0 0 0 0 0 0 1 0 0 0 1 0 1 0 0 0 0 0 0 0 1 0 0 1 0 0 0 0 0 0 0 0 0 0 0 1 0 0 1 0 1 0 0 0 0 0 0 0
0 0 0 0 0 1 0 0 0 0 0 0 0 0 0 0 0 0 0 0 0 0 0 0 0 0 0 0 0 0 0 0 0 0 0 0 0 0 0 0 0 0 0 0 0 0 0 0 0 0 0 0 0 1 0 0 0 0 0 0 0
0 0 0 0 0 0 0 0 0 0 0 0 0 0 0 0 0 0 0 0 0 0 0 0 0 0 0 0 0 0 0 0 0 0 0 0 0 0 0 0 0 1 0 0 1 0 0 0 0 0 0 0 0 0 0 0 0 0 0 0 0
0 0 0 0 0 0 0 0 1 1 1 1 1 1 1 1 1 1 1 1 1 1 1 1 1 1 1 1 1 1 1 1 1 1 1 1 1 1 1 1 1 1 1 1 1 1 1 1 1 1 1 1 1 1 1 1 0 0 0 0 0
0 0 0 0 0 0 0 0 1 1 0 1 1 1 1 1 1 1 1 1 1 1 0 1 1 1 1 1 1 1 1 1 1 1 1 1 1 1 1 1 0 1 1 1 1 1 1 1 1 1 1 1 1 1 1 1 0 0 0 0 0
0 0 0 0 0 0 1 0 1 0 1 1 1 1 1 1 1 1 1 1 1 1 0 1 1 1 1 1 0 1 1 1 1 1 1 1 1 1 1 1 1 1 1 1 1 1 1 1 1 1 1 0 0 0 1 1 0 0 0 0 0
0 0 0 0 0 0 0 0 9 0 2 1 0 0 1 0 0 0 2 5 3 4 0 0 4 0 0 9 1 1 0 1 2 1 6 1 1 0 1 2 1 0 7 3 2 3 3 2 1 2 0 0 0 3 5 4 0 0 0 0 0
0 0 0 0 0 0 1 1 1 0 0 1 1 0 1 1 0 0 1 1 1 1 0 0 1 0 0 1 0 1 1 1 1 1 1 0 1 0 1 1 0 0 1 1 1 1 1 1 1 1 1 0 0 1 1 1 0 0 0 0 0
0 0 0 0 0 0 0 0 0 0 0 0 0 0 0 0 0 0 0 0 1 0 0 1 0 0 0 1 0 1 0 0 1 0 0 0 0 0 0 1 1 0 0 1 0 0 1 0 1 1 1 0 0 0 1 0 0 0 0 0 0
0 0 0 0 0 0 0 0 0 0 0 0 0 0 0 0 0 0 0 0 0 0 0 0 0 0 0 0 0 0 0 0 0 0 0 0 0 0 0 0 0 0 0 0 0 0 0 1 0 1 0 0 0 1 0 0 0 0 0 0 0
0 0 0 0 0 0 0 0 0 0 0 0 0 0 0 0 0 0 0 0 0 0 0 0 0 0 0 0 0 0 0 0 0 0 0 0 0 0 0 0 0 0 0 0 0 0 0 0 0 0 0 0 0 0 0 0 0 0 0 0 0

y
0.0 1.3636363636363633 0.0 0.0 0.0 2.3636363636363633 0.0 0.0 0.0 0.1785714285714286 0.0 0.0 7.363636363636363 0.0 11.5 0.0 22.8 0.0 0.0 0.0 0.0 0.0 0.0 0.33333333333333304 0.0 0.0 0.0 0.0 0.4500000000000002 0.0 0.0 0.0 0.0 0.0 0.0 1.0 0.0

k
0 9 3 0 2 8 0 0 0 20 0 0 9 3 5 0 4 0 5 0 0 6 0 4 1 0 0 0 19 4 7 9 11 18 39 49 6

f
0.0 26.249999999999943 0.0 0.0 0.0 0.0 0.0 0.0 4.200000000000031 0.0 0.0 0.0 0.0 0.0 0.0 0.0 0.0 0.0 13.650000000000048 10.500000000000043 0.0 0.0 0.0 0.0 0.0 0.0 0.0 0.0 0.0 0.0 0.0 0.0 0.0 13.650000000000006 1.0500000000000256 0.0 0.0 0.0 0.0 0.0 0.0 0.0 0.0 0.0 0.0 0.0 0.0 0.0 0.0 0.0 0.0 13.649999999999991 0.0 0.0 0.0 0.0 0.0 0.0 0.0 0.0 0.0
0.0 0.0 0.0 0.0 0.0 5.54999999999975 0.0 0.0 0.0 0.0 0.0 0.0 0.0 0.0 0.0 1.0499999999998355 1.9499999999997435 2.8499999999998593 0.0 0.0 0.0 0.0 0.0 1.4999999999999147 7.3499999999998975 0.0 0.0 0.0 0.0 0.0 3.299999999999856 0.0 0.0 0.0 0.0 0.0 0.0 0.0 0.0 9.149999999999867 1.0499999999998657 2.3999999999998254 3.2999999999998257 3.7499999999998455 0.0 0.0 0.0 0.0 0.0 0.0 0.0 6.899999999999858 0.0 0.0 0.0 0.0 0.0 0.0 0.0 0.0 0.0
0.0 0.0 0.0 0.0 0.0 0.0 0.0 0.0 0.0 0.0 0.0 0.0 0.0 0.0 0.0 0.0 0.0 0.0 0.0 0.0 0.0 0.0 0.0 0.0 0.0 0.0 0.0 0.0 0.0 0.0 0.0 0.0 0.0 0.0 0.0 0.0 0.0 0.0 0.0 0.0 0.0 0.0 0.0 0.0 0.0 0.0 0.0 0.0 0.0 0.0 0.0 0.0 0.0 0.0 0.0 0.0 0.0 0.0 0.0 0.0 0.0
0.0 0.9000000000001513 0.0 19.34999999999994 0.4499999999997941 0.4499999999997977 10.349999999999818 15.749999999999806 0.0 0.8999999999996611 3.149999999999747 0.0 1.7999999999997698 0.0 2.249999999999683 0.0 0.0 0.0 0.0 2.699999999999804 0.0 0.0 4.499999999999872 0.0 0.0 4.049999999999713 0.8999999999996526 1.7999999999997573 0.0 1.3499999999996355 0.0 0.0 3.599999999999586 0.8999999999997543 3.5999999999997194 8.526512829121202e-14 0.0 3.599999999999696 0.0 0.0 0.44999999999961204 0.0 0.0 0.8999999999996473 0.0 1.3499999999997172 0.0 3.1499999999995687 6.749999999999707 4.499999999999853 0.0 0.0 0.0 0.0 0.0 0.0 0.0 0.0 0.0 0.0 0.0

L
3 6 4 1 3 7 2 17 35 2 7 11 12 5 20 0 33 24 2 49 2 0 16 6 10 5 2 48 3 1 1 1 0 1 1 2 0

g
0 0 0 0 0 0 0 0 0 0 0 0 0 0 0 0 0 0 0 0 0 0 0 0 0 0 0 0 0 0 0 0 0 0 0 0 0 0 0 0 0 0 0 0 0 0 0 0 0 0 0 0 0 0 0 0 0 0 0 0 0
0 0 0 0 0 0 0 0 0 0 0 0 0 0 0 0 0 0 0 0 0 0 0 0 0 0 0 0 0 0 0 0 0 0 0 0 0 0 0 0 0 0 0 0 0 0 0 0 0 0 0 0 0 0 0 0 0 0 0 0 0
0 0 0 0 0 0 0 0 0 0 0 0 0 0 0 0 0 0 0 0 0 0 0 0 0 0 0 0 0 0 0 0 0 0 0 0 0 0 0 0 0 0 0 0 0 0 0 0 0 0 0 0 0 0 0 0 0 0 0 0 0
0 0 0 0 0 0 0 0 0 0 0 0 0 0 0 0 0 0 0 0 0 0 0 0 0 0 0 0 0 0 0 0 0 0 0 0 0 0 0 0 0 0 0 0 0 0 0 0 0 0 0 0 0 0 0 0 0 0 0 0 0
0 0 0 0 0 0 0 0 0 0 0 0 0 0 0 0 0 0 0 0 0 0 0 0 0 0 0 0 0 0 0 0 0 0 0 0 0 0 0 0 0 0 0 0 0 0 0 0 0 0 0 0 0 0 0 0 0 0 0 0 0
0 0 0 0 0 0 0 0 0 0 0 0 0 0 0 0 0 0 0 0 0 0 0 0 0 0 0 0 0 0 0 0 0 0 0 0 0 0 0 0 0 0 0 0 0 0 0 0 0 0 0 0 0 0 0 0 0 0 0 0 0
0 0 0 0 0 0 0 0 0 0 0 0 0 0 0 0 0 0 0 0 0 0 0 0 0 0 0 0 0 0 0 0 0 0 0 0 0 0 0 0 0 0 0 0 0 0 0 0 0 0 0 0 0 0 0 0 0 0 0 0 0
0 0 0 0 0 0 0 0 0 0 0 0 0 0 0 0 0 0 0 0 0 0 0 0 0 0 0 0 0 0 0 0 0 0 0 0 0 0 0 0 0 0 0 0 0 0 0 0 0 0 0 0 0 0 0 0 0 0 0 0 0
0 0 0 0 0 0 0 0 0 0 0 0 0 0 0 0 0 0 0 0 0 0 0 0 0 0 0 0 0 0 0 0 0 0 0 0 0 0 0 0 0 0 0 0 0 0 0 0 0 0 0 0 0 0 0 0 0 0 0 0 0
0 0 0 0 0 0 0 0 0 0 0 0 0 0 0 0 0 0 0 0 0 0 0 0 0 0 0 0 0 0 0 0 0 0 0 0 0 0 0 0 0 0 0 0 0 0 0 0 0 0 0 0 0 0 0 0 0 0 0 0 0
0 0 0 0 0 0 0 0 0 0 0 0 0 0 0 0 0 0 0 0 0 0 0 0 0 0 0 0 0 0 0 0 0 0 0 0 0 0 0 0 0 0 0 0 0 0 0 0 0 0 0 0 0 0 0 0 0 0 0 0 0
0 0 0 0 0 0 0 0 0 0 0 0 0 0 0 0 0 0 0 0 0 0 0 0 0 0 0 0 0 0 0 0 0 0 0 0 0 0 0 0 0 0 0 0 0 0 0 0 0 0 0 0 0 0 0 0 0 0 0 0 0
0 0 0 0 0 0 0 0 0 0 0 0 0 0 0 0 0 0 0 0 0 0 0 0 0 0 0 0 0 0 0 0 0 0 0 0 0 0 0 0 0 0 0 0 0 0 0 0 0 0 0 0 0 0 0 0 0 0 0 0 0
0 0 0 0 0 0 0 0 0 0 0 0 0 0 0 0 0 0 0 0 0 0 0 0 0 0 0 0 0 0 0 0 0 0 0 0 0 0 0 0 0 0 0 0 0 0 0 0 0 0 0 0 0 0 0 0 0 0 0 0 0
0 0 0 0 0 0 0 0 0 0 0 0 0 0 0 0 0 0 0 0 0 0 0 0 0 0 0 0 0 0 0 0 0 0 0 0 0 0 0 0 0 0 0 0 0 0 0 0 0 0 0 0 0 0 0 0 0 0 0 0 0
0 0 0 0 0 0 0 0 0 0 0 0 0 0 0 0 0 0 0 0 0 0 0 0 0 0 0 0 0 0 0 0 0 0 0 0 0 0 0 0 0 0 0 0 0 0 0 0 0 0 0 0 0 0 0 0 0 0 0 0 0
0 0 0 0 0 0 0 0 0 0 0 0 0 0 0 0 0 0 0 0 0 0 0 0 0 0 0 0 0 0 0 0 0 0 0 0 0 0 0 0 0 0 0 0 0 0 0 0 0 0 0 0 0 0 0 0 0 0 0 0 0
0 0 0 0 0 0 0 0 0 0 0 0 0 0 0 0 0 0 0 0 0 0 0 0 0 0 0 0 0 0 0 0 0 0 0 0 0 0 0 0 0 0 0 0 0 0 0 0 0 0 0 0 0 0 0 0 0 0 0 0 0
0 0 0 0 0 0 0 0 0 0 0 0 0 0 0 0 0 0 0 0 0 0 0 0 0 0 0 0 0 0 0 0 0 0 0 0 0 0 0 0 0 0 0 0 0 0 0 0 0 0 0 0 0 0 0 0 0 0 0 0 0
0 0 0 0 0 0 0 0 0 0 0 0 0 0 0 0 0 0 0 0 0 0 0 0 0 0 0 0 0 0 0 0 0 0 0 0 0 0 0 0 0 0 0 0 0 0 0 0 0 0 0 0 0 0 0 0 0 0 0 0 0
0 0 0 0 0 0 0 0 0 0 0 0 0 0 0 0 0 0 0 0 0 0 0 0 0 0 0 0 0 0 0 0 0 0 0 0 0 0 0 0 0 0 0 0 0 0 0 0 0 0 0 0 0 0 0 0 0 0 0 0 0
0 0 0 0 0 0 0 0 0 0 0 0 0 0 0 0 0 0 0 0 0 0 0 0 0 0 0 0 0 0 0 0 0 0 0 0 0 0 0 0 0 0 0 0 0 0 0 0 0 0 0 0 0 0 0 0 0 0 0 0 0
0 0 0 0 0 0 0 0 0 0 0 0 0 0 0 0 0 0 0 0 0 0 0 0 0 0 0 0 0 0 0 0 0 0 0 0 0 0 0 0 0 0 0 0 0 0 0 0 0 0 0 0 0 0 0 0 0 0 0 0 0
0 0 0 0 0 0 0 0 0 0 0 0 0 0 0 0 0 0 0 0 0 0 0 0 0 0 0 0 0 0 0 0 0 0 0 0 0 0 0 0 0 0 0 0 0 0 0 0 0 0 0 0 0 0 0 0 0 0 0 0 0
0 0 0 0 0 0 0 0 0 0 0 0 0 0 0 0 0 0 0 0 0 0 0 0 0 0 0 0 0 0 0 0 0 0 0 0 0 0 0 0 0 0 0 0 0 0 0 0 0 0 0 0 0 0 0 0 0 0 0 0 0
0 0 0 0 0 0 0 0 0 0 0 0 0 0 0 0 0 0 0 0 0 0 0 0 0 0 0 0 0 0 0 0 0 0 0 0 0 0 0 0 0 0 0 0 0 0 0 0 0 0 0 0 0 0 0 0 0 0 0 0 0
0 0 0 0 0 0 0 0 0 0 0 0 0 0 0 0 0 0 0 0 0 0 0 0 0 0 0 0 0 0 0 0 0 0 0 0 0 0 0 0 0 0 0 0 0 0 0 0 0 0 0 0 0 0 0 0 0 0 0 0 0
0 0 0 0 0 0 0 0 0 0 0 0 0 0 0 0 0 0 0 0 0 0 0 0 0 0 0 0 0 0 0 0 0 0 0 0 0 0 0 0 0 0 0 0 0 0 0 0 0 0 0 0 0 0 0 0 0 0 0 0 0
0 0 0 0 0 0 0 0 0 0 0 0 0 0 0 0 0 0 0 0 0 0 0 0 0 0 0 0 0 0 0 0 0 0 0 0 0 0 0 0 0 0 0 0 0 0 0 0 0 0 0 0 0 0 0 0 0 0 0 0 0
0 0 0 0 0 0 0 0 0 0 0 0 0 0 0 0 0 0 0 0 0 0 0 0 0 0 0 0 0 0 0 0 0 0 0 0 0 0 0 0 0 0 0 0 0 0 0 0 0 0 0 0 0 0 0 0 0 0 0 0 0
0 0 0 0 0 0 0 0 0 0 0 0 0 0 0 0 0 0 0 0 0 0 0 0 0 0 0 0 0 0 0 0 0 0 0 0 0 0 0 0 0 0 0 0 0 0 0 0 0 0 0 0 0 0 0 0 0 0 0 0 0
0 0 0 0 0 0 0 0 0 0 0 0 0 0 0 0 0 0 0 0 0 0 0 0 0 0 0 0 0 0 0 0 0 0 0 0 0 0 0 0 0 0 0 0 0 0 0 0 0 0 0 0 0 0 0 0 0 0 0 0 0
0 0 0 0 0 0 0 0 7 0 0 0 0 0 0 0 0 0 0 3 1 2 0 0 2 0 0 7 0 0 0 0 0 0 4 0 0 0 0 0 0 0 5 1 0 1 1 0 0 0 0 0 0 1 3 2 0 0 0 0 0
0 0 0 0 0 0 0 0 0 0 0 0 0 0 0 0 0 0 0 0 0 0 0 0 0 0 0 0 0 0 0 0 0 0 0 0 0 0 0 0 0 0 0 0 0 0 0 0 0 0 0 0 0 0 0 0 0 0 0 0 0
0 0 0 0 0 0 0 0 0 0 0 0 0 0 0 0 0 0 0 0 0 0 0 0 0 0 0 0 0 0 0 0 0 0 0 0 0 0 0 0 0 0 0 0 0 0 0 0 0 0 0 0 0 0 0 0 0 0 0 0 0
0 0 0 0 0 0 0 0 0 0 0 0 0 0 0 0 0 0 0 0 0 0 0 0 0 0 0 0 0 0 0 0 0 0 0 0 0 0 0 0 0 0 0 0 0 0 0 0 0 0 0 0 0 0 0 0 0 0 0 0 0
0 0 0 0 0 0 0 0 0 0 0 0 0 0 0 0 0 0 0 0 0 0 0 0 0 0 0 0 0 0 0 0 0 0 0 0 0 0 0 0 0 0 0 0 0 0 0 0 0 0 0 0 0 0 0 0 0 0 0 0 0

I cap
1058.909090909091 1058.909090909091 939.3490909091006 939.3490909091124 1137.1600000000028 977.659999999991 634.620000000009 1026.3800000000092 368.9000000000018 432.45999999999736 266.6400000000109 322.66000000001657 500.7400000000087 442.1599999999957 382.67999999999984 398.10909090910565 560.4090909091046 782.5490909091006 529.5890909090986 447.7690909091066 263.72909090910724 604.6090909091029 661.5090909090984 418.0090909090966 512.029090909085 533.7090909091073 487.9490909091032 552.989090909093 406.50909090911097 684.6690909091008 711.1690909090921 663.3490909091145 619.0490909091193 309.9490909090906 210.59999999999974 304.140000000001 287.64000000000476 441.5399999999991 552.4999999999975 613.9800000000178 479.90000000000265 488.15999999998377 531.5800000000256 500.18000000002047 676.6599999999945 594.6599999999978 677.7400000000151 773.2400000000155 610.1400000000276 634.1200000000174 673.4999999999648 526.7000000000166 715.9000000000435 496.97999999997836 906.9400000000294 1046.26000000001 896.4690909090909 923.3490909090929 941.349090909091 1058.909090909091 1058.909090909091
107.96969696969697 107.96969696969697 67.52969696969697 67.52969696969697 79.43999999999998 80.94000000000004 8.180000000000128 19.619999999999806 26.10000000000042 62.539999999999836 74.36000000000014 75.33999999999995 53.25999999999993 31.83999999999985 40.32000000000015 26.76969696969698 29.469696969696884 91.32969696969728 52.28969696969729 8.109696969697126 0.14969696969734958 17.269696969697108 31.36969696969724 4.869696969697186 21.849696969697334 54.169696969696936 82.92969696969683 66.8896969696968 56.36969696969713 45.20969696969713 69.70969696969682 46.529696969697 38.82969696969708 22.929696969697076 14.400000000000542 49.859999999999985 12.360000000000525 8.460000000000424 24.50000000000091 40.02000000000007 10.100000000001138 17.84000000000009 7.41999999999979 34.81999999999988 48.33999999999978 30.33999999999966 36.259999999999785 69.75999999999956 58.8599999999998 65.88000000000001 61.49999999999902 60.29999999999971 65.09999999999998 17.62000000000009 33.65999999999978 5.540000000000105 42.40969696969704 43.529696969696886 69.52969696969697 107.96969696969697 107.96969696969697
38.96666666666666 38.96666666666666 38.96666666666666 38.96666666666666 19.16666666666666 4.391666666666666 12.491666666666664 11.158333333333337 5.5583333333333425 2.8666666666666725 2.133333333333331 7.733333333333336 10.5 14.73333333333334 2.833333333333334 2.633333333333331 10.299999999999995 2.633333333333331 10.299999999999997 2.633333333333338 10.299999999999997 17.300000000000004 31.96666666666666 31.96666666666667 17.300000000000004 10.300000000000002 2.633333333333338 10.300000000000002 17.300000000000004 12.291666666666671 19.291666666666668 19.291666666666668 4.625000000000002 17.300000000000004 2.1333333333333346 11.899999999999999 11.2 16.1 5.633333333333331 9.133333333333333 1.4666666666666668 18.23333333333334 10.566666666666675 17.53333333333334 21.733333333333327 27.299999999999997 38.5 37.10000000000002 37.8 32.2 42.00000000000006 42.00000000000003 52.50000000000003 4.3916666666666835 6.491666666666678 16.691666666666656 26.291666666666668 38.96666666666667 38.96666666666666 38.96666666666666 38.96666666666666
45.24545454545453 45.24545454545453 43.14545454545453 43.14545454545453 32.97000000000005 41.79000000000026 35.52000000000058 34.060000000001345 22.66000000000019 24.51000000000035 21.340000000000206 12.63000000000008 15.710000000000253 10.130000000000177 10.560000000000098 23.425454545455093 29.145454545454957 30.755454545454906 24.755454545454885 24.695454545455185 20.845454545455027 26.305454545454808 30.535454545455114 22.51545454545508 20.845454545456068 21.05545454545494 29.47545454545509 25.87545454545492 24.155454545454965 26.315454545454937 27.825454545454985 28.545454545455062 25.125454545454954 21.285454545454897 17.99000000000022 19.910000000000117 20.190000000000126 20.22000000000023 24.700000000000383 38.020000000000145 22.01000000000055 29.68000000000157 36.570000000000064 27.92000000000055 30.990000000000286 28.740000000000553 27.330000000000336 25.250000000000494 22.300000000000388 27.990000000000325 33.61000000000032 37.42000000000036 36.58 31.890000000000104 29.250000000000465 36.27000000000002 41.735454545454544 41.945454545454524 43.28545454545453 45.24545454545453 45.24545454545453
20.999999999999993 20.999999999999993 20.159999999999993 20.159999999999993 13.609999999999998 22.889999999999993 17.589999999999904 21.279999999999834 13.439999999999948 8.239999999999917 10.919999999999945 10.319999999999979 12.09000000000002 7.9999999999999885 3.780000000000012 5.430000000000041 10.539999999999921 10.810000000000066 6.889999999999981 6.669999999999883 4.739999999999952 9.639999999999855 13.38999999999987 8.099999999999959 8.95999999999995 6.840000000000035 10.810000000000016 9.890000000000033 6.840000000000011 7.000000000000075 7.930000000000011 9.619999999999957 7.120000000000021 5.460000000000054 6.410000000000053 12.969999999999999 8.909999999999965 9.479999999999947 9.29999999999992 5.470000000000033 2.8599999999999746 10.289999999999992 11.709999999999999 9.709999999999997 7.660000000000028 6.650000000000023 9.100000000000009 8.120000000000045 9.239999999999995 5.43999999999998 8.090000000000028 9.899999999999993 6.789999999999981 4.550000000000011 7.079999999999915 9.19999999999984 13.61 16.67999999999999 20.21999999999999 20.999999999999993 20.999999999999993
345.75757575757575 345.75757575757575 341.76757575757574 341.76757575757574 253.68 255.73882352941177 273.39058823529444 215.5494117647056 252.35058823529482 222.5394117647075 182.509411764706 164.84999999999977 204.81000000000105 160.5000000000004 153.280000000001 203.42757575757383 220.43757575757618 211.7675757575766 203.94757575757555 206.0175757575769 213.84757575757683 266.56875222816484 279.71698752228235 252.61698752228216 198.57757575757577 183.6075757575765 235.44757575757703 236.5087522281634 221.18698752228042 258.63698752228186 234.30757575757679 222.497575757575 194.27757575757522 186.0575757575762 84.3900000000016 176.55000000000007 205.2699999999999 208.80000000000064 215.7999999999999 233.64999999999995 216.45000000000067 266.3100000000039 186.95 234.68000000000077 237.4900000000017 136.73999999999896 207.2400000000005 195.6700000000013 243.2500000000031 281.5700000000029 291.6511764705915 345.6505882352959 359.6400000000021 338.3388235294145 338.16941176470823 311.6211764705888 316.9081639928701 341.76757575757574 341.76757575757574 345.75757575757575 345.75757575757575
779.7575757575758 779.7575757575758 747.8375757575758 747.8375757575757 630.2499999999985 747.1100000000001 753.3399999999997 41.80000000000075 246.26000000000045 602.7600000000004 459.18000000000177 581.2099999999995 776.29 614.5000000000008 602.0899999999997 597.3175757575751 686.597575757577 541.667575757575 65.78757575757578 61.337575757578634 68.44757575757478 406.197575757572 724.1175757575768 286.51757575757694 378.3375757575775 643.0975757575752 4.417575757575548 54.657575757576524 515.8775757575759 578.2975757575784 581.2475757575767 508.50757575757603 470.6875757575736 45.88757575757637 26.850000000000872 482.43 647.7900000000006 678.9000000000015 464.03999999999814 407.3299999999995 502.54000000000394 90.85000000000139 24.360000000000465 295.75999999999783 219.52000000000015 125.64999999999935 308.76999999999896 408.78999999999974 392.61999999999927 434.2600000000007 662.9600000000008 645.8599999999972 356.28999999999917 20.849999999999962 47.44000000000017 333.71999999999036 723.4275757575758 728.3975757575757 749.4575757575758 779.7575757575758 779.7575757575758
80.73333333333335 80.73333333333335 79.26333333333335 79.26333333333335 67.37999999999988 88.62 73.39666666666668 77.72 74.99999999999999 83.78333333333332 77.01999999999998 77.59666666666666 85.77000000000001 85.86333333333332 77.98666666666668 64.65333333333332 71.3866666666667 76.46333333333322 67.83999999999979 67.37333333333332 65.4533333333333 69.02333333333333 74.38666666666668 73.2133333333333 70.06999999999992 71.29666666666662 77.86333333333333 73.34999999999992 71.29666666666652 69.27000000000001 67.53333333333327 68.55333333333337 68.40333333333332 64.99333333333331 34.16000000000009 62.26333333333208 69.56666666666604 69.32333333333277 68.61666666666497 67.2899999999997 66.63333333333325 74.72999999999999 73.75666666666669 75.23999999999998 78.54 80.85999999999999 76.48 69.86999999999999 64.8599999999991 61.06999999999965 61.7699999999978 61.15333333333227 61.419999999999895 56.226666666665835 56.01999999999927 52.50999999999992 73.62666666666668 77.10333333333335 79.34333333333335 80.73333333333335 80.73333333333335
10.775757575757575 10.775757575757575 9.725757575757576 9.725757575757573 7.050000000000006 8.750000000000004 5.650000000000004 3.349999999999995 1.3699999999999983 3.0699999999999945 0.2699999999999916 2.070000000000004 6.870000000000004 2.1599999999999966 0.5800000000000001 4.385757575757574 5.1757575757575776 3.775757575757572 5.52575757575757 4.175757575757579 1.7257575757575798 0.5657575757576125 8.975757575757566 3.615757575757576 1.715757575757577 3.575757575757572 5.975757575757577 1.5157575757575774 3.5957575757575757 3.4357575757575693 2.7357575757575754 7.145757575757577 3.9457575757575665 2.1657575757575724 3.6000000000000023 0.9399999999999993 2.1000000000000094 2.0400000000000214 1.04 5.549999999999993 3.4499999999999993 0.6499999999999906 0.699999999999994 10.799999999999994 6.499999999999997 0.6999999999999975 5.8699999999999894 0.579999999999993 1.309999999999988 1.099999999999989 1.0999999999999908 8.099999999999998 8.500000000000007 3.650000000000025 2.1500000000000146 2.2500000000000338 9.725757575757576 9.725757575757576 9.825757575757578 10.775757575757575 10.775757575757575
2.545454545454545 2.545454545454545 1.915454545454545 1.915454545454545 1.96 0.5599999999999999 0.5500000000000117 0.12000000000000033 1.240000000000017 1.2600000000000007 1.5400000000000151 0.1399999999999999 0.5599999999999999 0.6300000000000007 0.8400000000000002 0.17545454545454697 0.26545454545455127 1.0754545454545497 0.08545454545454745 1.0454545454545556 0.805454545454554 0.6554545454545496 0.9554545454545503 0.5654545454545498 0.7754545454545511 1.075454545454554 1.0754545454545568 0.025454545454548283 0.32545454545454733 0.20545454545455166 0.6854545454545499 1.195454545454552 0.8054545454545535 0.41545454545455607 0.8500000000000133 0.0700000000000045 0.7900000000000053 0.12000000000000077 0.8200000000000135 0.1399999999999999 0.3400000000000082 0.5400000000000008 0.8200000000000117 0.1399999999999999 0.15000000000000058 0.46000000000001506 0.36000000000000054 1.5700000000000216 0.1700000000000026 0.17000000000000703 0.4600000000000287 0.5200000000000021 1.3300000000000036 0.22000000000000863 0.1700000000000017 0.9700000000000019 0.9854545454545466 1.1954545454545515 1.915454545454545 2.545454545454545 2.545454545454545
8.515433299825174 8.515433299825174 8.515433299825174 8.515433299825164 6.400398505747118 7.362083965517231 6.951466235632173 4.8366298578341365 5.414825114942304 6.0557079022986615 6.400235287356043 7.483134482758487 6.608452586206785 4.762430000000012 5.012607672413797 5.098334655172438 5.847141379310353 5.327407068965505 2.4132339655172643 2.725514913793094 3.235791159874598 4.690540172413788 5.669557816091934 2.9843139080459915 2.997910287356361 5.407325172413838 2.1979720689655453 3.6494446551723403 5.763090057471199 5.646063908045924 6.8367791379308525 6.5812698275861035 3.8490172413792996 3.0247662356321765 7.061926609195172 9.5456398275861 4.299888448275887 5.450722586206902 4.011031379310385 3.904567068965593 4.286512068965495 2.575740689655234 1.0328722413794553 3.289138620689646 2.3362193103448154 2.7610615517241976 2.1931389655172806 2.8550677586207165 3.179546724137955 3.331430172413743 5.43461620689658 5.752290057471375 5.544408448275823 3.9998305172413513 4.928062701149237 4.391344854809419 7.5384218055723 7.9981919205148255 8.515433299825174 8.515433299825174 8.515433299825174
700.0 700.0 700.0 698.0 687.0 685.0 673.0 683.0 679.0 676.0 680.0 681.0 683.0 683.0 675.0 676.0 675.0 683.0 679.0 685.0 681.0 683.0 680.0 677.0 679.0 687.0 680.0 679.0 683.0 684.0 687.0 683.0 684.0 679.0 685.0 684.0 680.0 680.0 676.0 685.0 678.0 687.0 680.0 686.0 684.0 685.0 684.0 683.0 682.0 683.0 689.0 680.0 681.0 673.0 678.0 683.0 695.0 693.0 700.0 698.0 699.0

H cap
5.249999999999986 -26.249999999999943 5.250000000000043 8.400000000000036 17.849999999999937 2.0999999999999233 11.549999999999956 5.249999999999943 -4.200000000000031 8.39999999999992 36.74999999999997 8.39999999999995 5.25 20.99999999999998 20.999999999999986 46.199999999999974 36.749999999999986 5.249999999999975 -13.650000000000048 -10.500000000000043 39.89999999999995 21.0 20.999999999999986 74.54999999999997 24.15000000000002 14.69999999999996 24.150000000000006 33.599999999999994 83.99999999999994 36.74999999999996 17.849999999999994 65.1 24.14999999999999 -13.650000000000006 -1.0500000000000256 36.74999999999996 46.19999999999999 46.199999999999974 65.09999999999994 65.1 55.64999999999999 46.19999999999999 93.44999999999999 93.44999999999999 68.24999999999997 46.19999999999999 33.60000000000001 27.30000000000001 65.09999999999998 24.14999999999999 2.0999999999999943 -13.649999999999991 17.849999999999994 131.25 131.25 131.25 131.25 131.25 131.25 131.25 131.25
39.000000000000085 39.000000000000156 38.55000000000016 34.05000000000021 2.550000000000159 -5.54999999999975 16.050000000000097 9.300000000000047 9.300000000000097 11.550000000000132 14.250000000000124 13.800000000000228 22.350000000000126 27.30000000000019 13.350000000000222 -1.0499999999998355 -1.9499999999997435 -2.8499999999998593 8.400000000000066 16.50000000000025 4.800000000000119 9.30000000000014 25.500000000000224 -1.4999999999999147 -7.3499999999998975 10.650000000000244 12.900000000000109 19.200000000000248 8.850000000000147 2.550000000000101 -3.299999999999856 3.9000000000000856 14.700000000000102 17.400000000000205 20.100000000000147 11.550000000000168 7.9500000000001885 18.30000000000015 2.1000000000001657 -9.149999999999867 -1.0499999999998657 -2.3999999999998254 -3.2999999999998257 -3.7499999999998455 6.150000000000108 3.9000000000001247 6.600000000000075 23.700000000000102 29.550000000000164 16.950000000000195 2.1000000000001977 -6.899999999999858 20.10000000000014 52.5 52.5 52.5 52.5 52.5 52.5 52.5 52.5
53.550000000000004 53.550000000000004 50.400000000000006 44.10000000000001 40.95000000000001 37.80000000000001 44.10000000000001 47.25000000000001 44.10000000000001 40.95000000000001 34.65000000000001 37.80000000000001 50.400000000000006 50.400000000000006 47.25000000000001 47.25000000000001 44.10000000000001 44.10000000000001 50.400000000000006 40.95000000000001 40.95000000000001 47.25000000000001 47.25000000000001 50.400000000000006 47.25000000000001 47.25000000000001 50.400000000000006 47.25000000000001 44.10000000000001 44.10000000000001 50.400000000000006 53.550000000000004 44.10000000000001 47.25000000000001 53.550000000000004 50.400000000000006 53.550000000000004 50.400000000000006 40.95000000000001 44.10000000000001 47.25000000000001 44.10000000000001 47.25000000000001 47.25000000000001 44.10000000000001 47.25000000000001 53.550000000000004 50.400000000000006 50.400000000000006 47.25000000000001 47.25000000000001 50.400000000000006 53.550000000000004 63.0 63.0 63.0 63.0 63.0 63.0 63.0 63.0
1.3499999999996142 -0.9000000000001513 5.850000000000033 -19.34999999999994 -0.4499999999997941 -0.4499999999997977 -10.349999999999818 -15.749999999999806 4.050000000000253 -0.8999999999996611 -3.149999999999747 1.8000000000001748 -1.7999999999997698 1.8000000000001806 -2.249999999999683 0.45000000000012896 2.700000000000061 5.850000000000049 5.850000000000001 -2.699999999999804 2.7000000000003364 0.45000000000027995 -4.499999999999872 3.006483950684924e-13 5.850000000000099 -4.049999999999713 -0.8999999999996526 -1.7999999999997573 2.70000000000035 -1.3499999999996355 0.45000000000035234 17.100000000000136 -3.599999999999586 -0.8999999999997543 -3.5999999999997194 -8.526512829121202e-14 1.8000000000002472 -3.599999999999696 3.219646771412954e-13 4.0500000000002565 -0.44999999999961204 2.4158453015843406e-13 6.750000000000316 -0.8999999999996473 9.450000000000264 -1.3499999999997172 10.800000000000354 -3.1499999999995687 -6.749999999999707 -4.499999999999853 8.549999999999951 4.049999999999953 21.59999999999959 78.75 78.75 78.75 78.75 78.75 78.75 78.75 78.75

Gap
NaN

Time
NaN

