T P M C
61 37 4 12

base obj
11.135679722576276

exp obj
10.439995086049853

Objective struct
11.135679722576276 0.0 8.352941176470587

num campaigns
391

x
0 0 0 0 0 0 0 0 0 0 1 0 0 0 1 0 0 0 1 0 0 1 0 0 1 0 0 0 1 0 0 1 0 0 1 0 0 1 0 0 1 0 0 0 1 0 0 0 0 0 1 0 0 1 0 0 0 0 0 0 0
0 0 0 0 0 0 0 0 0 1 0 0 0 0 0 0 1 0 0 0 0 0 0 0 0 0 0 0 0 1 0 0 0 0 1 0 0 0 0 0 0 0 0 0 0 0 0 0 0 0 0 0 0 0 0 0 0 0 0 0 0
0 0 0 0 0 0 0 1 0 0 0 1 0 0 0 1 0 0 0 0 0 0 0 1 0 0 0 1 0 0 0 1 0 0 0 0 0 0 0 1 0 0 0 1 0 0 0 1 0 0 0 0 0 0 0 0 0 0 0 0 0
0 0 0 0 1 0 1 0 1 0 1 0 1 0 0 0 1 0 1 0 0 0 0 0 0 0 1 0 1 0 0 0 0 0 0 0 0 1 0 0 0 0 0 0 0 0 0 0 0 0 0 1 0 0 0 0 0 0 0 0 0
0 0 0 0 0 1 0 0 1 0 1 0 1 0 1 0 1 0 0 1 0 1 0 1 0 0 0 0 1 0 0 1 0 1 0 1 0 0 1 0 1 0 0 0 0 1 0 0 1 0 0 0 0 0 0 0 0 0 0 0 0
0 0 0 0 0 0 0 0 0 0 0 1 0 0 0 0 0 0 0 1 0 0 0 0 0 0 0 0 0 0 0 0 1 0 0 0 0 0 0 1 0 0 0 0 0 0 0 0 0 0 1 0 0 0 0 0 0 0 0 0 0
0 0 0 0 0 0 1 0 1 0 1 0 1 0 1 0 1 0 1 0 0 0 1 0 0 0 1 0 1 0 1 0 1 0 0 0 0 0 0 0 0 0 0 0 0 0 0 0 0 0 0 0 0 0 0 0 0 0 0 0 0
0 0 0 0 1 0 0 0 0 0 0 0 0 0 0 0 0 0 0 0 1 0 0 0 0 0 0 0 0 0 0 0 0 0 0 0 1 0 0 0 0 0 0 0 0 0 0 0 0 0 0 0 1 0 0 0 0 0 0 0 0
0 0 0 0 0 0 0 0 0 0 0 0 0 0 0 0 0 0 0 0 0 0 0 0 0 1 0 0 0 0 0 0 0 0 0 0 0 0 0 0 0 0 0 0 0 0 0 0 0 0 0 0 0 0 0 1 0 0 0 0 0
0 0 0 0 0 0 0 0 0 0 0 0 0 0 0 1 0 0 0 0 0 0 0 0 0 0 1 0 0 1 0 0 1 0 0 0 0 0 0 0 0 1 0 0 0 1 0 0 0 1 0 1 0 0 0 0 0 0 0 0 0
0 0 0 0 1 0 0 0 0 0 0 0 0 0 1 0 0 0 0 0 0 0 0 0 1 0 0 0 0 0 0 0 0 0 1 0 0 0 0 0 0 0 0 0 0 0 1 0 0 0 0 0 0 0 0 0 0 0 0 0 0
0 0 0 0 0 0 0 1 0 0 0 0 0 0 0 0 0 0 0 0 0 1 0 0 0 0 0 0 0 0 0 0 0 0 0 0 0 0 0 0 1 0 0 0 0 0 0 0 0 0 0 0 0 1 0 0 0 0 0 0 0
0 0 0 0 0 1 0 0 0 0 0 0 0 0 0 0 0 0 0 0 0 0 0 0 0 0 0 0 0 0 0 0 0 0 0 0 0 0 0 0 0 0 0 0 1 0 0 0 0 0 0 0 0 0 0 0 0 0 0 0 0
0 0 0 0 0 0 1 0 0 0 0 0 0 0 0 1 0 0 0 0 0 0 1 0 0 0 0 0 0 1 0 0 0 0 0 0 0 0 1 0 0 0 0 0 0 0 0 0 1 0 0 0 0 0 0 0 0 0 0 0 0
0 0 0 0 0 0 1 0 0 0 0 0 0 0 0 0 0 0 0 0 0 0 0 0 0 0 0 0 0 0 0 0 0 0 0 0 0 0 0 0 0 0 0 0 0 0 0 0 1 0 0 0 0 0 0 0 0 0 0 0 0
0 0 0 0 0 0 0 0 0 0 0 0 0 0 0 0 0 1 0 0 0 0 0 0 0 0 0 0 0 0 0 0 0 0 0 0 0 0 0 0 0 0 0 0 0 0 0 0 0 0 0 0 0 0 0 0 0 0 0 0 0
0 0 0 0 0 0 0 0 0 0 0 0 0 1 0 0 0 0 0 0 0 0 0 0 0 1 0 0 0 0 0 0 0 0 0 0 0 0 0 0 0 0 0 0 0 0 0 0 0 0 0 0 0 0 0 1 0 0 0 0 0
0 0 0 0 1 0 0 0 0 0 0 0 0 0 0 0 0 0 0 0 0 0 0 0 0 1 0 0 0 0 0 0 0 0 0 0 0 0 0 0 0 0 0 0 0 0 1 0 0 0 0 0 0 0 0 0 0 0 0 0 0
0 0 0 0 0 0 1 0 1 0 0 0 0 1 0 1 0 1 0 1 0 1 0 1 0 0 1 0 1 0 0 1 0 1 0 1 0 1 0 1 0 1 0 1 0 1 0 1 0 1 0 1 0 1 0 0 0 0 0 0 0
0 0 0 0 0 1 0 0 0 0 0 0 0 0 0 0 0 0 0 0 0 0 0 0 0 0 0 0 0 0 0 0 0 0 0 0 0 0 0 0 0 0 0 0 0 0 0 0 0 0 0 0 0 0 0 1 0 0 0 0 0
0 0 0 0 0 0 0 0 1 0 0 1 0 1 0 0 1 0 1 0 1 0 1 0 0 0 1 0 0 0 0 0 1 0 0 0 0 0 1 0 1 0 0 0 0 0 1 0 0 0 0 0 0 0 0 0 0 0 0 0 0
0 0 0 0 0 0 0 0 0 0 0 0 0 0 0 0 0 0 0 0 0 0 0 0 0 0 0 0 0 0 0 0 0 0 0 0 0 0 0 0 0 0 0 0 0 0 0 0 0 0 0 0 0 0 0 0 0 0 0 0 0
0 0 0 0 0 0 0 0 1 0 0 0 0 0 0 0 0 0 0 0 0 0 0 0 0 0 0 1 0 0 0 0 0 0 0 0 0 0 0 0 0 0 1 0 0 0 0 0 0 0 0 0 0 0 0 1 0 0 0 0 0
0 0 0 0 0 0 0 0 0 1 0 0 0 1 0 0 0 1 0 0 1 0 0 0 0 1 0 0 0 0 1 0 0 1 0 0 1 0 0 0 0 0 1 0 0 0 0 0 0 0 0 0 1 0 0 0 0 0 0 0 0
0 0 0 0 1 0 0 0 0 0 0 0 1 0 0 0 0 0 0 0 0 0 0 1 0 0 0 0 0 0 0 0 0 0 0 1 0 0 0 0 0 0 0 0 0 0 1 0 0 0 0 0 0 0 1 0 0 0 0 0 0
0 0 0 0 0 0 0 0 1 0 0 0 0 0 1 0 0 0 0 1 0 0 0 0 1 0 0 0 0 1 0 0 0 0 0 0 0 0 0 1 0 0 0 0 1 0 0 0 0 1 0 0 0 0 0 0 0 0 0 0 0
0 0 0 0 0 0 0 1 0 0 1 0 0 0 0 0 0 0 1 0 0 0 1 0 0 0 0 1 0 0 1 0 0 1 0 0 0 0 1 0 0 0 0 0 0 0 1 0 0 0 0 1 0 0 0 0 0 0 0 0 0
0 0 0 0 1 0 0 0 0 0 0 0 0 0 0 0 0 0 0 0 0 0 0 0 0 0 0 0 0 0 0 0 0 0 0 0 0 0 0 0 0 0 0 0 0 0 0 0 0 0 0 0 0 0 0 1 0 0 0 0 0
0 0 0 0 0 0 0 0 0 0 0 0 0 0 0 0 0 0 0 0 0 0 0 0 0 0 0 0 0 0 0 0 0 0 0 0 0 0 0 0 0 1 0 0 1 0 0 0 0 0 0 0 0 0 0 0 0 0 0 0 0
0 0 0 0 0 0 1 1 1 1 1 1 1 1 1 1 1 1 0 1 1 1 1 1 1 1 1 1 1 1 1 1 1 1 1 1 1 1 1 1 1 1 1 1 1 1 1 1 1 1 1 1 1 1 0 0 0 0 0 0 0
0 0 0 0 1 0 0 1 1 1 1 1 1 0 1 1 1 1 1 1 1 1 1 0 1 0 1 1 1 1 1 0 1 1 1 1 1 1 1 0 1 0 1 1 1 1 1 1 1 1 1 1 1 1 0 0 0 0 0 0 0
0 0 0 0 0 1 0 0 1 1 1 0 0 0 1 1 1 0 1 1 1 1 1 0 0 1 1 1 0 1 1 1 1 1 1 1 1 1 1 1 1 0 1 1 1 1 1 1 1 1 1 1 1 1 0 0 0 0 0 0 0
0 0 0 0 0 0 0 0 0 0 1 0 0 0 0 0 1 0 0 1 1 0 0 0 0 0 1 1 0 0 0 1 1 1 0 0 0 1 1 0 0 1 0 1 1 1 1 1 0 1 1 1 1 1 0 0 0 0 0 0 0
0 0 0 0 0 0 0 0 0 0 1 0 1 0 1 1 1 0 0 1 1 1 1 0 0 0 1 1 1 1 1 1 1 1 1 1 0 1 1 1 1 1 1 1 1 1 1 1 1 1 1 1 1 1 0 0 0 0 0 0 0
0 0 0 0 0 0 0 0 0 0 1 0 1 0 0 0 1 0 0 0 1 1 0 0 0 0 0 0 0 0 1 0 1 0 0 0 0 1 0 1 0 0 0 1 0 0 0 0 0 0 1 1 1 1 0 0 0 0 0 0 0
0 0 0 0 0 0 0 0 0 0 0 0 0 0 0 0 0 0 0 0 0 0 0 0 0 0 0 0 0 0 0 0 0 0 0 0 0 0 0 0 0 0 0 0 0 0 0 1 0 1 0 0 0 0 0 0 0 0 0 0 0
0 0 0 0 0 0 0 0 0 0 0 0 0 0 0 0 0 0 0 0 0 0 0 0 0 0 0 0 0 0 0 0 0 0 0 0 0 0 0 0 0 0 0 0 0 0 0 0 0 0 0 0 0 0 0 0 0 0 0 0 0

y
0.0 0.3636363636363633 0.0 0.0 0.0 2.3636363636363633 0.0 0.0 0.0 0.1785714285714286 0.0 0.0 34.36363636363636 1.9000000000000004 33.5 0.0 1.8000000000000007 0.0 0.0 0.0 0.0 0.0 0.0 0.0 0.0 0.0 0.0 0.0 0.4500000000000002 0.0 0.0 0.0 0.5048543689320388 0.0 0.0 1.0 0.0

k
0 8 4 0 0 7 0 0 0 21 0 0 10 5 5 0 3 0 3 0 0 6 0 0 0 0 0 0 19 5 10 13 82 16 38 50 6

f
7.350000000000023 26.24999999999997 0.0 0.0 0.0 0.0 1.0500000000000114 10.500000000000071 0.0 0.0 0.0 0.0 0.0 0.0 10.500000000000043 10.500000000000028 0.0 10.500000000000043 0.0 0.0 0.0 7.350000000000051 0.0 0.0 10.500000000000027 0.0 0.0 0.0 4.2000000000000455 0.0 1.0500000000000078 0.0 0.0 0.0 0.0 0.0 0.0 0.0 0.0 0.0 0.0 0.0 0.0 0.0 0.0 0.0 0.0 0.0 0.0 0.0 0.0 0.0 0.0 0.0 0.0 0.0 0.0 0.0 0.0 0.0 0.0
0.0 0.0 0.0 0.0 0.0 0.0 0.0 0.0 0.0 0.0 0.0 0.0 0.0 0.0 0.0 0.0 0.0 0.0 0.0 0.0 0.0 0.0 0.0 0.0 0.0 0.0 0.0 0.0 0.0 0.0 0.0 0.0 0.0 0.0 0.0 0.0 0.0 0.0 0.0 0.0 0.0 0.0 0.0 0.0 0.0 0.0 0.0 0.0 0.0 0.0 0.0 0.0 0.0 0.0 0.0 0.0 0.0 0.0 0.0 0.0 0.0
0.0 0.0 0.0 0.0 0.0 0.0 0.0 0.0 0.0 0.0 0.0 0.0 0.0 0.0 0.0 0.0 0.0 0.0 0.0 0.0 0.0 0.0 0.0 0.0 0.0 0.0 0.0 0.0 0.0 0.0 0.0 0.0 0.0 0.0 0.0 0.0 0.0 0.0 0.0 0.0 0.0 0.0 0.0 0.0 0.0 0.0 0.0 0.0 0.0 0.0 0.0 0.0 0.0 0.0 0.0 0.0 0.0 0.0 0.0 0.0 0.0
0.0 2.7000000000001654 0.449999999999971 8.099999999999971 0.0 4.949999999999887 0.0 0.0 4.04999999999975 13.499999999999766 0.4499999999998785 0.44999999999973994 0.0 0.0 6.299999999999944 0.0 0.0 4.049999999999958 0.0 6.7499999999998295 1.3499999999998238 0.4499999999998323 0.0 0.0 8.549999999999686 0.4499999999998061 2.6999999999997994 0.0 0.8999999999995829 0.899999999999622 0.0 3.1499999999997073 1.7999999999998266 0.0 0.0 0.0 1.7999999999996996 0.0 8.099999999999735 0.0 0.44999999999960716 0.0 0.0 0.0 0.0 0.44999999999960183 0.0 0.0 0.0 0.4499999999998914 0.0 16.199999999999797 0.0 0.0 0.0 0.0 0.0 0.0 0.0 0.0 0.0

L
3 5 4 2 2 7 2 16 30 2 10 13 39 7 42 0 12 21 2 50 2 0 13 3 8 5 3 51 3 1 1 1 1 1 1 2 0

g
0 0 0 0 0 0 0 0 0 0 0 0 0 0 0 0 0 0 0 0 0 0 0 0 0 0 0 0 0 0 0 0 0 0 0 0 0 0 0 0 0 0 0 0 0 0 0 0 0 0 0 0 0 0 0 0 0 0 0 0 0
0 0 0 0 0 0 0 0 0 0 0 0 0 0 0 0 0 0 0 0 0 0 0 0 0 0 0 0 0 0 0 0 0 0 0 0 0 0 0 0 0 0 0 0 0 0 0 0 0 0 0 0 0 0 0 0 0 0 0 0 0
0 0 0 0 0 0 0 0 0 0 0 0 0 0 0 0 0 0 0 0 0 0 0 0 0 0 0 0 0 0 0 0 0 0 0 0 0 0 0 0 0 0 0 0 0 0 0 0 0 0 0 0 0 0 0 0 0 0 0 0 0
0 0 0 0 0 0 0 0 0 0 0 0 0 0 0 0 0 0 0 0 0 0 0 0 0 0 0 0 0 0 0 0 0 0 0 0 0 0 0 0 0 0 0 0 0 0 0 0 0 0 0 0 0 0 0 0 0 0 0 0 0
0 0 0 0 0 0 0 0 0 0 0 0 0 0 0 0 0 0 0 0 0 0 0 0 0 0 0 0 0 0 0 0 0 0 0 0 0 0 0 0 0 0 0 0 0 0 0 0 0 0 0 0 0 0 0 0 0 0 0 0 0
0 0 0 0 0 0 0 0 0 0 0 0 0 0 0 0 0 0 0 0 0 0 0 0 0 0 0 0 0 0 0 0 0 0 0 0 0 0 0 0 0 0 0 0 0 0 0 0 0 0 0 0 0 0 0 0 0 0 0 0 0
0 0 0 0 0 0 0 0 0 0 0 0 0 0 0 0 0 0 0 0 0 0 0 0 0 0 0 0 0 0 0 0 0 0 0 0 0 0 0 0 0 0 0 0 0 0 0 0 0 0 0 0 0 0 0 0 0 0 0 0 0
0 0 0 0 0 0 0 0 0 0 0 0 0 0 0 0 0 0 0 0 0 0 0 0 0 0 0 0 0 0 0 0 0 0 0 0 0 0 0 0 0 0 0 0 0 0 0 0 0 0 0 0 0 0 0 0 0 0 0 0 0
0 0 0 0 0 0 0 0 0 0 0 0 0 0 0 0 0 0 0 0 0 0 0 0 0 0 0 0 0 0 0 0 0 0 0 0 0 0 0 0 0 0 0 0 0 0 0 0 0 0 0 0 0 0 0 0 0 0 0 0 0
0 0 0 0 0 0 0 0 0 0 0 0 0 0 0 0 0 0 0 0 0 0 0 0 0 0 0 0 0 0 0 0 0 0 0 0 0 0 0 0 0 0 0 0 0 0 0 0 0 0 0 0 0 0 0 0 0 0 0 0 0
0 0 0 0 0 0 0 0 0 0 0 0 0 0 0 0 0 0 0 0 0 0 0 0 0 0 0 0 0 0 0 0 0 0 0 0 0 0 0 0 0 0 0 0 0 0 0 0 0 0 0 0 0 0 0 0 0 0 0 0 0
0 0 0 0 0 0 0 0 0 0 0 0 0 0 0 0 0 0 0 0 0 0 0 0 0 0 0 0 0 0 0 0 0 0 0 0 0 0 0 0 0 0 0 0 0 0 0 0 0 0 0 0 0 0 0 0 0 0 0 0 0
0 0 0 0 0 0 0 0 0 0 0 0 0 0 0 0 0 0 0 0 0 0 0 0 0 0 0 0 0 0 0 0 0 0 0 0 0 0 0 0 0 0 0 0 0 0 0 0 0 0 0 0 0 0 0 0 0 0 0 0 0
0 0 0 0 0 0 0 0 0 0 0 0 0 0 0 0 0 0 0 0 0 0 0 0 0 0 0 0 0 0 0 0 0 0 0 0 0 0 0 0 0 0 0 0 0 0 0 0 0 0 0 0 0 0 0 0 0 0 0 0 0
0 0 0 0 0 0 0 0 0 0 0 0 0 0 0 0 0 0 0 0 0 0 0 0 0 0 0 0 0 0 0 0 0 0 0 0 0 0 0 0 0 0 0 0 0 0 0 0 0 0 0 0 0 0 0 0 0 0 0 0 0
0 0 0 0 0 0 0 0 0 0 0 0 0 0 0 0 0 0 0 0 0 0 0 0 0 0 0 0 0 0 0 0 0 0 0 0 0 0 0 0 0 0 0 0 0 0 0 0 0 0 0 0 0 0 0 0 0 0 0 0 0
0 0 0 0 0 0 0 0 0 0 0 0 0 0 0 0 0 0 0 0 0 0 0 0 0 0 0 0 0 0 0 0 0 0 0 0 0 0 0 0 0 0 0 0 0 0 0 0 0 0 0 0 0 0 0 0 0 0 0 0 0
0 0 0 0 0 0 0 0 0 0 0 0 0 0 0 0 0 0 0 0 0 0 0 0 0 0 0 0 0 0 0 0 0 0 0 0 0 0 0 0 0 0 0 0 0 0 0 0 0 0 0 0 0 0 0 0 0 0 0 0 0
0 0 0 0 0 0 0 0 0 0 0 0 0 0 0 0 0 0 0 0 0 0 0 0 0 0 0 0 0 0 0 0 0 0 0 0 0 0 0 0 0 0 0 0 0 0 0 0 0 0 0 0 0 0 0 0 0 0 0 0 0
0 0 0 0 0 0 0 0 0 0 0 0 0 0 0 0 0 0 0 0 0 0 0 0 0 0 0 0 0 0 0 0 0 0 0 0 0 0 0 0 0 0 0 0 0 0 0 0 0 0 0 0 0 0 0 0 0 0 0 0 0
0 0 0 0 0 0 0 0 0 0 0 0 0 0 0 0 0 0 0 0 0 0 0 0 0 0 0 0 0 0 0 0 0 0 0 0 0 0 0 0 0 0 0 0 0 0 0 0 0 0 0 0 0 0 0 0 0 0 0 0 0
0 0 0 0 0 0 0 0 0 0 0 0 0 0 0 0 0 0 0 0 0 0 0 0 0 0 0 0 0 0 0 0 0 0 0 0 0 0 0 0 0 0 0 0 0 0 0 0 0 0 0 0 0 0 0 0 0 0 0 0 0
0 0 0 0 0 0 0 0 0 0 0 0 0 0 0 0 0 0 0 0 0 0 0 0 0 0 0 0 0 0 0 0 0 0 0 0 0 0 0 0 0 0 0 0 0 0 0 0 0 0 0 0 0 0 0 0 0 0 0 0 0
0 0 0 0 0 0 0 0 0 0 0 0 0 0 0 0 0 0 0 0 0 0 0 0 0 0 0 0 0 0 0 0 0 0 0 0 0 0 0 0 0 0 0 0 0 0 0 0 0 0 0 0 0 0 0 0 0 0 0 0 0
0 0 0 0 0 0 0 0 0 0 0 0 0 0 0 0 0 0 0 0 0 0 0 0 0 0 0 0 0 0 0 0 0 0 0 0 0 0 0 0 0 0 0 0 0 0 0 0 0 0 0 0 0 0 0 0 0 0 0 0 0
0 0 0 0 0 0 0 0 0 0 0 0 0 0 0 0 0 0 0 0 0 0 0 0 0 0 0 0 0 0 0 0 0 0 0 0 0 0 0 0 0 0 0 0 0 0 0 0 0 0 0 0 0 0 0 0 0 0 0 0 0
0 0 0 0 0 0 0 0 0 0 0 0 0 0 0 0 0 0 0 0 0 0 0 0 0 0 0 0 0 0 0 0 0 0 0 0 0 0 0 0 0 0 0 0 0 0 0 0 0 0 0 0 0 0 0 0 0 0 0 0 0
0 0 0 0 0 0 0 0 0 0 0 0 0 0 0 0 0 0 0 0 0 0 0 0 0 0 0 0 0 0 0 0 0 0 0 0 0 0 0 0 0 0 0 0 0 0 0 0 0 0 0 0 0 0 0 0 0 0 0 0 0
0 0 0 0 0 0 0 0 0 0 0 0 0 0 0 0 0 0 0 0 0 0 0 0 0 0 0 0 0 0 0 0 0 0 0 0 0 0 0 0 0 0 0 0 0 0 0 0 0 0 0 0 0 0 0 0 0 0 0 0 0
0 0 0 0 0 0 0 0 0 0 0 0 0 0 0 0 0 0 0 0 0 0 0 0 0 0 0 0 0 0 0 0 0 0 0 0 0 0 0 0 0 0 0 0 0 0 0 0 0 0 0 0 0 0 0 0 0 0 0 0 0
0 0 0 0 0 0 0 0 0 0 0 0 0 0 0 0 0 0 0 0 0 0 0 0 0 0 0 0 0 0 0 0 0 0 0 0 0 0 0 0 0 0 0 0 0 0 0 0 0 0 0 0 0 0 0 0 0 0 0 0 0
0 0 0 0 0 0 0 0 0 0 0 0 0 0 0 0 0 0 0 0 0 0 0 0 0 0 0 0 0 0 0 0 0 0 0 0 0 0 0 0 0 0 0 0 0 0 0 0 0 0 0 0 0 0 0 0 0 0 0 0 0
0 0 0 0 0 0 0 0 0 0 0 0 0 0 0 0 0 0 0 0 0 0 0 0 0 0 0 0 0 0 0 0 0 0 0 0 0 0 0 0 0 0 0 0 0 0 0 0 0 0 0 0 0 0 0 0 0 0 0 0 0
0 0 0 0 0 0 0 0 0 0 0 0 0 0 0 0 0 0 0 0 0 0 0 0 0 0 0 0 0 0 0 0 0 0 0 0 0 0 0 0 0 0 0 0 0 0 0 0 0 0 0 0 0 0 0 0 0 0 0 0 0
0 0 0 0 0 0 0 0 0 0 0 0 0 0 0 0 0 0 0 0 0 0 0 0 0 0 0 0 0 0 0 0 0 0 0 0 0 0 0 0 0 0 0 0 0 0 0 0 0 0 0 0 0 0 0 0 0 0 0 0 0
0 0 0 0 0 0 0 0 0 0 0 0 0 0 0 0 0 0 0 0 0 0 0 0 0 0 0 0 0 0 0 0 0 0 0 0 0 0 0 0 0 0 0 0 0 0 0 0 0 0 0 0 0 0 0 0 0 0 0 0 0
0 0 0 0 0 0 0 0 0 0 0 0 0 0 0 0 0 0 0 0 0 0 0 0 0 0 0 0 0 0 0 0 0 0 0 0 0 0 0 0 0 0 0 0 0 0 0 0 0 0 0 0 0 0 0 0 0 0 0 0 0

I cap
1058.909090909091 1058.909090909091 1021.9090909091015 1001.5090909091123 917.4000000000079 899.1999999999931 767.5600000000068 993.4000000000083 270.2800000000089 547.7600000000189 360.6000000000056 593.040000000004 317.5600000000096 684.6200000000201 632.8599999999876 605.2690909090832 127.4290909091063 638.489090909115 437.12909090907743 402.40909090909895 533.4290909091035 501.94909090910147 518.709090909088 582.3890909090933 482.0090909091055 636.069090909107 462.62909090908107 664.0890909090928 447.30909090911723 394.2090909090998 467.5290909090931 557.5090909091043 409.0290909090927 443.72909090909064 150.13999999999874 221.26 473.88000000000034 445.0000000000096 576.0000000000127 305.85999999999905 228.54000000000593 450.5000000000062 626.840000000019 729.9800000000009 606.1599999999896 471.16000000001105 498.5400000000049 784.3399999999875 712.1600000000249 616.5400000000299 436.43999999999875 254.0600000000229 744.220000000018 826.2600000000241 1078.7600000000255 1125.7400000000023 892.4490909090948 986.9090909091037 1045.709090909091 1058.909090909091 1058.909090909091
107.96969696969697 107.96969696969697 70.96969696969697 70.96969696969697 33.20000000000002 34.599999999999966 9.439999999999998 1.6000000000001862 45.72000000000034 86.23999999999994 85.40000000000018 98.96000000000001 65.44000000000007 79.37999999999982 70.14000000000007 36.609696969696884 2.449696969697171 90.38969696969676 35.749696969697176 46.469696969697374 40.44969696969731 6.929696969696942 25.169696969697156 32.48969696969701 40.869696969697515 27.80969696969702 5.24969696969715 49.789696969697104 57.56969696969742 55.66969696969729 53.349696969697 84.3696969696973 49.849696969697106 55.14969696969686 5.8600000000005465 13.740000000000691 7.119999999999976 28.000000000000387 34.000000000000256 26.140000000000093 35.45999999999985 26.499999999999897 36.16000000000038 98.01999999999994 68.83999999999983 23.839999999999723 3.4599999999998228 69.65999999999993 66.83999999999996 65.45999999999995 27.55999999999972 8.939999999999474 7.779999999999973 1.339999999999983 20.839999999999975 14.060000000000281 89.42969696969693 94.96969696969697 99.16969696969697 107.96969696969697 107.96969696969697
38.96666666666666 38.96666666666666 38.96666666666666 1.3583333333333272 6.49166666666666 13.191666666666666 21.624999999999996 31.5 11.233333333333341 17.53333333333334 9.133333333333333 14.733333333333336 9.833333333333334 0.06666666666666643 9.833333333333334 10.300000000000004 17.300000000000004 10.299999999999997 2.633333333333338 10.299999999999995 2.633333333333331 10.299999999999995 2.633333333333331 10.300000000000004 4.6250000000000036 19.29166666666667 4.6250000000000036 4.6250000000000036 10.300000000000004 31.96666666666667 31.96666666666667 31.96666666666667 17.300000000000004 10.299999999999997 2.1333333333333346 4.899999999999999 11.2 9.100000000000001 5.633333333333331 2.133333333333331 1.4666666666666668 11.233333333333341 25.233333333333356 32.20000000000002 36.40000000000002 14.625 11.158333333333335 9.758333333333315 10.458333333333332 32.20000000000002 42.00000000000006 35.00000000000006 45.5000000000001 10.06666666666668 19.166666666666675 29.366666666666674 38.96666666666667 38.96666666666667 38.96666666666666 38.96666666666666 38.96666666666666
45.24545454545453 45.24545454545453 43.77545454545453 43.77545454545453 30.810000000000294 36.31000000000013 27.230000000000526 26.400000000001373 17.830000000000357 24.82000000000049 26.820000000000288 15.710000000000143 11.660000000000203 17.21000000000019 18.180000000000184 25.34545454545487 20.515454545454904 34.34545454545497 32.445454545455284 25.44545454545527 26.51545454545499 27.475454545454983 26.725454545455218 23.805454545456147 23.175454545455615 25.795454545455147 24.15545454545509 21.985454545455042 22.065454545455115 22.655454545455036 26.67545454545517 25.785454545455053 19.745454545454944 21.54545454545515 22.980000000000373 18.940000000000186 22.410000000000103 19.960000000000026 26.660000000000228 33.20000000000011 19.800000000000658 26.760000000000893 34.39000000000015 31.790000000000408 30.990000000000496 28.740000000000617 26.13000000000029 25.820000000000366 24.970000000000336 32.950000000000486 35.36000000000013 32.710000000000164 35.49999999999999 41.78000000000004 43.390000000000576 42.4800000000004 42.655454545454525 43.56545454545453 45.24545454545453 45.24545454545453 45.24545454545453
20.999999999999993 20.999999999999993 20.369999999999994 20.369999999999994 8.489999999999997 19.81999999999999 14.969999999999898 15.489999999999878 7.1499999999999275 7.229999999999944 11.420000000000018 9.859999999999996 6.579999999999961 14.759999999999975 12.67999999999996 10.349999999999998 3.8299999999999947 8.549999999999963 8.33999999999997 8.89999999999987 9.429999999999978 8.87999999999996 9.060000000000041 10.149999999999896 10.149999999999952 13.859999999999935 10.209999999999944 9.669999999999977 5.259999999999993 7.140000000000004 9.590000000000032 11.129999999999969 8.180000000000074 9.269999999999992 9.540000000000004 12.339999999999938 9.370000000000017 7.079999999999948 9.479999999999912 7.250000000000009 2.849999999999948 12.23000000000003 10.770000000000046 13.999999999999993 7.660000000000018 6.65 9.100000000000016 9.110000000000088 10.529999999999976 6.720000000000004 7.120000000000001 6.150000000000016 7.439999999999955 7.130000000000095 12.60999999999985 15.559999999999881 20.509999999999977 20.759999999999998 20.999999999999993 20.999999999999993 20.999999999999993
345.75757575757575 345.75757575757575 345.75757575757575 345.75757575757575 206.25882352941179 244.32058823529457 257.1705882352941 224.03882352941196 204.3594117647067 192.98999999999975 228.63117647058874 240.89058823529453 291.17999999999984 261.8588235294126 195.30941176470634 180.80757575757357 196.65875222816325 221.04698752228228 226.47698752228274 212.94757575757686 236.77757575757596 256.4475757575769 278.88875222816387 285.878163992871 273.2663992869887 250.74698752228244 160.20757575757716 199.82875222816423 239.98698752228123 221.28698752228166 210.4175757575764 225.1875757575764 200.13757575757634 198.79757575757498 130.4400000000008 180.8000000000001 217.12999999999977 226.0900000000001 229.19000000000023 212.6500000000005 228.39117647058887 263.76941176470825 202.5794117647062 268.6500000000016 237.49000000000055 136.73999999999805 209.3900000000007 252.44000000000176 288.5700000000033 289.37000000000364 266.5100000000033 240.12000000000143 249.05000000000038 342.6311764705913 398.15058823529614 355.15999999999997 276.8675757575761 306.70757575757574 345.75757575757575 345.75757575757575 345.75757575757575
779.7575757575758 779.7575757575758 762.7475757575758 762.7475757575758 587.7599999999991 728.2500000000002 774.2199999999999 698.6500000000005 706.3 679.570000000001 698.0200000000012 702.0200000000007 688.0199999999999 762.1899999999999 784.1600000000011 570.4975757575764 522.077575757573 642.5975757575753 557.0175757575759 479.84757575757527 606.5375757575715 672.7475757575754 664.1375757575759 631.7175757575759 624.187575757577 573.7375757575758 496.59757575757374 573.6175757575733 585.6975757575738 640.8475757575768 639.9575757575753 508.82757575757273 449.5475757575747 558.6375757575731 499.1700000000019 624.1700000000033 675.809999999999 615.9999999999999 655.0499999999988 521.4400000000002 441.7699999999976 565.7799999999994 581.5299999999999 499.5899999999984 438.2699999999986 405.6499999999926 494.87000000000165 545.2799999999982 523.7899999999984 489.3500000000017 517.3999999999999 449.44999999999703 487.4499999999978 576.9399999999995 703.369999999999 573.4600000000025 699.6875757575763 734.7575757575758 779.7575757575758 779.7575757575758 779.7575757575758
80.73333333333335 80.73333333333335 79.89333333333335 79.89333333333335 66.41999999999997 88.76 79.96 82.45999999999998 79.69 86.89999999999999 76.22666666666666 80.28333333333332 87.08666666666669 89.16333333333333 82.72666666666666 68.49333333333327 65.46333333333315 73.49666666666664 76.55333333333324 70.08999999999989 68.39333333333335 65.45333333333335 66.26333333333334 69.87666666666668 72.9433333333333 72.64333333333332 69.30999999999997 65.85333333333313 67.17333333333329 67.86333333333327 69.78333333333319 68.85333333333334 64.15333333333334 66.1733333333333 35.99000000000004 57.68999999999903 71.39333333333259 67.05666666666548 65.58999999999814 64.16999999999994 62.139999999999674 65.89999999999998 68.59 76.52999999999999 78.54 80.85999999999999 76.48 70.85999999999999 66.1499999999996 64.2699999999992 61.729999999999116 56.999999999998636 55.6699999999996 53.319999999999055 58.39333333333286 57.709999999999745 77.86333333333336 78.81333333333335 80.73333333333335 80.73333333333335 80.73333333333335
10.775757575757575 10.775757575757575 9.725757575757573 9.725757575757573 3.4200000000000066 5.12 3.3200000000000003 2.119999999999984 0.10999999999998678 0.13999999999999435 3.6899999999999933 2.389999999999999 2.5000000000000036 2.7700000000000005 0.5800000000000001 3.1257575757575777 1.2257575757575685 0.46575757575757226 1.5657575757575755 1.775757575757594 1.425757575757597 3.725757575757605 4.525757575757581 5.0257575757575745 5.97575757575757 6.5457575757575714 0.15575757575757088 1.9857575757575772 4.7157575757575705 5.2257575757575685 4.6657575757575795 2.6657575757575867 2.7757575757575736 4.315757575757581 1.7999999999999987 0.6400000000000032 4.440000000000003 4.150000000000015 1.450000000000002 0.8499999999999979 2.8999999999999915 4.400000000000004 0.7000000000000011 10.799999999999997 6.499999999999997 0.699999999999994 7.269999999999983 5.56999999999998 3.7700000000000067 8.269999999999992 4.020000000000004 0.44000000000001105 1.1500000000000492 0.05000000000003624 7.349999999999999 6.0200000000000085 0.15575757575758153 4.3857575757575775 10.775757575757575 10.775757575757575 10.775757575757575
2.545454545454545 2.545454545454545 2.545454545454545 2.545454545454545 2.8 0.2899999999999998 1.3000000000000167 4.440892098500626e-16 0.19000000000002237 7.771561172376096e-16 1.4500000000000353 0.04999999999999993 0.1399999999999999 0.8400000000000002 1.2600000000000007 0.4454545454545492 0.5354545454545531 0.7754545454545471 1.1954545454545489 1.075454545454551 1.2854545454545514 0.08545454545455411 0.35545454545456034 0.5654545454545551 0.17545454545455008 0.26545454545455127 0.44545454545455543 0.5654545454545542 0.4454545454545523 0.32545454545455477 0.7754545454545537 0.5654545454545511 1.075454545454551 0.025454545454549615 0.5800000000000128 0.8200000000000046 1.0300000000000273 0.6300000000000007 1.330000000000017 0.1399999999999999 0.3400000000000055 0.5400000000000008 0.8200000000000162 0.1399999999999999 0.15000000000000058 0.4600000000000043 0.36000000000000054 1.5700000000000092 0.17000000000000437 0.1700000000000097 1.3600000000000212 1.3300000000000085 1.540000000000025 1.7400000000000273 0.34000000000000197 0.010000000000002562 1.075454545454546 1.8254545454545743 2.545454545454545 2.545454545454545 2.545454545454545
8.515433299825174 8.515433299825174 8.515433299825174 8.515433299825172 6.222812126436781 5.99336026013306 5.43537462643676 7.045583448275719 8.688963045976749 7.446512499999806 6.697361724137531 6.826812643677964 6.9446593103447025 6.658981724137928 6.167205373563211 5.093162241379302 4.245417241379303 6.765096119177231 4.739337846339981 4.622066637931016 4.4426877115987375 5.643988620689631 6.313810517241357 5.702704712643662 5.60653097701146 4.773992183908036 3.2324550000000123 6.494272241379142 7.0734347126435715 6.2495120114942 6.48505482758594 5.786442068965378 4.3628101724137816 4.921317959770121 8.768823160919334 9.873226034482757 4.299888620689663 4.864515862068957 5.148962413793095 5.283877241379293 4.200305000000019 4.702177471264326 4.596090632183831 5.358104137931023 4.060357241379257 4.140371896551659 2.796587068965536 4.492998620689683 4.1347191379310875 3.510740689655128 4.662202586206854 4.7137843103448045 5.113373965517201 6.178324509981794 8.92231591954008 6.900782413793104 7.480950368790689 7.825777954997585 8.515433299825174 8.515433299825174 8.170605713618277
700.0 700.0 700.0 697.0 685.0 682.0 680.0 684.0 675.0 679.0 675.0 680.0 682.0 681.0 678.0 677.0 674.0 684.0 680.0 683.0 679.0 684.0 679.0 679.0 676.0 679.0 677.0 677.0 682.0 681.0 678.0 682.0 683.0 684.0 682.0 681.0 682.0 678.0 684.0 683.0 682.0 686.0 683.0 683.0 678.0 685.0 677.0 684.0 682.0 682.0 685.0 682.0 686.0 681.0 683.0 674.0 684.0 692.0 699.0 700.0 698.0

H cap
-7.350000000000023 -26.24999999999997 36.749999999999986 21.00000000000003 17.84999999999998 11.549999999999814 -1.0500000000000114 -10.500000000000071 43.04999999999998 55.64999999999999 17.849999999999895 27.299999999999926 33.59999999999995 11.5499999999999 -10.500000000000043 -10.500000000000028 14.699999999999958 -10.500000000000043 20.99999999999997 58.79999999999994 36.7499999999999 -7.350000000000051 2.099999999999911 27.29999999999994 -10.500000000000027 5.249999999999957 55.64999999999995 20.999999999999957 -4.2000000000000455 27.29999999999997 -1.0500000000000078 14.69999999999999 46.19999999999996 8.399999999999963 30.450000000000003 46.19999999999999 5.249999999999957 27.299999999999983 61.949999999999974 71.4 55.64999999999998 46.199999999999974 27.299999999999983 36.749999999999986 55.64999999999998 55.64999999999999 33.60000000000001 8.399999999999991 30.450000000000003 8.399999999999977 55.64999999999999 8.399999999999983 17.849999999999994 131.25 131.25 131.25 131.25 131.25 131.25 131.25 131.25
41.2500000000001 32.25000000000013 27.750000000000128 24.600000000000236 26.400000000000272 27.750000000000185 12.450000000000209 13.800000000000217 26.40000000000019 28.650000000000134 24.60000000000015 9.750000000000103 5.700000000000279 19.65000000000013 27.750000000000256 18.75000000000021 14.700000000000127 10.200000000000212 11.100000000000229 25.95000000000011 34.050000000000196 28.200000000000216 17.850000000000275 12.000000000000192 15.600000000000207 11.55000000000015 12.000000000000135 15.15000000000023 8.850000000000247 10.200000000000227 14.700000000000177 20.100000000000186 27.300000000000228 16.95000000000014 7.050000000000106 15.150000000000134 18.750000000000195 16.50000000000014 24.600000000000293 23.250000000000302 7.050000000000071 5.700000000000209 14.700000000000099 16.050000000000203 12.450000000000163 10.200000000000099 9.300000000000136 4.350000000000178 6.150000000000207 9.300000000000285 30.00000000000024 45.30000000000037 45.30000000000023 52.5 52.5 52.5 52.5 52.5 52.5 52.5 52.5
50.400000000000006 40.95000000000001 44.10000000000001 47.25000000000001 40.95000000000001 40.95000000000001 44.10000000000001 47.25000000000001 53.550000000000004 47.25000000000001 40.95000000000001 40.95000000000001 44.10000000000001 44.10000000000001 44.10000000000001 44.10000000000001 47.25000000000001 47.25000000000001 50.400000000000006 50.400000000000006 44.10000000000001 40.95000000000001 40.95000000000001 44.10000000000001 40.95000000000001 40.95000000000001 47.25000000000001 44.10000000000001 47.25000000000001 47.25000000000001 40.95000000000001 47.25000000000001 50.400000000000006 47.25000000000001 47.25000000000001 47.25000000000001 47.25000000000001 47.25000000000001 47.25000000000001 50.400000000000006 44.10000000000001 40.95000000000001 44.10000000000001 47.25000000000001 50.400000000000006 47.25000000000001 50.400000000000006 47.25000000000001 44.10000000000001 50.400000000000006 56.7 50.400000000000006 50.400000000000006 63.0 63.0 63.0 63.0 63.0 63.0 63.0 63.0
18.899999999999693 -2.7000000000001654 -0.449999999999971 -8.099999999999971 1.7186252421197423e-13 -4.949999999999887 0.9000000000000838 0.4500000000002018 -4.04999999999975 -13.499999999999766 -0.4499999999998785 -0.44999999999973994 7.200000000000289 4.95000000000033 -6.299999999999944 5.400000000000272 1.8000000000000576 -4.049999999999958 3.6000000000001537 -6.7499999999998295 -1.3499999999998238 -0.4499999999998323 3.150000000000126 1.865174681370263e-13 -8.549999999999686 -0.4499999999998061 -2.6999999999997994 2.2500000000002465 -0.8999999999995829 -0.899999999999622 1.8000000000003311 -3.1499999999997073 -1.7999999999998266 8.100000000000202 6.300000000000084 0.4500000000001734 -1.7999999999996996 7.650000000000269 -8.099999999999735 3.150000000000277 -0.44999999999960716 2.7000623958883807e-13 0.4500000000002582 1.545430450278218e-13 2.25000000000044 -0.44999999999960183 8.100000000000309 3.2818192607919627e-13 8.100000000000229 -0.4499999999998914 4.05000000000004 -16.199999999999797 18.899999999999928 78.75 78.75 78.75 78.75 78.75 78.75 78.75 78.75

Gap
NaN

Time
NaN

