T P M C
61 37 4 12

base obj
11.374100210134694

exp obj
10.373712412502982

Objective struct
11.374100210134694 0.0 7.372549019607842

num campaigns
406

x
0 0 0 0 0 0 0 0 1 0 0 0 1 0 0 1 0 0 0 1 0 0 0 1 0 0 0 1 0 0 1 0 0 0 1 0 0 1 0 0 1 0 0 0 1 0 0 0 0 0 1 0 0 1 0 0 0 0 0 0 0
0 0 0 0 0 0 0 0 0 0 0 0 0 0 0 0 0 0 0 0 0 0 1 0 0 0 0 0 1 0 0 0 0 1 0 0 0 0 0 0 0 0 0 0 0 0 0 0 0 0 0 1 0 0 0 0 0 0 0 0 0
0 0 0 0 0 0 0 0 1 0 0 0 1 0 0 0 1 0 0 0 0 1 0 0 0 0 1 0 0 0 0 1 0 0 0 1 0 0 0 0 1 0 0 0 0 0 0 0 0 1 0 0 0 0 0 0 0 0 0 0 0
0 0 0 0 0 0 1 0 1 1 1 1 1 0 1 1 0 1 1 0 1 0 0 0 0 0 0 0 0 0 0 0 0 0 0 0 0 0 0 0 0 0 0 0 0 0 0 0 0 0 0 0 0 0 0 0 0 0 0 0 0
0 0 0 0 0 0 1 1 1 1 1 1 1 1 1 1 1 1 1 0 0 1 0 0 0 1 1 0 1 0 0 0 0 0 0 0 0 0 0 0 0 0 0 0 0 0 0 0 0 0 0 0 0 0 0 0 0 0 0 0 0
0 0 0 0 0 0 0 0 0 0 1 0 0 0 0 0 0 0 0 0 0 0 0 0 0 0 0 0 0 0 0 0 1 0 0 0 0 0 0 0 0 0 1 0 0 0 0 0 1 0 0 0 0 0 0 0 0 0 0 0 0
0 0 0 0 0 0 0 1 0 0 1 0 1 0 0 0 1 0 0 0 0 1 0 1 0 1 0 1 0 0 0 1 0 1 0 0 0 0 1 0 1 0 0 0 0 0 0 0 0 0 0 0 0 0 0 0 0 0 0 0 0
0 0 0 0 1 0 0 0 0 0 0 0 0 0 0 0 0 0 0 0 1 0 0 0 0 0 0 0 0 0 0 0 0 0 0 0 1 0 0 0 0 0 0 0 0 0 0 0 0 0 0 0 1 0 0 0 0 0 0 0 0
0 0 0 0 1 0 0 0 0 0 0 0 0 0 0 0 0 0 0 0 0 0 0 0 0 0 0 0 0 0 0 0 0 0 0 0 0 0 0 0 0 0 0 0 0 0 0 0 0 0 0 0 0 0 0 1 0 0 0 0 0
0 0 0 0 0 0 0 0 0 0 0 0 0 0 0 0 0 0 0 0 0 0 0 0 0 1 0 1 0 0 0 1 0 1 0 0 0 0 0 0 1 0 1 0 0 0 1 0 0 0 0 0 0 0 0 0 0 0 0 0 0
0 0 0 0 0 0 0 1 0 0 0 0 0 0 0 1 0 0 0 0 0 0 0 0 0 0 0 0 0 1 0 0 0 0 0 0 0 1 0 0 0 0 0 0 0 0 0 0 0 0 1 0 0 0 0 0 0 0 0 0 0
0 0 0 0 0 0 1 0 0 0 0 0 0 0 0 0 0 0 0 0 0 0 0 0 1 0 0 0 0 0 0 0 0 0 0 0 0 0 0 0 1 0 0 0 0 0 0 0 0 0 0 0 0 1 0 0 0 0 0 0 0
0 0 0 0 0 0 0 0 0 0 0 0 0 0 0 0 0 0 1 0 0 0 0 0 0 0 0 0 0 0 0 0 0 0 0 0 0 0 0 0 0 0 0 0 1 0 0 0 0 0 0 0 0 0 0 0 0 0 0 0 0
0 0 0 0 0 0 0 1 0 0 0 0 0 1 0 0 0 0 0 0 0 0 0 0 0 0 0 1 0 0 0 0 0 1 0 0 0 0 0 0 0 0 1 0 0 0 0 0 1 0 0 0 0 0 0 0 0 0 0 0 0
0 0 0 0 0 0 0 0 0 0 0 0 0 0 0 0 0 1 0 0 0 0 0 0 0 0 0 0 0 1 0 0 0 0 0 0 0 0 0 0 0 0 0 0 0 0 0 0 0 0 0 0 0 0 1 0 0 0 0 0 0
0 0 0 0 0 0 0 0 0 0 0 1 0 0 0 0 0 0 0 0 0 0 0 0 0 0 0 0 0 0 0 0 0 0 0 0 0 0 0 0 0 0 0 0 0 0 0 0 0 0 0 0 0 0 0 0 0 0 0 0 0
0 0 0 0 0 0 0 0 0 0 0 0 0 1 0 0 0 0 0 0 0 0 0 0 1 0 0 0 0 0 0 0 0 0 0 0 0 0 0 0 0 0 0 0 0 0 0 0 1 0 0 0 0 0 0 0 0 0 0 0 0
0 0 0 0 1 0 0 0 0 0 0 0 0 0 0 0 0 0 0 0 0 0 0 0 1 0 0 0 0 0 0 0 0 0 0 0 0 0 0 0 0 0 0 0 1 0 0 0 0 0 0 0 0 0 0 0 0 0 0 0 0
0 0 0 0 0 0 1 0 1 0 1 0 0 1 0 1 0 1 0 1 0 1 0 0 0 1 0 1 0 1 0 1 0 1 0 1 0 0 1 0 1 0 1 0 1 0 1 0 1 0 1 0 1 0 0 0 0 0 0 0 0
0 0 0 0 0 1 0 0 0 0 0 0 0 0 0 0 0 0 0 0 0 0 0 0 0 0 0 0 0 0 0 0 0 0 0 0 0 0 0 0 0 0 0 0 0 0 0 0 0 0 0 0 0 0 0 1 0 0 0 0 0
0 0 0 0 0 0 1 0 0 0 1 0 0 1 0 0 1 0 0 1 0 0 1 0 0 1 0 0 1 0 0 1 0 0 0 0 0 1 0 0 1 0 0 0 0 1 0 0 0 0 0 0 0 0 0 0 0 0 0 0 0
0 0 0 0 0 0 0 0 0 0 0 0 0 0 0 0 0 0 0 0 0 0 0 0 0 0 0 0 0 0 0 0 0 0 0 0 0 0 0 0 0 0 0 0 0 0 0 0 0 0 0 0 0 0 0 0 0 0 0 0 0
0 0 0 0 0 0 1 0 0 0 0 0 0 0 0 0 0 0 0 0 0 1 0 0 0 0 0 0 0 0 0 0 0 0 0 0 1 0 0 0 0 0 0 0 0 0 0 0 0 0 0 1 0 0 0 0 0 0 0 0 0
0 0 0 0 0 0 0 0 0 1 0 0 0 0 0 0 0 0 0 1 0 0 0 0 0 1 0 0 0 0 0 1 0 0 0 0 0 0 1 0 0 0 0 0 1 0 0 0 0 0 0 0 1 0 0 0 0 0 0 0 0
0 0 0 0 1 0 0 0 0 0 0 0 0 0 1 0 0 0 0 0 0 0 0 1 0 0 0 0 0 0 0 0 0 0 0 0 0 0 1 0 0 0 0 0 0 0 1 0 0 0 0 0 0 0 0 1 0 0 0 0 0
0 0 0 0 1 0 0 0 0 1 0 0 0 0 0 0 1 0 0 0 0 1 0 0 0 0 1 0 0 0 0 0 0 0 1 0 0 0 0 1 0 0 0 0 0 1 0 0 0 0 0 0 0 0 0 0 0 0 0 0 0
0 0 0 0 0 0 1 0 0 0 0 0 0 0 0 0 1 0 0 0 0 0 1 0 0 0 0 0 0 1 0 0 0 0 0 1 0 0 0 0 0 0 0 0 0 0 1 0 0 0 0 0 0 0 1 0 0 0 0 0 0
0 0 0 0 1 0 0 0 0 0 0 0 0 0 0 0 0 0 0 0 0 0 0 0 0 0 0 0 0 0 0 0 0 0 0 0 0 0 0 0 0 0 0 0 0 0 0 0 0 0 0 0 0 0 0 1 0 0 0 0 0
0 0 0 0 0 0 0 0 0 0 0 0 0 0 0 0 0 0 0 0 0 0 0 0 0 0 0 0 0 0 0 0 0 0 0 0 0 0 0 0 0 1 0 0 1 0 0 0 0 0 0 0 0 0 0 0 0 0 0 0 0
0 0 0 0 1 0 1 1 1 1 1 1 1 1 0 1 1 1 1 1 1 1 1 0 1 1 1 1 1 1 1 1 1 1 1 1 1 1 0 1 1 1 1 1 0 1 1 1 1 1 1 1 1 1 0 0 0 0 0 0 0
0 0 0 0 1 1 0 0 1 1 1 1 1 1 0 1 1 1 1 1 1 1 1 0 1 1 1 1 1 1 1 1 1 1 1 1 1 0 1 1 1 1 1 1 1 1 1 1 1 1 1 1 1 1 0 0 0 0 0 0 0
0 0 0 0 1 1 0 1 1 1 1 1 0 1 0 1 1 1 1 1 1 1 1 1 1 1 1 1 1 1 1 1 1 1 1 1 1 0 0 1 1 1 1 1 1 1 1 1 1 1 1 1 1 1 0 0 0 0 0 0 0
0 0 0 0 1 0 0 0 0 0 1 1 1 1 0 1 1 1 1 1 1 1 0 0 0 1 1 0 1 1 1 1 1 1 1 1 1 0 0 1 1 0 1 0 0 0 1 1 1 0 1 0 0 1 0 0 0 0 0 0 0
0 0 0 0 1 0 0 1 1 1 1 1 1 1 0 1 1 1 1 1 1 1 0 0 0 1 1 1 1 1 1 1 1 1 1 1 1 1 0 1 1 1 1 0 0 0 1 1 1 1 1 0 0 1 0 0 0 0 0 0 0
0 0 0 0 0 1 0 0 0 1 0 1 0 0 0 0 0 0 0 1 1 1 0 0 0 0 0 1 1 0 0 0 1 1 1 0 0 0 0 1 1 0 0 0 0 0 1 1 0 0 1 1 0 1 0 0 0 0 0 0 0
0 0 0 0 0 0 0 0 0 0 0 0 0 0 0 0 0 0 0 0 0 0 0 0 0 0 0 0 0 0 0 0 0 0 0 0 0 0 0 0 0 0 0 0 0 0 0 1 0 1 0 0 0 0 0 0 0 0 0 0 0
0 0 0 0 0 0 0 0 0 0 0 0 0 0 0 0 0 0 0 0 0 0 0 0 0 0 0 0 0 0 0 0 0 0 0 0 0 0 0 0 0 0 0 0 0 0 0 0 0 0 0 0 0 0 0 0 0 0 0 0 0

y
0.0 0.3636363636363633 0.0 0.0 0.0 1.3636363636363633 0.0 0.0 0.0 0.1785714285714286 0.0 0.0 21.363636363636363 0.9000000000000004 3.5 0.0 0.8000000000000007 0.0 0.0 0.0 0.0 0.0 0.0 0.33333333333333304 0.0 0.0 0.33333333333333304 0.0 0.4500000000000002 0.0 0.0 0.0 0.5048543689320388 0.0 0.0 1.0 0.0

k
0 8 4 0 0 8 0 0 0 22 0 0 10 5 4 0 3 0 3 0 0 6 0 3 0 0 3 0 19 7 7 7 73 14 34 50 6

f
19.94999999999996 29.399999999999906 0.0 0.0 0.0 0.0 0.0 0.0 4.200000000000017 0.0 0.0 0.0 7.35000000000008 0.0 0.0 0.0 1.049999999999983 0.0 0.0 0.0 0.0 0.0 0.0 0.0 0.0 1.0500000000000984 0.0 0.0 0.0 0.0 0.0 0.0 0.0 13.650000000000002 0.0 0.0 0.0 0.0 0.0 0.0 0.0 0.0 0.0 0.0 0.0 0.0 0.0 0.0 0.0 0.0 0.0 13.649999999999963 0.0 0.0 0.0 0.0 0.0 0.0 0.0 0.0 0.0
0.0 0.0 0.0 0.0 0.0 0.0 0.0 0.0 0.0 0.0 0.0 0.0 0.0 0.0 0.0 0.0 0.0 0.0 0.0 0.0 0.0 0.0 0.0 0.0 0.0 0.0 0.0 0.0 0.0 0.0 0.0 0.0 0.0 0.0 0.0 0.0 0.0 0.0 0.0 0.0 0.0 0.0 0.0 0.0 0.0 0.0 0.0 0.0 0.0 0.0 0.0 0.0 0.0 0.0 0.0 0.0 0.0 0.0 0.0 0.0 0.0
0.0 0.0 0.0 0.0 0.0 0.0 0.0 0.0 0.0 0.0 0.0 0.0 0.0 0.0 0.0 0.0 0.0 0.0 0.0 0.0 0.0 0.0 0.0 0.0 0.0 0.0 0.0 0.0 0.0 0.0 0.0 0.0 0.0 0.0 0.0 0.0 0.0 0.0 0.0 0.0 0.0 0.0 0.0 0.0 0.0 0.0 0.0 0.0 0.0 0.0 0.0 0.0 0.0 0.0 0.0 0.0 0.0 0.0 0.0 0.0 0.0
0.0 2.255973186038318e-13 0.0 7.199999999999957 0.0 4.499999999999957 0.0 0.0 0.0 13.049999999999807 11.699999999999825 1.3499999999999304 0.0 1.7999999999999363 0.0 0.4499999999997053 0.0 0.4499999999999025 0.8999999999998125 2.2499999999999063 12.59999999999983 0.0 0.0 0.89999999999988 0.0 0.0 0.0 0.44999999999970663 0.8999999999998609 0.0 0.44999999999979323 0.0 0.0 0.0 9.899999999999874 0.0 0.0 4.949999999999684 0.0 0.0 3.5999999999998047 10.349999999999866 0.0 0.0 0.0 0.8999999999997641 0.0 0.0 2.2499999999998455 0.0 0.0 8.999999999999801 0.0 0.0 0.0 0.0 0.0 0.0 0.0 0.0 0.0

L
3 5 4 1 1 6 2 16 51 2 8 13 26 6 12 0 11 20 2 50 3 0 15 6 8 5 6 51 3 1 1 1 1 1 1 2 0

g
0 0 0 0 0 0 0 0 0 0 0 0 0 0 0 0 0 0 0 0 0 0 0 0 0 0 0 0 0 0 0 0 0 0 0 0 0 0 0 0 0 0 0 0 0 0 0 0 0 0 0 0 0 0 0 0 0 0 0 0 0
0 0 0 0 0 0 0 0 0 0 0 0 0 0 0 0 0 0 0 0 0 0 0 0 0 0 0 0 0 0 0 0 0 0 0 0 0 0 0 0 0 0 0 0 0 0 0 0 0 0 0 0 0 0 0 0 0 0 0 0 0
0 0 0 0 0 0 0 0 0 0 0 0 0 0 0 0 0 0 0 0 0 0 0 0 0 0 0 0 0 0 0 0 0 0 0 0 0 0 0 0 0 0 0 0 0 0 0 0 0 0 0 0 0 0 0 0 0 0 0 0 0
0 0 0 0 0 0 0 0 0 0 0 0 0 0 0 0 0 0 0 0 0 0 0 0 0 0 0 0 0 0 0 0 0 0 0 0 0 0 0 0 0 0 0 0 0 0 0 0 0 0 0 0 0 0 0 0 0 0 0 0 0
0 0 0 0 0 0 0 0 0 0 0 0 0 0 0 0 0 0 0 0 0 0 0 0 0 0 0 0 0 0 0 0 0 0 0 0 0 0 0 0 0 0 0 0 0 0 0 0 0 0 0 0 0 0 0 0 0 0 0 0 0
0 0 0 0 0 0 0 0 0 0 0 0 0 0 0 0 0 0 0 0 0 0 0 0 0 0 0 0 0 0 0 0 0 0 0 0 0 0 0 0 0 0 0 0 0 0 0 0 0 0 0 0 0 0 0 0 0 0 0 0 0
0 0 0 0 0 0 0 0 0 0 0 0 0 0 0 0 0 0 0 0 0 0 0 0 0 0 0 0 0 0 0 0 0 0 0 0 0 0 0 0 0 0 0 0 0 0 0 0 0 0 0 0 0 0 0 0 0 0 0 0 0
0 0 0 0 0 0 0 0 0 0 0 0 0 0 0 0 0 0 0 0 0 0 0 0 0 0 0 0 0 0 0 0 0 0 0 0 0 0 0 0 0 0 0 0 0 0 0 0 0 0 0 0 0 0 0 0 0 0 0 0 0
0 0 0 0 0 0 0 0 0 0 0 0 0 0 0 0 0 0 0 0 0 0 0 0 0 0 0 0 0 0 0 0 0 0 0 0 0 0 0 0 0 0 0 0 0 0 0 0 0 0 0 0 0 0 0 0 0 0 0 0 0
0 0 0 0 0 0 0 0 0 0 0 0 0 0 0 0 0 0 0 0 0 0 0 0 0 0 0 0 0 0 0 0 0 0 0 0 0 0 0 0 0 0 0 0 0 0 0 0 0 0 0 0 0 0 0 0 0 0 0 0 0
0 0 0 0 0 0 0 0 0 0 0 0 0 0 0 0 0 0 0 0 0 0 0 0 0 0 0 0 0 0 0 0 0 0 0 0 0 0 0 0 0 0 0 0 0 0 0 0 0 0 0 0 0 0 0 0 0 0 0 0 0
0 0 0 0 0 0 0 0 0 0 0 0 0 0 0 0 0 0 0 0 0 0 0 0 0 0 0 0 0 0 0 0 0 0 0 0 0 0 0 0 0 0 0 0 0 0 0 0 0 0 0 0 0 0 0 0 0 0 0 0 0
0 0 0 0 0 0 0 0 0 0 0 0 0 0 0 0 0 0 0 0 0 0 0 0 0 0 0 0 0 0 0 0 0 0 0 0 0 0 0 0 0 0 0 0 0 0 0 0 0 0 0 0 0 0 0 0 0 0 0 0 0
0 0 0 0 0 0 0 0 0 0 0 0 0 0 0 0 0 0 0 0 0 0 0 0 0 0 0 0 0 0 0 0 0 0 0 0 0 0 0 0 0 0 0 0 0 0 0 0 0 0 0 0 0 0 0 0 0 0 0 0 0
0 0 0 0 0 0 0 0 0 0 0 0 0 0 0 0 0 0 0 0 0 0 0 0 0 0 0 0 0 0 0 0 0 0 0 0 0 0 0 0 0 0 0 0 0 0 0 0 0 0 0 0 0 0 0 0 0 0 0 0 0
0 0 0 0 0 0 0 0 0 0 0 0 0 0 0 0 0 0 0 0 0 0 0 0 0 0 0 0 0 0 0 0 0 0 0 0 0 0 0 0 0 0 0 0 0 0 0 0 0 0 0 0 0 0 0 0 0 0 0 0 0
0 0 0 0 0 0 0 0 0 0 0 0 0 0 0 0 0 0 0 0 0 0 0 0 0 0 0 0 0 0 0 0 0 0 0 0 0 0 0 0 0 0 0 0 0 0 0 0 0 0 0 0 0 0 0 0 0 0 0 0 0
0 0 0 0 0 0 0 0 0 0 0 0 0 0 0 0 0 0 0 0 0 0 0 0 0 0 0 0 0 0 0 0 0 0 0 0 0 0 0 0 0 0 0 0 0 0 0 0 0 0 0 0 0 0 0 0 0 0 0 0 0
0 0 0 0 0 0 0 0 0 0 0 0 0 0 0 0 0 0 0 0 0 0 0 0 0 0 0 0 0 0 0 0 0 0 0 0 0 0 0 0 0 0 0 0 0 0 0 0 0 0 0 0 0 0 0 0 0 0 0 0 0
0 0 0 0 0 0 0 0 0 0 0 0 0 0 0 0 0 0 0 0 0 0 0 0 0 0 0 0 0 0 0 0 0 0 0 0 0 0 0 0 0 0 0 0 0 0 0 0 0 0 0 0 0 0 0 0 0 0 0 0 0
0 0 0 0 0 0 0 0 0 0 0 0 0 0 0 0 0 0 0 0 0 0 0 0 0 0 0 0 0 0 0 0 0 0 0 0 0 0 0 0 0 0 0 0 0 0 0 0 0 0 0 0 0 0 0 0 0 0 0 0 0
0 0 0 0 0 0 0 0 0 0 0 0 0 0 0 0 0 0 0 0 0 0 0 0 0 0 0 0 0 0 0 0 0 0 0 0 0 0 0 0 0 0 0 0 0 0 0 0 0 0 0 0 0 0 0 0 0 0 0 0 0
0 0 0 0 0 0 0 0 0 0 0 0 0 0 0 0 0 0 0 0 0 0 0 0 0 0 0 0 0 0 0 0 0 0 0 0 0 0 0 0 0 0 0 0 0 0 0 0 0 0 0 0 0 0 0 0 0 0 0 0 0
0 0 0 0 0 0 0 0 0 0 0 0 0 0 0 0 0 0 0 0 0 0 0 0 0 0 0 0 0 0 0 0 0 0 0 0 0 0 0 0 0 0 0 0 0 0 0 0 0 0 0 0 0 0 0 0 0 0 0 0 0
0 0 0 0 0 0 0 0 0 0 0 0 0 0 0 0 0 0 0 0 0 0 0 0 0 0 0 0 0 0 0 0 0 0 0 0 0 0 0 0 0 0 0 0 0 0 0 0 0 0 0 0 0 0 0 0 0 0 0 0 0
0 0 0 0 0 0 0 0 0 0 0 0 0 0 0 0 0 0 0 0 0 0 0 0 0 0 0 0 0 0 0 0 0 0 0 0 0 0 0 0 0 0 0 0 0 0 0 0 0 0 0 0 0 0 0 0 0 0 0 0 0
0 0 0 0 0 0 0 0 0 0 0 0 0 0 0 0 0 0 0 0 0 0 0 0 0 0 0 0 0 0 0 0 0 0 0 0 0 0 0 0 0 0 0 0 0 0 0 0 0 0 0 0 0 0 0 0 0 0 0 0 0
0 0 0 0 0 0 0 0 0 0 0 0 0 0 0 0 0 0 0 0 0 0 0 0 0 0 0 0 0 0 0 0 0 0 0 0 0 0 0 0 0 0 0 0 0 0 0 0 0 0 0 0 0 0 0 0 0 0 0 0 0
0 0 0 0 0 0 0 0 0 0 0 0 0 0 0 0 0 0 0 0 0 0 0 0 0 0 0 0 0 0 0 0 0 0 0 0 0 0 0 0 0 0 0 0 0 0 0 0 0 0 0 0 0 0 0 0 0 0 0 0 0
0 0 0 0 0 0 0 0 0 0 0 0 0 0 0 0 0 0 0 0 0 0 0 0 0 0 0 0 0 0 0 0 0 0 0 0 0 0 0 0 0 0 0 0 0 0 0 0 0 0 0 0 0 0 0 0 0 0 0 0 0
0 0 0 0 0 0 0 0 0 0 0 0 0 0 0 0 0 0 0 0 0 0 0 0 0 0 0 0 0 0 0 0 0 0 0 0 0 0 0 0 0 0 0 0 0 0 0 0 0 0 0 0 0 0 0 0 0 0 0 0 0
0 0 0 0 0 0 0 0 0 0 0 0 0 0 0 0 0 0 0 0 0 0 0 0 0 0 0 0 0 0 0 0 0 0 0 0 0 0 0 0 0 0 0 0 0 0 0 0 0 0 0 0 0 0 0 0 0 0 0 0 0
0 0 0 0 0 0 0 0 0 0 0 0 0 0 0 0 0 0 0 0 0 0 0 0 0 0 0 0 0 0 0 0 0 0 0 0 0 0 0 0 0 0 0 0 0 0 0 0 0 0 0 0 0 0 0 0 0 0 0 0 0
0 0 0 0 0 0 0 0 0 0 0 0 0 0 0 0 0 0 0 0 0 0 0 0 0 0 0 0 0 0 0 0 0 0 0 0 0 0 0 0 0 0 0 0 0 0 0 0 0 0 0 0 0 0 0 0 0 0 0 0 0
0 0 0 0 0 0 0 0 0 0 0 0 0 0 0 0 0 0 0 0 0 0 0 0 0 0 0 0 0 0 0 0 0 0 0 0 0 0 0 0 0 0 0 0 0 0 0 0 0 0 0 0 0 0 0 0 0 0 0 0 0
0 0 0 0 0 0 0 0 0 0 0 0 0 0 0 0 0 0 0 0 0 0 0 0 0 0 0 0 0 0 0 0 0 0 0 0 0 0 0 0 0 0 0 0 0 0 0 0 0 0 0 0 0 0 0 0 0 0 0 0 0
0 0 0 0 0 0 0 0 0 0 0 0 0 0 0 0 0 0 0 0 0 0 0 0 0 0 0 0 0 0 0 0 0 0 0 0 0 0 0 0 0 0 0 0 0 0 0 0 0 0 0 0 0 0 0 0 0 0 0 0 0

I cap
1058.909090909091 1058.909090909091 1021.9090909090991 984.1090909091055 959.6000000000018 933.3999999999965 655.8400000000202 984.7800000000113 486.1599999999947 467.5600000000029 100.30000000000308 295.1200000000117 388.95999999999594 569.879999999989 522.9800000000237 442.2090909091028 324.4090909090825 212.0090909091135 165.28909090910338 663.5690909090795 563.2890909090972 456.4290909091114 377.7890909090981 465.10909090909513 808.3690909090924 693.0290909091038 508.5890909091058 393.00909090908044 334.50909090909386 612.5090909091089 653.7090909090982 636.6090909090758 504.5890909090985 507.7690909091197 245.89999999999952 130.35999999999717 336.88000000000613 511.600000000014 607.0399999999743 584.380000000024 361.24000000003997 557.2599999999798 505.06000000002314 686.7200000000321 770.7999999999658 571.6199999999735 618.7400000000362 814.1400000000313 813.8200000000272 868.1800000000285 658.6999999999882 544.8599999999788 798.1800000000262 822.3000000000475 929.48000000002 1004.5400000000063 761.2490909090857 927.129090909099 1045.709090909091 1058.909090909091 1058.909090909091
107.96969696969697 107.96969696969697 70.96969696969697 59.369696969696946 40.99999999999997 67.40000000000003 3.160000000000067 10.219999999999878 34.840000000000266 65.44000000000014 71.7 83.88000000000021 72.03999999999995 78.1199999999995 85.02000000000007 52.669696969697895 47.46969696969708 34.869696969697316 5.589696969697364 36.309696969697626 13.589696969697108 42.4496969696968 43.089696969696945 43.7696969696972 53.509696969696854 44.84969696969688 33.28969696969696 53.86969696969676 54.36969696969676 66.36969696969705 68.16969696969686 32.26969696969683 55.28969696969688 57.10969696969699 3.100000000000751 25.639999999999347 17.11999999999989 6.400000000002763 3.9599999999995212 13.620000000000147 10.760000000000918 24.739999999999856 26.939999999999813 73.28000000000002 83.19999999999993 55.37999999999981 36.25999999999971 70.85999999999981 100.17999999999982 98.82000000000006 30.299999999999816 28.1399999999998 12.82000000000001 4.300000000000282 14.12000000000036 10.260000000000034 85.62969696969684 93.74969696969697 99.16969696969699 107.96969696969697 107.96969696969697
38.96666666666666 38.96666666666666 38.96666666666666 1.3583333333333272 6.49166666666666 13.191666666666666 6.958333333333332 16.833333333333336 11.23333333333334 32.2 2.133333333333331 7.733333333333336 2.833333333333334 14.73333333333334 9.833333333333334 10.299999999999995 17.299999999999997 10.299999999999997 17.299999999999997 10.299999999999997 17.300000000000004 10.300000000000002 17.300000000000004 4.625000000000005 11.625000000000002 4.625000000000005 4.625000000000005 10.300000000000002 17.300000000000004 10.300000000000004 17.300000000000004 10.300000000000004 17.300000000000004 10.299999999999995 16.8 4.899999999999999 11.2 1.4333333333333353 5.633333333333331 9.133333333333331 9.133333333333331 18.23333333333334 18.2333333333334 26.525000000000034 16.72500000000001 6.95833333333333 4.158333333333333 29.43333333333335 30.799999999999997 39.2 35.0 42.000000000000014 38.50000000000003 17.066666666666666 19.16666666666666 36.36666666666669 38.96666666666666 38.96666666666666 38.96666666666666 38.96666666666666 38.96666666666666
45.24545454545453 45.24545454545453 43.77545454545453 35.725454545454525 24.50000000000004 34.720000000000184 22.570000000000768 28.740000000001952 19.310000000000134 24.860000000000333 22.030000000000264 19.660000000000117 15.330000000000272 22.10000000000005 18.640000000000075 28.87545454545514 27.95545454545493 22.48545454545509 21.49545454545508 30.53545454545506 27.24545454545468 26.425454545455306 30.66545454545514 31.035454545456176 28.115454545455396 27.915454545455123 23.665454545454885 24.495454545454898 24.15545454545498 30.545454545455076 29.135454545454902 23.785454545454915 20.61545454545522 23.985454545455003 22.30000000000029 16.79000000000022 16.149999999999952 23.160000000000313 33.810000000000805 41.51000000000058 21.360000000000245 26.290000000000862 30.66000000000025 35.94000000000062 39.86000000000051 33.78000000000032 27.030000000000197 25.300000000000225 26.610000000000294 34.64000000000031 35.470000000000105 36.030000000000086 42.70999999999999 45.12000000000001 42.19000000000083 40.08000000000072 40.255454545454526 43.56545454545453 45.24545454545453 45.24545454545453 45.24545454545453
20.999999999999993 20.999999999999993 20.369999999999994 19.71999999999999 10.05999999999999 16.53999999999998 10.859999999999907 18.139999999999866 10.759999999999929 7.559999999999997 7.319999999999947 10.639999999999969 7.399999999999995 11.359999999999951 8.450000000000012 11.409999999999963 11.340000000000018 5.11999999999993 5.169999999999984 10.390000000000075 7.809999999999888 7.56999999999993 7.2399999999999185 11.119999999999825 13.36 12.409999999999988 6.42999999999998 6.669999999999963 6.839999999999984 10.88000000000001 10.81000000000006 7.349999999999975 4.9499999999999975 6.5700000000000145 8.460000000000019 9.659999999999926 6.009999999999911 10.14999999999995 12.830000000000009 11.210000000000043 0.17999999999989869 5.889999999999986 4.750000000000025 12.100000000000005 10.730000000000077 9.680000000000065 9.400000000000006 10.500000000000053 12.609999999999978 7.069999999999986 5.690000000000014 6.860000000000024 9.369999999999855 7.769999999999912 12.609999999999955 15.559999999999931 20.509999999999984 20.76000000000001 20.999999999999993 20.999999999999993 20.999999999999993
345.75757575757575 345.75757575757575 345.75757575757575 312.8163992869875 202.52941176470588 246.94117647058803 244.43941176470625 219.53941176470573 201.70999999999972 220.84000000000077 159.05000000000007 189.36117647058794 222.73941176470743 245.5705882352943 178.67941176470563 221.12698752227996 229.36757575757832 203.73757575757517 196.65757575757604 229.7375757575779 228.48757575757634 243.26757575757512 233.78757575757666 229.17757575757693 210.69757575757635 166.80757575757593 177.38757575757572 204.7875757575753 197.65757575757607 227.1875757575753 219.35757575757674 192.79757575757864 195.027575757576 220.0875757575745 122.82000000000039 183.93000000000006 222.7211764705879 260.7905882352957 286.7488235294128 264.54941176470527 192.2500000000006 230.47000000000364 179.57999999999876 242.05000000000027 246.73000000000204 170.17999999999972 230.49000000000075 239.0400000000009 289.1600000000021 263.74000000000194 258.2500000000015 284.0700000000024 287.9300000000028 347.54117647059127 370.4505882352971 346.81000000000023 307.56757575757575 333.3575757575758 345.75757575757575 345.75757575757575 345.75757575757575
779.7575757575758 779.7575757575758 762.7475757575758 659.6975757575758 549.9999999999991 744.3100000000004 748.81 765.4600000000004 762.09 700.4899999999991 495.03000000000065 587.4999999999989 570.6000000000005 663.5299999999993 626.1600000000004 517.0375757575752 536.2175757575762 446.1875757575743 424.597575757579 556.197575757577 514.0475757575755 588.587575757576 633.5975757575764 648.3475757575753 592.9275757575751 546.0375757575749 589.5175757575755 566.7975757575759 515.877575757574 560.2175757575748 544.2475757575755 518.3375757575745 439.0275757575734 509.13757575757364 409.3000000000042 448.4799999999967 609.5799999999983 718.8100000000004 653.4499999999962 521.7899999999969 530.6600000000016 563.0700000000008 519.5599999999978 660.1199999999975 614.4700000000014 491.9899999999999 511.6399999999955 531.7100000000003 553.1599999999975 497.78999999999854 521.6399999999974 598.3799999999995 582.6399999999966 608.3000000000015 666.3999999999999 542.4099999999996 694.1975757575763 745.1275757575756 779.7575757575758 779.7575757575758 779.7575757575758
80.73333333333335 80.73333333333335 79.89333333333335 76.79333333333334 59.94666666666667 83.25333333333334 74.44 80.91666666666666 72.98999999999998 79.53999999999999 67.33 77.94000000000001 84.75 85.41 81.26333333333334 72.33000000000001 69.48333333333335 66.75333333333334 66.42333333333332 70.65333333333331 68.61333333333333 68.22333333333329 72.14666666666653 76.42333333333333 75.5233333333332 71.19 65.61333333333332 67.98333333333332 67.56333333333328 71.07333333333334 70.86333333333327 68.49333333333331 64.06333333333313 66.47333333333329 35.33000000000008 55.67999999999852 65.13999999999956 64.27999999999967 70.02333333332878 72.64666666666643 63.259999999999856 66.69 65.28000000000002 80.08333333333333 87.16000000000001 89.25999999999999 80.04666666666668 71.58 65.46999999999939 63.659999999999535 62.09999999999883 61.51333333333177 65.55999999999888 58.18666666666628 58.39333333333337 57.70999999999967 77.86333333333336 78.81333333333335 80.73333333333335 80.73333333333335 80.73333333333335
10.775757575757575 10.775757575757575 9.725757575757576 9.725757575757576 7.050000000000006 5.550000000000007 2.850000000000011 3.349999999999995 4.999999999999994 5.899999999999998 1.3999999999999924 0.29999999999999627 2.45 2.42 0.5800000000000001 0.7557575757575741 4.745757575757572 1.245757575757577 1.2957575757575697 2.8957575757575764 0.01575757575760095 2.4657575757575874 3.7757575757575776 4.515757575757575 1.2357575757575754 0.1557575757575762 4.38575757575757 2.685757575757574 0.3957575757575702 0.335757575757583 1.8357575757575724 2.345757575757574 2.9057575757575718 4.02575757575757 0.8400000000000025 0.24000000000000732 0.15000000000000302 2.550000000000024 6.650000000000009 5.649999999999994 4.4999999999999964 1.600000000000004 0.699999999999994 13.999999999999996 9.300000000000004 0.7000000000000011 7.7000000000000055 3.199999999999992 1.46999999999999 1.28000000000001 3.197442310920451e-14 5.500000000000003 5.010000000000033 3.5100000000000335 0.22000000000001307 1.8200000000000145 2.3457575757575775 7.365757575757577 10.775757575757574 10.775757575757575 10.775757575757575
2.545454545454545 2.545454545454545 2.545454545454545 1.645454545454545 1.3599999999999999 0.5599999999999999 0.4600000000000065 0.7500000000000008 1.2400000000000126 1.2600000000000007 1.540000000000008 0.1399999999999999 0.5599999999999999 0.6300000000000007 0.8400000000000006 1.0754545454545457 1.7054545454545469 1.2854545454545487 0.17545454545454953 0.20545454545455388 0.5954545454545505 0.025454545454553168 0.5354545454545491 1.1954545454545507 0.2054545454545481 0.5654545454545489 0.5654545454545489 0.4454545454545519 0.32545454545455654 0.7754545454545502 0.565454545454552 1.7054545454545478 0.025454545454548283 0.53545454545455 1.4500000000000144 0.8200000000000086 1.540000000000048 0.6300000000000007 1.3300000000000027 0.1399999999999999 0.3400000000000104 0.5400000000000008 0.8200000000000037 0.1399999999999999 0.15000000000000058 0.46000000000001184 0.36000000000000054 1.5700000000000172 0.1700000000000017 0.17000000000000481 0.10000000000001119 0.5800000000000088 1.0300000000000074 1.230000000000015 0.3400000000000011 0.010000000000001563 1.0754545454545474 1.8254545454545805 2.545454545454545 2.545454545454545 2.545454545454545
8.515433299825174 8.515433299825174 8.515433299825174 7.807629307084703 5.699006923774954 6.654279800362953 5.859512385057455 6.895008735632092 7.3688481034479985 5.308581637930916 6.364603275861839 6.52796224137915 5.117647988505651 4.898969624924376 5.8277921854204315 4.1787944252873475 4.176451551724111 3.9549931034482495 3.4477165517240835 3.6789633620689646 3.8392396081504954 4.949161034482741 6.487131751361127 5.87363635208711 5.67032408045979 4.36767034482761 4.094523965517256 6.068410344827435 5.355618793103358 4.848362586206855 6.0660893103445845 6.060579999999819 4.362810344827588 5.162697442528716 7.906754367815874 9.614605344827579 4.661957413793107 7.009101291591032 5.992882731397452 5.053992356321838 4.286512068965495 4.2998786206896185 4.825975689655129 6.669356406533567 5.680139455535349 4.830027068965464 3.572449137931111 3.9757572413792737 5.248512241379303 4.1934993103448175 5.348409482758583 5.041370689655156 5.6995810344827005 6.074876406533514 8.929212298850416 6.562851206896548 7.829226058445849 8.170605541204461 8.515433299825174 8.170605713618277 8.515433299825174
700.0 700.0 700.0 697.0 685.0 684.0 676.0 683.0 678.0 678.0 679.0 682.0 681.0 681.0 678.0 674.0 675.0 682.0 678.0 683.0 685.0 676.0 680.0 677.0 684.0 678.0 684.0 678.0 684.0 678.0 688.0 682.0 682.0 682.0 687.0 683.0 682.0 683.0 677.0 684.0 678.0 688.0 685.0 692.0 682.0 682.0 677.0 681.0 682.0 683.0 686.0 686.0 683.0 675.0 686.0 683.0 689.0 692.0 698.0 698.0 700.0

H cap
-19.94999999999996 -29.399999999999906 27.299999999999912 8.400000000000007 17.84999999999991 17.84999999999988 24.14999999999999 2.099999999999836 -4.200000000000017 8.399999999999864 65.09999999999994 17.849999999999895 -7.35000000000008 2.0999999999999375 36.74999999999994 36.749999999999986 -1.049999999999983 5.249999999999957 5.249999999999973 8.399999999999977 14.699999999999974 24.149999999999977 55.64999999999995 36.74999999999997 5.249999999999972 -1.0500000000000984 2.099999999999996 27.29999999999997 43.04999999999997 39.89999999999999 24.149999999999963 49.349999999999994 17.849999999999994 -13.650000000000002 27.299999999999955 93.44999999999999 27.299999999999983 17.84999999999998 71.39999999999999 80.85 24.14999999999999 14.699999999999989 77.69999999999999 87.14999999999999 80.85 71.39999999999999 55.64999999999999 2.0999999999999943 2.0999999999999943 8.399999999999991 11.549999999999997 -13.649999999999963 49.35000000000001 131.25 131.25 131.25 131.25 131.25 131.25 131.25 131.25
31.800000000000026 23.700000000000117 33.15000000000019 23.250000000000156 12.900000000000293 13.350000000000161 13.800000000000104 8.400000000000155 6.1500000000001505 4.80000000000005 24.150000000000073 24.60000000000018 6.600000000000175 8.40000000000019 8.400000000000176 9.750000000000213 8.850000000000207 7.50000000000017 16.950000000000244 30.000000000000068 29.10000000000018 16.50000000000014 13.350000000000144 6.150000000000129 3.0000000000001297 9.300000000000253 12.000000000000153 12.450000000000152 12.45000000000012 4.800000000000204 2.1000000000001675 13.350000000000044 16.05000000000019 22.800000000000267 36.30000000000019 31.80000000000013 5.2500000000000675 6.150000000000087 12.900000000000126 20.100000000000126 25.50000000000013 25.500000000000142 21.00000000000011 10.200000000000102 9.300000000000136 12.450000000000191 14.25000000000017 16.500000000000103 26.400000000000137 17.40000000000015 22.800000000000143 42.600000000000165 49.800000000000146 52.5 52.5 52.5 52.5 52.5 52.5 52.5 52.5
50.400000000000006 47.25000000000001 44.10000000000001 40.95000000000001 40.95000000000001 34.65000000000001 40.95000000000001 44.10000000000001 40.95000000000001 40.95000000000001 47.25000000000001 40.95000000000001 34.65000000000001 37.80000000000001 40.95000000000001 44.10000000000001 47.25000000000001 40.95000000000001 40.95000000000001 53.550000000000004 53.550000000000004 44.10000000000001 40.95000000000001 44.10000000000001 47.25000000000001 44.10000000000001 47.25000000000001 47.25000000000001 50.400000000000006 53.550000000000004 47.25000000000001 47.25000000000001 47.25000000000001 50.400000000000006 50.400000000000006 53.550000000000004 47.25000000000001 47.25000000000001 53.550000000000004 56.7 44.10000000000001 40.95000000000001 50.400000000000006 53.550000000000004 56.7 53.550000000000004 50.400000000000006 47.25000000000001 47.25000000000001 50.400000000000006 53.550000000000004 50.400000000000006 56.7 63.0 63.0 63.0 63.0 63.0 63.0 63.0 63.0
10.799999999999613 -2.255973186038318e-13 9.450000000000038 -7.199999999999957 6.750000000000064 -4.499999999999957 1.350000000000179 4.950000000000113 0.4500000000002231 -13.049999999999807 -11.699999999999825 -1.3499999999999304 6.3000000000001055 -1.7999999999999363 7.650000000000185 -0.4499999999997053 1.3500000000001746 -0.4499999999999025 -0.8999999999998125 -2.2499999999999063 -12.59999999999983 0.45000000000019824 11.250000000000188 -0.89999999999988 2.2870594307278225e-13 7.200000000000175 2.2500000000002416 -0.44999999999970663 -0.8999999999998609 4.500000000000349 -0.44999999999979323 19.800000000000217 6.30000000000002 4.950000000000247 -9.899999999999874 5.850000000000227 4.950000000000278 -4.949999999999684 1.8000000000002272 19.800000000000306 -3.5999999999998047 -10.349999999999866 6.300000000000235 7.65000000000026 6.300000000000164 -0.8999999999997641 29.25000000000015 2.70000000000023 -2.2499999999998455 3.600000000000179 3.1499999999999844 -8.999999999999801 29.249999999999908 78.75 78.75 78.75 78.75 78.75 78.75 78.75 78.75

Gap
NaN

Time
NaN

