T P M C
61 37 4 12

base obj
11.37022632539874

exp obj
10.699238371500035

Objective struct
11.37022632539874 0.0 8.686274509803921

num campaigns
379

x
0 0 0 0 1 0 0 0 1 0 0 0 1 0 0 0 1 0 0 1 0 0 0 1 0 0 0 1 0 0 0 0 1 0 0 0 0 0 0 0 1 0 0 0 1 0 0 1 0 0 1 0 0 1 0 0 0 0 0 0 0
0 0 0 0 0 0 0 0 0 0 0 0 0 0 0 0 0 0 0 0 0 0 0 0 0 0 0 0 0 0 1 0 0 0 0 0 0 0 0 0 0 0 0 0 0 1 0 0 0 0 0 1 0 0 0 0 0 0 0 0 0
0 0 0 0 0 0 0 0 1 0 0 0 0 0 1 0 0 0 0 0 0 1 0 0 0 0 1 0 0 0 0 1 0 0 0 1 0 0 0 0 0 0 1 0 0 0 1 0 0 0 1 0 0 0 1 0 0 0 0 0 0
0 0 0 0 0 0 0 0 1 1 1 1 1 1 1 1 0 1 0 0 1 0 0 1 0 0 0 0 0 0 0 0 0 0 0 0 0 0 0 0 0 0 0 0 0 0 0 0 0 0 0 0 0 0 0 0 0 0 0 0 0
0 0 0 0 0 0 0 0 1 1 1 1 1 1 1 0 0 0 0 1 0 1 1 1 1 1 0 0 0 0 0 1 0 0 1 0 0 1 0 0 0 0 1 0 0 0 0 0 0 0 0 0 0 0 0 0 0 0 0 0 0
0 0 0 0 0 0 0 0 0 0 0 0 0 0 0 0 0 0 0 0 0 0 0 0 0 0 0 0 0 0 0 0 0 1 0 0 0 1 0 0 0 1 0 0 0 0 1 0 0 0 0 0 0 0 0 0 0 0 0 0 0
0 0 0 0 0 0 0 0 0 1 1 1 1 1 1 1 1 1 0 0 1 1 0 0 0 1 0 0 0 0 0 0 0 0 0 0 0 0 0 0 0 0 0 0 0 0 0 0 0 0 0 0 0 0 0 0 0 0 0 0 0
0 0 0 0 1 0 0 0 0 0 0 0 0 0 0 0 0 0 0 0 0 1 0 0 0 0 0 0 0 0 0 0 0 0 0 0 0 0 1 0 0 0 0 0 0 0 0 0 0 0 0 0 0 0 0 1 0 0 0 0 0
0 0 0 0 0 0 0 0 0 0 0 0 0 0 0 0 1 0 0 0 0 0 0 0 0 0 0 0 0 0 0 0 0 0 0 0 0 0 0 0 0 0 0 0 0 0 0 0 0 0 0 0 0 0 0 1 0 0 0 0 0
0 0 0 0 0 0 0 0 0 0 0 0 1 0 0 0 0 0 0 0 0 0 0 0 0 0 0 0 0 0 1 0 0 0 1 0 0 0 0 0 0 0 1 0 1 0 0 0 1 0 0 0 0 0 0 0 0 0 0 0 0
0 0 0 0 0 0 1 0 0 0 0 0 0 0 0 1 0 0 0 0 0 0 0 0 1 0 0 0 0 0 0 0 0 1 0 0 0 0 0 0 0 0 0 1 0 0 0 0 0 0 0 0 0 0 0 0 0 0 0 0 0
0 0 0 0 0 0 1 0 0 0 0 0 0 0 0 0 0 0 0 0 0 0 1 0 0 0 0 0 0 0 0 0 0 0 0 0 0 0 0 0 1 0 0 0 0 0 0 0 0 0 0 0 1 0 0 0 0 0 0 0 0
0 0 0 0 0 0 0 0 0 0 0 0 0 0 0 0 0 0 0 0 0 0 0 0 0 0 1 0 0 0 0 0 0 0 0 0 0 0 0 0 0 0 0 0 0 0 0 0 1 0 0 0 0 0 0 0 0 0 0 0 0
0 0 0 0 0 0 0 0 0 1 0 0 0 0 0 1 0 0 0 0 1 0 0 0 0 1 0 0 0 0 0 1 0 0 0 0 0 1 0 0 0 0 0 0 1 0 0 0 0 0 0 0 0 0 1 0 0 0 0 0 0
0 0 0 0 0 0 0 0 0 0 1 0 0 0 0 0 0 0 0 0 0 0 0 0 0 0 0 0 0 1 0 0 0 0 0 0 0 0 0 0 0 0 0 0 0 0 0 0 0 0 0 0 1 0 0 0 0 0 0 0 0
0 0 0 0 1 0 0 0 0 0 0 0 0 0 0 0 0 0 0 0 0 0 0 0 0 0 0 0 0 0 0 0 0 0 0 0 0 0 0 0 0 0 0 0 0 0 0 0 0 0 0 0 0 0 0 0 0 0 0 0 0
0 0 0 0 0 0 0 0 0 0 0 0 0 1 0 0 0 0 0 0 0 0 0 0 1 0 0 0 0 0 0 0 0 0 0 0 0 0 0 0 0 0 0 1 0 0 0 0 0 0 0 0 0 0 0 0 0 0 0 0 0
0 0 0 0 0 0 1 0 0 0 0 0 0 0 0 0 0 0 0 0 0 0 0 0 0 0 0 1 0 0 0 0 0 0 0 0 0 0 0 0 0 0 0 0 0 0 0 0 1 0 0 0 0 0 0 0 0 0 0 0 0
0 0 0 0 0 0 0 1 0 1 0 1 0 1 0 1 0 0 0 1 0 1 0 1 0 1 0 0 1 0 1 0 1 0 0 1 0 0 1 0 1 0 1 0 1 0 1 0 1 0 1 0 0 0 0 0 0 0 0 0 0
0 0 0 0 1 0 0 0 0 0 0 0 0 0 0 0 0 0 0 0 0 0 0 0 0 0 0 0 0 0 0 0 0 0 0 0 0 0 0 0 0 0 0 0 0 0 0 0 0 0 0 0 0 0 0 1 0 0 0 0 0
0 0 0 0 0 0 0 0 1 0 0 1 0 0 1 0 0 1 0 0 0 1 0 0 1 0 0 1 0 0 1 0 0 0 0 0 0 1 0 0 1 0 0 0 0 0 1 0 0 1 0 0 0 0 0 0 0 0 0 0 0
0 0 0 0 0 0 0 0 0 0 0 0 0 0 0 0 0 0 0 0 0 0 0 0 0 0 0 0 0 0 0 0 0 0 0 0 0 0 0 0 0 0 0 0 0 0 0 0 0 0 0 0 0 0 0 0 0 0 0 0 0
0 0 0 0 0 1 0 0 0 0 0 0 0 0 0 0 0 0 1 0 0 0 0 0 0 0 0 0 0 0 0 0 0 0 0 1 0 0 0 0 0 0 0 0 0 0 0 0 0 1 0 0 0 0 0 0 0 0 0 0 0
0 0 0 0 0 0 0 1 0 0 0 1 0 0 1 0 0 0 0 1 0 0 1 0 0 1 0 0 0 0 0 0 0 1 0 0 1 0 0 0 0 0 1 0 0 0 0 0 0 0 0 1 0 0 0 0 0 0 0 0 0
0 0 0 0 0 0 1 0 0 0 0 0 0 0 0 0 0 1 0 0 0 0 0 0 0 0 0 0 1 0 0 0 0 0 0 0 0 0 0 1 0 0 0 0 0 0 0 0 0 0 0 0 0 1 0 0 0 0 0 0 0
0 0 0 0 0 0 1 0 0 0 1 0 0 0 0 0 1 0 0 0 0 0 0 1 0 0 0 1 0 0 0 1 0 0 0 1 0 0 0 1 0 0 0 0 0 0 0 0 0 0 0 0 0 0 0 0 0 0 0 0 0
0 0 0 0 0 0 0 1 0 0 0 0 0 0 0 0 1 0 0 0 0 1 0 0 0 0 1 0 0 0 1 0 0 0 1 0 0 0 1 0 0 0 0 0 0 0 0 1 0 0 0 1 0 0 0 1 0 0 0 0 0
0 0 0 0 0 0 1 0 0 0 0 0 0 0 0 0 0 0 0 0 0 0 0 0 0 0 0 0 0 0 0 0 0 0 0 0 0 0 0 0 0 0 0 0 0 0 0 0 0 0 0 0 0 0 0 1 0 0 0 0 0
0 0 0 0 0 0 0 0 0 0 0 0 0 0 0 0 0 0 0 0 0 0 0 0 0 0 0 0 0 0 0 0 0 0 0 0 0 0 0 0 0 1 0 0 0 1 0 0 0 0 0 0 0 0 0 0 0 0 0 0 0
0 0 0 0 0 0 0 0 1 1 1 1 1 1 1 1 1 1 1 1 1 1 1 1 1 1 1 1 1 1 1 1 1 1 1 1 1 1 1 1 1 1 1 1 1 1 1 1 1 1 1 1 0 1 1 1 0 0 0 0 0
0 0 0 0 0 0 0 0 1 1 1 1 1 1 1 1 0 0 1 1 1 1 1 1 1 1 1 1 1 1 1 1 1 1 1 1 1 1 1 1 1 1 1 1 1 1 1 1 1 1 1 0 0 0 0 1 0 0 0 0 0
0 0 0 0 0 0 0 0 1 1 0 0 1 1 1 1 0 0 0 0 1 1 1 1 1 1 1 1 1 1 1 1 1 1 1 1 1 1 1 1 0 0 1 1 1 1 1 1 1 1 1 0 0 0 0 1 0 0 0 0 0
0 0 0 0 0 0 0 0 0 0 0 0 0 1 0 0 0 0 0 1 0 0 0 1 1 1 1 0 0 0 1 1 1 0 1 1 0 1 1 0 0 0 1 0 0 0 1 1 1 1 1 0 0 0 0 1 0 0 0 0 0
0 0 0 0 0 0 0 0 1 1 0 0 1 1 0 1 0 0 0 1 1 1 0 1 1 1 1 1 1 1 1 1 1 1 1 1 1 1 1 0 0 1 1 1 1 1 1 1 1 1 1 1 0 0 0 1 0 0 0 0 0
0 0 0 0 0 0 0 0 0 0 0 0 0 0 0 0 0 0 0 0 1 1 0 1 0 0 0 0 0 0 0 0 0 1 0 0 0 1 0 0 0 0 0 1 0 0 0 1 1 1 0 0 0 0 0 1 0 0 0 0 0
0 0 0 0 0 0 0 0 0 0 0 0 0 0 0 0 0 0 0 0 0 0 0 0 0 0 0 0 0 0 0 0 0 0 1 0 1 0 0 0 0 0 0 0 0 0 0 0 0 0 0 0 0 0 0 0 0 0 0 0 0
0 0 0 0 0 0 0 0 0 0 0 0 0 0 0 0 0 0 0 0 0 0 0 0 0 0 0 0 0 0 0 0 0 0 0 0 0 0 0 0 0 0 0 0 0 0 0 0 0 0 0 0 0 0 0 0 0 0 0 0 0

y
0.0 1.3636363636363633 0.0 0.0 0.0 0.0 0.0 0.0 0.0 0.1785714285714286 0.0 0.0 17.363636363636363 0.0 10.5 0.0 0.8000000000000007 0.0 0.0 0.0 0.0 0.0 0.0 0.0 0.8000000000000007 0.0 0.0 0.0 1.4500000000000002 0.0 0.0 0.0 0.5048543689320388 0.0 0.0 1.0 0.0

k
0 9 3 0 0 8 0 0 0 23 0 0 10 3 4 0 3 0 5 0 0 6 0 0 1 0 0 0 19 5 10 16 84 16 42 50 6

f
4.200000000000003 35.69999999999992 0.0 0.0 0.0 0.0 0.0 1.0500000000001677 10.500000000000066 1.050000000000196 0.0 0.0 10.500000000000098 10.500000000000096 0.0 0.0 0.0 0.0 7.350000000000064 0.0 0.0 0.0 0.0 0.0 0.0 0.0 0.0 0.0 0.0 0.0 0.0 0.0 0.0 0.0 0.0 0.0 0.0 0.0 0.0 0.0 0.0 0.0 0.0 0.0 0.0 0.0 0.0 0.0 0.0 0.0 0.0 13.650000000000006 4.200000000000003 0.0 0.0 0.0 0.0 0.0 0.0 0.0 0.0
0.0 0.0 0.0 0.0 0.0 0.0 0.0 0.0 0.0 0.0 0.0 0.0 0.0 0.0 0.0 0.0 0.0 0.0 0.0 0.0 0.0 0.0 0.0 0.0 0.0 0.0 0.0 0.0 0.0 0.0 0.0 0.0 0.0 0.0 0.0 0.0 0.0 0.0 0.0 0.0 0.0 0.0 0.0 0.0 0.0 0.0 0.0 0.0 0.0 0.0 0.0 0.0 0.0 0.0 0.0 0.0 0.0 0.0 0.0 0.0 0.0
0.0 0.0 0.0 0.0 0.0 0.0 0.0 0.0 0.0 0.0 0.0 0.0 0.0 0.0 0.0 0.0 0.0 0.0 0.0 0.0 0.0 0.0 0.0 0.0 0.0 0.0 0.0 0.0 0.0 0.0 0.0 0.0 0.0 0.0 0.0 0.0 0.0 0.0 0.0 0.0 0.0 0.0 0.0 0.0 0.0 0.0 0.0 0.0 0.0 0.0 0.0 0.0 0.0 0.0 0.0 0.0 0.0 0.0 0.0 0.0 0.0
0.0 7.650000000000061 6.749999999999963 8.999999999999956 0.0 0.0 0.0 2.6999999999998856 0.0 0.0 0.0 0.0 0.0 5.399999999999752 0.0 4.049999999999894 2.6999999999998807 0.0 0.44999999999997087 0.0 0.0 3.14999999999983 8.099999999999698 0.0 0.4499999999996662 0.0 0.0 0.0 0.0 0.0 0.0 0.0 0.8999999999996935 0.0 0.0 0.0 1.3499999999997385 0.0 12.14999999999967 0.0 1.3499999999995422 6.749999999999567 0.0 0.0 0.0 0.0 0.0 0.8999999999994159 1.3499999999999943 17.549999999999734 7.199999999999996 0.0 0.0 0.0 0.0 0.0 0.0 0.0 0.0 0.0 0.0

L
3 6 4 1 1 4 1 17 39 2 9 12 22 5 19 0 11 21 2 51 3 0 13 3 11 4 4 49 4 1 1 1 1 1 1 2 0

g
0 0 0 0 0 0 0 0 0 0 0 0 0 0 0 0 0 0 0 0 0 0 0 0 0 0 0 0 0 0 0 0 0 0 0 0 0 0 0 0 0 0 0 0 0 0 0 0 0 0 0 0 0 0 0 0 0 0 0 0 0
0 0 0 0 0 0 0 0 0 0 0 0 0 0 0 0 0 0 0 0 0 0 0 0 0 0 0 0 0 0 0 0 0 0 0 0 0 0 0 0 0 0 0 0 0 0 0 0 0 0 0 0 0 0 0 0 0 0 0 0 0
0 0 0 0 0 0 0 0 0 0 0 0 0 0 0 0 0 0 0 0 0 0 0 0 0 0 0 0 0 0 0 0 0 0 0 0 0 0 0 0 0 0 0 0 0 0 0 0 0 0 0 0 0 0 0 0 0 0 0 0 0
0 0 0 0 0 0 0 0 0 0 0 0 0 0 0 0 0 0 0 0 0 0 0 0 0 0 0 0 0 0 0 0 0 0 0 0 0 0 0 0 0 0 0 0 0 0 0 0 0 0 0 0 0 0 0 0 0 0 0 0 0
0 0 0 0 0 0 0 0 0 0 0 0 0 0 0 0 0 0 0 0 0 0 0 0 0 0 0 0 0 0 0 0 0 0 0 0 0 0 0 0 0 0 0 0 0 0 0 0 0 0 0 0 0 0 0 0 0 0 0 0 0
0 0 0 0 0 0 0 0 0 0 0 0 0 0 0 0 0 0 0 0 0 0 0 0 0 0 0 0 0 0 0 0 0 0 0 0 0 0 0 0 0 0 0 0 0 0 0 0 0 0 0 0 0 0 0 0 0 0 0 0 0
0 0 0 0 0 0 0 0 0 0 0 0 0 0 0 0 0 0 0 0 0 0 0 0 0 0 0 0 0 0 0 0 0 0 0 0 0 0 0 0 0 0 0 0 0 0 0 0 0 0 0 0 0 0 0 0 0 0 0 0 0
0 0 0 0 0 0 0 0 0 0 0 0 0 0 0 0 0 0 0 0 0 0 0 0 0 0 0 0 0 0 0 0 0 0 0 0 0 0 0 0 0 0 0 0 0 0 0 0 0 0 0 0 0 0 0 0 0 0 0 0 0
0 0 0 0 0 0 0 0 0 0 0 0 0 0 0 0 0 0 0 0 0 0 0 0 0 0 0 0 0 0 0 0 0 0 0 0 0 0 0 0 0 0 0 0 0 0 0 0 0 0 0 0 0 0 0 0 0 0 0 0 0
0 0 0 0 0 0 0 0 0 0 0 0 0 0 0 0 0 0 0 0 0 0 0 0 0 0 0 0 0 0 0 0 0 0 0 0 0 0 0 0 0 0 0 0 0 0 0 0 0 0 0 0 0 0 0 0 0 0 0 0 0
0 0 0 0 0 0 0 0 0 0 0 0 0 0 0 0 0 0 0 0 0 0 0 0 0 0 0 0 0 0 0 0 0 0 0 0 0 0 0 0 0 0 0 0 0 0 0 0 0 0 0 0 0 0 0 0 0 0 0 0 0
0 0 0 0 0 0 0 0 0 0 0 0 0 0 0 0 0 0 0 0 0 0 0 0 0 0 0 0 0 0 0 0 0 0 0 0 0 0 0 0 0 0 0 0 0 0 0 0 0 0 0 0 0 0 0 0 0 0 0 0 0
0 0 0 0 0 0 0 0 0 0 0 0 0 0 0 0 0 0 0 0 0 0 0 0 0 0 0 0 0 0 0 0 0 0 0 0 0 0 0 0 0 0 0 0 0 0 0 0 0 0 0 0 0 0 0 0 0 0 0 0 0
0 0 0 0 0 0 0 0 0 0 0 0 0 0 0 0 0 0 0 0 0 0 0 0 0 0 0 0 0 0 0 0 0 0 0 0 0 0 0 0 0 0 0 0 0 0 0 0 0 0 0 0 0 0 0 0 0 0 0 0 0
0 0 0 0 0 0 0 0 0 0 0 0 0 0 0 0 0 0 0 0 0 0 0 0 0 0 0 0 0 0 0 0 0 0 0 0 0 0 0 0 0 0 0 0 0 0 0 0 0 0 0 0 0 0 0 0 0 0 0 0 0
0 0 0 0 0 0 0 0 0 0 0 0 0 0 0 0 0 0 0 0 0 0 0 0 0 0 0 0 0 0 0 0 0 0 0 0 0 0 0 0 0 0 0 0 0 0 0 0 0 0 0 0 0 0 0 0 0 0 0 0 0
0 0 0 0 0 0 0 0 0 0 0 0 0 0 0 0 0 0 0 0 0 0 0 0 0 0 0 0 0 0 0 0 0 0 0 0 0 0 0 0 0 0 0 0 0 0 0 0 0 0 0 0 0 0 0 0 0 0 0 0 0
0 0 0 0 0 0 0 0 0 0 0 0 0 0 0 0 0 0 0 0 0 0 0 0 0 0 0 0 0 0 0 0 0 0 0 0 0 0 0 0 0 0 0 0 0 0 0 0 0 0 0 0 0 0 0 0 0 0 0 0 0
0 0 0 0 0 0 0 0 0 0 0 0 0 0 0 0 0 0 0 0 0 0 0 0 0 0 0 0 0 0 0 0 0 0 0 0 0 0 0 0 0 0 0 0 0 0 0 0 0 0 0 0 0 0 0 0 0 0 0 0 0
0 0 0 0 0 0 0 0 0 0 0 0 0 0 0 0 0 0 0 0 0 0 0 0 0 0 0 0 0 0 0 0 0 0 0 0 0 0 0 0 0 0 0 0 0 0 0 0 0 0 0 0 0 0 0 0 0 0 0 0 0
0 0 0 0 0 0 0 0 0 0 0 0 0 0 0 0 0 0 0 0 0 0 0 0 0 0 0 0 0 0 0 0 0 0 0 0 0 0 0 0 0 0 0 0 0 0 0 0 0 0 0 0 0 0 0 0 0 0 0 0 0
0 0 0 0 0 0 0 0 0 0 0 0 0 0 0 0 0 0 0 0 0 0 0 0 0 0 0 0 0 0 0 0 0 0 0 0 0 0 0 0 0 0 0 0 0 0 0 0 0 0 0 0 0 0 0 0 0 0 0 0 0
0 0 0 0 0 0 0 0 0 0 0 0 0 0 0 0 0 0 0 0 0 0 0 0 0 0 0 0 0 0 0 0 0 0 0 0 0 0 0 0 0 0 0 0 0 0 0 0 0 0 0 0 0 0 0 0 0 0 0 0 0
0 0 0 0 0 0 0 0 0 0 0 0 0 0 0 0 0 0 0 0 0 0 0 0 0 0 0 0 0 0 0 0 0 0 0 0 0 0 0 0 0 0 0 0 0 0 0 0 0 0 0 0 0 0 0 0 0 0 0 0 0
0 0 0 0 0 0 0 0 0 0 0 0 0 0 0 0 0 0 0 0 0 0 0 0 0 0 0 0 0 0 0 0 0 0 0 0 0 0 0 0 0 0 0 0 0 0 0 0 0 0 0 0 0 0 0 0 0 0 0 0 0
0 0 0 0 0 0 0 0 0 0 0 0 0 0 0 0 0 0 0 0 0 0 0 0 0 0 0 0 0 0 0 0 0 0 0 0 0 0 0 0 0 0 0 0 0 0 0 0 0 0 0 0 0 0 0 0 0 0 0 0 0
0 0 0 0 0 0 0 0 0 0 0 0 0 0 0 0 0 0 0 0 0 0 0 0 0 0 0 0 0 0 0 0 0 0 0 0 0 0 0 0 0 0 0 0 0 0 0 0 0 0 0 0 0 0 0 0 0 0 0 0 0
0 0 0 0 0 0 0 0 0 0 0 0 0 0 0 0 0 0 0 0 0 0 0 0 0 0 0 0 0 0 0 0 0 0 0 0 0 0 0 0 0 0 0 0 0 0 0 0 0 0 0 0 0 0 0 0 0 0 0 0 0
0 0 0 0 0 0 0 0 0 0 0 0 0 0 0 0 0 0 0 0 0 0 0 0 0 0 0 0 0 0 0 0 0 0 0 0 0 0 0 0 0 0 0 0 0 0 0 0 0 0 0 0 0 0 0 0 0 0 0 0 0
0 0 0 0 0 0 0 0 0 0 0 0 0 0 0 0 0 0 0 0 0 0 0 0 0 0 0 0 0 0 0 0 0 0 0 0 0 0 0 0 0 0 0 0 0 0 0 0 0 0 0 0 0 0 0 0 0 0 0 0 0
0 0 0 0 0 0 0 0 0 0 0 0 0 0 0 0 0 0 0 0 0 0 0 0 0 0 0 0 0 0 0 0 0 0 0 0 0 0 0 0 0 0 0 0 0 0 0 0 0 0 0 0 0 0 0 0 0 0 0 0 0
0 0 0 0 0 0 0 0 0 0 0 0 0 0 0 0 0 0 0 0 0 0 0 0 0 0 0 0 0 0 0 0 0 0 0 0 0 0 0 0 0 0 0 0 0 0 0 0 0 0 0 0 0 0 0 0 0 0 0 0 0
0 0 0 0 0 0 0 0 0 0 0 0 0 0 0 0 0 0 0 0 0 0 0 0 0 0 0 0 0 0 0 0 0 0 0 0 0 0 0 0 0 0 0 0 0 0 0 0 0 0 0 0 0 0 0 0 0 0 0 0 0
0 0 0 0 0 0 0 0 0 0 0 0 0 0 0 0 0 0 0 0 0 0 0 0 0 0 0 0 0 0 0 0 0 0 0 0 0 0 0 0 0 0 0 0 0 0 0 0 0 0 0 0 0 0 0 0 0 0 0 0 0
0 0 0 0 0 0 0 0 0 0 0 0 0 0 0 0 0 0 0 0 0 0 0 0 0 0 0 0 0 0 0 0 0 0 0 0 0 0 0 0 0 0 0 0 0 0 0 0 0 0 0 0 0 0 0 0 0 0 0 0 0
0 0 0 0 0 0 0 0 0 0 0 0 0 0 0 0 0 0 0 0 0 0 0 0 0 0 0 0 0 0 0 0 0 0 0 0 0 0 0 0 0 0 0 0 0 0 0 0 0 0 0 0 0 0 0 0 0 0 0 0 0
0 0 0 0 0 0 0 0 0 0 0 0 0 0 0 0 0 0 0 0 0 0 0 0 0 0 0 0 0 0 0 0 0 0 0 0 0 0 0 0 0 0 0 0 0 0 0 0 0 0 0 0 0 0 0 0 0 0 0 0 0

I cap
1058.909090909091 1058.909090909091 918.9490909091057 874.8490909091217 1065.9600000000041 1034.1799999999828 805.9000000000315 857.8800000000074 357.4600000000066 465.90000000000316 182.24000000000305 282.7200000000102 331.0999999999999 464.0199999999896 490.020000000005 422.92909090910723 429.1090909090884 386.5490909091004 685.2890909091088 750.709090909095 616.509090909082 485.9290909091137 573.1890909091201 290.56909090909113 595.9690909090848 519.8290909090956 559.4890909090991 478.06909090909915 540.4690909090887 699.0690909090952 575.2890909091063 518.9490909091098 538.1890909090853 552.4490909090862 332.2800000000007 210.3800000000012 409.25999999999954 448.9800000000058 611.0800000000211 498.08000000001744 479.7199999999873 510.4399999999864 546.8200000000279 541.2200000000273 615.6199999999856 592.199999999983 637.8600000000245 656.1400000000249 600.039999999974 700.1400000000328 579.0000000000402 456.7999999999965 672.6000000000201 760.4000000000268 961.1600000000199 907.4600000000148 726.0490909090992 902.4090909090987 1010.709090909091 1058.909090909091 1058.909090909091
107.96969696969697 107.96969696969697 67.52969696969697 66.62969696969694 77.84000000000009 83.81999999999995 2.0999999999997527 10.120000000000303 24.54000000000042 90.09999999999998 75.76000000000008 79.28000000000024 49.899999999999764 37.980000000000075 79.98000000000023 26.949696969698202 14.769696969697053 26.32969696969726 82.58969696969697 54.16969696969761 41.369696969697316 32.94969696969693 4.689696969696968 5.309696969697129 9.909696969697023 60.04969696969691 39.3896969696969 53.809696969696816 62.409696969696995 96.80969696969683 69.58969696969702 56.92969696969702 83.68969696969695 54.4296969696966 19.719999999999928 10.619999999999843 33.739999999999895 33.020000000000095 23.92000000000003 37.9199999999999 12.279999999999902 22.560000000000002 32.179999999999836 35.779999999999916 43.37999999999971 32.799999999999514 78.13999999999967 86.85999999999976 42.959999999999766 42.8599999999999 74.00000000000014 88.19999999999997 30.400000000000155 25.200000000000966 12.439999999999987 8.340000000000797 40.82969696969715 55.46969696969694 64.16969696969699 107.96969696969697 107.96969696969697
38.96666666666666 38.96666666666666 14.033333333333328 14.033333333333328 27.96666666666666 29.325 28.624999999999996 18.825 5.558333333333341 10.533333333333337 9.133333333333331 0.7333333333333361 2.833333333333334 7.7333333333333325 9.833333333333334 10.300000000000002 17.300000000000004 17.299999999999997 24.299999999999997 17.299999999999997 31.96666666666666 10.300000000000004 17.300000000000004 10.300000000000004 17.300000000000004 10.300000000000004 4.6250000000000036 4.6250000000000036 4.6250000000000036 4.6250000000000036 10.300000000000004 17.300000000000004 10.300000000000004 31.96666666666667 16.8 11.899999999999999 11.2 1.4333333333333353 5.633333333333331 9.133333333333333 9.133333333333333 18.23333333333334 18.233333333333377 39.20000000000003 29.40000000000002 34.3 16.833333333333336 16.758333333333354 3.4583333333333623 11.85833333333337 7.658333333333362 27.333333333333393 45.50000000000004 24.066666666666666 26.16666666666666 36.366666666666674 38.96666666666667 38.96666666666667 38.96666666666666 38.96666666666666 38.96666666666666
45.24545454545453 45.24545454545453 43.14545454545453 43.14545454545453 32.970000000000056 41.79000000000015 39.72000000000059 35.260000000001035 19.31000000000029 22.460000000000463 24.59000000000036 20.940000000000094 16.99000000000028 15.390000000000114 12.690000000000113 22.78545454545488 24.595454545454885 24.51545454545487 28.00545454545507 30.405454545455296 28.0354545454552 25.645454545454925 22.36545454545503 21.085454545455335 29.975454545456344 32.08545454545513 27.16545454545506 25.40545454545513 26.385454545455037 31.87545454545501 27.415454545455294 22.75545454545501 25.565454545454905 26.595454545455016 24.02000000000018 14.370000000000113 16.550000000000107 18.520000000000003 25.800000000000246 38.320000000000036 23.160000000000625 30.47000000000157 31.940000000000243 25.79000000000064 27.120000000000555 30.560000000000983 24.690000000000325 23.710000000000182 20.360000000000436 30.590000000000323 38.070000000000064 42.680000000000085 43.15000000000002 37.22000000000014 28.1400000000009 31.770000000000103 35.435454545454526 39.69545454545453 43.91545454545453 45.24545454545453 45.24545454545453
20.999999999999993 20.999999999999993 20.159999999999993 20.159999999999993 13.609999999999985 22.890000000000004 19.98999999999991 21.279999999999838 10.759999999999923 7.559999999999924 8.599999999999966 11.280000000000008 9.730000000000048 11.529999999999893 5.099999999999989 4.819999999999901 10.859999999999925 14.129999999999908 16.64 13.179999999999962 7.989999999999988 7.389999999999919 6.229999999999928 4.8299999999999805 9.969999999999958 10.88000000000002 8.200000000000001 7.6599999999999655 8.340000000000014 11.090000000000025 9.889999999999972 7.119999999999983 7.660000000000009 7.06 9.459999999999985 9.280000000000058 5.970000000000038 6.0099999999999785 8.939999999999989 7.72000000000006 2.789999999999953 8.689999999999944 5.389999999999983 8.390000000000029 6.71000000000007 8.820000000000013 6.220000000000013 7.509999999999997 9.299999999999978 8.25 7.429999999999941 10.800000000000006 13.189999999999994 16.59999999999992 15.22999999999982 12.08999999999995 14.199999999999992 17.13000000000001 20.429999999999993 20.999999999999993 20.999999999999993
345.75757575757575 345.75757575757575 341.76757575757574 301.76757575757574 203.68 251.17999999999995 291.52000000000044 249.5788235294113 212.03941176470735 219.58117647058884 238.32058823529437 240.27882352941145 228.3394117647078 171.86000000000135 155.14999999999952 235.82875222816114 299.0381639928703 308.8475757575766 316.7775757575763 303.5063992869888 277.36698752228347 239.90757575757706 227.53757575757456 225.46757575757698 234.58757575757554 192.8775757575759 187.90757575757488 199.49757575757562 205.91757575757688 237.42757575757665 203.75757575757527 183.33757575757585 214.90757575757613 253.06757575757646 124.44000000000013 147.6700000000006 197.75999999999993 234.62999999999948 234.50999999999996 256.95117647058873 265.150588235295 320.73882352941484 203.10941176470772 206.9599999999999 187.20000000000178 150.41999999999888 188.760000000001 266.06000000000006 263.3000000000017 259.5500000000028 301.9711764705919 314.9705882352953 335.5600000000022 373.60000000000394 368.1688235294139 325.34058823529415 289.86816399286977 324.75757575757575 345.75757575757575 345.75757575757575 345.75757575757575
779.7575757575758 779.7575757575758 747.8375757575758 713.4375757575758 587.2500000000005 714.8600000000001 796.09 766.4500000000005 745.9200000000005 731.2699999999995 705.32 782.8099999999986 726.0200000000003 726.9799999999992 704.9099999999999 589.1975757575779 653.507575757577 644.287575757575 619.9475757575741 666.7075757575772 696.6675757575778 660.5775757575731 530.9675757575749 453.83757575757596 568.1275757575766 567.4575757575736 573.0675757575739 616.727575757575 637.7475757575745 633.5275757575757 557.1375757575723 509.9575757575739 574.2075757575774 572.577575757576 428.7299999999983 558.3899999999987 598.2799999999995 588.4399999999999 641.5899999999981 614.7999999999975 583.0999999999985 557.9800000000007 548.039999999997 578.5199999999961 531.0899999999995 517.9699999999899 365.4799999999943 424.40000000000134 423.78999999999763 450.8199999999992 552.13 598.7099999999987 568.2399999999978 645.0400000000052 556.8600000000005 446.3199999999981 641.7675757575761 711.5075757575758 764.3675757575758 779.7575757575758 779.7575757575758
80.73333333333335 80.73333333333335 79.26333333333335 79.26333333333335 67.37999999999992 88.62 78.93 84.72 76.25666666666665 79.53999999999999 74.26333333333334 86.54 90.63666666666667 86.36999999999998 80.56333333333333 67.61999999999998 69.3766666666667 73.82333333333325 76.15333333333324 73.28999999999995 68.85333333333332 67.98333333333329 68.4766666666665 67.94999999999976 68.57333333333325 71.07333333333317 69.06333333333326 68.97333333333327 69.48333333333329 71.70333333333332 70.08333333333336 68.40333333333324 68.97333333333331 66.28333333333326 36.679999999999986 56.069999999999446 65.03999999999968 61.849999999999795 64.589999999999 72.06333333333329 71.44999999999972 69.80666666666669 66.88000000000002 73.13 76.46000000000001 81.93999999999998 71.93 67.91000000000001 63.22999999999942 63.74999999999955 64.41999999999938 60.40999999999818 59.09333333333297 62.02999999999868 58.2499999999992 52.596666666666465 71.74666666666668 77.97333333333334 79.97333333333334 80.73333333333335 80.73333333333335
10.775757575757575 10.775757575757575 9.725757575757575 4.125757575757577 0.05000000000000249 3.4999999999999964 4.89999999999999 5.749999999999991 1.3699999999999966 0.6699999999999973 5.0699999999999985 6.87 6.8699999999999966 2.1599999999999966 0.5800000000000036 4.385757575757573 8.375757575757568 5.975757575757572 5.975757575757567 9.72575757575758 6.5257575757575905 1.0257575757576154 2.1257575757575804 1.725757575757578 2.7957575757575777 0.15575757575758153 1.9857575757575772 2.3457575757575704 2.3457575757575704 4.785757575757568 3.995757575757576 1.8357575757575741 2.0557575757575686 7.575757575757577 3.199999999999998 2.200000000000002 0.45000000000000373 4.15000000000002 1.1500000000000132 3.9500000000000037 4.650000000000005 3.45000000000001 0.7000000000000011 6.5700000000000145 0.020000000000011786 0.7600000000000078 0.18999999999999595 7.8899999999999775 2.499999999999986 1.0999999999999854 4.210000000000009 6.520000000000009 3.2600000000000104 1.9100000000000232 6.520000000000002 0.8400000000000585 2.125757575757577 4.925757575757577 9.825757575757578 10.775757575757575 10.775757575757575
2.545454545454545 2.545454545454545 1.915454545454545 1.915454545454545 1.96 0.5599999999999999 0.5500000000000153 0.12000000000000033 1.240000000000038 1.2600000000000007 1.5400000000000116 0.1399999999999999 0.5599999999999999 1.2600000000000007 0.8400000000000006 0.3854545454545514 0.2654545454545495 0.23545454545454958 0.5654545454545542 1.0754545454545497 1.7054545454545504 1.2854545454545527 0.2954545454545492 0.9854545454545559 0.9854545454545581 1.2854545454545487 0.17545454545454686 0.20545454545454944 0.5954545454545602 0.6554545454545576 0.5354545454545504 1.4054545454545537 1.1954545454545609 1.7054545454545549 0.17000000000000703 0.17000000000000437 0.800000000000006 0.10000000000000053 2.1700000000000053 0.7699999999999999 0.9700000000000176 0.5400000000000008 0.8200000000000073 0.1399999999999999 6.661338147750939e-16 0.5800000000000084 0.33000000000000074 2.22000000000002 0.22000000000000441 0.04000000000000137 0.36000000000001176 0.5800000000000075 0.04000000000001447 1.500000000000015 0.3400000000000011 0.7300000000000071 1.0754545454545497 1.8254545454545583 2.545454545454545 2.545454545454545 2.545454545454545
8.515433299825174 8.515433299825174 8.515433299825174 8.515433299825172 6.400398333333328 7.024153103448227 6.753765431034476 8.399848248638701 8.173445632183558 6.256857327586031 7.118626264367425 7.39692775862054 5.688912356321742 4.417602413793096 5.012607672413787 4.920748448275848 5.995991781609169 5.930855172413738 5.2511648275862 5.916894396551697 5.247285585161983 4.949160862068952 5.796569137931016 4.27109551724137 3.704807011494241 3.67801517241383 3.7496962068966315 7.016686034482635 7.959066896551599 6.5035351724137325 7.267813448275593 5.87092482758609 4.954189482758593 5.2661457183908 7.487788678160739 9.373226034482752 5.179198793103442 6.066239999999989 5.666203793103444 5.7149117241379255 5.981914195402285 5.506775172413763 4.2512630459769625 5.0132765517241165 4.398288275862045 4.123130517241344 3.1310700000001157 3.705067586206823 3.4381674137931073 3.5038439655172158 6.03806465517236 6.410094050211698 7.240052731397368 6.236037758620601 7.920017068965323 5.137321866303685 7.452214564192987 7.825777782583781 8.515433299825174 8.515433299825174 8.515433299825174
700.0 700.0 699.0 695.0 691.0 688.0 680.0 678.0 676.0 677.0 682.0 674.0 680.0 680.0 675.0 677.0 681.0 677.0 679.0 683.0 679.0 678.0 683.0 682.0 681.0 676.0 679.0 678.0 684.0 684.0 679.0 681.0 681.0 684.0 685.0 681.0 681.0 680.0 682.0 681.0 683.0 683.0 677.0 686.0 680.0 683.0 678.0 688.0 685.0 678.0 683.0 678.0 688.0 677.0 682.0 678.0 690.0 693.0 700.0 697.0 700.0

H cap
-4.200000000000003 -35.69999999999992 8.39999999999992 5.249999999999941 11.549999999999857 8.400000000000007 17.849999999999852 -1.0500000000001677 -10.500000000000066 -1.050000000000196 27.299999999999912 36.74999999999979 -10.500000000000098 -10.500000000000096 61.9499999999999 24.149999999999963 36.74999999999996 2.0999999999999535 -7.350000000000064 27.29999999999997 17.84999999999995 55.64999999999996 68.24999999999997 17.84999999999998 24.149999999999963 65.1 8.399999999999961 36.749999999999986 55.64999999999999 24.14999999999999 46.19999999999999 46.19999999999999 71.39999999999999 71.39999999999999 8.399999999999963 49.349999999999994 46.19999999999999 14.699999999999934 43.04999999999998 65.09999999999998 46.19999999999999 24.14999999999999 30.44999999999999 8.399999999999991 17.849999999999994 39.89999999999999 24.14999999999999 8.399999999999991 17.849999999999994 17.849999999999994 65.1 -13.650000000000006 -4.200000000000003 131.25 131.25 131.25 131.25 131.25 131.25 131.25 131.25
40.80000000000004 40.80000000000011 48.900000000000084 46.2000000000002 28.200000000000152 9.75000000000033 15.600000000000083 25.50000000000016 15.600000000000133 3.0000000000001057 12.450000000000063 15.15000000000013 16.950000000000223 31.350000000000236 40.350000000000115 30.00000000000009 13.350000000000286 3.900000000000267 14.25000000000026 16.05000000000019 6.1500000000000865 9.300000000000193 7.950000000000379 14.250000000000195 26.400000000000183 26.400000000000187 13.800000000000292 7.050000000000186 12.450000000000163 17.400000000000137 10.20000000000013 11.550000000000239 23.250000000000124 14.700000000000184 7.500000000000085 23.700000000000117 32.70000000000009 26.400000000000187 16.050000000000157 10.650000000000095 8.400000000000137 10.200000000000088 16.95000000000014 11.550000000000153 3.900000000000153 11.100000000000158 16.05000000000031 21.45000000000016 35.400000000000226 39.0000000000002 35.85000000000022 16.950000000000294 26.400000000000173 52.5 52.5 52.5 52.5 52.5 52.5 52.5 52.5
50.400000000000006 47.25000000000001 50.400000000000006 44.10000000000001 40.95000000000001 40.95000000000001 40.95000000000001 37.80000000000001 37.80000000000001 37.80000000000001 37.80000000000001 40.95000000000001 40.95000000000001 47.25000000000001 56.7 47.25000000000001 47.25000000000001 44.10000000000001 40.95000000000001 40.95000000000001 37.80000000000001 44.10000000000001 44.10000000000001 44.10000000000001 50.400000000000006 56.7 47.25000000000001 40.95000000000001 47.25000000000001 50.400000000000006 47.25000000000001 40.95000000000001 47.25000000000001 56.7 50.400000000000006 50.400000000000006 53.550000000000004 53.550000000000004 44.10000000000001 40.95000000000001 47.25000000000001 47.25000000000001 50.400000000000006 50.400000000000006 44.10000000000001 47.25000000000001 50.400000000000006 44.10000000000001 50.400000000000006 56.7 56.7 47.25000000000001 50.400000000000006 63.0 63.0 63.0 63.0 63.0 63.0 63.0 63.0
21.1499999999998 -7.650000000000061 -6.749999999999963 -8.999999999999956 2.7000000000002746 0.450000000000093 0.45000000000024043 -2.6999999999998856 0.45000000000011386 3.6000000000002164 2.9665159217984183e-13 2.788880237858393e-13 5.850000000000186 -5.399999999999752 2.700000000000202 -4.049999999999894 -2.6999999999998807 5.85000000000012 -0.44999999999997087 0.9000000000002388 6.750000000000421 -3.14999999999983 -8.099999999999698 6.750000000000271 -0.4499999999996662 2.6423307986078726e-13 5.850000000000282 0.9000000000003077 8.550000000000205 3.588240815588506e-13 2.7000000000003044 0.4500000000002031 -0.8999999999996935 0.45000000000008766 1.350000000000053 8.550000000000145 -1.3499999999997385 1.8000000000002423 -12.14999999999967 2.250000000000356 -1.3499999999995422 -6.749999999999567 6.750000000000293 1.8000000000003071 8.55000000000034 4.9500000000002 2.948752353404416e-13 -0.8999999999994159 -1.3499999999999943 -17.549999999999734 -7.199999999999996 9.000000000000151 38.24999999999987 78.75 78.75 78.75 78.75 78.75 78.75 78.75 78.75

Gap
NaN

Time
NaN

