T P M C
61 37 4 12

base obj
11.666300653369618

exp obj
10.730117646889958

Objective struct
11.666300653369618 0.0 7.921568627450979

num campaigns
375

x
0 0 0 0 0 0 0 0 0 0 0 0 1 0 0 1 0 1 0 1 0 0 0 0 0 0 1 0 1 0 1 0 1 0 0 0 0 0 0 0 0 1 0 0 1 0 1 0 0 0 0 0 0 1 0 1 0 0 0 0 0
0 0 0 0 0 0 0 0 0 0 0 1 0 0 0 0 0 0 0 0 0 0 0 0 0 0 0 0 0 0 0 0 0 0 0 0 0 0 0 1 0 0 0 0 0 0 0 0 0 0 0 1 0 0 0 0 0 0 0 0 0
0 0 0 0 0 0 1 0 0 0 0 1 0 0 0 1 0 0 0 1 0 0 0 0 1 0 0 0 1 0 0 0 1 0 0 0 0 0 1 0 0 0 1 0 0 0 1 0 0 0 1 0 0 0 0 0 0 0 0 0 0
0 0 0 0 0 1 0 0 1 0 1 0 1 0 1 0 1 0 1 0 0 0 1 0 1 0 1 0 0 0 1 0 0 0 0 0 0 0 0 0 0 0 0 0 0 0 0 0 0 0 0 0 0 0 0 0 0 0 0 0 0
0 0 0 0 0 0 1 1 0 0 1 1 1 1 1 1 1 1 1 1 1 1 0 0 1 1 0 0 0 0 0 0 0 0 0 0 0 1 0 0 0 0 0 0 0 0 0 0 0 0 0 0 0 0 0 0 0 0 0 0 0
0 0 0 0 0 0 0 0 0 0 0 0 0 0 0 0 0 0 0 0 0 0 0 0 0 0 0 1 0 0 0 0 0 0 0 0 1 0 0 0 0 1 0 0 0 0 0 0 0 0 1 0 0 0 0 0 0 0 0 0 0
0 0 0 0 0 0 0 1 0 0 1 0 0 1 0 1 0 1 0 1 0 1 0 1 0 0 1 0 1 0 0 0 0 0 0 0 0 0 1 0 0 1 0 0 0 0 0 0 0 0 0 0 0 0 0 0 0 0 0 0 0
0 0 0 0 1 0 0 0 0 0 0 0 0 0 0 0 0 0 0 0 0 1 0 0 0 0 0 0 0 0 0 0 0 0 0 0 0 0 0 1 0 0 0 0 0 0 0 0 0 0 0 0 0 0 0 1 0 0 0 0 0
0 0 0 0 0 0 0 0 1 0 0 0 0 0 0 0 0 0 0 0 0 0 0 0 0 0 0 0 0 0 0 0 0 0 0 0 0 0 0 0 0 0 0 0 0 0 0 0 0 0 1 0 0 0 0 0 0 0 0 0 0
0 0 0 0 0 0 0 0 0 0 1 0 1 0 0 1 0 1 0 0 0 0 0 1 0 0 0 1 0 1 0 1 0 1 0 1 0 0 0 0 0 0 0 0 1 0 0 1 0 1 0 1 0 0 0 0 0 0 0 0 0
0 0 0 0 0 1 0 0 0 0 0 0 0 0 0 1 0 0 0 0 0 0 0 0 0 1 0 0 0 0 0 0 0 0 0 1 0 0 0 0 0 0 0 0 0 0 1 0 0 0 0 0 0 0 0 0 0 0 0 0 0
0 0 0 0 1 0 0 0 0 0 0 0 0 0 0 0 0 0 0 0 0 0 0 0 0 1 0 0 0 0 0 0 0 0 0 0 0 0 0 0 1 0 0 0 0 0 0 0 0 0 0 0 0 0 0 1 0 0 0 0 0
0 0 0 0 0 0 0 0 0 0 0 0 0 0 0 0 0 0 0 0 0 1 0 0 0 0 0 0 0 0 0 0 0 0 0 0 0 0 0 0 0 0 0 0 0 0 0 1 0 0 0 0 0 0 0 0 0 0 0 0 0
0 0 0 0 1 0 0 0 0 1 0 0 0 0 1 0 0 0 1 0 0 0 0 0 0 1 0 0 0 0 1 0 0 0 0 1 0 0 0 1 0 0 0 0 0 0 0 0 0 1 0 0 0 0 1 0 0 0 0 0 0
0 0 0 0 0 0 0 0 1 0 0 0 0 0 0 0 0 0 0 0 0 0 0 0 0 0 0 0 0 0 0 0 1 0 0 0 0 0 0 0 0 0 0 0 0 0 0 0 0 0 0 0 0 0 0 0 0 0 0 0 0
0 0 0 0 1 0 0 0 0 0 0 0 0 0 0 0 0 0 0 0 0 0 0 0 0 0 0 0 0 0 0 0 0 0 0 0 0 0 0 0 0 0 0 0 0 0 0 0 0 0 0 0 0 0 0 0 0 0 0 0 0
0 0 0 0 0 0 0 0 0 0 0 0 0 1 0 0 0 0 0 0 0 0 0 0 1 0 0 0 0 0 0 0 0 0 0 0 0 0 0 0 0 0 0 0 0 0 0 1 0 0 0 0 0 0 0 0 0 0 0 0 0
0 0 0 0 0 0 1 0 0 0 0 0 0 0 0 0 0 0 0 0 0 0 0 0 0 0 0 0 0 1 0 0 0 0 0 0 0 0 0 0 0 0 0 0 0 0 0 0 0 0 0 0 1 0 0 0 0 0 0 0 0
0 0 0 0 0 0 1 0 0 0 1 0 0 1 0 1 0 1 0 1 0 1 0 1 0 1 0 0 1 0 0 1 0 1 0 0 0 0 1 0 1 0 1 0 1 0 1 0 1 0 0 1 0 1 0 0 0 0 0 0 0
0 0 0 0 1 0 0 0 0 0 0 0 0 0 0 0 0 0 0 0 0 0 0 0 0 0 0 0 0 0 0 0 0 0 0 0 0 0 0 0 0 0 0 0 0 0 0 0 0 0 0 0 1 0 0 0 0 0 0 0 0
0 0 0 0 1 0 0 1 0 0 1 0 0 1 0 0 0 1 0 0 0 1 0 0 1 0 0 1 0 0 1 0 0 0 0 0 1 0 0 0 0 0 0 0 0 1 0 0 1 0 0 0 0 0 0 0 0 0 0 0 0
0 0 0 0 0 0 0 0 0 0 0 0 0 0 0 0 0 0 0 0 0 0 0 0 0 0 0 0 0 0 0 0 0 0 0 0 0 0 0 0 0 0 0 0 0 0 0 0 0 0 0 0 0 0 0 0 0 0 0 0 0
0 0 0 0 0 0 1 0 0 0 0 0 0 0 0 0 0 0 0 0 1 0 0 0 0 0 0 0 0 0 0 0 0 0 1 0 0 0 0 0 0 0 0 0 0 0 0 0 1 0 0 0 0 0 0 0 0 0 0 0 0
0 0 0 0 0 0 1 0 0 0 0 0 0 0 0 0 1 0 0 0 0 0 0 1 0 0 0 0 0 1 0 0 0 0 0 0 0 1 0 0 0 0 0 0 0 1 0 0 0 0 0 1 0 0 0 0 0 0 0 0 0
0 0 0 0 0 0 0 0 0 1 0 0 0 0 0 0 0 0 0 0 0 0 1 0 0 0 0 0 0 0 0 0 0 0 0 0 0 0 0 0 0 0 0 1 0 0 0 0 0 0 0 0 0 1 0 0 0 0 0 0 0
0 0 0 0 1 0 0 0 1 0 0 0 0 1 0 0 0 0 1 0 0 0 1 0 0 0 1 0 0 0 1 0 0 0 0 0 0 0 0 1 0 0 0 0 0 0 0 0 0 0 0 0 0 0 0 0 0 0 0 0 0
0 0 0 0 0 0 0 1 0 0 0 1 0 0 0 0 0 0 1 0 0 1 0 0 0 0 1 0 0 0 1 0 0 0 0 1 0 0 0 0 1 0 0 0 0 0 0 0 1 0 0 0 1 0 0 0 0 0 0 0 0
0 0 0 0 1 0 0 0 0 0 0 0 0 0 0 0 0 0 0 0 0 0 0 0 0 0 0 0 0 0 0 0 0 0 0 0 0 0 0 0 0 0 0 0 0 0 0 0 0 0 0 0 0 0 0 1 0 0 0 0 0
0 0 0 0 0 0 0 0 0 0 0 0 0 0 0 0 0 0 0 0 0 0 0 0 0 0 0 0 0 0 0 0 0 0 0 0 0 0 0 0 0 0 1 0 0 1 0 0 0 0 0 0 0 0 0 0 0 0 0 0 0
0 0 0 0 0 0 1 1 0 0 1 1 1 1 1 1 1 1 1 1 1 1 0 1 1 1 1 1 1 0 1 1 1 1 1 1 1 1 1 1 1 1 1 1 1 1 1 1 1 1 1 1 0 0 1 1 0 0 0 0 0
0 0 0 0 0 0 0 0 0 0 1 1 1 1 1 0 1 1 0 1 1 0 1 1 1 1 1 1 1 1 1 1 1 1 1 1 1 1 1 1 1 1 1 1 1 1 1 0 1 1 0 0 1 0 1 1 0 0 0 0 0
0 0 0 0 0 0 1 0 0 0 1 1 1 1 1 0 1 1 0 1 1 1 0 1 0 1 1 1 1 1 0 1 0 1 1 1 1 1 1 1 1 1 1 1 1 0 0 1 0 1 0 1 1 1 0 1 0 0 0 0 0
0 0 0 0 0 0 0 0 0 0 0 1 1 1 1 0 0 0 1 0 1 0 0 1 1 1 0 0 1 1 0 0 0 0 1 0 1 1 1 1 1 0 1 1 0 0 0 0 0 1 0 0 1 0 1 1 0 0 0 0 0
0 0 0 0 0 0 0 0 0 0 1 1 1 1 0 1 0 1 1 0 1 0 0 1 0 0 0 1 1 0 0 1 0 1 1 1 1 1 1 1 1 0 0 1 1 0 0 0 0 1 1 1 1 0 0 1 0 0 0 0 0
0 0 0 0 0 0 0 0 0 0 0 1 0 0 0 1 0 1 0 0 1 0 0 1 0 0 0 1 0 0 0 0 0 0 0 0 0 0 1 1 1 0 0 0 0 0 0 0 0 0 1 0 1 0 0 1 0 0 0 0 0
0 0 0 0 0 0 0 0 0 0 0 0 0 0 0 0 0 0 0 0 0 0 0 0 0 0 0 0 0 0 0 0 0 0 1 0 1 0 0 0 0 0 0 0 0 0 0 0 0 0 0 0 0 0 0 0 0 0 0 0 0
0 0 0 0 0 0 0 0 0 0 0 0 0 0 0 0 0 0 0 0 0 0 0 0 0 0 0 0 0 0 0 0 0 0 0 0 0 0 0 0 0 0 0 0 0 0 0 0 0 0 0 0 0 0 0 0 0 0 0 0 0

y
0.0 7.363636363636363 0.0 0.0 0.0 0.3636363636363633 0.0 0.0 0.0 0.1785714285714286 0.0 0.0 21.363636363636363 0.0 15.5 0.0 0.8000000000000007 0.0 0.0 0.0 0.0 0.0 0.0 0.33333333333333304 0.0 0.0 0.0 0.0 0.4500000000000002 0.0 0.0 0.0 0.5048543689320388 0.0 0.0 1.0 0.0

k
0 9 2 0 0 8 0 0 0 15 0 0 10 1 5 0 3 0 5 0 0 6 0 3 2 0 0 0 19 8 13 16 81 25 40 50 6

f
7.3500000000000085 26.25 0.0 13.649999999999972 1.0500000000000256 0.0 0.0 0.0 10.500000000000043 0.0 0.0 0.0 1.0500000000000238 0.0 0.0 0.0 0.0 10.500000000000014 0.0 0.0 0.0 0.0 0.0 1.050000000000054 0.0 0.0 1.0500000000000256 0.0 0.0 0.0 0.0 0.0 0.0 0.0 0.0 0.0 0.0 0.0 0.0 0.0 0.0 0.0 0.0 0.0 0.0 0.0 0.0 1.0500000000000078 0.0 0.0 0.0 4.200000000000003 4.200000000000003 0.0 0.0 0.0 0.0 0.0 0.0 0.0 0.0
0.0 0.0 0.0 0.0 0.0 0.0 0.0 0.0 0.0 0.0 0.0 0.0 0.0 0.0 0.0 0.0 0.0 0.0 0.0 0.0 0.0 0.0 0.0 0.0 0.0 0.0 0.0 0.0 0.0 0.0 0.0 0.0 0.0 0.0 0.0 0.0 0.0 0.0 0.0 0.0 0.0 0.0 0.0 0.0 0.0 0.0 0.0 0.0 0.0 0.0 0.0 0.0 0.0 0.0 0.0 0.0 0.0 0.0 0.0 0.0 0.0
0.0 0.0 0.0 0.0 0.0 0.0 0.0 0.0 0.0 0.0 0.0 0.0 0.0 0.0 0.0 0.0 0.0 0.0 0.0 0.0 0.0 0.0 0.0 0.0 0.0 0.0 0.0 0.0 0.0 0.0 0.0 0.0 0.0 0.0 0.0 0.0 0.0 0.0 0.0 0.0 0.0 0.0 0.0 0.0 0.0 0.0 0.0 0.0 0.0 0.0 0.0 0.0 0.0 0.0 0.0 0.0 0.0 0.0 0.0 0.0 0.0
0.0 1.3500000000002306 0.0 7.2000000000000135 0.0 18.89999999999986 0.8999999999999915 0.0 0.4499999999998039 0.0 0.0 1.7999999999999012 3.599999999999865 0.0 5.399999999999883 1.3499999999997847 0.0 0.45000000000000506 6.299999999999896 7.199999999999923 2.2499999999999005 0.44999999999983586 1.7999999999997756 0.0 0.0 0.0 18.899999999999842 0.0 0.899999999999674 0.8999999999997677 0.0 0.0 0.0 0.0 0.0 0.0 0.0 0.0 0.0 0.0 0.0 0.8999999999997783 1.7999999999998444 0.0 4.499999999999842 0.0 0.0 4.94999999999988 0.0 5.399999999999913 2.2499999999999396 0.0 0.0 0.0 0.0 0.0 0.0 0.0 0.0 0.0 0.0

L
2 12 4 2 1 5 2 16 42 2 10 15 26 4 24 0 11 23 2 48 3 0 14 6 10 4 3 51 3 1 1 1 1 1 1 2 0

g
0 0 0 0 0 0 0 0 0 0 0 0 0 0 0 0 0 0 0 0 0 0 0 0 0 0 0 0 0 0 0 0 0 0 0 0 0 0 0 0 0 0 0 0 0 0 0 0 0 0 0 0 0 0 0 0 0 0 0 0 0
0 0 0 0 0 0 0 0 0 0 0 0 0 0 0 0 0 0 0 0 0 0 0 0 0 0 0 0 0 0 0 0 0 0 0 0 0 0 0 0 0 0 0 0 0 0 0 0 0 0 0 0 0 0 0 0 0 0 0 0 0
0 0 0 0 0 0 0 0 0 0 0 0 0 0 0 0 0 0 0 0 0 0 0 0 0 0 0 0 0 0 0 0 0 0 0 0 0 0 0 0 0 0 0 0 0 0 0 0 0 0 0 0 0 0 0 0 0 0 0 0 0
0 0 0 0 0 0 0 0 0 0 0 0 0 0 0 0 0 0 0 0 0 0 0 0 0 0 0 0 0 0 0 0 0 0 0 0 0 0 0 0 0 0 0 0 0 0 0 0 0 0 0 0 0 0 0 0 0 0 0 0 0
0 0 0 0 0 0 0 0 0 0 0 0 0 0 0 0 0 0 0 0 0 0 0 0 0 0 0 0 0 0 0 0 0 0 0 0 0 0 0 0 0 0 0 0 0 0 0 0 0 0 0 0 0 0 0 0 0 0 0 0 0
0 0 0 0 0 0 0 0 0 0 0 0 0 0 0 0 0 0 0 0 0 0 0 0 0 0 0 0 0 0 0 0 0 0 0 0 0 0 0 0 0 0 0 0 0 0 0 0 0 0 0 0 0 0 0 0 0 0 0 0 0
0 0 0 0 0 0 0 0 0 0 0 0 0 0 0 0 0 0 0 0 0 0 0 0 0 0 0 0 0 0 0 0 0 0 0 0 0 0 0 0 0 0 0 0 0 0 0 0 0 0 0 0 0 0 0 0 0 0 0 0 0
0 0 0 0 0 0 0 0 0 0 0 0 0 0 0 0 0 0 0 0 0 0 0 0 0 0 0 0 0 0 0 0 0 0 0 0 0 0 0 0 0 0 0 0 0 0 0 0 0 0 0 0 0 0 0 0 0 0 0 0 0
0 0 0 0 0 0 0 0 0 0 0 0 0 0 0 0 0 0 0 0 0 0 0 0 0 0 0 0 0 0 0 0 0 0 0 0 0 0 0 0 0 0 0 0 0 0 0 0 0 0 0 0 0 0 0 0 0 0 0 0 0
0 0 0 0 0 0 0 0 0 0 0 0 0 0 0 0 0 0 0 0 0 0 0 0 0 0 0 0 0 0 0 0 0 0 0 0 0 0 0 0 0 0 0 0 0 0 0 0 0 0 0 0 0 0 0 0 0 0 0 0 0
0 0 0 0 0 0 0 0 0 0 0 0 0 0 0 0 0 0 0 0 0 0 0 0 0 0 0 0 0 0 0 0 0 0 0 0 0 0 0 0 0 0 0 0 0 0 0 0 0 0 0 0 0 0 0 0 0 0 0 0 0
0 0 0 0 0 0 0 0 0 0 0 0 0 0 0 0 0 0 0 0 0 0 0 0 0 0 0 0 0 0 0 0 0 0 0 0 0 0 0 0 0 0 0 0 0 0 0 0 0 0 0 0 0 0 0 0 0 0 0 0 0
0 0 0 0 0 0 0 0 0 0 0 0 0 0 0 0 0 0 0 0 0 0 0 0 0 0 0 0 0 0 0 0 0 0 0 0 0 0 0 0 0 0 0 0 0 0 0 0 0 0 0 0 0 0 0 0 0 0 0 0 0
0 0 0 0 0 0 0 0 0 0 0 0 0 0 0 0 0 0 0 0 0 0 0 0 0 0 0 0 0 0 0 0 0 0 0 0 0 0 0 0 0 0 0 0 0 0 0 0 0 0 0 0 0 0 0 0 0 0 0 0 0
0 0 0 0 0 0 0 0 0 0 0 0 0 0 0 0 0 0 0 0 0 0 0 0 0 0 0 0 0 0 0 0 0 0 0 0 0 0 0 0 0 0 0 0 0 0 0 0 0 0 0 0 0 0 0 0 0 0 0 0 0
0 0 0 0 0 0 0 0 0 0 0 0 0 0 0 0 0 0 0 0 0 0 0 0 0 0 0 0 0 0 0 0 0 0 0 0 0 0 0 0 0 0 0 0 0 0 0 0 0 0 0 0 0 0 0 0 0 0 0 0 0
0 0 0 0 0 0 0 0 0 0 0 0 0 0 0 0 0 0 0 0 0 0 0 0 0 0 0 0 0 0 0 0 0 0 0 0 0 0 0 0 0 0 0 0 0 0 0 0 0 0 0 0 0 0 0 0 0 0 0 0 0
0 0 0 0 0 0 0 0 0 0 0 0 0 0 0 0 0 0 0 0 0 0 0 0 0 0 0 0 0 0 0 0 0 0 0 0 0 0 0 0 0 0 0 0 0 0 0 0 0 0 0 0 0 0 0 0 0 0 0 0 0
0 0 0 0 0 0 0 0 0 0 0 0 0 0 0 0 0 0 0 0 0 0 0 0 0 0 0 0 0 0 0 0 0 0 0 0 0 0 0 0 0 0 0 0 0 0 0 0 0 0 0 0 0 0 0 0 0 0 0 0 0
0 0 0 0 0 0 0 0 0 0 0 0 0 0 0 0 0 0 0 0 0 0 0 0 0 0 0 0 0 0 0 0 0 0 0 0 0 0 0 0 0 0 0 0 0 0 0 0 0 0 0 0 0 0 0 0 0 0 0 0 0
0 0 0 0 0 0 0 0 0 0 0 0 0 0 0 0 0 0 0 0 0 0 0 0 0 0 0 0 0 0 0 0 0 0 0 0 0 0 0 0 0 0 0 0 0 0 0 0 0 0 0 0 0 0 0 0 0 0 0 0 0
0 0 0 0 0 0 0 0 0 0 0 0 0 0 0 0 0 0 0 0 0 0 0 0 0 0 0 0 0 0 0 0 0 0 0 0 0 0 0 0 0 0 0 0 0 0 0 0 0 0 0 0 0 0 0 0 0 0 0 0 0
0 0 0 0 0 0 0 0 0 0 0 0 0 0 0 0 0 0 0 0 0 0 0 0 0 0 0 0 0 0 0 0 0 0 0 0 0 0 0 0 0 0 0 0 0 0 0 0 0 0 0 0 0 0 0 0 0 0 0 0 0
0 0 0 0 0 0 0 0 0 0 0 0 0 0 0 0 0 0 0 0 0 0 0 0 0 0 0 0 0 0 0 0 0 0 0 0 0 0 0 0 0 0 0 0 0 0 0 0 0 0 0 0 0 0 0 0 0 0 0 0 0
0 0 0 0 0 0 0 0 0 0 0 0 0 0 0 0 0 0 0 0 0 0 0 0 0 0 0 0 0 0 0 0 0 0 0 0 0 0 0 0 0 0 0 0 0 0 0 0 0 0 0 0 0 0 0 0 0 0 0 0 0
0 0 0 0 0 0 0 0 0 0 0 0 0 0 0 0 0 0 0 0 0 0 0 0 0 0 0 0 0 0 0 0 0 0 0 0 0 0 0 0 0 0 0 0 0 0 0 0 0 0 0 0 0 0 0 0 0 0 0 0 0
0 0 0 0 0 0 0 0 0 0 0 0 0 0 0 0 0 0 0 0 0 0 0 0 0 0 0 0 0 0 0 0 0 0 0 0 0 0 0 0 0 0 0 0 0 0 0 0 0 0 0 0 0 0 0 0 0 0 0 0 0
0 0 0 0 0 0 0 0 0 0 0 0 0 0 0 0 0 0 0 0 0 0 0 0 0 0 0 0 0 0 0 0 0 0 0 0 0 0 0 0 0 0 0 0 0 0 0 0 0 0 0 0 0 0 0 0 0 0 0 0 0
0 0 0 0 0 0 0 0 0 0 0 0 0 0 0 0 0 0 0 0 0 0 0 0 0 0 0 0 0 0 0 0 0 0 0 0 0 0 0 0 0 0 0 0 0 0 0 0 0 0 0 0 0 0 0 0 0 0 0 0 0
0 0 0 0 0 0 0 0 0 0 0 0 0 0 0 0 0 0 0 0 0 0 0 0 0 0 0 0 0 0 0 0 0 0 0 0 0 0 0 0 0 0 0 0 0 0 0 0 0 0 0 0 0 0 0 0 0 0 0 0 0
0 0 0 0 0 0 0 0 0 0 0 0 0 0 0 0 0 0 0 0 0 0 0 0 0 0 0 0 0 0 0 0 0 0 0 0 0 0 0 0 0 0 0 0 0 0 0 0 0 0 0 0 0 0 0 0 0 0 0 0 0
0 0 0 0 0 0 0 0 0 0 0 0 0 0 0 0 0 0 0 0 0 0 0 0 0 0 0 0 0 0 0 0 0 0 0 0 0 0 0 0 0 0 0 0 0 0 0 0 0 0 0 0 0 0 0 0 0 0 0 0 0
0 0 0 0 0 0 0 0 0 0 0 0 0 0 0 0 0 0 0 0 0 0 0 0 0 0 0 0 0 0 0 0 0 0 0 0 0 0 0 0 0 0 0 0 0 0 0 0 0 0 0 0 0 0 0 0 0 0 0 0 0
0 0 0 0 0 0 0 0 0 0 0 0 0 0 0 0 0 0 0 0 0 0 0 0 0 0 0 0 0 0 0 0 0 0 0 0 0 0 0 0 0 0 0 0 0 0 0 0 0 0 0 0 0 0 0 0 0 0 0 0 0
0 0 0 0 0 0 0 0 0 0 0 0 0 0 0 0 0 0 0 0 0 0 0 0 0 0 0 0 0 0 0 0 0 0 0 0 0 0 0 0 0 0 0 0 0 0 0 0 0 0 0 0 0 0 0 0 0 0 0 0 0
0 0 0 0 0 0 0 0 0 0 0 0 0 0 0 0 0 0 0 0 0 0 0 0 0 0 0 0 0 0 0 0 0 0 0 0 0 0 0 0 0 0 0 0 0 0 0 0 0 0 0 0 0 0 0 0 0 0 0 0 0
0 0 0 0 0 0 0 0 0 0 0 0 0 0 0 0 0 0 0 0 0 0 0 0 0 0 0 0 0 0 0 0 0 0 0 0 0 0 0 0 0 0 0 0 0 0 0 0 0 0 0 0 0 0 0 0 0 0 0 0 0

I cap
1058.909090909091 1058.909090909091 1001.5090909090964 957.409090909102 922.8000000000116 756.6200000000028 861.0200000000001 882.4399999999989 379.8200000000073 786.9000000000108 381.98000000000087 462.7600000000054 426.76000000000266 301.3400000000033 511.38000000000324 308.68909090909614 408.60909090909513 404.6890909091012 169.0490909090954 342.04909090908154 422.90909090909446 447.0890909091008 372.14909090909964 596.7490909090856 491.64909090909276 733.2490909091051 163.5490909090986 428.9890909090963 358.82909090909425 585.6890909090951 141.20909090910072 499.84909090908894 501.4290909090849 679.909090909101 400.0400000000004 431.86000000000024 546.5800000000027 668.1400000000076 608.780000000003 401.2000000000002 421.4400000000034 361.9800000000007 541.2400000000109 615.0200000000052 537.5000000000045 697.2000000000021 775.1000000000126 749.2999999999965 695.5399999999954 830.3400000000318 584.2800000000141 597.9799999999977 688.1800000000203 805.06000000003 1012.5000000000161 1067.8999999999965 747.4090909090871 866.3490909091013 941.349090909091 1058.909090909091 1058.909090909091
107.96969696969697 107.96969696969697 70.96969696969697 70.06969696969696 23.99999999999983 8.38000000000001 25.980000000000125 21.560000000000088 48.180000000000035 111.10000000000011 55.01999999999998 64.24000000000001 52.23999999999995 34.66000000000008 87.62000000000002 23.18969696969719 15.269696969697044 27.189696969697017 36.82969696969711 39.82969696969701 44.969696969697125 12.789696969696928 10.729696969696871 8.129696969697235 9.229696969696924 19.62969696969703 1.3296969696968333 7.8896969696968675 42.049696969696996 59.1896969696969 24.66969696969697 61.02969696969676 53.449696969696994 63.969696969696926 40.96000000000042 28.140000000000146 25.420000000000062 20.860000000000056 30.22000000000014 19.799999999999983 3.559999999999753 11.019999999999953 18.759999999999934 92.97999999999992 64.50000000000004 60.79999999999984 54.89999999999992 19.700000000000067 8.460000000000194 47.66000000000001 35.32000000000012 59.61999999999988 38.6199999999999 39.94000000000017 50.49999999999986 4.100000000000123 35.46969696969691 40.52969696969694 69.52969696969697 107.96969696969697 107.96969696969697
38.96666666666666 38.96666666666666 14.033333333333328 14.033333333333328 13.299999999999997 14.658333333333335 6.958333333333332 4.158333333333335 5.558333333333341 24.53333333333334 9.133333333333333 7.733333333333336 2.833333333333334 14.733333333333341 9.833333333333336 10.300000000000004 31.96666666666666 10.299999999999997 17.299999999999997 10.299999999999997 31.96666666666666 10.299999999999997 17.299999999999997 10.300000000000004 17.300000000000004 10.300000000000004 17.300000000000004 17.300000000000004 4.6250000000000036 4.6250000000000036 4.6250000000000036 4.6250000000000036 17.300000000000004 24.96666666666667 16.8 11.899999999999999 3.533333333333333 8.433333333333335 5.633333333333331 23.799999999999997 23.799999999999997 32.900000000000006 32.90000000000003 39.20000000000004 29.400000000000006 19.633333333333333 16.83333333333335 29.433333333333344 16.133333333333333 24.53333333333334 2.4000000000000163 4.3916666666666835 16.6916666666667 22.325000000000014 31.425000000000008 45.5 38.96666666666667 38.96666666666666 38.96666666666666 38.96666666666666 38.96666666666666
45.24545454545453 45.24545454545453 43.77545454545453 43.77545454545453 32.16000000000015 32.480000000000075 26.180000000000437 31.420000000000567 29.8900000000002 34.490000000000165 23.080000000000116 15.650000000000011 10.050000000000097 11.670000000000101 16.040000000000106 24.925454545454702 20.805454545454747 24.925454545454745 23.1754545454548 24.655454545454763 23.805454545454786 31.855454545454823 31.295454545455016 26.13545454545512 21.165454545454978 26.865454545454877 23.125454545454797 22.745454545454876 26.29545454545481 28.745454545454823 18.545454545454735 25.875454545454772 22.255454545454867 24.705454545454863 22.25000000000026 21.100000000000126 17.070000000000093 20.75000000000012 23.86000000000027 35.60000000000007 22.160000000000558 27.590000000000583 30.970000000000134 29.660000000000306 26.700000000000227 31.060000000000315 27.38000000000019 23.190000000000257 22.650000000000315 31.430000000000323 27.720000000000123 38.51000000000007 45.75000000000002 43.09000000000006 31.760000000000208 38.040000000000084 41.10545454545452 41.945454545454524 43.28545454545453 45.24545454545453 45.24545454545453
20.999999999999993 20.999999999999993 20.369999999999994 20.369999999999994 13.23 19.939999999999998 17.209999999999944 18.51999999999996 14.739999999999936 19.66999999999997 16.259999999999998 12.919999999999995 6.370000000000006 11.039999999999981 7.779999999999982 9.929999999999973 6.760000000000042 9.929999999999984 9.909999999999986 10.499999999999936 9.819999999999936 10.949999999999902 11.409999999999915 12.679999999999984 4.149999999999976 7.069999999999943 5.249999999999988 8.059999999999953 6.33999999999997 5.959999999999953 3.5899999999999794 9.61 6.8400000000000265 6.459999999999958 7.119999999999983 12.899999999999979 8.029999999999948 9.329999999999934 6.649999999999954 4.1800000000000015 0.819999999999994 8.630000000000017 5.739999999999974 9.680000000000014 6.290000000000022 8.819999999999986 7.429999999999996 10.160000000000025 12.919999999999987 12.099999999999975 7.870000000000012 12.169999999999979 12.23999999999997 13.790000000000015 12.479999999999924 11.989999999999892 13.39999999999998 16.679999999999996 20.21999999999999 20.999999999999993 20.999999999999993
345.75757575757575 345.75757575757575 345.75757575757575 305.75757575757575 209.0 216.95882352941172 255.40058823529404 244.53058823529426 269.8299999999999 254.85882352941195 187.52941176470628 148.51999999999978 184.88000000000036 155.6100000000002 195.46117647058813 203.49698752227997 230.16698752228183 251.95875222816372 224.91698752228228 251.60698752228257 226.20757575757725 263.88875222816347 240.19698752228248 262.20816399287037 211.50698752228152 211.1569875222818 192.92757575757503 209.37757575757604 190.1175757575764 250.0887522281647 204.34698752228164 248.65816399286996 200.43698752228215 231.46698752228167 106.46999999999997 161.0399999999999 173.0300000000004 221.00000000000037 234.49000000000044 231.51999999999992 210.25000000000037 282.7900000000012 227.32000000000082 189.78000000000043 284.2011764705892 250.1905882352932 237.37882352941182 271.050588235295 225.29941176470615 293.4105882352965 273.0494117647072 284.97941176470795 253.28000000000156 339.74117647058966 340.2194117647075 352.1605882352941 312.91816399286995 341.76757575757574 341.76757575757574 345.75757575757575 345.75757575757575
779.7575757575758 779.7575757575758 762.7475757575758 728.3475757575758 580.3999999999979 669.1 765.4399999999999 710.5600000000001 741.4599999999998 839.35 645.0499999999997 616.079999999999 571.7100000000003 598.569999999999 695.2499999999998 650.9275757575746 631.5075757575764 597.7375757575762 604.1275757575751 565.8175757575747 570.2275757575761 652.917575757575 560.5875757575757 566.3975757575759 492.16757575757657 569.7075757575753 586.2775757575758 556.0375757575753 475.607575757576 573.6675757575749 569.1375757575751 680.1075757575774 637.9275757575765 583.3875757575755 483.5000000000015 622.2700000000006 587.6600000000001 636.71 515.4199999999988 418.30999999999915 506.85999999999876 533.4099999999987 447.9100000000003 486.3699999999991 575.2499999999984 641.0299999999962 570.2199999999991 580.059999999999 498.289999999998 531.6300000000005 556.6899999999995 518.77 535.0999999999992 573.4199999999987 560.3999999999994 534.3600000000022 708.5175757575763 728.3975757575757 749.4575757575758 779.7575757575758 779.7575757575758
80.73333333333335 80.73333333333335 79.89333333333335 79.89333333333335 65.25000000000001 84.80000000000001 77.58999999999999 83.21999999999998 80.54999999999998 90.16 73.52666666666667 78.66999999999999 84.85000000000001 85.52999999999997 82.57333333333334 70.49999999999999 68.98666666666657 70.49999999999994 67.14333333333325 71.74666666666667 70.77 73.04666666666667 76.76333333333335 73.77000000000002 69.57666666666667 73.21333333333337 71.89333333333327 67.78000000000002 66.03333333333333 69.55666666666666 70.53333333333326 72.50999999999995 71.2966666666666 70.62 35.97 59.979999999999706 65.5099999999997 65.45999999999978 63.449999999999505 65.57000000000002 64.24999999999983 70.19333333333331 73.9 77.68666666666667 75.20000000000002 85.67333333333332 81.92 75.52000000000001 72.36999999999955 67.14666666666623 57.5599999999997 56.419999999999284 54.849999999999746 60.02333333333311 64.1899999999996 55.14666666666651 72.99666666666668 77.10333333333335 79.34333333333335 80.73333333333335 80.73333333333335
10.775757575757575 10.775757575757575 9.725757575757575 4.125757575757573 0.05000000000000071 3.4999999999999964 1.270000000000003 2.120000000000009 0.26999999999999336 0.6700000000000017 4.909999999999996 0.7399999999999989 2.3899999999999952 0.26000000000000245 0.5799999999999983 1.1857575757575773 7.975757575757578 7.5757575757575735 5.575757575757571 4.925757575757585 1.7257575757575905 4.225757575757585 4.925757575757577 1.725757575757587 2.795757575757574 0.15575757575757976 1.9857575757575736 2.775757575757577 3.175757575757578 10.775757575757577 4.745757575757574 2.345757575757575 1.2457575757575716 7.145757575757577 4.770000000000006 1.190000000000003 1.5000000000000038 2.550000000000013 2.190000000000003 1.7000000000000126 0.5399999999999956 0.639999999999997 2.1499999999999924 1.399999999999995 14.699999999999996 7.899999999999993 0.7000000000000046 9.770000000000003 0.27999999999999403 0.7099999999999929 2.6400000000000023 9.74999999999999 7.189999999999994 2.7400000000000357 5.350000000000013 6.650000000000011 6.925757575757577 9.725757575757573 9.825757575757578 10.775757575757575 10.775757575757575
2.545454545454545 2.545454545454545 2.545454545454545 2.545454545454545 1.8099999999999998 0.6799999999999999 2.080000000000015 1.2000000000000006 1.3600000000000025 1.2600000000000007 0.19000000000001882 0.019999999999999907 0.04999999999999993 0.12000000000000077 0.8400000000000002 0.44545454545454655 1.0754545454545505 0.44545454545455276 0.445454545454547 1.0754545454545497 1.075454545454554 0.8054545454545491 0.41545454545454896 1.435454545454552 1.9154545454545482 0.9254545454545482 0.3554545454545466 0.3554545454545488 0.44545454545455054 0.4454545454545479 0.4454545454545523 0.4454545454545541 1.0754545454545505 1.0754545454545488 0.17000000000000348 0.17000000000000615 0.8000000000000185 0.10000000000000053 1.540000000000007 0.019999999999999907 0.6700000000000028 0.030000000000000804 0.6100000000000118 0.1399999999999999 6.661338147750939e-16 1.330000000000001 0.6300000000000007 1.620000000000013 0.6700000000000029 0.16000000000001113 1.5000000000000133 0.5800000000000057 0.9400000000000034 2.2200000000000077 1.330000000000001 0.34000000000000197 0.355454545454548 1.1954545454545653 1.915454545454545 2.545454545454545 2.545454545454545
8.515433299825174 8.515433299825174 8.515433299825174 8.515433299825172 6.912467126436781 6.48876273139743 5.4031907183908015 7.286720774349578 9.127468793103358 7.711122300362886 7.603683735632049 6.165893103448184 4.949831724137855 3.710705689655168 5.3574352586206855 3.948909367816091 4.722428735632178 3.5222346551724026 3.8431188505746907 3.8766643390804445 3.7530325391849657 5.570757958257681 5.8358915819721195 5.242934597701144 4.7105541379310285 4.310199080459778 3.5824548275862127 6.063237758620598 5.827215716878323 6.478489800362957 7.42700885057462 7.551384597701071 4.604764195402292 5.301777902298859 8.4395129885056 10.407708793103446 4.4895436206896555 5.635205344827574 4.976548793103448 4.145946379310337 4.436511896551714 4.970568103448271 4.481147931034461 5.106379999999982 5.6913917241379055 5.663360402298824 3.9293458620689723 4.090699942528712 4.099086954022988 4.9980968390804605 6.295535747126411 5.605496521476096 5.871994482758599 6.728233765880177 7.801626091953967 5.368356693889894 6.9349733572964265 7.9981917481010285 8.515433299825174 8.515433299825174 8.515433299825174
700.0 700.0 699.0 696.0 684.0 684.0 674.0 680.0 681.0 675.0 677.0 676.0 683.0 680.0 678.0 677.0 681.0 679.0 677.0 676.0 679.0 680.0 677.0 675.0 678.0 679.0 677.0 680.0 684.0 682.0 674.0 680.0 678.0 688.0 686.0 682.0 684.0 686.0 687.0 683.0 681.0 681.0 689.0 687.0 685.0 681.0 680.0 682.0 680.0 681.0 681.0 680.0 678.0 683.0 681.0 679.0 690.0 693.0 700.0 697.0 699.0

H cap
-7.3500000000000085 -26.25 11.549999999999985 -13.649999999999972 -1.0500000000000256 33.59999999999998 65.09999999999998 8.399999999999977 -10.500000000000043 8.399999999999963 65.09999999999995 8.399999999999906 -1.0500000000000238 8.39999999999995 2.0999999999999517 11.54999999999994 5.25 -10.500000000000014 11.549999999999956 74.54999999999998 46.199999999999974 46.199999999999946 11.549999999999942 -1.050000000000054 5.249999999999988 5.250000000000002 -1.0500000000000256 30.450000000000017 8.399999999999991 8.399999999999991 80.84999999999998 65.1 55.64999999999999 71.4 83.99999999999994 24.14999999999999 17.849999999999966 8.399999999999984 14.699999999999989 93.44999999999997 55.64999999999999 36.749999999999986 27.29999999999997 36.749999999999986 46.19999999999999 55.64999999999998 49.349999999999994 -1.0500000000000078 14.699999999999987 8.399999999999977 65.1 -4.200000000000003 -4.200000000000003 131.25 131.25 131.25 131.25 131.25 131.25 131.25 131.25
38.99999999999999 34.95000000000008 39.000000000000085 34.05000000000007 34.05000000000015 38.55000000000016 26.850000000000193 5.700000000000077 0.30000000000014904 4.350000000000062 11.550000000000129 8.400000000000123 15.600000000000207 14.250000000000217 7.050000000000068 14.700000000000113 16.05000000000015 13.800000000000132 26.850000000000094 25.050000000000164 11.100000000000179 12.900000000000162 12.450000000000198 13.350000000000207 10.650000000000173 17.850000000000147 20.550000000000136 17.850000000000122 20.550000000000136 20.550000000000118 21.000000000000107 12.000000000000135 10.20000000000012 19.20000000000017 16.950000000000127 4.35000000000011 3.9000000000000874 15.600000000000108 18.75000000000007 21.45000000000006 19.20000000000003 22.800000000000036 28.65000000000009 19.650000000000166 25.500000000000153 21.9000000000001 15.15000000000014 22.350000000000215 21.000000000000103 29.100000000000165 32.700000000000124 12.900000000000166 25.500000000000103 52.5 52.5 52.5 52.5 52.5 52.5 52.5 52.5
50.400000000000006 44.10000000000001 37.80000000000001 37.80000000000001 44.10000000000001 50.400000000000006 50.400000000000006 37.80000000000001 37.80000000000001 37.80000000000001 44.10000000000001 37.80000000000001 34.65000000000001 40.95000000000001 37.80000000000001 37.80000000000001 44.10000000000001 40.95000000000001 40.95000000000001 47.25000000000001 40.95000000000001 40.95000000000001 40.95000000000001 47.25000000000001 50.400000000000006 44.10000000000001 40.95000000000001 44.10000000000001 47.25000000000001 47.25000000000001 53.550000000000004 50.400000000000006 53.550000000000004 56.7 50.400000000000006 47.25000000000001 47.25000000000001 53.550000000000004 50.400000000000006 53.550000000000004 53.550000000000004 47.25000000000001 44.10000000000001 40.95000000000001 44.10000000000001 50.400000000000006 53.550000000000004 44.10000000000001 40.95000000000001 47.25000000000001 56.7 56.7 56.7 63.0 63.0 63.0 63.0 63.0 63.0 63.0 63.0
5.399999999999837 -1.3500000000002306 0.9000000000000874 -7.2000000000000135 19.350000000000144 -18.89999999999986 -0.8999999999999915 15.300000000000084 -0.4499999999998039 0.900000000000091 13.050000000000093 -1.7999999999999012 -3.599999999999865 3.15000000000011 -5.399999999999883 -1.3499999999997847 4.75175454539567e-14 -0.45000000000000506 -6.299999999999896 -7.199999999999923 -2.2499999999999005 -0.44999999999983586 -1.7999999999997756 1.5898393712632242e-13 1.3500000000002146 0.9000000000002139 -18.899999999999842 2.700000000000274 -0.899999999999674 -0.8999999999997677 25.650000000000144 8.659739592076221e-14 6.750000000000163 18.450000000000138 27.45000000000008 8.100000000000117 2.2500000000002074 7.200000000000204 1.5054624213917123e-13 2.7000000000001516 0.4500000000002302 -0.8999999999997783 -1.7999999999998444 2.250000000000167 -4.499999999999842 1.350000000000136 6.750000000000037 -4.94999999999988 8.550000000000113 -5.399999999999913 -2.2499999999999396 6.750000000000144 28.79999999999994 78.75 78.75 78.75 78.75 78.75 78.75 78.75 78.75

Gap
NaN

Time
NaN

