prob destroy
0.4320630764134805 0.5679369235865195

prob repair
0.6110026445611326 0.3889973554388674

destroys
2 1 2 1 1 2 1 2 2 1 2 1 2 2 2 1 1 1 1 2 2 2 2 2 2 2 1 1 2 2 2 2 2 2 2 2 1 2 2 2 2 2 2 2 2 1 1 2 2 2 2 1 2 2 2 2 2 2 2 1 2 2 2 2 2 1 2 2 2 1 2 2 2 1 2 2 2 2 1 2 2 2 1 1 2 1 1 2 2 2 2 1 2 1 2 1 1 2 2 2 2 1 2 1 2 2 2 2 2 2 2 2 2 2 2 1 2 2 2 2 1 1 1 1 1 1 1 1 2 1 2 1 1 1 1 1 2 2 1 2 1 1 1 1 2 2 2 1 1 2 2 2 1 1 1 2 2 1 2 1 2 1 1 1 1 2 1 1 1 1 2 1 1 2 1 2 1 1 1 1 1 1 1 2 1 1 1 1 1 2 1 2 1 1 1 2 2 2 2 2 2 1 2 2 2 1 1 2 1 1 2 2 1 1 2 2 2 1 1 1

repairs
1 1 1 2 1 1 2 1 2 1 2 2 1 1 1 1 2 1 1 1 1 1 1 1 2 2 1 2 1 1 2 2 1 2 1 1 1 1 1 2 1 1 2 2 1 1 2 1 2 1 1 1 2 1 2 2 1 1 1 1 1 1 1 2 1 1 1 1 2 1 2 1 2 2 1 2 1 2 2 1 2 2 2 2 1 1 2 1 1 2 1 1 1 1 1 1 1 2 1 2 1 1 2 1 2 2 2 2 1 1 2 1 1 2 1 1 1 2 1 2 1 1 1 2 1 1 2 1 2 1 1 2 2 2 1 1 1 1 1 2 1 1 1 1 1 2 2 1 1 1 1 1 2 2 1 2 2 2 2 2 2 1 2 1 2 1 1 1 1 1 1 1 2 2 1 2 2 2 1 1 1 1 1 2 1 1 1 1 1 1 2 2 1 1 1 1 1 2 1 1 1 1 2 1 2 1 1 2 2 1 2 1 1 2 1 1 1 2 1 2

current objective
19.628167690152985 17.645775339856222 15.812209367289237 1515.7752936072548 15.830097753412918 15.421398658390292 15.322429355634224 15.226838035189965 14.652545279264348 14.685727783035087 764.3921264701322 14.21328857585957 13.764332615491341 13.682978920167056 13.64918272861351 2263.5834134978445 13.419539871470654 13.460891226336209 13.474722982815022 13.452335419398048 13.434448918643898 13.380423654692168 13.350396514827297 13.373184976365758 13.281417442429106 1513.3907851580468 13.386417442429106 763.3615135962751 13.295849946199846 13.313736446953992 763.2402191512003 13.224405983637729 13.277196330545724 13.1340496487961 13.110214352077943 12.948793405715312 13.124854413672871 12.882921165210718 13.006695444514916 12.989964675284147 12.9296479332027 12.799045755630441 12.81205155476707 12.856474631690148 12.553882248583058 12.711018372263299 12.699221615098896 12.546555702580044 762.349006682972 12.58087108294005 12.544725463853254 12.557994694622483 12.489648163702423 12.48725374439624 12.540044091304233 12.67647365649901 12.702509634550708 12.53330965349728 12.537928808851728 12.609082655005574 12.658888917032934 12.670327909075372 12.68358868818808 762.6691656112652 12.50906260152964 12.489892282328894 12.385001574659281 12.32299742684631 12.277691996982057 12.373201046755813 1512.2557043624054 12.263148941997827 12.277572018920903 12.331986354585238 12.187849853831091 12.303140200739083 12.201212897987745 12.19100784779791 12.2608155401056 12.24419155134926 12.159475042368044 762.662802719593 12.217843742633296 12.259959127248681 12.257074511864065 12.438494195121983 12.450927125612724 12.436809478553899 12.480533768969368 12.44159146127706 12.529283768969366 12.699279606465206 12.70043345261905 12.633435989298057 12.416866558053169 12.385778185641268 12.356932031795115 762.672968299449 12.385776300271736 762.4815530725192 12.300333238431616 12.931339854364701 12.695388942531437 12.530748533920441 12.465630441228818 1512.3838006575909 12.938418549840963 12.443560407645094 12.279344721370583 12.286556259832121 12.323462368429405 12.314934156445313 12.28511960824841 12.287530085701993 12.291843811192189 12.29445082216634 12.226847126842058 11.996557132860378 11.94787426147213 1511.706179769352 12.097619736585253 12.289155402575785 12.15926377881753 12.1484945480483 12.22709063333556 12.345469215537673 12.26728814204727 12.368926073081752 1512.4568295421614 12.51858156464901 12.618105765937917 12.584425010418926 12.445596339090253 12.433200034414536 12.53039083381122 12.490529896067418 12.319548304129947 12.269052907032115 12.429536991912752 762.2159891815418 12.253475983955193 12.250205843007567 12.22475763925054 12.131455488392609 12.193648628248019 12.092994405020265 12.050111675005184 12.155182343856278 12.083392673080809 12.14816974438678 12.161626081828922 12.129882115011426 12.277096969122832 12.218447348797246 12.174961814723478 2262.0785148261143 12.151019507031169 11.923101475096912 761.9020456681587 11.953777867669857 761.9687665554527 12.050511952550494 12.1207094612622 12.02703407815984 11.902645623477266 11.88254072837237 11.915033742457677 11.929709811824416 11.85341410786644 11.877641106358144 11.828441247731307 11.9540214864581 11.997159361936239 762.0555096635953 12.211932207413952 12.151756412958239 12.298971267069646 12.493777074007802 12.373914705983672 12.552466742182766 12.264233333434653 12.451179034792116 12.446009351534197 762.5012657617906 12.165506347945495 12.165506347945495 12.1130751964398 12.39226591782119 12.22039911829212 12.133459073043252 12.330150249513842 12.322938711052302 12.44921133548669 12.25147520920594 12.327078527456317 12.18945597843671 12.247054017652395 12.00296761386011 12.076817083356131 11.984208187012447 11.91209280239706 11.94776542423094 1512.0798680663488 11.918252594261723 12.162796565334595 11.922057890554342 11.965327121323574 11.888685650049748 11.952456742040923 12.438695076897408 761.9794190587978 11.939552920034663 11.992596592048924 12.027249743157451 11.967555173021704 11.989362042622693 11.959667472486945 12.050971693114189 11.982254258587929 12.026868673922426

curent best objective
19.628167690152985 17.645775339856222 15.812209367289237 15.812209367289237 15.812209367289237 15.421398658390292 15.322429355634224 15.226838035189965 14.652545279264348 14.652545279264348 14.652545279264348 14.21328857585957 13.764332615491341 13.682978920167056 13.64918272861351 13.64918272861351 13.419539871470654 13.419539871470654 13.419539871470654 13.419539871470654 13.419539871470654 13.380423654692168 13.350396514827297 13.350396514827297 13.281417442429106 13.281417442429106 13.281417442429106 13.281417442429106 13.281417442429106 13.281417442429106 13.281417442429106 13.224405983637729 13.224405983637729 13.1340496487961 13.110214352077943 12.948793405715312 12.948793405715312 12.882921165210718 12.882921165210718 12.882921165210718 12.882921165210718 12.799045755630441 12.799045755630441 12.799045755630441 12.553882248583058 12.553882248583058 12.553882248583058 12.546555702580044 12.546555702580044 12.546555702580044 12.544725463853254 12.544725463853254 12.489648163702423 12.48725374439624 12.48725374439624 12.48725374439624 12.48725374439624 12.48725374439624 12.48725374439624 12.48725374439624 12.48725374439624 12.48725374439624 12.48725374439624 12.48725374439624 12.48725374439624 12.48725374439624 12.385001574659281 12.32299742684631 12.277691996982057 12.277691996982057 12.277691996982057 12.263148941997827 12.263148941997827 12.263148941997827 12.187849853831091 12.187849853831091 12.187849853831091 12.187849853831091 12.187849853831091 12.187849853831091 12.159475042368044 12.159475042368044 12.159475042368044 12.159475042368044 12.159475042368044 12.159475042368044 12.159475042368044 12.159475042368044 12.159475042368044 12.159475042368044 12.159475042368044 12.159475042368044 12.159475042368044 12.159475042368044 12.159475042368044 12.159475042368044 12.159475042368044 12.159475042368044 12.159475042368044 12.159475042368044 12.159475042368044 12.159475042368044 12.159475042368044 12.159475042368044 12.159475042368044 12.159475042368044 12.159475042368044 12.159475042368044 12.159475042368044 12.159475042368044 12.159475042368044 12.159475042368044 12.159475042368044 12.159475042368044 12.159475042368044 12.159475042368044 12.159475042368044 11.996557132860378 11.94787426147213 11.94787426147213 11.94787426147213 11.94787426147213 11.94787426147213 11.94787426147213 11.94787426147213 11.94787426147213 11.94787426147213 11.94787426147213 11.94787426147213 11.94787426147213 11.94787426147213 11.94787426147213 11.94787426147213 11.94787426147213 11.94787426147213 11.94787426147213 11.94787426147213 11.94787426147213 11.94787426147213 11.94787426147213 11.94787426147213 11.94787426147213 11.94787426147213 11.94787426147213 11.94787426147213 11.94787426147213 11.94787426147213 11.94787426147213 11.94787426147213 11.94787426147213 11.94787426147213 11.94787426147213 11.94787426147213 11.94787426147213 11.94787426147213 11.94787426147213 11.94787426147213 11.923101475096912 11.923101475096912 11.923101475096912 11.923101475096912 11.923101475096912 11.923101475096912 11.923101475096912 11.902645623477266 11.88254072837237 11.88254072837237 11.88254072837237 11.85341410786644 11.85341410786644 11.828441247731307 11.828441247731307 11.828441247731307 11.828441247731307 11.828441247731307 11.828441247731307 11.828441247731307 11.828441247731307 11.828441247731307 11.828441247731307 11.828441247731307 11.828441247731307 11.828441247731307 11.828441247731307 11.828441247731307 11.828441247731307 11.828441247731307 11.828441247731307 11.828441247731307 11.828441247731307 11.828441247731307 11.828441247731307 11.828441247731307 11.828441247731307 11.828441247731307 11.828441247731307 11.828441247731307 11.828441247731307 11.828441247731307 11.828441247731307 11.828441247731307 11.828441247731307 11.828441247731307 11.828441247731307 11.828441247731307 11.828441247731307 11.828441247731307 11.828441247731307 11.828441247731307 11.828441247731307 11.828441247731307 11.828441247731307 11.828441247731307 11.828441247731307 11.828441247731307 11.828441247731307 11.828441247731307 11.828441247731307 11.828441247731307 11.828441247731307

status
10 10 10 0 2 10 10 10 10 0 0 10 10 10 10 0 10 2 0 5 5 10 10 2 10 0 0 0 2 2 0 10 2 10 10 10 0 10 2 5 5 10 2 2 10 2 5 10 0 0 10 0 10 10 2 2 2 5 2 2 2 2 2 0 5 5 10 10 10 0 0 10 2 0 10 0 2 5 0 0 10 0 0 2 5 2 2 5 0 2 2 2 2 5 5 5 5 0 2 0 5 2 5 5 5 0 2 5 5 2 2 5 5 2 2 2 5 10 10 0 2 0 2 5 2 0 2 2 0 2 2 5 5 5 0 2 5 5 0 0 5 5 5 5 2 5 5 2 5 2 2 5 0 2 5 0 5 10 0 2 0 2 2 5 10 10 2 2 10 2 10 2 2 0 2 5 2 0 2 0 5 2 5 0 5 0 5 0 2 5 2 5 0 5 0 5 2 5 0 5 5 2 0 5 0 2 2 5 0 0 0 2 2 2 5 2 5 2 5 2

num destroy
95 125

num repair
139 81

prob destroy iter
0.5 0.5 0.5 0.5 0.5 0.5 0.5 0.5 0.5 0.3953488372093023 0.3953488372093023 0.3953488372093023 0.3953488372093023 0.3953488372093023 0.3953488372093023 0.3953488372093023 0.3953488372093023 0.3953488372093023 0.3953488372093023 0.36793893129770994 0.36793893129770994 0.36793893129770994 0.36793893129770994 0.36793893129770994 0.36793893129770994 0.36793893129770994 0.36793893129770994 0.36793893129770994 0.36793893129770994 0.29001203369434414 0.29001203369434414 0.29001203369434414 0.29001203369434414 0.29001203369434414 0.29001203369434414 0.29001203369434414 0.29001203369434414 0.29001203369434414 0.29001203369434414 0.2197939537240331 0.2197939537240331 0.2197939537240331 0.2197939537240331 0.2197939537240331 0.2197939537240331 0.2197939537240331 0.2197939537240331 0.2197939537240331 0.2197939537240331 0.2736190103387138 0.2736190103387138 0.2736190103387138 0.2736190103387138 0.2736190103387138 0.2736190103387138 0.2736190103387138 0.2736190103387138 0.2736190103387138 0.2736190103387138 0.22330636320927078 0.22330636320927078 0.22330636320927078 0.22330636320927078 0.22330636320927078 0.22330636320927078 0.22330636320927078 0.22330636320927078 0.22330636320927078 0.22330636320927078 0.2792950572664653 0.2792950572664653 0.2792950572664653 0.2792950572664653 0.2792950572664653 0.2792950572664653 0.2792950572664653 0.2792950572664653 0.2792950572664653 0.2792950572664653 0.23342877925137429 0.23342877925137429 0.23342877925137429 0.23342877925137429 0.23342877925137429 0.23342877925137429 0.23342877925137429 0.23342877925137429 0.23342877925137429 0.23342877925137429 0.2490793907208984 0.2490793907208984 0.2490793907208984 0.2490793907208984 0.2490793907208984 0.2490793907208984 0.2490793907208984 0.2490793907208984 0.2490793907208984 0.2490793907208984 0.3585107983496249 0.3585107983496249 0.3585107983496249 0.3585107983496249 0.3585107983496249 0.3585107983496249 0.3585107983496249 0.3585107983496249 0.3585107983496249 0.3585107983496249 0.399839339517578 0.399839339517578 0.399839339517578 0.399839339517578 0.399839339517578 0.399839339517578 0.399839339517578 0.399839339517578 0.399839339517578 0.399839339517578 0.37206560628486557 0.37206560628486557 0.37206560628486557 0.37206560628486557 0.37206560628486557 0.37206560628486557 0.37206560628486557 0.37206560628486557 0.37206560628486557 0.37206560628486557 0.4280022808164759 0.4280022808164759 0.4280022808164759 0.4280022808164759 0.4280022808164759 0.4280022808164759 0.4280022808164759 0.4280022808164759 0.4280022808164759 0.4280022808164759 0.4209160682106168 0.4209160682106168 0.4209160682106168 0.4209160682106168 0.4209160682106168 0.4209160682106168 0.4209160682106168 0.4209160682106168 0.4209160682106168 0.4209160682106168 0.4760178350495942 0.4760178350495942 0.4760178350495942 0.4760178350495942 0.4760178350495942 0.4760178350495942 0.4760178350495942 0.4760178350495942 0.4760178350495942 0.4760178350495942 0.52090904788787 0.52090904788787 0.52090904788787 0.52090904788787 0.52090904788787 0.52090904788787 0.52090904788787 0.52090904788787 0.52090904788787 0.52090904788787 0.5027628838914914 0.5027628838914914 0.5027628838914914 0.5027628838914914 0.5027628838914914 0.5027628838914914 0.5027628838914914 0.5027628838914914 0.5027628838914914 0.5027628838914914 0.442853569038277 0.442853569038277 0.442853569038277 0.442853569038277 0.442853569038277 0.442853569038277 0.442853569038277 0.442853569038277 0.442853569038277 0.442853569038277 0.5061682664467679 0.5061682664467679 0.5061682664467679 0.5061682664467679 0.5061682664467679 0.5061682664467679 0.5061682664467679 0.5061682664467679 0.5061682664467679 0.5061682664467679 0.4630787970159684 0.4630787970159684 0.4630787970159684 0.4630787970159684 0.4630787970159684 0.4630787970159684 0.4630787970159684 0.4630787970159684 0.4630787970159684 0.4630787970159684 0.4296683206833985 0.4296683206833985 0.4296683206833985 0.4296683206833985 0.4296683206833985 0.4296683206833985 0.4296683206833985 0.4296683206833985 0.4296683206833985 0.4296683206833985 0.4320630764134805
0.5 0.5 0.5 0.5 0.5 0.5 0.5 0.5 0.5 0.6046511627906976 0.6046511627906976 0.6046511627906976 0.6046511627906976 0.6046511627906976 0.6046511627906976 0.6046511627906976 0.6046511627906976 0.6046511627906976 0.6046511627906976 0.6320610687022902 0.6320610687022902 0.6320610687022902 0.6320610687022902 0.6320610687022902 0.6320610687022902 0.6320610687022902 0.6320610687022902 0.6320610687022902 0.6320610687022902 0.7099879663056559 0.7099879663056559 0.7099879663056559 0.7099879663056559 0.7099879663056559 0.7099879663056559 0.7099879663056559 0.7099879663056559 0.7099879663056559 0.7099879663056559 0.7802060462759669 0.7802060462759669 0.7802060462759669 0.7802060462759669 0.7802060462759669 0.7802060462759669 0.7802060462759669 0.7802060462759669 0.7802060462759669 0.7802060462759669 0.7263809896612862 0.7263809896612862 0.7263809896612862 0.7263809896612862 0.7263809896612862 0.7263809896612862 0.7263809896612862 0.7263809896612862 0.7263809896612862 0.7263809896612862 0.7766936367907292 0.7766936367907292 0.7766936367907292 0.7766936367907292 0.7766936367907292 0.7766936367907292 0.7766936367907292 0.7766936367907292 0.7766936367907292 0.7766936367907292 0.7207049427335347 0.7207049427335347 0.7207049427335347 0.7207049427335347 0.7207049427335347 0.7207049427335347 0.7207049427335347 0.7207049427335347 0.7207049427335347 0.7207049427335347 0.7665712207486257 0.7665712207486257 0.7665712207486257 0.7665712207486257 0.7665712207486257 0.7665712207486257 0.7665712207486257 0.7665712207486257 0.7665712207486257 0.7665712207486257 0.7509206092791016 0.7509206092791016 0.7509206092791016 0.7509206092791016 0.7509206092791016 0.7509206092791016 0.7509206092791016 0.7509206092791016 0.7509206092791016 0.7509206092791016 0.641489201650375 0.641489201650375 0.641489201650375 0.641489201650375 0.641489201650375 0.641489201650375 0.641489201650375 0.641489201650375 0.641489201650375 0.641489201650375 0.6001606604824221 0.6001606604824221 0.6001606604824221 0.6001606604824221 0.6001606604824221 0.6001606604824221 0.6001606604824221 0.6001606604824221 0.6001606604824221 0.6001606604824221 0.6279343937151345 0.6279343937151345 0.6279343937151345 0.6279343937151345 0.6279343937151345 0.6279343937151345 0.6279343937151345 0.6279343937151345 0.6279343937151345 0.6279343937151345 0.5719977191835242 0.5719977191835242 0.5719977191835242 0.5719977191835242 0.5719977191835242 0.5719977191835242 0.5719977191835242 0.5719977191835242 0.5719977191835242 0.5719977191835242 0.5790839317893832 0.5790839317893832 0.5790839317893832 0.5790839317893832 0.5790839317893832 0.5790839317893832 0.5790839317893832 0.5790839317893832 0.5790839317893832 0.5790839317893832 0.5239821649504057 0.5239821649504057 0.5239821649504057 0.5239821649504057 0.5239821649504057 0.5239821649504057 0.5239821649504057 0.5239821649504057 0.5239821649504057 0.5239821649504057 0.4790909521121301 0.4790909521121301 0.4790909521121301 0.4790909521121301 0.4790909521121301 0.4790909521121301 0.4790909521121301 0.4790909521121301 0.4790909521121301 0.4790909521121301 0.49723711610850857 0.49723711610850857 0.49723711610850857 0.49723711610850857 0.49723711610850857 0.49723711610850857 0.49723711610850857 0.49723711610850857 0.49723711610850857 0.49723711610850857 0.5571464309617231 0.5571464309617231 0.5571464309617231 0.5571464309617231 0.5571464309617231 0.5571464309617231 0.5571464309617231 0.5571464309617231 0.5571464309617231 0.5571464309617231 0.493831733553232 0.493831733553232 0.493831733553232 0.493831733553232 0.493831733553232 0.493831733553232 0.493831733553232 0.493831733553232 0.493831733553232 0.493831733553232 0.5369212029840317 0.5369212029840317 0.5369212029840317 0.5369212029840317 0.5369212029840317 0.5369212029840317 0.5369212029840317 0.5369212029840317 0.5369212029840317 0.5369212029840317 0.5703316793166016 0.5703316793166016 0.5703316793166016 0.5703316793166016 0.5703316793166016 0.5703316793166016 0.5703316793166016 0.5703316793166016 0.5703316793166016 0.5703316793166016 0.5679369235865195

prob repair iter
0.5 0.5 0.5 0.5 0.5 0.5 0.5 0.5 0.5 0.5468749999999999 0.5468749999999999 0.5468749999999999 0.5468749999999999 0.5468749999999999 0.5468749999999999 0.5468749999999999 0.5468749999999999 0.5468749999999999 0.5468749999999999 0.4890734265734265 0.4890734265734265 0.4890734265734265 0.4890734265734265 0.4890734265734265 0.4890734265734265 0.4890734265734265 0.4890734265734265 0.4890734265734265 0.4890734265734265 0.5188227953410981 0.5188227953410981 0.5188227953410981 0.5188227953410981 0.5188227953410981 0.5188227953410981 0.5188227953410981 0.5188227953410981 0.5188227953410981 0.5188227953410981 0.4892441860465116 0.4892441860465116 0.4892441860465116 0.4892441860465116 0.4892441860465116 0.4892441860465116 0.4892441860465116 0.4892441860465116 0.4892441860465116 0.4892441860465116 0.5577887692385839 0.5577887692385839 0.5577887692385839 0.5577887692385839 0.5577887692385839 0.5577887692385839 0.5577887692385839 0.5577887692385839 0.5577887692385839 0.5577887692385839 0.5358705469513458 0.5358705469513458 0.5358705469513458 0.5358705469513458 0.5358705469513458 0.5358705469513458 0.5358705469513458 0.5358705469513458 0.5358705469513458 0.5358705469513458 0.5227315725745422 0.5227315725745422 0.5227315725745422 0.5227315725745422 0.5227315725745422 0.5227315725745422 0.5227315725745422 0.5227315725745422 0.5227315725745422 0.5227315725745422 0.5824111716967999 0.5824111716967999 0.5824111716967999 0.5824111716967999 0.5824111716967999 0.5824111716967999 0.5824111716967999 0.5824111716967999 0.5824111716967999 0.5824111716967999 0.5618197491109949 0.5618197491109949 0.5618197491109949 0.5618197491109949 0.5618197491109949 0.5618197491109949 0.5618197491109949 0.5618197491109949 0.5618197491109949 0.5618197491109949 0.5972961120313219 0.5972961120313219 0.5972961120313219 0.5972961120313219 0.5972961120313219 0.5972961120313219 0.5972961120313219 0.5972961120313219 0.5972961120313219 0.5972961120313219 0.5979893354883432 0.5979893354883432 0.5979893354883432 0.5979893354883432 0.5979893354883432 0.5979893354883432 0.5979893354883432 0.5979893354883432 0.5979893354883432 0.5979893354883432 0.564105851923357 0.564105851923357 0.564105851923357 0.564105851923357 0.564105851923357 0.564105851923357 0.564105851923357 0.564105851923357 0.564105851923357 0.564105851923357 0.5481505452973973 0.5481505452973973 0.5481505452973973 0.5481505452973973 0.5481505452973973 0.5481505452973973 0.5481505452973973 0.5481505452973973 0.5481505452973973 0.5481505452973973 0.4833815876113837 0.4833815876113837 0.4833815876113837 0.4833815876113837 0.4833815876113837 0.4833815876113837 0.4833815876113837 0.4833815876113837 0.4833815876113837 0.4833815876113837 0.5027919898516675 0.5027919898516675 0.5027919898516675 0.5027919898516675 0.5027919898516675 0.5027919898516675 0.5027919898516675 0.5027919898516675 0.5027919898516675 0.5027919898516675 0.5145816284978568 0.5145816284978568 0.5145816284978568 0.5145816284978568 0.5145816284978568 0.5145816284978568 0.5145816284978568 0.5145816284978568 0.5145816284978568 0.5145816284978568 0.5391742130451956 0.5391742130451956 0.5391742130451956 0.5391742130451956 0.5391742130451956 0.5391742130451956 0.5391742130451956 0.5391742130451956 0.5391742130451956 0.5391742130451956 0.5647104085690239 0.5647104085690239 0.5647104085690239 0.5647104085690239 0.5647104085690239 0.5647104085690239 0.5647104085690239 0.5647104085690239 0.5647104085690239 0.5647104085690239 0.6154284606534571 0.6154284606534571 0.6154284606534571 0.6154284606534571 0.6154284606534571 0.6154284606534571 0.6154284606534571 0.6154284606534571 0.6154284606534571 0.6154284606534571 0.5506756732699298 0.5506756732699298 0.5506756732699298 0.5506756732699298 0.5506756732699298 0.5506756732699298 0.5506756732699298 0.5506756732699298 0.5506756732699298 0.5506756732699298 0.5900733694970594 0.5900733694970594 0.5900733694970594 0.5900733694970594 0.5900733694970594 0.5900733694970594 0.5900733694970594 0.5900733694970594 0.5900733694970594 0.5900733694970594 0.6110026445611326
0.5 0.5 0.5 0.5 0.5 0.5 0.5 0.5 0.5 0.453125 0.453125 0.453125 0.453125 0.453125 0.453125 0.453125 0.453125 0.453125 0.453125 0.5109265734265734 0.5109265734265734 0.5109265734265734 0.5109265734265734 0.5109265734265734 0.5109265734265734 0.5109265734265734 0.5109265734265734 0.5109265734265734 0.5109265734265734 0.48117720465890185 0.48117720465890185 0.48117720465890185 0.48117720465890185 0.48117720465890185 0.48117720465890185 0.48117720465890185 0.48117720465890185 0.48117720465890185 0.48117720465890185 0.5107558139534883 0.5107558139534883 0.5107558139534883 0.5107558139534883 0.5107558139534883 0.5107558139534883 0.5107558139534883 0.5107558139534883 0.5107558139534883 0.5107558139534883 0.4422112307614162 0.4422112307614162 0.4422112307614162 0.4422112307614162 0.4422112307614162 0.4422112307614162 0.4422112307614162 0.4422112307614162 0.4422112307614162 0.4422112307614162 0.4641294530486541 0.4641294530486541 0.4641294530486541 0.4641294530486541 0.4641294530486541 0.4641294530486541 0.4641294530486541 0.4641294530486541 0.4641294530486541 0.4641294530486541 0.4772684274254579 0.4772684274254579 0.4772684274254579 0.4772684274254579 0.4772684274254579 0.4772684274254579 0.4772684274254579 0.4772684274254579 0.4772684274254579 0.4772684274254579 0.41758882830320004 0.41758882830320004 0.41758882830320004 0.41758882830320004 0.41758882830320004 0.41758882830320004 0.41758882830320004 0.41758882830320004 0.41758882830320004 0.41758882830320004 0.43818025088900514 0.43818025088900514 0.43818025088900514 0.43818025088900514 0.43818025088900514 0.43818025088900514 0.43818025088900514 0.43818025088900514 0.43818025088900514 0.43818025088900514 0.40270388796867806 0.40270388796867806 0.40270388796867806 0.40270388796867806 0.40270388796867806 0.40270388796867806 0.40270388796867806 0.40270388796867806 0.40270388796867806 0.40270388796867806 0.4020106645116568 0.4020106645116568 0.4020106645116568 0.4020106645116568 0.4020106645116568 0.4020106645116568 0.4020106645116568 0.4020106645116568 0.4020106645116568 0.4020106645116568 0.43589414807664295 0.43589414807664295 0.43589414807664295 0.43589414807664295 0.43589414807664295 0.43589414807664295 0.43589414807664295 0.43589414807664295 0.43589414807664295 0.43589414807664295 0.4518494547026028 0.4518494547026028 0.4518494547026028 0.4518494547026028 0.4518494547026028 0.4518494547026028 0.4518494547026028 0.4518494547026028 0.4518494547026028 0.4518494547026028 0.5166184123886164 0.5166184123886164 0.5166184123886164 0.5166184123886164 0.5166184123886164 0.5166184123886164 0.5166184123886164 0.5166184123886164 0.5166184123886164 0.5166184123886164 0.49720801014833244 0.49720801014833244 0.49720801014833244 0.49720801014833244 0.49720801014833244 0.49720801014833244 0.49720801014833244 0.49720801014833244 0.49720801014833244 0.49720801014833244 0.4854183715021432 0.4854183715021432 0.4854183715021432 0.4854183715021432 0.4854183715021432 0.4854183715021432 0.4854183715021432 0.4854183715021432 0.4854183715021432 0.4854183715021432 0.46082578695480436 0.46082578695480436 0.46082578695480436 0.46082578695480436 0.46082578695480436 0.46082578695480436 0.46082578695480436 0.46082578695480436 0.46082578695480436 0.46082578695480436 0.4352895914309762 0.4352895914309762 0.4352895914309762 0.4352895914309762 0.4352895914309762 0.4352895914309762 0.4352895914309762 0.4352895914309762 0.4352895914309762 0.4352895914309762 0.384571539346543 0.384571539346543 0.384571539346543 0.384571539346543 0.384571539346543 0.384571539346543 0.384571539346543 0.384571539346543 0.384571539346543 0.384571539346543 0.44932432673007017 0.44932432673007017 0.44932432673007017 0.44932432673007017 0.44932432673007017 0.44932432673007017 0.44932432673007017 0.44932432673007017 0.44932432673007017 0.44932432673007017 0.4099266305029406 0.4099266305029406 0.4099266305029406 0.4099266305029406 0.4099266305029406 0.4099266305029406 0.4099266305029406 0.4099266305029406 0.4099266305029406 0.4099266305029406 0.3889973554388674

time destroy
0.0 0.0

time repair
1.7779999999999976 2.8970000000000002

destroy names
HorizontalRemoval RandomRemoval

repair names
bestRepair! horizontalModelRepair!

iterations
221

Temperature
0.285340213397652 0.2852688783443026 0.2851975611247165 0.28512626173443534 0.2850549801690017 0.2849837164239595 0.2849124704948535 0.2848412423772298 0.2847700320666355 0.28469883955861885 0.2846276648487292 0.284556507932517 0.2844853688055339 0.2844142474633325 0.28434314390146664 0.2842720581154913 0.2842009901009624 0.28412993985343715 0.2840589073684738 0.28398789264163166 0.2839168956684713 0.28384591644455415 0.283774954965443 0.2837040112267017 0.283633085223895 0.28356217695258906 0.2834912864083509 0.28342041358674885 0.2833495584833522 0.28327872109373137 0.2832079014134579 0.28313709943810456 0.28306631516324504 0.28299554858445425 0.28292479969730816 0.2828540684973838 0.28278335498025947 0.2827126591415144 0.282641980976729 0.2825713204814848 0.28250067765136444 0.28243005248195163 0.28235944496883114 0.28228885510758894 0.28221828289381207 0.2821477283230886 0.28207719139100784 0.2820066720931601 0.2819361704251368 0.2818656863825305 0.2817952199609349 0.28172477115594463 0.28165433996315564 0.2815839263781649 0.28151353039657034 0.2814431520139712 0.2813727912259677 0.28130244802816123 0.2812321224161542 0.28116181438555016 0.2810915239319538 0.2810212510509708 0.2809509957382081 0.28088075798927353 0.2808105377997762 0.28074033516532626 0.28067015008153495 0.2805999825440146 0.2805298325483786 0.2804597000902415 0.28038958516521895 0.2803194877689276 0.2802494078969854 0.2801793455450111 0.2801093007086249 0.28003927338344775 0.2799692635651019 0.2798992712492106 0.2798292964313983 0.27975933910729045 0.27968939927251363 0.2796194769226955 0.27954957205346487 0.27947968466045153 0.27940981473928644 0.27933996228560165 0.27927012729503026 0.27920030976320653 0.27913050968576575 0.27906072705834434 0.27899096187657974 0.2789212141361106 0.2788514838325766 0.27878177096161844 0.27871207551887806 0.27864239749999836 0.2785727369006234 0.27850309371639825 0.27843346794296914 0.2783638595759834 0.2782942686110894 0.27822469504393665 0.2781551388701757 0.27808560008545813 0.27801607868543676 0.2779465746657654 0.27787708802209893 0.2778076187500934 0.2777381668454059 0.2776687323036946 0.2775993151206187 0.27752991529183857 0.27746053281301564 0.27739116767981237 0.2773218198878924 0.2772524894329204 0.27718317631056216 0.27711388051648456 0.27704460204635545 0.27697534089584386 0.2769060970606199 0.27683687053635475 0.27676766131872066 0.276698469403391 0.27662929478604015 0.27656013746234365 0.27649099742797806 0.27642187467862106 0.2763527692099514 0.2762836810176489 0.2762146100973945 0.27614555644487015 0.27607652005575894 0.276007500925745 0.27593849905051354 0.2758695144257509 0.27580054704714446 0.2757315969103827 0.2756626640111551 0.2755937483451523 0.275524849908066 0.275455968695589 0.27538710470341515 0.2753182579272393 0.2752494283627575 0.27518061600566684 0.2751118208516654 0.2750430428964525 0.2749742821357284 0.27490553856519445 0.27483681218055317 0.27476810297750803 0.27469941095176365 0.2746307360990257 0.27456207841500097 0.2744934378953972 0.2744248145359234 0.2743562083322894 0.27428761928020634 0.27421904737538627 0.2741504926135424 0.274081954990389 0.2740134345016414 0.273944931143016 0.2738764449102302 0.2738079757990027 0.27373952380505295 0.2736710889241017 0.27360267115187065 0.2735342704840827 0.2734658869164617 0.2733975204447326 0.2733291710646214 0.27326083877185525 0.2731925235621623 0.27312422543127174 0.27305594437491393 0.2729876803888202 0.272919433468723 0.2728512036103558 0.27278299080945323 0.2727147950617509 0.2726466163629855 0.27257845470889475 0.27251031009521753 0.27244218251769375 0.2723740719720643 0.2723059784540713 0.2722379019594578 0.2721698424839679 0.27210180002334694 0.2720337745733411 0.27196576612969775 0.27189777468816534 0.2718298002444933 0.2717618427944322 0.27169390233373364 0.2716259788581502 0.27155807236343565 0.2714901828453448 0.2714223102996335 0.2713544547220586 0.2712866161083781 0.27121879445435104 0.2711509897557375 0.27108320200829855 0.2710154312077965 0.27094767734999453 0.27087994043065705 0.27081222044554937 0.270744517390438 0.2706768312610904 0.2706091620532751 0.2705415097627618 0.2704738743853211 0.2704062559167248 0.2703386543527456 0.27027106968915743 0.27020350192173515 0.2701359510462547

W
10 5 2

Segment size
10

Time for new best
3.924

