T P M C
22 37 4 12

base obj
10.794871794871796

exp obj
19.033653846153847

Objective struct
10.794871794871796 8.5 35.25

num campaigns
136

x
0 0 0 0 0 0 0 0 0 0 1 0 1 0 0 0 2 0 0 0 0 0
0 0 0 0 2 0 0 0 1 0 0 0 0 0 0 0 0 0 0 0 0 0
0 0 0 0 0 0 1 0 0 0 2 0 0 0 1 0 0 0 0 0 0 0
0 0 0 0 0 0 3 0 0 0 0 0 0 0 0 0 0 0 0 0 0 0
0 0 0 0 0 0 2 0 0 0 3 0 0 0 0 0 0 0 0 0 0 0
0 0 0 0 0 0 0 0 0 0 0 0 0 0 0 0 0 0 0 0 0 0
0 0 0 0 0 0 0 0 0 0 0 0 3 0 0 0 0 0 0 0 0 0
0 0 0 0 0 0 0 0 0 0 0 0 0 0 1 0 0 0 0 0 0 0
0 0 0 0 0 0 0 0 1 0 0 0 0 0 0 0 0 0 0 0 0 0
0 0 0 0 0 0 0 0 0 0 0 0 0 0 0 0 0 0 0 0 0 0
0 0 0 0 1 0 0 0 0 0 0 0 0 1 0 0 0 0 0 0 0 0
0 0 0 0 0 0 0 0 0 0 0 0 0 0 0 0 1 0 0 0 0 0
0 0 0 0 0 0 0 0 0 0 0 0 0 0 0 0 0 0 0 0 0 0
0 0 0 0 0 0 1 0 1 0 0 0 0 0 0 0 0 0 0 0 0 0
0 0 0 0 0 0 0 0 0 0 0 0 0 0 0 0 0 0 0 0 0 0
0 0 0 0 1 0 0 0 0 0 0 0 0 0 0 0 0 0 0 0 0 0
0 0 0 0 0 0 0 0 0 0 0 0 0 0 1 0 1 0 0 0 0 0
0 0 0 0 0 0 0 0 0 0 0 0 0 0 1 0 0 0 0 0 0 0
0 0 0 0 0 0 1 1 3 1 0 1 0 0 0 0 0 0 0 0 0 0
0 0 0 0 1 0 0 0 0 0 0 0 0 0 0 0 0 0 0 0 0 0
0 0 0 0 1 0 0 0 0 0 0 0 0 0 1 1 0 0 0 0 0 0
0 0 0 0 0 0 0 0 0 0 0 0 0 0 0 0 0 0 0 0 0 0
0 0 0 0 0 0 0 0 0 0 0 0 1 0 0 0 0 0 0 0 0 0
0 0 0 0 0 0 0 0 0 0 0 0 0 0 0 0 0 0 0 0 0 0
0 0 0 0 0 0 0 0 0 0 0 0 0 0 0 0 0 0 0 0 0 0
0 0 0 0 0 0 0 0 0 0 0 0 0 0 2 0 0 0 0 0 0 0
0 0 0 0 0 0 1 0 1 0 1 0 0 0 0 0 0 0 0 0 0 0
0 0 0 0 0 0 1 0 0 0 0 0 0 0 0 0 0 0 0 0 0 0
0 0 0 0 0 0 0 0 0 0 0 0 0 0 0 0 0 0 0 0 0 0
0 0 0 0 5 0 4 0 0 0 0 0 1 0 1 2 0 0 0 0 0 0
0 0 0 0 0 0 2 0 0 0 4 0 1 0 3 0 3 0 0 0 0 0
0 0 0 0 7 1 0 0 0 1 0 0 1 0 1 0 2 0 0 0 0 0
0 0 0 0 2 0 1 0 8 0 0 1 7 1 5 0 1 0 0 0 0 0
0 0 0 0 0 0 1 1 5 1 4 0 0 0 0 0 1 0 0 0 0 0
0 0 0 0 0 1 0 1 0 1 0 2 0 2 0 0 0 0 0 0 0 0
0 0 0 0 0 0 0 0 0 0 0 0 0 0 0 0 0 0 0 0 0 0
0 0 0 0 0 0 0 0 0 0 0 0 0 0 0 0 0 0 0 0 0 0

y
0.0 0.0 0.0 0.0 0.0 0.0 0.0 0.0 0.0 0.0 0.0 0.0 0.0 0.0 0.0 0.0 0.0 0.0 0.0 0.0 0.0 0.0 0.0 0.0 0.0 0.0 0.0 0.0 0.0 0.0 0.0 0.0 0.0 0.0 0.0 0.0 0.0

k
0 0 0 0 0 3 0 0 0 8 0 0 3 1 2 0 0 0 0 0 0 2 0 3 2 0 0 0 6 0 0 0 0 0 6 13 2

f
5.25 5.25 0.0 5.25 0.0 0.0 1.75 1.75 0.0 0.0 0.0 0.0 5.25 0.0 0.0 0.0 0.0 0.0 0.0 0.0 0.0 0.0
0.5 6.5 0.0 0.0 6.5 9.5 0.0 0.0 0.0 0.0 1.0 0.0 0.0 0.0 0.0 0.0 0.0 0.0 0.0 0.0 0.0 0.0
0.0 0.0 0.0 0.0 0.0 0.0 0.0 0.0 0.0 0.0 0.0 0.0 0.0 0.0 0.0 0.0 0.0 0.0 0.0 0.0 0.0 0.0
0.0 0.75 0.75 3.25 0.0 0.0 0.75 0.75 0.75 0.75 0.75 0.0 11.25 5.25 0.0 0.0 0.0 0.0 0.0 0.0 0.0 0.0

L
0 0 0 0 0 0 0 0 0 0 9 0 0 2 0 0 2 0 0 0 1 0 0 0 0 0 2 0 0 0 0 0 0 0 0 0 0

g
0 0 0 0 0 0 0 0 0 0 0 0 0 0 0 0 1 0 0 0 0 0
0 0 0 0 1 0 0 0 0 0 0 0 0 0 0 0 0 0 0 0 0 0
0 0 0 0 0 0 0 0 0 0 1 0 0 0 0 0 0 0 0 0 0 0
0 0 0 0 0 0 2 0 0 0 0 0 0 0 0 0 0 0 0 0 0 0
0 0 0 0 0 0 1 0 0 0 2 0 0 0 0 0 0 0 0 0 0 0
0 0 0 0 0 0 0 0 0 0 0 0 0 0 0 0 0 0 0 0 0 0
0 0 0 0 0 0 0 0 0 0 0 0 2 0 0 0 0 0 0 0 0 0
0 0 0 0 0 0 0 0 0 0 0 0 0 0 0 0 0 0 0 0 0 0
0 0 0 0 0 0 0 0 0 0 0 0 0 0 0 0 0 0 0 0 0 0
0 0 0 0 0 0 0 0 0 0 0 0 0 0 0 0 0 0 0 0 0 0
0 0 0 0 0 0 0 0 0 0 0 0 0 0 0 0 0 0 0 0 0 0
0 0 0 0 0 0 0 0 0 0 0 0 0 0 0 0 0 0 0 0 0 0
0 0 0 0 0 0 0 0 0 0 0 0 0 0 0 0 0 0 0 0 0 0
0 0 0 0 0 0 0 0 0 0 0 0 0 0 0 0 0 0 0 0 0 0
0 0 0 0 0 0 0 0 0 0 0 0 0 0 0 0 0 0 0 0 0 0
0 0 0 0 0 0 0 0 0 0 0 0 0 0 0 0 0 0 0 0 0 0
0 0 0 0 0 0 0 0 0 0 0 0 0 0 0 0 0 0 0 0 0 0
0 0 0 0 0 0 0 0 0 0 0 0 0 0 0 0 0 0 0 0 0 0
0 0 0 0 0 0 0 0 2 0 0 0 0 0 0 0 0 0 0 0 0 0
0 0 0 0 0 0 0 0 0 0 0 0 0 0 0 0 0 0 0 0 0 0
0 0 0 0 0 0 0 0 0 0 0 0 0 0 0 0 0 0 0 0 0 0
0 0 0 0 0 0 0 0 0 0 0 0 0 0 0 0 0 0 0 0 0 0
0 0 0 0 0 0 0 0 0 0 0 0 0 0 0 0 0 0 0 0 0 0
0 0 0 0 0 0 0 0 0 0 0 0 0 0 0 0 0 0 0 0 0 0
0 0 0 0 0 0 0 0 0 0 0 0 0 0 0 0 0 0 0 0 0 0
0 0 0 0 0 0 0 0 0 0 0 0 0 0 1 0 0 0 0 0 0 0
0 0 0 0 0 0 0 0 0 0 0 0 0 0 0 0 0 0 0 0 0 0
0 0 0 0 0 0 0 0 0 0 0 0 0 0 0 0 0 0 0 0 0 0
0 0 0 0 0 0 0 0 0 0 0 0 0 0 0 0 0 0 0 0 0 0
0 0 0 0 4 0 3 0 0 0 0 0 0 0 0 1 0 0 0 0 0 0
0 0 0 0 0 0 1 0 0 0 3 0 0 0 2 0 2 0 0 0 0 0
0 0 0 0 6 0 0 0 0 0 0 0 0 0 0 0 1 0 0 0 0 0
0 0 0 0 0 0 0 0 6 0 0 0 5 0 3 0 0 0 0 0 0 0
0 0 0 0 0 0 0 0 4 0 3 0 0 0 0 0 0 0 0 0 0 0
0 0 0 0 0 0 0 0 0 0 0 1 0 1 0 0 0 0 0 0 0 0
0 0 0 0 0 0 0 0 0 0 0 0 0 0 0 0 0 0 0 0 0 0
0 0 0 0 0 0 0 0 0 0 0 0 0 0 0 0 0 0 0 0 0 0

I cap
1058.909090909091 1058.909090909091 1040.549090909091 916.259090909091 1018.46 1112.558 480.09800000000007 1053.09 498.8359999999999 974.286 468.63 525.5699999999997 313.0379999999999 879.6000000000001 535.878 475.54709090909125 499.6670909090911 805.2170909090911 895.9010909090911 910.301090909091 1058.909090909091 1058.909090909091
107.96969696969697 107.96969696969697 107.96969696969697 107.15969696969697 106.36 100.24199999999999 44.60199999999998 94.61 69.464 117.214 90.27 84.53 33.862 32.29999999999999 20.52199999999999 19.931696969696958 4.811696969696968 46.66169696969697 80.17769696969697 101.77769696969696 107.96969696969697 107.96969696969697
38.96666666666666 38.96666666666666 16.52666666666666 16.52666666666666 16.379999999999995 28.8 21.799999999999997 25.900000000000002 8.400000000000006 7.700000000000004 5.599999999999995 16.8 18.2 18.692499999999995 6.892500000000002 1.159166666666664 1.159166666666664 25.766666666666662 38.96666666666666 38.96666666666666 38.96666666666666 38.96666666666666
45.24545454545453 45.24545454545453 45.24545454545453 16.958454545454526 8.024999999999995 22.06799999999999 9.87299999999999 37.614000000000004 31.704 40.00299999999999 31.689 20.701999999999998 19.509 26.999 9.718 27.73145454545453 37.91045454545453 41.45645454545453 43.03145454545453 44.11145454545453 45.24545454545453 45.24545454545453
20.999999999999993 20.999999999999993 20.999999999999993 19.424999999999986 13.125000000000004 22.539999999999992 6.148000000000006 14.406000000000002 11.866999999999999 19.858999999999998 7.519000000000001 6.195999999999998 3.4530000000000047 21.177000000000003 4.846999999999999 8.111999999999995 0.7229999999999945 11.450999999999997 12.089999999999996 20.621999999999993 20.999999999999993 20.999999999999993
345.75757575757575 345.75757575757575 345.75757575757575 89.37616399286989 28.46764705882349 85.63623529411757 241.46852941176473 267.35800000000006 249.95394117647064 275.7315294117647 227.2275294117647 227.44194117647064 274.27852941176474 276.7974705882353 260.1525294117647 187.78798752228158 228.78563458110517 235.4186345811051 303.43057575757575 338.57557575757573 345.75757575757575 345.75757575757575
779.7575757575758 779.7575757575758 779.7575757575758 550.3475757575757 489.29999999999995 661.15 608.0289999999999 142.94799999999998 335.35300000000007 836.074 587.0509999999999 147.39499999999998 264.14799999999985 432.88 477.77600000000007 556.8725757575759 564.8195757575756 674.3945757575757 712.4195757575758 752.9195757575758 779.7575757575758 779.7575757575758
80.73333333333335 80.73333333333335 80.73333333333335 77.58333333333337 66.15000000000002 87.78000000000003 71.45100000000001 78.872 62.62799999999999 72.45700000000001 60.951000000000015 72.75100000000002 93.07300000000002 95.991 83.92800000000004 74.74833333333338 70.62333333333335 73.65333333333335 77.65533333333336 79.59933333333336 80.73333333333335 80.73333333333335
10.775757575757575 10.775757575757575 10.775757575757575 3.4677575757575747 0.7500000000000009 1.2770000000000006 0.6670000000000003 0.7659999999999989 0.125 1.4409999999999994 0.34100000000000064 0.41999999999999904 0.19499999999999962 3.094999999999999 1.138 0.2727575757575753 0.2727575757575753 0.36275757575757517 5.024757575757576 10.775757575757575 10.775757575757575 10.775757575757575
2.545454545454545 2.545454545454545 2.545454545454545 0.27745454545454473 1.45 0.4819999999999998 1.8819999999999997 0.15599999999999992 0.2619999999999999 0.31799999999999995 0.36999999999999955 0.07699999999999985 0.07699999999999985 0.7769999999999999 0.3989999999999998 0.8444545454545446 0.14245454545454495 0.38545454545454494 0.7634545454545446 1.4114545454545446 2.545454545454545 2.545454545454545
8.515433299825174 8.515433299825174 8.515433299825174 6.26134981525167 3.2993094213551117 4.254679419237743 3.0032389773139716 4.530066068965515 6.877640913793105 8.482719413793106 7.207189172413794 4.856455734119783 4.560476024500907 4.76333744101633 4.401446147912884 6.384450807622504 6.94438275862069 7.068786379310344 6.595992586206896 7.4979288793103445 7.546136159874608 8.34571275862069
700.0 700.0 699.1 695.5000000000001 689.2000000000002 694.6000000000001 680.2000000000004 686.5000000000002 682.0000000000002 686.5000000000002 681.1000000000004 685.6000000000003 684.7000000000003 688.3000000000001 680.2000000000003 683.8000000000003 684.7000000000003 691.9000000000001 693.7000000000002 696.4000000000001 700.0 697.3000000000001

H cap
-5.25 -5.25 5.25 -5.25 1.75 1.75 -1.75 -1.75 1.75 1.75 1.75 1.75 -5.25 5.25 131.25 131.25 131.25 131.25 131.25 131.25 131.25 131.25
-0.5 -6.5 0.5 0.5 -6.5 -9.5 0.5 0.5 2.5 0.5 -1.0 4.0 8.5 14.5 52.5 52.5 52.5 52.5 52.5 52.5 52.5 52.5
45.5 45.5 35.0 31.5 38.5 38.5 35.0 35.0 52.5 52.5 38.5 42.0 52.5 52.5 63.0 63.0 63.0 63.0 63.0 63.0 63.0 63.0
2.25 -0.75 -0.75 -3.25 1.75 0.25 -0.75 -0.75 -0.75 -0.75 -0.75 0.25 -11.25 -5.25 78.75 78.75 78.75 78.75 78.75 78.75 78.75 78.75

Gap
0.0

Time
327.41952991485596

