T P M C
22 37 4 12

base obj
11.144688644688644

exp obj
12.608516483516484

Objective struct
11.144688644688644 0.0 17.0

num campaigns
121

x
0 0 0 0 1 0 0 0 0 0 1 0 0 0 1 0 1 0 0 0 0 0
0 0 0 0 1 0 0 0 0 1 0 0 0 0 0 0 0 0 0 0 0 0
0 0 0 0 0 0 0 0 1 0 0 0 1 0 0 0 1 0 0 0 0 0
0 0 0 0 1 0 0 0 0 0 1 0 0 0 0 1 0 0 0 0 0 0
0 0 0 0 1 0 0 1 0 0 1 0 0 1 0 0 1 0 0 0 0 0
0 0 0 0 0 0 1 0 0 0 0 0 1 0 0 0 0 0 0 0 0 0
0 0 0 0 1 0 0 0 0 0 1 0 0 0 0 0 1 0 0 0 0 0
0 0 0 0 0 0 0 0 1 0 0 0 0 0 0 0 0 0 0 0 0 0
0 0 0 0 0 0 0 1 0 0 0 0 0 0 0 0 0 0 0 0 0 0
0 0 0 0 0 0 0 0 0 0 1 0 1 0 0 0 0 0 0 0 0 0
0 0 0 0 1 0 0 0 0 0 0 0 0 0 0 0 1 0 0 0 0 0
0 0 0 0 0 0 0 0 0 0 0 0 0 0 0 0 1 0 0 0 0 0
0 0 0 0 0 0 0 0 0 0 0 0 0 0 0 0 0 0 0 0 0 0
0 0 0 0 1 0 0 0 0 0 1 0 0 0 0 0 0 0 0 0 0 0
0 0 0 0 0 0 0 0 0 0 0 0 0 0 0 0 0 0 0 0 0 0
0 0 0 0 0 0 0 0 0 0 0 0 1 0 0 0 0 0 0 0 0 0
0 0 0 0 0 0 0 0 0 0 0 0 0 0 1 0 1 0 0 0 0 0
0 0 0 0 0 0 0 0 0 0 0 0 0 0 1 0 0 0 0 0 0 0
0 0 0 0 0 0 1 0 1 0 0 1 0 1 0 0 1 0 0 0 0 0
0 0 0 0 0 0 1 0 0 0 0 0 0 0 0 0 0 0 0 0 0 0
0 0 0 0 1 0 0 0 0 0 1 0 0 0 0 0 1 0 0 0 0 0
0 0 0 0 0 0 0 0 0 0 0 0 0 0 0 0 0 0 0 0 0 0
0 0 0 0 0 0 1 0 0 0 0 0 0 0 0 0 0 0 0 0 0 0
0 0 0 0 0 0 0 0 1 0 0 0 0 0 1 0 0 0 0 0 0 0
0 0 0 0 0 0 0 0 0 0 0 0 0 0 0 0 0 0 0 0 0 0
0 0 0 0 1 0 0 0 0 0 0 0 0 0 0 0 1 0 0 0 0 0
0 0 0 0 1 0 0 0 1 0 0 0 0 0 0 0 0 0 0 0 0 0
0 0 0 0 0 0 0 0 0 0 0 0 1 0 0 0 0 0 0 0 0 0
0 0 0 0 0 0 0 0 0 0 0 0 0 0 0 0 0 0 0 0 0 0
0 0 0 0 1 1 1 1 1 1 1 1 1 1 1 1 1 0 0 0 0 0
0 0 0 0 1 1 1 1 1 1 1 1 1 1 1 1 1 0 0 0 0 0
0 0 0 0 1 1 1 1 1 1 1 1 1 1 1 1 1 0 0 0 0 0
0 0 0 0 1 1 1 1 1 1 1 1 1 1 1 1 1 0 0 0 0 0
0 0 0 0 1 1 1 1 1 1 1 1 1 1 1 1 1 0 0 0 0 0
0 0 0 0 1 0 0 1 0 0 1 0 1 0 0 0 0 0 0 0 0 0
0 0 0 0 0 0 0 0 0 0 0 0 0 0 0 0 0 0 0 0 0 0
0 0 0 0 0 0 0 0 0 0 0 0 0 0 0 0 0 0 0 0 0 0

y
0.0 0.0 0.0 0.0 0.0 0.0 0.0 0.0 0.0 0.2857142857142858 0.0 0.0 0.0 0.0 0.0 0.0 0.0 0.0 0.0 0.0 0.0 0.0 0.0 0.0 0.0 0.0 0.0 0.0 0.0 0.0 0.0 0.0 0.52 0.0 1.0 0.0 0.0

k
0 1 1 0 0 1 0 0 0 6 0 0 3 1 2 0 0 0 2 0 0 2 0 1 2 0 1 0 6 0 0 0 13 0 9 13 2

f
10.50000000000001 10.50000000000001 0.0 0.0 1.0500000000000096 0.0 0.0 0.0 0.0 1.0500000000000078 0.0 0.0 1.050000000000022 0.0 0.0 0.0 0.0 0.0 0.0 0.0 0.0 0.0
0.0 0.0 0.0 0.0 0.0 0.0 0.0 0.0 0.0 0.0 0.0 0.0 0.0 0.0 0.0 0.0 0.0 0.0 0.0 0.0 0.0 0.0
0.0 0.0 0.0 0.0 0.0 0.0 0.0 0.0 0.0 0.0 0.0 0.0 0.0 0.0 0.0 0.0 0.0 0.0 0.0 0.0 0.0 0.0
0.8999999999999986 7.649999999999999 0.0 0.9000000000000075 0.0 0.0 2.249999999999979 0.0 0.0 0.900000000000011 1.3499999999999766 1.3500000000000032 9.449999999999969 0.0 0.0 0.0 0.0 0.0 0.0 0.0 0.0 0.0

L
2 5 4 5 3 6 6 0 0 2 12 0 0 6 0 0 2 0 2 0 6 0 0 6 0 12 4 0 0 1 1 1 1 1 2 0 0

g
0 0 0 0 0 0 0 0 0 0 0 0 0 0 0 0 0 0 0 0 0 0
0 0 0 0 0 0 0 0 0 0 0 0 0 0 0 0 0 0 0 0 0 0
0 0 0 0 0 0 0 0 0 0 0 0 0 0 0 0 0 0 0 0 0 0
0 0 0 0 0 0 0 0 0 0 0 0 0 0 0 0 0 0 0 0 0 0
0 0 0 0 0 0 0 0 0 0 0 0 0 0 0 0 0 0 0 0 0 0
0 0 0 0 0 0 0 0 0 0 0 0 0 0 0 0 0 0 0 0 0 0
0 0 0 0 0 0 0 0 0 0 0 0 0 0 0 0 0 0 0 0 0 0
0 0 0 0 0 0 0 0 0 0 0 0 0 0 0 0 0 0 0 0 0 0
0 0 0 0 0 0 0 0 0 0 0 0 0 0 0 0 0 0 0 0 0 0
0 0 0 0 0 0 0 0 0 0 0 0 0 0 0 0 0 0 0 0 0 0
0 0 0 0 0 0 0 0 0 0 0 0 0 0 0 0 0 0 0 0 0 0
0 0 0 0 0 0 0 0 0 0 0 0 0 0 0 0 0 0 0 0 0 0
0 0 0 0 0 0 0 0 0 0 0 0 0 0 0 0 0 0 0 0 0 0
0 0 0 0 0 0 0 0 0 0 0 0 0 0 0 0 0 0 0 0 0 0
0 0 0 0 0 0 0 0 0 0 0 0 0 0 0 0 0 0 0 0 0 0
0 0 0 0 0 0 0 0 0 0 0 0 0 0 0 0 0 0 0 0 0 0
0 0 0 0 0 0 0 0 0 0 0 0 0 0 0 0 0 0 0 0 0 0
0 0 0 0 0 0 0 0 0 0 0 0 0 0 0 0 0 0 0 0 0 0
0 0 0 0 0 0 0 0 0 0 0 0 0 0 0 0 0 0 0 0 0 0
0 0 0 0 0 0 0 0 0 0 0 0 0 0 0 0 0 0 0 0 0 0
0 0 0 0 0 0 0 0 0 0 0 0 0 0 0 0 0 0 0 0 0 0
0 0 0 0 0 0 0 0 0 0 0 0 0 0 0 0 0 0 0 0 0 0
0 0 0 0 0 0 0 0 0 0 0 0 0 0 0 0 0 0 0 0 0 0
0 0 0 0 0 0 0 0 0 0 0 0 0 0 0 0 0 0 0 0 0 0
0 0 0 0 0 0 0 0 0 0 0 0 0 0 0 0 0 0 0 0 0 0
0 0 0 0 0 0 0 0 0 0 0 0 0 0 0 0 0 0 0 0 0 0
0 0 0 0 0 0 0 0 0 0 0 0 0 0 0 0 0 0 0 0 0 0
0 0 0 0 0 0 0 0 0 0 0 0 0 0 0 0 0 0 0 0 0 0
0 0 0 0 0 0 0 0 0 0 0 0 0 0 0 0 0 0 0 0 0 0
0 0 0 0 0 0 0 0 0 0 0 0 0 0 0 0 0 0 0 0 0 0
0 0 0 0 0 0 0 0 0 0 0 0 0 0 0 0 0 0 0 0 0 0
0 0 0 0 0 0 0 0 0 0 0 0 0 0 0 0 0 0 0 0 0 0
0 0 0 0 0 0 0 0 0 0 0 0 0 0 0 0 0 0 0 0 0 0
0 0 0 0 0 0 0 0 0 0 0 0 0 0 0 0 0 0 0 0 0 0
0 0 0 0 0 0 0 0 0 0 0 0 0 0 0 0 0 0 0 0 0 0
0 0 0 0 0 0 0 0 0 0 0 0 0 0 0 0 0 0 0 0 0 0
0 0 0 0 0 0 0 0 0 0 0 0 0 0 0 0 0 0 0 0 0 0

I cap
1058.909090909091 1058.909090909091 976.349090909091 929.349090909091 522.6999999999999 808.16 761.22 1101.0800000000002 592.78 661.2 405.20000000000005 722.66 453.16000000000014 583.3400000000001 656.3599999999999 609.669090909091 474.94909090909096 569.909090909091 692.4490909090911 976.349090909091 1058.909090909091 1058.909090909091
107.96969696969697 107.96969696969697 104.52969696969697 104.52969696969697 62.89999999999999 84.44 38.58000000000001 43.92 40.22000000000001 68.80000000000001 13.800000000000008 49.339999999999996 61.84000000000002 45.660000000000004 95.64 80.20969696969696 2.9296969696969697 31.96969696969697 37.42969696969698 104.52969696969697 107.96969696969697 107.96969696969697
38.96666666666666 38.96666666666666 38.96666666666666 38.96666666666666 4.4999999999999964 2.400000000000002 3.5 31.5 25.900000000000006 32.2 9.133333333333331 7.733333333333336 2.833333333333334 9.724999999999998 11.825 19.29166666666666 4.624999999999995 17.299999999999997 17.299999999999997 38.96666666666666 38.96666666666666 38.96666666666666
45.24545454545453 45.24545454545453 44.615454545454526 37.82545454545452 18.26 28.619999999999987 22.699999999999985 27.56 18.949999999999996 20.74 17.82999999999999 18.819999999999997 13.660000000000002 12.489999999999998 14.200000000000001 27.59545454545452 32.82545454545452 38.37545454545452 40.06545454545452 44.615454545454526 45.24545454545453 45.24545454545453
20.999999999999993 20.999999999999993 20.789999999999992 20.43999999999999 8.320000000000002 16.819999999999993 9.580000000000002 11.44 5.979999999999996 5.519999999999999 7.119999999999999 11.959999999999997 8.030000000000001 9.790000000000003 6.790000000000002 7.769999999999991 7.819999999999993 10.669999999999991 14.629999999999992 20.789999999999992 20.999999999999993 20.999999999999993
345.75757575757575 345.75757575757575 341.76757575757574 301.6863992869875 175.8594117647059 184.79000000000002 214.12000000000003 217.01000000000002 213.00000000000006 203.52 151.75000000000003 138.82000000000005 164.58 167.30999999999995 176.97000000000003 184.94757575757572 217.11875222816394 238.77816399286982 295.3475757575757 341.76757575757574 345.75757575757575 345.75757575757575
779.7575757575758 779.7575757575758 764.8475757575758 654.5975757575758 431.27 579.57 591.2700000000001 607.72 604.07 574.93 532.79 650.0 565.65 591.19 583.87 487.8075757575757 562.9175757575758 618.3675757575757 668.2575757575758 764.8475757575758 779.7575757575758 779.7575757575758
80.73333333333335 80.73333333333335 80.10333333333335 79.40333333333335 61.52666666666666 81.06 68.52999999999999 74.28999999999999 72.24 77.19 69.11999999999999 79.70999999999998 83.54 83.63 76.82 67.46333333333335 66.58333333333334 71.31666666666669 75.93333333333335 80.10333333333335 80.73333333333335 80.73333333333335
10.775757575757575 10.775757575757575 10.775757575757575 9.515757575757576 2.05 1.6900000000000013 2.74 4.85 1.9900000000000004 2.499999999999999 0.2400000000000002 0.6400000000000015 0.2999999999999998 1.7500000000000009 3.8199999999999985 0.1557575757575762 0.15575757575757532 0.1557575757575762 4.385757575757576 10.775757575757575 10.775757575757575 10.775757575757575
2.545454545454545 2.545454545454545 1.915454545454545 0.6554545454545451 1.21 0.04999999999999993 0.7599999999999999 0.03000000000000025 0.06999999999999995 1.1102230246251565e-16 1.4500000000000002 0.04999999999999993 0.1399999999999999 0.8400000000000002 0.6300000000000002 1.0754545454545452 0.08545454545454523 0.35545454545454525 1.195454545454545 1.915454545454545 2.545454545454545 2.545454545454545
8.515433299825174 8.515433299825174 8.515433299825174 7.807629307084703 3.567064999999997 4.413808103448273 4.750316982758618 6.467997413793102 7.622296379310341 6.412029741379308 6.697361724137928 6.3383070689655145 6.341211034482756 5.0279470689655135 6.05571094827586 5.093162241379307 5.061841923774953 5.815912816091952 6.285647758620689 7.463446120689655 7.546136159874608 8.31123
700.0 700.0 700.0 698.0 681.0 685.0 677.0 691.0 680.0 682.0 679.0 684.0 682.0 688.0 684.0 681.0 675.0 679.0 689.0 696.0 700.0 697.0

H cap
-10.50000000000001 -10.50000000000001 49.349999999999994 8.399999999999991 -1.0500000000000096 8.399999999999991 5.249999999999989 27.299999999999983 8.399999999999991 -1.0500000000000078 14.69999999999999 24.14999999999999 -1.050000000000022 8.399999999999979 131.25 131.25 131.25 131.25 131.25 131.25 131.25 131.25
14.25000000000001 0.7500000000000115 23.69999999999999 16.499999999999993 8.84999999999999 13.34999999999999 0.7499999999999831 3.4500000000000117 11.549999999999994 9.749999999999996 14.699999999999992 14.249999999999993 4.799999999999985 20.550000000000015 52.5 52.5 52.5 52.5 52.5 52.5 52.5 52.5
40.95000000000001 40.95000000000001 53.550000000000004 47.25000000000001 40.95000000000001 44.10000000000001 47.25000000000001 47.25000000000001 50.400000000000006 47.25000000000001 44.10000000000001 47.25000000000001 37.80000000000001 40.95000000000001 63.0 63.0 63.0 63.0 63.0 63.0 63.0 63.0
-0.8999999999999986 -7.649999999999999 8.100000000000028 -0.9000000000000075 4.950000000000021 4.94999999999999 -2.249999999999979 4.499999999999995 1.350000000000029 -0.900000000000011 -1.3499999999999766 -1.3500000000000032 -9.449999999999969 1.8000000000000016 78.75 78.75 78.75 78.75 78.75 78.75 78.75 78.75

Gap
0.03905585929258189

Time
780.0012049674988

