T P M C
35 37 4 12

base obj
10.16025641025641

exp obj
17.69894230769231

Objective struct
10.16025641025641 7.275 33.040000000000006

num campaigns
265

x
0 0 0 0 0 0 0 0 0 0 0 0 0 1 0 1 0 0 0 1 0 0 0 1 0 1 0 0 1 1 0 0 0 0 0
0 0 0 0 0 0 0 1 0 0 0 1 0 0 0 0 1 0 0 0 1 0 0 0 0 1 0 0 0 0 0 0 0 0 0
0 0 0 0 0 0 2 0 0 0 0 0 1 0 0 0 0 0 0 1 0 1 0 0 1 0 1 0 0 0 0 0 0 0 0
0 0 0 0 0 0 0 0 0 0 0 0 4 0 0 0 0 0 0 0 0 0 2 0 0 0 0 0 0 0 0 0 0 0 0
0 0 0 0 0 0 0 0 0 0 0 1 0 0 0 0 0 0 0 1 0 2 0 0 0 0 0 5 0 0 0 0 0 0 0
0 0 0 0 0 0 0 0 0 0 0 0 0 0 0 0 0 0 0 0 0 0 0 0 0 0 0 0 0 0 0 0 0 0 0
0 0 0 0 0 0 0 0 0 2 2 1 0 0 0 0 0 0 0 0 0 0 0 0 1 0 0 0 0 0 0 0 0 0 0
0 0 0 0 1 0 0 0 0 0 0 0 0 0 0 0 0 0 0 0 0 0 0 0 0 0 0 0 0 1 0 0 0 0 0
0 0 0 0 1 0 0 0 0 0 0 0 0 0 0 0 0 0 0 0 0 0 0 0 0 0 0 0 0 0 0 0 0 0 0
0 0 0 0 0 0 0 0 0 0 0 0 0 0 0 0 0 0 0 0 0 0 0 0 0 0 0 0 0 0 0 0 0 0 0
0 0 0 0 0 0 0 0 0 0 0 0 0 0 3 0 0 0 0 0 0 0 0 0 0 0 0 0 0 0 0 0 0 0 0
0 0 0 0 0 0 0 0 0 0 0 0 0 0 0 0 0 1 0 0 1 0 0 0 0 0 0 0 0 0 0 0 0 0 0
0 0 0 0 0 0 1 0 1 0 0 0 0 0 0 0 0 0 0 0 0 0 0 0 0 0 0 0 0 0 0 0 0 0 0
0 0 0 0 1 0 0 0 0 0 0 0 0 0 1 0 1 0 0 0 0 0 0 0 0 0 0 1 0 0 0 0 0 0 0
0 0 0 0 0 0 0 0 0 0 0 0 0 0 0 0 0 0 0 0 0 0 0 0 0 0 0 0 0 0 0 0 0 0 0
0 0 0 0 1 0 0 0 0 0 0 0 0 0 0 0 0 0 0 0 0 0 0 0 0 0 0 0 0 0 0 0 0 0 0
0 0 0 0 0 0 0 0 0 0 0 0 0 0 0 0 0 1 0 0 0 1 0 0 0 0 0 0 0 1 0 0 0 0 0
0 0 0 0 0 0 1 0 0 1 0 0 0 0 0 0 0 0 0 0 0 0 0 0 0 0 0 0 0 0 0 0 0 0 0
0 0 0 0 0 0 2 0 0 0 1 1 1 1 1 0 0 0 0 0 1 0 2 2 0 0 1 0 0 0 0 0 0 0 0
0 0 0 0 0 0 0 0 0 0 0 0 0 0 0 0 0 0 0 0 0 0 1 0 0 0 0 0 0 0 0 0 0 0 0
0 0 0 0 0 1 0 0 0 0 0 0 0 0 0 1 1 0 0 0 0 0 0 1 0 0 0 2 0 0 0 0 0 0 0
0 0 0 0 0 0 0 0 0 0 0 0 0 0 0 0 0 0 0 0 0 0 0 0 0 0 0 0 0 0 0 0 0 0 0
0 0 0 0 0 0 0 0 1 0 0 0 0 0 0 0 0 0 1 0 0 0 0 0 0 0 0 0 0 0 0 0 0 0 0
0 0 0 0 0 0 0 0 0 0 0 0 0 0 0 0 0 0 0 0 0 0 0 0 0 0 0 0 0 0 0 0 0 0 0
0 0 0 0 0 0 0 0 0 0 1 0 0 0 0 0 0 0 0 0 0 0 0 0 0 0 0 0 0 0 0 0 0 0 0
0 0 0 0 0 0 0 0 0 0 0 0 1 0 0 0 0 0 0 0 0 0 0 1 2 0 0 0 0 0 0 0 0 0 0
0 0 0 0 0 0 1 0 1 1 0 0 0 0 1 0 0 0 0 0 0 0 0 0 0 1 0 0 0 0 0 0 0 0 0
0 0 0 0 0 0 0 0 0 0 0 0 0 0 0 0 0 0 0 0 0 1 0 0 0 0 0 0 0 0 0 0 0 0 0
0 0 0 0 0 0 0 0 0 0 0 0 0 0 0 0 0 0 0 0 0 0 0 0 0 0 0 0 0 0 0 0 0 0 0
0 0 0 0 0 0 6 0 0 0 4 2 0 0 0 0 0 0 1 3 0 6 0 3 0 1 0 0 0 0 0 0 0 0 0
0 0 0 0 5 0 0 0 0 3 0 1 0 1 0 0 4 3 0 2 1 0 0 2 0 0 0 0 0 4 0 0 0 0 0
0 0 0 0 0 1 3 0 0 0 4 0 0 0 2 0 0 3 0 2 0 1 0 0 0 1 0 8 0 1 0 0 0 0 0
0 0 0 0 5 0 3 0 9 0 2 0 5 3 1 0 0 0 0 0 2 1 0 1 3 1 7 0 0 6 0 0 0 0 0
0 0 0 0 2 0 0 0 0 0 0 0 0 0 0 6 1 0 5 0 0 0 4 3 0 4 0 1 0 0 0 0 0 0 0
0 0 0 0 0 0 0 1 0 0 0 1 2 1 2 0 2 0 0 1 2 0 0 1 2 0 2 0 2 0 0 0 0 0 0
0 0 0 0 0 0 0 0 0 0 0 0 0 0 0 0 0 0 0 0 0 0 0 0 0 0 0 0 0 0 0 0 0 0 0
0 0 0 0 0 0 0 0 0 0 0 0 0 0 0 0 0 0 0 0 0 0 0 0 0 0 0 0 0 0 0 0 0 0 0

y
0.0 0.0 0.0 0.0 0.0 0.0 0.0 0.0 0.0 0.0 0.0 0.0 0.0 0.0 0.0 0.0 0.0 0.0 0.0 0.0 0.0 0.0 0.0 0.0 0.0 0.0 0.0 0.0 0.0 0.0 0.0 0.0 0.0 0.0 0.0 0.0 0.0

k
0 1 0 0 0 6 0 0 0 15 0 0 4 2 4 0 0 0 0 0 0 3 0 5 2 0 0 0 11 0 0 0 3 0 7 26 3

f
0.0 1.75 0.0 0.0 0.0 0.0 0.0 0.0 0.0 0.0 0.0 0.0 0.0 0.0 0.0 0.0 0.0 1.75 0.0 5.25 0.0 0.0 0.0 0.0 0.0 36.75 0.0 0.0 0.0 0.0 0.0 0.0 0.0 0.0 0.0
0.0 2.5 0.0 2.5 0.0 0.0 0.0 0.5 0.0 1.0 0.0 0.0 0.0 1.5 0.0 0.0 1.0 3.0 0.0 0.0 2.0 0.0 9.0 19.0 0.5 6.5 0.0 0.0 0.0 0.0 0.0 0.0 0.0 0.0 0.0
0.0 0.0 0.0 0.0 0.0 0.0 0.0 0.0 0.0 0.0 0.0 0.0 0.0 0.0 0.0 0.0 0.0 0.0 0.0 0.0 0.0 0.0 0.0 0.0 0.0 0.0 0.0 0.0 0.0 0.0 0.0 0.0 0.0 0.0 0.0
0.0 3.75 0.0 3.25 0.0 7.25 0.0 1.75 0.0 2.25 0.0 1.75 0.0 2.25 0.0 10.25 0.0 0.25 0.0 0.0 0.0 1.25 0.0 0.25 0.0 15.75 0.0 0.0 0.0 0.0 0.0 0.0 0.0 0.0 0.0

L
1 4 0 0 0 0 0 25 0 0 0 3 2 2 0 0 4 3 0 0 0 0 10 0 0 0 1 0 0 0 0 0 0 0 0 0 0

g
0 0 0 0 0 0 0 0 0 0 0 0 0 0 0 0 0 0 0 0 0 0 0 0 0 0 0 0 0 0 0 0 0 0 0
0 0 0 0 0 0 0 0 0 0 0 0 0 0 0 0 0 0 0 0 0 0 0 0 0 0 0 0 0 0 0 0 0 0 0
0 0 0 0 0 0 1 0 0 0 0 0 0 0 0 0 0 0 0 0 0 0 0 0 0 0 0 0 0 0 0 0 0 0 0
0 0 0 0 0 0 0 0 0 0 0 0 3 0 0 0 0 0 0 0 0 0 1 0 0 0 0 0 0 0 0 0 0 0 0
0 0 0 0 0 0 0 0 0 0 0 0 0 0 0 0 0 0 0 0 0 1 0 0 0 0 0 4 0 0 0 0 0 0 0
0 0 0 0 0 0 0 0 0 0 0 0 0 0 0 0 0 0 0 0 0 0 0 0 0 0 0 0 0 0 0 0 0 0 0
0 0 0 0 0 0 0 0 0 1 1 0 0 0 0 0 0 0 0 0 0 0 0 0 0 0 0 0 0 0 0 0 0 0 0
0 0 0 0 0 0 0 0 0 0 0 0 0 0 0 0 0 0 0 0 0 0 0 0 0 0 0 0 0 0 0 0 0 0 0
0 0 0 0 0 0 0 0 0 0 0 0 0 0 0 0 0 0 0 0 0 0 0 0 0 0 0 0 0 0 0 0 0 0 0
0 0 0 0 0 0 0 0 0 0 0 0 0 0 0 0 0 0 0 0 0 0 0 0 0 0 0 0 0 0 0 0 0 0 0
0 0 0 0 0 0 0 0 0 0 0 0 0 0 2 0 0 0 0 0 0 0 0 0 0 0 0 0 0 0 0 0 0 0 0
0 0 0 0 0 0 0 0 0 0 0 0 0 0 0 0 0 0 0 0 0 0 0 0 0 0 0 0 0 0 0 0 0 0 0
0 0 0 0 0 0 0 0 0 0 0 0 0 0 0 0 0 0 0 0 0 0 0 0 0 0 0 0 0 0 0 0 0 0 0
0 0 0 0 0 0 0 0 0 0 0 0 0 0 0 0 0 0 0 0 0 0 0 0 0 0 0 0 0 0 0 0 0 0 0
0 0 0 0 0 0 0 0 0 0 0 0 0 0 0 0 0 0 0 0 0 0 0 0 0 0 0 0 0 0 0 0 0 0 0
0 0 0 0 0 0 0 0 0 0 0 0 0 0 0 0 0 0 0 0 0 0 0 0 0 0 0 0 0 0 0 0 0 0 0
0 0 0 0 0 0 0 0 0 0 0 0 0 0 0 0 0 0 0 0 0 0 0 0 0 0 0 0 0 0 0 0 0 0 0
0 0 0 0 0 0 0 0 0 0 0 0 0 0 0 0 0 0 0 0 0 0 0 0 0 0 0 0 0 0 0 0 0 0 0
0 0 0 0 0 0 1 0 0 0 0 0 0 0 0 0 0 0 0 0 0 0 1 1 0 0 0 0 0 0 0 0 0 0 0
0 0 0 0 0 0 0 0 0 0 0 0 0 0 0 0 0 0 0 0 0 0 0 0 0 0 0 0 0 0 0 0 0 0 0
0 0 0 0 0 0 0 0 0 0 0 0 0 0 0 0 0 0 0 0 0 0 0 0 0 0 0 1 0 0 0 0 0 0 0
0 0 0 0 0 0 0 0 0 0 0 0 0 0 0 0 0 0 0 0 0 0 0 0 0 0 0 0 0 0 0 0 0 0 0
0 0 0 0 0 0 0 0 0 0 0 0 0 0 0 0 0 0 0 0 0 0 0 0 0 0 0 0 0 0 0 0 0 0 0
0 0 0 0 0 0 0 0 0 0 0 0 0 0 0 0 0 0 0 0 0 0 0 0 0 0 0 0 0 0 0 0 0 0 0
0 0 0 0 0 0 0 0 0 0 0 0 0 0 0 0 0 0 0 0 0 0 0 0 0 0 0 0 0 0 0 0 0 0 0
0 0 0 0 0 0 0 0 0 0 0 0 0 0 0 0 0 0 0 0 0 0 0 0 1 0 0 0 0 0 0 0 0 0 0
0 0 0 0 0 0 0 0 0 0 0 0 0 0 0 0 0 0 0 0 0 0 0 0 0 0 0 0 0 0 0 0 0 0 0
0 0 0 0 0 0 0 0 0 0 0 0 0 0 0 0 0 0 0 0 0 0 0 0 0 0 0 0 0 0 0 0 0 0 0
0 0 0 0 0 0 0 0 0 0 0 0 0 0 0 0 0 0 0 0 0 0 0 0 0 0 0 0 0 0 0 0 0 0 0
0 0 0 0 0 0 5 0 0 0 3 1 0 0 0 0 0 0 0 2 0 5 0 2 0 0 0 0 0 0 0 0 0 0 0
0 0 0 0 4 0 0 0 0 2 0 0 0 0 0 0 3 2 0 1 0 0 0 1 0 0 0 0 0 3 0 0 0 0 0
0 0 0 0 0 0 2 0 0 0 3 0 0 0 1 0 0 2 0 1 0 0 0 0 0 0 0 7 0 0 0 0 0 0 0
0 0 0 0 3 0 1 0 7 0 0 0 3 1 0 0 0 0 0 0 0 0 0 0 1 0 5 0 0 4 0 0 0 0 0
0 0 0 0 1 0 0 0 0 0 0 0 0 0 0 5 0 0 4 0 0 0 3 2 0 3 0 0 0 0 0 0 0 0 0
0 0 0 0 0 0 0 0 0 0 0 0 1 0 1 0 1 0 0 0 1 0 0 0 1 0 1 0 1 0 0 0 0 0 0
0 0 0 0 0 0 0 0 0 0 0 0 0 0 0 0 0 0 0 0 0 0 0 0 0 0 0 0 0 0 0 0 0 0 0
0 0 0 0 0 0 0 0 0 0 0 0 0 0 0 0 0 0 0 0 0 0 0 0 0 0 0 0 0 0 0 0 0 0 0

I cap
1058.909090909091 1058.909090909091 1025.609090909091 970.259090909091 1158.14 1123.898 942.8780000000002 975.6899999999998 670.6099999999999 772.5419999999999 725.1120000000001 694.482 153.03600000000003 656.4 680.4900000000001 771.3590909090913 703.8590909090913 833.2610909090911 858.1010909090911 797.603090909091 689.9630909090909 514.5710909090909 333.2210909090908 526.649090909091 334.98509090909107 288.95909090909106 405.635090909091 391.397090909091 444.6950909090909 557.7170909090909 852.8090909090911 877.0010909090911 953.105090909091 1058.909090909091 672.0
107.96969696969697 107.96969696969697 74.66969696969696 63.41969696969696 58.66000000000001 81.70199999999998 53.42199999999998 34.31 56.99000000000001 87.658 89.388 107.318 30.963999999999988 76.4 18.109999999999992 22.91969696969696 22.91969696969696 59.117696969696965 80.17769696969697 75.87569696969697 52.655696969696976 62.44769696969696 36.07769696969696 83.12969696969697 68.69369696969697 70.61969696969697 70.04369696969695 54.58169696969696 56.18369696969696 55.66169696969697 67.46969696969697 68.47769696969695 73.37369696969697 107.96969696969697 84.0
38.96666666666666 38.96666666666666 38.96666666666666 38.96666666666666 44.099999999999994 17.3925 4.092499999999995 1.2925000000000004 4.485000000000005 27.792500000000004 13.092499999999998 5.392499999999999 5.599999999999999 17.499999999999996 12.599999999999998 13.166666666666664 6.266666666666666 12.566666666666663 25.766666666666662 38.96666666666666 10.226666666666663 10.226666666666663 5.546666666666663 0.5666666666666629 0.5666666666666629 13.166666666666664 32.666666666666664 6.266666666666666 6.266666666666666 12.566666666666663 38.96666666666666 38.96666666666666 38.96666666666666 38.96666666666666 23.8
45.24545454545453 45.24545454545453 43.92245454545453 42.03245454545453 30.975 8.882999999999985 0.9359999999999931 34.382999999999996 31.75800000000001 19.383999999999997 6.560999999999996 23.212999999999994 21.012000000000008 29.591 26.782000000000004 41.00645454545453 41.31245454545453 36.96545454545453 21.30545454545453 23.57345454545453 6.644454545454526 4.565454545454529 17.480454545454524 24.84245454545453 34.79645454545452 33.25745454545452 34.85945454545453 35.97545454545453 39.01745454545453 42.03245454545453 42.59945454545453 42.78845454545453 43.481454545454525 45.24545454545453 42.0
20.999999999999993 20.999999999999993 20.432999999999993 20.162999999999993 0.03899999999999881 7.591000000000003 0.7030000000000043 16.538999999999998 15.475999999999997 10.940000000000001 13.810000000000002 12.181000000000001 9.159000000000002 16.335000000000004 14.747000000000003 17.858999999999995 9.758999999999997 0.8129999999999957 0.02999999999999481 3.458999999999996 7.139999999999994 5.375999999999991 9.200999999999995 11.801999999999992 12.431999999999995 11.819999999999993 15.545999999999994 16.84199999999999 17.390999999999995 8.966999999999999 9.191999999999997 9.254999999999995 20.29799999999999 20.999999999999993 21.0
345.75757575757575 345.75757575757575 345.75757575757575 309.75757575757575 184.35294117647058 150.13235294117644 176.24711764705884 182.36358823529415 254.47300000000013 156.71076470588235 160.41311764705884 189.9781176470588 299.415 257.4098823529412 255.1850588235294 269.69963458110516 225.71239928698753 249.18016399286984 154.74104634581096 250.41263458110518 256.8285757575758 278.2671051693405 236.19210516934044 295.60057575757577 294.67251693404637 294.6111051693405 40.66763458110517 135.75581105169334 128.0957522281639 291.74010516934044 257.7921051693404 303.43057575757575 342.16657575757574 345.75757575757575 245.0
779.7575757575758 779.7575757575758 764.4485757575758 357.24357575757574 303.0 506.629 517.57 5.904999999999973 246.98199999999997 686.395 637.847 461.711 163.1049999999998 551.752 727.823 691.4765757575757 702.9515757575757 702.1595757575758 685.7165757575758 504.83457575757564 481.5965757575757 560.7335757575757 473.46957575757574 411.26157575757566 437.41557575757565 107.79957575757578 216.1955757575756 625.8845757575758 248.03757575757572 378.3125757575757 694.9055757575758 714.6065757575758 752.4875757575758 779.7575757575758 630.0
80.73333333333335 80.73333333333335 79.97733333333335 77.81733333333335 58.152 77.86800000000004 74.11800000000004 84.38 84.582 90.58000000000001 80.22000000000003 89.17300000000002 90.544 95.109 87.168 59.25033333333336 58.41033333333337 73.35633333333337 58.33533333333335 59.63433333333335 71.25633333333337 70.25733333333339 56.81733333333334 53.871333333333375 68.15133333333337 63.07233333333336 63.46533333333337 72.64833333333337 73.33833333333337 78.24933333333335 78.65433333333335 78.84333333333336 79.48233333333336 80.73333333333335 48.300000000000004
10.775757575757575 10.775757575757575 9.830757575757575 4.790757575757575 0.8850000000000007 4.13 2.025999999999999 0.3699999999999988 0.34100000000000064 2.1609999999999996 0.026000000000000023 2.6249999999999996 1.7609999999999997 1.4210000000000016 0.7599999999999989 0.281757575757575 0.020757575757574642 1.4697575757575763 0.758757575757576 1.0107575757575755 1.8207575757575758 1.4697575757575763 0.758757575757576 2.1447575757575756 1.3617575757575746 2.9007575757575763 0.23675757575757483 0.011757575757575411 4.070757575757574 0.713757575757576 0.2727575757575753 4.079757575757576 9.920757575757575 10.775757575757575 8.4
2.545454545454545 2.545454545454545 2.545454545454545 1.735454545454545 1.5039999999999998 0.6439999999999999 0.018999999999999462 0.07499999999999996 0.3429999999999995 0.2909999999999999 0.6669999999999996 0.1579999999999998 0.3739999999999998 0.31799999999999995 0.777 0.08845454545454468 0.5474545454545447 0.06145454545454465 0.30445454545454465 0.007454545454544714 0.2234545454545449 0.30445454545454465 0.30445454545454465 1.222454545454545 0.0884545454545449 0.5474545454545447 0.19645454545454466 0.3854545454545446 0.6554545454545447 1.033454545454545 1.2224545454545448 1.4114545454545446 1.9784545454545448 2.545454545454545 2.8000000000000003
8.515433299825174 8.515433299825174 8.515433299825174 6.963709161894139 5.03677781609195 4.27890809437386 3.222113905626134 4.514548982758617 7.236089344827588 6.917383505444647 7.535201876588026 6.415802376588021 4.4205215517241365 3.3981196551724095 6.228124758620689 6.0978172586206885 6.55748605172414 6.545555889292197 5.616772985480941 4.422275521778584 2.3377877025243343 3.95406106079855 4.835498219600723 3.6902697631578936 4.800542038717483 2.623142058983665 2.9583169137931 5.358065362068966 4.2568256896551695 3.751293793103447 8.295399827586209 8.815752586206898 7.811086206896552 8.024766408045977 11.315375057471266
700.0 700.0 700.0 698.2 692.8000000000001 689.2000000000002 682.0000000000003 688.3000000000003 685.6000000000003 682.9000000000002 683.8000000000002 684.7000000000002 679.3000000000004 683.8000000000003 683.8000000000003 685.6000000000003 683.8000000000002 689.2 686.5 685.6000000000001 687.4000000000002 682.9000000000002 678.4000000000003 684.7000000000004 683.8000000000004 682.0000000000005 688.3000000000003 682.0000000000003 686.5000000000002 682.9000000000002 691.9000000000001 695.5000000000001 697.3 700.0 698.2

H cap
8.75 -1.75 26.25 1.75 43.75 5.25 15.75 22.75 1.75 5.25 8.75 8.75 22.75 64.75 75.25 22.75 1.75 -1.75 1.75 -5.25 26.25 5.25 5.25 36.75 5.25 -36.75 15.75 131.25 131.25 131.25 131.25 131.25 131.25 131.25 131.25
0.5 -2.5 0.5 -2.5 11.5 1.5 2.5 -0.5 0.0 -1.0 3.5 0.5 0.5 -1.5 9.5 1.0 -1.0 -3.0 0.0 0.5 -2.0 1.0 -9.0 -19.0 -0.5 -6.5 4.5 52.5 52.5 52.5 52.5 52.5 52.5 52.5 52.5
52.5 52.5 38.5 35.0 49.0 45.5 52.5 49.0 28.0 31.5 38.5 42.0 56.0 56.0 56.0 49.0 45.5 42.0 31.5 31.5 38.5 42.0 45.5 38.5 42.0 49.0 52.5 63.0 63.0 63.0 63.0 63.0 63.0 63.0 63.0
0.75 -3.75 3.75 -3.25 0.75 -7.25 0.75 -1.75 8.25 -2.25 0.25 -1.75 0.75 -2.25 0.25 -10.25 0.75 -0.25 1.25 0.25 0.25 -1.25 0.25 -0.25 1.25 -15.75 9.75 78.75 78.75 78.75 78.75 78.75 78.75 78.75 78.75

Gap
0.03693156838497584

Time
1560.0004539489746

