T P M C
61 37 4 12

base obj
9.906293706293706

exp obj
17.965729531906

Objective struct
9.906293706293706 9.045997793056603 33.09803921568628

num campaigns
523

x
0 0 0 0 1 0 0 1 1 0 0 0 0 0 0 0 0 0 0 1 1 1 0 0 0 0 1 1 0 0 0 0 0 1 0 0 0 0 0 0 0 0 0 0 0 0 1 0 0 1 0 0 0 0 1 1 0 0 0 0 0
0 0 0 0 0 0 0 0 0 0 0 0 0 1 0 0 0 1 0 0 0 0 0 0 1 0 0 0 0 0 1 0 0 0 0 0 1 1 0 0 0 0 0 0 0 0 1 0 1 0 0 1 0 0 1 0 0 0 0 0 0
0 0 0 0 0 0 0 0 0 2 0 0 3 0 0 0 1 0 0 0 0 0 1 0 0 2 0 1 0 0 0 0 1 1 0 0 0 0 0 1 0 0 0 0 0 0 0 0 0 0 0 0 0 0 0 0 0 0 0 0 0
0 0 0 0 3 0 1 0 0 0 0 0 0 0 0 2 0 0 0 0 0 0 0 0 0 0 0 0 0 0 2 0 0 0 0 0 0 0 0 0 0 1 0 0 1 0 0 0 0 0 0 0 1 0 0 0 0 0 0 0 0
0 0 0 0 0 0 0 0 0 0 0 0 0 0 0 0 0 0 2 0 0 0 0 0 1 0 0 0 0 0 0 5 1 1 0 0 0 0 0 0 3 0 0 0 4 0 0 0 0 0 0 0 0 0 0 0 0 0 0 0 0
0 0 0 0 0 0 0 0 0 0 0 0 0 0 0 0 0 0 0 0 0 0 0 0 0 0 0 0 0 0 0 0 0 0 0 0 0 0 0 0 0 0 0 0 0 0 0 0 0 0 0 0 0 0 0 0 0 0 0 0 0
0 0 0 0 0 0 0 0 0 0 0 5 0 0 4 0 0 0 0 0 0 0 0 0 0 0 0 0 0 2 0 0 0 1 0 0 0 0 0 0 0 0 0 0 0 0 0 0 0 0 0 0 0 0 0 0 0 0 0 0 0
0 0 0 0 0 0 1 0 0 0 0 0 0 0 0 0 0 0 0 0 0 0 0 0 0 0 0 0 1 0 0 0 0 0 0 0 0 1 0 0 0 0 0 0 0 0 0 0 0 0 0 0 1 0 0 0 0 0 0 0 0
0 0 0 0 0 0 0 0 0 0 0 0 0 0 0 0 0 0 0 0 0 0 0 0 0 0 0 0 0 0 0 0 0 0 0 0 0 0 1 0 0 0 1 0 0 0 0 0 0 0 0 0 0 0 0 0 0 0 0 0 0
0 0 0 0 0 0 0 0 0 0 0 0 0 0 0 0 0 0 0 0 0 0 0 0 0 0 0 0 0 0 0 0 0 0 0 0 0 0 0 0 0 0 0 0 0 0 0 0 0 0 0 0 0 0 0 0 0 0 0 0 0
0 0 0 0 0 0 0 0 0 0 2 0 0 0 1 0 0 1 0 0 0 0 1 0 0 0 0 0 0 0 0 0 0 0 0 0 0 0 0 0 0 0 0 0 0 0 0 0 0 0 0 0 0 0 0 0 0 0 0 0 0
0 0 0 0 0 0 0 0 1 0 0 0 0 0 0 0 1 0 0 0 0 0 0 0 0 0 0 0 0 0 0 0 0 0 0 0 0 0 0 0 1 0 0 0 0 0 0 0 0 0 0 0 0 1 0 0 0 0 0 0 0
0 0 0 0 0 0 0 0 0 0 0 0 0 1 0 0 0 0 0 0 0 0 0 0 0 0 0 0 0 0 0 1 0 0 0 0 0 0 0 0 0 0 0 0 0 0 0 0 0 0 1 0 0 0 0 0 0 0 0 0 0
0 0 0 0 0 0 0 0 0 0 1 1 0 0 0 1 0 0 1 0 0 0 0 0 0 0 0 0 0 1 0 0 0 0 1 0 0 1 0 0 0 1 0 0 0 1 0 0 0 0 0 0 0 0 0 1 0 0 0 0 0
0 0 0 0 0 0 0 0 0 0 0 0 0 0 0 0 0 0 0 0 0 0 0 0 0 0 0 0 0 0 0 0 0 0 0 0 0 0 0 0 0 0 0 0 0 0 0 0 0 0 0 0 0 0 0 0 0 0 0 0 0
0 0 0 0 1 0 0 0 0 0 0 0 0 0 0 0 0 0 0 0 0 0 0 0 0 0 0 0 0 0 0 0 0 0 0 0 0 0 0 0 0 0 0 0 0 0 0 0 0 0 0 0 0 0 0 0 0 0 0 0 0
0 0 0 0 0 0 0 0 0 0 0 0 0 0 0 0 0 0 0 1 0 1 0 0 0 0 0 0 0 0 0 1 0 0 0 0 0 0 0 0 0 0 0 0 0 0 0 1 0 0 0 1 0 0 0 1 0 0 0 0 0
0 0 0 0 0 0 0 0 0 0 0 0 0 0 0 0 0 2 0 0 0 0 0 0 0 0 0 0 0 1 0 0 0 0 0 0 0 0 0 0 0 0 0 0 0 0 0 0 0 0 0 0 0 0 0 0 0 0 0 0 0
0 0 0 0 0 0 0 0 0 0 0 0 3 1 0 0 1 0 0 0 0 0 0 1 0 3 0 0 0 1 0 0 2 1 0 1 1 0 1 0 0 5 0 0 2 0 0 2 0 0 0 0 0 0 0 0 0 0 0 0 0
0 0 0 0 0 0 0 0 0 0 0 0 0 0 0 0 0 0 0 0 0 0 0 0 0 0 0 0 0 0 0 0 0 0 0 0 0 0 0 0 0 0 0 0 0 0 0 0 0 0 0 0 2 0 0 0 0 0 0 0 0
0 0 0 0 1 0 0 0 0 0 0 0 0 0 0 0 0 0 0 0 0 0 2 0 0 0 0 0 1 0 0 1 0 0 0 0 0 0 1 0 0 0 0 0 2 0 0 1 0 0 0 0 0 3 0 0 0 0 0 0 0
0 0 0 0 0 0 0 0 0 0 0 0 0 0 0 0 0 0 0 0 0 0 0 0 0 0 0 0 0 0 0 0 0 0 0 0 0 0 0 0 0 0 0 0 0 0 0 0 0 0 0 0 0 0 0 0 0 0 0 0 0
0 0 0 0 0 0 0 0 0 0 0 0 0 0 0 0 0 0 0 0 0 0 0 1 0 0 0 0 0 0 0 0 0 0 0 1 0 0 0 1 0 0 0 1 0 0 0 0 0 0 0 0 0 0 0 0 0 0 0 0 0
0 0 0 0 0 0 0 0 0 0 0 0 0 0 1 0 0 0 0 0 0 0 0 0 0 0 0 0 0 0 0 0 0 0 0 0 0 0 0 0 0 0 0 0 0 0 0 0 1 0 1 0 0 0 0 0 0 0 0 0 0
0 0 0 0 0 0 1 0 0 0 0 0 0 0 0 0 0 0 0 0 0 0 0 0 0 0 0 0 0 0 0 0 0 0 0 0 0 0 0 0 0 0 0 0 0 0 0 0 0 0 0 0 0 0 0 0 0 0 0 0 0
0 0 0 0 0 0 0 0 0 0 0 0 0 0 0 0 0 3 0 0 0 0 0 0 0 0 0 1 0 3 0 0 0 0 0 0 0 0 0 0 0 0 0 0 0 0 0 0 0 0 0 0 0 1 0 0 0 0 0 0 0
0 0 0 0 0 0 0 0 1 0 2 0 0 1 0 0 0 0 0 0 0 0 0 0 1 1 0 0 0 0 0 0 0 0 0 0 0 1 0 0 0 1 1 0 0 1 0 0 0 0 0 0 0 0 0 0 0 0 0 0 0
0 0 0 0 0 0 0 0 0 0 0 0 0 0 0 1 0 0 0 0 0 0 0 0 0 0 0 0 0 0 0 0 0 0 0 1 0 0 0 0 0 0 0 0 0 0 0 0 0 0 0 0 0 0 0 0 0 0 0 0 0
0 0 0 0 0 0 0 0 0 0 0 0 0 0 0 0 0 0 0 0 0 0 0 0 0 0 0 0 0 0 0 0 0 0 0 0 0 0 0 0 0 0 0 0 0 0 0 0 0 0 0 0 0 0 0 0 0 0 0 0 0
0 0 0 0 1 0 6 0 0 0 0 0 0 0 0 0 0 1 5 0 0 0 0 0 5 0 3 0 5 0 0 0 7 0 6 0 0 0 0 0 3 0 3 0 0 3 0 0 0 4 0 0 0 0 0 0 0 0 0 0 0
0 0 0 0 2 0 0 0 0 2 3 0 0 0 0 2 0 1 0 0 4 2 0 0 3 0 0 0 0 1 1 0 1 0 0 4 2 0 2 1 0 0 6 0 0 1 0 6 0 0 0 1 2 3 0 2 0 0 0 0 0
0 0 0 0 0 0 6 0 0 0 5 0 0 0 0 0 0 0 0 0 2 0 0 0 0 0 5 0 0 0 0 0 1 4 0 4 0 0 0 0 0 0 0 5 0 7 0 0 0 0 0 0 0 9 0 4 0 0 0 0 0
0 0 0 0 7 0 0 0 9 0 0 0 9 0 8 0 0 0 0 0 4 0 9 0 0 0 0 2 5 0 0 0 0 0 0 0 7 0 8 0 0 0 0 4 0 0 0 6 0 7 0 8 0 0 0 5 0 0 0 0 0
0 0 0 0 0 2 0 0 0 0 0 0 0 0 0 0 9 0 3 0 0 0 2 5 0 4 0 1 1 0 6 0 0 0 0 0 1 0 2 2 5 0 2 0 2 0 0 0 3 0 0 2 0 0 0 0 0 0 0 0 0
0 0 0 0 0 0 1 1 1 0 0 0 0 2 0 1 2 1 2 0 0 0 0 1 1 0 0 1 2 1 2 0 0 1 1 0 1 0 0 1 2 0 1 0 3 0 1 0 0 1 2 0 0 1 2 0 0 0 0 0 0
0 0 0 0 0 0 0 0 0 0 0 0 0 0 0 0 0 0 0 0 0 0 0 0 0 0 0 0 0 0 0 0 0 0 0 0 0 0 0 0 0 0 0 0 0 0 0 0 0 0 0 0 0 0 0 0 0 0 0 0 0
0 0 0 0 0 0 0 0 0 0 0 0 0 0 0 0 0 0 0 0 0 0 0 0 0 0 0 0 0 0 0 0 0 0 0 0 0 0 0 0 0 0 0 0 0 0 0 0 0 0 0 0 0 0 0 0 0 0 0 0 0

y
0.0 0.0 0.0 0.0 0.0 0.0 0.0 0.0 0.0 0.0 0.0 0.0 13.363636363636363 0.0 0.0 0.0 0.0 0.0 0.0 0.0 0.0 0.0 0.0 0.0 0.0 0.0 0.0 0.0 0.0 0.0 0.0 0.0 0.0 0.0 0.0 0.0 0.0

k
0 2 0 0 0 12 0 0 0 29 0 0 9 1 7 0 0 0 0 0 0 6 0 7 5 0 0 0 21 0 0 0 6 0 16 52 6

f
0.0 0.0 0.0 0.0 1.75 0.0 0.0 0.0 0.0 0.0 0.0 0.0 0.0 15.75 5.25 0.0 0.0 0.0 0.0 0.0 0.0 1.75 0.0 0.0 0.0 0.0 0.0 0.0 0.0 5.25 0.0 0.0 0.0 19.25 29.75 0.0 0.0 0.0 1.75 0.0 0.0 0.0 0.0 0.0 0.0 0.0 0.0 0.0 0.0 0.0 0.0 19.25 0.0 0.0 0.0 0.0 0.0 0.0 0.0 0.0 0.0
0.0 0.0 0.0 2.0 0.0 0.0 0.0 1.5 0.0 0.0 0.0 0.5 4.0 0.0 0.5 0.0 0.0 0.0 1.0 3.0 0.5 2.5 0.0 0.0 11.0 6.5 0.0 2.5 0.0 5.5 0.0 0.0 7.5 0.0 2.5 1.0 0.0 0.0 0.0 16.5 0.0 14.0 0.0 0.0 0.5 0.5 0.0 0.0 2.0 2.0 2.5 9.5 0.0 0.0 0.0 0.0 0.0 0.0 0.0 0.0 0.0
0.0 0.0 0.0 0.0 0.0 0.0 0.0 0.0 0.0 0.0 0.0 0.0 0.0 0.0 0.0 0.0 0.0 0.0 0.0 0.0 0.0 0.0 0.0 0.0 0.0 0.0 0.0 0.0 0.0 0.0 0.0 0.0 0.0 0.0 0.0 0.0 0.0 0.0 0.0 0.0 0.0 0.0 0.0 0.0 0.0 0.0 0.0 0.0 0.0 0.0 0.0 0.0 0.0 0.0 0.0 0.0 0.0 0.0 0.0 0.0 0.0
0.0 2.25 0.0 20.25 1.25 2.25 0.25 0.25 0.25 11.75 0.0 0.25 0.0 0.75 0.75 2.25 0.0 2.75 1.25 0.75 0.0 0.0 0.0 0.0 0.0 0.75 0.25 1.25 0.0 0.25 0.0 0.75 0.0 0.25 0.75 0.0 2.75 0.0 0.0 0.0 0.25 0.0 0.25 0.0 3.75 0.0 0.75 5.25 0.75 0.0 0.0 34.25 0.0 0.0 0.0 0.0 0.0 0.0 0.0 0.0 0.0

L
1 1 0 0 0 0 0 9 4 0 0 8 18 1 0 0 2 0 0 0 0 0 4 2 0 0 0 20 0 0 0 0 0 0 0 0 0

g
0 0 0 0 0 0 0 0 0 0 0 0 0 0 0 0 0 0 0 0 0 0 0 0 0 0 0 0 0 0 0 0 0 0 0 0 0 0 0 0 0 0 0 0 0 0 0 0 0 0 0 0 0 0 0 0 0 0 0 0 0
0 0 0 0 0 0 0 0 0 0 0 0 0 0 0 0 0 0 0 0 0 0 0 0 0 0 0 0 0 0 0 0 0 0 0 0 0 0 0 0 0 0 0 0 0 0 0 0 0 0 0 0 0 0 0 0 0 0 0 0 0
0 0 0 0 0 0 0 0 0 1 0 0 2 0 0 0 0 0 0 0 0 0 0 0 0 1 0 0 0 0 0 0 0 0 0 0 0 0 0 0 0 0 0 0 0 0 0 0 0 0 0 0 0 0 0 0 0 0 0 0 0
0 0 0 0 2 0 0 0 0 0 0 0 0 0 0 1 0 0 0 0 0 0 0 0 0 0 0 0 0 0 1 0 0 0 0 0 0 0 0 0 0 0 0 0 0 0 0 0 0 0 0 0 0 0 0 0 0 0 0 0 0
0 0 0 0 0 0 0 0 0 0 0 0 0 0 0 0 0 0 1 0 0 0 0 0 0 0 0 0 0 0 0 4 0 0 0 0 0 0 0 0 2 0 0 0 3 0 0 0 0 0 0 0 0 0 0 0 0 0 0 0 0
0 0 0 0 0 0 0 0 0 0 0 0 0 0 0 0 0 0 0 0 0 0 0 0 0 0 0 0 0 0 0 0 0 0 0 0 0 0 0 0 0 0 0 0 0 0 0 0 0 0 0 0 0 0 0 0 0 0 0 0 0
0 0 0 0 0 0 0 0 0 0 0 4 0 0 3 0 0 0 0 0 0 0 0 0 0 0 0 0 0 1 0 0 0 0 0 0 0 0 0 0 0 0 0 0 0 0 0 0 0 0 0 0 0 0 0 0 0 0 0 0 0
0 0 0 0 0 0 0 0 0 0 0 0 0 0 0 0 0 0 0 0 0 0 0 0 0 0 0 0 0 0 0 0 0 0 0 0 0 0 0 0 0 0 0 0 0 0 0 0 0 0 0 0 0 0 0 0 0 0 0 0 0
0 0 0 0 0 0 0 0 0 0 0 0 0 0 0 0 0 0 0 0 0 0 0 0 0 0 0 0 0 0 0 0 0 0 0 0 0 0 0 0 0 0 0 0 0 0 0 0 0 0 0 0 0 0 0 0 0 0 0 0 0
0 0 0 0 0 0 0 0 0 0 0 0 0 0 0 0 0 0 0 0 0 0 0 0 0 0 0 0 0 0 0 0 0 0 0 0 0 0 0 0 0 0 0 0 0 0 0 0 0 0 0 0 0 0 0 0 0 0 0 0 0
0 0 0 0 0 0 0 0 0 0 1 0 0 0 0 0 0 0 0 0 0 0 0 0 0 0 0 0 0 0 0 0 0 0 0 0 0 0 0 0 0 0 0 0 0 0 0 0 0 0 0 0 0 0 0 0 0 0 0 0 0
0 0 0 0 0 0 0 0 0 0 0 0 0 0 0 0 0 0 0 0 0 0 0 0 0 0 0 0 0 0 0 0 0 0 0 0 0 0 0 0 0 0 0 0 0 0 0 0 0 0 0 0 0 0 0 0 0 0 0 0 0
0 0 0 0 0 0 0 0 0 0 0 0 0 0 0 0 0 0 0 0 0 0 0 0 0 0 0 0 0 0 0 0 0 0 0 0 0 0 0 0 0 0 0 0 0 0 0 0 0 0 0 0 0 0 0 0 0 0 0 0 0
0 0 0 0 0 0 0 0 0 0 0 0 0 0 0 0 0 0 0 0 0 0 0 0 0 0 0 0 0 0 0 0 0 0 0 0 0 0 0 0 0 0 0 0 0 0 0 0 0 0 0 0 0 0 0 0 0 0 0 0 0
0 0 0 0 0 0 0 0 0 0 0 0 0 0 0 0 0 0 0 0 0 0 0 0 0 0 0 0 0 0 0 0 0 0 0 0 0 0 0 0 0 0 0 0 0 0 0 0 0 0 0 0 0 0 0 0 0 0 0 0 0
0 0 0 0 0 0 0 0 0 0 0 0 0 0 0 0 0 0 0 0 0 0 0 0 0 0 0 0 0 0 0 0 0 0 0 0 0 0 0 0 0 0 0 0 0 0 0 0 0 0 0 0 0 0 0 0 0 0 0 0 0
0 0 0 0 0 0 0 0 0 0 0 0 0 0 0 0 0 0 0 0 0 0 0 0 0 0 0 0 0 0 0 0 0 0 0 0 0 0 0 0 0 0 0 0 0 0 0 0 0 0 0 0 0 0 0 0 0 0 0 0 0
0 0 0 0 0 0 0 0 0 0 0 0 0 0 0 0 0 1 0 0 0 0 0 0 0 0 0 0 0 0 0 0 0 0 0 0 0 0 0 0 0 0 0 0 0 0 0 0 0 0 0 0 0 0 0 0 0 0 0 0 0
0 0 0 0 0 0 0 0 0 0 0 0 2 0 0 0 0 0 0 0 0 0 0 0 0 2 0 0 0 0 0 0 1 0 0 0 0 0 0 0 0 4 0 0 1 0 0 1 0 0 0 0 0 0 0 0 0 0 0 0 0
0 0 0 0 0 0 0 0 0 0 0 0 0 0 0 0 0 0 0 0 0 0 0 0 0 0 0 0 0 0 0 0 0 0 0 0 0 0 0 0 0 0 0 0 0 0 0 0 0 0 0 0 1 0 0 0 0 0 0 0 0
0 0 0 0 0 0 0 0 0 0 0 0 0 0 0 0 0 0 0 0 0 0 1 0 0 0 0 0 0 0 0 0 0 0 0 0 0 0 0 0 0 0 0 0 1 0 0 0 0 0 0 0 0 2 0 0 0 0 0 0 0
0 0 0 0 0 0 0 0 0 0 0 0 0 0 0 0 0 0 0 0 0 0 0 0 0 0 0 0 0 0 0 0 0 0 0 0 0 0 0 0 0 0 0 0 0 0 0 0 0 0 0 0 0 0 0 0 0 0 0 0 0
0 0 0 0 0 0 0 0 0 0 0 0 0 0 0 0 0 0 0 0 0 0 0 0 0 0 0 0 0 0 0 0 0 0 0 0 0 0 0 0 0 0 0 0 0 0 0 0 0 0 0 0 0 0 0 0 0 0 0 0 0
0 0 0 0 0 0 0 0 0 0 0 0 0 0 0 0 0 0 0 0 0 0 0 0 0 0 0 0 0 0 0 0 0 0 0 0 0 0 0 0 0 0 0 0 0 0 0 0 0 0 0 0 0 0 0 0 0 0 0 0 0
0 0 0 0 0 0 0 0 0 0 0 0 0 0 0 0 0 0 0 0 0 0 0 0 0 0 0 0 0 0 0 0 0 0 0 0 0 0 0 0 0 0 0 0 0 0 0 0 0 0 0 0 0 0 0 0 0 0 0 0 0
0 0 0 0 0 0 0 0 0 0 0 0 0 0 0 0 0 2 0 0 0 0 0 0 0 0 0 0 0 2 0 0 0 0 0 0 0 0 0 0 0 0 0 0 0 0 0 0 0 0 0 0 0 0 0 0 0 0 0 0 0
0 0 0 0 0 0 0 0 0 0 1 0 0 0 0 0 0 0 0 0 0 0 0 0 0 0 0 0 0 0 0 0 0 0 0 0 0 0 0 0 0 0 0 0 0 0 0 0 0 0 0 0 0 0 0 0 0 0 0 0 0
0 0 0 0 0 0 0 0 0 0 0 0 0 0 0 0 0 0 0 0 0 0 0 0 0 0 0 0 0 0 0 0 0 0 0 0 0 0 0 0 0 0 0 0 0 0 0 0 0 0 0 0 0 0 0 0 0 0 0 0 0
0 0 0 0 0 0 0 0 0 0 0 0 0 0 0 0 0 0 0 0 0 0 0 0 0 0 0 0 0 0 0 0 0 0 0 0 0 0 0 0 0 0 0 0 0 0 0 0 0 0 0 0 0 0 0 0 0 0 0 0 0
0 0 0 0 0 0 5 0 0 0 0 0 0 0 0 0 0 0 4 0 0 0 0 0 4 0 2 0 4 0 0 0 6 0 5 0 0 0 0 0 2 0 2 0 0 2 0 0 0 3 0 0 0 0 0 0 0 0 0 0 0
0 0 0 0 1 0 0 0 0 1 2 0 0 0 0 1 0 0 0 0 3 1 0 0 2 0 0 0 0 0 0 0 0 0 0 3 1 0 1 0 0 0 5 0 0 0 0 5 0 0 0 0 1 2 0 1 0 0 0 0 0
0 0 0 0 0 0 5 0 0 0 4 0 0 0 0 0 0 0 0 0 1 0 0 0 0 0 4 0 0 0 0 0 0 3 0 3 0 0 0 0 0 0 0 4 0 6 0 0 0 0 0 0 0 8 0 3 0 0 0 0 0
0 0 0 0 5 0 0 0 7 0 0 0 7 0 6 0 0 0 0 0 2 0 7 0 0 0 0 0 3 0 0 0 0 0 0 0 5 0 6 0 0 0 0 2 0 0 0 4 0 5 0 6 0 0 0 3 0 0 0 0 0
0 0 0 0 0 1 0 0 0 0 0 0 0 0 0 0 8 0 2 0 0 0 1 4 0 3 0 0 0 0 5 0 0 0 0 0 0 0 1 1 4 0 1 0 1 0 0 0 2 0 0 1 0 0 0 0 0 0 0 0 0
0 0 0 0 0 0 0 0 0 0 0 0 0 1 0 0 1 0 1 0 0 0 0 0 0 0 0 0 1 0 1 0 0 0 0 0 0 0 0 0 1 0 0 0 2 0 0 0 0 0 1 0 0 0 1 0 0 0 0 0 0
0 0 0 0 0 0 0 0 0 0 0 0 0 0 0 0 0 0 0 0 0 0 0 0 0 0 0 0 0 0 0 0 0 0 0 0 0 0 0 0 0 0 0 0 0 0 0 0 0 0 0 0 0 0 0 0 0 0 0 0 0
0 0 0 0 0 0 0 0 0 0 0 0 0 0 0 0 0 0 0 0 0 0 0 0 0 0 0 0 0 0 0 0 0 0 0 0 0 0 0 0 0 0 0 0 0 0 0 0 0 0 0 0 0 0 0 0 0 0 0 0 0

I cap
1058.909090909091 1058.909090909091 980.477090909091 938.582090909091 629.3019999999999 953.1889999999996 811.4929999999997 1071.0179999999998 700.644 736.6149999999999 497.5609999999999 327.8479999999999 740.6849999999997 605.6949999999999 448.8219999999997 559.7790909090911 853.709090909091 312.62709090909095 319.3150909090909 337.3270909090911 671.841090909091 772.541090909091 707.922090909091 746.720090909091 548.740090909091 566.4100909090909 509.80909090909097 419.0080909090909 620.009090909091 64.79109090909091 169.6520909090909 278.04709090909125 512.9820909090909 323.4190909090909 308.3019999999999 364.43799999999993 472.0930000000001 548.5200000000001 771.725 768.59 578.9550000000002 420.7249999999999 611.7749999999999 852.22 474.29300000000023 494.928 572.207 821.9250000000001 783.736 855.7 709.0920000000001 694.318 654.2260000000001 732.2409999999996 820.2249999999996 979.6139999999997 848.009090909091 902.045090909091 980.477090909091 1058.909090909091 1058.909090909091
107.96969696969697 107.96969696969697 104.70169696969697 103.84669696969696 40.69800000000003 82.661 58.95700000000001 72.982 25.406000000000013 53.485000000000014 13.538999999999998 7.05200000000002 33.81500000000002 45.65499999999999 9.978000000000005 20.949696969696987 26.269696969696973 22.051696969696977 24.863696969696985 53.401696969696964 96.03769696969698 96.03769696969698 63.756696969696975 65.80869696969697 61.43869696969698 80.81869696969696 42.419696969696965 30.620696969696986 38.619696969696975 17.187696969696965 16.82669696969698 33.831696969696964 70.59669696969696 60.65969696969697 61.99800000000001 40.612 49.257 25.83000000000001 16.075000000000003 35.71 15.195000000000007 25.325000000000014 37.675000000000004 96.23 79.757 81.622 91.293 102.025 105.464 104.4 51.99800000000001 46.222 7.294000000000012 4.159000000000008 26.275000000000006 41.586 100.36969696969697 101.43369696969697 104.70169696969697 107.96969696969697 107.96969696969697
38.96666666666666 38.96666666666666 38.96666666666666 38.96666666666666 30.166666666666664 28.06666666666667 27.366666666666667 38.5 39.900000000000006 39.2 30.799999999999997 29.400000000000002 4.550000000000003 9.800000000000004 4.900000000000005 32.31666666666666 8.234166666666665 8.234166666666665 8.234166666666665 14.884166666666664 38.96666666666666 38.96666666666666 11.1 4.45 4.45 12.366666666666667 19.016666666666666 19.016666666666666 12.992083333333332 6.342083333333332 6.342083333333332 6.342083333333333 11.733333333333334 5.083333333333335 3.850000000000004 5.6000000000000005 4.900000000000001 9.800000000000004 0.0666666666666682 10.216666666666667 17.21666666666667 6.650000000000012 13.650000000000013 12.95000000000001 2.2333333333333467 0.1333333333333364 4.333333333333341 23.866666666666667 17.56666666666667 18.966666666666676 1.6266666666666652 1.6266666666666652 21.846666666666664 7.200000000000008 9.300000000000002 10.700000000000008 38.96666666666666 38.96666666666666 38.96666666666666 38.96666666666666 38.96666666666666
45.24545454545453 45.24545454545453 44.64695454545453 38.99445454545453 19.302999999999997 7.391999999999987 3.7439999999999922 42.808499999999995 36.29999999999999 32.355 29.22299999999999 25.5765 20.7945 21.0635 19.574499999999997 36.59095454545452 34.04495454545453 5.126954545454529 11.140454545454535 42.92745454545452 43.05095454545452 43.05095454545452 40.067954545454526 10.997954545454519 10.988454545454532 16.98295454545453 12.631954545454525 2.1629545454545287 9.80095454545453 38.67145454545452 37.07545454545452 3.141454545454527 1.0989545454545264 3.0084545454545264 0.1144999999999996 31.824499999999997 34.53199999999999 32.0715 35.1855 29.998499999999996 17.3255 21.035000000000004 29.190500000000004 41.87799999999999 24.017999999999994 28.80599999999999 40.54699999999999 39.30249999999999 19.494999999999987 27.47049999999999 52.33299999999999 53.05499999999999 51.58299999999999 50.71799999999999 44.59199999999999 44.677499999999995 43.525954545454525 44.048454545454526 44.64695454545453 45.24545454545453 45.24545454545453
20.999999999999993 20.999999999999993 20.800499999999992 20.467999999999993 0.9630000000000042 15.040999999999997 10.357000000000003 21.8365 18.5425 8.045000000000002 2.310999999999998 4.2585 6.912000000000001 15.624000000000002 12.662000000000003 10.739999999999991 11.794499999999992 6.6074999999999955 13.086499999999996 17.484999999999992 8.868499999999996 3.1684999999999945 0.6889999999999925 10.046499999999993 7.842499999999997 5.961499999999996 4.004499999999994 10.568999999999997 14.910499999999995 14.606499999999992 9.941999999999991 12.231499999999995 10.226999999999995 10.150999999999996 10.151000000000003 9.055999999999997 2.401999999999997 2.1454999999999975 7.845499999999998 5.942000000000002 0.5640000000000029 11.585500000000003 1.2905000000000015 6.4339999999999975 0.19499999999999904 16.253 17.183999999999997 1.2845000000000053 4.970999999999997 1.404499999999997 19.435499999999998 17.351999999999997 8.301499999999995 0.17549999999999868 4.529999999999997 4.520500000000002 14.834499999999993 14.900999999999991 20.800499999999992 20.999999999999993 20.999999999999993
345.75757575757575 345.75757575757575 341.96707575757574 303.96707575757574 187.63599999999997 61.765794117647154 148.86585294117648 154.24735294117647 301.91700000000003 122.73191176470593 124.19829411764708 131.54179411764707 268.31249999999994 283.3509999999999 261.67499999999995 298.2195757575758 331.9730757575757 329.1515757575757 328.4295757575757 243.2313404634581 225.49819340463466 225.49819340463455 264.46607575757577 285.51807575757573 317.16257575757567 135.0324875222816 164.94686987522283 182.9303698752228 328.13507575757575 324.3920757575757 325.38957575757576 271.0674581105169 106.41066399286993 163.75936987522286 9.578264705882432 187.01323529411764 203.97723529411763 305.24199999999996 303.559 299.303 306.222 368.7535 191.60441176470587 212.33529411764704 17.16597058823529 172.98091176470584 178.48791176470587 315.1195 343.98099999999994 371.3125 372.115 335.98949999999996 19.798941176470628 164.61652941176467 87.76505882352933 258.1772352941176 183.10081105169343 301.07907575757577 341.96707575757574 345.75757575757575 345.75757575757575
779.7575757575758 779.7575757575758 765.5930757575758 209.22557575757583 57.12200000000005 704.1525 763.4575 110.3130000000001 312.88250000000005 715.6300000000001 623.891 29.081999999999994 127.93599999999999 51.802999999999884 191.17100000000005 628.2135757575758 675.4285757575758 667.8665757575758 671.8375757575759 405.1060757575759 454.71507575757585 14.152575757575846 119.48857575757586 635.7755757575758 669.5005757575758 595.9800757575758 385.49807575757575 58.14707575757586 373.54707575757584 656.3335757575759 643.8410757575758 701.3445757575759 635.1390757575758 604.6915757575757 500.6575 116.05300000000008 333.62600000000003 166.60850000000005 210.96950000000004 577.9615 587.072 620.4415 391.03099999999995 406.2839999999999 600.2675 640.8055 191.2165 250.50300000000007 112.7025000000001 237.24250000000006 72.9755000000001 190.31450000000004 575.0945 640.7985000000001 324.4470000000001 289.0155000000002 694.2385757575759 727.1465757575758 765.5930757575758 779.7575757575758 779.7575757575758
80.73333333333335 80.73333333333335 80.13483333333335 79.46983333333334 61.909000000000006 77.02216666666664 69.27183333333329 86.80699999999999 82.98449999999998 85.1105 75.96299999999998 86.58250000000001 93.67150000000002 91.51799999999997 84.57150000000001 77.31333333333336 43.41733333333335 43.76883333333333 61.60983333333331 69.42833333333333 78.53883333333334 78.53883333333334 69.73550000000002 49.87733333333333 58.78516666666667 59.53566666666669 59.34249999999999 65.73916666666666 65.9418333333333 73.72550000000001 54.63683333333336 56.13783333333333 73.57033333333331 71.64183333333331 39.20850000000001 66.694 73.45683333333334 69.89066666666668 64.76066666666668 59.669500000000006 45.40349999999998 56.43683333333332 68.51166666666666 79.86533333333331 77.07916666666667 84.2998333333333 86.00200000000001 80.5035 63.202999999999975 62.93349999999998 74.70400000000001 63.61016666666666 59.16033333333332 63.0835 63.653499999999994 60.73 79.33683333333335 79.53633333333335 80.13483333333335 80.73333333333335 80.73333333333335
10.775757575757575 10.775757575757575 10.775757575757575 5.455757575757576 0.752500000000001 3.815000000000001 1.7850000000000001 2.402499999999999 0.8225000000000002 0.9775000000000005 0.6800000000000015 1.3800000000000008 0.18300000000000094 0.7275000000000009 0.8354999999999997 2.691257575757575 0.8387575757575754 1.7032575757575747 1.5512575757575746 0.9527575757575741 0.6867575757575768 0.6867575757575759 0.6867575757575768 0.4682575757575764 2.0832575757575755 0.7912575757575757 0.17375757575757567 2.1782575757575757 0.7532575757575755 0.22125757575757476 0.32575757575757436 0.05025757575757428 0.2022575757575762 1.6652575757575763 2.7 2.1454999999999997 0.35300000000000054 0.9805000000000015 1.1735000000000007 0.718 0.8574999999999999 2.2000000000000006 3.4200000000000026 2.220000000000002 1.0200000000000005 1.8430000000000006 4.987500000000002 1.0800000000000003 2.0140000000000016 2.3049999999999997 0.480999999999998 2.2514999999999996 1.4440000000000015 0.11049999999999938 0.7499999999999982 0.47449999999999815 0.2022575757575762 4.705257575757576 10.775757575757575 10.775757575757575 10.775757575757575
2.545454545454545 2.545454545454545 1.946954545454545 1.946954545454545 2.002 0.0035000000000000586 1.0044999999999997 0.1050000000000002 0.26349999999999973 0.019500000000000184 0.9189999999999998 0.8015 0.20300000000000007 0.3330000000000002 0.19050000000000034 1.0064545454545448 0.407954545454545 0.5504545454545452 0.17995454545454526 0.06595454545454493 0.3509545454545451 0.35095454545454496 0.550454545454545 0.15145454545454506 0.6359545454545451 0.8639545454545449 0.6644545454545449 0.949454545454545 1.148954545454545 0.15145454545454506 1.234454545454545 0.4079545454545449 0.037454545454545074 0.692954545454545 2.0020000000000002 1.0045 0.29200000000000004 0.048000000000000265 0.46299999999999986 0.11750000000000005 1.1754999999999995 0.5610000000000002 0.7479999999999998 0.602 0.8175000000000002 1.0045 0.5895000000000001 1.1220000000000003 0.406 0.9189999999999999 0.6660000000000001 0.06400000000000006 0.06399999999999995 0.3810000000000001 0.006999999999999784 0.035499999999999754 0.6644545454545451 1.348454545454545 1.946954545454545 2.545454545454545 2.545454545454545
8.515433299825174 8.515433299825174 8.515433299825174 5.877502265342416 3.1846226436781606 4.360015172413791 3.5596276724137965 3.8711870689655203 6.48065845689655 7.5801331982758615 8.018338416666667 5.9992262816092 5.203279844827588 3.5305332844827593 4.780710956896552 7.055230879310344 6.353175698275863 4.746372422413793 3.8942684482758647 4.193359913793104 4.002199378265415 3.692580574712645 3.813810689655174 4.615061206896551 4.472910295977015 4.950428637931034 2.702310994252874 3.397174548850578 3.8599291379310383 7.440604137931035 8.214365344827584 3.7217870689655155 2.2099367816091964 1.2926112356321862 7.361352068965524 8.831559376436783 3.532072364942529 4.77055001724138 3.8930141465517254 5.418360008620689 3.992546551724139 4.560223284482759 3.1433029482758643 5.033391166666669 3.2135179971264374 3.406463686781611 1.5595468477011485 4.118860698275863 1.965753793103448 2.2725510344827606 4.27082327586207 3.8008534482758627 7.16596001724138 6.026555172413796 5.969758448275867 3.4916160919540253 6.096755138905634 7.696467782583795 8.515433299825174 8.515433299825174 8.187847092928623
700.0 700.0 700.0 698.0999999999999 688.6000000000001 691.4499999999998 686.6999999999999 689.55 687.65 688.6 683.8499999999999 685.7499999999995 680.9999999999997 680.9999999999999 684.7999999999995 680.9999999999998 680.9999999999995 680.05 680.0499999999996 681.9499999999998 684.7999999999998 688.6 682.9000000000001 681.9499999999998 685.7499999999999 682.8999999999997 684.7999999999997 687.6499999999999 687.6500000000001 679.0999999999999 681.9499999999999 676.2499999999997 682.8999999999995 679.0999999999996 683.8499999999998 685.7499999999998 681.9499999999998 683.8499999999999 687.6499999999997 680.9999999999998 687.6499999999997 680.9999999999997 680.9999999999994 683.8499999999997 682.8999999999997 680.0499999999995 681.9499999999996 685.7499999999998 685.7499999999998 689.5499999999998 683.8499999999998 683.85 680.05 683.8499999999999 688.5999999999998 680.9999999999998 687.65 693.35 699.05 700.0 695.25

H cap
1.75 1.75 57.75 5.25 -1.75 29.75 54.25 22.75 15.75 5.25 5.25 12.25 43.75 -15.75 -5.25 47.25 15.75 15.75 26.25 43.75 22.75 -1.75 8.75 15.75 5.25 1.75 8.75 1.75 15.75 -5.25 36.75 50.75 5.25 -19.25 -29.75 29.75 43.75 8.75 -1.75 43.75 1.75 19.25 26.25 1.75 43.75 33.25 68.25 75.25 1.75 5.25 1.75 -19.25 68.25 131.25 131.25 131.25 131.25 131.25 131.25 131.25 131.25
7.0 1.0 0.0 -2.0 4.5 1.5 2.5 -1.5 3.0 1.0 1.5 -0.5 -4.0 1.0 -0.5 3.5 7.5 1.5 -1.0 -3.0 -0.5 -2.5 3.5 4.0 -11.0 -6.5 2.5 -2.5 1.0 -5.5 0.0 2.5 -7.5 0.5 -2.5 -1.0 0.0 4.0 0.0 -16.5 0.0 -14.0 0.5 0.5 -0.5 -0.5 0.5 0.5 -2.0 -2.0 -2.5 -9.5 4.5 52.5 52.5 52.5 52.5 52.5 52.5 52.5 52.5
45.5 45.5 56.0 52.5 52.5 49.0 42.0 49.0 42.0 28.0 42.0 49.0 49.0 31.5 31.5 49.0 52.5 52.5 49.0 49.0 45.5 31.5 38.5 49.0 49.0 42.0 35.0 28.0 24.5 35.0 49.0 56.0 49.0 45.5 45.5 49.0 45.5 28.0 31.5 52.5 35.0 35.0 52.5 45.5 45.5 52.5 52.5 49.0 42.0 45.5 52.5 49.0 56.0 63.0 63.0 63.0 63.0 63.0 63.0 63.0 63.0
0.75 -2.25 0.75 -20.25 -1.25 -2.25 -0.25 -0.25 -0.25 -11.75 0.25 -0.25 1.75 -0.75 -0.75 -2.25 0.25 -2.75 -1.25 -0.75 0.75 0.25 0.25 0.25 0.75 -0.75 -0.25 -1.25 0.25 -0.25 1.25 -0.75 0.75 -0.25 -0.75 0.25 -2.75 0.25 0.25 0.75 -0.25 0.25 -0.25 0.25 -3.75 0.25 -0.75 -5.25 -0.75 1.25 0.25 -34.25 1.25 78.75 78.75 78.75 78.75 78.75 78.75 78.75 78.75

Gap
0.039348241336006846

Time
3120.000633955002

