T P M C
35 37 4 12

base obj
10.332051282051282

exp obj
18.273205128205127

Objective struct
10.332051282051282 7.896666666666668 34.2

num campaigns
262

x
0 0 0 0 0 0 0 0 0 0 0 0 1 0 0 0 0 1 0 1 1 0 0 0 0 2 0 0 0 1 0 0 0 0 0
0 0 0 0 1 0 0 0 1 0 0 0 0 0 1 0 0 0 0 0 0 0 0 0 0 1 0 0 0 0 0 0 0 0 0
0 0 0 0 0 0 0 0 0 0 0 0 0 0 1 0 4 0 0 0 0 0 2 0 0 0 0 0 0 0 0 0 0 0 0
0 0 0 0 0 0 0 0 0 0 3 1 2 0 0 0 0 0 0 0 0 0 0 0 0 0 0 0 0 0 0 0 0 0 0
0 0 0 0 1 0 0 0 0 0 0 0 0 0 0 0 1 0 4 0 0 2 0 0 0 0 0 1 0 0 0 0 0 0 0
0 0 0 0 0 0 0 0 0 0 0 0 0 0 0 0 0 0 0 0 0 0 0 0 0 0 0 0 0 0 0 0 0 0 0
0 0 0 0 0 0 4 0 0 0 1 0 0 0 0 0 0 0 0 0 0 0 0 0 0 0 0 1 0 0 0 0 0 0 0
0 0 0 0 0 0 0 0 0 1 0 0 0 0 0 0 0 0 0 0 0 0 0 0 0 0 0 0 0 1 0 0 0 0 0
0 0 0 0 1 0 0 0 0 0 0 0 0 0 0 0 0 0 0 0 0 0 0 0 0 0 0 0 0 0 0 0 0 0 0
0 0 0 0 0 0 0 0 0 0 0 0 0 0 0 0 0 0 0 0 0 0 0 0 0 0 0 0 0 0 0 0 0 0 0
0 0 0 0 0 0 0 0 0 0 0 0 0 0 0 0 0 0 0 0 1 2 0 0 0 0 0 0 0 0 0 0 0 0 0
0 0 0 0 0 0 1 0 1 0 0 0 0 0 0 0 0 0 0 0 0 0 0 0 0 0 0 0 0 0 0 0 0 0 0
0 0 0 0 0 0 0 0 0 0 0 0 0 0 0 0 0 0 0 0 0 0 0 0 0 0 0 0 0 1 0 0 0 0 0
0 0 0 0 0 0 0 0 0 0 0 0 0 0 0 0 0 0 0 0 0 0 0 0 0 0 0 0 0 0 0 0 0 0 0
0 0 0 0 0 0 0 0 0 0 0 0 0 0 0 0 0 0 0 0 0 0 0 0 0 0 0 0 0 0 0 0 0 0 0
0 0 0 0 1 0 0 0 0 0 0 0 0 0 0 0 0 0 0 0 0 0 0 0 0 0 0 0 0 0 0 0 0 0 0
0 0 0 0 0 0 0 0 0 0 0 0 0 0 0 0 0 1 0 1 0 1 0 0 0 0 0 0 0 0 0 0 0 0 0
0 0 0 0 0 0 0 0 0 0 0 0 0 0 0 1 0 0 0 0 0 0 0 0 0 0 0 1 0 0 0 0 0 0 0
0 0 0 0 1 0 0 1 0 0 0 1 0 2 0 1 0 0 2 0 0 0 0 5 0 0 0 0 0 0 0 0 0 0 0
0 0 0 0 0 0 0 0 0 0 0 0 0 0 0 0 0 0 0 0 0 1 0 0 0 0 0 0 0 0 0 0 0 0 0
0 0 0 0 1 0 0 0 2 0 0 1 0 0 0 0 1 0 0 0 0 0 0 0 0 0 0 1 0 0 0 0 0 0 0
0 0 0 0 0 0 0 0 0 0 0 0 0 0 0 0 0 0 0 0 0 0 0 0 0 0 0 0 0 0 0 0 0 0 0
0 0 0 0 0 0 0 0 0 0 1 0 0 0 1 0 0 0 0 0 0 0 0 0 0 0 0 0 0 0 0 0 0 0 0
0 0 0 0 0 0 0 0 1 0 0 0 0 0 0 0 0 0 0 0 0 0 0 0 0 0 0 0 0 0 0 0 0 0 0
0 0 0 0 0 0 1 0 0 0 0 0 0 0 0 0 0 0 0 0 0 0 0 1 0 0 0 1 0 0 0 0 0 0 0
0 0 0 0 2 0 0 0 0 0 0 0 1 0 0 0 0 0 0 0 0 0 0 0 0 0 1 0 0 0 0 0 0 0 0
0 0 0 0 0 0 1 0 0 0 0 0 1 1 0 0 0 0 0 0 0 0 0 0 0 0 0 0 0 2 0 0 0 0 0
0 0 0 0 0 0 0 1 0 0 0 0 0 0 0 0 0 0 0 0 0 0 0 0 0 0 0 0 0 0 0 0 0 0 0
0 0 0 0 0 0 0 0 0 0 0 0 0 0 0 0 0 0 0 0 0 0 0 0 0 0 0 0 0 0 0 0 0 0 0
0 0 0 0 5 0 0 3 0 0 0 0 3 0 0 0 0 0 4 0 7 0 0 4 0 0 0 0 0 0 0 0 0 0 0
0 0 0 0 4 1 1 2 0 0 0 2 2 3 0 1 0 0 0 1 0 0 4 0 1 3 0 0 0 1 0 0 0 0 0
0 0 0 0 0 0 0 0 0 1 0 0 0 0 0 0 0 0 8 0 0 5 0 3 1 4 1 3 0 0 0 0 0 0 0
0 0 0 0 5 0 7 0 0 0 8 0 1 2 0 9 0 0 0 0 0 0 0 0 1 0 0 9 0 9 0 0 0 0 0
0 0 0 0 0 0 0 0 9 0 1 0 3 0 3 0 1 0 2 0 0 0 2 2 3 0 0 0 0 0 0 0 0 0 0
0 0 0 0 0 1 0 0 1 1 1 2 0 0 0 1 2 0 0 0 0 0 0 1 1 2 1 2 1 0 0 0 0 0 0
0 0 0 0 0 0 0 0 0 0 0 0 0 0 0 0 0 0 0 0 0 0 0 0 0 0 0 0 0 0 0 0 0 0 0
0 0 0 0 0 0 0 0 0 0 0 0 0 0 0 0 0 0 0 0 0 0 0 0 0 0 0 0 0 0 0 0 0 0 0

y
0.0 0.0 0.0 0.0 0.0 0.0 0.0 0.0 0.0 0.0 0.0 0.0 0.0 0.0 0.0 0.0 0.0 0.0 0.0 0.0 0.0 0.0 0.0 0.0 0.0 0.0 0.0 0.0 0.0 0.0 0.0 0.0 0.0 0.0 0.0 0.0 0.0

k
0 2 0 0 0 6 0 0 0 15 0 0 5 6 4 0 0 0 0 0 0 3 0 4 0 0 0 0 11 0 0 0 1 0 9 26 3

f
5.25 5.25 0.0 0.0 0.0 0.0 0.0 0.0 0.0 0.0 0.0 0.0 0.0 0.0 0.0 0.0 0.0 0.0 0.0 0.0 0.0 8.75 8.75 0.0 0.0 8.75 8.75 0.0 0.0 0.0 0.0 0.0 0.0 0.0 0.0
0.5 6.5 0.0 0.0 0.0 0.0 0.0 1.5 2.0 5.5 0.0 0.0 1.5 0.0 7.5 10.5 0.0 3.5 0.0 0.5 0.0 8.5 0.0 0.0 0.0 1.5 0.0 0.0 0.0 0.0 0.0 0.0 0.0 0.0 0.0
0.0 0.0 0.0 0.0 0.0 0.0 0.0 0.0 0.0 0.0 0.0 0.0 0.0 0.0 0.0 0.0 0.0 0.0 0.0 0.0 0.0 0.0 0.0 0.0 0.0 0.0 0.0 0.0 0.0 0.0 0.0 0.0 0.0 0.0 0.0
0.0 0.75 0.0 7.25 0.0 0.25 0.0 0.75 0.0 1.25 0.0 2.25 0.0 16.25 0.0 0.0 0.0 0.25 0.0 18.75 0.0 0.25 0.0 0.0 0.0 1.25 0.0 0.0 0.0 0.0 0.0 0.0 0.0 0.0 0.0

L
0 4 0 0 0 0 0 20 0 0 0 2 0 0 0 0 2 12 0 0 0 0 4 0 4 0 0 0 0 0 0 0 0 0 0 0 0

g
0 0 0 0 0 0 0 0 0 0 0 0 0 0 0 0 0 0 0 0 0 0 0 0 0 1 0 0 0 0 0 0 0 0 0
0 0 0 0 0 0 0 0 0 0 0 0 0 0 0 0 0 0 0 0 0 0 0 0 0 0 0 0 0 0 0 0 0 0 0
0 0 0 0 0 0 0 0 0 0 0 0 0 0 0 0 3 0 0 0 0 0 1 0 0 0 0 0 0 0 0 0 0 0 0
0 0 0 0 0 0 0 0 0 0 2 0 1 0 0 0 0 0 0 0 0 0 0 0 0 0 0 0 0 0 0 0 0 0 0
0 0 0 0 0 0 0 0 0 0 0 0 0 0 0 0 0 0 3 0 0 1 0 0 0 0 0 0 0 0 0 0 0 0 0
0 0 0 0 0 0 0 0 0 0 0 0 0 0 0 0 0 0 0 0 0 0 0 0 0 0 0 0 0 0 0 0 0 0 0
0 0 0 0 0 0 3 0 0 0 0 0 0 0 0 0 0 0 0 0 0 0 0 0 0 0 0 0 0 0 0 0 0 0 0
0 0 0 0 0 0 0 0 0 0 0 0 0 0 0 0 0 0 0 0 0 0 0 0 0 0 0 0 0 0 0 0 0 0 0
0 0 0 0 0 0 0 0 0 0 0 0 0 0 0 0 0 0 0 0 0 0 0 0 0 0 0 0 0 0 0 0 0 0 0
0 0 0 0 0 0 0 0 0 0 0 0 0 0 0 0 0 0 0 0 0 0 0 0 0 0 0 0 0 0 0 0 0 0 0
0 0 0 0 0 0 0 0 0 0 0 0 0 0 0 0 0 0 0 0 0 1 0 0 0 0 0 0 0 0 0 0 0 0 0
0 0 0 0 0 0 0 0 0 0 0 0 0 0 0 0 0 0 0 0 0 0 0 0 0 0 0 0 0 0 0 0 0 0 0
0 0 0 0 0 0 0 0 0 0 0 0 0 0 0 0 0 0 0 0 0 0 0 0 0 0 0 0 0 0 0 0 0 0 0
0 0 0 0 0 0 0 0 0 0 0 0 0 0 0 0 0 0 0 0 0 0 0 0 0 0 0 0 0 0 0 0 0 0 0
0 0 0 0 0 0 0 0 0 0 0 0 0 0 0 0 0 0 0 0 0 0 0 0 0 0 0 0 0 0 0 0 0 0 0
0 0 0 0 0 0 0 0 0 0 0 0 0 0 0 0 0 0 0 0 0 0 0 0 0 0 0 0 0 0 0 0 0 0 0
0 0 0 0 0 0 0 0 0 0 0 0 0 0 0 0 0 0 0 0 0 0 0 0 0 0 0 0 0 0 0 0 0 0 0
0 0 0 0 0 0 0 0 0 0 0 0 0 0 0 0 0 0 0 0 0 0 0 0 0 0 0 0 0 0 0 0 0 0 0
0 0 0 0 0 0 0 0 0 0 0 0 0 1 0 0 0 0 1 0 0 0 0 4 0 0 0 0 0 0 0 0 0 0 0
0 0 0 0 0 0 0 0 0 0 0 0 0 0 0 0 0 0 0 0 0 0 0 0 0 0 0 0 0 0 0 0 0 0 0
0 0 0 0 0 0 0 0 1 0 0 0 0 0 0 0 0 0 0 0 0 0 0 0 0 0 0 0 0 0 0 0 0 0 0
0 0 0 0 0 0 0 0 0 0 0 0 0 0 0 0 0 0 0 0 0 0 0 0 0 0 0 0 0 0 0 0 0 0 0
0 0 0 0 0 0 0 0 0 0 0 0 0 0 0 0 0 0 0 0 0 0 0 0 0 0 0 0 0 0 0 0 0 0 0
0 0 0 0 0 0 0 0 0 0 0 0 0 0 0 0 0 0 0 0 0 0 0 0 0 0 0 0 0 0 0 0 0 0 0
0 0 0 0 0 0 0 0 0 0 0 0 0 0 0 0 0 0 0 0 0 0 0 0 0 0 0 0 0 0 0 0 0 0 0
0 0 0 0 1 0 0 0 0 0 0 0 0 0 0 0 0 0 0 0 0 0 0 0 0 0 0 0 0 0 0 0 0 0 0
0 0 0 0 0 0 0 0 0 0 0 0 0 0 0 0 0 0 0 0 0 0 0 0 0 0 0 0 0 1 0 0 0 0 0
0 0 0 0 0 0 0 0 0 0 0 0 0 0 0 0 0 0 0 0 0 0 0 0 0 0 0 0 0 0 0 0 0 0 0
0 0 0 0 0 0 0 0 0 0 0 0 0 0 0 0 0 0 0 0 0 0 0 0 0 0 0 0 0 0 0 0 0 0 0
0 0 0 0 4 0 0 2 0 0 0 0 2 0 0 0 0 0 3 0 6 0 0 3 0 0 0 0 0 0 0 0 0 0 0
0 0 0 0 3 0 0 1 0 0 0 1 1 2 0 0 0 0 0 0 0 0 3 0 0 2 0 0 0 0 0 0 0 0 0
0 0 0 0 0 0 0 0 0 0 0 0 0 0 0 0 0 0 7 0 0 4 0 2 0 3 0 2 0 0 0 0 0 0 0
0 0 0 0 3 0 5 0 0 0 6 0 0 0 0 7 0 0 0 0 0 0 0 0 0 0 0 7 0 7 0 0 0 0 0
0 0 0 0 0 0 0 0 8 0 0 0 2 0 2 0 0 0 1 0 0 0 1 1 2 0 0 0 0 0 0 0 0 0 0
0 0 0 0 0 0 0 0 0 0 0 1 0 0 0 0 1 0 0 0 0 0 0 0 0 1 0 1 0 0 0 0 0 0 0
0 0 0 0 0 0 0 0 0 0 0 0 0 0 0 0 0 0 0 0 0 0 0 0 0 0 0 0 0 0 0 0 0 0 0
0 0 0 0 0 0 0 0 0 0 0 0 0 0 0 0 0 0 0 0 0 0 0 0 0 0 0 0 0 0 0 0 0 0 0

I cap
1058.909090909091 1058.909090909091 1058.909090909091 950.409090909091 728.5999999999999 821.2199999999998 467.1799999999997 1138.8 731.4 958.0 314.48 756.44 353.05999999999995 657.56 668.5400000000001 730.7890909090911 542.849090909091 459.90909090909093 175.74909090909102 551.9490909090911 518.069090909091 724.709090909091 638.9890909090911 490.2290909090911 662.9890909090911 730.0290909090909 667.5290909090909 443.76909090909106 575.2290909090912 595.069090909091 750.2690909090909 793.9490909090911 941.349090909091 1058.909090909091 672.0
107.96969696969697 107.96969696969697 107.96969696969697 95.46969696969697 84.4 100.78 29.819999999999972 43.2 4.600000000000001 57.0 0.52 60.56 23.939999999999998 79.44 97.46000000000001 89.08969696969697 67.029696969697 61.96969696969697 60.129696969696994 96.52969696969697 67.40969696969697 15.969696969696969 2.889696969696974 22.64969696969697 82.88969696969698 98.84969696969696 91.34969696969696 47.10969696969697 54.649696969696976 22.809696969696965 32.60969696969697 40.92969696969697 69.52969696969697 107.96969696969697 84.0
38.96666666666666 38.96666666666666 38.96666666666666 38.96666666666666 22.43333333333333 20.333333333333336 19.633333333333333 31.5 3.5666666666666753 2.8666666666666725 1.4666666666666668 7.733333333333336 2.833333333333334 0.7333333333333325 4.824999999999999 5.291666666666661 4.624999999999995 4.624999999999995 10.299999999999997 0.033333333333327886 0.033333333333327886 22.83333333333333 38.96666666666666 3.9666666666666615 3.9666666666666615 3.9666666666666615 26.29166666666666 11.624999999999995 11.624999999999995 11.624999999999995 38.96666666666666 38.96666666666666 38.96666666666666 38.96666666666666 23.8
45.24545454545453 45.24545454545453 45.24545454545453 12.555454545454523 2.090000000000006 41.79999999999999 21.37999999999999 22.44 34.78 41.36999999999999 31.45999999999999 14.150000000000002 8.480000000000004 29.72 22.920000000000005 37.04545454545452 27.52545454545452 3.1754545454545227 5.945454545454525 1.4954545454545194 1.2854545454545185 43.77545454545452 13.485454545454523 11.155454545454521 36.44545454545452 43.06545454545452 43.22545454545452 41.54545454545452 41.88545454545452 39.74545454545452 37.63545454545453 37.97545454545453 43.28545454545453 45.24545454545453 42.0
20.999999999999993 20.999999999999993 20.999999999999993 18.949999999999985 0.4700000000000024 8.519999999999996 1.750000000000004 8.94 9.529999999999996 13.009999999999996 15.28 13.51 4.4 3.9200000000000017 2.4099999999999997 5.219999999999993 4.389999999999994 2.6699999999999946 8.179999999999994 14.849999999999987 14.779999999999987 17.50999999999999 1.8199999999999914 0.24999999999999298 0.2199999999999935 8.43999999999999 8.43999999999999 10.73999999999999 19.73999999999999 16.909999999999993 17.089999999999993 17.159999999999993 20.21999999999999 20.999999999999993 21.0
345.75757575757575 345.75757575757575 345.75757575757575 298.61757575757576 204.75 253.61 286.11 272.86 263.80882352941177 295.58058823529416 250.7905882352941 290.40999999999997 306.97999999999996 292.04 264.39 304.64757575757574 302.02757575757573 10.108163992869843 49.84228163992866 79.32228163992865 101.52169340463456 153.9005169340463 41.66698752228163 172.72816399286978 90.01522281639936 180.2793404634582 115.75698752228175 236.7799286987523 263.19934046345816 306.48757575757577 280.93757575757576 286.81757575757575 341.76757575757574 345.75757575757575 245.0
779.7575757575758 779.7575757575758 779.7575757575758 295.8075757575758 265.12 165.07000000000005 366.0799999999999 747.25 817.27 225.93999999999994 161.28999999999982 718.13 526.68 667.4200000000001 17.40000000000009 89.45757575757588 494.14757575757557 469.32757575757546 481.21757575757556 687.5775757575759 682.6075757575758 702.4875757575759 604.2775757575757 501.35757575757583 554.0075757575758 721.2475757575758 18.49757575757576 154.01757575757583 9.267575757575855 132.38757575757575 648.7675757575759 661.6675757575758 749.4575757575758 779.7575757575758 630.0
80.73333333333335 80.73333333333335 80.73333333333335 74.83333333333333 61.95999999999998 88.06000000000002 77.00999999999999 84.49999999999999 48.62999999999998 60.46000000000001 71.23666666666668 82.36333333333333 80.89999999999999 88.05999999999999 76.46 67.15333333333336 66.32 63.11666666666668 60.32666666666664 67.2 73.52333333333333 79.26333333333335 65.18666666666667 57.003333333333345 57.72 69.25333333333334 79.05333333333334 78.00333333333336 78.00333333333336 78.81333333333335 79.05333333333334 79.26333333333335 79.34333333333335 80.73333333333335 48.300000000000004
10.775757575757575 10.775757575757575 10.775757575757575 3.915757575757576 0.6500000000000004 0.8400000000000007 0.23999999999999977 1.99 6.661338147750939e-16 1.2399999999999993 2.24 0.2499999999999991 1.5500000000000012 1.340000000000001 0.8499999999999996 2.2657575757575756 1.0657575757575755 0.9457575757575754 0.1557575757575762 0.15575757575757532 0.1557575757575762 0.15575757575757532 0.1557575757575762 1.1857575757575756 3.5157575757575756 0.8257575757575752 1.4657575757575758 0.015757575757575415 0.9257575757575756 1.8257575757575748 0.12575757575757507 0.12575757575757507 9.825757575757576 10.775757575757575 8.4
2.545454545454545 2.545454545454545 2.545454545454545 0.38545454545454494 0.6099999999999999 0.04999999999999993 0.5800000000000001 0.1200000000000001 0.3400000000000001 0.8700000000000001 0.9400000000000001 0.7699999999999999 0.5599999999999999 2.220446049250313e-16 0.7200000000000002 0.7754545454545451 1.4054545454545453 1.0754545454545452 0.4454545454545452 0.4454545454545452 0.23545454545454525 1.0754545454545452 1.2854545454545452 0.6554545454545452 0.025454545454545174 0.11545454545454514 0.35545454545454513 0.14545454545454517 0.6554545454545452 0.595454545454545 0.2054545454545451 0.805454545454545 1.915454545454545 2.545454545454545 2.8000000000000003
8.515433299825174 8.515433299825174 8.515433299825174 4.976413336122814 2.794590883242585 4.162084137931032 2.8027672459165123 8.127615943738657 10.277468620689652 5.3200757183908 5.370350402298845 6.559722676950996 5.711174736842103 6.4003606896551695 4.5643314655172365 4.558679310344823 5.883348275862067 4.311708339382938 2.7950246491228037 1.5944503554143954 2.1611089366441165 4.834218333333331 3.0802958681185686 3.3040357985480906 6.147335747126436 4.705601379310344 0.8876274137931004 3.344847126436777 4.855618793103446 4.088017586206893 8.743675344827585 9.074372931034482 7.811086206896552 8.024766408045977 11.280892298850576
700.0 700.0 700.0 698.0 687.0 688.0 678.0 690.0 680.0 687.0 679.0 685.0 683.0 685.0 682.0 687.0 681.0 684.0 686.0 683.0 682.0 683.0 684.0 680.0 685.0 684.0 690.0 682.0 688.0 683.0 692.0 693.0 698.0 700.0 697.0

H cap
-5.25 -5.25 50.75 5.25 8.75 1.75 1.75 22.75 8.75 1.75 12.25 5.25 22.75 5.25 5.25 5.25 5.25 5.25 47.25 47.25 68.25 -8.75 -8.75 54.25 54.25 -8.75 -8.75 131.25 131.25 131.25 131.25 131.25 131.25 131.25 131.25
-0.5 -6.5 9.5 0.5 2.5 6.5 2.0 -1.5 -2.0 -5.5 20.0 5.0 -1.5 21.5 -7.5 -10.5 11.5 -3.5 1.5 -0.5 1.5 -8.5 6.5 0.5 3.5 -1.5 1.5 52.5 52.5 52.5 52.5 52.5 52.5 52.5 52.5
38.5 38.5 59.5 56.0 52.5 52.5 45.5 42.0 38.5 35.0 42.0 45.5 38.5 38.5 35.0 35.0 49.0 35.0 35.0 38.5 45.5 52.5 49.0 52.5 56.0 45.5 45.5 63.0 63.0 63.0 63.0 63.0 63.0 63.0 63.0
2.25 -0.75 2.25 -7.25 1.75 -0.25 1.25 -0.75 3.25 -1.25 0.25 -2.25 1.25 -16.25 1.75 0.25 0.75 -0.25 4.25 -18.75 1.75 -0.25 2.75 0.25 6.25 -1.25 0.25 78.75 78.75 78.75 78.75 78.75 78.75 78.75 78.75

Gap
0.03010367569013073

Time
1560.0003681182861

