T P M C
61 37 4 12

base obj
12.707981386429662

exp obj
11.506476235900676

Objective struct
12.707981386429662 0.0 7.901960784313724

num campaigns
337

x
0 0 0 0 0 0 1 0 0 0 0 0 1 0 0 0 1 0 0 1 0 0 1 0 0 0 0 0 0 1 0 1 0 0 1 0 1 0 0 0 0 0 0 0 1 0 0 1 0 1 0 0 0 0 0 1 0 0 0 0 0
0 0 0 0 0 0 0 0 0 0 0 0 0 0 0 0 0 0 0 0 0 0 0 0 0 0 0 0 0 1 0 0 0 0 0 0 1 0 0 0 0 0 0 0 0 1 0 0 0 0 0 0 0 0 0 0 0 0 0 0 0
0 0 0 0 0 0 0 0 1 1 1 0 0 1 0 0 1 0 0 0 0 0 0 0 0 0 1 1 0 0 1 1 0 0 0 0 0 0 0 0 0 0 0 1 0 0 0 1 1 0 0 0 1 0 0 0 0 0 0 0 0
0 0 0 0 0 0 1 0 0 0 0 1 0 0 1 0 1 0 0 0 0 0 0 0 0 1 0 0 0 0 0 0 0 0 0 1 0 0 1 0 1 0 0 1 0 1 0 1 0 0 0 0 0 0 0 0 0 0 0 0 0
0 0 0 0 0 0 0 1 0 0 1 1 0 1 1 0 1 1 0 0 0 0 0 0 1 0 1 0 0 0 0 0 0 1 0 0 0 0 0 1 1 0 0 0 1 1 1 1 0 0 0 0 0 1 0 0 0 0 0 0 0
0 0 0 0 0 0 0 0 0 0 0 0 0 0 0 1 0 0 0 0 1 0 0 0 0 1 0 0 0 0 0 0 0 0 0 0 0 1 0 0 0 0 1 0 0 0 0 0 0 0 0 0 0 0 0 0 0 0 0 0 0
0 0 0 0 1 0 0 0 1 0 0 1 0 0 1 0 0 1 0 0 0 0 0 0 1 0 0 1 0 0 1 0 0 0 0 0 0 0 0 0 1 0 0 0 0 0 1 0 0 1 0 0 1 0 0 0 0 0 0 0 0
0 0 0 0 1 0 0 0 0 0 0 0 0 0 0 0 0 0 1 0 0 0 0 0 0 0 0 0 0 0 0 0 0 0 1 0 0 0 0 0 0 0 0 0 0 0 0 0 0 0 0 1 0 0 0 0 0 0 0 0 0
0 0 0 0 0 0 0 0 1 0 0 0 0 0 0 0 0 0 0 0 0 0 0 0 0 0 0 0 0 0 0 0 0 0 0 0 0 0 0 0 0 0 0 0 0 0 0 0 0 0 0 0 0 0 1 0 0 0 0 0 0
0 0 0 0 0 0 0 0 0 0 0 0 1 0 0 0 0 0 0 0 0 0 0 0 1 0 0 1 0 0 0 0 0 0 0 0 0 0 0 0 0 0 0 1 0 0 0 0 0 0 0 0 0 0 0 0 0 0 0 0 0
0 0 0 0 0 0 1 0 0 0 0 0 0 0 0 0 0 0 1 0 0 0 0 0 0 0 0 0 0 0 1 0 0 0 0 0 0 0 0 0 0 0 0 1 0 0 0 0 0 0 0 0 0 0 0 1 0 0 0 0 0
0 0 0 0 1 0 0 0 0 0 0 0 0 0 0 0 0 0 0 0 0 1 0 0 0 0 0 0 0 0 0 0 0 0 0 0 0 0 1 0 0 0 0 0 0 0 0 0 0 0 0 0 0 0 0 1 0 0 0 0 0
0 0 0 0 0 0 0 0 0 0 0 0 0 0 0 0 0 0 0 0 0 0 0 0 0 1 0 0 0 0 0 0 0 0 0 0 0 0 0 0 1 0 0 0 0 0 0 0 0 0 0 0 0 0 0 0 0 0 0 0 0
0 0 0 0 1 0 0 0 0 0 0 0 0 0 0 0 0 0 1 0 0 0 0 0 0 0 0 0 0 0 1 0 0 0 0 0 0 1 0 0 0 0 0 0 0 0 0 0 0 1 0 0 0 0 0 0 0 0 0 0 0
0 0 0 0 0 0 0 0 0 0 0 0 0 0 0 0 0 0 0 0 1 0 0 0 0 0 0 0 0 0 0 0 1 0 0 0 0 0 0 0 0 0 0 0 0 0 0 0 0 0 0 0 0 0 0 0 0 0 0 0 0
0 0 0 0 0 0 0 0 0 0 0 0 1 0 0 0 0 0 0 0 0 0 0 0 0 0 0 0 0 0 0 0 0 0 0 0 0 0 0 0 0 0 0 0 0 0 0 0 0 0 0 0 0 0 0 0 0 0 0 0 0
0 0 0 0 0 0 0 0 0 0 0 0 0 0 1 0 0 0 0 0 0 0 0 0 0 0 1 0 0 0 0 0 0 0 0 0 0 0 0 0 0 1 0 0 0 0 0 0 0 0 0 0 1 0 0 0 0 0 0 0 0
0 0 0 0 1 0 0 0 0 0 0 0 0 0 0 0 0 0 0 0 0 0 0 0 0 0 0 1 0 0 0 0 0 0 0 0 0 0 0 0 0 0 0 0 0 0 0 0 0 0 1 0 0 0 0 0 0 0 0 0 0
0 0 0 0 0 0 1 0 0 1 0 0 1 0 0 1 0 0 1 0 0 1 0 0 1 0 0 1 0 0 0 0 1 0 0 0 1 0 0 1 0 0 0 1 0 0 1 0 0 1 0 0 0 1 0 0 0 0 0 0 0
0 0 0 0 1 0 0 0 0 0 0 0 0 0 0 0 0 0 0 0 0 0 0 0 0 0 0 0 0 0 0 0 0 0 0 0 0 0 0 0 0 0 0 0 0 0 0 0 0 0 0 0 0 0 0 1 0 0 0 0 0
0 0 0 0 1 0 0 1 0 0 0 1 0 0 1 0 0 0 0 0 0 1 0 0 1 0 0 1 0 0 1 0 0 1 0 0 0 0 1 0 0 0 0 0 0 0 0 0 1 0 0 1 0 0 0 0 0 0 0 0 0
0 0 0 0 0 0 0 0 0 0 0 0 0 0 0 0 0 0 0 0 0 0 0 0 0 0 0 0 0 0 0 0 0 0 0 0 0 0 0 0 0 0 0 0 0 0 0 0 0 0 0 0 0 0 0 0 0 0 0 0 0
0 0 0 0 0 0 0 0 1 0 0 0 0 0 0 0 0 0 0 0 0 0 0 1 0 0 0 0 0 0 0 0 0 0 0 0 0 0 0 1 0 0 0 0 0 0 0 0 0 0 0 0 0 0 0 1 0 0 0 0 0
0 0 0 0 0 0 1 0 0 0 0 0 0 0 1 0 0 0 0 0 0 0 1 0 0 0 0 0 0 0 0 0 0 0 0 1 0 0 0 0 0 0 0 0 0 1 0 0 0 0 0 1 0 0 0 0 0 0 0 0 0
0 0 0 0 0 0 0 0 0 0 1 0 0 0 0 0 0 0 0 0 0 0 0 0 0 0 0 0 1 0 0 0 0 0 0 0 0 0 0 0 0 1 0 0 0 0 0 0 0 0 0 0 0 1 0 0 0 0 0 0 0
0 0 0 0 1 0 0 0 0 0 1 0 0 0 0 0 1 0 0 0 0 0 1 0 0 0 0 0 1 0 0 0 0 0 1 0 0 0 0 0 1 0 0 0 0 0 0 0 0 0 1 0 0 0 0 0 0 0 0 0 0
0 0 0 0 0 0 0 1 0 1 0 0 0 0 0 0 0 1 0 0 0 1 0 1 1 0 0 0 0 0 0 0 0 0 0 0 0 0 1 1 0 0 0 0 0 0 0 0 1 0 1 0 0 0 0 0 0 0 0 0 0
0 0 0 0 0 1 0 0 0 0 0 0 0 0 0 0 0 0 0 0 0 0 0 0 0 0 0 0 0 0 0 0 0 0 0 0 0 0 0 0 0 0 0 0 0 0 0 0 0 0 0 0 0 1 0 0 0 0 0 0 0
0 0 0 0 0 0 0 0 0 0 0 0 0 0 0 0 0 0 0 0 0 0 0 0 0 0 0 0 0 0 0 0 0 0 0 0 0 0 0 0 0 0 0 1 0 0 1 0 0 0 0 0 0 0 0 0 0 0 0 0 0
0 0 0 0 1 1 1 1 1 1 1 1 1 1 0 0 1 1 1 0 0 1 1 0 1 1 0 1 0 1 1 1 1 1 1 1 1 1 1 1 1 1 1 1 1 1 1 1 1 1 1 1 1 1 1 1 0 0 0 0 0
0 0 0 0 1 1 1 1 1 0 1 0 1 0 1 1 1 1 1 1 0 0 1 0 0 1 1 1 0 1 1 0 1 1 1 1 1 1 1 1 0 0 1 1 1 1 1 1 1 1 1 1 1 1 1 1 0 0 0 0 0
0 0 0 0 1 1 1 0 1 0 1 1 1 1 1 0 1 1 1 0 0 0 0 0 1 0 0 0 0 0 0 0 0 0 0 0 0 0 0 0 0 0 0 0 0 0 0 0 0 0 0 0 0 0 0 0 0 0 0 0 0
0 0 0 0 1 1 1 1 1 0 1 1 0 0 1 0 0 1 1 0 0 0 0 1 1 0 0 0 0 0 0 0 0 1 0 1 0 0 0 0 0 0 0 0 0 0 1 1 0 1 0 0 0 0 0 0 0 0 0 0 0
0 0 0 0 0 0 0 0 0 0 0 1 1 0 1 0 1 1 1 0 0 0 0 0 1 1 1 1 0 0 1 1 1 1 1 1 1 1 1 1 1 0 1 1 1 1 1 1 1 1 1 1 1 1 1 1 0 0 0 0 0
0 0 0 0 1 0 1 0 0 0 0 0 0 1 0 0 1 0 0 0 0 0 0 0 0 0 0 0 0 0 1 0 1 1 0 0 0 0 0 0 0 0 0 0 0 1 0 0 0 0 1 0 0 0 0 0 0 0 0 0 0
0 0 0 0 0 0 0 0 0 0 0 0 0 0 0 0 0 0 0 0 0 0 0 0 0 0 0 0 0 0 0 0 0 0 0 0 0 0 0 0 0 0 0 0 0 0 0 0 0 0 1 0 1 0 0 0 0 0 0 0 0
0 0 0 0 0 0 0 0 0 0 0 0 0 0 0 0 0 0 0 0 0 0 0 0 0 0 0 0 0 0 0 0 0 0 0 0 0 0 0 0 0 0 0 0 0 0 0 0 0 0 0 0 0 0 0 0 0 0 0 0 0

y
0.0 2.3636363636363633 0.0 0.0 0.0 0.3636363636363633 0.0 0.0 0.0 1.1785714285714286 0.0 0.0 10.363636363636363 1.9000000000000004 3.5 0.0 0.8000000000000007 0.0 0.875 0.0 0.0 0.0 0.0 0.33333333333333304 1.8000000000000007 0.0 0.0 0.0 0.4500000000000002 0.0 0.0 0.0 0.5048543689320388 0.0 0.0 1.0 0.0

k
0 9 0 0 0 7 0 0 0 25 0 0 10 6 5 0 2 0 10 0 0 6 0 4 2 0 0 0 19 7 11 39 87 17 43 50 6

f
0.0 33.25 0.0 1.75 0.0 0.0 0.0 0.0 19.25 0.0 0.0 0.0 0.0 0.0 0.0 0.0 8.75 5.25 0.0 0.0 0.0 0.0 0.0 0.0 0.0 0.0 0.0 0.0 0.0 0.0 0.0 0.0 0.0 1.75 0.0 0.0 0.0 0.0 0.0 0.0 0.0 0.0 0.0 0.0 0.0 0.0 0.0 0.0 0.0 0.0 0.0 22.75 0.0 0.0 0.0 0.0 0.0 0.0 0.0 0.0 0.0
0.0 0.0 0.0 0.0 0.0 0.0 0.0 0.0 0.0 0.0 0.0 0.0 0.0 0.0 0.0 0.0 0.0 0.0 0.0 0.0 0.0 0.0 0.0 0.0 0.0 0.0 0.0 0.0 0.0 0.0 0.0 0.0 0.0 0.0 0.0 0.0 0.0 0.0 0.0 0.0 0.0 0.0 0.0 0.0 0.0 0.0 0.0 0.0 0.0 0.0 0.0 0.0 0.0 0.0 0.0 0.0 0.0 0.0 0.0 0.0 0.0
0.0 0.0 0.0 0.0 0.0 0.0 0.0 0.0 0.0 0.0 0.0 0.0 0.0 0.0 0.0 0.0 0.0 0.0 0.0 0.0 0.0 0.0 0.0 0.0 0.0 0.0 0.0 0.0 0.0 0.0 0.0 0.0 0.0 0.0 0.0 0.0 0.0 0.0 0.0 0.0 0.0 0.0 0.0 0.0 0.0 0.0 0.0 0.0 0.0 0.0 0.0 0.0 0.0 0.0 0.0 0.0 0.0 0.0 0.0 0.0 0.0
0.0 0.0 0.0 3.25 0.0 0.75 7.75 1.75 1.75 2.25 0.0 6.25 0.0 0.0 0.0 0.0 0.75 2.25 0.25 16.75 0.0 0.0 0.0 0.0 0.75 0.25 0.25 1.25 0.25 0.0 0.0 0.0 0.0 6.75 0.0 2.25 0.0 8.75 6.25 0.75 4.25 0.0 0.0 0.0 0.0 0.25 0.0 0.0 0.25 8.75 0.0 10.75 0.25 0.0 0.0 0.0 0.0 0.0 0.0 0.0 0.0

L
2 7 1 2 1 5 3 14 46 3 12 17 15 7 12 0 11 23 3 51 3 0 15 6 12 6 1 48 3 1 1 1 1 1 1 2 0

g
0 0 0 0 0 0 0 0 0 0 0 0 0 0 0 0 0 0 0 0 0 0 0 0 0 0 0 0 0 0 0 0 0 0 0 0 0 0 0 0 0 0 0 0 0 0 0 0 0 0 0 0 0 0 0 0 0 0 0 0 0
0 0 0 0 0 0 0 0 0 0 0 0 0 0 0 0 0 0 0 0 0 0 0 0 0 0 0 0 0 0 0 0 0 0 0 0 0 0 0 0 0 0 0 0 0 0 0 0 0 0 0 0 0 0 0 0 0 0 0 0 0
0 0 0 0 0 0 0 0 0 0 0 0 0 0 0 0 0 0 0 0 0 0 0 0 0 0 0 0 0 0 0 0 0 0 0 0 0 0 0 0 0 0 0 0 0 0 0 0 0 0 0 0 0 0 0 0 0 0 0 0 0
0 0 0 0 0 0 0 0 0 0 0 0 0 0 0 0 0 0 0 0 0 0 0 0 0 0 0 0 0 0 0 0 0 0 0 0 0 0 0 0 0 0 0 0 0 0 0 0 0 0 0 0 0 0 0 0 0 0 0 0 0
0 0 0 0 0 0 0 0 0 0 0 0 0 0 0 0 0 0 0 0 0 0 0 0 0 0 0 0 0 0 0 0 0 0 0 0 0 0 0 0 0 0 0 0 0 0 0 0 0 0 0 0 0 0 0 0 0 0 0 0 0
0 0 0 0 0 0 0 0 0 0 0 0 0 0 0 0 0 0 0 0 0 0 0 0 0 0 0 0 0 0 0 0 0 0 0 0 0 0 0 0 0 0 0 0 0 0 0 0 0 0 0 0 0 0 0 0 0 0 0 0 0
0 0 0 0 0 0 0 0 0 0 0 0 0 0 0 0 0 0 0 0 0 0 0 0 0 0 0 0 0 0 0 0 0 0 0 0 0 0 0 0 0 0 0 0 0 0 0 0 0 0 0 0 0 0 0 0 0 0 0 0 0
0 0 0 0 0 0 0 0 0 0 0 0 0 0 0 0 0 0 0 0 0 0 0 0 0 0 0 0 0 0 0 0 0 0 0 0 0 0 0 0 0 0 0 0 0 0 0 0 0 0 0 0 0 0 0 0 0 0 0 0 0
0 0 0 0 0 0 0 0 0 0 0 0 0 0 0 0 0 0 0 0 0 0 0 0 0 0 0 0 0 0 0 0 0 0 0 0 0 0 0 0 0 0 0 0 0 0 0 0 0 0 0 0 0 0 0 0 0 0 0 0 0
0 0 0 0 0 0 0 0 0 0 0 0 0 0 0 0 0 0 0 0 0 0 0 0 0 0 0 0 0 0 0 0 0 0 0 0 0 0 0 0 0 0 0 0 0 0 0 0 0 0 0 0 0 0 0 0 0 0 0 0 0
0 0 0 0 0 0 0 0 0 0 0 0 0 0 0 0 0 0 0 0 0 0 0 0 0 0 0 0 0 0 0 0 0 0 0 0 0 0 0 0 0 0 0 0 0 0 0 0 0 0 0 0 0 0 0 0 0 0 0 0 0
0 0 0 0 0 0 0 0 0 0 0 0 0 0 0 0 0 0 0 0 0 0 0 0 0 0 0 0 0 0 0 0 0 0 0 0 0 0 0 0 0 0 0 0 0 0 0 0 0 0 0 0 0 0 0 0 0 0 0 0 0
0 0 0 0 0 0 0 0 0 0 0 0 0 0 0 0 0 0 0 0 0 0 0 0 0 0 0 0 0 0 0 0 0 0 0 0 0 0 0 0 0 0 0 0 0 0 0 0 0 0 0 0 0 0 0 0 0 0 0 0 0
0 0 0 0 0 0 0 0 0 0 0 0 0 0 0 0 0 0 0 0 0 0 0 0 0 0 0 0 0 0 0 0 0 0 0 0 0 0 0 0 0 0 0 0 0 0 0 0 0 0 0 0 0 0 0 0 0 0 0 0 0
0 0 0 0 0 0 0 0 0 0 0 0 0 0 0 0 0 0 0 0 0 0 0 0 0 0 0 0 0 0 0 0 0 0 0 0 0 0 0 0 0 0 0 0 0 0 0 0 0 0 0 0 0 0 0 0 0 0 0 0 0
0 0 0 0 0 0 0 0 0 0 0 0 0 0 0 0 0 0 0 0 0 0 0 0 0 0 0 0 0 0 0 0 0 0 0 0 0 0 0 0 0 0 0 0 0 0 0 0 0 0 0 0 0 0 0 0 0 0 0 0 0
0 0 0 0 0 0 0 0 0 0 0 0 0 0 0 0 0 0 0 0 0 0 0 0 0 0 0 0 0 0 0 0 0 0 0 0 0 0 0 0 0 0 0 0 0 0 0 0 0 0 0 0 0 0 0 0 0 0 0 0 0
0 0 0 0 0 0 0 0 0 0 0 0 0 0 0 0 0 0 0 0 0 0 0 0 0 0 0 0 0 0 0 0 0 0 0 0 0 0 0 0 0 0 0 0 0 0 0 0 0 0 0 0 0 0 0 0 0 0 0 0 0
0 0 0 0 0 0 0 0 0 0 0 0 0 0 0 0 0 0 0 0 0 0 0 0 0 0 0 0 0 0 0 0 0 0 0 0 0 0 0 0 0 0 0 0 0 0 0 0 0 0 0 0 0 0 0 0 0 0 0 0 0
0 0 0 0 0 0 0 0 0 0 0 0 0 0 0 0 0 0 0 0 0 0 0 0 0 0 0 0 0 0 0 0 0 0 0 0 0 0 0 0 0 0 0 0 0 0 0 0 0 0 0 0 0 0 0 0 0 0 0 0 0
0 0 0 0 0 0 0 0 0 0 0 0 0 0 0 0 0 0 0 0 0 0 0 0 0 0 0 0 0 0 0 0 0 0 0 0 0 0 0 0 0 0 0 0 0 0 0 0 0 0 0 0 0 0 0 0 0 0 0 0 0
0 0 0 0 0 0 0 0 0 0 0 0 0 0 0 0 0 0 0 0 0 0 0 0 0 0 0 0 0 0 0 0 0 0 0 0 0 0 0 0 0 0 0 0 0 0 0 0 0 0 0 0 0 0 0 0 0 0 0 0 0
0 0 0 0 0 0 0 0 0 0 0 0 0 0 0 0 0 0 0 0 0 0 0 0 0 0 0 0 0 0 0 0 0 0 0 0 0 0 0 0 0 0 0 0 0 0 0 0 0 0 0 0 0 0 0 0 0 0 0 0 0
0 0 0 0 0 0 0 0 0 0 0 0 0 0 0 0 0 0 0 0 0 0 0 0 0 0 0 0 0 0 0 0 0 0 0 0 0 0 0 0 0 0 0 0 0 0 0 0 0 0 0 0 0 0 0 0 0 0 0 0 0
0 0 0 0 0 0 0 0 0 0 0 0 0 0 0 0 0 0 0 0 0 0 0 0 0 0 0 0 0 0 0 0 0 0 0 0 0 0 0 0 0 0 0 0 0 0 0 0 0 0 0 0 0 0 0 0 0 0 0 0 0
0 0 0 0 0 0 0 0 0 0 0 0 0 0 0 0 0 0 0 0 0 0 0 0 0 0 0 0 0 0 0 0 0 0 0 0 0 0 0 0 0 0 0 0 0 0 0 0 0 0 0 0 0 0 0 0 0 0 0 0 0
0 0 0 0 0 0 0 0 0 0 0 0 0 0 0 0 0 0 0 0 0 0 0 0 0 0 0 0 0 0 0 0 0 0 0 0 0 0 0 0 0 0 0 0 0 0 0 0 0 0 0 0 0 0 0 0 0 0 0 0 0
0 0 0 0 0 0 0 0 0 0 0 0 0 0 0 0 0 0 0 0 0 0 0 0 0 0 0 0 0 0 0 0 0 0 0 0 0 0 0 0 0 0 0 0 0 0 0 0 0 0 0 0 0 0 0 0 0 0 0 0 0
0 0 0 0 0 0 0 0 0 0 0 0 0 0 0 0 0 0 0 0 0 0 0 0 0 0 0 0 0 0 0 0 0 0 0 0 0 0 0 0 0 0 0 0 0 0 0 0 0 0 0 0 0 0 0 0 0 0 0 0 0
0 0 0 0 0 0 0 0 0 0 0 0 0 0 0 0 0 0 0 0 0 0 0 0 0 0 0 0 0 0 0 0 0 0 0 0 0 0 0 0 0 0 0 0 0 0 0 0 0 0 0 0 0 0 0 0 0 0 0 0 0
0 0 0 0 0 0 0 0 0 0 0 0 0 0 0 0 0 0 0 0 0 0 0 0 0 0 0 0 0 0 0 0 0 0 0 0 0 0 0 0 0 0 0 0 0 0 0 0 0 0 0 0 0 0 0 0 0 0 0 0 0
0 0 0 0 0 0 0 0 0 0 0 0 0 0 0 0 0 0 0 0 0 0 0 0 0 0 0 0 0 0 0 0 0 0 0 0 0 0 0 0 0 0 0 0 0 0 0 0 0 0 0 0 0 0 0 0 0 0 0 0 0
0 0 0 0 0 0 0 0 0 0 0 0 0 0 0 0 0 0 0 0 0 0 0 0 0 0 0 0 0 0 0 0 0 0 0 0 0 0 0 0 0 0 0 0 0 0 0 0 0 0 0 0 0 0 0 0 0 0 0 0 0
0 0 0 0 0 0 0 0 0 0 0 0 0 0 0 0 0 0 0 0 0 0 0 0 0 0 0 0 0 0 0 0 0 0 0 0 0 0 0 0 0 0 0 0 0 0 0 0 0 0 0 0 0 0 0 0 0 0 0 0 0
0 0 0 0 0 0 0 0 0 0 0 0 0 0 0 0 0 0 0 0 0 0 0 0 0 0 0 0 0 0 0 0 0 0 0 0 0 0 0 0 0 0 0 0 0 0 0 0 0 0 0 0 0 0 0 0 0 0 0 0 0
0 0 0 0 0 0 0 0 0 0 0 0 0 0 0 0 0 0 0 0 0 0 0 0 0 0 0 0 0 0 0 0 0 0 0 0 0 0 0 0 0 0 0 0 0 0 0 0 0 0 0 0 0 0 0 0 0 0 0 0 0
0 0 0 0 0 0 0 0 0 0 0 0 0 0 0 0 0 0 0 0 0 0 0 0 0 0 0 0 0 0 0 0 0 0 0 0 0 0 0 0 0 0 0 0 0 0 0 0 0 0 0 0 0 0 0 0 0 0 0 0 0

I cap
1058.909090909091 1058.909090909091 1001.509090909091 1001.509090909091 904.1800000000001 873.44 792.06 999.16 669.08 677.1400000000001 468.14000000000004 189.78 531.4600000000002 725.48 491.04 552.7690909090911 361.70909090909106 274.58909090909106 382.44909090909107 658.709090909091 597.5090909090909 593.129090909091 521.849090909091 553.449090909091 535.089090909091 419.0290909090911 697.949090909091 529.429090909091 438.40909090909105 519.5090909090911 495.3490909090909 604.809090909091 476.6690909090912 645.189090909091 77.24000000000001 27.720000000000027 345.00000000000006 490.88 489.48 595.58 194.90000000000003 563.8 497.92 542.3800000000001 583.9000000000001 242.86000000000007 613.9200000000001 443.54 530.5999999999999 488.1400000000001 400.10000000000014 700.44 675.08 791.64 901.64 1118.36 911.4690909090909 940.149090909091 976.349090909091 1058.909090909091 1058.909090909091
107.96969696969697 107.96969696969697 70.96969696969697 70.96969696969697 18.619999999999994 51.56 11.939999999999998 31.839999999999996 38.92 93.86000000000001 76.86000000000001 53.22000000000001 65.54 56.519999999999996 76.96 86.10969696969698 31.16969696969697 32.28969696969696 3.4296969696969724 31.169696969696968 27.369696969696964 9.749696969696975 62.02969696969697 62.42969696969696 58.78969696969696 24.849696969696964 66.92969696969698 31.44969696969697 47.46969696969697 84.36969696969697 50.52969696969697 54.06969696969697 11.209696969696978 53.68969696969698 14.760000000000003 20.279999999999998 40.0 42.12 7.520000000000003 53.42 27.099999999999994 60.2 61.08000000000001 27.62 38.099999999999994 33.14 84.08 75.46000000000001 82.4 38.86 42.900000000000006 50.56 34.92 32.96 14.959999999999999 17.440000000000005 41.40969696969697 43.729696969696974 104.52969696969697 107.96969696969697 107.96969696969697
38.96666666666666 38.96666666666666 14.033333333333328 1.3583333333333272 0.6249999999999947 14.658333333333333 6.95833333333333 16.833333333333336 18.23333333333334 17.53333333333334 23.799999999999997 7.733333333333336 2.833333333333334 14.733333333333334 9.833333333333334 17.299999999999997 17.299999999999997 31.96666666666666 31.96666666666666 31.96666666666666 31.96666666666666 17.299999999999997 17.299999999999997 17.299999999999997 17.299999999999997 17.299999999999997 4.6249999999999964 4.624999999999995 4.624999999999995 4.624999999999995 24.299999999999997 24.299999999999997 17.299999999999997 17.299999999999997 2.1333333333333346 4.2333333333333325 11.2 16.1 5.633333333333331 9.133333333333333 16.133333333333333 32.900000000000006 46.900000000000006 39.2 36.400000000000006 34.3 38.5 44.099999999999994 23.133333333333333 11.858333333333338 14.658333333333335 14.658333333333333 25.15833333333334 2.400000000000002 19.16666666666666 29.366666666666667 38.96666666666666 38.96666666666666 38.96666666666666 38.96666666666666 38.96666666666666
45.24545454545453 45.24545454545453 43.77545454545453 37.82545454545453 19.630000000000006 28.899999999999988 25.68999999999999 28.829999999999995 20.36 19.159999999999993 16.589999999999993 11.620000000000005 16.640000000000004 20.989999999999995 23.740000000000006 32.12545454545452 23.405454545454525 23.72545454545452 29.115454545454526 39.905454545454525 33.79545454545452 26.62545454545452 32.94545454545452 32.37545454545452 26.145454545454523 24.065454545454532 31.765454545454528 26.49545454545453 25.125454545454527 28.025454545454522 28.185454545454515 23.985454545454516 22.22545454545452 27.26545454545452 26.109999999999992 19.119999999999997 22.459999999999994 20.19999999999999 22.699999999999996 37.389999999999986 20.150000000000006 33.49999999999999 38.44 25.169999999999998 25.36999999999999 26.79999999999999 30.599999999999984 23.409999999999986 21.979999999999986 27.009999999999987 34.20999999999999 39.17999999999999 38.34999999999999 35.69999999999999 28.429999999999996 38.599999999999994 41.52545454545452 43.41545454545452 44.615454545454526 45.24545454545453 45.24545454545453
20.999999999999993 20.999999999999993 20.369999999999994 20.019999999999992 9.32 15.779999999999996 8.210000000000004 12.25 7.229999999999997 7.0699999999999985 7.930000000000001 11.449999999999998 12.450000000000003 17.6 8.12 10.269999999999992 4.669999999999994 6.179999999999993 7.099999999999992 10.879999999999994 12.249999999999993 15.009999999999991 16.03999999999999 16.24999999999999 16.09999999999999 12.469999999999995 11.329999999999993 3.7699999999999934 6.469999999999994 11.129999999999994 11.129999999999992 7.769999999999994 6.929999999999994 10.569999999999991 9.79 10.579999999999997 9.479999999999999 8.259999999999996 6.689999999999996 7.869999999999997 4.48 17.299999999999997 15.109999999999994 10.179999999999996 5.730000000000002 4.389999999999998 10.179999999999996 6.220000000000003 7.569999999999998 3.4399999999999977 6.799999999999998 10.28 7.079999999999998 4.700000000000001 6.6599999999999975 9.729999999999997 13.999999999999993 17.30999999999999 20.789999999999992 20.999999999999993 20.999999999999993
345.75757575757575 345.75757575757575 345.75757575757575 312.8163992869875 198.53941176470587 210.01000000000002 263.0211764705882 228.70941176470586 266.11058823529413 213.4294117647059 195.55941176470586 132.79999999999998 167.24000000000004 171.84000000000003 202.77117647058822 209.03698752228163 230.94698752228163 236.70757575757574 249.14875222816403 278.7181639928699 319.24757575757576 314.07757575757574 302.24757575757576 263.59639928698755 260.66816399286984 222.71816399286985 274.0375757575757 221.2375757575757 244.99757575757576 324.82757575757574 312.98757575757577 303.74757575757576 298.64757575757574 317.20757575757574 218.5 258.55 294.44 309.8 305.02 293.51 253.45 327.65 296.15999999999997 247.91999999999996 245.32999999999998 322.46999999999997 320.13 270.84 383.58 373.08 350.82 360.01 333.78999999999996 341.87 376.59 379.68 340.43757575757576 341.76757575757574 341.76757575757574 345.75757575757575 345.75757575757575
779.7575757575758 779.7575757575758 762.7475757575758 683.9975757575758 468.48999999999995 592.64 646.4699999999999 631.5300000000001 732.57 629.6900000000002 479.98999999999995 570.1700000000001 772.55 703.9499999999999 636.78 598.9075757575757 512.2875757575757 478.8975757575758 538.7775757575758 679.9875757575759 649.9275757575757 647.2675757575759 570.3275757575758 509.0675757575757 653.9175757575758 572.9375757575757 620.4675757575758 553.0675757575757 560.4575757575758 674.6275757575758 664.4575757575758 599.7775757575758 496.9575757575758 603.9175757575758 463.51000000000005 543.06 748.45 734.11 639.03 596.47 526.7099999999999 690.7800000000001 654.0799999999999 530.68 509.4799999999999 441.4399999999999 502.83000000000004 449.10999999999996 489.2900000000001 452.88 618.9100000000001 680.4200000000001 609.7700000000001 613.62 637.6700000000001 609.71 720.9975757575756 745.4075757575757 764.8475757575758 779.7575757575758 779.7575757575758
80.73333333333335 80.73333333333335 79.89333333333335 79.19333333333334 63.21999999999999 85.27000000000001 76.96 84.19999999999997 80.31999999999998 84.3 73.50999999999999 78.90666666666667 87.16 90.5933333333333 80.98666666666668 70.29666666666668 68.51 65.90333333333335 67.08333333333336 75.15666666666668 74.52333333333334 72.74333333333335 74.80333333333336 75.43333333333335 73.98000000000002 66.11333333333334 69.42333333333335 65.28333333333336 68.71666666666668 75.85333333333334 72.12 66.33333333333334 64.86333333333334 68.22333333333334 36.71999999999999 57.48999999999999 67.69 62.47 60.90000000000002 67.01000000000002 65.14 77.23333333333333 74.33666666666667 72.77 75.65 77.82 77.14000000000001 67.59 63.299999999999976 61.06 63.58 61.989999999999995 57.419999999999995 53.11 52.259999999999984 51.34999999999999 72.54666666666668 77.94333333333336 80.10333333333335 80.73333333333335 80.73333333333335
10.775757575757575 10.775757575757575 9.725757575757575 9.725757575757575 3.8500000000000005 5.95 4.849999999999999 2.9500000000000006 5.000000000000001 1.9 5.000000000000001 0.10000000000000053 3.5 1.3500000000000005 1.0199999999999987 0.1557575757575762 0.13575757575757552 4.525757575757576 0.9957575757575752 1.2957575757575759 4.995757575757574 3.7957575757575763 2.3457575757575757 0.16575757575757555 3.5757575757575757 1.1757575757575758 1.7457575757575752 0.1557575757575762 3.125757575757576 10.025757575757575 3.4357575757575756 3.835757575757576 1.7957575757575748 0.09575757575757549 0.6200000000000006 1.28 4.500000000000001 6.94 4.789999999999999 2.600000000000001 0.9000000000000004 0.7700000000000005 2.6800000000000015 2.21 0.8400000000000014 9.350000000000001 4.590000000000002 0.8900000000000006 10.9 6.049999999999999 0.44999999999999907 4.35 3.2199999999999998 0.22999999999999865 3.8600000000000003 11.2 10.775757575757575 10.775757575757575 10.775757575757575 10.775757575757575 10.775757575757575
2.545454545454545 2.545454545454545 2.545454545454545 2.545454545454545 1.1799999999999997 0.04999999999999993 1.2400000000000002 0.3600000000000002 0.73 0.6300000000000002 1.4500000000000002 0.7699999999999999 0.5599999999999999 1.2600000000000002 0.8400000000000002 1.2854545454545452 1.7054545454545451 1.0754545454545452 1.2854545454545452 1.0754545454545452 1.0754545454545452 0.2954545454545451 0.35545454545454513 0.985454545454545 1.915454545454545 0.805454545454545 1.045454545454545 0.8054545454545449 0.6554545454545451 0.3254545454545451 0.5654545454545451 0.5654545454545451 0.4454545454545452 1.2854545454545452 0.7000000000000005 0.07000000000000006 0.5800000000000001 0.12000000000000022 0.6699999999999999 0.04999999999999993 0.97 0.6000000000000001 1.0599999999999996 0.7699999999999999 2.220446049250313e-16 0.58 0.3300000000000002 1.5900000000000007 1.33 1.33 0.7300000000000004 0.16999999999999993 0.16999999999999993 0.6700000000000003 0.7299999999999999 0.13000000000000012 0.26545454545454505 1.195454545454545 1.915454545454545 2.545454545454545 2.545454545454545
8.515433299825174 8.515433299825174 8.515433299825174 7.807629307084703 5.130858103448273 5.9827736206896525 4.858937844827584 5.803054540229882 7.769997528735629 7.2626042816091925 7.600235287356319 7.476237931034482 6.949831896551723 4.873682268602537 5.791918017241377 6.7704157199032045 5.072428735632182 4.034303448275859 5.010692958257711 5.801951695402297 5.983159753341032 7.111229827586206 7.202648992740471 6.48915342105263 5.457680229885056 5.391565946763458 5.024650834845733 7.460697096188746 7.682297558983666 7.088017931034483 7.088503275862067 5.872649137931032 4.628327586206895 5.27304227011494 8.78951298850575 10.149088275862068 5.080923103448275 6.738653793103448 5.993789999999999 6.318359827586205 5.229615172413791 5.327464655172412 5.939768793103447 4.847759310344825 4.232771034482757 3.771406379310343 2.096587241379308 3.194722931034482 3.1795467241379285 4.457292241379308 6.981167758620687 5.575853275862066 7.096132586206895 6.758451551724136 8.38036172413793 5.943069165154263 7.3085367481010355 7.3085367481010355 8.515433299825174 8.515433299825174 8.515433299825174
700.0 700.0 699.0 696.0 684.0 688.0 682.0 686.0 681.0 678.0 681.0 680.0 682.0 689.0 680.0 686.0 682.0 682.0 684.0 685.0 684.0 687.0 686.0 677.0 677.0 678.0 683.0 681.0 681.0 684.0 673.0 683.0 685.0 689.0 689.0 681.0 685.0 686.0 685.0 683.0 681.0 678.0 678.0 680.0 688.0 682.0 682.0 680.0 683.0 685.0 684.0 682.0 685.0 681.0 683.0 676.0 691.0 690.0 700.0 700.0 699.0

H cap
1.75 -33.25 1.75 -1.75 1.75 1.75 61.25 57.75 -19.25 1.75 47.25 22.75 1.75 8.75 19.25 5.25 -8.75 -5.25 19.25 15.75 8.75 15.75 54.25 12.25 33.25 33.25 1.75 26.25 5.25 47.25 5.25 5.25 12.25 -1.75 47.25 8.75 26.25 78.75 75.25 33.25 5.25 1.75 22.75 5.25 8.75 19.25 5.25 5.25 26.25 33.25 29.75 -22.75 12.25 131.25 131.25 131.25 131.25 131.25 131.25 131.25 131.25
23.5 11.5 16.0 14.0 19.0 24.5 27.5 17.5 9.0 14.0 15.5 24.0 20.5 3.5 3.5 17.5 37.5 37.5 33.5 35.5 22.5 10.0 18.5 18.5 34.0 38.5 15.0 15.5 22.0 18.5 16.5 19.0 21.0 19.5 20.0 22.0 21.0 27.0 33.5 15.5 10.5 17.0 12.0 7.5 14.0 14.0 10.5 20.5 17.0 20.0 29.5 22.5 34.5 52.5 52.5 52.5 52.5 52.5 52.5 52.5 52.5
49.0 49.0 45.5 38.5 45.5 42.0 42.0 45.5 42.0 42.0 42.0 45.5 42.0 38.5 45.5 49.0 56.0 52.5 45.5 45.5 42.0 42.0 45.5 38.5 45.5 52.5 49.0 49.0 49.0 52.5 49.0 45.5 45.5 52.5 56.0 42.0 35.0 45.5 59.5 42.0 35.0 42.0 38.5 38.5 42.0 49.0 45.5 45.5 49.0 49.0 52.5 45.5 49.0 63.0 63.0 63.0 63.0 63.0 63.0 63.0 63.0
9.25 0.75 6.75 -3.25 4.25 -0.75 -7.75 -1.75 -1.75 -2.25 1.25 -6.25 0.25 6.25 15.25 10.75 -0.75 -2.25 -0.25 -16.75 3.75 2.25 0.25 7.75 -0.75 -0.25 -0.25 -1.25 -0.25 23.25 22.75 1.25 4.75 -6.75 1.75 -2.25 0.25 -8.75 -6.25 -0.75 -4.25 2.25 1.25 1.25 4.75 -0.25 1.75 11.25 -0.25 -8.75 17.25 -10.75 -0.25 78.75 78.75 78.75 78.75 78.75 78.75 78.75 78.75

Gap
0.27954459284085525

Time
1800.0798320770264

