T P M C
61 37 4 12

base obj
9.069363395225464

exp obj
17.361543172851484

Objective struct
9.069363395225464 9.316513878278574 32.92156862745098

num campaigns
531

x
0 0 0 0 0 0 0 0 1 0 0 0 0 0 0 0 0 1 1 1 0 0 0 0 0 0 1 0 0 0 0 0 0 0 0 0 0 0 1 0 0 0 1 0 0 0 1 2 0 0 0 0 0 1 0 2 0 0 0 0 0
0 0 0 0 1 0 0 0 1 0 0 0 0 1 0 0 0 0 0 0 0 0 0 0 0 0 0 0 0 0 0 0 0 0 0 0 0 0 1 0 0 0 0 0 0 0 0 0 0 0 0 1 0 0 0 0 0 0 0 0 0
0 0 0 0 0 0 0 0 0 1 0 0 0 0 3 0 0 0 0 0 0 0 1 0 0 0 0 0 0 0 0 0 0 0 0 0 0 0 0 0 1 0 0 0 1 2 0 0 0 0 0 0 2 2 0 0 0 0 0 0 0
0 0 0 0 0 0 0 1 0 0 0 0 0 0 0 0 1 0 0 0 4 0 0 0 0 0 0 0 0 0 2 0 0 0 0 0 0 0 0 0 0 0 0 3 0 0 0 0 0 0 0 0 0 0 0 0 0 0 0 0 0
0 0 0 0 0 0 0 0 0 0 0 0 0 0 0 0 0 1 0 0 0 0 0 10 0 0 0 0 0 0 6 0 0 0 0 0 0 0 0 0 0 0 0 0 0 0 0 0 0 0 0 0 0 0 0 0 0 0 0 0 0
0 0 0 0 0 0 0 0 0 0 0 0 0 0 0 0 0 0 0 0 0 0 0 0 0 0 0 0 0 0 0 0 0 0 0 0 0 0 0 0 0 0 0 0 0 0 0 0 0 0 0 0 0 0 0 0 0 0 0 0 0
0 0 0 0 0 0 0 0 1 0 0 0 0 0 1 0 0 0 0 0 0 0 0 0 0 0 0 0 0 0 0 0 0 2 0 0 0 0 0 0 2 0 0 0 0 0 0 0 0 6 0 0 0 0 0 0 0 0 0 0 0
0 0 0 0 1 1 0 0 0 0 0 0 0 0 0 0 0 0 0 0 0 0 0 0 0 0 0 0 0 0 0 0 0 0 0 0 1 0 0 0 0 0 0 0 1 0 0 0 0 0 0 0 0 0 0 0 0 0 0 0 0
0 0 0 0 1 0 0 0 0 0 0 0 0 0 0 0 0 0 0 0 0 0 0 0 0 0 0 0 0 0 0 0 0 1 0 0 0 0 0 0 0 0 0 0 0 0 0 0 0 0 0 0 0 0 0 0 0 0 0 0 0
0 0 0 0 0 0 0 0 0 0 0 0 0 0 0 0 0 0 0 0 0 0 0 0 0 0 0 0 0 0 1 0 0 0 0 0 0 0 0 0 0 0 0 0 0 0 0 0 0 0 0 0 0 0 0 0 0 0 0 0 0
0 0 0 0 0 0 0 0 0 0 1 1 0 0 0 0 0 0 0 0 0 2 0 0 0 0 0 0 0 0 0 0 0 0 0 0 0 0 0 0 0 0 0 0 0 0 0 0 0 0 0 0 0 0 0 1 0 0 0 0 0
0 0 0 0 0 0 0 0 1 0 0 0 0 0 0 0 0 0 0 0 0 0 0 0 0 0 0 0 0 0 0 1 0 0 0 0 0 0 0 0 1 0 0 0 0 0 0 0 0 0 0 1 0 0 0 0 0 0 0 0 0
0 0 0 0 0 0 0 0 0 0 0 0 0 1 0 0 0 0 0 0 0 0 0 1 0 0 1 0 0 1 0 0 0 0 1 0 0 0 0 0 0 0 0 0 0 0 0 0 0 0 0 0 0 0 0 0 0 0 0 0 0
0 0 0 0 1 0 0 0 1 0 1 0 1 0 0 0 1 0 0 0 0 0 1 0 1 0 0 0 0 0 0 0 0 1 0 0 0 0 0 0 0 0 0 0 0 0 0 0 1 1 0 1 0 0 0 0 0 0 0 0 0
0 0 0 0 0 0 0 0 0 0 0 0 0 0 0 0 0 0 0 0 0 0 0 0 0 0 0 0 0 0 0 0 0 0 0 0 0 0 0 0 0 0 0 0 0 0 0 0 0 0 0 0 0 0 0 0 0 0 0 0 0
0 0 0 0 0 0 0 0 0 0 0 0 0 0 0 0 0 0 0 0 0 0 0 0 0 0 0 0 0 0 0 0 0 0 0 0 0 0 0 0 0 0 0 0 0 0 0 0 0 0 0 0 0 1 0 0 0 0 0 0 0
0 0 0 0 0 0 0 0 0 0 0 0 0 0 0 0 1 0 1 0 1 0 0 0 1 0 0 0 0 0 0 0 1 0 0 0 0 0 0 0 0 0 0 0 0 0 0 0 0 0 1 0 0 0 0 0 0 0 0 0 0
0 0 0 0 0 0 0 0 0 0 0 0 0 0 0 0 1 0 0 0 0 0 0 0 0 1 0 0 0 0 0 0 0 0 0 0 0 0 0 0 0 0 0 0 0 0 0 0 0 1 0 0 0 0 0 0 0 0 0 0 0
0 0 0 0 0 0 2 0 0 0 2 1 0 0 0 0 3 0 0 1 0 0 3 0 0 3 0 0 0 0 0 5 0 0 0 0 1 0 0 0 1 0 0 1 0 2 0 0 0 0 0 0 0 0 0 0 0 0 0 0 0
0 0 0 0 0 0 0 0 0 0 1 0 0 0 0 1 0 0 0 0 0 0 0 0 0 0 0 0 0 0 0 0 0 0 0 0 0 0 0 0 0 0 0 0 0 0 0 0 0 0 0 0 0 0 0 0 0 0 0 0 0
0 0 0 0 1 0 0 0 0 0 0 0 0 0 0 0 0 0 0 1 1 0 0 0 0 0 0 0 2 0 0 0 0 0 0 0 0 0 0 2 0 0 0 0 0 1 0 1 0 0 2 0 1 0 0 0 0 0 0 0 0
0 0 0 0 0 0 0 0 0 0 0 0 0 0 0 0 0 0 0 0 0 0 0 0 0 0 0 0 0 0 0 0 0 0 0 0 0 0 0 0 0 0 0 0 0 0 0 0 0 0 0 0 0 0 0 0 0 0 0 0 0
0 0 0 0 0 0 0 0 0 0 0 0 1 0 0 0 0 0 0 0 0 0 0 0 0 0 0 0 1 0 0 0 0 0 0 0 0 1 0 1 0 0 0 0 0 0 0 0 0 0 0 0 0 0 0 0 0 0 0 0 0
0 0 0 0 1 0 0 0 0 0 0 0 0 0 0 0 0 0 0 0 0 1 0 0 0 0 0 1 0 1 0 0 1 0 0 0 1 0 0 0 0 0 0 1 0 0 0 0 0 1 0 0 0 0 0 0 0 0 0 0 0
0 0 0 0 0 0 1 0 0 0 0 0 0 0 0 0 0 0 0 0 0 0 0 0 0 0 0 0 0 0 0 0 0 0 1 1 0 0 0 0 0 1 0 0 0 0 0 0 0 0 0 0 0 0 0 0 0 0 0 0 0
0 0 0 0 0 0 0 0 0 0 4 0 0 0 2 0 0 0 0 0 0 0 0 0 0 2 0 0 0 0 0 0 0 0 0 0 0 0 0 0 0 0 0 0 0 0 0 0 0 0 0 0 0 0 0 0 0 0 0 0 0
0 0 0 0 0 0 0 0 0 0 0 0 0 0 1 0 0 0 0 0 0 0 0 0 0 0 1 0 0 0 0 0 0 0 0 0 1 0 0 0 0 0 2 0 0 2 0 0 1 0 0 0 0 0 0 2 0 0 0 0 0
0 0 0 0 0 0 0 0 0 0 0 2 0 0 0 0 0 0 0 0 0 0 0 0 0 0 0 0 0 0 0 0 0 0 0 0 0 0 0 0 0 0 0 0 0 0 0 0 0 0 0 0 0 0 0 0 0 0 0 0 0
0 0 0 0 0 0 0 0 0 0 0 0 0 0 0 0 0 0 0 0 0 0 0 0 0 0 0 0 0 0 0 0 0 0 0 0 0 0 0 0 0 0 0 0 0 0 0 0 0 0 0 0 0 0 0 0 0 0 0 0 0
0 0 0 0 0 0 4 2 0 2 1 0 2 0 0 0 0 1 6 0 0 5 0 0 0 4 0 4 0 0 6 0 0 0 1 0 0 0 5 0 2 4 0 1 0 0 0 0 1 0 0 0 1 0 0 0 0 0 0 0 0
0 0 0 0 4 0 0 2 0 3 0 0 1 0 3 0 0 5 0 0 2 0 4 0 0 6 0 0 4 0 0 6 0 0 0 0 0 0 0 0 0 0 0 0 0 0 2 2 0 4 0 0 0 1 0 3 0 0 0 0 0
0 0 0 0 0 0 0 0 0 0 0 3 0 1 0 4 3 0 0 0 1 3 1 0 0 2 0 0 0 0 0 0 0 4 0 0 0 0 5 2 0 0 0 8 0 3 1 0 0 0 2 0 0 1 1 7 0 0 0 0 0
0 0 0 0 4 0 8 0 6 0 5 0 2 0 0 8 0 1 0 8 1 0 0 0 5 0 2 6 3 0 0 0 7 1 0 0 3 6 0 0 8 0 0 0 6 1 0 2 0 0 0 0 0 6 0 5 0 0 0 0 0
0 0 0 0 0 0 8 0 0 1 0 4 2 0 3 0 1 1 0 0 0 0 0 0 1 0 1 0 0 0 3 2 0 0 0 0 0 0 0 1 0 0 0 0 0 2 4 0 0 0 0 14 0 4 0 0 0 0 0 0 0
0 0 0 0 1 1 0 1 1 1 2 1 2 1 1 0 0 0 0 0 0 0 1 2 0 0 0 1 0 2 1 2 0 0 0 0 0 0 0 2 1 2 0 1 0 0 0 1 2 0 0 0 0 1 0 0 0 0 0 0 0
0 0 0 0 0 0 0 0 0 0 0 0 0 0 0 0 0 0 0 0 0 0 0 0 0 0 0 0 0 0 0 0 0 0 0 0 0 0 0 0 0 0 0 0 0 0 0 0 0 0 0 0 0 0 0 0 0 0 0 0 0
0 0 0 0 0 0 0 0 0 0 0 0 0 0 0 0 0 0 0 0 0 0 0 0 0 0 0 0 0 0 0 0 0 0 0 0 0 0 0 0 0 0 0 0 0 0 0 0 0 0 0 0 0 0 0 0 0 0 0 0 0

y
0.0 0.0 0.0 0.0 0.0 0.0 0.0 0.0 0.0 0.0 0.0 0.0 0.0 0.0 0.0 0.0 0.0 0.0 0.0 0.0 0.0 0.0 0.0 0.0 0.0 0.0 0.0 0.0 0.0 0.0 0.0 0.0 0.0 0.0 0.0 0.0 0.0

k
0 7 0 0 0 12 0 0 0 28 0 0 7 0 7 0 0 0 0 0 0 6 0 2 2 0 0 0 21 0 0 0 0 0 21 52 6

f
0.0 45.150000000000006 0.0 0.0 0.0 0.0 0.0 0.0 0.0 0.0 0.0 0.0 0.0 4.200000000000015 0.0 0.0 0.0 0.0 0.0 1.0500000000000362 0.0 0.0 0.0 0.0 0.0 0.0 0.0 10.500000000000037 0.0 0.0 0.0 0.0 0.0 0.0 0.0 0.0 0.0 0.0 0.0 0.0 0.0 4.200000000000017 0.0 19.950000000000003 0.0 0.0 0.0 0.0 0.0 0.0 0.0 4.200000000000003 4.200000000000003 0.0 0.0 0.0 0.0 0.0 0.0 0.0 0.0
0.0 0.0 8.70000000000001 17.250000000000014 0.0 2.849999999999995 0.0 0.0 0.0 0.0 0.0 10.050000000000004 1.950000000000017 0.0 0.6000000000000085 0.0 0.0 0.0 0.0 0.0 0.5999999999999694 5.100000000000006 0.0 0.0 0.0 0.0 4.199999999999997 23.099999999999973 0.0 0.0 0.0 0.0 0.0 0.0 0.0 0.0 0.0 1.0499999999999972 0.0 0.0 4.200000000000011 0.0 0.0 0.0 0.0 0.0 0.0 4.2 1.5000000000000053 1.5 0.0 6.9 4.2 0.0 0.0 0.0 0.0 0.0 0.0 0.0 0.0
0.0 0.0 0.0 0.0 0.0 0.0 0.0 0.0 0.0 0.0 0.0 0.0 0.0 0.0 0.0 0.0 0.0 0.0 0.0 0.0 0.0 0.0 0.0 0.0 0.0 0.0 0.0 0.0 0.0 0.0 0.0 0.0 0.0 0.0 0.0 0.0 0.0 0.0 0.0 0.0 0.0 0.0 0.0 0.0 0.0 0.0 0.0 0.0 0.0 0.0 0.0 0.0 0.0 0.0 0.0 0.0 0.0 0.0 0.0 0.0 0.0
3.1086244689504383e-15 11.700000000000003 0.0 0.0 0.0 7.200000000000003 0.0 0.0 0.0 3.1500000000000137 0.0 1.3322676295501878e-15 0.0 9.900000000000007 0.0 2.250000000000013 1.7319479184152442e-14 0.4500000000000153 0.4500000000000153 0.4500000000000144 0.4500000000000046 0.0 0.0 0.45000000000000284 0.900000000000027 1.509903313490213e-14 0.9000000000000075 0.0 2.250000000000018 0.45000000000001705 0.9000000000000257 4.050000000000004 1.8000000000000056 3.600000000000004 0.9000000000000039 4.950000000000017 3.1086244689504383e-15 2.250000000000034 1.0658141036401503e-14 7.199999999999999 1.7319479184152442e-14 1.199040866595169e-14 1.350000000000012 0.900000000000011 0.9000000000000106 4.9499999999999975 4.1744385725905886e-14 0.9000000000000128 2.0872192862952943e-14 22.950000000000014 0.44999999999999574 0.8999999999999915 0.0 0.0 0.0 0.0 0.0 0.0 0.0 0.0 0.0

L
0 4 0 0 0 0 0 1 29 0 0 9 3 1 0 0 2 9 0 5 0 0 2 2 1 0 0 0 0 0 0 0 0 0 0 0 0

g
0 0 0 0 0 0 0 0 0 0 0 0 0 0 0 0 0 0 0 0 0 0 0 0 0 0 0 0 0 0 0 0 0 0 0 0 0 0 0 0 0 0 0 0 0 0 0 1 0 0 0 0 0 0 0 1 0 0 0 0 0
0 0 0 0 0 0 0 0 0 0 0 0 0 0 0 0 0 0 0 0 0 0 0 0 0 0 0 0 0 0 0 0 0 0 0 0 0 0 0 0 0 0 0 0 0 0 0 0 0 0 0 0 0 0 0 0 0 0 0 0 0
0 0 0 0 0 0 0 0 0 0 0 0 0 0 2 0 0 0 0 0 0 0 0 0 0 0 0 0 0 0 0 0 0 0 0 0 0 0 0 0 0 0 0 0 0 1 0 0 0 0 0 0 1 1 0 0 0 0 0 0 0
0 0 0 0 0 0 0 0 0 0 0 0 0 0 0 0 0 0 0 0 3 0 0 0 0 0 0 0 0 0 1 0 0 0 0 0 0 0 0 0 0 0 0 2 0 0 0 0 0 0 0 0 0 0 0 0 0 0 0 0 0
0 0 0 0 0 0 0 0 0 0 0 0 0 0 0 0 0 0 0 0 0 0 0 9 0 0 0 0 0 0 5 0 0 0 0 0 0 0 0 0 0 0 0 0 0 0 0 0 0 0 0 0 0 0 0 0 0 0 0 0 0
0 0 0 0 0 0 0 0 0 0 0 0 0 0 0 0 0 0 0 0 0 0 0 0 0 0 0 0 0 0 0 0 0 0 0 0 0 0 0 0 0 0 0 0 0 0 0 0 0 0 0 0 0 0 0 0 0 0 0 0 0
0 0 0 0 0 0 0 0 0 0 0 0 0 0 0 0 0 0 0 0 0 0 0 0 0 0 0 0 0 0 0 0 0 1 0 0 0 0 0 0 1 0 0 0 0 0 0 0 0 5 0 0 0 0 0 0 0 0 0 0 0
0 0 0 0 0 0 0 0 0 0 0 0 0 0 0 0 0 0 0 0 0 0 0 0 0 0 0 0 0 0 0 0 0 0 0 0 0 0 0 0 0 0 0 0 0 0 0 0 0 0 0 0 0 0 0 0 0 0 0 0 0
0 0 0 0 0 0 0 0 0 0 0 0 0 0 0 0 0 0 0 0 0 0 0 0 0 0 0 0 0 0 0 0 0 0 0 0 0 0 0 0 0 0 0 0 0 0 0 0 0 0 0 0 0 0 0 0 0 0 0 0 0
0 0 0 0 0 0 0 0 0 0 0 0 0 0 0 0 0 0 0 0 0 0 0 0 0 0 0 0 0 0 0 0 0 0 0 0 0 0 0 0 0 0 0 0 0 0 0 0 0 0 0 0 0 0 0 0 0 0 0 0 0
0 0 0 0 0 0 0 0 0 0 0 0 0 0 0 0 0 0 0 0 0 1 0 0 0 0 0 0 0 0 0 0 0 0 0 0 0 0 0 0 0 0 0 0 0 0 0 0 0 0 0 0 0 0 0 0 0 0 0 0 0
0 0 0 0 0 0 0 0 0 0 0 0 0 0 0 0 0 0 0 0 0 0 0 0 0 0 0 0 0 0 0 0 0 0 0 0 0 0 0 0 0 0 0 0 0 0 0 0 0 0 0 0 0 0 0 0 0 0 0 0 0
0 0 0 0 0 0 0 0 0 0 0 0 0 0 0 0 0 0 0 0 0 0 0 0 0 0 0 0 0 0 0 0 0 0 0 0 0 0 0 0 0 0 0 0 0 0 0 0 0 0 0 0 0 0 0 0 0 0 0 0 0
0 0 0 0 0 0 0 0 0 0 0 0 0 0 0 0 0 0 0 0 0 0 0 0 0 0 0 0 0 0 0 0 0 0 0 0 0 0 0 0 0 0 0 0 0 0 0 0 0 0 0 0 0 0 0 0 0 0 0 0 0
0 0 0 0 0 0 0 0 0 0 0 0 0 0 0 0 0 0 0 0 0 0 0 0 0 0 0 0 0 0 0 0 0 0 0 0 0 0 0 0 0 0 0 0 0 0 0 0 0 0 0 0 0 0 0 0 0 0 0 0 0
0 0 0 0 0 0 0 0 0 0 0 0 0 0 0 0 0 0 0 0 0 0 0 0 0 0 0 0 0 0 0 0 0 0 0 0 0 0 0 0 0 0 0 0 0 0 0 0 0 0 0 0 0 0 0 0 0 0 0 0 0
0 0 0 0 0 0 0 0 0 0 0 0 0 0 0 0 0 0 0 0 0 0 0 0 0 0 0 0 0 0 0 0 0 0 0 0 0 0 0 0 0 0 0 0 0 0 0 0 0 0 0 0 0 0 0 0 0 0 0 0 0
0 0 0 0 0 0 0 0 0 0 0 0 0 0 0 0 0 0 0 0 0 0 0 0 0 0 0 0 0 0 0 0 0 0 0 0 0 0 0 0 0 0 0 0 0 0 0 0 0 0 0 0 0 0 0 0 0 0 0 0 0
0 0 0 0 0 0 1 0 0 0 1 0 0 0 0 0 2 0 0 0 0 0 2 0 0 2 0 0 0 0 0 4 0 0 0 0 0 0 0 0 0 0 0 0 0 1 0 0 0 0 0 0 0 0 0 0 0 0 0 0 0
0 0 0 0 0 0 0 0 0 0 0 0 0 0 0 0 0 0 0 0 0 0 0 0 0 0 0 0 0 0 0 0 0 0 0 0 0 0 0 0 0 0 0 0 0 0 0 0 0 0 0 0 0 0 0 0 0 0 0 0 0
0 0 0 0 0 0 0 0 0 0 0 0 0 0 0 0 0 0 0 0 0 0 0 0 0 0 0 0 1 0 0 0 0 0 0 0 0 0 0 1 0 0 0 0 0 0 0 0 0 0 1 0 0 0 0 0 0 0 0 0 0
0 0 0 0 0 0 0 0 0 0 0 0 0 0 0 0 0 0 0 0 0 0 0 0 0 0 0 0 0 0 0 0 0 0 0 0 0 0 0 0 0 0 0 0 0 0 0 0 0 0 0 0 0 0 0 0 0 0 0 0 0
0 0 0 0 0 0 0 0 0 0 0 0 0 0 0 0 0 0 0 0 0 0 0 0 0 0 0 0 0 0 0 0 0 0 0 0 0 0 0 0 0 0 0 0 0 0 0 0 0 0 0 0 0 0 0 0 0 0 0 0 0
0 0 0 0 0 0 0 0 0 0 0 0 0 0 0 0 0 0 0 0 0 0 0 0 0 0 0 0 0 0 0 0 0 0 0 0 0 0 0 0 0 0 0 0 0 0 0 0 0 0 0 0 0 0 0 0 0 0 0 0 0
0 0 0 0 0 0 0 0 0 0 0 0 0 0 0 0 0 0 0 0 0 0 0 0 0 0 0 0 0 0 0 0 0 0 0 0 0 0 0 0 0 0 0 0 0 0 0 0 0 0 0 0 0 0 0 0 0 0 0 0 0
0 0 0 0 0 0 0 0 0 0 3 0 0 0 1 0 0 0 0 0 0 0 0 0 0 1 0 0 0 0 0 0 0 0 0 0 0 0 0 0 0 0 0 0 0 0 0 0 0 0 0 0 0 0 0 0 0 0 0 0 0
0 0 0 0 0 0 0 0 0 0 0 0 0 0 0 0 0 0 0 0 0 0 0 0 0 0 0 0 0 0 0 0 0 0 0 0 0 0 0 0 0 0 1 0 0 1 0 0 0 0 0 0 0 0 0 1 0 0 0 0 0
0 0 0 0 0 0 0 0 0 0 0 1 0 0 0 0 0 0 0 0 0 0 0 0 0 0 0 0 0 0 0 0 0 0 0 0 0 0 0 0 0 0 0 0 0 0 0 0 0 0 0 0 0 0 0 0 0 0 0 0 0
0 0 0 0 0 0 0 0 0 0 0 0 0 0 0 0 0 0 0 0 0 0 0 0 0 0 0 0 0 0 0 0 0 0 0 0 0 0 0 0 0 0 0 0 0 0 0 0 0 0 0 0 0 0 0 0 0 0 0 0 0
0 0 0 0 0 0 3 1 0 1 0 0 1 0 0 0 0 0 5 0 0 4 0 0 0 3 0 3 0 0 5 0 0 0 0 0 0 0 4 0 1 3 0 0 0 0 0 0 0 0 0 0 0 0 0 0 0 0 0 0 0
0 0 0 0 3 0 0 1 0 2 0 0 0 0 2 0 0 4 0 0 1 0 3 0 0 5 0 0 3 0 0 5 0 0 0 0 0 0 0 0 0 0 0 0 0 0 1 1 0 3 0 0 0 0 0 2 0 0 0 0 0
0 0 0 0 0 0 0 0 0 0 0 2 0 0 0 3 2 0 0 0 0 2 0 0 0 1 0 0 0 0 0 0 0 3 0 0 0 0 4 1 0 0 0 7 0 2 0 0 0 0 1 0 0 0 0 6 0 0 0 0 0
0 0 0 0 2 0 6 0 4 0 3 0 0 0 0 6 0 0 0 6 0 0 0 0 3 0 0 4 1 0 0 0 5 0 0 0 1 4 0 0 6 0 0 0 4 0 0 0 0 0 0 0 0 4 0 3 0 0 0 0 0
0 0 0 0 0 0 7 0 0 0 0 3 1 0 2 0 0 0 0 0 0 0 0 0 0 0 0 0 0 0 2 1 0 0 0 0 0 0 0 0 0 0 0 0 0 1 3 0 0 0 0 13 0 3 0 0 0 0 0 0 0
0 0 0 0 0 0 0 0 0 0 1 0 1 0 0 0 0 0 0 0 0 0 0 1 0 0 0 0 0 1 0 1 0 0 0 0 0 0 0 1 0 1 0 0 0 0 0 0 1 0 0 0 0 0 0 0 0 0 0 0 0
0 0 0 0 0 0 0 0 0 0 0 0 0 0 0 0 0 0 0 0 0 0 0 0 0 0 0 0 0 0 0 0 0 0 0 0 0 0 0 0 0 0 0 0 0 0 0 0 0 0 0 0 0 0 0 0 0 0 0 0 0
0 0 0 0 0 0 0 0 0 0 0 0 0 0 0 0 0 0 0 0 0 0 0 0 0 0 0 0 0 0 0 0 0 0 0 0 0 0 0 0 0 0 0 0 0 0 0 0 0 0 0 0 0 0 0 0 0 0 0 0 0

I cap
1058.909090909091 1058.909090909091 1021.909090909091 920.509090909091 1060.0 1065.6 1072.44 989.24 676.5999999999999 894.26 266.74 244.54000000000008 421.0 790.2 363.74 331.749090909091 210.58909090909106 730.349090909091 704.4690909090909 692.4690909090909 112.34909090909105 855.7890909090911 886.4490909090911 369.009090909091 297.249090909091 110.94909090909101 557.069090909091 606.7690909090909 854.4490909090911 901.9490909090911 281.90909090909093 615.109090909091 707.509090909091 832.9890909090909 537.2 544.8 487.84 674.94 662.06 767.56 426.46 617.3800000000001 504.6600000000001 231.55999999999995 620.98 162.4600000000001 378.5400000000001 487.87999999999994 676.56 285.0600000000001 724.3800000000001 766.8399999999999 776.5400000000001 487.23999999999995 657.2599999999998 714.3799999999997 655.4690909090909 791.7890909090911 893.7890909090911 1058.909090909091 1058.909090909091
107.96969696969697 107.96969696969697 70.96969696969697 22.369696969696967 15.0 28.400000000000006 45.56 16.76 24.999999999999993 97.34 31.060000000000002 17.460000000000008 25.0 42.4 41.86000000000002 38.92969696969698 41.28969696969699 96.52969696969697 95.40969696969697 95.40969696969697 24.52969696969697 45.08969696969697 41.42969696969697 20.869696969696967 66.62969696969698 67.92969696969698 63.80969696969697 60.10969696969697 80.42969696969698 82.92969696969698 17.969696969696972 9.769696969696973 72.36969696969697 37.889696969696956 13.800000000000004 15.200000000000003 3.1600000000000015 48.06 39.94 51.44 36.54 57.620000000000005 13.340000000000003 11.439999999999998 44.02000000000001 13.539999999999997 16.460000000000004 40.12 94.44 56.93999999999998 102.62 61.16 55.46000000000001 27.75999999999999 48.740000000000016 42.620000000000005 62.40969696969697 68.08969696969697 101.08969696969697 107.96969696969697 107.96969696969697
38.96666666666666 38.96666666666666 38.96666666666666 38.96666666666666 29.43333333333333 27.333333333333336 12.633333333333333 24.5 0.9666666666666721 14.26666666666667 0.6666666666666643 8.400000000000002 3.5 4.466666666666665 6.566666666666666 10.158333333333328 5.291666666666661 5.291666666666661 5.291666666666661 17.299999999999997 2.633333333333331 2.633333333333331 3.299999999999997 17.96666666666666 5.291666666666661 5.291666666666661 5.291666666666661 5.291666666666661 9.633333333333331 9.633333333333331 9.633333333333331 3.9666666666666615 3.9666666666666615 3.9666666666666615 23.8 18.9 11.2 16.1 20.299999999999997 1.4666666666666668 1.4666666666666668 3.5666666666666753 39.900000000000006 39.2 36.400000000000006 5.633333333333331 16.833333333333336 7.766666666666664 17.458333333333332 18.858333333333338 6.9916666666666725 6.9916666666666725 8.500000000000005 34.333333333333336 36.43333333333333 52.5 38.96666666666666 38.96666666666666 38.96666666666666 38.96666666666666 38.96666666666666
45.24545454545453 45.24545454545453 43.77545454545453 39.365454545454526 28.480000000000004 14.63999999999999 2.8099999999999934 27.030000000000005 25.78 21.219999999999985 31.779999999999983 21.22 22.960000000000004 34.13 20.11 28.905454545454525 22.585454545454528 1.495454545454523 7.235454545454521 42.93545454545452 1.3954545454545215 14.23545454545452 41.265454545454524 40.67545454545453 16.965454545454527 20.445454545454528 19.035454545454524 17.705454545454526 41.84545454545453 8.545454545454525 0.0754545454545319 39.355454545454535 41.945454545454524 34.73545454545452 32.25 34.15 33.709999999999994 2.7099999999999964 7.740000000000005 41.58999999999999 0.39999999999999936 17.83999999999999 38.68999999999999 26.24 36.99999999999999 31.009999999999984 23.979999999999997 22.799999999999997 34.63999999999998 47.50999999999999 51.49999999999999 47.269999999999996 43.27999999999998 37.25999999999998 31.799999999999986 37.58999999999998 38.13545454545452 39.185454545454526 43.98545454545452 45.24545454545453 45.24545454545453
20.999999999999993 20.999999999999993 20.369999999999994 19.439999999999994 0.7800000000000001 8.679999999999998 5.890000000000007 12.59 12.089999999999998 0.8099999999999984 10.399999999999997 11.209999999999997 19.4 22.200000000000003 0.26000000000000156 1.7099999999999946 0.7899999999999939 2.849999999999991 3.129999999999993 5.2299999999999915 2.9499999999999904 12.829999999999993 0.10999999999999233 5.6399999999999935 4.709999999999995 1.3899999999999872 1.3199999999999923 1.3199999999999923 8.789999999999992 6.689999999999994 1.1099999999999914 1.0499999999999936 2.2199999999999926 1.6899999999999924 19.74 22.93 19.279999999999998 17.70999999999999 17.63999999999999 17.349999999999994 8.840000000000002 15.339999999999996 15.879999999999994 15.34 17.09 10.109999999999996 3.5700000000000003 2.580000000000005 10.679999999999994 1.6699999999999946 7.8799999999999955 7.78 13.899999999999997 2.6400000000000006 4.52 2.169999999999998 11.22999999999999 11.579999999999991 20.57999999999999 20.999999999999993 20.999999999999993
345.75757575757575 345.75757575757575 345.75757575757575 338.61757575757576 254.75 291.11 315.12 283.27 312.43 306.42 186.0564705882353 219.05176470588236 225.33058823529421 295.2705882352941 113.70588235294122 84.2663992869875 97.5116934046346 196.96934046345814 266.2275757575757 233.2863992869875 118.80463458110506 145.818752228164 201.22992869875216 300.0381639928699 225.16522281639925 216.85875222816395 230.878752228164 301.93757575757576 307.81757575757575 328.81757575757575 288.9875757575757 298.8375757575758 188.1428698752228 186.73992869875227 98.88235294117645 276.5 280.56 125.16411764705884 114.9005882352941 156.08411764705883 249.70117647058828 374.78 80.78058823529415 108.64470588235284 33.5911764705883 185.5305882352941 188.73235294117646 281.7705882352941 394.87 321.1476470588235 289.97117647058826 264.8011764705883 258.38882352941175 264.11941176470583 65.33294117647057 123.89470588235298 124.4216934046346 295.77757575757573 337.77757575757573 345.75757575757575 345.75757575757575
779.7575757575758 779.7575757575758 762.7475757575758 374.9375757575758 330.49 79.69000000000005 317.87999999999994 249.49 482.75 412.5899999999999 435.97 651.0 735.0 847.68 31.079999999999927 13.687575757575669 421.4975757575757 626.3275757575758 52.60757575757589 113.85757575757577 441.5275757575757 707.4575757575758 687.6975757575758 298.75757575757564 359.58757575757573 542.2975757575757 100.84757575757578 93.8275757575758 526.7275757575758 742.2775757575757 654.8775757575756 176.62757575757564 211.59757575757573 617.7075757575757 542.1800000000001 445.79999999999995 87.49999999999997 391.28000000000003 696.5600000000001 28.980000000000018 96.10999999999999 656.0600000000001 651.28 9.410000000000025 93.87000000000009 362.44 238.23999999999995 356.69000000000005 664.4300000000001 637.4700000000001 659.9600000000002 646.13 59.25999999999999 52.069999999999766 75.75999999999988 163.75 661.4875757575759 686.3375757575759 749.9375757575758 779.7575757575758 779.7575757575758
80.73333333333335 80.73333333333335 79.89333333333335 76.65333333333334 63.53999999999999 83.34 45.7033333333333 58.036666666666655 82.22999999999998 82.25666666666665 74.72333333333334 72.02666666666666 77.46666666666667 92.16666666666666 73.06999999999998 62.74333333333336 67.21000000000001 66.73333333333333 70.95666666666666 78.42333333333335 67.93333333333335 75.97333333333334 78.09333333333335 78.21333333333335 71.56 74.03666666666668 73.36 73.82666666666667 80.10333333333335 75.90333333333334 60.74333333333334 59.20666666666668 69.64000000000001 74.03333333333335 44.519999999999996 67.24 76.69000000000001 71.33 71.11999999999999 73.06666666666666 65.39333333333332 73.16000000000001 76.75 80.41999999999999 85.95000000000002 75.73333333333333 55.343333333333334 60.833333333333314 74.68999999999998 74.41000000000003 75.04000000000002 15.533333333333315 16.056666666666686 39.64666666666666 43.673333333333325 58.769999999999996 78.42333333333335 79.47333333333336 79.47333333333336 80.73333333333335 80.73333333333335
10.775757575757575 10.775757575757575 9.725757575757575 7.415757575757575 2.0500000000000007 0.8899999999999997 3.6900000000000004 2.6400000000000006 2.1000000000000014 2.59 0.09000000000000075 1.7000000000000002 0.039999999999999813 0.2500000000000009 2.29 2.665757575757576 1.7457575757575752 0.1557575757575762 0.15575757575757532 0.1557575757575762 0.15575757575757532 0.1557575757575762 1.1857575757575756 1.5757575757575752 0.9457575757575754 0.1557575757575762 1.9857575757575758 2.7757575757575754 3.175757575757576 4.375757575757575 1.9757575757575756 1.5757575757575752 0.9457575757575754 0.1557575757575762 0.9600000000000006 5.95 2.550000000000001 1.2900000000000007 1.0999999999999996 1.9400000000000013 1.1900000000000004 0.6000000000000005 1.8500000000000008 0.14999999999999925 0.9500000000000024 7.449999999999999 2.6500000000000004 0.25 1.6999999999999993 1.4999999999999991 1.6099999999999983 1.9300000000000015 0.8000000000000016 1.1899999999999986 3.1499999999999995 3.2499999999999987 1.1757575757575758 1.1757575757575758 10.775757575757575 10.775757575757575 10.775757575757575
2.545454545454545 2.545454545454545 2.545454545454545 0.38545454545454494 0.6099999999999999 0.04999999999999993 0.9400000000000001 0.2100000000000002 0.21999999999999997 0.03000000000000025 0.94 0.7699999999999999 0.1399999999999999 0.24 0.09000000000000008 0.2954545454545451 1.2854545454545452 0.4454545454545452 0.23545454545454514 0.23545454545454525 0.4454545454545452 1.2854545454545452 1.915454545454545 1.4354545454545449 0.41545454545454497 0.8054545454545449 0.595454545454545 0.2054545454545451 0.805454545454545 0.805454545454545 1.045454545454545 0.4454545454545449 0.925454545454545 0.38545454545454505 0.8500000000000003 0.5800000000000001 1.0599999999999996 0.2100000000000002 1.21 0.04999999999999993 0.039999999999999925 0.12000000000000022 1.2400000000000002 0.5599999999999999 0.8400000000000002 0.28 2.220446049250313e-16 1.6800000000000006 0.4900000000000001 0.91 1.6800000000000004 0.4299999999999998 0.9400000000000001 0.8700000000000009 0.7000000000000001 0.4900000000000001 0.23545454545454525 1.2854545454545452 1.2854545454545452 2.545454545454545 2.545454545454545
8.515433299825174 8.515433299825174 8.515433299825174 7.136122954997587 4.5141916091954 2.0998336842105223 1.85558048548094 5.7818812613430115 6.367033393829397 5.309489078947364 6.106889854809433 6.836491842105261 6.636129192377493 6.325648045977009 3.759733936781604 3.6391389080459717 6.801980892316998 3.7763181397459142 1.0548855081669657 2.468618534482755 2.4841276904251197 3.200824676346034 6.601167011494251 0.27167040229884654 0.35634966122201756 1.135667924984873 1.4696296612220174 3.9806606261342976 7.26941172413793 5.611883629764064 3.766361715063516 2.9536836206896506 2.4662586206896515 5.999146323351481 9.45996065940714 10.666329655172412 4.058509137931032 4.07894400181488 4.6816605384150005 1.609648738656984 0.20481212946158184 4.969025626134299 5.926792041742285 2.2440687053841453 1.6632304597701106 5.512785344827584 4.296012183908044 4.197838133696307 4.490798992740469 5.659016379310343 8.504156436781608 6.776095432546883 5.0280746823956415 4.102704597701146 6.371741206896548 2.399058275862065 6.331524909020574 7.13612261017 8.170605713618277 8.515433299825174 8.515433299825174
700.0 700.0 700.0 698.0 686.0 686.0 681.0 688.0 682.0 686.0 674.0 682.0 673.0 680.0 675.0 679.0 681.0 682.0 680.0 687.0 679.0 676.0 684.0 673.0 675.0 670.0 681.0 682.0 680.0 681.0 675.0 677.0 681.0 682.0 680.0 682.0 679.0 679.0 683.0 681.0 685.0 684.0 687.0 680.0 685.0 678.0 686.0 687.0 687.0 677.0 681.0 683.0 683.0 679.0 684.0 686.0 689.0 693.0 698.0 700.0 700.0

H cap
2.099999999999998 -45.150000000000006 55.64999999999999 93.44999999999999 24.14999999999999 24.14999999999999 83.99999999999999 11.549999999999983 17.849999999999994 68.25 46.19999999999999 68.24999999999999 43.04999999999998 -4.200000000000015 17.849999999999994 8.399999999999993 8.399999999999979 46.199999999999974 65.09999999999998 -1.0500000000000362 27.29999999999997 61.94999999999999 8.399999999999991 58.8 71.39999999999999 71.39999999999999 36.74999999999997 -10.500000000000037 55.64999999999998 61.94999999999999 71.39999999999999 112.35 39.89999999999999 17.849999999999994 21.0 2.0999999999999943 33.59999999999998 74.54999999999998 43.05 5.249999999999989 27.299999999999983 -4.200000000000017 5.249999999999986 -19.950000000000003 11.549999999999997 17.84999999999998 5.249999999999975 61.94999999999999 61.94999999999999 5.249999999999986 33.599999999999994 -4.200000000000003 -4.200000000000003 131.25 131.25 131.25 131.25 131.25 131.25 131.25 131.25
13.799999999999994 6.599999999999993 -8.70000000000001 -17.250000000000014 2.5499999999999874 -2.849999999999995 3.449999999999987 1.199999999999993 0.29999999999999094 11.09999999999999 9.749999999999996 -10.050000000000004 -1.950000000000017 2.5499999999999945 -0.6000000000000085 1.199999999999993 2.099999999999988 2.9999999999999982 4.3499999999999925 1.649999999999979 -0.5999999999999694 -5.100000000000006 0.29999999999998384 2.9999999999999947 3.899999999999986 23.69999999999998 -4.199999999999997 -23.099999999999973 0.29999999999999094 4.799999999999988 20.999999999999996 45.3 37.19999999999999 20.99999999999999 2.099999999999988 4.799999999999992 1.649999999999996 -1.0499999999999972 26.399999999999984 8.849999999999998 -4.200000000000011 3.4499999999999904 2.999999999999991 6.59999999999999 14.699999999999992 11.099999999999994 16.500000000000018 -4.2 -1.5000000000000053 -1.5 2.9999999999999947 -6.9 -4.2 52.5 52.5 52.5 52.5 52.5 52.5 52.5 52.5
50.400000000000006 47.25000000000001 53.550000000000004 53.550000000000004 53.550000000000004 53.550000000000004 34.65000000000001 31.500000000000014 53.550000000000004 53.550000000000004 37.80000000000001 40.95000000000001 40.95000000000001 37.80000000000001 50.400000000000006 50.400000000000006 40.95000000000001 37.80000000000001 40.95000000000001 15.75000000000002 25.200000000000017 40.95000000000001 34.65000000000001 50.400000000000006 56.7 53.550000000000004 28.350000000000016 18.90000000000002 40.95000000000001 53.550000000000004 56.7 59.85 50.400000000000006 47.25000000000001 53.550000000000004 53.550000000000004 53.550000000000004 56.7 53.550000000000004 37.80000000000001 40.95000000000001 37.80000000000001 40.95000000000001 53.550000000000004 53.550000000000004 53.550000000000004 53.550000000000004 56.7 53.550000000000004 44.10000000000001 50.400000000000006 47.25000000000001 47.25000000000001 63.0 63.0 63.0 63.0 63.0 63.0 63.0 63.0
-3.1086244689504383e-15 -11.700000000000003 0.4500000000000015 0.8999999999999759 0.900000000000031 -7.200000000000003 0.9000000000000044 0.44999999999999796 1.8207657603852567e-14 -3.1500000000000137 2.220446049250313e-15 -1.3322676295501878e-15 0.4500000000000157 -9.900000000000007 0.4499999999999873 -2.250000000000013 -1.7319479184152442e-14 -0.4500000000000153 -0.4500000000000153 -0.4500000000000144 -0.4500000000000046 0.8999999999999866 0.44999999999999085 -0.45000000000000284 -0.900000000000027 -1.509903313490213e-14 -0.9000000000000075 0.44999999999999085 -2.250000000000018 -0.45000000000001705 -0.9000000000000257 -4.050000000000004 -1.8000000000000056 -3.600000000000004 -0.9000000000000039 -4.950000000000017 -3.1086244689504383e-15 -2.250000000000034 -1.0658141036401503e-14 -7.199999999999999 -1.7319479184152442e-14 -1.199040866595169e-14 -1.350000000000012 -0.900000000000011 -0.9000000000000106 -4.9499999999999975 -4.1744385725905886e-14 -0.9000000000000128 -2.0872192862952943e-14 -22.950000000000014 -0.44999999999999574 -0.8999999999999915 0.4500000000000015 78.75 78.75 78.75 78.75 78.75 78.75 78.75 78.75

Gap
0.05656698181620684

Time
1800.00075507164

