T P M C
61 37 4 12

base obj
12.711900786839935

exp obj
11.71529813914956

Objective struct
12.711900786839935 0.0 8.725490196078429

num campaigns
359

x
0 0 0 0 0 0 0 0 1 0 0 0 1 0 1 0 1 0 0 0 0 0 0 1 0 1 0 0 0 0 1 0 0 0 0 1 0 1 0 0 0 0 0 0 1 0 0 1 0 0 0 1 0 0 0 1 0 0 0 0 0
0 0 0 0 0 0 0 0 0 0 0 0 0 0 0 0 0 0 0 0 0 0 0 0 0 0 0 0 0 0 0 1 0 0 0 0 0 0 0 0 0 0 0 1 0 0 0 0 0 0 0 0 0 0 0 0 0 0 0 0 0
0 0 0 0 0 0 0 0 1 1 1 0 1 0 0 0 0 0 0 1 0 1 0 0 0 1 0 0 1 0 0 0 0 0 0 0 0 0 0 1 0 0 0 1 0 0 1 1 0 0 0 1 0 0 0 0 0 0 0 0 0
0 0 0 0 0 0 0 1 0 0 0 1 0 0 0 0 1 0 0 1 0 0 0 0 1 0 0 0 0 0 0 0 1 0 0 1 0 0 0 0 0 1 0 0 0 1 0 0 1 0 0 0 1 0 0 0 0 0 0 0 0
0 0 0 0 1 0 0 1 0 0 1 0 0 1 0 0 1 0 0 1 0 0 0 0 0 0 0 1 0 0 0 0 0 1 0 0 0 0 1 0 0 1 0 0 0 1 0 0 1 0 0 0 0 1 0 0 0 0 0 0 0
0 0 0 0 0 0 0 0 0 0 0 0 0 0 0 0 0 0 0 0 0 0 0 0 0 0 1 0 0 0 0 0 1 0 0 0 0 0 0 0 0 1 0 0 0 0 0 0 0 0 0 0 0 0 0 0 0 0 0 0 0
0 0 0 0 1 0 0 0 1 0 1 0 1 0 0 0 0 0 1 0 0 1 0 0 0 0 0 1 0 0 0 1 0 1 0 0 0 0 1 0 0 1 0 0 0 0 0 1 0 0 0 0 0 0 0 0 0 0 0 0 0
0 0 0 0 0 0 1 0 0 0 0 0 0 0 0 0 0 0 0 0 1 0 0 0 0 0 0 0 0 0 0 0 0 0 0 0 1 0 0 0 0 0 0 0 0 0 0 0 0 0 0 1 0 0 0 0 0 0 0 0 0
0 0 0 0 1 0 0 0 0 0 0 0 0 0 0 0 0 0 0 0 0 0 0 0 0 0 0 0 0 0 0 0 0 0 0 0 0 0 0 0 0 0 0 0 0 0 0 0 0 0 0 0 0 0 1 0 0 0 0 0 0
0 0 0 0 0 0 0 0 0 0 0 0 0 0 0 0 0 0 0 0 0 0 0 0 0 0 0 0 0 1 0 1 0 0 0 0 0 0 0 0 0 0 0 0 0 0 0 0 1 0 0 0 0 0 0 0 0 0 0 0 0
0 0 0 0 1 0 0 0 0 0 0 0 0 0 0 0 1 0 0 0 0 0 0 0 0 0 0 1 0 0 0 0 0 0 0 0 0 0 0 0 0 0 0 1 0 0 0 0 0 0 0 0 0 0 0 1 0 0 0 0 0
0 0 0 0 0 0 0 0 1 0 0 0 0 0 0 0 0 0 0 0 0 0 0 1 0 0 0 0 0 0 0 0 0 0 0 0 0 0 0 0 1 0 0 0 0 0 0 0 0 0 0 0 0 0 0 1 0 0 0 0 0
0 0 0 0 0 0 1 0 0 0 0 0 0 0 0 0 0 0 0 0 0 0 0 0 0 0 0 0 0 0 0 0 0 0 0 0 0 0 0 0 0 0 0 0 0 0 0 0 0 1 0 0 0 0 0 0 0 0 0 0 0
0 0 0 0 1 0 0 0 0 0 0 0 0 0 1 0 0 1 0 0 0 1 0 0 0 1 0 0 1 0 0 1 0 0 0 0 0 0 0 0 0 0 1 0 0 0 1 0 0 0 1 0 0 1 0 0 0 0 0 0 0
0 0 0 0 0 0 0 0 0 0 0 0 0 0 0 0 0 0 0 0 0 0 0 0 0 0 0 0 0 0 0 0 0 0 1 0 0 0 0 0 0 0 0 0 0 0 0 0 0 1 0 0 0 0 0 0 0 0 0 0 0
0 0 0 0 0 0 0 0 0 0 0 0 0 0 0 0 0 0 0 0 0 0 0 0 0 0 0 0 0 1 0 0 0 0 0 0 0 0 0 0 0 0 0 0 0 0 0 0 0 0 0 0 0 0 0 0 0 0 0 0 0
0 0 0 0 0 0 0 0 0 0 0 0 0 1 0 0 0 0 0 0 0 0 0 1 0 0 0 0 0 0 0 0 0 0 0 0 0 0 0 0 0 0 1 0 0 0 0 0 0 0 0 0 0 0 0 1 0 0 0 0 0
0 0 0 0 1 0 0 0 0 0 0 0 0 0 0 0 0 0 0 0 0 0 0 0 0 0 0 1 0 0 0 0 0 0 0 0 0 0 0 0 0 0 0 0 0 0 0 0 0 0 0 0 0 1 0 0 0 0 0 0 0
0 0 0 0 0 0 0 1 0 0 0 0 0 1 0 0 0 0 1 0 0 1 0 0 1 0 0 0 0 1 0 0 1 0 0 0 0 1 0 0 1 0 0 0 0 0 0 1 0 0 1 0 0 0 0 0 0 0 0 0 0
0 0 0 0 1 0 0 0 0 0 0 0 0 0 0 0 0 0 0 0 0 0 0 0 0 0 0 0 0 0 0 0 0 0 0 0 0 0 0 0 0 0 0 0 0 0 0 0 0 0 0 0 0 0 0 1 0 0 0 0 0
0 0 0 0 1 0 0 0 1 0 0 0 1 0 0 0 1 0 0 0 0 0 1 0 0 0 0 1 0 0 0 1 0 0 0 0 0 1 0 0 0 1 0 0 0 1 0 0 0 1 0 0 0 0 0 1 0 0 0 0 0
0 0 0 0 0 0 0 0 0 0 0 0 0 0 0 0 0 0 0 0 0 0 0 0 0 0 0 0 0 0 0 0 0 0 0 0 0 0 0 0 0 0 0 0 0 0 0 0 0 0 0 0 0 0 0 0 0 0 0 0 0
0 0 0 0 0 0 1 0 0 0 0 0 0 0 0 0 0 0 0 0 0 0 1 0 0 0 0 0 0 0 0 0 0 0 0 0 0 0 1 0 0 0 0 0 0 0 0 0 0 0 0 0 0 1 0 0 0 0 0 0 0
0 0 0 0 0 0 0 0 0 0 1 1 0 0 0 1 0 0 0 0 0 0 0 0 0 0 0 1 0 0 0 0 0 0 0 0 1 0 0 1 1 0 0 0 0 1 0 0 0 0 0 0 0 0 0 0 0 0 0 0 0
0 0 0 0 0 0 0 0 0 0 0 0 0 0 0 0 0 0 1 0 0 0 0 0 0 0 0 0 0 0 0 0 0 1 0 0 0 0 0 0 0 0 0 0 0 0 0 0 0 0 0 0 0 0 0 0 0 0 0 0 0
0 0 0 0 1 0 0 0 0 1 0 0 0 0 0 0 0 0 1 0 0 0 0 0 0 0 0 0 0 0 1 0 0 0 0 0 1 0 0 0 0 0 0 1 0 0 0 0 1 0 0 0 0 0 0 1 0 0 0 0 0
0 0 0 0 0 0 0 0 0 0 1 0 0 0 0 0 0 0 0 0 1 0 0 0 0 0 0 0 0 1 0 0 0 0 0 0 0 0 0 0 0 0 0 0 1 0 0 0 0 0 0 0 1 0 0 0 0 0 0 0 0
0 0 0 0 0 1 0 0 0 0 0 0 0 0 0 0 0 0 0 0 0 0 0 0 0 0 0 0 0 0 0 0 0 0 0 0 0 0 0 0 0 0 0 0 0 0 0 0 0 0 0 0 0 0 0 1 0 0 0 0 0
0 0 0 0 0 0 0 0 0 0 0 0 0 0 0 0 0 0 0 0 0 0 0 0 0 0 0 0 0 0 0 0 0 0 0 0 0 0 0 0 0 0 0 0 0 0 0 0 0 0 0 0 0 0 0 0 0 0 0 0 0
0 0 0 0 1 1 1 1 1 1 1 1 1 1 1 1 1 1 1 1 1 1 1 1 1 1 1 1 1 1 1 1 1 1 1 1 1 1 1 1 1 1 1 1 1 1 1 1 1 1 1 1 1 1 1 1 0 0 0 0 0
0 0 0 0 1 1 1 1 1 1 1 1 1 1 1 1 1 1 1 1 1 1 1 1 1 1 1 1 1 1 1 1 1 1 1 1 1 1 1 1 1 1 1 1 1 1 1 1 1 1 1 1 1 1 1 1 0 0 0 0 0
0 0 0 0 1 0 0 0 0 0 0 0 0 0 0 0 0 1 0 0 0 0 0 0 1 0 0 0 0 0 0 0 0 0 0 0 1 1 0 0 0 0 0 0 0 1 0 0 1 0 0 1 0 0 0 0 0 0 0 0 0
0 0 0 0 1 1 1 1 1 1 0 0 0 0 1 0 0 0 0 0 0 0 0 0 0 0 1 1 0 0 0 0 0 0 0 1 0 0 0 0 0 0 0 1 1 0 1 0 0 0 0 0 0 0 0 0 0 0 0 0 0
0 0 0 0 1 1 1 1 1 1 1 1 1 1 1 1 1 1 1 1 1 1 1 1 1 1 1 1 1 1 1 1 1 1 1 1 1 1 1 1 1 1 1 1 1 1 1 1 1 1 1 1 1 1 1 1 0 0 0 0 0
0 0 0 0 0 1 1 0 0 1 0 0 1 0 0 1 0 0 0 1 0 0 1 0 0 0 1 1 0 0 0 0 0 0 0 0 0 0 0 0 0 1 1 0 0 1 0 0 1 0 0 1 0 1 1 0 0 0 0 0 0
0 0 0 0 0 0 0 0 0 0 0 0 0 0 0 0 0 0 1 0 0 0 0 0 0 0 0 0 0 0 0 0 0 0 0 0 0 0 0 0 0 0 0 0 0 0 0 1 0 0 0 0 1 0 0 0 0 0 0 0 0
0 0 0 0 0 0 0 0 0 0 0 0 0 0 0 0 0 0 0 0 1 0 0 0 0 0 0 0 0 0 0 0 0 0 0 0 0 0 0 0 0 0 0 0 0 0 0 0 0 0 0 0 0 0 0 0 0 0 0 0 0

y
0.0 7.363636363636363 0.0 0.0 0.0 1.3636363636363633 0.0 0.0 0.0 0.1785714285714286 0.0 0.0 38.36363636363636 0.0 6.5 0.0 0.0 0.0 0.875 0.0 0.0 0.0 0.0 0.0 4.800000000000001 0.0 2.333333333333333 0.0 0.0 0.0 0.0 0.0 0.5048543689320388 0.0 0.0 4.0 0.0

k
0 10 0 0 4 9 0 0 0 26 0 0 10 0 5 0 2 0 14 0 0 6 0 2 4 0 5 0 21 0 0 44 91 0 36 49 5

f
0.0 26.25 0.0 0.0 0.0 0.0 0.0 0.0 0.0 0.0 0.0 0.0 0.0 0.0 0.0 0.0 0.0 0.0 0.0 0.0 0.0 0.0 0.0 0.0 0.0 0.0 0.0 0.0 0.0 0.0 0.0 0.0 0.0 5.25 0.0 0.0 0.0 0.0 0.0 0.0 0.0 0.0 0.0 0.0 0.0 0.0 0.0 0.0 12.25 0.0 0.0 43.75 8.75 0.0 0.0 0.0 0.0 0.0 0.0 0.0 0.0
0.0 0.0 0.0 0.0 0.0 0.0 0.0 0.0 0.0 0.0 0.0 0.0 0.0 0.0 0.0 0.0 0.0 0.0 0.0 0.0 0.0 0.0 0.0 0.0 0.0 0.0 0.0 0.0 0.0 0.0 0.0 0.0 0.0 0.0 0.0 0.0 0.0 0.0 0.0 0.0 0.0 0.0 0.0 0.0 0.0 0.0 0.0 0.0 0.0 0.0 0.0 0.0 0.0 0.0 0.0 0.0 0.0 0.0 0.0 0.0 0.0
0.0 0.0 0.0 0.0 0.0 0.0 0.0 0.0 0.0 0.0 0.0 0.0 0.0 0.0 0.0 0.0 0.0 0.0 0.0 0.0 0.0 0.0 0.0 0.0 0.0 0.0 0.0 0.0 0.0 0.0 0.0 0.0 0.0 0.0 0.0 0.0 0.0 0.0 0.0 0.0 0.0 0.0 0.0 0.0 0.0 0.0 0.0 0.0 0.0 0.0 0.0 0.0 0.0 0.0 0.0 0.0 0.0 0.0 0.0 0.0 0.0
0.0 0.0 0.0 0.75 0.0 0.0 0.0 5.25 0.0 0.0 0.0 0.0 0.0 0.0 0.25 0.0 1.75 16.25 1.25 17.75 0.0 0.0 8.25 0.0 1.25 4.25 0.25 0.75 2.75 1.75 6.75 0.0 0.25 0.75 0.0 0.25 0.75 0.75 4.75 0.0 0.0 0.0 0.0 1.25 0.0 4.25 2.25 0.75 0.0 5.75 0.0 8.75 0.0 0.0 0.0 0.0 0.0 0.0 0.0 0.0 0.0

L
2 12 1 3 3 6 2 14 50 2 11 15 43 3 15 0 10 23 3 51 4 0 15 1 15 5 8 50 0 1 1 1 1 1 1 5 0

g
0 0 0 0 0 0 0 0 0 0 0 0 0 0 0 0 0 0 0 0 0 0 0 0 0 0 0 0 0 0 0 0 0 0 0 0 0 0 0 0 0 0 0 0 0 0 0 0 0 0 0 0 0 0 0 0 0 0 0 0 0
0 0 0 0 0 0 0 0 0 0 0 0 0 0 0 0 0 0 0 0 0 0 0 0 0 0 0 0 0 0 0 0 0 0 0 0 0 0 0 0 0 0 0 0 0 0 0 0 0 0 0 0 0 0 0 0 0 0 0 0 0
0 0 0 0 0 0 0 0 0 0 0 0 0 0 0 0 0 0 0 0 0 0 0 0 0 0 0 0 0 0 0 0 0 0 0 0 0 0 0 0 0 0 0 0 0 0 0 0 0 0 0 0 0 0 0 0 0 0 0 0 0
0 0 0 0 0 0 0 0 0 0 0 0 0 0 0 0 0 0 0 0 0 0 0 0 0 0 0 0 0 0 0 0 0 0 0 0 0 0 0 0 0 0 0 0 0 0 0 0 0 0 0 0 0 0 0 0 0 0 0 0 0
0 0 0 0 0 0 0 0 0 0 0 0 0 0 0 0 0 0 0 0 0 0 0 0 0 0 0 0 0 0 0 0 0 0 0 0 0 0 0 0 0 0 0 0 0 0 0 0 0 0 0 0 0 0 0 0 0 0 0 0 0
0 0 0 0 0 0 0 0 0 0 0 0 0 0 0 0 0 0 0 0 0 0 0 0 0 0 0 0 0 0 0 0 0 0 0 0 0 0 0 0 0 0 0 0 0 0 0 0 0 0 0 0 0 0 0 0 0 0 0 0 0
0 0 0 0 0 0 0 0 0 0 0 0 0 0 0 0 0 0 0 0 0 0 0 0 0 0 0 0 0 0 0 0 0 0 0 0 0 0 0 0 0 0 0 0 0 0 0 0 0 0 0 0 0 0 0 0 0 0 0 0 0
0 0 0 0 0 0 0 0 0 0 0 0 0 0 0 0 0 0 0 0 0 0 0 0 0 0 0 0 0 0 0 0 0 0 0 0 0 0 0 0 0 0 0 0 0 0 0 0 0 0 0 0 0 0 0 0 0 0 0 0 0
0 0 0 0 0 0 0 0 0 0 0 0 0 0 0 0 0 0 0 0 0 0 0 0 0 0 0 0 0 0 0 0 0 0 0 0 0 0 0 0 0 0 0 0 0 0 0 0 0 0 0 0 0 0 0 0 0 0 0 0 0
0 0 0 0 0 0 0 0 0 0 0 0 0 0 0 0 0 0 0 0 0 0 0 0 0 0 0 0 0 0 0 0 0 0 0 0 0 0 0 0 0 0 0 0 0 0 0 0 0 0 0 0 0 0 0 0 0 0 0 0 0
0 0 0 0 0 0 0 0 0 0 0 0 0 0 0 0 0 0 0 0 0 0 0 0 0 0 0 0 0 0 0 0 0 0 0 0 0 0 0 0 0 0 0 0 0 0 0 0 0 0 0 0 0 0 0 0 0 0 0 0 0
0 0 0 0 0 0 0 0 0 0 0 0 0 0 0 0 0 0 0 0 0 0 0 0 0 0 0 0 0 0 0 0 0 0 0 0 0 0 0 0 0 0 0 0 0 0 0 0 0 0 0 0 0 0 0 0 0 0 0 0 0
0 0 0 0 0 0 0 0 0 0 0 0 0 0 0 0 0 0 0 0 0 0 0 0 0 0 0 0 0 0 0 0 0 0 0 0 0 0 0 0 0 0 0 0 0 0 0 0 0 0 0 0 0 0 0 0 0 0 0 0 0
0 0 0 0 0 0 0 0 0 0 0 0 0 0 0 0 0 0 0 0 0 0 0 0 0 0 0 0 0 0 0 0 0 0 0 0 0 0 0 0 0 0 0 0 0 0 0 0 0 0 0 0 0 0 0 0 0 0 0 0 0
0 0 0 0 0 0 0 0 0 0 0 0 0 0 0 0 0 0 0 0 0 0 0 0 0 0 0 0 0 0 0 0 0 0 0 0 0 0 0 0 0 0 0 0 0 0 0 0 0 0 0 0 0 0 0 0 0 0 0 0 0
0 0 0 0 0 0 0 0 0 0 0 0 0 0 0 0 0 0 0 0 0 0 0 0 0 0 0 0 0 0 0 0 0 0 0 0 0 0 0 0 0 0 0 0 0 0 0 0 0 0 0 0 0 0 0 0 0 0 0 0 0
0 0 0 0 0 0 0 0 0 0 0 0 0 0 0 0 0 0 0 0 0 0 0 0 0 0 0 0 0 0 0 0 0 0 0 0 0 0 0 0 0 0 0 0 0 0 0 0 0 0 0 0 0 0 0 0 0 0 0 0 0
0 0 0 0 0 0 0 0 0 0 0 0 0 0 0 0 0 0 0 0 0 0 0 0 0 0 0 0 0 0 0 0 0 0 0 0 0 0 0 0 0 0 0 0 0 0 0 0 0 0 0 0 0 0 0 0 0 0 0 0 0
0 0 0 0 0 0 0 0 0 0 0 0 0 0 0 0 0 0 0 0 0 0 0 0 0 0 0 0 0 0 0 0 0 0 0 0 0 0 0 0 0 0 0 0 0 0 0 0 0 0 0 0 0 0 0 0 0 0 0 0 0
0 0 0 0 0 0 0 0 0 0 0 0 0 0 0 0 0 0 0 0 0 0 0 0 0 0 0 0 0 0 0 0 0 0 0 0 0 0 0 0 0 0 0 0 0 0 0 0 0 0 0 0 0 0 0 0 0 0 0 0 0
0 0 0 0 0 0 0 0 0 0 0 0 0 0 0 0 0 0 0 0 0 0 0 0 0 0 0 0 0 0 0 0 0 0 0 0 0 0 0 0 0 0 0 0 0 0 0 0 0 0 0 0 0 0 0 0 0 0 0 0 0
0 0 0 0 0 0 0 0 0 0 0 0 0 0 0 0 0 0 0 0 0 0 0 0 0 0 0 0 0 0 0 0 0 0 0 0 0 0 0 0 0 0 0 0 0 0 0 0 0 0 0 0 0 0 0 0 0 0 0 0 0
0 0 0 0 0 0 0 0 0 0 0 0 0 0 0 0 0 0 0 0 0 0 0 0 0 0 0 0 0 0 0 0 0 0 0 0 0 0 0 0 0 0 0 0 0 0 0 0 0 0 0 0 0 0 0 0 0 0 0 0 0
0 0 0 0 0 0 0 0 0 0 0 0 0 0 0 0 0 0 0 0 0 0 0 0 0 0 0 0 0 0 0 0 0 0 0 0 0 0 0 0 0 0 0 0 0 0 0 0 0 0 0 0 0 0 0 0 0 0 0 0 0
0 0 0 0 0 0 0 0 0 0 0 0 0 0 0 0 0 0 0 0 0 0 0 0 0 0 0 0 0 0 0 0 0 0 0 0 0 0 0 0 0 0 0 0 0 0 0 0 0 0 0 0 0 0 0 0 0 0 0 0 0
0 0 0 0 0 0 0 0 0 0 0 0 0 0 0 0 0 0 0 0 0 0 0 0 0 0 0 0 0 0 0 0 0 0 0 0 0 0 0 0 0 0 0 0 0 0 0 0 0 0 0 0 0 0 0 0 0 0 0 0 0
0 0 0 0 0 0 0 0 0 0 0 0 0 0 0 0 0 0 0 0 0 0 0 0 0 0 0 0 0 0 0 0 0 0 0 0 0 0 0 0 0 0 0 0 0 0 0 0 0 0 0 0 0 0 0 0 0 0 0 0 0
0 0 0 0 0 0 0 0 0 0 0 0 0 0 0 0 0 0 0 0 0 0 0 0 0 0 0 0 0 0 0 0 0 0 0 0 0 0 0 0 0 0 0 0 0 0 0 0 0 0 0 0 0 0 0 0 0 0 0 0 0
0 0 0 0 0 0 0 0 0 0 0 0 0 0 0 0 0 0 0 0 0 0 0 0 0 0 0 0 0 0 0 0 0 0 0 0 0 0 0 0 0 0 0 0 0 0 0 0 0 0 0 0 0 0 0 0 0 0 0 0 0
0 0 0 0 0 0 0 0 0 0 0 0 0 0 0 0 0 0 0 0 0 0 0 0 0 0 0 0 0 0 0 0 0 0 0 0 0 0 0 0 0 0 0 0 0 0 0 0 0 0 0 0 0 0 0 0 0 0 0 0 0
0 0 0 0 0 0 0 0 0 0 0 0 0 0 0 0 0 0 0 0 0 0 0 0 0 0 0 0 0 0 0 0 0 0 0 0 0 0 0 0 0 0 0 0 0 0 0 0 0 0 0 0 0 0 0 0 0 0 0 0 0
0 0 0 0 0 0 0 0 0 0 0 0 0 0 0 0 0 0 0 0 0 0 0 0 0 0 0 0 0 0 0 0 0 0 0 0 0 0 0 0 0 0 0 0 0 0 0 0 0 0 0 0 0 0 0 0 0 0 0 0 0
0 0 0 0 0 0 0 0 0 0 0 0 0 0 0 0 0 0 0 0 0 0 0 0 0 0 0 0 0 0 0 0 0 0 0 0 0 0 0 0 0 0 0 0 0 0 0 0 0 0 0 0 0 0 0 0 0 0 0 0 0
0 0 0 0 0 0 0 0 0 0 0 0 0 0 0 0 0 0 0 0 0 0 0 0 0 0 0 0 0 0 0 0 0 0 0 0 0 0 0 0 0 0 0 0 0 0 0 0 0 0 0 0 0 0 0 0 0 0 0 0 0
0 0 0 0 0 0 0 0 0 0 0 0 0 0 0 0 0 0 0 0 0 0 0 0 0 0 0 0 0 0 0 0 0 0 0 0 0 0 0 0 0 0 0 0 0 0 0 0 0 0 0 0 0 0 0 0 0 0 0 0 0
0 0 0 0 0 0 0 0 0 0 0 0 0 0 0 0 0 0 0 0 0 0 0 0 0 0 0 0 0 0 0 0 0 0 0 0 0 0 0 0 0 0 0 0 0 0 0 0 0 0 0 0 0 0 0 0 0 0 0 0 0
0 0 0 0 0 0 0 0 0 0 0 0 0 0 0 0 0 0 0 0 0 0 0 0 0 0 0 0 0 0 0 0 0 0 0 0 0 0 0 0 0 0 0 0 0 0 0 0 0 0 0 0 0 0 0 0 0 0 0 0 0

I cap
1058.909090909091 1058.909090909091 1039.5290909090909 1022.999090909091 941.073 910.42 889.013 936.6879999999999 647.6149999999999 642.527 332.01399999999984 376.4309999999999 566.3029999999999 765.6750000000001 733.6129999999999 747.727090909091 653.2590909090911 808.109090909091 636.140090909091 543.097090909091 581.249090909091 533.4450909090908 706.592090909091 724.034090909091 696.0090909090909 800.6040909090909 661.220090909091 696.218090909091 670.853090909091 590.084090909091 581.515090909091 534.908090909091 442.1880909090911 584.726090909091 348.80999999999995 191.55700000000002 373.1600000000001 485.9340000000002 500.5380000000002 731.8629999999999 662.973 417.41900000000004 698.776 451.39599999999996 525.9540000000001 279.62000000000006 725.5559999999999 610.4929999999999 385.00200000000007 459.54999999999984 521.581 683.9820000000001 591.7160000000001 794.846 958.4310000000002 976.992 726.9410909090911 772.2370909090911 980.477090909091 1058.909090909091 1058.909090909091
107.96969696969697 107.96969696969697 107.96969696969697 96.94969696969697 27.037000000000013 43.73000000000001 17.537000000000003 24.912000000000017 0.5350000000000037 49.723000000000006 54.635999999999996 69.619 79.947 81.375 99.48700000000001 97.10169696969697 56.669696969696986 73.76969696969698 29.138696969696973 39.531696969696974 24.084696969696964 27.238696969696985 40.291696969696964 13.444696969696977 60.46969696969698 70.82469696969697 85.75869696969697 60.26069696969698 64.72569696969697 37.19469696969697 57.163696969696986 63.87069696969698 47.34069696969698 91.00269696969697 41.440000000000005 28.243000000000016 28.49000000000001 40.916 28.862000000000005 47.737 54.677 37.18100000000001 69.424 65.754 59.44600000000001 29.980000000000004 82.344 80.707 40.59800000000001 5.600000000000016 36.019 32.61800000000001 26.483999999999998 34.274 25.439 14.568000000000023 35.237696969696984 38.39169696969697 104.70169696969697 107.96969696969697 107.96969696969697
38.96666666666666 38.96666666666666 15.279999999999994 3.238749999999996 2.7987499999999965 16.025416666666672 15.325416666666667 31.85 19.316666666666677 18.616666666666674 16.866666666666667 29.400000000000002 10.566666666666668 15.81666666666667 10.916666666666671 32.31666666666666 25.03333333333333 25.03333333333333 18.383333333333333 32.31666666666666 32.31666666666666 32.31666666666666 18.383333333333333 18.383333333333333 18.383333333333333 32.31666666666666 20.275416666666665 12.992083333333332 12.992083333333332 6.342083333333332 32.31666666666666 18.383333333333333 18.383333333333333 18.383333333333333 17.150000000000002 18.9 18.2 2.516666666666671 6.716666666666667 10.216666666666667 31.15 19.316666666666677 26.316666666666677 32.26666666666667 43.400000000000006 27.366666666666667 31.56666666666667 30.516666666666666 38.15 25.616666666666674 28.41666666666667 28.41666666666667 33.80875 13.272083333333335 15.372083333333329 11.198750000000002 25.03333333333333 25.03333333333333 38.96666666666666 38.96666666666666 38.96666666666666
45.24545454545453 45.24545454545453 45.24545454545453 37.59795454545453 19.806500000000003 29.536499999999993 28.453499999999995 29.574999999999992 23.398999999999994 23.120999999999995 18.962999999999994 12.295500000000004 14.353500000000006 18.3085 15.717500000000003 31.945454545454528 29.69395454545452 32.543954545454525 31.945454545454528 25.912954545454532 20.364954545454534 16.650454545454526 19.025454545454526 26.53045454545452 28.55395454545452 28.221454545454524 26.12195454545452 28.943454545454532 28.34495454545453 24.174454545454523 23.205454545454533 27.56595454545452 24.060454545454526 31.204454545454528 27.484 19.635999999999992 23.302999999999997 23.70199999999999 28.601999999999993 39.650499999999994 25.238999999999997 27.390499999999992 38.8425 31.523 29.527999999999995 26.962999999999997 26.135499999999997 24.225999999999992 19.15299999999999 30.690999999999992 41.62649999999999 38.567499999999995 36.62049999999998 34.644000000000005 29.762499999999992 39.11999999999999 41.71145454545453 43.506954545454526 44.64695454545453 45.24545454545453 45.24545454545453
20.999999999999993 20.999999999999993 20.999999999999993 20.382499999999993 10.130500000000003 16.5705 11.288 10.806999999999999 7.047499999999996 4.083500000000001 5.446000000000002 6.167999999999998 8.327500000000002 12.327500000000002 7.874000000000003 11.119999999999994 9.039499999999993 11.319499999999994 10.986999999999993 6.160999999999994 5.923499999999992 3.994999999999996 5.894999999999992 7.604999999999996 8.583499999999995 8.317499999999997 6.911499999999995 8.431499999999994 8.231999999999996 6.844999999999996 7.747499999999995 10.578499999999995 6.863999999999994 10.777999999999992 10.379000000000003 10.633000000000001 9.849999999999998 10.020999999999995 10.020999999999997 6.3980000000000015 1.4665000000000021 5.287000000000004 9.8215 11.231499999999999 7.719000000000003 5.793500000000001 8.139999999999997 6.281500000000003 5.3605 6.316 10.087499999999997 8.2035 4.7485 5.856500000000001 9.688499999999998 10.258499999999998 14.349999999999993 17.494499999999995 20.800499999999992 20.999999999999993 20.999999999999993
345.75757575757575 345.75757575757575 345.75757575757575 314.4634581105169 236.64705882352942 271.6470588235294 305.907 274.3145 297.642 301.1665 260.6629999999999 251.41949999999994 293.2025 293.82 240.70849999999996 296.02507575757573 299.34895811051695 314.56013458110516 319.61413458110513 328.69557575757574 301.35457575757573 282.36407575757573 287.58907575757576 274.0599581105169 246.63513458110523 270.4611345811051 328.13507575757575 334.9655757575757 293.1750757575757 250.94757575757572 239.07257575757575 270.57457575757576 288.14007575757574 322.8910757575757 224.8695 235.0513823529412 232.96844117647058 256.66961764705883 297.8025588235294 318.20799999999997 302.43149999999997 378.7285 342.86899999999997 287.5155 283.0558823529412 282.8355588235294 307.11455882352936 309.5418823529411 333.23705882352937 322.15055882352937 330.9598823529411 325.74905882352937 327.7900588235294 385.4675 399.469 355.3885 279.0485757575758 304.8695757575757 341.96707575757574 345.75757575757575 345.75757575757575
779.7575757575758 779.7575757575758 779.7575757575758 681.8600757575757 485.9045 613.2945 681.1495 610.811 667.109 689.3815000000001 632.6310000000001 662.1145 727.7185000000001 703.6170000000001 680.2310000000001 708.2605757575758 702.8170757575758 746.7070757575758 749.4335757575758 656.5330757575758 633.0300757575757 571.8025757575758 608.3775757575758 641.6085757575759 643.9930757575759 580.1340757575758 498.1490757575758 631.3390757575758 642.6820757575758 619.2550757575757 618.6375757575757 692.5855757575757 637.6660757575759 696.8985757575758 477.79100000000005 555.2950000000001 749.8115000000001 790.3595 734.7900000000001 629.2045 605.996 604.5195000000001 610.5000000000001 439.6005 489.92499999999995 456.9140000000001 541.263 562.1315000000001 544.5250000000001 576.5920000000001 681.1750000000001 623.5240000000001 572.083 630.206 673.9045 597.1005 683.5795757575759 722.8430757575758 765.5930757575758 779.7575757575758 779.7575757575758
80.73333333333335 80.73333333333335 80.73333333333335 77.78833333333334 59.97733333333333 79.39399999999999 72.57149999999999 78.51349999999998 73.89299999999997 77.24449999999997 66.55799999999998 75.80949999999999 86.2045 86.92949999999996 78.41549999999998 70.75833333333333 69.64683333333333 71.35683333333333 71.35683333333333 67.73733333333334 61.733333333333334 59.93783333333335 61.362833333333334 65.90383333333334 67.59483333333333 67.39533333333333 65.92283333333332 68.72533333333334 68.12683333333334 67.30033333333333 68.82033333333334 71.01483333333333 66.17933333333333 70.03633333333333 37.4035 56.595499999999994 67.99749999999999 66.12549999999999 66.12549999999999 68.59 65.30599999999997 65.20849999999999 71.14949999999999 76.19199999999998 77.60799999999999 80.10399999999998 75.7135 68.21999999999998 61.96799999999998 63.19 66.32499999999999 60.38649999999999 55.61999999999999 53.73550000000001 54.35300000000001 52.037499999999994 72.956 78.08283333333334 80.13483333333335 80.73333333333335 80.73333333333335
10.775757575757575 10.775757575757575 10.775757575757575 10.775757575757575 7.402500000000001 5.762500000000001 2.1174999999999997 5.442499999999999 8.8025 5.1575 4.860000000000001 5.94 2.9000000000000004 3.1215 1.1110000000000007 1.6652575757575763 8.115757575757575 10.775757575757575 9.778257575757575 6.738257575757576 2.6532575757575754 3.3182575757575754 0.27825757575757537 3.194757575757575 0.6867575757575768 4.705257575757576 7.735757575757575 5.075757575757575 2.795757575757576 1.8457575757575762 0.03125757575757615 2.510757575757576 6.842757575757576 6.842757575757576 2.9090000000000003 2.5540000000000003 1.569000000000001 4.163000000000001 6.7025 8.8975 10.5 6.760000000000001 2.3845 0.5385000000000018 5.865000000000002 5.215500000000001 6.080000000000002 10.5515 6.811500000000002 3.7489999999999983 7.454 5.529000000000001 4.123000000000001 3.3024999999999984 0.03750000000000009 4.521499999999999 0.6867575757575768 4.705257575757576 10.775757575757575 10.775757575757575 10.775757575757575
2.545454545454545 2.545454545454545 2.545454545454545 1.690454545454545 1.432 0.602 0.46299999999999975 0.07650000000000035 0.006999999999999895 0.6180000000000001 0.9189999999999999 0.20300000000000007 0.0035000000000000586 0.7035000000000001 0.1050000000000002 0.550454545454545 1.148954545454545 1.148954545454545 0.04695454545454503 0.04695454545454503 0.6454545454545451 0.04695454545454514 0.04695454545454514 0.208454545454545 0.46495454545454507 0.46495454545454507 1.148954545454545 1.946954545454545 1.348454545454545 1.946954545454545 0.5504545454545451 1.034954545454545 1.462454545454545 0.8639545454545451 2.2015000000000002 1.4034999999999997 1.4034999999999997 0.7035000000000001 1.4034999999999997 0.8015 1.2609999999999997 1.4160000000000001 0.3204999999999999 0.08900000000000008 0.8175000000000002 0.9189999999999997 0.9030000000000001 0.9035000000000002 0.10199999999999987 0.5484999999999999 1.5780000000000003 0.9474999999999999 0.10199999999999987 0.24800000000000033 0.235 0.26349999999999973 0.37945454545454527 1.262954545454545 1.946954545454545 2.545454545454545 2.545454545454545
8.515433299825174 8.515433299825174 8.515433299825174 7.843019506721726 4.7769213304597695 5.576164433908045 4.517558543103449 6.241273112068965 8.118589655172412 7.0887540517241385 8.127534146551723 8.183134491379311 7.4194006982758625 5.921912758620689 6.276142155172414 6.580231206896552 5.8839517241379315 6.251257643678162 5.271279942528736 5.5970668103448284 5.007342892633229 6.690540181034484 7.171569146551724 6.671699137931034 5.904519655172415 4.504768045977011 4.736765344827586 6.890824137931035 7.213377413793104 7.031121215517242 8.160313456896551 7.449200698275863 5.665396551724138 6.370456063218391 9.339168160919542 10.289864137931035 4.916670229885058 6.4461537931034485 6.324249942528736 5.568360172413794 5.988236206896552 5.8403958620689655 5.189768793103448 4.389138620689655 4.700615698275863 4.48491196264368 3.864115813218391 4.385843620689656 3.9783974712643686 4.07792459770115 7.160133620689654 5.572548850574711 6.008488916666668 6.124830870689656 7.650275525862068 5.791041051724138 7.0412952049975885 7.36888141189414 8.515433299825174 8.515433299825174 8.187847092928623
700.0 700.0 699.05 697.15 684.7999999999998 687.6499999999997 681.9499999999998 686.6999999999999 682.8999999999999 683.8499999999999 683.8499999999999 682.8999999999999 684.7999999999998 685.7499999999998 687.6499999999999 687.6499999999999 684.8 688.5999999999998 681.9499999999998 680.9999999999999 683.8499999999999 688.5999999999998 680.9999999999998 685.7499999999999 685.7499999999999 686.6999999999999 686.6999999999999 684.7999999999998 683.8499999999997 680.9999999999998 683.8499999999998 679.0999999999999 683.8499999999999 680.9999999999995 686.6999999999998 685.7499999999999 682.8999999999999 681.95 682.8999999999997 684.8 685.7499999999999 684.7999999999998 684.7999999999996 683.8499999999998 684.8 683.8499999999998 681.9499999999998 680.0499999999998 684.8 686.6999999999999 684.7999999999997 682.9 684.8 681.9499999999997 681.9499999999998 673.3999999999999 688.5999999999998 690.4999999999999 695.25 700.0 697.15

H cap
8.75 -26.25 8.75 12.25 5.25 26.25 61.25 50.75 26.25 15.75 47.25 68.25 26.25 36.75 99.75 68.25 29.75 29.75 54.25 12.25 36.75 47.25 33.25 8.75 33.25 47.25 5.25 12.25 8.75 43.75 47.25 15.75 5.25 -5.25 1.75 54.25 78.75 22.75 43.75 64.75 5.25 19.25 78.75 36.75 15.75 36.75 57.75 5.25 -12.25 22.75 15.75 -43.75 -8.75 131.25 131.25 131.25 131.25 131.25 131.25 131.25 131.25
23.5 8.5 12.5 11.0 12.5 11.5 16.5 22.5 19.5 15.0 14.5 18.5 20.0 15.0 21.5 19.5 11.5 12.0 22.0 19.5 17.0 16.5 14.0 14.5 15.0 16.0 18.5 14.5 15.0 26.0 25.5 19.0 16.0 18.5 22.5 28.0 30.0 21.0 10.0 11.0 13.0 13.0 13.5 11.5 6.5 9.0 19.5 11.0 7.5 16.0 18.5 14.5 29.5 52.5 52.5 52.5 52.5 52.5 52.5 52.5 52.5
42.0 42.0 52.5 42.0 45.5 49.0 42.0 42.0 49.0 45.5 49.0 56.0 45.5 49.0 56.0 45.5 42.0 45.5 52.5 52.5 49.0 49.0 56.0 49.0 45.5 45.5 42.0 49.0 49.0 52.5 56.0 52.5 45.5 45.5 49.0 49.0 49.0 49.0 52.5 45.5 42.0 45.5 49.0 49.0 38.5 42.0 52.5 49.0 45.5 45.5 49.0 42.0 45.5 63.0 63.0 63.0 63.0 63.0 63.0 63.0 63.0
19.75 9.75 5.25 -0.75 9.25 2.25 4.75 -5.25 2.25 7.25 2.25 0.75 9.25 12.75 -0.25 1.25 -1.75 -16.25 -1.25 -17.75 9.75 7.25 -8.25 5.25 -1.25 -4.25 -0.25 -0.75 -2.75 -1.75 -6.75 6.75 -0.25 -0.75 4.75 -0.25 -0.75 -0.75 -4.75 0.25 7.75 0.25 0.25 -1.25 6.75 -4.25 -2.25 -0.75 6.75 -5.75 1.75 -8.75 3.25 78.75 78.75 78.75 78.75 78.75 78.75 78.75 78.75

Gap
0.2962580514147189

Time
1800.0115401744843

