T P M C
61 37 4 12

base obj
12.415534408120617

exp obj
11.669493943345364

Objective struct
12.415534408120617 0.0 9.431372549019606

num campaigns
350

x
0 0 0 0 0 0 0 0 1 0 0 0 1 0 0 0 0 1 0 0 0 0 0 0 0 1 0 0 0 1 0 1 0 1 0 1 0 1 0 0 0 0 0 0 1 0 0 1 0 0 1 0 0 0 0 1 0 0 0 0 0
0 0 0 0 0 0 0 0 0 0 0 0 0 0 0 0 0 0 0 0 0 0 0 0 0 0 0 1 0 0 0 0 0 0 0 0 0 0 0 0 0 0 0 0 0 0 1 0 0 0 0 0 0 0 0 0 0 0 0 0 0
0 0 0 0 0 0 0 0 1 0 0 0 0 0 1 0 0 0 0 1 0 0 0 0 0 0 1 0 0 0 0 1 0 0 0 0 1 0 0 0 0 0 1 0 0 0 0 0 0 0 0 0 1 0 0 0 0 0 0 0 0
0 0 0 0 0 0 0 1 0 1 0 1 0 1 0 0 1 0 0 0 0 0 0 1 0 1 0 0 0 0 0 0 0 0 0 0 0 1 0 0 0 0 1 0 0 0 0 0 0 1 0 0 0 1 0 0 0 0 0 0 0
0 0 0 0 0 0 1 0 0 0 1 0 1 1 0 0 0 1 1 0 0 0 0 1 1 0 0 0 0 0 0 0 1 1 1 0 0 0 0 0 1 0 1 1 0 1 0 0 0 1 0 0 1 0 0 0 0 0 0 0 0
0 0 0 0 0 0 0 0 0 0 0 0 0 0 1 0 0 0 0 1 0 0 0 0 0 0 0 0 0 0 1 0 0 0 0 0 0 0 0 1 0 0 0 0 0 0 0 0 0 0 0 0 0 0 0 0 0 0 0 0 0
0 0 0 0 0 1 0 0 0 1 0 0 0 1 0 0 0 1 0 0 1 0 0 0 0 0 1 0 0 1 0 0 1 0 0 0 0 0 0 1 0 0 0 1 0 0 1 0 0 1 0 0 0 0 0 0 0 0 0 0 0
0 0 0 0 0 0 1 0 0 0 0 0 0 0 0 0 0 0 0 0 0 0 1 0 0 0 0 0 0 0 0 0 0 0 1 0 0 0 0 0 0 0 0 0 0 0 0 0 0 0 0 1 0 0 0 0 0 0 0 0 0
0 0 0 0 0 0 0 1 0 0 0 0 0 0 0 0 0 0 0 0 0 0 0 0 0 0 0 0 0 0 0 0 0 0 0 0 0 0 0 0 0 0 0 0 0 0 0 0 0 0 0 0 0 0 1 0 0 0 0 0 0
0 0 0 0 0 0 0 0 1 0 0 0 0 0 0 0 1 0 1 0 0 0 0 0 0 0 0 0 0 0 0 0 0 0 0 0 0 0 0 0 0 0 0 0 0 0 0 0 0 0 0 0 0 0 0 0 0 0 0 0 0
0 0 0 0 1 0 0 0 0 0 0 0 0 0 0 0 0 0 1 0 0 0 0 0 0 0 0 0 0 0 0 1 0 0 0 0 0 0 0 0 0 0 0 1 0 0 0 0 0 0 0 0 0 0 0 1 0 0 0 0 0
0 0 0 0 1 0 0 0 0 0 0 0 0 0 0 0 0 0 0 0 0 1 0 0 0 0 0 0 0 0 0 0 0 0 0 0 0 0 1 0 0 0 0 0 0 0 0 0 0 0 0 0 0 0 0 1 0 0 0 0 0
0 0 0 0 0 0 0 0 0 0 0 0 0 0 0 0 1 0 0 0 0 0 0 0 0 0 0 0 0 0 0 0 0 0 0 0 0 0 0 0 0 0 0 0 0 0 0 0 0 1 0 0 0 0 0 0 0 0 0 0 0
0 0 0 0 0 0 0 0 0 0 1 0 0 0 0 0 0 0 0 0 0 0 0 0 0 0 0 0 0 0 0 1 0 0 0 0 0 0 0 0 0 0 0 1 0 0 0 0 0 0 0 1 0 0 0 0 0 0 0 0 0
0 0 0 0 0 0 0 0 0 0 0 0 0 0 0 0 0 0 0 0 1 0 0 0 0 0 0 0 0 0 0 0 0 0 0 0 0 0 0 0 0 0 0 0 0 1 0 0 0 0 0 0 0 0 0 0 0 0 0 0 0
0 0 0 0 0 0 0 0 0 0 0 0 0 0 0 0 0 0 0 0 0 0 0 0 0 0 0 0 0 0 0 0 0 0 0 0 0 0 0 1 0 0 0 0 0 0 0 0 0 0 0 0 0 0 0 0 0 0 0 0 0
0 0 0 0 0 0 0 0 0 0 0 0 0 1 0 1 0 0 0 0 0 0 0 0 0 0 0 0 0 1 0 0 0 0 0 0 0 0 0 0 0 0 0 1 0 0 0 0 0 0 1 0 0 0 1 0 0 0 0 0 0
0 0 0 0 1 0 0 0 0 0 0 0 0 0 0 0 0 0 0 0 0 0 0 0 0 0 0 0 1 0 0 0 0 0 0 0 0 0 0 0 0 0 0 0 0 0 0 0 0 0 0 0 0 1 0 0 0 0 0 0 0
0 0 0 0 0 1 0 1 0 1 0 0 0 1 0 0 1 0 0 0 0 0 0 0 1 0 0 0 0 0 0 0 0 0 0 0 0 0 0 0 1 0 0 0 1 0 1 0 0 1 0 1 0 0 0 0 0 0 0 0 0
0 0 0 0 1 0 0 0 0 0 0 0 0 0 0 0 0 0 0 0 0 0 0 0 0 0 0 0 0 0 0 0 0 0 0 0 0 0 0 0 0 0 0 0 0 0 0 0 0 0 0 0 0 0 0 1 0 0 0 0 0
0 0 0 0 0 1 0 0 1 0 0 0 0 1 0 0 0 1 0 0 1 0 0 1 0 0 0 0 0 1 0 0 1 0 0 0 0 0 0 1 0 0 1 0 0 0 0 1 0 0 0 0 0 0 0 1 0 0 0 0 0
0 0 0 0 0 0 0 0 0 0 0 0 0 0 0 0 0 0 0 0 0 0 0 0 0 0 0 0 0 0 0 0 0 0 0 0 0 0 0 0 0 0 0 0 0 0 0 0 0 0 0 0 0 0 0 0 0 0 0 0 0
0 0 0 0 0 0 0 0 0 0 0 1 0 0 0 0 0 0 0 0 0 0 0 0 1 0 0 0 0 0 0 0 0 0 0 0 0 1 0 0 0 0 0 0 0 0 0 0 0 0 0 0 0 1 0 0 0 0 0 0 0
0 0 0 0 1 0 0 0 0 0 1 0 0 0 0 1 0 0 0 0 0 1 0 0 0 0 0 0 1 0 0 0 0 1 0 0 0 0 0 0 0 0 0 0 0 0 0 0 0 0 0 0 0 0 0 0 0 0 0 0 0
0 0 0 0 0 0 1 0 0 0 0 0 0 0 0 0 0 0 0 0 0 0 1 0 0 0 0 1 0 0 0 0 0 0 0 1 0 0 0 0 0 1 0 0 0 0 0 0 1 0 0 0 0 0 0 0 0 0 0 0 0
0 0 0 0 1 0 0 0 0 0 0 0 1 0 0 0 0 0 0 1 0 0 0 0 0 0 1 0 0 0 0 0 0 1 0 0 0 0 0 0 1 0 0 0 0 0 0 1 0 0 0 0 0 0 0 1 0 0 0 0 0
0 0 0 0 0 0 1 0 0 1 0 1 0 0 0 0 0 0 1 0 0 0 0 1 0 0 1 0 0 0 0 0 1 0 0 0 0 0 0 1 0 0 0 0 0 0 1 0 0 0 0 0 1 0 0 0 0 0 0 0 0
0 0 0 0 1 0 0 0 0 0 0 0 0 0 0 0 0 0 0 0 0 0 0 0 0 0 0 0 0 0 0 0 0 0 0 0 0 0 0 0 0 0 0 0 0 0 0 0 0 0 0 0 0 0 0 1 0 0 0 0 0
0 0 0 0 0 0 0 0 0 0 0 0 0 0 0 0 0 0 0 0 0 0 0 0 0 0 0 0 0 0 0 0 0 0 0 0 0 0 0 0 0 0 0 0 0 0 0 0 0 0 0 0 0 0 0 0 0 0 0 0 0
0 0 0 0 1 1 1 1 1 1 1 1 1 1 1 1 1 1 1 1 1 1 1 1 1 1 1 1 1 1 1 1 1 1 1 1 1 1 1 1 1 1 1 1 1 1 1 1 1 1 1 1 1 1 1 1 0 0 0 0 0
0 0 0 0 1 1 1 1 1 1 1 0 1 1 0 0 1 1 1 1 1 1 1 1 1 1 1 0 1 1 1 1 1 1 1 1 1 1 1 1 1 1 1 1 1 1 1 1 1 1 1 1 1 1 1 1 0 0 0 0 0
0 0 0 0 1 1 0 1 1 1 1 0 1 1 1 1 1 1 0 0 0 0 0 0 1 1 0 0 0 0 0 0 0 0 0 0 0 1 1 1 1 1 1 0 1 1 1 1 1 1 1 1 1 1 1 1 0 0 0 0 0
0 0 0 0 0 1 0 0 0 0 0 0 0 1 0 0 1 1 0 0 0 0 0 0 0 0 0 0 0 0 0 0 0 1 0 0 0 0 0 0 0 1 0 0 0 1 0 0 0 0 0 0 0 0 0 0 0 0 0 0 0
0 0 0 0 1 1 0 1 1 1 1 0 0 0 0 0 0 0 0 0 0 1 1 0 0 1 1 1 1 1 1 1 1 1 0 0 0 0 0 1 1 1 1 1 1 1 1 1 1 1 1 1 1 1 1 1 0 0 0 0 0
0 0 0 0 1 1 0 1 0 1 0 0 0 0 0 0 0 1 0 0 0 0 0 1 0 1 1 0 0 0 0 0 0 0 0 0 1 0 0 0 0 0 1 0 0 0 1 0 0 0 0 0 0 0 0 0 0 0 0 0 0
0 0 0 0 0 0 0 0 0 0 0 0 0 0 0 0 0 0 0 0 0 0 0 0 0 0 0 0 0 0 0 0 0 0 0 0 0 0 0 0 0 1 0 0 0 0 0 0 0 0 0 0 1 0 0 0 0 0 0 0 0
0 0 0 0 0 0 0 0 0 0 0 0 0 0 0 0 0 0 0 0 0 0 0 0 0 0 0 0 0 0 0 0 0 0 0 0 0 0 0 0 0 0 0 0 0 0 0 0 0 0 0 0 0 0 0 0 0 0 0 0 0

y
0.0 14.363636363636363 0.75 0.0 0.0 0.3636363636363633 0.0 0.0 0.0 0.1785714285714286 0.0 0.0 28.363636363636363 2.9000000000000004 16.5 0.0 0.0 0.0 0.0 0.0 0.0 0.0 0.0 0.0 0.0 0.0 0.0 0.0 0.0 0.0 0.0 0.0 0.5048543689320388 0.0 0.0 10.0 0.0

k
0 10 5 0 0 8 0 0 0 26 0 0 10 7 5 0 0 0 14 0 0 6 0 4 0 0 0 0 21 0 4 20 97 18 41 50 6

f
0.0 12.25 0.0 15.75 8.75 1.75 0.0 0.0 0.0 0.0 0.0 0.0 0.0 0.0 1.75 0.0 0.0 0.0 0.0 0.0 0.0 0.0 0.0 0.0 0.0 0.0 0.0 0.0 0.0 0.0 5.25 0.0 0.0 0.0 0.0 0.0 0.0 0.0 0.0 0.0 0.0 0.0 5.25 5.25 0.0 0.0 0.0 0.0 0.0 0.0 0.0 43.75 0.0 0.0 0.0 0.0 0.0 0.0 0.0 0.0 0.0
0.0 0.0 0.0 0.0 0.0 0.0 0.0 0.0 0.0 0.0 0.0 0.0 0.0 0.0 0.0 0.0 0.0 0.0 0.0 0.0 0.0 0.0 0.0 0.0 0.0 0.0 0.0 0.0 0.0 0.0 0.0 0.0 0.0 0.0 0.0 0.0 0.0 0.0 0.0 0.0 0.0 0.0 0.0 0.0 0.0 0.0 0.0 0.0 0.0 0.0 0.0 0.0 0.0 0.0 0.0 0.0 0.0 0.0 0.0 0.0 0.0
0.0 0.0 0.0 0.0 0.0 0.0 0.0 0.0 0.0 0.0 0.0 0.0 0.0 0.0 0.0 0.0 0.0 0.0 0.0 0.0 0.0 0.0 0.0 0.0 0.0 0.0 0.0 0.0 0.0 0.0 0.0 0.0 0.0 0.0 0.0 0.0 0.0 0.0 0.0 0.0 0.0 0.0 0.0 0.0 0.0 0.0 0.0 0.0 0.0 0.0 0.0 0.0 0.0 0.0 0.0 0.0 0.0 0.0 0.0 0.0 0.0
0.0 0.0 1.25 6.75 0.0 0.0 0.0 20.25 2.25 0.0 0.0 1.75 1.75 0.0 0.0 0.0 2.25 0.25 14.25 0.0 0.0 0.0 0.0 4.25 5.75 3.25 0.0 7.75 1.25 0.0 0.0 2.75 1.25 0.75 0.0 0.0 0.0 0.0 0.0 0.0 1.25 0.0 0.0 0.0 2.25 0.0 0.0 8.25 0.0 0.0 0.0 10.25 0.0 0.0 0.0 0.0 0.0 0.0 0.0 0.0 0.0

L
2 19 5 2 1 5 3 12 47 2 12 17 33 8 25 0 2 24 2 51 3 0 13 5 5 7 2 51 0 1 1 1 1 1 1 11 0

g
0 0 0 0 0 0 0 0 0 0 0 0 0 0 0 0 0 0 0 0 0 0 0 0 0 0 0 0 0 0 0 0 0 0 0 0 0 0 0 0 0 0 0 0 0 0 0 0 0 0 0 0 0 0 0 0 0 0 0 0 0
0 0 0 0 0 0 0 0 0 0 0 0 0 0 0 0 0 0 0 0 0 0 0 0 0 0 0 0 0 0 0 0 0 0 0 0 0 0 0 0 0 0 0 0 0 0 0 0 0 0 0 0 0 0 0 0 0 0 0 0 0
0 0 0 0 0 0 0 0 0 0 0 0 0 0 0 0 0 0 0 0 0 0 0 0 0 0 0 0 0 0 0 0 0 0 0 0 0 0 0 0 0 0 0 0 0 0 0 0 0 0 0 0 0 0 0 0 0 0 0 0 0
0 0 0 0 0 0 0 0 0 0 0 0 0 0 0 0 0 0 0 0 0 0 0 0 0 0 0 0 0 0 0 0 0 0 0 0 0 0 0 0 0 0 0 0 0 0 0 0 0 0 0 0 0 0 0 0 0 0 0 0 0
0 0 0 0 0 0 0 0 0 0 0 0 0 0 0 0 0 0 0 0 0 0 0 0 0 0 0 0 0 0 0 0 0 0 0 0 0 0 0 0 0 0 0 0 0 0 0 0 0 0 0 0 0 0 0 0 0 0 0 0 0
0 0 0 0 0 0 0 0 0 0 0 0 0 0 0 0 0 0 0 0 0 0 0 0 0 0 0 0 0 0 0 0 0 0 0 0 0 0 0 0 0 0 0 0 0 0 0 0 0 0 0 0 0 0 0 0 0 0 0 0 0
0 0 0 0 0 0 0 0 0 0 0 0 0 0 0 0 0 0 0 0 0 0 0 0 0 0 0 0 0 0 0 0 0 0 0 0 0 0 0 0 0 0 0 0 0 0 0 0 0 0 0 0 0 0 0 0 0 0 0 0 0
0 0 0 0 0 0 0 0 0 0 0 0 0 0 0 0 0 0 0 0 0 0 0 0 0 0 0 0 0 0 0 0 0 0 0 0 0 0 0 0 0 0 0 0 0 0 0 0 0 0 0 0 0 0 0 0 0 0 0 0 0
0 0 0 0 0 0 0 0 0 0 0 0 0 0 0 0 0 0 0 0 0 0 0 0 0 0 0 0 0 0 0 0 0 0 0 0 0 0 0 0 0 0 0 0 0 0 0 0 0 0 0 0 0 0 0 0 0 0 0 0 0
0 0 0 0 0 0 0 0 0 0 0 0 0 0 0 0 0 0 0 0 0 0 0 0 0 0 0 0 0 0 0 0 0 0 0 0 0 0 0 0 0 0 0 0 0 0 0 0 0 0 0 0 0 0 0 0 0 0 0 0 0
0 0 0 0 0 0 0 0 0 0 0 0 0 0 0 0 0 0 0 0 0 0 0 0 0 0 0 0 0 0 0 0 0 0 0 0 0 0 0 0 0 0 0 0 0 0 0 0 0 0 0 0 0 0 0 0 0 0 0 0 0
0 0 0 0 0 0 0 0 0 0 0 0 0 0 0 0 0 0 0 0 0 0 0 0 0 0 0 0 0 0 0 0 0 0 0 0 0 0 0 0 0 0 0 0 0 0 0 0 0 0 0 0 0 0 0 0 0 0 0 0 0
0 0 0 0 0 0 0 0 0 0 0 0 0 0 0 0 0 0 0 0 0 0 0 0 0 0 0 0 0 0 0 0 0 0 0 0 0 0 0 0 0 0 0 0 0 0 0 0 0 0 0 0 0 0 0 0 0 0 0 0 0
0 0 0 0 0 0 0 0 0 0 0 0 0 0 0 0 0 0 0 0 0 0 0 0 0 0 0 0 0 0 0 0 0 0 0 0 0 0 0 0 0 0 0 0 0 0 0 0 0 0 0 0 0 0 0 0 0 0 0 0 0
0 0 0 0 0 0 0 0 0 0 0 0 0 0 0 0 0 0 0 0 0 0 0 0 0 0 0 0 0 0 0 0 0 0 0 0 0 0 0 0 0 0 0 0 0 0 0 0 0 0 0 0 0 0 0 0 0 0 0 0 0
0 0 0 0 0 0 0 0 0 0 0 0 0 0 0 0 0 0 0 0 0 0 0 0 0 0 0 0 0 0 0 0 0 0 0 0 0 0 0 0 0 0 0 0 0 0 0 0 0 0 0 0 0 0 0 0 0 0 0 0 0
0 0 0 0 0 0 0 0 0 0 0 0 0 0 0 0 0 0 0 0 0 0 0 0 0 0 0 0 0 0 0 0 0 0 0 0 0 0 0 0 0 0 0 0 0 0 0 0 0 0 0 0 0 0 0 0 0 0 0 0 0
0 0 0 0 0 0 0 0 0 0 0 0 0 0 0 0 0 0 0 0 0 0 0 0 0 0 0 0 0 0 0 0 0 0 0 0 0 0 0 0 0 0 0 0 0 0 0 0 0 0 0 0 0 0 0 0 0 0 0 0 0
0 0 0 0 0 0 0 0 0 0 0 0 0 0 0 0 0 0 0 0 0 0 0 0 0 0 0 0 0 0 0 0 0 0 0 0 0 0 0 0 0 0 0 0 0 0 0 0 0 0 0 0 0 0 0 0 0 0 0 0 0
0 0 0 0 0 0 0 0 0 0 0 0 0 0 0 0 0 0 0 0 0 0 0 0 0 0 0 0 0 0 0 0 0 0 0 0 0 0 0 0 0 0 0 0 0 0 0 0 0 0 0 0 0 0 0 0 0 0 0 0 0
0 0 0 0 0 0 0 0 0 0 0 0 0 0 0 0 0 0 0 0 0 0 0 0 0 0 0 0 0 0 0 0 0 0 0 0 0 0 0 0 0 0 0 0 0 0 0 0 0 0 0 0 0 0 0 0 0 0 0 0 0
0 0 0 0 0 0 0 0 0 0 0 0 0 0 0 0 0 0 0 0 0 0 0 0 0 0 0 0 0 0 0 0 0 0 0 0 0 0 0 0 0 0 0 0 0 0 0 0 0 0 0 0 0 0 0 0 0 0 0 0 0
0 0 0 0 0 0 0 0 0 0 0 0 0 0 0 0 0 0 0 0 0 0 0 0 0 0 0 0 0 0 0 0 0 0 0 0 0 0 0 0 0 0 0 0 0 0 0 0 0 0 0 0 0 0 0 0 0 0 0 0 0
0 0 0 0 0 0 0 0 0 0 0 0 0 0 0 0 0 0 0 0 0 0 0 0 0 0 0 0 0 0 0 0 0 0 0 0 0 0 0 0 0 0 0 0 0 0 0 0 0 0 0 0 0 0 0 0 0 0 0 0 0
0 0 0 0 0 0 0 0 0 0 0 0 0 0 0 0 0 0 0 0 0 0 0 0 0 0 0 0 0 0 0 0 0 0 0 0 0 0 0 0 0 0 0 0 0 0 0 0 0 0 0 0 0 0 0 0 0 0 0 0 0
0 0 0 0 0 0 0 0 0 0 0 0 0 0 0 0 0 0 0 0 0 0 0 0 0 0 0 0 0 0 0 0 0 0 0 0 0 0 0 0 0 0 0 0 0 0 0 0 0 0 0 0 0 0 0 0 0 0 0 0 0
0 0 0 0 0 0 0 0 0 0 0 0 0 0 0 0 0 0 0 0 0 0 0 0 0 0 0 0 0 0 0 0 0 0 0 0 0 0 0 0 0 0 0 0 0 0 0 0 0 0 0 0 0 0 0 0 0 0 0 0 0
0 0 0 0 0 0 0 0 0 0 0 0 0 0 0 0 0 0 0 0 0 0 0 0 0 0 0 0 0 0 0 0 0 0 0 0 0 0 0 0 0 0 0 0 0 0 0 0 0 0 0 0 0 0 0 0 0 0 0 0 0
0 0 0 0 0 0 0 0 0 0 0 0 0 0 0 0 0 0 0 0 0 0 0 0 0 0 0 0 0 0 0 0 0 0 0 0 0 0 0 0 0 0 0 0 0 0 0 0 0 0 0 0 0 0 0 0 0 0 0 0 0
0 0 0 0 0 0 0 0 0 0 0 0 0 0 0 0 0 0 0 0 0 0 0 0 0 0 0 0 0 0 0 0 0 0 0 0 0 0 0 0 0 0 0 0 0 0 0 0 0 0 0 0 0 0 0 0 0 0 0 0 0
0 0 0 0 0 0 0 0 0 0 0 0 0 0 0 0 0 0 0 0 0 0 0 0 0 0 0 0 0 0 0 0 0 0 0 0 0 0 0 0 0 0 0 0 0 0 0 0 0 0 0 0 0 0 0 0 0 0 0 0 0
0 0 0 0 0 0 0 0 0 0 0 0 0 0 0 0 0 0 0 0 0 0 0 0 0 0 0 0 0 0 0 0 0 0 0 0 0 0 0 0 0 0 0 0 0 0 0 0 0 0 0 0 0 0 0 0 0 0 0 0 0
0 0 0 0 0 0 0 0 0 0 0 0 0 0 0 0 0 0 0 0 0 0 0 0 0 0 0 0 0 0 0 0 0 0 0 0 0 0 0 0 0 0 0 0 0 0 0 0 0 0 0 0 0 0 0 0 0 0 0 0 0
0 0 0 0 0 0 0 0 0 0 0 0 0 0 0 0 0 0 0 0 0 0 0 0 0 0 0 0 0 0 0 0 0 0 0 0 0 0 0 0 0 0 0 0 0 0 0 0 0 0 0 0 0 0 0 0 0 0 0 0 0
0 0 0 0 0 0 0 0 0 0 0 0 0 0 0 0 0 0 0 0 0 0 0 0 0 0 0 0 0 0 0 0 0 0 0 0 0 0 0 0 0 0 0 0 0 0 0 0 0 0 0 0 0 0 0 0 0 0 0 0 0
0 0 0 0 0 0 0 0 0 0 0 0 0 0 0 0 0 0 0 0 0 0 0 0 0 0 0 0 0 0 0 0 0 0 0 0 0 0 0 0 0 0 0 0 0 0 0 0 0 0 0 0 0 0 0 0 0 0 0 0 0
0 0 0 0 0 0 0 0 0 0 0 0 0 0 0 0 0 0 0 0 0 0 0 0 0 0 0 0 0 0 0 0 0 0 0 0 0 0 0 0 0 0 0 0 0 0 0 0 0 0 0 0 0 0 0 0 0 0 0 0 0

I cap
1058.909090909091 1058.909090909091 1038.509090909091 1038.509090909091 1018.2 868.04 782.04 923.94 685.9600000000002 495.29999999999995 697.28 527.3800000000001 664.56 449.59999999999997 614.4200000000001 679.929090909091 580.889090909091 649.2690909090909 576.5690909090911 348.8290909090911 382.249090909091 655.3490909090909 845.9690909090909 520.5690909090911 772.849090909091 586.9690909090909 467.1090909090909 497.28909090909104 600.389090909091 743.949090909091 713.7890909090909 638.089090909091 349.52909090909105 307.2090909090911 5.440000000000055 152.44000000000005 349.54 414.5 616.4000000000001 459.96000000000004 454.70000000000005 578.26 355.3 520.28 613.96 507.71999999999997 482.21999999999997 593.3 590.22 382.52000000000004 658.8 753.1600000000001 780.5400000000001 609.08 940.64 1007.3599999999999 709.4690909090909 757.149090909091 976.349090909091 1058.909090909091 1058.909090909091
107.96969696969697 107.96969696969697 107.96969696969697 107.96969696969697 9.600000000000001 19.96 2.9600000000000004 26.06 31.040000000000003 14.699999999999996 98.72000000000001 86.62 97.44 59.4 96.58000000000001 88.94969696969697 27.98969696969697 36.60969696969696 22.30969696969697 23.049696969696967 9.629696969696973 4.529696969696978 31.909696969696967 19.30969696969697 65.02969696969697 47.90969696969697 76.76969696969697 82.58969696969697 83.48969696969698 92.92969696969696 94.08969696969697 58.789696969696976 7.349696969696971 10.66969696969697 14.56 36.56 35.46 20.5 18.60000000000001 44.04 71.3 85.74 61.7 62.72 69.04 60.28 77.78 92.7 93.78 15.479999999999997 38.2 36.84 45.46 12.520000000000003 15.959999999999999 9.440000000000005 31.409696969696967 34.729696969696974 104.52969696969697 107.96969696969697 107.96969696969697
38.96666666666666 38.96666666666666 14.033333333333328 1.3583333333333272 15.29166666666666 7.658333333333333 6.95833333333333 9.833333333333336 18.23333333333334 10.533333333333339 9.133333333333333 22.400000000000002 24.5 14.733333333333333 9.833333333333334 17.299999999999997 31.96666666666666 17.299999999999997 17.299999999999997 24.299999999999997 24.299999999999997 24.299999999999997 24.299999999999997 24.299999999999997 17.299999999999997 17.299999999999997 31.96666666666666 26.29166666666666 26.29166666666666 11.624999999999995 11.624999999999995 24.299999999999997 24.299999999999997 24.299999999999997 9.133333333333335 18.9 18.2 23.1 27.299999999999997 16.133333333333333 16.133333333333333 18.23333333333334 25.23333333333334 31.53333333333334 21.73333333333334 34.3 31.5 29.43333333333333 23.133333333333333 24.53333333333334 42.0 35.0 32.825 4.391666666666666 13.491666666666664 9.025000000000004 24.299999999999997 24.299999999999997 38.96666666666666 38.96666666666666 38.96666666666666
45.24545454545453 45.24545454545453 45.24545454545453 39.295454545454525 20.680000000000007 29.52999999999999 25.179999999999986 23.44000000000001 17.11 16.779999999999998 25.189999999999994 17.340000000000003 20.560000000000002 16.860000000000003 13.760000000000005 26.60545454545452 21.745454545454532 26.855454545454524 27.965454545454524 20.535454545454527 23.365454545454526 25.595454545454526 28.97545454545452 25.845454545454523 28.845454545454526 25.77545454545453 27.115454545454515 24.985454545454527 25.99545454545452 31.535454545454517 29.315454545454518 26.61545454545452 23.09545454545452 22.745454545454525 23.709999999999997 22.329999999999995 18.979999999999993 15.899999999999999 24.33 38.509999999999984 25.29 32.71999999999999 33.739999999999995 31.56999999999999 32.20999999999999 34.08999999999998 29.239999999999984 27.989999999999984 27.989999999999988 33.79999999999999 40.65999999999999 40.99999999999999 39.54999999999998 29.669999999999995 26.03 38.599999999999994 41.52545454545452 43.41545454545452 44.615454545454526 45.24545454545453 45.24545454545453
20.999999999999993 20.999999999999993 20.999999999999993 20.64999999999999 9.71 15.989999999999997 10.200000000000001 9.680000000000001 5.739999999999998 2.4599999999999986 10.999999999999996 14.279999999999996 16.119999999999997 15.820000000000002 9.430000000000001 12.879999999999992 10.379999999999992 12.089999999999995 10.029999999999992 5.8399999999999945 6.459999999999993 6.689999999999993 9.369999999999992 7.579999999999994 10.459999999999994 8.049999999999994 8.339999999999993 10.519999999999992 11.199999999999992 13.80999999999999 9.529999999999992 7.279999999999993 5.969999999999992 6.649999999999993 9.789999999999997 12.769999999999994 6.589999999999997 3.779999999999997 6.769999999999998 7.229999999999999 3.6699999999999995 10.66 4.669999999999997 10.529999999999998 8.340000000000002 10.109999999999996 10.179999999999996 11.510000000000003 13.609999999999994 7.149999999999996 9.479999999999997 10.209999999999999 7.079999999999998 2.0899999999999994 6.6599999999999975 9.729999999999997 13.999999999999993 17.30999999999999 20.789999999999992 20.999999999999993 20.999999999999993
345.75757575757575 345.75757575757575 345.75757575757575 312.8163992869875 202.52941176470588 246.94117647058826 251.0394117647059 212.93941176470585 182.24000000000004 176.37000000000003 217.5911764705882 198.44941176470587 253.20941176470586 197.22999999999996 165.73999999999998 183.6375757575757 143.87757575757578 202.858752228164 254.18816399286993 266.2275757575757 294.32757575757574 325.18757575757576 332.55757575757576 279.3263992869875 264.29698752228165 265.77875222816397 291.89816399286985 303.2875757575757 306.51757575757574 307.70757575757574 271.5475757575757 286.0375757575757 312.71757575757573 304.08757575757573 210.7 280.7 254.38882352941175 240.37941176470582 192.32 184.51000000000002 172.51 268.50000000000006 312.98117647058825 255.24941176470588 230.7394117647059 197.30000000000004 248.07 251.59999999999997 294.40000000000003 312.46999999999997 266.34 221.83000000000007 251.08999999999997 295.18 288.79 267.72117647058826 277.8581639928699 341.76757575757574 341.76757575757574 345.75757575757575 345.75757575757575
779.7575757575758 779.7575757575758 779.7575757575758 779.7575757575758 549.51 686.3 792.58 698.2 786.0600000000001 725.9299999999998 740.7900000000001 751.2800000000001 758.57 712.95 709.06 535.5475757575759 431.54757575757554 611.5075757575758 703.2575757575758 605.7475757575758 601.8075757575758 639.7775757575757 693.7975757575757 651.1075757575757 716.0375757575758 666.4875757575758 660.8875757575757 634.7075757575759 653.7975757575758 715.2975757575758 645.5275757575757 624.4275757575758 525.2375757575758 539.9275757575758 526.6300000000001 682.2900000000001 700.7 692.9399999999999 636.49 556.79 501.37 629.12 649.8199999999999 608.32 498.13 525.83 626.3600000000001 625.4900000000001 640.47 598.4 670.7800000000001 642.1999999999999 617.0300000000001 563.1900000000002 614.5100000000001 567.23 695.4375757575757 745.4075757575757 764.8475757575758 779.7575757575758 779.7575757575758
80.73333333333335 80.73333333333335 80.73333333333335 80.03333333333335 60.356666666666655 78.9 73.06333333333333 77.35666666666665 72.87999999999998 75.56999999999998 72.33 83.27333333333334 97.16 94.65999999999998 83.05999999999999 73.95333333333336 72.30333333333336 75.60333333333334 77.50333333333334 72.20333333333333 73.74333333333335 68.18 67.49333333333335 70.63666666666668 77.86333333333334 72.2 69.48333333333333 68.55333333333336 69.06333333333335 70.86333333333334 67.66333333333334 66.62333333333335 65.27333333333335 65.78333333333335 40.453333333333326 65.66 72.05 68.35000000000001 68.45 68.67666666666668 66.31 71.9 68.86000000000001 76.64999999999999 79.05 83.22999999999999 77.14000000000001 72.03 67.82999999999998 64.00000000000001 65.59 61.77999999999999 57.419999999999995 50.68 52.259999999999984 51.34999999999999 72.54666666666668 77.94333333333336 80.10333333333335 80.73333333333335 80.73333333333335
10.775757575757575 10.775757575757575 10.775757575757575 10.775757575757575 4.15 2.750000000000001 2.5499999999999994 0.049999999999998934 1.1500000000000004 2.55 2.200000000000001 3.3000000000000003 5.7 0.7700000000000005 0.5800000000000001 0.15575757575757532 0.1557575757575762 1.1857575757575756 1.9457575757575762 2.3457575757575757 0.19575757575757513 6.095757575757576 5.795757575757575 0.7157575757575754 2.125757575757575 1.8257575757575761 1.115757575757576 2.425757575757576 5.465757575757576 6.035757575757575 0.1557575757575762 4.385757575757576 7.325757575757575 4.925757575757576 2.2500000000000004 5.95 2.0500000000000007 4.65 2.0999999999999996 0.4000000000000008 0.4500000000000002 1.8500000000000005 10.100000000000001 3.339999999999999 0.45000000000000195 0.9200000000000006 3.320000000000001 2.2600000000000016 4.580000000000001 10.849999999999998 6.619999999999998 1.3300000000000014 3.4600000000000013 6.049999999999998 1.2199999999999998 0.5800000000000001 4.385757575757576 10.775757575757575 10.775757575757575 10.775757575757575 10.775757575757575
2.545454545454545 2.545454545454545 2.545454545454545 2.545454545454545 1.8099999999999998 0.6799999999999999 0.5500000000000002 0.030000000000000138 1.12 0.5400000000000001 1.54 0.1399999999999999 0.5599999999999999 1.2600000000000002 1.4700000000000002 1.2854545454545452 0.8054545454545449 0.205454545454545 0.5954545454545449 1.915454545454545 1.915454545454545 1.555454545454545 1.825454545454545 1.1954545454545449 1.915454545454545 1.7054545454545451 0.4454545454545451 0.5354545454545451 0.7754545454545451 0.5654545454545453 1.0754545454545452 0.4454545454545452 0.4454545454545452 0.4454545454545452 0.7000000000000005 0.7000000000000001 0.7000000000000001 0.6300000000000002 0.3400000000000001 0.04999999999999993 1.45 0.10000000000000009 0.16999999999999982 0.7699999999999999 1.2600000000000002 0.06999999999999995 0.09000000000000019 2.2200000000000006 0.8200000000000002 0.4299999999999998 1.2300000000000004 0.8499999999999998 0.16999999999999993 0.04000000000000026 0.7299999999999999 0.13000000000000012 0.26545454545454505 1.195454545454545 1.915454545454545 2.545454545454545 2.545454545454545
8.515433299825174 8.515433299825174 8.515433299825174 8.1524568932916 5.475685517241376 6.068980517241377 5.859512385057469 6.58293977011494 7.455054999999996 6.687891810344825 8.088741034482757 8.65439867816092 7.064774252873562 5.1072574137931 5.702262844827583 6.300058793103446 5.728175862068964 4.729131206896549 4.532774022988503 4.8772390517241355 5.139239435736675 6.938816206896551 7.351741724137931 5.731440344827584 5.716301091954022 4.459049482758618 4.238201954022986 7.339099827586205 8.372860000000001 7.432845517241379 8.398848103448277 6.838166379310344 5.224879137931032 4.926490373563216 8.694685229885058 9.981846896551724 5.351612758620688 5.841527356321838 6.097238448275861 6.232153103448274 5.322718793103446 5.072292241379309 4.388044655172411 4.8121271264367795 4.082196321839079 4.140371896551722 3.906931896551723 4.398171034482757 4.9726501724137915 4.710740689655171 5.9518577586206876 5.5758534482758595 5.630615344827584 6.499830862068963 7.77691344827586 5.339620889292194 6.848766460744713 7.653364161894139 8.515433299825174 8.170605713618277 8.515433299825174
700.0 700.0 699.0 697.0 687.0 686.0 680.0 684.0 680.0 683.0 686.0 681.0 682.0 679.0 684.0 683.0 685.0 683.0 683.0 681.0 684.0 684.0 685.0 679.0 677.0 685.0 682.0 685.0 685.0 682.0 688.0 686.0 684.0 679.0 682.0 678.0 685.0 682.0 691.0 684.0 690.0 687.0 683.0 678.0 680.0 686.0 686.0 688.0 681.0 681.0 682.0 685.0 684.0 681.0 682.0 677.0 686.0 692.0 698.0 698.0 699.0

H cap
19.25 -12.25 8.75 -15.75 -8.75 -1.75 61.25 47.25 5.25 5.25 22.75 64.75 78.75 15.75 -1.75 36.75 12.25 36.75 47.25 19.25 26.25 12.25 29.75 47.25 40.25 1.75 12.25 22.75 8.75 8.75 -5.25 5.25 57.75 22.75 22.75 12.25 1.75 99.75 78.75 47.25 26.25 5.25 -5.25 -5.25 57.75 78.75 26.25 5.25 29.75 12.25 5.25 -43.75 1.75 131.25 131.25 131.25 131.25 131.25 131.25 131.25 131.25
33.5 13.5 16.5 16.0 7.5 5.5 11.0 25.0 28.0 13.0 18.5 31.0 17.0 4.0 10.5 24.0 29.0 28.5 27.5 22.0 25.0 19.0 10.5 24.0 34.5 22.5 20.5 18.0 13.0 17.5 20.5 28.5 30.0 24.5 25.0 19.5 16.5 20.5 12.5 5.5 10.5 13.5 7.5 12.5 23.5 17.0 7.0 8.5 8.0 15.5 18.0 11.5 31.5 52.5 52.5 52.5 52.5 52.5 52.5 52.5 52.5
45.5 42.0 49.0 42.0 42.0 42.0 45.5 45.5 42.0 38.5 45.5 52.5 42.0 42.0 42.0 42.0 52.5 56.0 56.0 49.0 42.0 45.5 45.5 49.0 52.5 49.0 56.0 52.5 45.5 42.0 42.0 52.5 56.0 49.0 52.5 56.0 45.5 52.5 52.5 42.0 45.5 49.0 45.5 45.5 56.0 49.0 42.0 49.0 45.5 42.0 45.5 42.0 49.0 63.0 63.0 63.0 63.0 63.0 63.0 63.0 63.0
16.25 0.75 -1.25 -6.75 5.75 2.25 2.25 -20.25 -2.25 6.25 4.75 -1.75 -1.75 6.75 16.25 12.75 -2.25 -0.25 -14.25 0.25 13.75 2.25 12.75 -4.25 -5.75 -3.25 3.25 -7.75 -1.25 0.25 2.75 -2.75 -1.25 -0.75 0.25 1.75 0.75 15.25 1.75 0.75 -1.25 3.75 5.25 13.25 -2.25 4.25 2.25 -8.25 9.25 1.75 0.75 -10.25 20.25 78.75 78.75 78.75 78.75 78.75 78.75 78.75 78.75

Gap
0.2895766354990001

Time
1800.013752937317

