T P M C
61 37 4 12

base obj
8.996419098143237

exp obj
16.496243743860376

Objective struct
8.996419098143237 7.995717681011788 31.0

num campaigns
534

x
0 0 0 0 0 1 0 0 0 0 0 0 1 0 0 0 0 0 0 1 1 1 0 0 0 0 0 1 0 0 0 1 0 0 0 2 0 1 0 0 1 0 0 0 1 0 0 0 0 0 0 0 0 0 0 1 0 0 0 0 0
0 0 0 0 1 0 0 0 0 0 0 1 0 0 0 0 0 0 0 0 0 0 0 0 0 0 0 0 0 0 0 1 0 0 0 0 0 0 0 0 0 0 0 0 0 1 0 0 1 0 0 2 0 0 0 0 0 0 0 0 0
0 0 0 0 0 0 0 0 0 0 0 0 0 0 0 1 0 0 0 0 0 0 0 0 0 0 0 0 0 0 0 0 0 3 0 0 0 0 1 0 0 1 0 0 0 0 1 1 0 2 0 0 0 0 1 2 0 0 0 0 0
0 0 0 0 0 0 2 0 0 1 0 0 0 0 2 0 0 0 0 0 0 0 0 0 0 4 0 0 0 0 0 0 0 1 0 0 0 0 0 0 0 0 0 0 0 1 0 0 0 0 0 0 0 0 0 0 0 0 0 0 0
0 0 0 0 0 0 2 2 0 2 0 0 0 1 5 1 0 0 0 2 0 0 0 0 1 0 0 0 0 0 0 0 0 0 0 0 0 0 0 0 0 0 0 0 0 1 0 0 0 0 0 0 0 0 0 0 0 0 0 0 0
0 0 0 0 0 0 0 0 0 0 0 0 0 0 0 0 0 0 0 0 0 0 0 0 0 0 0 0 0 0 0 0 1 0 0 0 0 0 0 0 0 0 0 0 0 0 0 0 0 0 0 1 0 0 0 0 0 0 0 0 0
0 0 0 0 0 0 0 0 0 0 0 0 0 0 0 0 0 0 0 0 0 0 0 0 0 0 0 0 5 0 0 0 0 4 0 0 0 0 0 0 0 0 0 0 0 0 0 0 0 3 0 0 0 0 0 0 0 0 0 0 0
0 0 0 0 0 0 0 0 0 1 0 0 0 0 0 0 0 1 0 0 0 0 0 0 0 0 0 0 0 0 0 0 0 0 0 0 0 1 0 0 0 0 0 0 0 0 0 0 0 0 0 0 1 0 0 0 0 0 0 0 0
0 0 0 0 0 0 0 0 0 0 0 0 0 0 0 0 0 0 0 0 0 0 0 0 1 0 0 0 0 0 0 0 0 0 0 0 0 0 0 0 0 0 0 0 0 0 0 1 0 0 0 0 0 0 0 0 0 0 0 0 0
0 0 0 0 0 0 0 0 0 0 0 0 0 0 0 0 0 0 0 0 0 0 0 0 0 0 1 0 0 0 0 0 0 0 0 0 0 0 0 0 0 0 1 0 0 0 0 0 0 0 0 0 0 0 0 0 0 0 0 0 0
0 0 0 0 0 0 0 0 0 0 0 2 0 0 0 0 0 0 0 0 0 0 0 0 0 0 0 0 0 0 0 0 0 0 0 0 0 0 0 0 0 1 0 0 0 0 2 0 0 0 0 0 0 0 0 0 0 0 0 0 0
0 0 0 0 0 0 0 1 1 0 0 0 0 0 1 0 0 0 0 0 0 0 0 0 0 0 0 0 0 0 0 0 0 0 0 0 0 0 0 0 1 0 0 0 0 0 0 0 0 0 0 0 0 0 0 0 0 0 0 0 0
0 0 0 0 0 0 0 0 0 0 0 0 0 0 0 0 1 0 0 0 0 0 0 0 0 0 1 0 0 0 0 0 0 0 0 0 0 0 0 0 0 0 0 0 0 0 0 0 1 0 0 1 0 0 0 1 0 0 0 0 0
0 0 0 0 0 0 0 0 0 0 2 0 1 0 0 0 2 0 2 0 0 0 0 1 1 0 0 0 0 0 0 0 0 0 0 0 0 0 0 0 0 1 0 0 0 0 1 0 0 0 0 0 0 0 0 0 0 0 0 0 0
0 0 0 0 0 0 0 0 0 0 0 0 0 0 0 0 0 0 0 0 0 0 0 0 0 0 0 0 0 0 0 0 0 0 0 0 0 0 0 0 0 0 0 0 0 0 0 0 0 0 0 0 0 0 0 0 0 0 0 0 0
0 0 0 0 1 0 0 0 0 0 0 0 0 0 0 0 0 0 0 0 0 0 0 0 0 0 0 0 0 0 0 0 0 0 0 0 0 0 0 0 0 0 0 0 0 0 0 0 0 0 0 0 0 0 0 0 0 0 0 0 0
0 0 0 0 0 0 0 0 0 0 0 0 0 1 0 0 0 0 0 0 0 1 0 0 0 0 1 0 0 0 0 0 0 0 0 0 0 0 0 0 0 0 1 0 0 1 0 0 0 0 0 1 0 0 0 0 0 0 0 0 0
0 0 0 0 0 0 0 0 0 0 0 0 0 0 0 0 0 0 0 0 0 0 1 0 0 0 0 0 0 0 0 0 0 0 0 0 0 0 1 0 0 0 0 0 0 0 0 0 0 0 0 0 0 1 0 0 0 0 0 0 0
0 0 0 0 0 0 0 1 0 0 2 0 0 0 2 1 0 0 0 1 0 0 0 0 1 1 1 0 0 0 0 1 1 1 0 0 0 0 2 0 0 0 2 0 2 0 0 3 1 2 0 0 0 0 0 0 0 0 0 0 0
0 0 0 0 0 0 0 0 1 0 0 0 0 0 0 0 0 0 0 0 0 0 0 0 0 0 0 0 0 0 0 0 0 0 0 0 0 0 0 0 0 0 0 0 0 0 0 0 1 0 0 0 0 0 0 0 0 0 0 0 0
0 0 0 0 1 0 0 0 1 0 0 0 0 0 1 0 0 2 0 0 1 0 0 1 0 0 1 0 0 0 0 1 0 0 0 0 0 0 0 0 0 0 0 1 0 0 0 0 0 0 0 0 0 2 0 0 0 0 0 0 0
0 0 0 0 0 0 0 0 0 0 0 0 0 0 0 0 0 0 0 0 0 0 0 0 0 0 0 0 0 0 0 0 0 0 0 0 0 0 0 0 0 0 0 0 0 0 0 0 0 0 0 0 0 0 0 0 0 0 0 0 0
0 0 0 0 0 0 0 0 0 0 0 0 0 0 0 0 0 0 0 0 0 0 1 0 0 0 0 0 0 0 0 0 0 0 0 0 1 0 0 1 0 0 0 1 0 0 0 0 0 0 0 0 0 0 0 0 0 0 0 0 0
0 0 0 0 0 0 1 0 1 0 0 0 0 0 0 0 0 0 0 0 0 0 0 0 0 0 0 0 0 0 0 0 0 0 1 0 0 0 0 0 0 0 0 0 0 0 0 0 0 0 0 0 0 0 0 0 0 0 0 0 0
0 0 0 0 1 0 0 0 0 0 0 0 0 0 0 0 0 0 0 0 0 0 0 0 0 0 0 0 1 1 0 0 0 0 0 0 0 0 0 0 0 0 0 0 0 0 0 0 0 0 1 0 0 1 0 0 0 0 0 0 0
0 0 0 0 0 0 0 0 0 0 0 0 0 0 2 0 0 0 0 0 0 0 0 0 1 0 0 0 0 0 5 0 0 0 0 0 0 0 0 0 0 0 0 0 0 0 0 0 0 0 0 0 0 0 0 0 0 0 0 0 0
0 0 0 0 0 0 1 0 0 0 0 1 0 0 0 0 0 0 0 0 0 0 0 0 1 0 0 0 0 1 0 0 0 0 0 0 0 1 0 1 1 0 0 0 0 0 0 0 0 1 0 0 0 0 0 2 0 0 0 0 0
0 0 0 0 0 0 0 0 0 0 0 0 0 0 0 0 0 0 0 0 0 0 0 0 0 0 1 0 0 0 1 0 0 0 0 0 0 0 0 0 0 0 0 0 0 0 0 0 0 0 0 0 0 0 0 0 0 0 0 0 0
0 0 0 0 0 0 0 0 0 0 0 0 0 0 0 0 0 0 0 0 0 0 0 0 0 0 0 0 0 0 0 0 0 0 0 0 0 0 0 0 0 0 0 0 0 0 0 0 0 0 0 0 0 0 0 0 0 0 0 0 0
0 0 0 0 0 4 0 0 0 0 1 0 5 0 0 4 0 0 6 0 0 0 0 0 0 4 0 0 0 0 0 3 0 0 0 2 1 0 0 0 0 1 2 0 2 0 6 0 3 0 0 0 0 8 0 0 0 0 0 0 0
0 0 0 0 0 0 5 0 0 0 5 0 1 0 3 2 0 1 0 4 2 0 0 3 0 0 0 6 0 0 0 3 0 0 1 3 0 3 1 0 0 3 0 1 0 1 0 0 0 3 0 0 0 0 0 1 0 0 0 0 0
0 0 0 0 0 0 0 7 0 4 2 0 0 0 0 0 0 0 0 0 1 0 0 5 0 0 0 0 0 0 0 0 0 0 3 0 0 0 7 2 1 0 2 0 6 0 0 0 0 0 2 1 0 1 0 8 0 0 0 0 0
0 0 0 0 8 0 2 0 0 0 0 0 0 7 0 2 0 6 0 0 9 0 7 1 2 0 0 6 0 0 9 0 8 1 3 0 0 5 0 0 0 3 2 5 1 4 0 5 0 0 0 1 0 7 0 0 0 0 0 0 0
0 0 0 0 1 0 0 0 9 0 0 4 3 0 1 2 0 2 0 0 0 0 0 1 0 7 0 1 0 0 0 0 0 1 2 0 0 0 0 8 1 0 0 0 0 0 0 6 3 0 0 0 0 0 0 0 0 0 0 0 0
0 0 0 0 0 1 0 1 0 2 0 1 0 0 0 1 2 1 2 1 2 0 0 1 1 0 0 0 1 1 0 1 2 1 1 0 1 0 0 0 0 0 1 0 2 0 0 1 2 1 0 0 0 1 1 0 0 0 0 0 0
0 0 0 0 0 0 0 0 0 0 0 0 0 0 0 0 0 0 0 0 0 0 0 0 0 0 0 0 0 0 0 0 0 0 0 0 0 0 0 0 0 0 0 0 0 0 0 0 0 0 0 0 0 0 0 0 0 0 0 0 0
0 0 0 0 0 0 0 0 0 0 0 0 0 0 0 0 0 0 0 0 0 0 0 0 0 0 0 0 0 0 0 0 0 0 0 0 0 0 0 0 0 0 0 0 0 0 0 0 0 0 0 0 0 0 0 0 0 0 0 0 0

y
0.0 0.0 0.0 0.0 0.0 14.363636363636363 0.0 0.0 0.0 14.178571428571429 0.0 0.0 0.0 0.0 0.0 0.0 0.0 0.0 0.0 0.0 0.0 0.0 0.0 0.0 0.0 0.0 0.0 0.0 0.0 0.0 0.0 0.0 0.0 0.0 0.0 0.0 0.0

k
0 5 0 0 0 10 0 0 0 27 0 0 7 0 7 0 0 0 0 0 0 6 0 7 1 0 0 0 21 0 0 0 0 0 19 52 6

f
0.0 0.0 0.0 0.0 0.0 0.0 0.0 0.0 0.0 0.0 0.0 1.0500000000000362 0.0 0.0 0.0 0.0 1.0500000000000096 0.0 0.0 0.0 0.0 0.0 0.0 0.0 0.0 0.0 0.0 0.0 7.350000000000007 0.0 0.0 0.0 0.0 10.5 38.85000000000001 0.0 0.0 0.0 0.0 0.0 0.0 0.0 0.0 0.0 0.0 1.0500000000000238 0.0 0.0 19.950000000000003 0.0 0.0 0.0 0.0 0.0 0.0 0.0 0.0 0.0 0.0 0.0 0.0
0.0 0.0 0.0 4.200000000000004 0.6000000000000014 0.1500000000000128 4.6499999999999995 0.6000000000000085 3.3000000000000087 6.000000000000009 0.0 7.349999999999982 0.150000000000011 0.0 9.600000000000012 0.0 11.400000000000002 0.0 0.0 0.6000000000000156 1.5000000000000107 6.000000000000009 0.0 0.5999999999999943 0.0 0.0 0.0 0.0 2.4000000000000092 0.6000000000000139 0.0 0.0 0.0 0.0 4.650000000000007 1.0500000000000114 0.0 0.0 2.850000000000006 0.0 0.0 6.450000000000011 0.0 11.399999999999999 13.650000000000013 0.0 0.0 0.0 0.0 0.0 0.0 0.0 0.0 0.0 0.0 0.0 0.0 0.0 0.0 0.0 0.0
0.0 0.0 0.0 0.0 0.0 0.0 0.0 0.0 0.0 0.0 0.0 0.0 0.0 0.0 0.0 0.0 0.0 0.0 0.0 0.0 0.0 0.0 0.0 0.0 0.0 0.0 0.0 0.0 0.0 0.0 0.0 0.0 0.0 0.0 0.0 0.0 0.0 0.0 0.0 0.0 0.0 0.0 0.0 0.0 0.0 0.0 0.0 0.0 0.0 0.0 0.0 0.0 0.0 0.0 0.0 0.0 0.0 0.0 0.0 0.0 0.0
0.45000000000000284 27.45000000000001 8.43769498715119e-15 0.0 0.0 0.4500000000000206 8.43769498715119e-15 0.4500000000000117 0.0 1.3766765505351941e-14 0.0 0.4499999999999993 0.4500000000000215 0.45000000000000107 0.0 1.8000000000000118 0.0 2.4868995751603507e-14 0.45000000000000284 0.0 0.4500000000000184 3.1086244689504383e-15 2.220446049250313e-14 2.7000000000000033 1.2878587085651816e-14 6.300000000000033 3.1086244689504383e-15 0.0 1.199040866595169e-14 0.45000000000001483 1.3322676295501878e-15 3.1500000000000203 7.993605777301127e-15 1.8000000000000012 0.0 0.4500000000000135 10.80000000000001 0.4499999999999993 1.7319479184152442e-14 1.554312234475219e-14 0.4500000000000064 1.7319479184152442e-14 0.900000000000011 8.43769498715119e-15 0.0 1.350000000000005 0.0 27.00000000000001 0.0 0.0 2.1760371282653068e-14 11.249999999999996 0.0 0.0 0.0 0.0 0.0 0.0 0.0 0.0 0.0

L
0 0 0 0 0 19 0 8 23 16 0 1 3 0 0 0 3 15 0 40 0 0 3 2 1 0 0 4 0 0 0 0 0 0 0 0 0

g
0 0 0 0 0 0 0 0 0 0 0 0 0 0 0 0 0 0 0 0 0 0 0 0 0 0 0 0 0 0 0 0 0 0 0 1 0 0 0 0 0 0 0 0 0 0 0 0 0 0 0 0 0 0 0 0 0 0 0 0 0
0 0 0 0 0 0 0 0 0 0 0 0 0 0 0 0 0 0 0 0 0 0 0 0 0 0 0 0 0 0 0 0 0 0 0 0 0 0 0 0 0 0 0 0 0 0 0 0 0 0 0 1 0 0 0 0 0 0 0 0 0
0 0 0 0 0 0 0 0 0 0 0 0 0 0 0 0 0 0 0 0 0 0 0 0 0 0 0 0 0 0 0 0 0 2 0 0 0 0 0 0 0 0 0 0 0 0 0 0 0 1 0 0 0 0 0 1 0 0 0 0 0
0 0 0 0 0 0 1 0 0 0 0 0 0 0 1 0 0 0 0 0 0 0 0 0 0 3 0 0 0 0 0 0 0 0 0 0 0 0 0 0 0 0 0 0 0 0 0 0 0 0 0 0 0 0 0 0 0 0 0 0 0
0 0 0 0 0 0 1 1 0 1 0 0 0 0 4 0 0 0 0 1 0 0 0 0 0 0 0 0 0 0 0 0 0 0 0 0 0 0 0 0 0 0 0 0 0 0 0 0 0 0 0 0 0 0 0 0 0 0 0 0 0
0 0 0 0 0 0 0 0 0 0 0 0 0 0 0 0 0 0 0 0 0 0 0 0 0 0 0 0 0 0 0 0 0 0 0 0 0 0 0 0 0 0 0 0 0 0 0 0 0 0 0 0 0 0 0 0 0 0 0 0 0
0 0 0 0 0 0 0 0 0 0 0 0 0 0 0 0 0 0 0 0 0 0 0 0 0 0 0 0 4 0 0 0 0 3 0 0 0 0 0 0 0 0 0 0 0 0 0 0 0 2 0 0 0 0 0 0 0 0 0 0 0
0 0 0 0 0 0 0 0 0 0 0 0 0 0 0 0 0 0 0 0 0 0 0 0 0 0 0 0 0 0 0 0 0 0 0 0 0 0 0 0 0 0 0 0 0 0 0 0 0 0 0 0 0 0 0 0 0 0 0 0 0
0 0 0 0 0 0 0 0 0 0 0 0 0 0 0 0 0 0 0 0 0 0 0 0 0 0 0 0 0 0 0 0 0 0 0 0 0 0 0 0 0 0 0 0 0 0 0 0 0 0 0 0 0 0 0 0 0 0 0 0 0
0 0 0 0 0 0 0 0 0 0 0 0 0 0 0 0 0 0 0 0 0 0 0 0 0 0 0 0 0 0 0 0 0 0 0 0 0 0 0 0 0 0 0 0 0 0 0 0 0 0 0 0 0 0 0 0 0 0 0 0 0
0 0 0 0 0 0 0 0 0 0 0 1 0 0 0 0 0 0 0 0 0 0 0 0 0 0 0 0 0 0 0 0 0 0 0 0 0 0 0 0 0 0 0 0 0 0 1 0 0 0 0 0 0 0 0 0 0 0 0 0 0
0 0 0 0 0 0 0 0 0 0 0 0 0 0 0 0 0 0 0 0 0 0 0 0 0 0 0 0 0 0 0 0 0 0 0 0 0 0 0 0 0 0 0 0 0 0 0 0 0 0 0 0 0 0 0 0 0 0 0 0 0
0 0 0 0 0 0 0 0 0 0 0 0 0 0 0 0 0 0 0 0 0 0 0 0 0 0 0 0 0 0 0 0 0 0 0 0 0 0 0 0 0 0 0 0 0 0 0 0 0 0 0 0 0 0 0 0 0 0 0 0 0
0 0 0 0 0 0 0 0 0 0 1 0 0 0 0 0 1 0 1 0 0 0 0 0 0 0 0 0 0 0 0 0 0 0 0 0 0 0 0 0 0 0 0 0 0 0 0 0 0 0 0 0 0 0 0 0 0 0 0 0 0
0 0 0 0 0 0 0 0 0 0 0 0 0 0 0 0 0 0 0 0 0 0 0 0 0 0 0 0 0 0 0 0 0 0 0 0 0 0 0 0 0 0 0 0 0 0 0 0 0 0 0 0 0 0 0 0 0 0 0 0 0
0 0 0 0 0 0 0 0 0 0 0 0 0 0 0 0 0 0 0 0 0 0 0 0 0 0 0 0 0 0 0 0 0 0 0 0 0 0 0 0 0 0 0 0 0 0 0 0 0 0 0 0 0 0 0 0 0 0 0 0 0
0 0 0 0 0 0 0 0 0 0 0 0 0 0 0 0 0 0 0 0 0 0 0 0 0 0 0 0 0 0 0 0 0 0 0 0 0 0 0 0 0 0 0 0 0 0 0 0 0 0 0 0 0 0 0 0 0 0 0 0 0
0 0 0 0 0 0 0 0 0 0 0 0 0 0 0 0 0 0 0 0 0 0 0 0 0 0 0 0 0 0 0 0 0 0 0 0 0 0 0 0 0 0 0 0 0 0 0 0 0 0 0 0 0 0 0 0 0 0 0 0 0
0 0 0 0 0 0 0 0 0 0 1 0 0 0 1 0 0 0 0 0 0 0 0 0 0 0 0 0 0 0 0 0 0 0 0 0 0 0 1 0 0 0 1 0 1 0 0 2 0 1 0 0 0 0 0 0 0 0 0 0 0
0 0 0 0 0 0 0 0 0 0 0 0 0 0 0 0 0 0 0 0 0 0 0 0 0 0 0 0 0 0 0 0 0 0 0 0 0 0 0 0 0 0 0 0 0 0 0 0 0 0 0 0 0 0 0 0 0 0 0 0 0
0 0 0 0 0 0 0 0 0 0 0 0 0 0 0 0 0 1 0 0 0 0 0 0 0 0 0 0 0 0 0 0 0 0 0 0 0 0 0 0 0 0 0 0 0 0 0 0 0 0 0 0 0 1 0 0 0 0 0 0 0
0 0 0 0 0 0 0 0 0 0 0 0 0 0 0 0 0 0 0 0 0 0 0 0 0 0 0 0 0 0 0 0 0 0 0 0 0 0 0 0 0 0 0 0 0 0 0 0 0 0 0 0 0 0 0 0 0 0 0 0 0
0 0 0 0 0 0 0 0 0 0 0 0 0 0 0 0 0 0 0 0 0 0 0 0 0 0 0 0 0 0 0 0 0 0 0 0 0 0 0 0 0 0 0 0 0 0 0 0 0 0 0 0 0 0 0 0 0 0 0 0 0
0 0 0 0 0 0 0 0 0 0 0 0 0 0 0 0 0 0 0 0 0 0 0 0 0 0 0 0 0 0 0 0 0 0 0 0 0 0 0 0 0 0 0 0 0 0 0 0 0 0 0 0 0 0 0 0 0 0 0 0 0
0 0 0 0 0 0 0 0 0 0 0 0 0 0 0 0 0 0 0 0 0 0 0 0 0 0 0 0 0 0 0 0 0 0 0 0 0 0 0 0 0 0 0 0 0 0 0 0 0 0 0 0 0 0 0 0 0 0 0 0 0
0 0 0 0 0 0 0 0 0 0 0 0 0 0 1 0 0 0 0 0 0 0 0 0 0 0 0 0 0 0 4 0 0 0 0 0 0 0 0 0 0 0 0 0 0 0 0 0 0 0 0 0 0 0 0 0 0 0 0 0 0
0 0 0 0 0 0 0 0 0 0 0 0 0 0 0 0 0 0 0 0 0 0 0 0 0 0 0 0 0 0 0 0 0 0 0 0 0 0 0 0 0 0 0 0 0 0 0 0 0 0 0 0 0 0 0 1 0 0 0 0 0
0 0 0 0 0 0 0 0 0 0 0 0 0 0 0 0 0 0 0 0 0 0 0 0 0 0 0 0 0 0 0 0 0 0 0 0 0 0 0 0 0 0 0 0 0 0 0 0 0 0 0 0 0 0 0 0 0 0 0 0 0
0 0 0 0 0 0 0 0 0 0 0 0 0 0 0 0 0 0 0 0 0 0 0 0 0 0 0 0 0 0 0 0 0 0 0 0 0 0 0 0 0 0 0 0 0 0 0 0 0 0 0 0 0 0 0 0 0 0 0 0 0
0 0 0 0 0 3 0 0 0 0 0 0 4 0 0 3 0 0 5 0 0 0 0 0 0 3 0 0 0 0 0 2 0 0 0 1 0 0 0 0 0 0 1 0 1 0 5 0 2 0 0 0 0 7 0 0 0 0 0 0 0
0 0 0 0 0 0 4 0 0 0 4 0 0 0 2 1 0 0 0 3 1 0 0 2 0 0 0 5 0 0 0 2 0 0 0 2 0 2 0 0 0 2 0 0 0 0 0 0 0 2 0 0 0 0 0 0 0 0 0 0 0
0 0 0 0 0 0 0 6 0 3 1 0 0 0 0 0 0 0 0 0 0 0 0 4 0 0 0 0 0 0 0 0 0 0 2 0 0 0 6 1 0 0 1 0 5 0 0 0 0 0 1 0 0 0 0 7 0 0 0 0 0
0 0 0 0 6 0 0 0 0 0 0 0 0 5 0 0 0 4 0 0 7 0 5 0 0 0 0 4 0 0 7 0 6 0 1 0 0 3 0 0 0 1 0 3 0 2 0 3 0 0 0 0 0 5 0 0 0 0 0 0 0
0 0 0 0 0 0 0 0 8 0 0 3 2 0 0 1 0 1 0 0 0 0 0 0 0 6 0 0 0 0 0 0 0 0 1 0 0 0 0 7 0 0 0 0 0 0 0 5 2 0 0 0 0 0 0 0 0 0 0 0 0
0 0 0 0 0 0 0 0 0 1 0 0 0 0 0 0 1 0 1 0 1 0 0 0 0 0 0 0 0 0 0 0 1 0 0 0 0 0 0 0 0 0 0 0 1 0 0 0 1 0 0 0 0 0 0 0 0 0 0 0 0
0 0 0 0 0 0 0 0 0 0 0 0 0 0 0 0 0 0 0 0 0 0 0 0 0 0 0 0 0 0 0 0 0 0 0 0 0 0 0 0 0 0 0 0 0 0 0 0 0 0 0 0 0 0 0 0 0 0 0 0 0
0 0 0 0 0 0 0 0 0 0 0 0 0 0 0 0 0 0 0 0 0 0 0 0 0 0 0 0 0 0 0 0 0 0 0 0 0 0 0 0 0 0 0 0 0 0 0 0 0 0 0 0 0 0 0 0 0 0 0 0 0

I cap
1058.909090909091 1058.909090909091 1058.909090909091 885.2490909090909 1003.04 1009.1799999999998 586.7799999999999 952.94 612.14 665.0 770.44 605.44 835.06 837.06 75.84000000000003 228.44909090909107 312.009090909091 701.2490909090909 782.389090909091 615.349090909091 604.4690909090909 639.4690909090909 772.349090909091 864.3890909090911 624.849090909091 74.94909090909101 580.149090909091 746.7690909090909 395.269090909091 748.7890909090911 0.28909090909104407 95.969090909091 139.349090909091 28.329090909091178 104.46000000000004 87.62000000000006 459.5599999999999 470.44000000000005 460.4800000000001 535.8800000000001 420.0000000000001 646.66 600.0800000000002 649.1800000000001 825.56 497.55999999999995 768.7400000000001 689.6400000000001 712.6 418.2199999999999 534.9 335.18000000000006 873.4399999999999 849.6800000000001 1039.3 784.8599999999998 534.369090909091 667.1490909090911 976.349090909091 1058.909090909091 1058.909090909091
107.96969696969697 107.96969696969697 107.96969696969697 103.62969696969697 127.96000000000001 120.82 86.82 28.659999999999997 4.660000000000004 18.0 61.56 17.56 13.940000000000001 34.94 17.160000000000004 23.42969696969697 3.8696969696969674 17.629696969696976 42.48969696969698 59.52969696969697 60.40969696969697 95.40969696969697 96.52969696969697 89.48969696969698 60.02969696969697 11.929696969696975 35.72969696969697 33.10969696969697 43.60969696969696 96.08969696969697 57.58969696969697 64.90969696969697 64.52969696969697 27.54969696969699 42.540000000000006 12.380000000000003 41.44 25.560000000000002 22.52 30.12 5.000000000000007 29.339999999999996 1.920000000000003 38.82000000000001 107.44 75.44 19.860000000000007 3.960000000000001 4.200000000000003 23.78000000000001 23.099999999999994 26.820000000000014 17.560000000000002 33.31999999999999 48.699999999999996 17.139999999999993 41.509696969696975 59.72969696969699 104.52969696969697 107.96969696969697 107.96969696969697
38.96666666666666 38.96666666666666 38.96666666666666 38.96666666666666 29.43333333333333 27.333333333333336 1.6999999999999993 6.566666666666666 2.1000000000000068 17.53333333333334 2.133333333333333 15.400000000000002 10.5 36.4 2.833333333333334 3.2999999999999954 3.2999999999999954 2.633333333333331 9.633333333333331 2.633333333333331 17.299999999999997 4.6249999999999964 11.624999999999996 11.624999999999995 4.624999999999995 10.299999999999997 3.2999999999999954 10.299999999999995 17.299999999999997 38.96666666666666 38.96666666666666 17.299999999999997 10.299999999999997 3.299999999999997 9.8 11.899999999999999 18.2 10.425 0.6249999999999964 4.1249999999999964 11.124999999999996 39.900000000000006 32.900000000000006 17.53333333333334 0.7333333333333396 12.633333333333333 6.566666666666666 5.166666666666661 0.6666666666666643 4.200000000000003 28.0 35.0 39.825 6.9916666666666725 9.091666666666667 10.491666666666672 38.96666666666666 38.96666666666666 38.96666666666666 38.96666666666666 38.96666666666666
45.24545454545453 45.24545454545453 45.24545454545453 43.77545454545452 10.770000000000003 19.119999999999987 35.719999999999985 40.050000000000004 34.65 31.55999999999999 34.009999999999984 3.55 1.0400000000000045 31.419999999999998 0.12000000000000632 14.79545454545452 38.005454545454526 3.175454545454526 6.445454545454532 41.67545454545452 41.60545454545452 42.93545454545452 43.14545454545452 41.88545454545452 16.255454545454523 4.455454545454531 37.19545454545453 40.03545454545453 44.03545454545453 42.78545454545452 22.89545454545452 23.655454545454525 41.50545454545452 28.68545454545452 14.329999999999998 4.839999999999994 28.069999999999993 32.609999999999985 32.74999999999999 45.46999999999999 25.35 20.25999999999999 29.97 27.91999999999999 34.719999999999985 8.259999999999991 1.9799999999999867 13.529999999999987 15.869999999999994 38.02999999999999 41.33999999999999 41.5 6.14999999999998 3.96999999999999 42.269999999999996 33.15999999999999 27.35545454545452 32.74545454545453 44.615454545454526 45.24545454545453 45.24545454545453
20.999999999999993 20.999999999999993 20.999999999999993 20.789999999999992 13.090000000000002 22.11999999999999 1.6200000000000045 6.6000000000000005 3.319999999999996 15.78 7.129999999999996 6.21 2.5000000000000027 21.92 1.2299999999999986 0.5999999999999933 1.5299999999999931 6.199999999999995 14.849999999999989 4.669999999999993 1.6599999999999913 2.2299999999999924 14.299999999999992 11.27999999999999 9.909999999999993 0.5099999999999923 19.559999999999995 1.4299999999999926 2.7199999999999918 2.579999999999992 19.529999999999987 10.669999999999987 10.439999999999992 0.28999999999999204 5.950000000000001 0.6699999999999994 6.549999999999995 0.7899999999999956 4.079999999999996 2.4899999999999993 6.95 7.509999999999998 5.349999999999997 6.709999999999998 17.019999999999996 9.519999999999998 12.009999999999998 10.920000000000003 16.429999999999993 3.0199999999999996 3.9499999999999984 4.73 16.049999999999986 14.619999999999994 16.139999999999997 7.729999999999997 8.319999999999993 12.429999999999993 20.789999999999992 20.999999999999993 20.999999999999993
345.75757575757575 345.75757575757575 345.75757575757575 294.62757575757576 200.76 248.29000000000002 37.00176470588235 111.3041176470588 0.5394117647059034 155.40000000000003 148.69352941176473 235.20117647058825 306.79 280.94 239.91 295.3475757575757 323.56757575757575 316.89757575757574 324.82757575757574 299.5163992869875 307.5981639928699 281.7481639928698 102.85169340463455 181.08051693404627 213.6205169340464 294.36757575757565 255.89757575757574 224.06757575757572 288.43757575757576 327.27757575757573 309.63757575757575 315.18757575757576 337.54757575757577 203.364046345811 134.7217647058823 186.67176470588234 293.37 67.61176470588236 52.7517647058823 35.57411764705883 196.23176470588237 247.89823529411763 240.80117647058816 5.0741176470587845 185.3135294117648 166.80352941176474 284.85 308.32 386.19 301.11764705882354 249.40000000000003 231.3717647058824 247.34941176470596 334.70058823529416 128.58117647058828 133.51470588235298 66.85228163992866 272.07757575757574 341.76757575757574 345.75757575757575 345.75757575757575
779.7575757575758 779.7575757575758 779.7575757575758 68.94757575757578 105.34 561.62 606.2199999999999 756.5500000000001 821.11 803.0499999999998 771.14 808.4300000000001 257.93000000000006 378.9000000000001 540.9799999999999 528.7475757575758 183.5575757575756 293.3875757575757 710.3575757575758 4.297575757575796 158.44757575757578 156.91757575757583 180.0775757575758 481.3275757575759 587.5675757575758 525.5675757575757 199.63757575757575 316.8175757575757 711.7475757575758 25.287575757575805 135.38757575757583 79.3275757575758 121.41757575757572 195.32757575757563 179.00000000000006 494.0699999999999 353.57000000000005 460.2800000000001 618.9900000000001 547.7900000000002 294.55000000000007 274.24 110.1100000000001 209.52999999999992 253.81000000000006 353.25 167.22000000000003 174.8800000000001 554.73 480.6399999999999 414.76 401.80999999999995 41.91999999999996 214.22 672.01 421.50000000000006 484.82757575757563 575.4975757575758 764.8475757575758 779.7575757575758 779.7575757575758
80.73333333333335 80.73333333333335 80.73333333333335 80.10333333333335 62.136666666666656 83.39333333333333 79.56 85.16 47.999999999999986 55.80000000000001 79.67 71.09666666666665 70.03333333333332 88.05999999999999 76.56666666666666 61.56 68.68000000000002 65.34666666666666 67.9 77.79333333333335 77.66333333333334 78.42333333333335 78.63333333333335 73.34000000000002 70.19666666666667 41.73000000000001 54.32666666666668 74.87 76.62666666666668 79.47333333333336 77.37333333333335 77.79333333333334 76.69333333333334 65.68000000000002 25.11666666666666 50.586666666666645 74.55 73.12000000000002 70.72000000000001 45.31333333333334 41.32333333333332 71.52333333333333 74.97000000000003 82.23999999999998 88.06 86.25999999999998 77.55999999999999 48.39999999999999 38.02999999999999 58.55000000000001 70.42000000000002 64.03999999999998 61.01999999999998 59.22999999999998 62.82000000000001 56.95999999999999 72.84333333333335 76.08333333333334 80.10333333333335 80.73333333333335 80.73333333333335
10.775757575757575 10.775757575757575 10.775757575757575 3.915757575757576 0.6500000000000004 0.8400000000000007 0.23999999999999977 0.0499999999999996 1.150000000000001 1.3499999999999996 1.8900000000000003 3.0999999999999988 1.4400000000000013 0.2600000000000007 0.5800000000000001 0.13575757575757552 0.5257575757575752 0.6257575757575755 0.5257575757575745 0.9257575757575749 0.625757575757576 0.9457575757575754 0.1557575757575762 1.1857575757575756 2.375757575757576 3.175757575757576 1.7457575757575752 0.1557575757575762 1.1857575757575756 2.375757575757576 1.9157575757575758 2.0257575757575754 1.0657575757575755 1.4657575757575758 2.4000000000000004 3.1500000000000004 2.0500000000000007 1.85 1.8499999999999996 1.5500000000000003 2.350000000000001 0.20000000000000107 1.0699999999999994 0.580000000000001 0.6500000000000019 2.7199999999999998 2.1700000000000017 2.6400000000000006 3.3499999999999996 0.18999999999999995 0.2199999999999993 1.7199999999999995 0.31000000000000183 0.23999999999999932 4.149999999999999 2.650000000000001 1.1757575757575758 1.1757575757575758 10.775757575757575 10.775757575757575 10.775757575757575
2.545454545454545 2.545454545454545 2.545454545454545 0.655454545454545 1.42 0.04999999999999993 1.4500000000000002 0.4800000000000002 0.45999999999999996 0.6600000000000001 0.19000000000000006 0.019999999999999907 0.04999999999999993 0.7500000000000001 0.4800000000000002 1.195454545454545 0.7154545454545449 0.41545454545454497 0.17545454545454486 0.4454545454545452 0.23545454545454514 0.23545454545454525 0.4454545454545452 0.38545454545454516 0.47545454545454513 1.0754545454545452 0.0854545454545449 0.205454545454545 0.5954545454545449 1.2854545454545452 0.025454545454545174 0.9554545454545451 1.195454545454545 0.14545454545454506 0.9100000000000005 0.4900000000000001 0.4900000000000001 2.220446049250313e-16 0.07000000000000006 0.1399999999999999 0.3400000000000001 0.5400000000000003 0.82 0.1399999999999999 2.220446049250313e-16 1.21 0.060000000000000164 0.36000000000000054 0.09999999999999987 0.07000000000000006 0.06000000000000005 0.18999999999999972 0.28 1.4400000000000004 2.17 0.8499999999999999 0.2054545454545451 0.805454545454545 1.915454545454545 2.545454545454545 2.545454545454545
8.515433299825174 8.515433299825174 8.515433299825174 5.75681261017 2.684699776164546 4.7570932123411955 4.408937844827584 5.257077701149422 8.45562954022988 5.92261672565033 7.532177383545066 6.103884633998788 3.9198861705989057 3.969326379310341 3.129667563520867 2.5795506261342966 3.141968965517238 2.459893457350269 4.411782059891104 2.7272392241379277 1.804182136886099 3.0290460919540196 4.5896727586206865 5.185463505747125 3.8661196037507546 3.92302407441016 1.9393512068965475 5.8959963793103425 8.30389448275862 4.8587074137931 5.4995737114337535 3.6857159437386535 3.052465344827583 3.6109733045976986 7.537698106473078 10.091375027223233 4.162865027223228 4.778308793103446 5.694939425287354 5.743647183908044 5.015489340592859 3.2978214095583755 2.154227180883238 3.281576612220203 2.882861778584389 1.3349272504537182 0.04341119782214009 0.5747592286751335 3.302958702359344 4.693499137931033 6.5041564367816065 6.288496954022987 1.6291031155474855 1.6392744706594011 9.1809366091954 4.516874367816089 5.3545134147677 7.998191575687242 8.515433299825174 8.515433299825174 8.170605713618277
700.0 700.0 700.0 698.0 688.0 689.0 678.0 684.0 680.0 683.0 681.0 682.0 682.0 686.0 673.0 672.0 674.0 681.0 679.0 684.0 684.0 677.0 685.0 680.0 682.0 677.0 672.0 686.0 677.0 683.0 676.0 670.0 681.0 680.0 685.0 691.0 685.0 681.0 685.0 683.0 688.0 685.0 683.0 680.0 685.0 682.0 679.0 677.0 680.0 681.0 680.0 677.0 684.0 677.0 687.0 678.0 681.0 694.0 698.0 700.0 697.0

H cap
49.349999999999994 2.0999999999999943 20.999999999999986 30.449999999999974 55.64999999999998 17.84999999999998 36.749999999999986 46.19999999999999 17.849999999999994 65.1 8.399999999999965 -1.0500000000000362 102.89999999999999 65.1 65.1 55.64999999999999 -1.0500000000000096 17.849999999999994 11.549999999999997 58.8 55.64999999999999 17.84999999999998 14.699999999999974 14.699999999999989 27.299999999999983 49.34999999999998 74.55 2.099999999999998 -7.350000000000007 5.249999999999975 36.74999999999997 27.299999999999997 5.25 -10.5 -38.85000000000001 24.14999999999999 11.549999999999997 39.89999999999999 74.54999999999998 52.499999999999986 24.14999999999999 5.249999999999989 43.04999999999998 33.59999999999998 11.549999999999985 -1.0500000000000238 39.89999999999998 17.849999999999994 -19.950000000000003 24.14999999999999 61.94999999999999 24.14999999999999 33.599999999999994 131.25 131.25 131.25 131.25 131.25 131.25 131.25 131.25
22.799999999999983 4.799999999999985 4.799999999999988 -4.200000000000004 -0.6000000000000014 -0.1500000000000128 -4.6499999999999995 -0.6000000000000085 -3.3000000000000087 -6.000000000000009 1.199999999999986 -7.349999999999982 -0.150000000000011 2.0999999999999988 -9.600000000000012 0.29999999999999094 -11.400000000000002 1.1999999999999922 24.59999999999999 -0.6000000000000156 -1.5000000000000107 -6.000000000000009 0.2999999999999936 -0.5999999999999943 1.1999999999999904 35.400000000000006 22.799999999999983 2.0999999999999845 -2.4000000000000092 -0.6000000000000139 1.2000000000000144 2.999999999999984 24.59999999999999 13.799999999999994 -4.650000000000007 -1.0500000000000114 8.399999999999984 10.650000000000002 -2.850000000000006 8.399999999999995 2.099999999999988 -6.450000000000011 1.199999999999993 -11.399999999999999 -13.650000000000013 0.2999999999999874 23.700000000000003 25.499999999999993 26.399999999999995 2.0999999999999917 1.6499999999999861 4.350000000000003 9.3 52.5 52.5 52.5 52.5 52.5 52.5 52.5 52.5
56.7 53.550000000000004 40.95000000000001 34.65000000000001 47.25000000000001 44.10000000000001 44.10000000000001 44.10000000000001 47.25000000000001 53.550000000000004 22.05000000000002 18.90000000000002 50.400000000000006 56.7 59.85 50.400000000000006 47.25000000000001 53.550000000000004 50.400000000000006 56.7 47.25000000000001 31.500000000000014 34.65000000000001 47.25000000000001 59.85 59.85 44.10000000000001 37.80000000000001 50.400000000000006 44.10000000000001 44.10000000000001 53.550000000000004 53.550000000000004 50.400000000000006 40.95000000000001 44.10000000000001 50.400000000000006 50.400000000000006 44.10000000000001 47.25000000000001 50.400000000000006 40.95000000000001 40.95000000000001 37.80000000000001 34.65000000000001 34.65000000000001 47.25000000000001 50.400000000000006 47.25000000000001 56.7 56.7 40.95000000000001 44.10000000000001 63.0 63.0 63.0 63.0 63.0 63.0 63.0 63.0
-0.45000000000000284 -27.45000000000001 -8.43769498715119e-15 0.4499999999999873 0.4499999999999855 -0.4500000000000206 -8.43769498715119e-15 -0.4500000000000117 0.4499999999999962 -1.3766765505351941e-14 0.44999999999998375 -0.4499999999999993 -0.4500000000000215 -0.45000000000000107 2.699999999999988 -1.8000000000000118 3.149999999999991 -2.4868995751603507e-14 -0.45000000000000284 0.899999999999999 -0.4500000000000184 -3.1086244689504383e-15 -2.220446049250313e-14 -2.7000000000000033 -1.2878587085651816e-14 -6.300000000000033 -3.1086244689504383e-15 0.4500000000000033 -1.199040866595169e-14 -0.45000000000001483 -1.3322676295501878e-15 -3.1500000000000203 -7.993605777301127e-15 -1.8000000000000012 0.44999999999999085 -0.4500000000000135 -10.80000000000001 -0.4499999999999993 -1.7319479184152442e-14 -1.554312234475219e-14 -0.4500000000000064 -1.7319479184152442e-14 -0.900000000000011 -8.43769498715119e-15 0.4499999999999802 -1.350000000000005 0.8999999999999941 -27.00000000000001 0.4499999999999975 0.8999999999999972 -2.1760371282653068e-14 -11.249999999999996 5.773159728050814e-15 78.75 78.75 78.75 78.75 78.75 78.75 78.75 78.75

Gap
0.049423259873120615

Time
1800.0032138824463

