T P M C
61 37 4 12

base obj
10.999710749021094

exp obj
10.239979140197194

Objective struct
10.999710749021094 0.0 7.9607843137254894

num campaigns
404

x
0 0 0 0 0 0 0 0 1 0 0 0 1 0 0 1 1 0 1 0 0 0 0 0 0 0 0 0 0 0 0 1 0 1 1 0 0 0 0 0 1 0 0 0 1 0 1 0 0 0 0 1 0 0 0 1 0 0 0 0 0
0 0 0 0 0 0 0 1 0 0 0 0 0 0 0 0 0 0 0 0 0 0 0 0 0 0 1 0 0 0 0 0 0 0 0 0 0 0 0 1 0 0 0 0 0 0 0 0 0 0 0 1 0 0 0 0 0 0 0 0 0
0 0 0 0 0 0 0 0 1 0 1 0 1 0 1 0 0 1 0 0 1 0 0 0 1 0 1 0 0 0 1 0 0 0 0 0 0 0 0 0 0 0 1 0 0 0 0 1 0 1 0 1 0 0 0 0 0 0 0 0 0
0 0 0 0 1 0 0 0 0 1 0 1 0 0 1 0 0 1 0 0 1 0 0 0 0 0 0 0 0 0 0 0 0 0 0 0 1 0 0 0 0 1 0 0 0 1 0 1 0 0 0 0 0 1 0 0 0 0 0 0 0
0 0 0 0 0 0 0 0 0 1 0 1 1 1 0 0 0 1 1 1 0 1 0 0 0 1 0 0 0 0 0 0 0 1 0 1 1 0 0 1 1 0 0 0 0 0 0 1 1 1 0 0 0 0 0 0 0 0 0 0 0
0 0 0 0 0 0 0 0 1 0 0 0 0 0 0 0 0 0 0 0 0 0 0 0 0 1 0 0 0 0 1 0 0 0 0 0 0 1 0 0 0 0 0 1 0 0 0 0 0 0 0 0 0 0 0 0 0 0 0 0 0
0 0 0 0 0 1 0 0 0 0 1 0 0 1 0 0 0 1 0 0 1 0 0 1 0 0 1 0 0 0 0 0 1 0 0 1 0 0 0 0 1 0 0 0 0 1 0 0 0 1 0 0 0 0 0 0 0 0 0 0 0
0 0 0 0 0 0 1 0 0 0 0 0 0 0 0 0 0 0 0 0 0 0 1 0 0 0 0 0 0 0 0 0 0 0 0 0 0 1 0 0 0 0 0 0 0 0 0 0 0 0 0 1 0 0 0 0 0 0 0 0 0
0 0 0 0 1 0 0 0 0 0 0 0 0 0 0 0 0 0 0 0 0 0 0 0 0 0 0 0 0 0 0 0 0 0 0 0 0 0 0 0 0 0 0 0 0 0 0 0 0 0 0 0 0 0 1 0 0 0 0 0 0
0 0 0 0 0 0 0 0 0 0 0 1 0 0 0 0 0 0 0 0 0 0 0 0 0 1 0 0 1 0 0 0 1 0 0 0 0 0 0 0 0 0 0 1 0 0 0 0 0 0 0 0 0 0 0 0 0 0 0 0 0
0 0 0 0 0 1 0 0 0 0 0 0 0 0 0 0 1 0 0 0 0 0 0 0 0 0 0 0 0 0 0 0 0 1 0 0 0 0 0 0 0 0 0 0 1 0 0 0 0 0 0 0 0 0 0 1 0 0 0 0 0
0 0 0 0 0 0 0 0 1 0 0 0 0 0 0 0 0 0 0 0 0 0 0 1 0 0 0 0 0 0 0 0 0 0 0 0 0 0 0 0 1 0 0 0 0 0 0 0 0 0 0 0 0 0 0 1 0 0 0 0 0
0 0 0 0 0 0 0 0 0 0 0 0 0 0 0 0 0 0 0 0 1 0 0 0 0 0 0 0 0 0 0 0 0 0 0 0 0 0 0 0 0 0 0 0 0 0 0 0 0 1 0 0 0 0 0 0 0 0 0 0 0
0 0 0 0 0 0 1 0 0 0 1 0 0 0 1 0 0 0 1 0 0 0 1 0 0 0 0 1 0 0 0 1 0 0 0 0 1 0 0 0 0 0 1 0 0 0 0 1 0 0 0 0 1 0 0 0 0 0 0 0 0
0 0 0 0 0 0 0 0 0 0 0 0 0 0 0 0 0 0 0 0 0 0 0 0 0 0 0 0 0 1 0 0 0 0 0 0 0 0 0 0 0 0 0 0 0 0 0 0 0 1 0 0 0 0 0 0 0 0 0 0 0
0 0 0 0 0 0 0 0 0 0 0 0 0 0 0 0 0 0 0 0 0 0 0 0 1 0 0 0 0 0 0 0 0 0 0 0 0 0 0 0 0 0 0 0 0 0 0 0 0 0 0 0 0 0 0 0 0 0 0 0 0
0 0 0 0 0 0 0 0 0 0 0 0 0 0 0 1 0 0 0 0 0 0 0 0 0 0 0 0 0 0 0 0 0 0 0 0 0 0 0 0 0 0 0 1 0 0 0 0 0 0 0 0 0 0 0 1 0 0 0 0 0
0 0 0 0 1 0 0 0 0 0 0 0 0 0 0 0 0 0 0 0 0 0 0 0 0 0 0 0 1 0 0 0 0 0 0 0 0 0 0 0 0 0 0 0 0 0 0 0 0 0 0 0 0 1 0 0 0 0 0 0 0
0 0 0 0 1 0 0 1 0 0 1 0 0 1 0 0 1 0 0 0 1 0 0 1 0 0 0 0 0 0 0 0 1 0 0 0 1 0 0 0 0 1 0 0 0 0 0 1 0 0 1 0 0 1 0 0 0 0 0 0 0
0 0 0 0 1 0 0 0 0 0 0 0 0 0 0 0 0 0 0 0 0 0 0 0 0 0 0 0 0 0 0 0 0 0 0 0 0 0 0 0 0 0 0 0 0 0 0 0 0 0 0 0 0 0 0 1 0 0 0 0 0
0 0 0 0 0 0 0 0 1 0 0 1 0 0 1 0 0 1 0 0 1 0 0 1 0 0 0 1 0 0 1 0 0 1 0 0 0 0 0 0 0 1 0 0 0 1 0 0 1 0 0 0 0 0 0 0 0 0 0 0 0
0 0 0 0 0 0 0 0 0 0 0 0 0 0 0 0 0 0 0 0 0 0 0 0 0 0 0 0 0 0 0 0 0 0 0 0 0 0 0 0 0 0 0 0 0 0 0 0 0 0 0 0 0 0 0 0 0 0 0 0 0
0 0 0 0 0 0 1 0 0 0 0 0 0 0 0 0 0 0 0 0 0 0 0 1 0 0 0 0 0 0 0 0 0 0 0 0 0 0 1 0 0 0 0 0 0 0 0 0 0 0 0 0 0 1 0 0 0 0 0 0 0
0 0 0 0 0 0 0 0 0 0 1 0 0 0 0 0 0 0 0 1 0 0 0 0 0 0 1 0 0 0 0 0 1 0 0 0 0 0 0 1 0 0 0 0 0 1 0 0 0 0 0 0 0 0 0 0 0 0 0 0 0
0 0 0 0 1 0 0 0 0 0 0 0 0 1 0 0 0 0 0 0 0 1 0 0 0 0 0 0 1 0 0 0 0 0 0 1 0 0 0 0 0 0 0 0 0 0 0 0 0 0 0 0 0 0 0 0 0 0 0 0 0
0 0 0 0 1 0 0 0 0 0 0 1 0 0 0 0 0 0 0 1 0 0 0 0 0 0 1 0 0 0 0 0 0 1 0 0 0 0 0 0 0 1 0 0 0 0 0 0 1 0 0 0 0 0 0 1 0 0 0 0 0
0 0 0 0 0 0 1 0 0 0 0 1 0 0 0 0 0 1 0 0 0 0 0 0 0 1 0 0 0 0 1 0 0 0 1 0 0 0 1 0 0 0 0 0 0 0 0 1 0 0 1 0 0 1 0 0 0 0 0 0 0
0 0 0 0 1 0 0 0 0 0 0 0 0 0 0 0 0 0 0 0 0 0 0 0 0 0 0 0 0 0 0 0 0 0 0 0 0 0 0 0 0 0 0 0 0 0 0 0 0 0 0 0 0 0 0 1 0 0 0 0 0
0 0 0 0 0 0 0 0 0 0 0 0 0 0 0 0 0 0 0 0 0 0 0 0 0 0 0 0 0 0 0 0 0 0 0 0 0 0 0 0 0 1 0 0 0 1 0 0 0 0 0 0 0 0 0 0 0 0 0 0 0
0 0 0 0 1 1 1 1 1 1 1 1 1 1 1 1 1 1 1 1 1 1 1 1 1 1 1 1 1 1 1 1 1 1 1 1 1 1 1 1 1 1 1 1 1 1 1 1 1 1 1 1 1 1 1 1 0 0 0 0 0
0 0 0 0 1 1 1 1 1 1 1 1 1 1 1 1 1 1 1 1 1 1 1 1 1 1 1 1 1 1 1 1 1 1 1 1 1 1 1 1 1 1 1 1 1 1 1 1 1 1 1 1 1 1 1 1 0 0 0 0 0
0 0 0 0 1 1 1 1 1 1 1 1 1 1 1 1 1 1 1 1 1 1 1 1 1 1 1 1 1 1 1 1 1 1 1 1 1 1 1 1 1 1 1 1 1 1 1 1 1 1 1 1 1 1 1 1 0 0 0 0 0
0 0 0 0 1 0 0 0 0 0 1 0 0 1 0 1 1 1 0 1 1 0 0 0 1 0 0 1 0 0 1 0 0 1 1 1 1 1 0 0 1 1 0 0 1 0 0 1 1 0 0 0 0 1 0 0 0 0 0 0 0
0 0 0 0 1 1 1 1 1 1 0 1 1 1 1 1 1 1 0 0 1 0 0 0 1 0 1 0 0 0 0 0 1 1 0 0 1 1 0 1 1 1 1 0 0 1 1 1 1 1 1 1 0 1 1 1 0 0 0 0 0
0 0 0 0 1 1 0 0 0 0 0 0 0 0 0 0 0 0 0 1 0 1 0 0 0 0 0 0 0 0 0 0 0 1 0 0 0 1 0 0 0 0 0 0 0 0 0 1 0 0 0 0 1 1 0 0 0 0 0 0 0
0 0 0 0 0 0 0 0 0 0 0 0 0 0 0 0 0 0 0 0 0 0 0 0 0 0 0 1 0 0 0 0 0 0 0 0 0 0 0 0 0 0 0 0 0 0 0 1 0 0 0 0 0 0 0 0 0 0 0 0 0
0 0 0 0 0 0 0 0 0 0 0 0 0 0 0 0 0 0 0 0 0 0 0 0 0 0 0 0 0 0 0 0 0 0 0 0 0 0 0 0 0 0 0 0 0 0 0 0 0 0 0 0 0 0 0 0 0 0 0 0 0

y
0.0 7.363636363636363 0.0 0.0 0.0 0.3636363636363633 0.0 0.0 0.0 1.1785714285714286 0.0 0.0 24.363636363636363 0.0 11.5 0.0 1.8000000000000007 0.0 0.875 0.0 0.0 0.0 0.0 0.33333333333333304 0.0 0.0 0.0 0.0 1.4500000000000002 0.0 0.0 0.0 0.5048543689320388 0.0 0.0 19.0 0.0

k
0 8 0 0 0 7 0 0 0 24 0 0 10 0 5 0 3 0 12 0 0 6 0 4 1 0 0 0 19 0 0 0 82 18 43 50 6

f
1.0500000000000114 19.950000000000014 0.0 4.200000000000001 16.800000000000008 0.0 0.0 0.0 0.0 0.0 0.0 0.0 0.0 0.0 0.0 0.0 0.0 0.0 0.0 0.0 0.0 0.0 0.0 0.0 0.0 0.0 0.0 0.0 0.0 0.0 7.3500000000000085 0.0 0.0 0.0 0.0 0.0 0.0 0.0 0.0 0.0 0.0 0.0 0.0 0.0 0.0 0.0 0.0 29.400000000000006 4.200000000000003 0.0 0.0 16.80000000000001 0.0 0.0 0.0 0.0 0.0 0.0 0.0 0.0 0.0
0.0 0.0 0.0 0.0 0.0 0.0 0.0 0.0 0.0 0.0 0.0 0.0 0.0 0.0 0.0 0.0 0.0 0.0 0.0 0.0 0.0 0.0 0.0 0.0 0.0 0.0 0.0 0.0 0.0 0.0 0.0 0.0 0.0 0.0 0.0 0.0 0.0 0.0 0.0 0.0 0.0 0.0 0.0 0.0 0.0 0.0 0.0 0.0 0.0 0.0 0.0 0.0 0.0 0.0 0.0 0.0 0.0 0.0 0.0 0.0 0.0
0.0 0.0 0.0 0.0 0.0 0.0 0.0 0.0 0.0 0.0 0.0 0.0 0.0 0.0 0.0 0.0 0.0 0.0 0.0 0.0 0.0 0.0 0.0 0.0 0.0 0.0 0.0 0.0 0.0 0.0 0.0 0.0 0.0 0.0 0.0 0.0 0.0 0.0 0.0 0.0 0.0 0.0 0.0 0.0 0.0 0.0 0.0 0.0 0.0 0.0 0.0 0.0 0.0 0.0 0.0 0.0 0.0 0.0 0.0 0.0 0.0
0.0 3.6000000000000036 1.34999999999998 8.099999999999993 4.499999999999992 0.0 0.0 13.950000000000019 0.0 6.300000000000004 9.000000000000012 5.400000000000016 0.0 0.0 0.45000000000001306 6.661338147750939e-15 0.0 2.250000000000016 0.0 1.3499999999999974 5.8500000000000085 1.554312234475219e-14 13.500000000000007 0.0 0.45000000000001306 7.65 0.9000000000000057 8.550000000000013 1.800000000000006 0.0 0.0 0.0 0.0 0.0 0.0 0.0 0.0 0.0 0.0 3.150000000000016 0.0 0.4500000000000117 0.0 0.9000000000000039 0.0 0.0 0.0 0.0 0.0 3.1086244689504383e-15 0.0 0.0 0.0 0.0 0.0 0.0 0.0 0.0 0.0 0.0 0.0

L
1 12 2 2 1 5 3 14 50 3 11 15 29 4 20 0 12 24 3 51 3 0 15 6 7 7 3 51 4 1 1 1 1 1 1 20 0

g
0 0 0 0 0 0 0 0 0 0 0 0 0 0 0 0 0 0 0 0 0 0 0 0 0 0 0 0 0 0 0 0 0 0 0 0 0 0 0 0 0 0 0 0 0 0 0 0 0 0 0 0 0 0 0 0 0 0 0 0 0
0 0 0 0 0 0 0 0 0 0 0 0 0 0 0 0 0 0 0 0 0 0 0 0 0 0 0 0 0 0 0 0 0 0 0 0 0 0 0 0 0 0 0 0 0 0 0 0 0 0 0 0 0 0 0 0 0 0 0 0 0
0 0 0 0 0 0 0 0 0 0 0 0 0 0 0 0 0 0 0 0 0 0 0 0 0 0 0 0 0 0 0 0 0 0 0 0 0 0 0 0 0 0 0 0 0 0 0 0 0 0 0 0 0 0 0 0 0 0 0 0 0
0 0 0 0 0 0 0 0 0 0 0 0 0 0 0 0 0 0 0 0 0 0 0 0 0 0 0 0 0 0 0 0 0 0 0 0 0 0 0 0 0 0 0 0 0 0 0 0 0 0 0 0 0 0 0 0 0 0 0 0 0
0 0 0 0 0 0 0 0 0 0 0 0 0 0 0 0 0 0 0 0 0 0 0 0 0 0 0 0 0 0 0 0 0 0 0 0 0 0 0 0 0 0 0 0 0 0 0 0 0 0 0 0 0 0 0 0 0 0 0 0 0
0 0 0 0 0 0 0 0 0 0 0 0 0 0 0 0 0 0 0 0 0 0 0 0 0 0 0 0 0 0 0 0 0 0 0 0 0 0 0 0 0 0 0 0 0 0 0 0 0 0 0 0 0 0 0 0 0 0 0 0 0
0 0 0 0 0 0 0 0 0 0 0 0 0 0 0 0 0 0 0 0 0 0 0 0 0 0 0 0 0 0 0 0 0 0 0 0 0 0 0 0 0 0 0 0 0 0 0 0 0 0 0 0 0 0 0 0 0 0 0 0 0
0 0 0 0 0 0 0 0 0 0 0 0 0 0 0 0 0 0 0 0 0 0 0 0 0 0 0 0 0 0 0 0 0 0 0 0 0 0 0 0 0 0 0 0 0 0 0 0 0 0 0 0 0 0 0 0 0 0 0 0 0
0 0 0 0 0 0 0 0 0 0 0 0 0 0 0 0 0 0 0 0 0 0 0 0 0 0 0 0 0 0 0 0 0 0 0 0 0 0 0 0 0 0 0 0 0 0 0 0 0 0 0 0 0 0 0 0 0 0 0 0 0
0 0 0 0 0 0 0 0 0 0 0 0 0 0 0 0 0 0 0 0 0 0 0 0 0 0 0 0 0 0 0 0 0 0 0 0 0 0 0 0 0 0 0 0 0 0 0 0 0 0 0 0 0 0 0 0 0 0 0 0 0
0 0 0 0 0 0 0 0 0 0 0 0 0 0 0 0 0 0 0 0 0 0 0 0 0 0 0 0 0 0 0 0 0 0 0 0 0 0 0 0 0 0 0 0 0 0 0 0 0 0 0 0 0 0 0 0 0 0 0 0 0
0 0 0 0 0 0 0 0 0 0 0 0 0 0 0 0 0 0 0 0 0 0 0 0 0 0 0 0 0 0 0 0 0 0 0 0 0 0 0 0 0 0 0 0 0 0 0 0 0 0 0 0 0 0 0 0 0 0 0 0 0
0 0 0 0 0 0 0 0 0 0 0 0 0 0 0 0 0 0 0 0 0 0 0 0 0 0 0 0 0 0 0 0 0 0 0 0 0 0 0 0 0 0 0 0 0 0 0 0 0 0 0 0 0 0 0 0 0 0 0 0 0
0 0 0 0 0 0 0 0 0 0 0 0 0 0 0 0 0 0 0 0 0 0 0 0 0 0 0 0 0 0 0 0 0 0 0 0 0 0 0 0 0 0 0 0 0 0 0 0 0 0 0 0 0 0 0 0 0 0 0 0 0
0 0 0 0 0 0 0 0 0 0 0 0 0 0 0 0 0 0 0 0 0 0 0 0 0 0 0 0 0 0 0 0 0 0 0 0 0 0 0 0 0 0 0 0 0 0 0 0 0 0 0 0 0 0 0 0 0 0 0 0 0
0 0 0 0 0 0 0 0 0 0 0 0 0 0 0 0 0 0 0 0 0 0 0 0 0 0 0 0 0 0 0 0 0 0 0 0 0 0 0 0 0 0 0 0 0 0 0 0 0 0 0 0 0 0 0 0 0 0 0 0 0
0 0 0 0 0 0 0 0 0 0 0 0 0 0 0 0 0 0 0 0 0 0 0 0 0 0 0 0 0 0 0 0 0 0 0 0 0 0 0 0 0 0 0 0 0 0 0 0 0 0 0 0 0 0 0 0 0 0 0 0 0
0 0 0 0 0 0 0 0 0 0 0 0 0 0 0 0 0 0 0 0 0 0 0 0 0 0 0 0 0 0 0 0 0 0 0 0 0 0 0 0 0 0 0 0 0 0 0 0 0 0 0 0 0 0 0 0 0 0 0 0 0
0 0 0 0 0 0 0 0 0 0 0 0 0 0 0 0 0 0 0 0 0 0 0 0 0 0 0 0 0 0 0 0 0 0 0 0 0 0 0 0 0 0 0 0 0 0 0 0 0 0 0 0 0 0 0 0 0 0 0 0 0
0 0 0 0 0 0 0 0 0 0 0 0 0 0 0 0 0 0 0 0 0 0 0 0 0 0 0 0 0 0 0 0 0 0 0 0 0 0 0 0 0 0 0 0 0 0 0 0 0 0 0 0 0 0 0 0 0 0 0 0 0
0 0 0 0 0 0 0 0 0 0 0 0 0 0 0 0 0 0 0 0 0 0 0 0 0 0 0 0 0 0 0 0 0 0 0 0 0 0 0 0 0 0 0 0 0 0 0 0 0 0 0 0 0 0 0 0 0 0 0 0 0
0 0 0 0 0 0 0 0 0 0 0 0 0 0 0 0 0 0 0 0 0 0 0 0 0 0 0 0 0 0 0 0 0 0 0 0 0 0 0 0 0 0 0 0 0 0 0 0 0 0 0 0 0 0 0 0 0 0 0 0 0
0 0 0 0 0 0 0 0 0 0 0 0 0 0 0 0 0 0 0 0 0 0 0 0 0 0 0 0 0 0 0 0 0 0 0 0 0 0 0 0 0 0 0 0 0 0 0 0 0 0 0 0 0 0 0 0 0 0 0 0 0
0 0 0 0 0 0 0 0 0 0 0 0 0 0 0 0 0 0 0 0 0 0 0 0 0 0 0 0 0 0 0 0 0 0 0 0 0 0 0 0 0 0 0 0 0 0 0 0 0 0 0 0 0 0 0 0 0 0 0 0 0
0 0 0 0 0 0 0 0 0 0 0 0 0 0 0 0 0 0 0 0 0 0 0 0 0 0 0 0 0 0 0 0 0 0 0 0 0 0 0 0 0 0 0 0 0 0 0 0 0 0 0 0 0 0 0 0 0 0 0 0 0
0 0 0 0 0 0 0 0 0 0 0 0 0 0 0 0 0 0 0 0 0 0 0 0 0 0 0 0 0 0 0 0 0 0 0 0 0 0 0 0 0 0 0 0 0 0 0 0 0 0 0 0 0 0 0 0 0 0 0 0 0
0 0 0 0 0 0 0 0 0 0 0 0 0 0 0 0 0 0 0 0 0 0 0 0 0 0 0 0 0 0 0 0 0 0 0 0 0 0 0 0 0 0 0 0 0 0 0 0 0 0 0 0 0 0 0 0 0 0 0 0 0
0 0 0 0 0 0 0 0 0 0 0 0 0 0 0 0 0 0 0 0 0 0 0 0 0 0 0 0 0 0 0 0 0 0 0 0 0 0 0 0 0 0 0 0 0 0 0 0 0 0 0 0 0 0 0 0 0 0 0 0 0
0 0 0 0 0 0 0 0 0 0 0 0 0 0 0 0 0 0 0 0 0 0 0 0 0 0 0 0 0 0 0 0 0 0 0 0 0 0 0 0 0 0 0 0 0 0 0 0 0 0 0 0 0 0 0 0 0 0 0 0 0
0 0 0 0 0 0 0 0 0 0 0 0 0 0 0 0 0 0 0 0 0 0 0 0 0 0 0 0 0 0 0 0 0 0 0 0 0 0 0 0 0 0 0 0 0 0 0 0 0 0 0 0 0 0 0 0 0 0 0 0 0
0 0 0 0 0 0 0 0 0 0 0 0 0 0 0 0 0 0 0 0 0 0 0 0 0 0 0 0 0 0 0 0 0 0 0 0 0 0 0 0 0 0 0 0 0 0 0 0 0 0 0 0 0 0 0 0 0 0 0 0 0
0 0 0 0 0 0 0 0 0 0 0 0 0 0 0 0 0 0 0 0 0 0 0 0 0 0 0 0 0 0 0 0 0 0 0 0 0 0 0 0 0 0 0 0 0 0 0 0 0 0 0 0 0 0 0 0 0 0 0 0 0
0 0 0 0 0 0 0 0 0 0 0 0 0 0 0 0 0 0 0 0 0 0 0 0 0 0 0 0 0 0 0 0 0 0 0 0 0 0 0 0 0 0 0 0 0 0 0 0 0 0 0 0 0 0 0 0 0 0 0 0 0
0 0 0 0 0 0 0 0 0 0 0 0 0 0 0 0 0 0 0 0 0 0 0 0 0 0 0 0 0 0 0 0 0 0 0 0 0 0 0 0 0 0 0 0 0 0 0 0 0 0 0 0 0 0 0 0 0 0 0 0 0
0 0 0 0 0 0 0 0 0 0 0 0 0 0 0 0 0 0 0 0 0 0 0 0 0 0 0 0 0 0 0 0 0 0 0 0 0 0 0 0 0 0 0 0 0 0 0 0 0 0 0 0 0 0 0 0 0 0 0 0 0
0 0 0 0 0 0 0 0 0 0 0 0 0 0 0 0 0 0 0 0 0 0 0 0 0 0 0 0 0 0 0 0 0 0 0 0 0 0 0 0 0 0 0 0 0 0 0 0 0 0 0 0 0 0 0 0 0 0 0 0 0
0 0 0 0 0 0 0 0 0 0 0 0 0 0 0 0 0 0 0 0 0 0 0 0 0 0 0 0 0 0 0 0 0 0 0 0 0 0 0 0 0 0 0 0 0 0 0 0 0 0 0 0 0 0 0 0 0 0 0 0 0

I cap
1058.909090909091 1058.909090909091 1038.509090909091 1021.1090909090909 816.8 858.6399999999999 849.44 1088.74 591.4399999999999 566.6999999999999 534.76 200.8400000000001 481.96000000000015 370.03999999999996 440.52000000000015 633.849090909091 656.5690909090911 309.48909090909103 525.349090909091 423.0090909090911 340.5890909090911 523.649090909091 792.609090909091 800.2490909090909 851.609090909091 505.10909090909104 341.6090909090911 580.3490909090909 647.269090909091 816.2690909090911 600.629090909091 594.849090909091 401.049090909091 482.809090909091 80.06000000000006 86.54000000000008 259.3800000000001 510.32000000000005 588.0799999999999 571.5799999999999 419.25999999999993 360.05999999999995 525.48 403.46000000000004 605.94 427.68 796.76 491.40000000000003 544.24 171.4400000000001 298.0399999999999 386.15999999999997 743.78 588.1800000000002 992.9800000000001 971.8599999999999 721.4690909090909 769.149090909091 976.349090909091 1058.909090909091 1058.909090909091
107.96969696969697 107.96969696969697 107.96969696969697 96.36969696969697 35.0 32.36 28.56 39.260000000000005 14.560000000000002 39.3 69.24000000000001 45.16 53.04 64.96 74.48000000000002 87.02969696969697 58.30969696969697 31.389696969696974 56.52969696969697 80.86969696969697 7.289696969696969 23.229696969696974 28.26969696969698 15.62969696969697 38.269696969696966 2.7696969696969695 42.269696969696966 85.52969696969697 64.60969696969697 73.60969696969697 85.24969696969698 84.02969696969697 48.82969696969697 30.06969696969696 31.939999999999998 2.460000000000001 26.620000000000005 32.68000000000001 35.92 45.42 13.739999999999995 43.94 53.52 58.540000000000006 35.06 34.32 60.239999999999995 72.60000000000001 87.76 12.56000000000001 20.960000000000008 16.840000000000018 43.22 10.420000000000009 21.62 6.940000000000005 31.409696969696967 34.729696969696974 104.52969696969697 107.96969696969697 107.96969696969697
38.96666666666666 38.96666666666666 14.033333333333328 1.3583333333333272 8.29166666666666 22.325 21.624999999999996 31.5 18.23333333333334 17.53333333333334 9.133333333333333 7.733333333333336 2.833333333333334 14.733333333333334 9.833333333333334 17.299999999999997 17.299999999999997 17.299999999999997 17.299999999999997 24.299999999999997 17.299999999999997 17.299999999999997 17.299999999999997 17.299999999999997 17.299999999999997 17.299999999999997 38.96666666666666 11.624999999999996 11.624999999999996 11.624999999999996 11.624999999999995 24.299999999999997 17.299999999999997 17.299999999999997 2.1333333333333346 4.2333333333333325 11.2 16.1 20.299999999999997 30.799999999999997 37.8 18.23333333333334 25.23333333333334 24.53333333333334 43.400000000000006 26.633333333333333 30.833333333333336 29.43333333333333 23.133333333333333 24.53333333333334 27.333333333333336 42.0 32.825 4.391666666666669 6.491666666666664 16.69166666666667 38.96666666666666 38.96666666666666 38.96666666666666 38.96666666666666 38.96666666666666
45.24545454545453 45.24545454545453 45.24545454545453 37.195454545454524 15.970000000000004 28.769999999999992 25.959999999999987 29.3 17.49 20.709999999999987 21.759999999999987 11.290000000000003 9.990000000000002 15.030000000000003 8.709999999999999 27.045454545454515 27.68545454545452 23.69545454545452 24.64545454545452 26.12545454545452 24.52545454545453 26.545454545454522 27.735454545454527 30.22545454545453 27.325454545454523 19.045454545454525 18.59545454545453 25.125454545454524 25.405454545454525 28.84545454545453 25.60545454545452 23.995454545454525 21.24545454545453 26.09545454545452 26.589999999999986 20.559999999999995 17.769999999999996 20.819999999999993 25.38 37.81999999999999 22.96 31.019999999999985 36.18999999999999 25.409999999999993 26.429999999999993 30.649999999999988 29.449999999999985 23.179999999999986 24.96999999999999 27.699999999999996 35.259999999999984 31.399999999999995 36.94999999999998 31.379999999999985 28.749999999999996 36.199999999999996 41.52545454545452 43.41545454545452 44.615454545454526 45.24545454545453 45.24545454545453
20.999999999999993 20.999999999999993 20.999999999999993 20.34999999999999 7.490000000000001 16.189999999999994 10.740000000000004 12.56 5.07 2.869999999999995 7.199999999999997 6.2899999999999965 6.470000000000004 11.650000000000002 2.2100000000000004 7.239999999999994 7.849999999999995 5.519999999999992 7.239999999999993 8.129999999999994 5.379999999999993 7.099999999999993 7.809999999999993 10.009999999999994 7.5099999999999945 4.619999999999994 4.0099999999999945 7.299999999999994 6.989999999999993 9.799999999999994 7.129999999999995 6.809999999999994 6.289999999999994 8.669999999999993 10.53 12.979999999999993 7.149999999999996 8.299999999999997 9.119999999999997 7.719999999999999 2.85 8.139999999999999 7.019999999999997 8.049999999999997 6.200000000000002 7.069999999999996 9.469999999999997 6.4300000000000015 10.529999999999998 4.189999999999998 6.399999999999999 4.850000000000001 6.3299999999999965 2.7699999999999974 9.129999999999995 9.729999999999997 13.999999999999993 17.30999999999999 20.789999999999992 20.999999999999993 20.999999999999993
345.75757575757575 345.75757575757575 345.75757575757575 312.8163992869875 195.9294117647059 214.00000000000003 220.37000000000006 191.76000000000002 205.42000000000004 217.94999999999996 198.28 160.60999999999999 180.96999999999997 216.44999999999996 208.68999999999997 217.36757575757574 178.85757575757572 188.93757575757573 222.21757575757576 228.07757575757574 234.84757575757573 235.0275757575758 245.43757575757576 225.7575757575758 208.38757575757577 175.3075757575758 169.29757575757571 219.42757575757582 216.22757575757578 210.59757575757575 230.69757575757575 213.00757575757572 185.61757575757574 218.48757575757574 139.87 183.69 192.42 238.01000000000005 227.37000000000006 219.76000000000005 205.79000000000005 264.19 205.65 214.85999999999999 182.45 182.04 197.69000000000003 251.01999999999998 292.57000000000005 266.13000000000005 257.43 233.54000000000002 261.15000000000003 304.66 318.02000000000004 285.7711764705882 252.00816399286984 302.71757575757573 341.76757575757574 345.75757575757575 345.75757575757575
779.7575757575758 779.7575757575758 779.7575757575758 676.7075757575758 508.65999999999997 744.3100000000001 785.38 764.5300000000001 714.28 624.4299999999998 611.8299999999999 687.94 652.81 696.4800000000001 602.14 508.4575757575759 491.0175757575757 529.5575757575758 554.8275757575758 521.5775757575758 566.2275757575757 652.6575757575758 683.7275757575757 622.8675757575758 587.4675757575757 541.6575757575757 496.86757575757565 564.6275757575758 668.7875757575757 662.4475757575757 562.9775757575758 603.8375757575759 522.2675757575757 558.9975757575758 419.43000000000006 525.4000000000001 554.1700000000001 699.01 676.2 517.3000000000001 431.97 588.8799999999999 639.75 471.8900000000001 485.82999999999987 543.37 514.58 416.34999999999997 546.1900000000002 488.5499999999999 579.33 514.78 501.94000000000005 518.1800000000001 668.1100000000001 560.9900000000001 678.5175757575756 719.8475757575758 764.8475757575758 779.7575757575758 779.7575757575758
80.73333333333335 80.73333333333335 80.73333333333335 77.63333333333334 57.68666666666665 78.82000000000001 71.97 79.72999999999999 69.93999999999997 75.02 70.29333333333334 77.69666666666669 84.84999999999998 86.30999999999999 74.19 67.71333333333335 68.01333333333334 66.42333333333335 71.44666666666669 75.85333333333334 70.32000000000001 72.07666666666668 76.24333333333334 75.52333333333334 70.59 66.43666666666668 68.69 71.94666666666669 74.73333333333335 77.41333333333334 73.49333333333334 73.74333333333335 68.90000000000002 67.34333333333335 41.32333333333332 66.28999999999999 69.36666666666667 62.99000000000001 68.56333333333335 71.59666666666668 64.52999999999999 68.7 69.47000000000001 75.56333333333333 82.53 83.09666666666666 75.33000000000001 68.22 66.14999999999999 61.779999999999994 63.91000000000001 57.759999999999984 60.43333333333332 54.45666666666666 53.63999999999999 51.34999999999999 72.54666666666668 77.94333333333336 80.10333333333335 80.73333333333335 80.73333333333335
10.775757575757575 10.775757575757575 10.775757575757575 10.775757575757575 4.15 2.750000000000001 1.2899999999999994 2.499999999999999 3.4400000000000004 7.640000000000001 9.8 8.1 5.7 5.000000000000001 11.2 6.545757575757575 0.1557575757575762 1.9857575757575758 5.975757575757576 2.7757575757575754 6.925757575757576 6.525757575757575 6.625757575757575 4.125757575757575 2.7257575757575747 0.9157575757575762 2.0757575757575752 1.835757575757576 6.635757575757576 6.045757575757575 4.745757575757576 2.3457575757575757 2.5657575757575755 7.575757575757575 3.2000000000000006 1.1500000000000001 0.45000000000000084 3.8500000000000005 0.18999999999999972 3.2 4.240000000000001 3.8900000000000006 0.7000000000000011 9.77 4.080000000000002 1.5100000000000007 0.7000000000000011 4.769999999999999 2.0700000000000003 1.3199999999999983 3.5599999999999996 2.770000000000002 0.33000000000000096 1.9399999999999986 2.6500000000000004 2.169999999999999 0.1557575757575762 4.385757575757576 10.775757575757575 10.775757575757575 10.775757575757575
2.545454545454545 2.545454545454545 2.545454545454545 1.645454545454545 1.3599999999999999 0.5599999999999999 0.19000000000000006 0.7200000000000001 0.4600000000000002 0.030000000000000138 0.82 0.1399999999999999 0.5599999999999999 0.6300000000000002 0.2100000000000002 0.4454545454545452 0.23545454545454514 0.4454545454545452 0.4454545454545452 1.0754545454545452 0.805454545454545 0.4154545454545451 1.4354545454545449 1.555454545454545 1.825454545454545 0.565454545454545 1.795454545454545 0.03545454545454518 0.03545454545454518 1.915454545454545 1.915454545454545 1.0754545454545452 0.4454545454545452 0.4454545454545452 0.49000000000000055 1.33 1.54 1.4700000000000002 0.9099999999999998 0.019999999999999907 0.4600000000000002 0.030000000000000138 0.82 0.1399999999999999 0.6300000000000002 1.33 0.6300000000000002 0.7300000000000004 0.16999999999999993 0.4299999999999998 0.8100000000000003 0.09999999999999976 1.45 1.5300000000000007 0.09999999999999998 0.13000000000000012 0.26545454545454505 1.195454545454545 1.915454545454545 2.545454545454545 2.545454545454545
8.515433299825174 8.515433299825174 8.515433299825174 7.807629307084703 5.077409655172411 5.72415293103448 5.715834224137929 7.107652413793102 8.730917068965516 6.584443706896549 7.657706724137928 7.476237931034481 6.260176551724136 5.1072574137931 5.702262844827583 5.443162241379308 5.043693103448274 4.46533793103448 3.7908199999999974 4.35999767241379 3.408205125391847 5.725023103448274 6.831052068965516 6.076268103448275 6.204807011494252 4.891808103448273 4.08073068965517 6.821858448275861 7.424584310344827 6.6759489655172395 7.629882413793102 7.44506275862069 5.655913620689653 3.719593994252871 7.6653748850574726 9.02839844827586 4.3171298275862044 5.376584827586205 6.011031379310343 5.697670344827585 4.096856724137929 3.851602758620688 4.481148103448273 5.616724827586205 4.65690896551724 4.830027068965515 2.981069999999999 3.372308965517238 2.6623053448275833 4.200395689655171 5.78116793103448 4.877577413793101 5.699580862068964 5.792934310344825 7.518292758620688 6.029275889292194 6.848766460744713 7.308536575687242 8.515433299825174 8.515433299825174 8.170605713618277
700.0 700.0 699.0 697.0 683.0 684.0 676.0 685.0 680.0 686.0 683.0 674.0 680.0 676.0 680.0 677.0 686.0 681.0 684.0 682.0 676.0 680.0 685.0 675.0 685.0 678.0 685.0 679.0 678.0 684.0 677.0 688.0 680.0 676.0 681.0 679.0 680.0 683.0 684.0 686.0 684.0 678.0 681.0 683.0 689.0 680.0 687.0 679.0 676.0 681.0 681.0 685.0 683.0 679.0 680.0 679.0 689.0 688.0 698.0 700.0 697.0

H cap
-1.0500000000000114 -19.950000000000014 17.849999999999994 -4.200000000000001 -16.800000000000008 5.249999999999989 74.54999999999998 39.89999999999998 11.549999999999985 27.299999999999983 65.09999999999998 46.19999999999999 8.399999999999993 2.09999999999998 11.549999999999985 55.64999999999999 65.09999999999998 65.09999999999998 65.1 14.699999999999989 20.999999999999986 24.14999999999999 5.249999999999989 61.94999999999999 71.39999999999999 33.599999999999994 17.849999999999994 17.849999999999994 46.19999999999999 17.84999999999998 -7.3500000000000085 39.89999999999999 74.54999999999998 24.14999999999999 5.25 33.599999999999994 5.249999999999989 17.84999999999998 83.99999999999999 71.39999999999999 24.14999999999999 27.299999999999983 36.749999999999986 30.44999999999999 58.79999999999998 36.749999999999986 30.44999999999999 -29.400000000000006 -4.200000000000003 33.599999999999994 2.0999999999999943 -16.80000000000001 14.699999999999989 131.25 131.25 131.25 131.25 131.25 131.25 131.25 131.25
31.349999999999984 14.249999999999986 12.899999999999995 16.499999999999993 17.849999999999987 16.5 18.299999999999997 11.099999999999994 11.099999999999994 16.049999999999994 15.599999999999994 10.199999999999992 10.199999999999992 8.399999999999991 9.299999999999997 18.299999999999997 12.899999999999991 15.599999999999998 22.799999999999994 23.699999999999996 22.349999999999994 15.149999999999988 16.049999999999997 16.949999999999992 21.899999999999988 27.29999999999999 22.349999999999994 17.84999999999999 18.299999999999997 11.099999999999994 10.2 20.09999999999999 16.05 7.949999999999995 19.199999999999992 26.399999999999988 13.79999999999999 8.850000000000005 14.699999999999989 16.049999999999994 16.499999999999996 16.049999999999994 17.849999999999994 4.799999999999992 4.799999999999999 11.549999999999994 13.350000000000005 14.24999999999999 12.449999999999996 16.04999999999999 17.849999999999987 15.59999999999999 29.1 52.5 52.5 52.5 52.5 52.5 52.5 52.5 52.5
44.10000000000001 40.95000000000001 50.400000000000006 47.25000000000001 50.400000000000006 50.400000000000006 47.25000000000001 37.80000000000001 37.80000000000001 47.25000000000001 50.400000000000006 50.400000000000006 47.25000000000001 40.95000000000001 44.10000000000001 47.25000000000001 40.95000000000001 47.25000000000001 56.7 53.550000000000004 50.400000000000006 47.25000000000001 40.95000000000001 50.400000000000006 56.7 53.550000000000004 53.550000000000004 53.550000000000004 50.400000000000006 40.95000000000001 44.10000000000001 53.550000000000004 50.400000000000006 50.400000000000006 53.550000000000004 47.25000000000001 47.25000000000001 44.10000000000001 47.25000000000001 53.550000000000004 50.400000000000006 47.25000000000001 50.400000000000006 44.10000000000001 40.95000000000001 44.10000000000001 44.10000000000001 44.10000000000001 50.400000000000006 47.25000000000001 44.10000000000001 44.10000000000001 47.25000000000001 63.0 63.0 63.0 63.0 63.0 63.0 63.0 63.0
6.299999999999997 -3.6000000000000036 -1.34999999999998 -8.099999999999993 -4.499999999999992 4.440892098500626e-16 9.000000000000025 -13.950000000000019 5.85 -6.300000000000004 -9.000000000000012 -5.400000000000016 3.5999999999999885 12.599999999999993 -0.45000000000001306 -6.661338147750939e-15 6.299999999999995 -2.250000000000016 3.599999999999992 -1.3499999999999974 -5.8500000000000085 -1.554312234475219e-14 -13.500000000000007 0.8999999999999937 -0.45000000000001306 -7.65 -0.9000000000000057 -8.550000000000013 -1.800000000000006 0.8999999999999866 5.8499999999999925 1.7999999999999963 1.349999999999988 7.199999999999994 0.4499999999999873 0.44999999999999796 1.799999999999991 2.6999999999999935 8.54999999999999 -3.150000000000016 2.249999999999985 -0.4500000000000117 1.799999999999975 -0.9000000000000039 8.999999999999988 2.7000000000000237 3.149999999999982 8.550000000000013 0.4499999999999944 -3.1086244689504383e-15 12.6 1.3500000000000147 12.149999999999997 78.75 78.75 78.75 78.75 78.75 78.75 78.75 78.75

Gap
0.27892797095796296

Time
1800.0577790737152

