T P M C
22 37 4 12

base obj
10.794871794871796

exp obj
19.085737179487182

Objective struct
10.794871794871796 8.458333333333334 35.5

num campaigns
136

x
0 0 0 0 0 0 0 0 0 0 1 0 1 0 0 0 2 0 0 0 0 0
0 0 0 0 2 0 0 0 1 0 0 0 0 0 0 0 0 0 0 0 0 0
0 0 0 0 0 0 0 0 2 0 2 0 0 0 0 0 0 0 0 0 0 0
0 0 0 0 0 0 2 0 0 0 0 0 1 0 0 0 0 0 0 0 0 0
0 0 0 0 0 0 0 0 0 0 2 0 1 0 2 0 0 0 0 0 0 0
0 0 0 0 0 0 0 0 0 0 0 0 0 0 0 0 0 0 0 0 0 0
0 0 0 0 0 0 1 0 0 0 0 0 0 0 2 0 0 0 0 0 0 0
0 0 0 0 0 0 0 0 0 0 0 0 0 0 1 0 0 0 0 0 0 0
0 0 0 0 0 0 0 0 1 0 0 0 0 0 0 0 0 0 0 0 0 0
0 0 0 0 0 0 0 0 0 0 0 0 0 0 0 0 0 0 0 0 0 0
0 0 0 0 0 0 0 0 1 0 0 0 1 0 0 0 0 0 0 0 0 0
0 0 0 0 0 0 0 0 0 0 0 0 0 0 0 0 1 0 0 0 0 0
0 0 0 0 0 0 0 0 0 0 0 0 0 0 0 0 0 0 0 0 0 0
0 0 0 0 0 0 0 0 0 0 0 0 1 0 1 0 0 0 0 0 0 0
0 0 0 0 0 0 0 0 0 0 0 0 0 0 0 0 0 0 0 0 0 0
0 0 0 0 1 0 0 0 0 0 0 0 0 0 0 0 0 0 0 0 0 0
0 0 0 0 0 0 0 0 0 0 0 0 0 0 1 0 1 0 0 0 0 0
0 0 0 0 0 0 1 0 0 0 0 0 0 0 0 0 0 0 0 0 0 0
0 0 0 0 0 0 0 0 0 0 2 0 1 0 3 0 1 0 0 0 0 0
0 0 0 0 1 0 0 0 0 0 0 0 0 0 0 0 0 0 0 0 0 0
0 0 0 0 1 0 1 0 1 0 0 0 0 0 0 0 0 0 0 0 0 0
0 0 0 0 0 0 0 0 0 0 0 0 0 0 0 0 0 0 0 0 0 0
0 0 0 0 0 0 1 0 0 0 0 0 0 0 0 0 0 0 0 0 0 0
0 0 0 0 0 0 0 0 0 0 0 0 0 0 0 0 0 0 0 0 0 0
0 0 0 0 0 0 0 0 0 0 0 0 0 0 0 0 0 0 0 0 0 0
0 0 0 0 0 0 0 0 2 0 0 0 0 0 0 0 0 0 0 0 0 0
0 0 0 0 0 0 1 0 1 0 1 0 0 0 0 0 0 0 0 0 0 0
0 0 0 0 0 0 0 0 0 0 0 0 1 0 0 0 0 0 0 0 0 0
0 0 0 0 0 0 0 0 0 0 0 0 0 0 0 0 0 0 0 0 0 0
0 0 0 0 0 0 6 0 5 0 2 0 0 0 0 0 0 0 0 0 0 0
0 0 0 0 5 0 0 0 1 0 0 0 0 0 0 1 6 0 0 0 0 0
0 0 0 0 0 0 4 0 0 0 2 0 6 0 0 0 1 0 0 0 0 0
0 0 0 0 9 0 3 0 0 0 0 0 6 0 7 0 1 0 0 0 0 0
0 0 0 0 2 0 0 0 5 0 5 0 0 0 1 0 0 0 0 0 0 0
0 0 0 0 0 1 0 1 0 1 0 2 0 2 0 0 0 0 0 0 0 0
0 0 0 0 0 0 0 0 0 0 0 0 0 0 0 0 0 0 0 0 0 0
0 0 0 0 0 0 0 0 0 0 0 0 0 0 0 0 0 0 0 0 0 0

y
0.0 0.0 0.0 0.0 0.0 0.0 0.0 0.0 0.0 0.0 0.0 0.0 0.0 0.0 0.0 0.0 0.0 0.0 0.0 0.0 0.0 0.0 0.0 0.0 0.0 0.0 0.0 0.0 0.0 0.0 0.0 0.0 0.0 0.0 0.0 0.0 0.0

k
0 0 0 0 0 3 0 0 0 8 0 0 3 1 2 0 0 0 0 0 0 2 0 3 2 0 0 0 6 0 0 0 0 0 6 13 2

f
0.0 0.0 0.0 0.0 0.0 0.0 1.75 1.75 0.0 0.0 5.25 5.25 5.25 5.25 0.0 0.0 0.0 0.0 0.0 0.0 0.0 0.0
4.5 7.5 0.0 0.0 0.0 0.0 0.0 0.0 6.0 6.0 0.5 0.0 0.0 0.0 0.0 0.0 0.0 0.0 0.0 0.0 0.0 0.0
0.0 0.0 0.0 0.0 0.0 0.0 0.0 0.0 0.0 0.0 0.0 0.0 0.0 0.0 0.0 0.0 0.0 0.0 0.0 0.0 0.0 0.0
0.0 0.0 1.25 1.25 0.25 0.25 0.0 0.75 0.0 0.0 0.75 0.0 10.75 9.25 0.0 0.0 0.0 0.0 0.0 0.0 0.0 0.0

L
0 0 0 0 0 0 0 0 0 0 4 0 0 2 0 0 2 0 0 0 2 0 0 0 0 0 2 0 0 0 0 0 0 0 0 0 0

g
0 0 0 0 0 0 0 0 0 0 0 0 0 0 0 0 1 0 0 0 0 0
0 0 0 0 1 0 0 0 0 0 0 0 0 0 0 0 0 0 0 0 0 0
0 0 0 0 0 0 0 0 1 0 1 0 0 0 0 0 0 0 0 0 0 0
0 0 0 0 0 0 1 0 0 0 0 0 0 0 0 0 0 0 0 0 0 0
0 0 0 0 0 0 0 0 0 0 1 0 0 0 1 0 0 0 0 0 0 0
0 0 0 0 0 0 0 0 0 0 0 0 0 0 0 0 0 0 0 0 0 0
0 0 0 0 0 0 0 0 0 0 0 0 0 0 1 0 0 0 0 0 0 0
0 0 0 0 0 0 0 0 0 0 0 0 0 0 0 0 0 0 0 0 0 0
0 0 0 0 0 0 0 0 0 0 0 0 0 0 0 0 0 0 0 0 0 0
0 0 0 0 0 0 0 0 0 0 0 0 0 0 0 0 0 0 0 0 0 0
0 0 0 0 0 0 0 0 0 0 0 0 0 0 0 0 0 0 0 0 0 0
0 0 0 0 0 0 0 0 0 0 0 0 0 0 0 0 0 0 0 0 0 0
0 0 0 0 0 0 0 0 0 0 0 0 0 0 0 0 0 0 0 0 0 0
0 0 0 0 0 0 0 0 0 0 0 0 0 0 0 0 0 0 0 0 0 0
0 0 0 0 0 0 0 0 0 0 0 0 0 0 0 0 0 0 0 0 0 0
0 0 0 0 0 0 0 0 0 0 0 0 0 0 0 0 0 0 0 0 0 0
0 0 0 0 0 0 0 0 0 0 0 0 0 0 0 0 0 0 0 0 0 0
0 0 0 0 0 0 0 0 0 0 0 0 0 0 0 0 0 0 0 0 0 0
0 0 0 0 0 0 0 0 0 0 1 0 0 0 2 0 0 0 0 0 0 0
0 0 0 0 0 0 0 0 0 0 0 0 0 0 0 0 0 0 0 0 0 0
0 0 0 0 0 0 0 0 0 0 0 0 0 0 0 0 0 0 0 0 0 0
0 0 0 0 0 0 0 0 0 0 0 0 0 0 0 0 0 0 0 0 0 0
0 0 0 0 0 0 0 0 0 0 0 0 0 0 0 0 0 0 0 0 0 0
0 0 0 0 0 0 0 0 0 0 0 0 0 0 0 0 0 0 0 0 0 0
0 0 0 0 0 0 0 0 0 0 0 0 0 0 0 0 0 0 0 0 0 0
0 0 0 0 0 0 0 0 1 0 0 0 0 0 0 0 0 0 0 0 0 0
0 0 0 0 0 0 0 0 0 0 0 0 0 0 0 0 0 0 0 0 0 0
0 0 0 0 0 0 0 0 0 0 0 0 0 0 0 0 0 0 0 0 0 0
0 0 0 0 0 0 0 0 0 0 0 0 0 0 0 0 0 0 0 0 0 0
0 0 0 0 0 0 5 0 4 0 1 0 0 0 0 0 0 0 0 0 0 0
0 0 0 0 4 0 0 0 0 0 0 0 0 0 0 0 5 0 0 0 0 0
0 0 0 0 0 0 3 0 0 0 1 0 5 0 0 0 0 0 0 0 0 0
0 0 0 0 7 0 1 0 0 0 0 0 4 0 5 0 0 0 0 0 0 0
0 0 0 0 1 0 0 0 4 0 4 0 0 0 0 0 0 0 0 0 0 0
0 0 0 0 0 0 0 0 0 0 0 1 0 1 0 0 0 0 0 0 0 0
0 0 0 0 0 0 0 0 0 0 0 0 0 0 0 0 0 0 0 0 0 0
0 0 0 0 0 0 0 0 0 0 0 0 0 0 0 0 0 0 0 0 0 0

I cap
1058.909090909091 1058.909090909091 1040.549090909091 916.259090909091 1024.76 1118.858 763.094 1274.49 319.82600000000014 580.9860000000001 147.50999999999996 573.2699999999998 318.7799999999998 772.0500000000001 518.7599999999999 707.297090909091 704.7770909090909 816.017090909091 895.9010909090911 910.301090909091 1058.909090909091 1058.909090909091
107.96969696969697 107.96969696969697 107.96969696969697 107.15969696969697 131.56 125.442 89.206 106.31 28.874 63.21400000000001 37.889999999999986 84.53 8.319999999999993 29.14999999999999 25.039999999999992 65.38169696969695 23.801696969696962 46.66169696969697 80.17769696969697 101.77769696969696 107.96969696969697 107.96969696969697
38.96666666666666 38.96666666666666 16.52666666666666 16.52666666666666 16.379999999999995 17.3925 3.492499999999996 13.892500000000002 2.0925000000000082 26.000000000000004 4.999999999999997 16.8 5.599999999999999 30.099999999999998 6.299999999999998 20.066666666666663 13.766666666666662 32.666666666666664 32.666666666666664 38.96666666666666 38.96666666666666 38.96666666666666
45.24545454545453 45.24545454545453 45.24545454545453 43.73345454545453 34.8 11.35799999999999 4.877999999999993 14.619 1.913999999999998 21.73299999999999 14.948999999999998 26.057 22.164 32.354 28.798000000000002 42.22145454545453 40.92545454545453 41.45645454545453 43.03145454545453 44.11145454545453 45.24545454545453 45.24545454545453
20.999999999999993 20.999999999999993 20.999999999999993 20.999999999999993 1.2000000000000002 8.410000000000004 1.9900000000000064 21.254999999999995 10.579999999999998 10.480999999999995 10.164999999999997 17.310999999999996 15.108000000000004 24.192000000000004 19.004 17.165999999999993 0.43499999999999606 0.6509999999999971 3.9899999999999967 20.621999999999993 20.999999999999993 20.999999999999993
345.75757575757575 345.75757575757575 345.75757575757575 296.9055757575758 206.35000000000002 136.45976470588232 190.5121176470588 190.96811764705882 272.9680000000001 220.98188235294123 192.78505882352943 36.85370588235298 162.45617647058822 200.56217647058816 287.962 246.92751693404628 256.59510516934046 256.5951051693404 303.43057575757575 338.57557575757573 345.75757575757575 345.75757575757575
779.7575757575758 779.7575757575758 779.7575757575758 54.22257575757567 103.42499999999995 519.4 585.79 768.16 729.922 719.65 565.0639999999999 273.395 348.5679999999998 346.255 413.9570000000001 615.0845757575759 611.2505757575757 674.3945757575757 712.4195757575758 752.9195757575758 779.7575757575758 779.7575757575758
80.73333333333335 80.73333333333335 80.73333333333335 80.73333333333335 62.58 80.64000000000004 76.98000000000002 84.29000000000002 60.609000000000016 70.02100000000002 55.65300000000003 70.44100000000002 92.08300000000001 96.621 84.26700000000002 75.33633333333337 75.79233333333335 76.59333333333335 77.65533333333336 79.59933333333336 80.73333333333335 80.73333333333335
10.775757575757575 10.775757575757575 10.775757575757575 3.4677575757575747 0.7500000000000009 1.2770000000000006 0.6670000000000003 0.7659999999999989 0.125 1.4409999999999994 0.34100000000000064 0.41999999999999904 0.19499999999999962 3.094999999999999 1.138 0.2727575757575753 0.2727575757575753 0.36275757575757517 5.024757575757576 10.775757575757575 10.775757575757575 10.775757575757575
2.545454545454545 2.545454545454545 2.545454545454545 0.27745454545454473 1.45 0.4819999999999998 1.8819999999999997 0.15599999999999992 0.2619999999999999 0.31799999999999995 0.36999999999999955 0.07699999999999985 0.07699999999999985 0.7769999999999999 0.3989999999999998 0.8444545454545446 0.14245454545454495 0.38545454545454494 0.7634545454545446 1.4114545454545446 2.545454545454545 2.545454545454545
8.515433299825174 8.515433299825174 8.515433299825174 5.7223298515493095 3.8124673160919493 4.144425335753171 2.9324587332123415 6.207017222323047 7.580000415607989 7.027637744101635 6.774339807622507 5.9072724310344835 4.207935034482757 3.6417401896551667 4.236745448275859 7.075920862068965 6.4530034482758625 7.172234655172414 6.595992586206896 7.4979288793103445 7.546136159874608 8.34571275862069
700.0 700.0 699.1 695.5000000000001 690.1000000000001 694.6000000000001 682.0000000000003 691.0000000000001 680.2000000000004 684.7000000000004 681.1000000000005 687.4000000000003 683.8000000000003 690.1000000000001 678.4000000000002 686.5000000000001 682.0000000000002 689.2 692.8000000000002 695.5 700.0 697.3000000000001

H cap
5.25 5.25 1.75 1.75 1.75 1.75 -1.75 -1.75 1.75 1.75 -5.25 -5.25 -5.25 -5.25 131.25 131.25 131.25 131.25 131.25 131.25 131.25 131.25
-4.5 -7.5 0.5 0.5 0.5 0.5 5.5 2.5 -6.0 -6.0 -0.5 2.5 8.5 11.5 52.5 52.5 52.5 52.5 52.5 52.5 52.5 52.5
49.0 49.0 45.5 45.5 35.0 35.0 35.0 35.0 45.5 45.5 38.5 38.5 49.0 49.0 63.0 63.0 63.0 63.0 63.0 63.0 63.0 63.0
1.75 0.25 -1.25 -1.25 -0.25 -0.25 0.75 -0.75 0.25 0.25 -0.75 0.75 -10.75 -9.25 78.75 78.75 78.75 78.75 78.75 78.75 78.75 78.75

Gap
0.0

Time
134.147882938385

