T P M C
22 37 4 12

base obj
12.138278388278387

exp obj
13.395375457875456

Objective struct
12.138278388278387 0.0 17.166666666666664

num campaigns
115

x
0 0 0 0 1 0 0 0 1 0 0 0 1 0 0 0 1 0 0 0 0 0
0 0 0 0 1 0 0 0 0 0 0 0 0 0 1 0 0 0 0 0 0 0
0 0 0 0 0 0 0 0 1 0 0 0 1 0 0 0 0 0 0 0 0 0
0 0 0 0 1 0 0 0 0 1 0 0 0 0 0 0 1 0 0 0 0 0
0 0 0 0 1 0 0 1 0 0 1 0 0 1 0 0 1 0 0 0 0 0
0 0 0 0 0 0 1 0 0 0 0 0 1 0 0 0 0 0 0 0 0 0
0 0 0 0 1 0 0 0 0 0 1 0 0 0 0 0 1 0 0 0 0 0
0 0 0 0 0 0 0 0 0 0 1 0 0 0 0 0 0 0 0 0 0 0
0 0 0 0 0 0 0 0 1 0 0 0 0 0 0 0 0 0 0 0 0 0
0 0 0 0 0 0 1 0 1 0 0 0 0 0 0 0 0 0 0 0 0 0
0 0 0 0 1 0 0 0 0 0 0 0 0 0 0 0 1 0 0 0 0 0
0 0 0 0 0 0 0 0 0 0 0 0 0 0 0 0 1 0 0 0 0 0
0 0 0 0 0 0 0 0 0 0 0 0 0 0 0 0 0 0 0 0 0 0
0 0 0 0 1 0 0 0 0 0 1 0 0 0 0 0 0 0 0 0 0 0
0 0 0 0 0 0 0 0 0 0 0 0 0 0 0 0 0 0 0 0 0 0
0 0 0 0 0 0 0 0 0 0 1 0 0 0 0 0 0 0 0 0 0 0
0 0 0 0 0 0 0 0 0 0 0 0 0 0 1 0 1 0 0 0 0 0
0 0 0 0 0 0 0 0 0 0 0 0 0 0 1 0 0 0 0 0 0 0
0 0 0 0 0 0 1 0 1 0 1 0 0 1 0 1 0 0 0 0 0 0
0 0 0 0 0 0 1 0 0 0 0 0 0 0 0 0 0 0 0 0 0 0
0 0 0 0 0 0 1 0 0 0 0 1 0 0 0 0 1 0 0 0 0 0
0 0 0 0 0 0 0 0 0 0 0 0 0 0 0 0 0 0 0 0 0 0
0 0 0 0 0 0 0 0 0 0 0 0 0 0 1 0 0 0 0 0 0 0
0 0 0 0 0 0 0 0 0 0 0 0 0 0 0 0 0 0 0 0 0 0
0 0 0 0 0 0 0 0 0 0 0 0 0 0 0 0 0 0 0 0 0 0
0 0 0 0 1 0 0 0 0 0 0 0 0 0 0 0 1 0 0 0 0 0
0 0 0 0 0 0 1 0 0 0 0 0 1 0 0 0 0 0 0 0 0 0
0 0 0 0 0 0 1 0 0 0 0 0 0 0 0 0 0 0 0 0 0 0
0 0 0 0 0 0 0 0 0 0 0 0 0 0 0 0 0 0 0 0 0 0
0 0 0 0 1 1 1 1 1 1 1 1 1 1 1 1 1 0 0 0 0 0
0 0 0 0 1 1 1 1 1 1 1 1 1 1 1 1 1 0 0 0 0 0
0 0 0 0 1 1 1 1 1 1 1 1 1 1 1 1 1 0 0 0 0 0
0 0 0 0 1 1 1 1 1 1 1 1 0 0 0 0 1 0 0 0 0 0
0 0 0 0 1 1 1 1 1 1 1 1 1 1 1 1 1 0 0 0 0 0
0 0 0 0 1 1 1 0 1 0 0 1 0 0 0 0 0 0 0 0 0 0
0 0 0 0 0 0 0 0 0 0 0 0 0 0 0 0 0 0 0 0 0 0
0 0 0 0 0 0 0 0 0 0 0 0 0 0 0 0 0 0 0 0 0 0

y
0.0 4.0 0.0 0.0 0.0 0.0 0.0 0.0 0.0 0.2857142857142858 0.0 0.0 0.0 0.0 0.0 0.0 0.0 0.0 0.0 0.0 0.0 0.0 0.0 0.0 0.0 0.0 0.0 0.0 0.0 0.0 0.0 0.0 0.52 0.0 0.0 0.0 0.0

k
0 1 2 0 0 1 0 0 0 6 0 0 3 1 2 0 0 0 2 0 0 2 0 3 2 0 1 0 6 0 0 0 17 0 8 13 2

f
0.0 0.0 0.0 8.75 0.0 0.0 0.0 0.0 0.0 5.25 5.25 0.0 5.25 0.0 0.0 0.0 0.0 0.0 0.0 0.0 0.0 0.0
0.0 5.0 0.0 0.0 0.0 0.0 0.0 0.0 0.0 0.0 0.0 0.0 0.0 0.0 0.0 0.0 0.0 0.0 0.0 0.0 0.0 0.0
0.0 0.0 0.0 0.0 0.0 0.0 0.0 0.0 0.0 0.0 0.0 0.0 0.0 0.0 0.0 0.0 0.0 0.0 0.0 0.0 0.0 0.0
0.0 7.25 0.0 0.0 0.0 0.0 1.25 0.75 2.75 1.75 3.25 0.75 6.75 0.0 0.0 0.0 0.0 0.0 0.0 0.0 0.0 0.0

L
4 10 4 5 3 6 6 0 0 2 12 0 0 6 0 0 2 0 2 0 5 0 0 0 0 12 6 0 0 1 1 1 1 1 1 0 0

g
0 0 0 0 0 0 0 0 0 0 0 0 0 0 0 0 0 0 0 0 0 0
0 0 0 0 0 0 0 0 0 0 0 0 0 0 0 0 0 0 0 0 0 0
0 0 0 0 0 0 0 0 0 0 0 0 0 0 0 0 0 0 0 0 0 0
0 0 0 0 0 0 0 0 0 0 0 0 0 0 0 0 0 0 0 0 0 0
0 0 0 0 0 0 0 0 0 0 0 0 0 0 0 0 0 0 0 0 0 0
0 0 0 0 0 0 0 0 0 0 0 0 0 0 0 0 0 0 0 0 0 0
0 0 0 0 0 0 0 0 0 0 0 0 0 0 0 0 0 0 0 0 0 0
0 0 0 0 0 0 0 0 0 0 0 0 0 0 0 0 0 0 0 0 0 0
0 0 0 0 0 0 0 0 0 0 0 0 0 0 0 0 0 0 0 0 0 0
0 0 0 0 0 0 0 0 0 0 0 0 0 0 0 0 0 0 0 0 0 0
0 0 0 0 0 0 0 0 0 0 0 0 0 0 0 0 0 0 0 0 0 0
0 0 0 0 0 0 0 0 0 0 0 0 0 0 0 0 0 0 0 0 0 0
0 0 0 0 0 0 0 0 0 0 0 0 0 0 0 0 0 0 0 0 0 0
0 0 0 0 0 0 0 0 0 0 0 0 0 0 0 0 0 0 0 0 0 0
0 0 0 0 0 0 0 0 0 0 0 0 0 0 0 0 0 0 0 0 0 0
0 0 0 0 0 0 0 0 0 0 0 0 0 0 0 0 0 0 0 0 0 0
0 0 0 0 0 0 0 0 0 0 0 0 0 0 0 0 0 0 0 0 0 0
0 0 0 0 0 0 0 0 0 0 0 0 0 0 0 0 0 0 0 0 0 0
0 0 0 0 0 0 0 0 0 0 0 0 0 0 0 0 0 0 0 0 0 0
0 0 0 0 0 0 0 0 0 0 0 0 0 0 0 0 0 0 0 0 0 0
0 0 0 0 0 0 0 0 0 0 0 0 0 0 0 0 0 0 0 0 0 0
0 0 0 0 0 0 0 0 0 0 0 0 0 0 0 0 0 0 0 0 0 0
0 0 0 0 0 0 0 0 0 0 0 0 0 0 0 0 0 0 0 0 0 0
0 0 0 0 0 0 0 0 0 0 0 0 0 0 0 0 0 0 0 0 0 0
0 0 0 0 0 0 0 0 0 0 0 0 0 0 0 0 0 0 0 0 0 0
0 0 0 0 0 0 0 0 0 0 0 0 0 0 0 0 0 0 0 0 0 0
0 0 0 0 0 0 0 0 0 0 0 0 0 0 0 0 0 0 0 0 0 0
0 0 0 0 0 0 0 0 0 0 0 0 0 0 0 0 0 0 0 0 0 0
0 0 0 0 0 0 0 0 0 0 0 0 0 0 0 0 0 0 0 0 0 0
0 0 0 0 0 0 0 0 0 0 0 0 0 0 0 0 0 0 0 0 0 0
0 0 0 0 0 0 0 0 0 0 0 0 0 0 0 0 0 0 0 0 0 0
0 0 0 0 0 0 0 0 0 0 0 0 0 0 0 0 0 0 0 0 0 0
0 0 0 0 0 0 0 0 0 0 0 0 0 0 0 0 0 0 0 0 0 0
0 0 0 0 0 0 0 0 0 0 0 0 0 0 0 0 0 0 0 0 0 0
0 0 0 0 0 0 0 0 0 0 0 0 0 0 0 0 0 0 0 0 0 0
0 0 0 0 0 0 0 0 0 0 0 0 0 0 0 0 0 0 0 0 0 0
0 0 0 0 0 0 0 0 0 0 0 0 0 0 0 0 0 0 0 0 0 0

I cap
1058.909090909091 1058.909090909091 980.477090909091 935.827090909091 664.015 884.8270000000001 617.9970000000002 939.8040000000001 561.45 569.2440000000003 572.8389999999999 754.835 556.2520000000001 660.89 639.1639999999999 783.0670909090909 460.8840909090911 754.016090909091 788.577090909091 980.477090909091 1058.909090909091 1058.909090909091
107.96969696969697 107.96969696969697 104.70169696969697 104.70169696969697 71.15500000000002 88.89300000000001 56.563 65.49600000000001 10.700000000000024 26.10600000000002 46.561 68.36500000000001 54.848 46.51 98.936 99.76169696969697 1.0946969696969902 48.06269696969699 49.601696969696974 104.70169696969697 107.96969696969697 107.96969696969697
38.96666666666666 38.96666666666666 38.96666666666666 38.96666666666666 20.413333333333327 18.313333333333333 5.389999999999999 17.91666666666667 12.666666666666679 32.550000000000004 17.5 8.816666666666672 3.9166666666666696 3.77541666666667 12.808750000000002 13.625416666666666 6.342083333333333 18.383333333333333 25.03333333333333 38.96666666666666 38.96666666666666 38.96666666666666
45.24545454545453 45.24545454545453 44.64695454545453 38.19645454545453 20.272 31.673999999999996 24.88149999999999 24.530499999999996 15.808499999999999 17.705999999999992 25.024 23.201499999999996 15.445999999999998 13.349499999999999 12.544499999999998 31.204454545454528 34.05445454545452 43.307454545454526 43.506954545454526 44.64695454545453 45.24545454545453 45.24545454545453
20.999999999999993 20.999999999999993 20.800499999999992 20.467999999999993 8.639000000000003 17.169 9.929500000000003 11.3675 5.670000000000002 2.649000000000002 10.642499999999995 13.587499999999993 9.258500000000002 11.377500000000005 7.532000000000003 10.777999999999995 8.944499999999993 14.577999999999994 17.494499999999995 20.800499999999992 20.999999999999993 20.999999999999993
345.75757575757575 345.75757575757575 341.96707575757574 303.8899581105169 189.9914411764706 210.20050000000003 200.93199999999996 165.19750000000002 189.228 155.62650000000002 162.91749999999996 181.794 216.59449999999998 219.435 182.87249999999995 197.77607575757574 225.32719340463464 256.6956345811052 304.8695757575757 341.96707575757574 345.75757575757575 345.75757575757575
779.7575757575758 779.7575757575758 765.5930757575758 660.8555757575758 458.41150000000005 620.0015000000001 644.4605000000001 602.8689999999999 617.861 552.8855 563.566 741.6865 717.3445 706.8565 706.508 597.0915757575758 580.9320757575758 702.0475757575758 722.8430757575758 765.5930757575758 779.7575757575758 779.7575757575758
80.73333333333335 80.73333333333335 80.13483333333335 79.46983333333334 61.91533333333333 81.52199999999999 70.84249999999997 75.39749999999998 70.60599999999998 74.54649999999998 70.06349999999999 81.02499999999998 84.87449999999998 85.28599999999997 77.69349999999999 70.03633333333333 68.08883333333334 74.78 78.08283333333334 80.13483333333335 80.73333333333335 80.73333333333335
10.775757575757575 10.775757575757575 10.775757575757575 9.578757575757576 4.6475 3.6155 0.6354999999999991 1.8800000000000003 1.202500000000001 0.1225000000000005 1.8675000000000006 1.4749999999999996 1.5700000000000003 3.140500000000001 1.9089999999999998 0.2022575757575762 0.2022575757575753 0.6867575757575768 4.705257575757576 10.775757575757575 10.775757575757575 10.775757575757575
2.545454545454545 2.545454545454545 1.946954545454545 0.7499545454545451 1.2894999999999999 0.1175 1.1185 0.048000000000000154 0.6339999999999999 0.5040000000000001 0.9189999999999999 0.20300000000000007 0.602 0.1050000000000002 0.19050000000000022 0.8639545454545451 0.32245454545454477 1.063454545454545 1.262954545454545 1.946954545454545 2.545454545454545 2.545454545454545
8.515433299825174 8.515433299825174 8.515433299825174 7.843019506721726 3.751576666666666 4.358635862068966 4.091696146551725 6.650755706896552 7.248847948275862 5.86030577586207 7.144775689655173 7.370720862068967 7.176986905172415 5.921912594827585 6.828124749999999 6.072472586206896 5.721020689655173 6.606142701149426 6.363233965517242 7.4806875 7.546136159874608 8.328471379310345
700.0 700.0 700.0 698.0999999999999 685.7499999999999 687.6499999999999 678.1499999999999 692.3999999999996 685.7499999999997 683.8499999999998 683.8499999999997 683.8499999999999 684.7999999999998 688.5999999999997 682.8999999999999 681.9499999999997 677.1999999999998 683.8499999999998 690.4999999999999 696.2 700.0 697.15

H cap
1.75 1.75 1.75 -8.75 1.75 1.75 1.75 1.75 5.25 -5.25 -5.25 5.25 -5.25 5.25 131.25 131.25 131.25 131.25 131.25 131.25 131.25 131.25
13.0 -5.0 6.5 7.5 2.0 1.5 3.0 2.5 10.0 14.0 18.5 20.5 5.0 17.0 52.5 52.5 52.5 52.5 52.5 52.5 52.5 52.5
42.0 42.0 49.0 45.5 42.0 42.0 45.5 49.0 52.5 45.5 42.0 45.5 38.5 42.0 63.0 63.0 63.0 63.0 63.0 63.0 63.0 63.0
1.75 -7.25 5.75 4.75 8.25 5.75 -1.25 -0.75 -2.75 -1.75 -3.25 -0.75 -6.75 1.75 78.75 78.75 78.75 78.75 78.75 78.75 78.75 78.75

Gap
0.03041258610202234

Time
1800.0120642185211

