T P M C
22 37 4 12

base obj
12.001831501831502

exp obj
13.376373626373626

Objective struct
12.001831501831502 0.0 17.5

num campaigns
116

x
0 0 0 0 1 0 0 0 1 0 1 0 0 0 0 0 1 0 0 0 0 0
0 0 0 0 0 0 0 0 0 0 0 0 0 0 0 0 0 0 0 0 0 0
0 0 0 0 1 0 0 0 0 0 1 0 0 0 1 0 0 0 0 0 0 0
0 0 0 0 1 0 0 0 0 0 1 0 0 0 0 0 1 0 0 0 0 0
0 0 0 0 1 0 0 1 0 0 1 0 0 1 0 0 1 0 0 0 0 0
0 0 0 0 0 0 1 0 0 0 0 0 1 0 0 0 0 0 0 0 0 0
0 0 0 0 1 0 0 0 0 0 1 0 0 0 0 0 1 0 0 0 0 0
0 0 0 0 0 0 0 0 0 0 0 0 1 0 0 0 0 0 0 0 0 0
0 0 0 0 0 0 0 0 0 0 0 0 0 0 1 0 0 0 0 0 0 0
0 0 0 0 0 0 0 0 0 0 1 0 0 0 1 0 0 0 0 0 0 0
0 0 0 0 1 0 0 0 0 0 0 0 0 0 0 0 1 0 0 0 0 0
0 0 0 0 0 0 0 0 1 0 0 0 0 0 0 0 0 0 0 0 0 0
0 0 0 0 0 0 0 0 0 0 0 0 0 0 0 0 1 0 0 0 0 0
0 0 0 0 0 0 0 0 1 0 0 0 0 0 1 0 0 0 0 0 0 0
0 0 0 0 0 0 0 0 0 0 0 0 0 0 0 0 0 0 0 0 0 0
0 0 0 0 0 0 0 0 0 0 0 0 1 0 0 0 0 0 0 0 0 0
0 0 0 0 1 0 0 0 0 0 0 0 0 0 0 0 1 0 0 0 0 0
0 0 0 0 0 0 0 0 0 0 0 0 0 0 1 0 0 0 0 0 0 0
0 0 0 0 1 0 1 0 1 0 0 1 0 1 0 1 0 0 0 0 0 0
0 0 0 0 0 0 0 0 0 1 0 0 0 0 0 0 0 0 0 0 0 0
0 0 0 0 1 0 0 0 0 0 1 0 0 0 0 0 1 0 0 0 0 0
0 0 0 0 0 0 0 0 0 0 0 0 0 0 0 0 0 0 0 0 0 0
0 0 0 0 0 0 1 0 0 0 0 0 0 0 0 0 0 0 0 0 0 0
0 0 0 0 0 0 0 0 0 0 0 0 0 0 0 0 0 0 0 0 0 0
0 0 0 0 0 0 0 0 0 0 0 0 0 0 0 0 0 0 0 0 0 0
0 0 0 0 1 0 0 0 0 0 0 0 0 0 0 0 1 0 0 0 0 0
0 0 0 0 0 0 1 0 0 0 0 0 0 0 1 0 0 0 0 0 0 0
0 0 0 0 0 0 0 0 1 0 0 0 0 0 0 0 0 0 0 0 0 0
0 0 0 0 0 0 0 0 0 0 0 0 0 0 0 0 0 0 0 0 0 0
0 0 0 0 1 1 1 1 1 1 1 1 1 1 1 1 1 0 0 0 0 0
0 0 0 0 1 1 1 1 1 1 1 1 1 1 1 1 1 0 0 0 0 0
0 0 0 0 1 1 1 1 1 1 1 1 1 1 1 1 1 0 0 0 0 0
0 0 0 0 0 0 0 0 1 0 1 1 1 1 0 1 1 0 0 0 0 0
0 0 0 0 1 1 1 1 1 1 1 1 1 1 1 1 1 0 0 0 0 0
0 0 0 0 0 0 0 1 1 1 1 0 1 0 1 1 0 0 0 0 0 0
0 0 0 0 0 0 0 0 0 0 0 0 0 0 0 0 0 0 0 0 0 0
0 0 0 0 0 0 0 0 0 0 0 0 0 0 0 0 0 0 0 0 0 0

y
0.0 0.0 0.0 0.0 0.0 0.0 0.0 0.0 0.0 2.2857142857142856 0.0 0.0 0.0 0.0 0.0 0.0 0.0 0.0 0.0 0.0 0.0 0.0 0.0 0.0 0.0 0.0 2.0 0.0 0.0 0.0 0.0 0.0 0.52 0.0 0.0 0.0 0.0

k
0 3 1 0 0 1 0 0 0 6 0 0 2 1 2 0 0 0 1 0 0 2 0 3 2 0 1 0 6 0 0 0 19 0 6 13 2

f
5.25 5.25 0.0 0.0 0.0 0.0 0.0 0.0 1.75 12.25 0.0 0.0 0.0 0.0 0.0 0.0 0.0 0.0 0.0 0.0 0.0 0.0
0.0 0.0 0.0 0.0 0.0 0.0 0.0 0.0 0.0 0.0 0.0 0.0 4.0 0.0 0.0 0.0 0.0 0.0 0.0 0.0 0.0 0.0
0.0 0.0 0.0 0.0 0.0 0.0 0.0 0.0 0.0 0.0 0.0 0.0 0.0 0.0 0.0 0.0 0.0 0.0 0.0 0.0 0.0 0.0
0.25 6.25 0.0 1.75 0.0 2.75 0.0 0.0 0.0 0.0 0.75 0.0 12.25 0.75 0.0 0.0 0.0 0.0 0.0 0.0 0.0 0.0

L
2 0 4 6 3 6 6 0 0 4 12 0 0 6 0 0 12 0 2 0 6 0 0 0 0 12 8 0 0 1 1 1 1 1 1 0 0

g
0 0 0 0 0 0 0 0 0 0 0 0 0 0 0 0 0 0 0 0 0 0
0 0 0 0 0 0 0 0 0 0 0 0 0 0 0 0 0 0 0 0 0 0
0 0 0 0 0 0 0 0 0 0 0 0 0 0 0 0 0 0 0 0 0 0
0 0 0 0 0 0 0 0 0 0 0 0 0 0 0 0 0 0 0 0 0 0
0 0 0 0 0 0 0 0 0 0 0 0 0 0 0 0 0 0 0 0 0 0
0 0 0 0 0 0 0 0 0 0 0 0 0 0 0 0 0 0 0 0 0 0
0 0 0 0 0 0 0 0 0 0 0 0 0 0 0 0 0 0 0 0 0 0
0 0 0 0 0 0 0 0 0 0 0 0 0 0 0 0 0 0 0 0 0 0
0 0 0 0 0 0 0 0 0 0 0 0 0 0 0 0 0 0 0 0 0 0
0 0 0 0 0 0 0 0 0 0 0 0 0 0 0 0 0 0 0 0 0 0
0 0 0 0 0 0 0 0 0 0 0 0 0 0 0 0 0 0 0 0 0 0
0 0 0 0 0 0 0 0 0 0 0 0 0 0 0 0 0 0 0 0 0 0
0 0 0 0 0 0 0 0 0 0 0 0 0 0 0 0 0 0 0 0 0 0
0 0 0 0 0 0 0 0 0 0 0 0 0 0 0 0 0 0 0 0 0 0
0 0 0 0 0 0 0 0 0 0 0 0 0 0 0 0 0 0 0 0 0 0
0 0 0 0 0 0 0 0 0 0 0 0 0 0 0 0 0 0 0 0 0 0
0 0 0 0 0 0 0 0 0 0 0 0 0 0 0 0 0 0 0 0 0 0
0 0 0 0 0 0 0 0 0 0 0 0 0 0 0 0 0 0 0 0 0 0
0 0 0 0 0 0 0 0 0 0 0 0 0 0 0 0 0 0 0 0 0 0
0 0 0 0 0 0 0 0 0 0 0 0 0 0 0 0 0 0 0 0 0 0
0 0 0 0 0 0 0 0 0 0 0 0 0 0 0 0 0 0 0 0 0 0
0 0 0 0 0 0 0 0 0 0 0 0 0 0 0 0 0 0 0 0 0 0
0 0 0 0 0 0 0 0 0 0 0 0 0 0 0 0 0 0 0 0 0 0
0 0 0 0 0 0 0 0 0 0 0 0 0 0 0 0 0 0 0 0 0 0
0 0 0 0 0 0 0 0 0 0 0 0 0 0 0 0 0 0 0 0 0 0
0 0 0 0 0 0 0 0 0 0 0 0 0 0 0 0 0 0 0 0 0 0
0 0 0 0 0 0 0 0 0 0 0 0 0 0 0 0 0 0 0 0 0 0
0 0 0 0 0 0 0 0 0 0 0 0 0 0 0 0 0 0 0 0 0 0
0 0 0 0 0 0 0 0 0 0 0 0 0 0 0 0 0 0 0 0 0 0
0 0 0 0 0 0 0 0 0 0 0 0 0 0 0 0 0 0 0 0 0 0
0 0 0 0 0 0 0 0 0 0 0 0 0 0 0 0 0 0 0 0 0 0
0 0 0 0 0 0 0 0 0 0 0 0 0 0 0 0 0 0 0 0 0 0
0 0 0 0 0 0 0 0 0 0 0 0 0 0 0 0 0 0 0 0 0 0
0 0 0 0 0 0 0 0 0 0 0 0 0 0 0 0 0 0 0 0 0 0
0 0 0 0 0 0 0 0 0 0 0 0 0 0 0 0 0 0 0 0 0 0
0 0 0 0 0 0 0 0 0 0 0 0 0 0 0 0 0 0 0 0 0 0
0 0 0 0 0 0 0 0 0 0 0 0 0 0 0 0 0 0 0 0 0 0

I cap
1058.909090909091 1058.909090909091 984.605090909091 984.605090909091 747.38 859.6039999999999 713.7739999999999 1070.6580000000001 637.0759999999999 789.3539999999999 429.60600000000005 629.34 622.818 835.7700000000001 674.1000000000001 692.609090909091 372.47909090909087 712.103090909091 771.845090909091 984.605090909091 1058.909090909091 1058.909090909091
107.96969696969697 107.96969696969697 104.87369696969697 104.87369696969697 68.01999999999998 82.296 78.22599999999998 108.18199999999999 61.36399999999999 99.46599999999998 9.593999999999994 42.85999999999999 49.882 48.22999999999999 17.29999999999998 24.26969696969697 10.499696969696966 38.97569696969696 54.833696969696966 104.87369696969697 107.96969696969697 107.96969696969697
38.96666666666666 38.96666666666666 38.96666666666666 38.96666666666666 24.599999999999998 22.500000000000004 15.5 9.760000000000002 4.8600000000000065 18.380000000000006 11.299999999999997 9.900000000000002 5.000000000000001 12.392499999999997 13.792499999999999 14.959166666666665 8.059166666666663 19.466666666666665 25.766666666666662 38.96666666666666 38.96666666666666 38.96666666666666
45.24545454545453 45.24545454545453 44.67845454545453 39.323454545454524 18.519000000000002 28.85399999999999 25.856999999999992 31.043999999999993 25.17 30.534999999999993 21.27599999999999 16.480999999999998 17.403 19.357999999999997 8.655999999999999 20.432454545454522 29.41445454545452 44.039454545454525 44.34545454545453 44.67845454545453 45.24545454545453 45.24545454545453
20.999999999999993 20.999999999999993 20.810999999999993 20.49599999999999 6.545999999999999 14.493999999999998 9.028000000000004 13.416000000000002 9.958999999999998 10.121 8.167 9.876999999999997 9.888000000000003 14.868000000000004 6.503 6.554999999999991 7.544999999999994 15.347999999999995 18.110999999999994 20.810999999999993 20.999999999999993 20.999999999999993
345.75757575757575 345.75757575757575 342.16657575757574 312.51951693404635 167.55047058823524 150.486 191.59 202.91799999999998 222.72099999999998 241.62099999999995 184.58499999999998 145.73199999999997 208.77599999999998 226.65899999999996 186.613 212.37757575757578 232.22363458110522 245.6331051693404 295.3665757575758 342.16657575757574 345.75757575757575 345.75757575757575
779.7575757575758 779.7575757575758 766.3385757575758 766.3385757575758 550.8689999999999 669.664 727.153 695.0350000000001 766.255 764.686 574.0909999999999 610.886 593.5029999999999 728.6200000000001 634.8350000000002 491.2895757575758 537.0725757575757 696.1835757575757 723.0215757575758 766.3385757575758 779.7575757575758 779.7575757575758
80.73333333333335 80.73333333333335 80.16633333333336 79.53633333333336 60.495 79.71600000000002 70.61700000000003 79.46600000000002 75.20400000000001 80.83300000000001 68.09700000000001 77.93200000000002 85.61200000000004 86.21700000000001 73.82100000000001 65.03733333333336 67.89033333333336 77.03733333333335 80.16633333333336 80.16633333333336 80.73333333333335 80.73333333333335
10.775757575757575 10.775757575757575 10.775757575757575 10.775757575757575 4.593 0.24200000000000088 1.189 1.899999999999999 0.08000000000000007 3.6999999999999997 3.455 1.995 0.10499999999999998 1.6099999999999999 2.3799999999999986 0.20075757575757436 0.12875757575757474 1.2177575757575756 5.024757575757576 10.775757575757575 10.775757575757575 10.775757575757575
2.545454545454545 2.545454545454545 1.9784545454545448 1.9784545454545448 2.0439999999999996 0.6439999999999999 1.6659999999999995 0.9659999999999999 0.5859999999999995 0.129 0.8289999999999995 0.07699999999999985 0.8329999999999999 0.7229999999999999 0.237 1.222454545454545 0.14245454545454472 0.4394545454545449 0.9794545454545447 1.9784545454545448 2.545454545454545 2.545454545454545
8.515433299825174 8.515433299825174 8.515433299825174 8.188754533944957 4.805053678160917 5.353463448275859 5.7072137241379295 7.400755879310346 8.49764106896552 7.075822706896553 6.395120362068965 6.7348587931034505 6.996383620689657 5.975533448275859 5.898641999999998 5.136265534482757 5.66295792105263 6.086027758620688 6.440820172413792 7.4979288793103445 7.546136159874608 8.035367931034484
700.0 700.0 700.0 699.1 684.7000000000003 687.4000000000002 682.0000000000003 691.0000000000001 683.8000000000002 685.6000000000001 681.1000000000004 686.5000000000002 689.2000000000003 688.3000000000002 684.7000000000003 685.6000000000003 678.4000000000003 682.0000000000002 690.1000000000003 694.6 700.0 695.5

H cap
-5.25 -5.25 33.25 22.75 12.25 12.25 5.25 5.25 -1.75 -12.25 1.75 12.25 5.25 15.75 131.25 131.25 131.25 131.25 131.25 131.25 131.25 131.25
19.5 7.5 23.5 18.5 5.5 7.5 0.5 0.5 9.5 7.5 2.0 1.0 -4.0 14.0 52.5 52.5 52.5 52.5 52.5 52.5 52.5 52.5
35.0 35.0 52.5 49.0 52.5 52.5 42.0 42.0 52.5 49.0 38.5 42.0 35.0 38.5 63.0 63.0 63.0 63.0 63.0 63.0 63.0 63.0
-0.25 -6.25 2.25 -1.75 2.25 -2.75 0.25 5.25 4.25 1.75 -0.75 0.25 -12.25 -0.75 78.75 78.75 78.75 78.75 78.75 78.75 78.75 78.75

Gap
0.04065835859730302

Time
1800.0018429756165

