T P M C
22 37 4 12

base obj
11.956959706959704

exp obj
13.217719780219777

Objective struct
11.956959706959704 0.0 17.0

num campaigns
117

x
0 0 0 0 1 0 0 0 1 0 0 0 1 0 0 0 1 0 0 0 0 0
0 0 0 0 1 0 0 0 0 0 0 0 0 0 1 0 0 0 0 0 0 0
0 0 0 0 0 0 1 0 0 0 0 0 1 0 0 0 0 0 0 0 0 0
0 0 0 0 1 0 0 0 0 0 1 0 0 0 0 0 1 0 0 0 0 0
0 0 0 0 0 0 0 0 1 0 1 0 1 0 1 0 1 0 0 0 0 0
0 0 0 0 0 0 0 0 0 0 0 0 0 0 0 0 0 0 0 0 0 0
0 0 0 0 0 1 0 0 0 0 1 0 0 0 0 1 0 0 0 0 0 0
0 0 0 0 0 0 1 0 0 0 0 0 0 0 0 0 0 0 0 0 0 0
0 0 0 0 0 0 0 0 1 0 0 0 0 0 0 0 0 0 0 0 0 0
0 0 0 0 0 0 1 0 0 0 0 0 0 0 1 0 0 0 0 0 0 0
0 0 0 0 1 0 0 0 0 0 0 0 0 0 0 0 1 0 0 0 0 0
0 0 0 0 0 0 0 0 0 0 0 0 0 0 0 0 1 0 0 0 0 0
0 0 0 0 0 0 0 0 0 0 0 0 0 0 0 0 0 0 0 0 0 0
0 0 0 0 1 0 0 0 0 0 0 0 1 0 0 0 0 0 0 0 0 0
0 0 0 0 0 0 0 0 0 0 0 0 0 0 0 0 0 0 0 0 0 0
0 0 0 0 0 0 1 0 0 0 0 0 0 0 0 0 0 0 0 0 0 0
0 0 0 0 0 0 0 0 0 0 1 0 0 0 0 0 1 0 0 0 0 0
0 0 0 0 0 0 0 0 0 0 0 0 0 0 1 0 0 0 0 0 0 0
0 0 0 0 1 0 1 0 1 0 0 1 0 1 0 0 1 0 0 0 0 0
0 0 0 0 0 0 0 0 0 1 0 0 0 0 0 0 0 0 0 0 0 0
0 0 0 0 1 0 0 0 0 0 1 0 0 0 0 0 1 0 0 0 0 0
0 0 0 0 0 0 0 0 0 0 0 0 0 0 0 0 0 0 0 0 0 0
0 0 0 0 0 0 0 0 0 0 1 0 0 0 0 0 0 0 0 0 0 0
0 0 0 0 0 0 0 0 1 0 0 0 0 0 1 0 0 0 0 0 0 0
0 0 0 0 0 0 0 0 0 0 0 0 0 0 0 0 0 0 0 0 0 0
0 0 0 0 1 0 0 0 0 0 0 0 0 0 0 0 1 0 0 0 0 0
0 0 0 0 0 0 0 1 0 0 0 0 0 0 1 0 0 0 0 0 0 0
0 0 0 0 0 0 0 0 0 0 0 0 1 0 0 0 0 0 0 0 0 0
0 0 0 0 0 0 0 0 0 0 0 0 0 0 0 0 0 0 0 0 0 0
0 0 0 0 1 1 1 1 1 1 1 1 1 1 1 1 1 0 0 0 0 0
0 0 0 0 1 1 1 1 1 1 1 1 1 1 1 1 1 0 0 0 0 0
0 0 0 0 1 1 1 1 1 1 1 1 1 1 1 1 1 0 0 0 0 0
0 0 0 0 1 1 1 1 0 0 0 1 1 1 1 1 1 0 0 0 0 0
0 0 0 0 1 1 1 1 1 1 1 1 1 1 1 1 1 0 0 0 0 0
0 0 0 0 1 0 0 0 0 1 0 0 1 1 1 0 0 0 0 0 0 0
0 0 0 0 0 0 0 0 0 0 0 0 0 0 0 0 0 0 0 0 0 0
0 0 0 0 0 0 0 0 0 0 0 0 0 0 0 0 0 0 0 0 0 0

y
0.0 4.0 2.0 0.0 0.0 0.0 0.0 0.0 0.0 6.285714285714286 0.0 0.0 0.0 2.0 0.0 0.0 0.0 0.0 0.0 0.0 0.0 0.0 0.0 0.0 0.0 0.0 1.0 0.0 0.0 0.0 0.0 0.0 0.52 0.0 0.0 0.0 0.0

k
0 1 2 0 0 3 0 0 0 6 0 0 3 1 2 0 0 0 1 0 0 2 0 1 2 0 1 0 6 0 0 0 16 0 8 13 2

f
0.0 8.75 0.0 5.25 5.25 0.0 0.0 0.0 0.0 0.0 0.0 0.0 5.25 0.0 0.0 0.0 0.0 0.0 0.0 0.0 0.0 0.0
0.0 0.0 0.0 0.0 0.0 0.0 0.0 0.0 0.0 0.0 0.0 0.0 0.0 0.0 0.0 0.0 0.0 0.0 0.0 0.0 0.0 0.0
0.0 0.0 0.0 0.0 0.0 0.0 0.0 0.0 0.0 0.0 0.0 0.0 0.0 0.0 0.0 0.0 0.0 0.0 0.0 0.0 0.0 0.0
0.25 8.75 0.0 1.75 0.25 0.0 4.25 0.0 0.0 0.25 0.25 0.0 8.25 0.0 0.0 0.0 0.0 0.0 0.0 0.0 0.0 0.0

L
4 10 6 6 2 0 5 0 0 8 12 0 0 8 0 0 6 0 2 0 6 0 0 6 0 12 7 0 0 1 1 1 1 1 1 0 0

g
0 0 0 0 0 0 0 0 0 0 0 0 0 0 0 0 0 0 0 0 0 0
0 0 0 0 0 0 0 0 0 0 0 0 0 0 0 0 0 0 0 0 0 0
0 0 0 0 0 0 0 0 0 0 0 0 0 0 0 0 0 0 0 0 0 0
0 0 0 0 0 0 0 0 0 0 0 0 0 0 0 0 0 0 0 0 0 0
0 0 0 0 0 0 0 0 0 0 0 0 0 0 0 0 0 0 0 0 0 0
0 0 0 0 0 0 0 0 0 0 0 0 0 0 0 0 0 0 0 0 0 0
0 0 0 0 0 0 0 0 0 0 0 0 0 0 0 0 0 0 0 0 0 0
0 0 0 0 0 0 0 0 0 0 0 0 0 0 0 0 0 0 0 0 0 0
0 0 0 0 0 0 0 0 0 0 0 0 0 0 0 0 0 0 0 0 0 0
0 0 0 0 0 0 0 0 0 0 0 0 0 0 0 0 0 0 0 0 0 0
0 0 0 0 0 0 0 0 0 0 0 0 0 0 0 0 0 0 0 0 0 0
0 0 0 0 0 0 0 0 0 0 0 0 0 0 0 0 0 0 0 0 0 0
0 0 0 0 0 0 0 0 0 0 0 0 0 0 0 0 0 0 0 0 0 0
0 0 0 0 0 0 0 0 0 0 0 0 0 0 0 0 0 0 0 0 0 0
0 0 0 0 0 0 0 0 0 0 0 0 0 0 0 0 0 0 0 0 0 0
0 0 0 0 0 0 0 0 0 0 0 0 0 0 0 0 0 0 0 0 0 0
0 0 0 0 0 0 0 0 0 0 0 0 0 0 0 0 0 0 0 0 0 0
0 0 0 0 0 0 0 0 0 0 0 0 0 0 0 0 0 0 0 0 0 0
0 0 0 0 0 0 0 0 0 0 0 0 0 0 0 0 0 0 0 0 0 0
0 0 0 0 0 0 0 0 0 0 0 0 0 0 0 0 0 0 0 0 0 0
0 0 0 0 0 0 0 0 0 0 0 0 0 0 0 0 0 0 0 0 0 0
0 0 0 0 0 0 0 0 0 0 0 0 0 0 0 0 0 0 0 0 0 0
0 0 0 0 0 0 0 0 0 0 0 0 0 0 0 0 0 0 0 0 0 0
0 0 0 0 0 0 0 0 0 0 0 0 0 0 0 0 0 0 0 0 0 0
0 0 0 0 0 0 0 0 0 0 0 0 0 0 0 0 0 0 0 0 0 0
0 0 0 0 0 0 0 0 0 0 0 0 0 0 0 0 0 0 0 0 0 0
0 0 0 0 0 0 0 0 0 0 0 0 0 0 0 0 0 0 0 0 0 0
0 0 0 0 0 0 0 0 0 0 0 0 0 0 0 0 0 0 0 0 0 0
0 0 0 0 0 0 0 0 0 0 0 0 0 0 0 0 0 0 0 0 0 0
0 0 0 0 0 0 0 0 0 0 0 0 0 0 0 0 0 0 0 0 0 0
0 0 0 0 0 0 0 0 0 0 0 0 0 0 0 0 0 0 0 0 0 0
0 0 0 0 0 0 0 0 0 0 0 0 0 0 0 0 0 0 0 0 0 0
0 0 0 0 0 0 0 0 0 0 0 0 0 0 0 0 0 0 0 0 0 0
0 0 0 0 0 0 0 0 0 0 0 0 0 0 0 0 0 0 0 0 0 0
0 0 0 0 0 0 0 0 0 0 0 0 0 0 0 0 0 0 0 0 0 0
0 0 0 0 0 0 0 0 0 0 0 0 0 0 0 0 0 0 0 0 0 0
0 0 0 0 0 0 0 0 0 0 0 0 0 0 0 0 0 0 0 0 0 0

I cap
1058.909090909091 1058.909090909091 980.477090909091 935.827090909091 765.057 789.1999999999997 786.6409999999998 916.13 656.811 872.2370000000001 556.024 818.846 730.1020000000001 748.6320000000001 512.871 659.5480909090909 442.32109090909114 754.016090909091 788.577090909091 980.477090909091 1058.909090909091 1058.909090909091
107.96969696969697 107.96969696969697 104.70169696969697 104.70169696969697 42.69300000000002 46.20000000000002 15.409000000000002 24.189999999999994 37.50900000000002 82.02300000000001 86.176 104.104 97.598 81.318 72.27900000000001 64.63069696969697 5.4076969696969925 48.06269696969699 49.601696969696974 104.70169696969697 107.96969696969697 107.96969696969697
38.96666666666666 38.96666666666666 38.96666666666666 38.96666666666666 23.516666666666666 21.41666666666667 14.06666666666667 8.163333333333334 2.913333333333341 17.223333333333336 10.216666666666667 8.81666666666667 3.9166666666666687 11.058750000000002 12.808750000000002 20.275416666666665 6.342083333333333 18.383333333333333 18.383333333333333 38.96666666666666 38.96666666666666 38.96666666666666
45.24545454545453 45.24545454545453 44.64695454545453 38.19645454545453 18.8755 30.277499999999993 23.475499999999997 21.499999999999996 19.845999999999997 27.29149999999999 27.15199999999999 24.598 20.4145 18.109 12.078999999999999 26.46395454545453 31.77445454545452 43.307454545454526 43.506954545454526 44.64695454545453 45.24545454545453 45.24545454545453
20.999999999999993 20.999999999999993 20.800499999999992 20.467999999999993 8.040500000000003 16.5705 7.830000000000003 8.184999999999999 7.218499999999999 10.011500000000002 11.677999999999994 14.185999999999995 11.073000000000002 12.527000000000003 7.199500000000003 10.160499999999992 8.944499999999993 14.577999999999994 17.494499999999995 20.800499999999992 20.999999999999993 20.999999999999993
345.75757575757575 345.75757575757575 341.96707575757574 303.8899581105169 189.9914411764706 172.20050000000003 156.40549999999996 130.7695 192.61950000000002 220.99600000000004 186.5915 155.764 210.84700000000004 239.38499999999996 192.63849999999994 207.20957575757575 242.47469340463462 256.6956345811052 304.8695757575757 341.96707575757574 345.75757575757575 345.75757575757575
779.7575757575758 779.7575757575758 765.5930757575758 660.8555757575758 442.25200000000007 571.1620000000001 603.0405000000002 611.5994999999999 761.4155 824.7375 672.4265000000001 673.315 663.8215 645.743 629.8620000000001 573.6550757575758 575.0040757575758 702.0475757575758 722.8430757575758 765.5930757575758 779.7575757575758 779.7575757575758
80.73333333333335 80.73333333333335 80.13483333333335 79.46983333333334 61.11733333333333 80.72399999999999 70.94699999999999 73.72549999999997 73.06649999999998 81.47199999999998 71.28899999999999 81.82299999999998 88.71249999999999 87.52799999999996 78.27299999999998 70.33083333333333 68.08883333333334 74.78 78.08283333333334 80.13483333333335 80.73333333333335 80.73333333333335
10.775757575757575 10.775757575757575 10.775757575757575 9.578757575757576 3.65 0.33800000000000097 0.6829999999999998 0.8349999999999995 1.2500000000000009 0.5975000000000001 3.1215 0.41100000000000136 1.3895000000000008 2.9030000000000005 2.5074999999999994 3.0712575757575755 1.7127575757575748 0.6867575757575768 4.705257575757576 10.775757575757575 10.775757575757575 10.775757575757575
2.545454545454545 2.545454545454545 1.946954545454545 0.7499545454545451 1.2894999999999999 0.1175 1.1185 0.048000000000000154 0.6339999999999999 0.5040000000000001 0.9189999999999999 0.20300000000000007 0.602 0.1050000000000002 0.19050000000000022 0.8639545454545451 0.32245454545454477 1.063454545454545 1.262954545454545 1.946954545454545 2.545454545454545 2.545454545454545
8.515433299825174 8.515433299825174 8.515433299825174 7.843019506721726 4.0791628735632175 4.931911724137931 4.255489741379311 6.575411043103449 8.48057225 7.498236482758622 7.22667224137931 6.954686379310347 6.190952422413795 5.102947077586207 5.026400448275862 5.499196560344828 5.72102052586207 6.606142701149426 6.363233965517242 7.4806875 7.546136159874608 8.328471379310345
700.0 700.0 700.0 698.0999999999999 685.75 685.7499999999997 680.9999999999999 688.5999999999999 685.7499999999997 684.7999999999998 679.0999999999998 685.7499999999998 682.8999999999999 687.6499999999997 680.9999999999999 687.6499999999996 679.0999999999997 684.7999999999997 689.5499999999998 697.15 700.0 697.15

H cap
1.75 -8.75 1.75 -5.25 -5.25 1.75 33.25 33.25 12.25 12.25 1.75 1.75 -5.25 5.25 131.25 131.25 131.25 131.25 131.25 131.25 131.25 131.25
17.0 0.0 5.0 4.0 12.5 15.5 14.0 14.0 5.0 2.0 3.5 4.5 2.0 19.0 52.5 52.5 52.5 52.5 52.5 52.5 52.5 52.5
42.0 42.0 45.5 42.0 42.0 42.0 45.5 45.5 49.0 49.0 38.5 42.0 38.5 38.5 63.0 63.0 63.0 63.0 63.0 63.0 63.0 63.0
-0.25 -8.75 5.75 -1.75 -0.25 0.75 -4.25 0.75 1.25 -0.25 -0.25 2.75 -8.25 0.25 78.75 78.75 78.75 78.75 78.75 78.75 78.75 78.75

Gap
0.01493012443296363

Time
1800.0058031082153

