T P M C
22 37 4 12

base obj
10.782051282051281

exp obj
12.46153846153846

Objective struct
10.782051282051281 0.0 17.5

num campaigns
124

x
0 0 0 0 1 0 0 0 0 0 1 0 0 0 1 0 1 0 0 0 0 0
0 0 0 0 1 0 0 0 0 1 0 0 0 0 0 0 0 0 0 0 0 0
0 0 0 0 0 0 1 0 0 0 0 0 1 0 0 0 1 0 0 0 0 0
0 0 0 0 1 0 0 0 1 0 0 0 1 0 0 0 0 0 0 0 0 0
0 0 0 0 1 0 0 1 0 0 1 0 0 1 0 0 1 0 0 0 0 0
0 0 0 0 0 0 1 0 0 0 0 0 0 0 1 0 0 0 0 0 0 0
0 0 0 0 1 0 0 0 0 0 1 0 0 0 0 0 1 0 0 0 0 0
0 0 0 0 0 0 0 0 0 0 0 1 0 0 0 0 0 0 0 0 0 0
0 0 0 0 0 0 0 1 0 0 0 0 0 0 0 0 0 0 0 0 0 0
0 0 0 0 0 0 0 0 0 0 1 0 1 0 0 0 0 0 0 0 0 0
0 0 0 0 0 0 1 0 0 0 0 0 0 0 0 0 1 0 0 0 0 0
0 0 0 0 0 0 0 0 0 0 0 0 0 0 0 0 1 0 0 0 0 0
0 0 0 0 0 0 0 0 0 0 0 0 0 0 0 0 0 0 0 0 0 0
0 0 0 0 1 0 0 0 0 0 1 0 0 0 0 0 0 0 0 0 0 0
0 0 0 0 0 0 0 0 0 0 0 0 0 0 0 0 0 0 0 0 0 0
0 0 0 0 0 0 0 0 1 0 0 0 0 0 0 0 0 0 0 0 0 0
0 0 0 0 0 0 0 0 0 0 0 0 0 0 1 0 1 0 0 0 0 0
0 0 0 0 0 0 0 0 0 0 0 0 0 0 1 0 0 0 0 0 0 0
0 0 0 0 0 0 1 1 1 1 0 0 1 1 0 0 1 0 0 0 0 0
0 0 0 0 0 0 1 0 0 0 0 0 0 0 0 0 0 0 0 0 0 0
0 0 0 0 1 0 0 0 0 0 1 0 0 0 0 0 1 0 0 0 0 0
0 0 0 0 0 0 0 0 0 0 0 0 0 0 0 0 0 0 0 0 0 0
0 0 0 0 0 0 0 0 1 0 0 0 0 0 0 0 0 0 0 0 0 0
0 0 0 0 0 0 1 0 0 0 0 0 1 0 0 0 0 0 0 0 0 0
0 0 0 0 0 0 0 0 0 0 0 0 0 0 0 0 0 0 0 0 0 0
0 0 0 0 1 0 0 0 0 0 0 0 0 0 0 0 1 0 0 0 0 0
0 0 0 0 1 0 0 0 0 0 0 0 1 0 0 0 0 0 0 0 0 0
0 0 0 0 0 0 0 0 0 0 0 0 1 0 0 0 0 0 0 0 0 0
0 0 0 0 0 0 0 0 0 0 0 0 0 0 0 0 0 0 0 0 0 0
0 0 0 0 1 1 1 1 1 1 1 1 1 1 1 1 1 0 0 0 0 0
0 0 0 0 1 1 1 1 1 1 1 1 1 1 1 1 1 0 0 0 0 0
0 0 0 0 1 1 1 1 1 1 1 1 1 1 1 1 1 0 0 0 0 0
0 0 0 0 1 1 1 1 1 1 1 1 1 1 1 1 1 0 0 0 0 0
0 0 0 0 1 1 1 1 1 1 1 1 1 1 1 1 1 0 0 0 0 0
0 0 0 0 1 0 1 0 0 0 1 1 1 0 0 0 0 0 0 0 0 0
0 0 0 0 0 0 0 0 0 0 0 0 0 0 0 0 0 0 0 0 0 0
0 0 0 0 0 0 0 0 0 0 0 0 0 0 0 0 0 0 0 0 0 0

y
0.0 0.0 0.0 0.0 0.0 2.0 0.0 0.0 0.0 0.2857142857142858 0.0 0.0 0.0 0.0 0.0 0.0 0.0 0.0 0.0 0.0 0.0 0.0 0.0 0.0 0.0 0.0 2.0 0.0 0.0 0.0 0.0 0.0 0.52 0.0 0.0 0.0 0.0

k
0 1 1 0 0 1 0 0 0 6 0 0 3 1 2 0 0 0 0 0 0 2 0 1 2 0 1 0 6 0 0 0 13 0 8 13 2

f
1.0500000000000096 1.0500000000000096 0.0 0.0 1.0500000000000114 0.0 0.0 1.0500000000000114 10.500000000000014 0.0 7.3500000000000085 0.0 0.0 0.0 0.0 0.0 0.0 0.0 0.0 0.0 0.0 0.0
0.0 0.0 0.0 0.0 0.0 0.0 0.0 1.499999999999993 0.0 0.0 0.0 0.0 0.0 0.0 0.0 0.0 0.0 0.0 0.0 0.0 0.0 0.0
0.0 0.0 0.0 0.0 0.0 0.0 0.0 0.0 0.0 0.0 0.0 0.0 0.0 0.0 0.0 0.0 0.0 0.0 0.0 0.0 0.0 0.0
0.0 5.399999999999999 0.0 7.6500000000000075 0.4499999999999922 1.8000000000000083 0.0 0.45000000000000995 4.04999999999998 0.0 0.0 0.0 4.949999999999971 0.0 0.0 0.0 0.0 0.0 0.0 0.0 0.0 0.0

L
2 5 4 4 3 8 6 0 0 2 10 0 0 6 0 0 2 0 1 0 6 0 0 6 0 12 8 0 0 1 1 1 1 1 1 0 0

g
0 0 0 0 0 0 0 0 0 0 0 0 0 0 0 0 0 0 0 0 0 0
0 0 0 0 0 0 0 0 0 0 0 0 0 0 0 0 0 0 0 0 0 0
0 0 0 0 0 0 0 0 0 0 0 0 0 0 0 0 0 0 0 0 0 0
0 0 0 0 0 0 0 0 0 0 0 0 0 0 0 0 0 0 0 0 0 0
0 0 0 0 0 0 0 0 0 0 0 0 0 0 0 0 0 0 0 0 0 0
0 0 0 0 0 0 0 0 0 0 0 0 0 0 0 0 0 0 0 0 0 0
0 0 0 0 0 0 0 0 0 0 0 0 0 0 0 0 0 0 0 0 0 0
0 0 0 0 0 0 0 0 0 0 0 0 0 0 0 0 0 0 0 0 0 0
0 0 0 0 0 0 0 0 0 0 0 0 0 0 0 0 0 0 0 0 0 0
0 0 0 0 0 0 0 0 0 0 0 0 0 0 0 0 0 0 0 0 0 0
0 0 0 0 0 0 0 0 0 0 0 0 0 0 0 0 0 0 0 0 0 0
0 0 0 0 0 0 0 0 0 0 0 0 0 0 0 0 0 0 0 0 0 0
0 0 0 0 0 0 0 0 0 0 0 0 0 0 0 0 0 0 0 0 0 0
0 0 0 0 0 0 0 0 0 0 0 0 0 0 0 0 0 0 0 0 0 0
0 0 0 0 0 0 0 0 0 0 0 0 0 0 0 0 0 0 0 0 0 0
0 0 0 0 0 0 0 0 0 0 0 0 0 0 0 0 0 0 0 0 0 0
0 0 0 0 0 0 0 0 0 0 0 0 0 0 0 0 0 0 0 0 0 0
0 0 0 0 0 0 0 0 0 0 0 0 0 0 0 0 0 0 0 0 0 0
0 0 0 0 0 0 0 0 0 0 0 0 0 0 0 0 0 0 0 0 0 0
0 0 0 0 0 0 0 0 0 0 0 0 0 0 0 0 0 0 0 0 0 0
0 0 0 0 0 0 0 0 0 0 0 0 0 0 0 0 0 0 0 0 0 0
0 0 0 0 0 0 0 0 0 0 0 0 0 0 0 0 0 0 0 0 0 0
0 0 0 0 0 0 0 0 0 0 0 0 0 0 0 0 0 0 0 0 0 0
0 0 0 0 0 0 0 0 0 0 0 0 0 0 0 0 0 0 0 0 0 0
0 0 0 0 0 0 0 0 0 0 0 0 0 0 0 0 0 0 0 0 0 0
0 0 0 0 0 0 0 0 0 0 0 0 0 0 0 0 0 0 0 0 0 0
0 0 0 0 0 0 0 0 0 0 0 0 0 0 0 0 0 0 0 0 0 0
0 0 0 0 0 0 0 0 0 0 0 0 0 0 0 0 0 0 0 0 0 0
0 0 0 0 0 0 0 0 0 0 0 0 0 0 0 0 0 0 0 0 0 0
0 0 0 0 0 0 0 0 0 0 0 0 0 0 0 0 0 0 0 0 0 0
0 0 0 0 0 0 0 0 0 0 0 0 0 0 0 0 0 0 0 0 0 0
0 0 0 0 0 0 0 0 0 0 0 0 0 0 0 0 0 0 0 0 0 0
0 0 0 0 0 0 0 0 0 0 0 0 0 0 0 0 0 0 0 0 0 0
0 0 0 0 0 0 0 0 0 0 0 0 0 0 0 0 0 0 0 0 0 0
0 0 0 0 0 0 0 0 0 0 0 0 0 0 0 0 0 0 0 0 0 0
0 0 0 0 0 0 0 0 0 0 0 0 0 0 0 0 0 0 0 0 0 0
0 0 0 0 0 0 0 0 0 0 0 0 0 0 0 0 0 0 0 0 0 0

I cap
1058.909090909091 1058.909090909091 976.349090909091 929.349090909091 529.6999999999999 815.16 734.32 1001.4800000000001 471.38000000000005 763.8199999999999 666.2199999999998 752.76 378.6800000000001 592.5800000000002 526.48 750.5490909090909 411.58909090909106 527.669090909091 692.4490909090911 976.349090909091 1058.909090909091 1058.909090909091
107.96969696969697 107.96969696969697 104.52969696969697 104.52969696969697 90.89999999999999 112.44 68.48000000000002 42.52 44.62000000000001 80.18 42.77999999999999 36.239999999999995 9.32000000000001 9.420000000000003 55.52 97.32969696969697 0.2896969696969691 30.209696969696964 37.42969696969698 104.52969696969697 107.96969696969697 107.96969696969697
38.96666666666666 38.96666666666666 38.96666666666666 38.96666666666666 4.4999999999999964 2.400000000000002 3.5 24.5 18.900000000000006 18.200000000000003 2.133333333333331 7.733333333333336 2.833333333333334 9.724999999999998 4.824999999999999 19.29166666666666 4.624999999999995 17.299999999999997 17.299999999999997 38.96666666666666 38.96666666666666 38.96666666666666
45.24545454545453 45.24545454545453 44.615454545454526 37.82545454545452 18.26 28.619999999999987 20.819999999999986 24.83 19.04 27.339999999999993 26.579999999999988 18.259999999999998 10.550000000000002 9.899999999999999 9.190000000000007 30.59545454545452 31.545454545454522 37.095454545454515 40.06545454545452 44.615454545454526 45.24545454545453 45.24545454545453
20.999999999999993 20.999999999999993 20.789999999999992 20.43999999999999 8.320000000000002 16.819999999999993 7.530000000000004 8.71 4.389999999999998 8.879999999999997 12.199999999999996 11.719999999999997 6.280000000000002 9.800000000000004 5.580000000000003 10.169999999999991 7.179999999999993 10.02999999999999 14.629999999999992 20.789999999999992 20.999999999999993 20.999999999999993
345.75757575757575 345.75757575757575 341.76757575757574 301.6863992869875 175.8594117647059 184.79000000000002 206.75000000000003 167.77 166.9 196.26000000000002 164.22000000000003 178.82000000000005 197.48 183.80999999999995 178.47000000000003 191.54757575757571 217.11875222816394 238.77816399286982 295.3475757575757 341.76757575757574 345.75757575757575 345.75757575757575
779.7575757575758 779.7575757575758 764.8475757575758 654.5975757575758 431.27 579.57 556.69 525.6500000000001 552.64 639.16 643.03 677.92 586.5 603.1100000000001 527.5500000000001 534.0075757575758 534.4375757575758 589.8875757575756 668.2575757575758 764.8475757575758 779.7575757575758 779.7575757575758
80.73333333333335 80.73333333333335 80.10333333333335 79.40333333333335 61.52666666666666 81.06 67.35999999999999 72.61 71.52 79.71 72.92999999999999 79.38999999999999 84.10000000000001 84.38999999999999 74.45999999999998 69.26333333333335 64.98333333333335 69.7166666666667 75.93333333333335 80.10333333333335 80.73333333333335 80.73333333333335
10.775757575757575 10.775757575757575 10.775757575757575 9.515757575757576 2.05 1.6900000000000013 0.5899999999999999 0.7000000000000002 1.5400000000000007 2.05 1.8900000000000003 2.6399999999999997 1.0499999999999998 1.1500000000000004 1.2199999999999998 0.1557575757575762 0.15575757575757532 0.1557575757575762 4.385757575757576 10.775757575757575 10.775757575757575 10.775757575757575
2.545454545454545 2.545454545454545 1.915454545454545 0.6554545454545451 1.21 0.04999999999999993 0.7599999999999999 0.03000000000000025 0.06999999999999995 1.1102230246251565e-16 1.4500000000000002 0.04999999999999993 0.1399999999999999 0.8400000000000002 0.6300000000000002 1.0754545454545452 0.08545454545454523 0.35545454545454525 1.195454545454545 1.915454545454545 2.545454545454545 2.545454545454545
8.515433299825174 8.515433299825174 8.515433299825174 7.807629307084703 3.9118925862068936 4.758635689655169 4.146868706896549 5.778342241379308 7.880917241379308 6.418926465517239 6.700810172413791 6.079686379310342 5.392934999999996 4.6762227586206855 6.397090086206894 5.437989827586204 5.40666950998185 6.160740402298849 6.285647758620689 7.463446120689655 7.546136159874608 8.31123
700.0 700.0 700.0 698.0 682.0 686.0 677.0 688.0 679.0 681.0 679.0 684.0 677.0 683.0 682.0 686.0 679.0 684.0 688.0 692.0 700.0 697.0

H cap
-1.0500000000000096 -1.0500000000000096 52.499999999999986 2.099999999999982 -1.0500000000000114 8.399999999999993 5.249999999999989 -1.0500000000000114 -10.500000000000014 17.84999999999998 -7.3500000000000085 11.549999999999997 8.399999999999979 8.399999999999979 131.25 131.25 131.25 131.25 131.25 131.25 131.25 131.25
16.050000000000004 2.550000000000005 16.949999999999996 12.449999999999996 16.04999999999999 17.849999999999987 2.999999999999984 -1.499999999999993 3.8999999999999897 9.299999999999994 12.899999999999991 14.7 7.049999999999986 20.550000000000015 52.5 52.5 52.5 52.5 52.5 52.5 52.5 52.5
44.10000000000001 44.10000000000001 47.25000000000001 37.80000000000001 40.95000000000001 44.10000000000001 47.25000000000001 50.400000000000006 40.95000000000001 37.80000000000001 47.25000000000001 53.550000000000004 40.95000000000001 40.95000000000001 63.0 63.0 63.0 63.0 63.0 63.0 63.0 63.0
1.3500000000000023 -5.399999999999999 2.2500000000000275 -7.6500000000000075 -0.4499999999999922 -1.8000000000000083 9.325873406851315e-15 -0.45000000000000995 -4.04999999999998 3.1499999999999893 0.4500000000000246 4.9499999999999975 -4.949999999999971 1.8000000000000016 78.75 78.75 78.75 78.75 78.75 78.75 78.75 78.75

Gap
0.023316267625638355

Time
1800.0115640163422

