T P M C
35 37 4 12

base obj
11.133699633699633

exp obj
11.130274725274724

Objective struct
11.133699633699633 0.0 11.12

num campaigns
228

x
0 0 0 0 0 0 0 0 1 0 1 0 0 0 1 0 1 0 1 0 0 0 0 0 0 1 0 0 0 1 0 0 0 0 0
0 0 0 0 0 0 0 1 0 0 0 0 0 0 0 0 0 0 0 0 1 0 0 0 0 0 1 0 0 0 0 0 0 0 0
0 0 0 0 0 0 0 0 0 1 0 0 0 1 0 0 0 1 0 0 0 0 1 0 0 0 0 0 0 0 0 0 0 0 0
0 0 0 0 1 0 0 0 0 1 0 0 0 0 1 0 0 0 0 1 0 0 0 0 1 0 0 0 0 1 0 0 0 0 0
0 0 0 0 1 0 1 0 1 0 0 0 1 0 0 0 1 0 0 1 0 1 0 1 0 0 0 1 0 0 0 0 0 0 0
0 0 0 0 0 0 0 0 0 0 0 1 0 0 0 0 0 0 0 1 0 0 0 0 0 0 0 0 0 0 0 0 0 0 0
0 0 0 0 1 0 0 0 0 1 0 0 0 0 1 0 0 0 0 1 0 0 0 0 1 0 0 0 0 1 0 0 0 0 0
0 0 0 0 0 0 1 0 0 0 0 0 0 0 0 0 0 0 0 0 0 0 0 0 0 1 0 0 0 0 0 0 0 0 0
0 0 0 0 0 0 0 0 0 0 0 0 0 0 0 0 0 0 0 0 0 0 0 1 0 0 0 0 0 0 0 0 0 0 0
0 0 0 0 0 0 0 0 0 0 0 1 0 0 0 0 0 0 0 0 0 1 0 0 0 0 0 0 0 0 0 0 0 0 0
0 0 0 0 1 0 0 0 0 0 0 0 0 0 0 0 1 0 0 0 0 0 0 0 0 0 0 0 1 0 0 0 0 0 0
0 0 0 0 1 0 0 0 0 0 0 0 0 0 0 0 0 0 0 0 0 0 0 0 0 0 0 1 0 0 0 0 0 0 0
0 0 0 0 0 0 0 0 0 0 0 0 0 0 0 0 0 0 0 0 1 0 0 0 0 0 0 0 0 1 0 0 0 0 0
0 0 0 0 0 0 0 0 1 0 0 0 0 0 0 1 0 0 0 0 0 0 0 0 0 1 0 0 0 0 0 0 0 0 0
0 0 0 0 0 0 0 0 0 0 0 0 0 0 0 0 0 0 0 0 0 0 0 0 0 0 0 0 0 0 0 0 0 0 0
0 0 0 0 0 0 0 0 0 0 0 0 0 0 0 0 0 1 0 0 0 0 0 0 0 0 0 0 0 0 0 0 0 0 0
0 0 0 0 0 0 0 0 0 0 0 0 1 0 0 0 0 0 0 0 0 0 0 0 0 0 0 0 0 1 0 0 0 0 0
0 0 0 0 1 0 0 0 0 0 0 0 0 0 0 0 0 0 0 0 0 0 0 0 0 0 0 0 0 1 0 0 0 0 0
0 0 0 0 0 1 1 0 1 0 0 1 1 0 0 1 0 1 1 0 1 1 1 1 0 0 0 1 0 0 0 0 0 0 0
0 0 0 0 0 0 0 0 0 1 0 0 0 0 0 0 0 0 0 0 0 0 0 0 0 0 0 0 0 0 0 0 0 0 0
0 0 0 0 1 0 0 0 0 1 0 0 0 0 1 0 0 0 0 1 0 0 0 0 1 0 0 0 0 1 0 0 0 0 0
0 0 0 0 0 0 0 0 0 0 0 0 0 0 0 0 0 0 0 0 0 0 0 0 0 0 0 0 0 0 0 0 0 0 0
0 0 0 0 1 0 0 0 0 0 0 0 0 0 0 0 0 0 0 0 0 0 0 0 0 0 0 1 0 0 0 0 0 0 0
0 0 0 0 0 0 0 0 0 0 0 0 0 1 0 0 0 0 0 0 0 1 0 0 0 0 0 0 0 0 0 0 0 0 0
0 0 0 0 0 0 1 0 0 0 0 0 0 0 0 0 0 0 0 0 0 0 0 1 0 0 0 0 0 0 0 0 0 0 0
0 0 0 0 1 0 0 0 0 0 0 0 1 0 0 0 0 0 0 0 1 0 0 0 0 0 0 0 0 1 0 0 0 0 0
0 0 0 0 0 0 0 0 0 0 1 0 0 0 0 1 0 0 0 0 0 0 1 0 0 0 0 1 0 0 0 0 0 0 0
0 0 0 0 0 0 0 0 0 0 0 0 1 0 0 0 0 0 0 0 0 0 0 0 0 0 0 0 0 0 0 0 0 0 0
0 0 0 0 0 0 0 0 0 0 0 0 0 0 0 0 0 0 0 0 0 0 0 0 0 0 0 0 0 0 0 0 0 0 0
0 0 0 0 1 1 1 1 1 1 1 1 1 1 1 1 1 1 1 1 1 1 1 1 1 1 1 1 1 1 0 0 0 0 0
0 0 0 0 1 1 1 1 1 1 1 1 1 1 1 1 1 1 1 1 1 1 1 1 1 1 1 1 1 1 0 0 0 0 0
0 0 0 0 1 1 1 1 1 1 1 1 1 1 1 1 1 1 1 1 1 1 1 1 1 1 1 1 1 1 0 0 0 0 0
0 0 0 0 1 1 1 1 0 1 0 1 1 0 0 1 1 1 1 1 0 0 0 1 1 0 0 0 0 0 0 0 0 0 0
0 0 0 0 1 1 1 1 1 1 1 1 1 1 1 1 1 1 1 1 1 1 1 1 1 1 1 1 1 1 0 0 0 0 0
0 0 0 0 1 1 1 1 1 1 1 0 0 0 1 0 0 0 1 1 1 1 1 1 1 1 1 0 1 0 0 0 0 0 0
0 0 0 0 0 0 0 0 0 0 0 0 0 0 0 0 0 0 0 0 0 0 0 0 0 0 0 0 0 0 0 0 0 0 0
0 0 0 0 0 0 0 0 0 0 0 0 0 0 0 0 0 0 0 0 0 0 0 0 0 0 0 0 0 0 0 0 0 0 0

y
0.0 1.0 0.0 0.0 0.0 3.0 0.0 0.0 0.0 8.214285714285714 0.0 0.0 4.0 2.0 0.0 0.0 4.5 0.0 0.0 0.0 0.0 0.0 0.0 1.75 4.5 0.0 0.0 0.0 0.0 0.0 0.0 0.0 0.5098039215686274 0.0 0.0 0.0 0.0

k
0 3 3 0 0 4 0 0 0 13 0 0 4 3 4 0 1 0 0 0 0 3 0 3 1 0 1 0 11 0 0 0 38 0 8 26 3

f
1.75 12.25 0.0 0.0 0.0 0.0 0.0 0.0 0.0 0.0 0.0 0.0 0.0 0.0 0.0 8.75 0.0 0.0 0.0 0.0 0.0 5.25 8.75 0.0 0.0 8.75 0.0 0.0 0.0 0.0 0.0 0.0 0.0 0.0 0.0
0.0 0.0 0.0 0.0 0.0 0.0 0.0 0.0 0.0 0.0 0.0 0.0 0.0 0.0 0.0 0.0 0.0 0.0 0.0 0.0 0.0 0.0 0.0 0.0 0.0 0.0 0.0 0.0 0.0 0.0 0.0 0.0 0.0 0.0 0.0
0.0 0.0 0.0 0.0 0.0 0.0 0.0 0.0 0.0 0.0 0.0 0.0 0.0 0.0 0.0 0.0 0.0 0.0 0.0 0.0 0.0 0.0 0.0 0.0 0.0 0.0 0.0 0.0 0.0 0.0 0.0 0.0 0.0 0.0 0.0
0.0 6.75 0.0 4.75 0.0 12.75 0.0 0.75 0.25 0.0 0.75 0.0 0.0 0.0 0.0 0.0 0.25 3.75 0.0 9.75 0.0 0.75 0.25 0.25 0.0 8.75 0.0 0.0 0.0 0.0 0.0 0.0 0.0 0.0 0.0

L
2 6 4 5 2 8 5 19 0 10 12 23 9 7 0 0 17 25 1 0 5 0 23 8 17 8 5 0 0 1 1 1 1 1 1 0 0

g
0 0 0 0 0 0 0 0 0 0 0 0 0 0 0 0 0 0 0 0 0 0 0 0 0 0 0 0 0 0 0 0 0 0 0
0 0 0 0 0 0 0 0 0 0 0 0 0 0 0 0 0 0 0 0 0 0 0 0 0 0 0 0 0 0 0 0 0 0 0
0 0 0 0 0 0 0 0 0 0 0 0 0 0 0 0 0 0 0 0 0 0 0 0 0 0 0 0 0 0 0 0 0 0 0
0 0 0 0 0 0 0 0 0 0 0 0 0 0 0 0 0 0 0 0 0 0 0 0 0 0 0 0 0 0 0 0 0 0 0
0 0 0 0 0 0 0 0 0 0 0 0 0 0 0 0 0 0 0 0 0 0 0 0 0 0 0 0 0 0 0 0 0 0 0
0 0 0 0 0 0 0 0 0 0 0 0 0 0 0 0 0 0 0 0 0 0 0 0 0 0 0 0 0 0 0 0 0 0 0
0 0 0 0 0 0 0 0 0 0 0 0 0 0 0 0 0 0 0 0 0 0 0 0 0 0 0 0 0 0 0 0 0 0 0
0 0 0 0 0 0 0 0 0 0 0 0 0 0 0 0 0 0 0 0 0 0 0 0 0 0 0 0 0 0 0 0 0 0 0
0 0 0 0 0 0 0 0 0 0 0 0 0 0 0 0 0 0 0 0 0 0 0 0 0 0 0 0 0 0 0 0 0 0 0
0 0 0 0 0 0 0 0 0 0 0 0 0 0 0 0 0 0 0 0 0 0 0 0 0 0 0 0 0 0 0 0 0 0 0
0 0 0 0 0 0 0 0 0 0 0 0 0 0 0 0 0 0 0 0 0 0 0 0 0 0 0 0 0 0 0 0 0 0 0
0 0 0 0 0 0 0 0 0 0 0 0 0 0 0 0 0 0 0 0 0 0 0 0 0 0 0 0 0 0 0 0 0 0 0
0 0 0 0 0 0 0 0 0 0 0 0 0 0 0 0 0 0 0 0 0 0 0 0 0 0 0 0 0 0 0 0 0 0 0
0 0 0 0 0 0 0 0 0 0 0 0 0 0 0 0 0 0 0 0 0 0 0 0 0 0 0 0 0 0 0 0 0 0 0
0 0 0 0 0 0 0 0 0 0 0 0 0 0 0 0 0 0 0 0 0 0 0 0 0 0 0 0 0 0 0 0 0 0 0
0 0 0 0 0 0 0 0 0 0 0 0 0 0 0 0 0 0 0 0 0 0 0 0 0 0 0 0 0 0 0 0 0 0 0
0 0 0 0 0 0 0 0 0 0 0 0 0 0 0 0 0 0 0 0 0 0 0 0 0 0 0 0 0 0 0 0 0 0 0
0 0 0 0 0 0 0 0 0 0 0 0 0 0 0 0 0 0 0 0 0 0 0 0 0 0 0 0 0 0 0 0 0 0 0
0 0 0 0 0 0 0 0 0 0 0 0 0 0 0 0 0 0 0 0 0 0 0 0 0 0 0 0 0 0 0 0 0 0 0
0 0 0 0 0 0 0 0 0 0 0 0 0 0 0 0 0 0 0 0 0 0 0 0 0 0 0 0 0 0 0 0 0 0 0
0 0 0 0 0 0 0 0 0 0 0 0 0 0 0 0 0 0 0 0 0 0 0 0 0 0 0 0 0 0 0 0 0 0 0
0 0 0 0 0 0 0 0 0 0 0 0 0 0 0 0 0 0 0 0 0 0 0 0 0 0 0 0 0 0 0 0 0 0 0
0 0 0 0 0 0 0 0 0 0 0 0 0 0 0 0 0 0 0 0 0 0 0 0 0 0 0 0 0 0 0 0 0 0 0
0 0 0 0 0 0 0 0 0 0 0 0 0 0 0 0 0 0 0 0 0 0 0 0 0 0 0 0 0 0 0 0 0 0 0
0 0 0 0 0 0 0 0 0 0 0 0 0 0 0 0 0 0 0 0 0 0 0 0 0 0 0 0 0 0 0 0 0 0 0
0 0 0 0 0 0 0 0 0 0 0 0 0 0 0 0 0 0 0 0 0 0 0 0 0 0 0 0 0 0 0 0 0 0 0
0 0 0 0 0 0 0 0 0 0 0 0 0 0 0 0 0 0 0 0 0 0 0 0 0 0 0 0 0 0 0 0 0 0 0
0 0 0 0 0 0 0 0 0 0 0 0 0 0 0 0 0 0 0 0 0 0 0 0 0 0 0 0 0 0 0 0 0 0 0
0 0 0 0 0 0 0 0 0 0 0 0 0 0 0 0 0 0 0 0 0 0 0 0 0 0 0 0 0 0 0 0 0 0 0
0 0 0 0 0 0 0 0 0 0 0 0 0 0 0 0 0 0 0 0 0 0 0 0 0 0 0 0 0 0 0 0 0 0 0
0 0 0 0 0 0 0 0 0 0 0 0 0 0 0 0 0 0 0 0 0 0 0 0 0 0 0 0 0 0 0 0 0 0 0
0 0 0 0 0 0 0 0 0 0 0 0 0 0 0 0 0 0 0 0 0 0 0 0 0 0 0 0 0 0 0 0 0 0 0
0 0 0 0 0 0 0 0 0 0 0 0 0 0 0 0 0 0 0 0 0 0 0 0 0 0 0 0 0 0 0 0 0 0 0
0 0 0 0 0 0 0 0 0 0 0 0 0 0 0 0 0 0 0 0 0 0 0 0 0 0 0 0 0 0 0 0 0 0 0
0 0 0 0 0 0 0 0 0 0 0 0 0 0 0 0 0 0 0 0 0 0 0 0 0 0 0 0 0 0 0 0 0 0 0
0 0 0 0 0 0 0 0 0 0 0 0 0 0 0 0 0 0 0 0 0 0 0 0 0 0 0 0 0 0 0 0 0 0 0
0 0 0 0 0 0 0 0 0 0 0 0 0 0 0 0 0 0 0 0 0 0 0 0 0 0 0 0 0 0 0 0 0 0 0

I cap
1058.909090909091 1058.909090909091 1058.909090909091 1058.909090909091 841.6460000000002 987.35 897.8960000000003 1095.336 716.24 556.146 677.25 588.912 546.498 610.158 415.16999999999996 716.099090909091 663.6650909090911 586.9850909090911 727.817090909091 337.6850909090909 596.471090909091 587.831090909091 600.143090909091 665.1050909090909 524.021090909091 802.013090909091 805.433090909091 687.461090909091 740.6510909090911 446.1890909090911 771.6830909090911 825.845090909091 984.605090909091 1058.909090909091 672.0
107.96969696969697 107.96969696969697 107.96969696969697 107.96969696969697 2.553999999999995 40.04999999999999 33.603999999999985 82.60399999999998 78.49999999999999 65.374 105.75 73.388 65.00199999999998 74.04199999999999 71.02999999999999 88.07969696969697 69.41369696969696 62.39369696969696 66.46169696969696 64.19369696969696 76.30769696969696 48.047696969696965 33.93569696969696 31.973696969696967 28.157696969696964 50.76569696969697 62.645696969696964 21.317696969696957 21.227696969696964 6.08969696969697 46.895696969696964 80.03369696969696 104.87369696969697 107.96969696969697 84.0
38.96666666666666 38.96666666666666 38.96666666666666 27.559166666666663 19.492499999999996 11.092500000000001 4.0924999999999985 3.460000000000001 4.8600000000000065 5.180000000000007 11.299999999999997 9.900000000000002 11.899999999999999 23.799999999999997 12.0 19.46666666666666 19.46666666666666 26.366666666666664 26.366666666666664 13.166666666666664 13.166666666666664 13.16666666666666 20.066666666666663 20.066666666666663 13.166666666666664 19.466666666666665 25.766666666666662 32.666666666666664 21.259166666666665 8.059166666666666 14.359166666666663 14.359166666666663 38.96666666666666 38.96666666666666 23.8
45.24545454545453 45.24545454545453 45.24545454545453 39.89045454545453 19.482 30.98699999999999 29.285999999999998 33.150000000000006 28.338000000000005 25.548999999999992 27.206999999999997 14.915 17.060999999999996 18.988999999999997 12.535 29.11745454545453 30.485454545454527 27.470454545454526 29.432454545454522 24.43745454545452 32.03345454545452 29.38745454545452 23.276454545454534 23.68145454545452 23.006454545454517 29.810454545454522 32.00645454545452 29.207454545454535 28.65845454545453 32.86145454545452 44.039454545454525 44.34545454545453 44.67845454545453 45.24545454545453 42.0
20.999999999999993 20.999999999999993 20.999999999999993 20.68499999999999 8.049000000000001 16.770999999999997 11.620000000000006 13.614000000000003 10.562 6.043999999999997 11.604999999999999 10.174000000000001 12.255 13.104000000000005 5.369 9.416999999999993 11.639999999999995 9.227999999999996 8.804999999999994 6.1049999999999915 11.504999999999994 10.613999999999995 7.850999999999993 8.057999999999995 6.689999999999992 11.072999999999992 11.450999999999995 10.730999999999996 10.946999999999994 9.740999999999996 15.347999999999995 18.110999999999994 20.810999999999993 20.999999999999993 21.0
345.75757575757575 345.75757575757575 345.75757575757575 316.11051693404636 202.23647058823528 221.99999999999997 239.98299999999998 221.58399999999997 239.01999999999995 226.44699999999997 202.855 171.625 184.08 191.77499999999992 192.22 249.29557575757573 206.88757575757572 191.25457575757574 223.31257575757573 226.12957575757574 254.68657575757575 228.3525757575757 212.8455757575758 242.95057575757576 238.69357575757576 262.54357575757575 265.14457575757575 254.52457575757575 245.07457575757573 238.8566345811052 245.6331051693404 295.3665757575758 342.16657575757574 345.75757575757575 245.0
779.7575757575758 779.7575757575758 779.7575757575758 708.8825757575758 465.0539999999999 625.195 684.052 746.272 802.03 710.2269999999999 679.292 589.5919999999999 735.2350000000001 751.8670000000001 624.386 561.7055757575757 549.4475757575757 495.27657575757564 535.2095757575757 508.28157575757564 703.5185757575758 699.9995757575757 566.5295757575758 503.2055757575758 558.8615757575757 696.3365757575757 729.6815757575757 687.7685757575758 681.4775757575758 638.6285757575757 696.1835757575757 723.0215757575758 766.3385757575758 779.7575757575758 630.0
80.73333333333335 80.73333333333335 80.73333333333335 80.10333333333335 59.63099999999999 80.04000000000002 72.95700000000002 80.71700000000001 78.561 80.10400000000001 72.84900000000002 76.53700000000002 88.10500000000003 86.75700000000002 76.08900000000001 70.04133333333337 71.28333333333337 69.47433333333338 69.58233333333337 65.54133333333337 71.16633333333337 70.27533333333336 66.60333333333337 66.12633333333336 66.40533333333336 69.71733333333337 71.66133333333336 68.61033333333337 69.41133333333337 69.48333333333335 77.03733333333335 80.16633333333336 80.16633333333336 80.73333333333335 48.300000000000004
10.775757575757575 10.775757575757575 10.775757575757575 10.775757575757575 4.574999999999999 3.455 1.3509999999999998 2.0799999999999996 2.996000000000001 2.3859999999999997 2.2400000000000007 3.6599999999999997 2.3729999999999993 0.24200000000000088 2.5689999999999995 6.095757575757576 1.415757575757575 0.15575757575757532 3.1707575757575746 1.4067575757575745 4.700757575757576 4.916757575757575 2.7567575757575757 0.11075757575757472 0.11075757575757472 3.026757575757575 3.7557575757575754 4.691757575757576 2.2617575757575747 0.12875757575757474 1.2177575757575756 5.024757575757576 10.775757575757575 10.775757575757575 8.4
2.545454545454545 2.545454545454545 2.545454545454545 2.545454545454545 1.9089999999999998 0.7519999999999999 0.4509999999999995 0.858 1.0179999999999998 0.31799999999999995 1.4769999999999996 0.07699999999999985 0.2659999999999998 0.9659999999999999 0.777 1.222454545454545 0.6554545454545447 0.6554545454545447 1.2224545454545448 0.08845454545454468 0.30445454545454465 0.16945454545454464 0.27745454545454473 0.6824545454545449 1.222454545454545 0.007454545454544714 1.114454545454545 0.06145454545454465 0.30445454545454465 0.14245454545454472 0.4394545454545449 0.9794545454545447 1.9784545454545448 2.545454545454545 2.8000000000000003
8.515433299825174 8.515433299825174 8.515433299825174 7.87840970635875 4.722812298850572 5.353463448275859 4.776179396551722 6.531790517241379 7.861434482758622 6.439615965517242 7.015810017241381 7.665893120689658 7.539486758620692 6.512429844827583 5.793124758620688 6.144886224137929 5.4138653620689645 5.336027603448274 3.968923620689653 4.785515086206895 4.5047568495297785 5.769850689655172 5.531051913793102 4.829888637931033 5.28239306321839 4.225773793103446 4.380730862068964 7.323582603448278 7.391825534482761 6.53486895553539 8.140227413793106 8.815752586206898 7.811086206896552 8.024766408045977 11.00503022988506
700.0 700.0 700.0 699.1 684.7000000000003 687.4000000000002 681.1000000000003 687.4000000000002 683.8000000000002 680.2000000000003 686.5000000000002 691.9000000000002 687.4000000000002 682.0000000000001 682.0000000000003 686.5000000000001 683.8000000000002 684.7000000000003 689.2000000000003 687.4000000000003 684.7000000000003 685.6000000000003 682.0000000000003 682.9000000000002 680.2000000000003 681.1000000000001 690.1000000000001 684.7000000000002 689.2000000000002 677.5000000000003 685.6000000000001 691.9000000000002 699.1 700.0 693.7

H cap
-1.75 -12.25 36.75 12.25 22.75 5.25 8.75 5.25 8.75 43.75 26.25 19.25 29.75 1.75 12.25 -8.75 8.75 43.75 50.75 26.25 33.25 -5.25 -8.75 12.25 36.75 -8.75 1.75 131.25 131.25 131.25 131.25 131.25 131.25 131.25 131.25
24.0 6.0 9.5 6.5 4.5 0.5 4.5 7.5 8.5 16.0 13.5 5.0 5.5 8.0 9.0 3.0 3.0 7.5 10.0 9.0 7.0 0.0 4.5 15.5 16.5 4.0 21.0 52.5 52.5 52.5 52.5 52.5 52.5 52.5 52.5
42.0 38.5 49.0 49.0 49.0 42.0 45.5 49.0 42.0 42.0 49.0 49.0 45.5 42.0 45.5 49.0 42.0 35.0 38.5 42.0 49.0 52.5 52.5 45.5 45.5 38.5 42.0 63.0 63.0 63.0 63.0 63.0 63.0 63.0 63.0
4.75 -6.75 2.75 -4.75 4.75 -12.75 3.75 -0.75 -0.25 0.25 -0.75 1.25 5.25 0.25 1.25 2.75 -0.25 -3.75 3.75 -9.75 1.75 -0.75 -0.25 -0.25 7.25 -8.75 1.25 78.75 78.75 78.75 78.75 78.75 78.75 78.75 78.75

Gap
0.08299134294035451

Time
1800.0177471637726

