T P M C
35 37 4 12

base obj
10.116666666666667

exp obj
18.46625

Objective struct
10.116666666666667 9.434999999999993 34.08

num campaigns
268

x
0 0 0 0 0 0 0 0 0 1 0 0 1 0 0 2 0 0 0 0 0 0 1 0 1 1 0 0 0 0 0 0 0 0 0
0 0 0 0 2 0 0 0 1 0 0 0 0 0 0 0 0 0 0 0 1 1 0 0 0 0 0 0 0 0 0 0 0 0 0
0 0 0 0 0 0 0 0 1 0 0 0 0 3 0 0 0 0 0 0 0 0 0 0 0 0 0 0 0 3 0 0 0 0 0
0 0 0 0 0 0 1 0 0 0 3 0 0 0 0 0 0 2 0 0 0 0 0 0 0 0 0 0 0 0 0 0 0 0 0
0 0 0 0 1 0 1 0 1 0 2 0 0 1 0 0 0 3 0 0 0 0 0 0 0 0 0 0 0 0 0 0 0 0 0
0 0 0 0 0 0 0 0 0 0 0 0 0 0 0 0 0 0 0 0 0 0 0 0 0 0 0 0 0 0 0 0 0 0 0
0 0 0 0 0 0 0 0 0 0 0 0 0 0 0 0 0 0 0 0 0 0 0 0 0 0 0 6 0 0 0 0 0 0 0
0 0 0 0 0 0 0 0 0 0 0 0 0 0 0 0 0 0 0 1 0 0 0 0 0 1 0 0 0 0 0 0 0 0 0
0 0 0 0 0 0 0 0 0 0 0 0 0 0 0 0 0 0 0 0 0 0 0 0 0 0 0 0 0 1 0 0 0 0 0
0 0 0 0 0 0 0 0 0 0 0 0 0 0 0 0 0 0 0 0 0 0 0 0 0 0 0 0 0 0 0 0 0 0 0
0 0 0 0 1 0 0 0 0 0 0 0 0 2 0 0 0 0 0 0 0 0 0 0 0 0 0 0 0 0 0 0 0 0 0
0 0 0 0 0 0 0 0 1 0 0 0 0 0 0 0 0 0 0 0 0 0 0 0 0 0 0 0 0 1 0 0 0 0 0
0 0 0 0 0 0 0 0 0 0 0 0 0 0 0 0 0 1 0 0 0 0 0 0 0 0 1 0 0 0 0 0 0 0 0
0 0 0 0 0 0 0 0 0 0 0 0 0 0 0 0 0 0 0 0 0 1 0 0 0 0 0 0 0 0 0 0 0 0 0
0 0 0 0 0 0 0 0 0 0 0 0 0 0 0 0 0 0 0 0 0 0 0 0 0 0 0 0 0 0 0 0 0 0 0
0 0 0 0 1 0 0 0 0 0 0 0 0 0 0 0 0 0 0 0 0 0 0 0 0 0 0 0 0 0 0 0 0 0 0
0 0 0 0 0 0 0 0 0 0 0 0 0 0 0 0 1 0 0 0 0 0 0 0 0 1 0 1 0 0 0 0 0 0 0
0 0 0 0 0 0 2 0 0 0 0 0 0 0 0 0 0 0 0 0 0 0 0 0 0 0 0 0 0 0 0 0 0 0 0
0 0 0 0 0 0 0 0 0 1 1 2 0 0 0 0 0 5 1 0 0 3 0 0 0 0 0 0 0 0 0 0 0 0 0
0 0 0 0 0 1 0 0 0 0 0 0 0 0 0 0 0 0 0 0 0 0 0 0 0 0 0 0 0 0 0 0 0 0 0
0 0 0 0 0 0 1 0 0 0 0 0 0 1 1 0 0 0 0 0 1 0 0 1 0 0 0 1 0 0 0 0 0 0 0
0 0 0 0 0 0 0 0 0 0 0 0 0 0 0 0 0 0 0 0 0 0 0 0 0 0 0 0 0 0 0 0 0 0 0
0 0 0 0 0 0 0 0 0 0 0 0 0 0 0 0 0 0 0 1 0 0 0 0 0 0 0 1 0 0 0 0 0 0 0
0 0 0 0 0 0 1 1 0 0 0 1 0 0 0 0 0 0 0 0 0 0 0 1 0 0 0 0 0 0 0 0 0 0 0
0 0 0 0 0 0 0 0 0 0 0 0 0 0 0 0 0 0 0 0 0 0 0 0 0 0 0 0 0 0 0 0 0 0 0
0 0 0 0 2 0 0 0 0 0 0 0 0 0 1 0 0 0 1 0 0 0 0 0 0 0 0 0 0 0 0 0 0 0 0
0 0 0 0 0 0 0 0 0 0 0 0 0 0 1 0 0 0 1 0 0 0 0 1 0 0 0 0 0 2 0 0 0 0 0
0 0 0 0 0 0 0 0 0 0 0 1 0 0 0 0 0 0 0 0 0 0 0 0 0 0 0 0 0 0 0 0 0 0 0
0 0 0 0 0 0 0 0 0 0 0 0 0 0 0 0 0 0 0 0 0 0 0 0 0 0 0 0 0 0 0 0 0 0 0
0 0 0 0 3 0 0 0 0 0 2 0 6 0 3 0 0 4 0 1 0 3 0 0 0 1 0 0 1 2 0 0 0 0 0
0 0 0 0 1 0 0 0 1 0 0 4 0 0 3 0 4 0 2 0 4 3 0 0 0 1 0 0 0 3 0 0 0 0 0
0 0 0 0 0 0 8 0 0 0 7 0 2 0 0 0 0 0 0 0 0 0 0 0 0 5 0 1 3 0 0 0 0 0 0
0 0 0 0 9 0 0 0 8 0 0 1 0 0 1 1 4 0 6 0 6 0 3 0 0 0 2 7 0 3 0 0 0 0 0
0 0 0 0 0 0 7 0 2 0 0 0 0 0 2 0 0 0 0 3 0 0 0 11 1 0 0 0 0 0 0 0 0 0 0
0 0 0 0 0 1 0 2 1 2 1 2 1 2 1 1 0 0 0 1 0 3 0 2 0 0 0 0 0 0 0 0 0 0 0
0 0 0 0 0 0 0 0 0 0 0 0 0 0 0 0 0 0 0 0 0 0 0 0 0 0 0 0 0 0 0 0 0 0 0
0 0 0 0 0 0 0 0 0 0 0 0 0 0 0 0 0 0 0 0 0 0 0 0 0 0 0 0 0 0 0 0 0 0 0

y
0.0 0.0 0.0 0.0 0.0 0.0 0.0 0.0 0.0 0.0 0.0 0.0 4.0 0.0 0.0 0.0 0.0 0.0 0.0 0.0 0.0 0.0 0.0 0.0 0.0 0.0 0.0 0.0 0.0 0.0 0.0 0.0 0.0 0.0 0.0 0.0 0.0

k
0 1 0 0 0 6 0 0 0 15 0 0 4 5 4 0 0 0 0 0 0 3 0 1 3 0 0 0 11 0 0 0 1 0 6 26 3

f
0.0 5.25 0.0 0.0 0.0 0.0 0.0 0.0 0.0 0.0 0.0 1.75 0.0 0.0 1.75 0.0 1.75 0.0 0.0 0.0 0.0 36.75 0.0 0.0 0.0 0.0 0.0 0.0 0.0 0.0 0.0 0.0 0.0 0.0 0.0
0.0 2.5 0.0 3.0 0.0 4.0 0.0 10.0 0.5 0.0 0.0 0.0 0.0 4.5 2.5 0.0 0.5 15.5 0.0 3.5 0.0 0.0 0.0 0.0 0.5 2.0 0.0 0.0 0.0 0.0 0.0 0.0 0.0 0.0 0.0
0.0 0.0 0.0 0.0 0.0 0.0 0.0 0.0 0.0 0.0 0.0 0.0 0.0 0.0 0.0 0.0 0.0 0.0 0.0 0.0 0.0 0.0 0.0 0.0 0.0 0.0 0.0 0.0 0.0 0.0 0.0 0.0 0.0 0.0 0.0
0.0 6.25 0.0 13.25 0.0 0.75 0.0 0.25 0.0 3.75 0.0 0.25 0.0 0.25 0.0 0.0 0.25 0.25 0.0 2.75 0.0 8.25 0.0 8.25 0.0 5.25 0.0 0.0 0.0 0.0 0.0 0.0 0.0 0.0 0.0

L
0 0 0 0 0 0 0 6 0 0 0 21 9 0 0 0 2 0 0 0 1 0 8 1 0 0 0 0 0 0 0 0 0 0 0 0 0

g
0 0 0 0 0 0 0 0 0 0 0 0 0 0 0 1 0 0 0 0 0 0 0 0 0 0 0 0 0 0 0 0 0 0 0
0 0 0 0 1 0 0 0 0 0 0 0 0 0 0 0 0 0 0 0 0 0 0 0 0 0 0 0 0 0 0 0 0 0 0
0 0 0 0 0 0 0 0 0 0 0 0 0 2 0 0 0 0 0 0 0 0 0 0 0 0 0 0 0 2 0 0 0 0 0
0 0 0 0 0 0 0 0 0 0 2 0 0 0 0 0 0 1 0 0 0 0 0 0 0 0 0 0 0 0 0 0 0 0 0
0 0 0 0 0 0 0 0 0 0 1 0 0 0 0 0 0 2 0 0 0 0 0 0 0 0 0 0 0 0 0 0 0 0 0
0 0 0 0 0 0 0 0 0 0 0 0 0 0 0 0 0 0 0 0 0 0 0 0 0 0 0 0 0 0 0 0 0 0 0
0 0 0 0 0 0 0 0 0 0 0 0 0 0 0 0 0 0 0 0 0 0 0 0 0 0 0 5 0 0 0 0 0 0 0
0 0 0 0 0 0 0 0 0 0 0 0 0 0 0 0 0 0 0 0 0 0 0 0 0 0 0 0 0 0 0 0 0 0 0
0 0 0 0 0 0 0 0 0 0 0 0 0 0 0 0 0 0 0 0 0 0 0 0 0 0 0 0 0 0 0 0 0 0 0
0 0 0 0 0 0 0 0 0 0 0 0 0 0 0 0 0 0 0 0 0 0 0 0 0 0 0 0 0 0 0 0 0 0 0
0 0 0 0 0 0 0 0 0 0 0 0 0 1 0 0 0 0 0 0 0 0 0 0 0 0 0 0 0 0 0 0 0 0 0
0 0 0 0 0 0 0 0 0 0 0 0 0 0 0 0 0 0 0 0 0 0 0 0 0 0 0 0 0 0 0 0 0 0 0
0 0 0 0 0 0 0 0 0 0 0 0 0 0 0 0 0 0 0 0 0 0 0 0 0 0 0 0 0 0 0 0 0 0 0
0 0 0 0 0 0 0 0 0 0 0 0 0 0 0 0 0 0 0 0 0 0 0 0 0 0 0 0 0 0 0 0 0 0 0
0 0 0 0 0 0 0 0 0 0 0 0 0 0 0 0 0 0 0 0 0 0 0 0 0 0 0 0 0 0 0 0 0 0 0
0 0 0 0 0 0 0 0 0 0 0 0 0 0 0 0 0 0 0 0 0 0 0 0 0 0 0 0 0 0 0 0 0 0 0
0 0 0 0 0 0 0 0 0 0 0 0 0 0 0 0 0 0 0 0 0 0 0 0 0 0 0 0 0 0 0 0 0 0 0
0 0 0 0 0 0 1 0 0 0 0 0 0 0 0 0 0 0 0 0 0 0 0 0 0 0 0 0 0 0 0 0 0 0 0
0 0 0 0 0 0 0 0 0 0 0 1 0 0 0 0 0 4 0 0 0 2 0 0 0 0 0 0 0 0 0 0 0 0 0
0 0 0 0 0 0 0 0 0 0 0 0 0 0 0 0 0 0 0 0 0 0 0 0 0 0 0 0 0 0 0 0 0 0 0
0 0 0 0 0 0 0 0 0 0 0 0 0 0 0 0 0 0 0 0 0 0 0 0 0 0 0 0 0 0 0 0 0 0 0
0 0 0 0 0 0 0 0 0 0 0 0 0 0 0 0 0 0 0 0 0 0 0 0 0 0 0 0 0 0 0 0 0 0 0
0 0 0 0 0 0 0 0 0 0 0 0 0 0 0 0 0 0 0 0 0 0 0 0 0 0 0 0 0 0 0 0 0 0 0
0 0 0 0 0 0 0 0 0 0 0 0 0 0 0 0 0 0 0 0 0 0 0 0 0 0 0 0 0 0 0 0 0 0 0
0 0 0 0 0 0 0 0 0 0 0 0 0 0 0 0 0 0 0 0 0 0 0 0 0 0 0 0 0 0 0 0 0 0 0
0 0 0 0 1 0 0 0 0 0 0 0 0 0 0 0 0 0 0 0 0 0 0 0 0 0 0 0 0 0 0 0 0 0 0
0 0 0 0 0 0 0 0 0 0 0 0 0 0 0 0 0 0 0 0 0 0 0 0 0 0 0 0 0 1 0 0 0 0 0
0 0 0 0 0 0 0 0 0 0 0 0 0 0 0 0 0 0 0 0 0 0 0 0 0 0 0 0 0 0 0 0 0 0 0
0 0 0 0 0 0 0 0 0 0 0 0 0 0 0 0 0 0 0 0 0 0 0 0 0 0 0 0 0 0 0 0 0 0 0
0 0 0 0 2 0 0 0 0 0 1 0 5 0 2 0 0 3 0 0 0 2 0 0 0 0 0 0 0 1 0 0 0 0 0
0 0 0 0 0 0 0 0 0 0 0 3 0 0 2 0 3 0 1 0 3 2 0 0 0 0 0 0 0 2 0 0 0 0 0
0 0 0 0 0 0 7 0 0 0 6 0 1 0 0 0 0 0 0 0 0 0 0 0 0 4 0 0 2 0 0 0 0 0 0
0 0 0 0 7 0 0 0 6 0 0 0 0 0 0 0 2 0 4 0 4 0 1 0 0 0 0 5 0 1 0 0 0 0 0
0 0 0 0 0 0 6 0 1 0 0 0 0 0 1 0 0 0 0 2 0 0 0 10 0 0 0 0 0 0 0 0 0 0 0
0 0 0 0 0 0 0 1 0 1 0 1 0 1 0 0 0 0 0 0 0 2 0 1 0 0 0 0 0 0 0 0 0 0 0
0 0 0 0 0 0 0 0 0 0 0 0 0 0 0 0 0 0 0 0 0 0 0 0 0 0 0 0 0 0 0 0 0 0 0
0 0 0 0 0 0 0 0 0 0 0 0 0 0 0 0 0 0 0 0 0 0 0 0 0 0 0 0 0 0 0 0 0 0 0

I cap
1058.909090909091 1058.909090909091 1058.909090909091 916.259090909091 717.6800000000002 841.478 770.2579999999999 1210.896 697.646 869.454 200.79 746.1419999999999 742.9499999999999 549.0660000000003 384.58799999999997 330.6830909090911 705.767090909091 394.24109090909104 459.6710909090909 630.1490909090909 653.8550909090911 814.5050909090911 789.8090909090911 655.2050909090912 724.9550909090912 689.9630909090911 807.4490909090911 368.537090909091 881.2850909090911 632.939090909091 712.4990909090909 724.3790909090909 1047.0290909090909 1058.909090909091 672.0
107.96969696969697 107.96969696969697 107.96969696969697 107.15969696969697 92.86 88.542 80.24199999999998 115.904 66.854 98.746 40.41 109.65799999999999 101.64999999999999 15.433999999999994 22.412 13.59569696969697 92.11169696969696 16.637696969696954 31.307696969696956 36.329696969696975 63.92369696969695 71.57369696969695 69.26969696969697 59.87369696969696 62.12369696969696 50.315696969696965 48.02969696969697 4.541696969696954 43.49369696969697 8.339696969696973 45.77969696969698 48.299696969696974 100.04969696969697 107.96969696969697 84.0
38.96666666666666 38.96666666666666 38.96666666666666 16.52666666666666 21.659999999999993 4.664999999999997 5.285 2.485000000000001 3.8850000000000087 32.900000000000006 18.199999999999996 4.2 5.599999999999999 10.599999999999998 5.100000000000001 12.566666666666663 25.766666666666662 7.466666666666662 1.1666666666666625 1.1666666666666625 19.466666666666665 6.866666666666661 6.866666666666661 6.866666666666664 25.766666666666662 25.766666666666662 38.96666666666666 25.766666666666662 25.766666666666662 25.766666666666662 38.96666666666666 38.96666666666666 38.96666666666666 38.96666666666666 23.8
45.24545454545453 45.24545454545453 45.24545454545453 27.668454545454527 18.734999999999996 43.488 40.788 44.877 36.483 28.167999999999996 19.565999999999992 3.8359999999999985 2.247 7.9999999999999964 2.0139999999999993 31.96145454545453 20.15345454545452 15.635454545454525 35.90345454545452 34.94045454545453 23.924454545454523 26.53445454545452 42.11345454545453 40.64645454545453 34.51745454545453 33.950454545454534 42.26645454545453 36.98345454545452 25.19345454545452 18.82145454545453 26.741454545454523 29.288454545454528 45.24545454545453 45.24545454545453 42.0
20.999999999999993 20.999999999999993 20.999999999999993 20.05499999999999 11.055000000000003 21.099999999999998 16.840000000000003 22.911 14.404999999999998 13.261999999999999 10.705000000000002 10.732000000000003 9.969000000000007 5.589000000000001 1.6159999999999988 4.970999999999994 0.335999999999994 3.6749999999999936 3.539999999999995 14.555999999999996 3.0989999999999953 0.3989999999999965 1.1459999999999935 11.702999999999994 19.487999999999992 16.562999999999995 17.291999999999994 17.039999999999992 19.082999999999988 4.007999999999994 3.1439999999999895 5.015999999999993 20.999999999999993 20.999999999999993 21.0
345.75757575757575 345.75757575757575 345.75757575757575 296.9055757575758 206.35000000000002 17.871529411764694 121.19623529411757 121.57123529411757 307.951 98.76558823529412 117.33170588235289 86.28858823529404 285.2680588235294 261.7780588235294 276.82900000000006 293.7915757575758 294.01657575757577 256.63057575757574 278.23057575757576 308.7765757575758 313.0155757575758 335.74057575757575 332.17657575757573 321.73657575757574 166.65228163992867 184.54322281639924 131.78416399286976 154.2979286987522 187.39569340463453 208.28416399286985 283.0095757575759 288.05857575757585 345.75757575757575 345.75757575757575 245.0
779.7575757575758 779.7575757575758 779.7575757575758 54.22257575757567 103.42499999999995 732.025 807.055 238.23099999999997 389.21799999999996 804.925 551.6719999999998 793.037 857.689 634.1019999999999 519.7970000000001 224.01657575757554 479.6255757575757 170.65557575757575 342.09657575757575 257.54157575757574 346.4345757575758 510.0545757575758 546.2705757575757 693.9335757575758 691.0985757575758 525.2735757575757 68.21757575757579 286.0535757575758 459.4475757575758 364.41657575757574 509.97357575757576 548.2325757575757 779.7575757575758 779.7575757575758 630.0
80.73333333333335 80.73333333333335 80.73333333333335 78.84333333333336 67.41000000000001 90.30000000000001 58.86 68.45300000000002 76.431 80.992 72.804 86.08600000000004 94.29700000000004 89.49300000000002 73.18500000000003 67.34733333333337 76.70133333333337 73.08333333333337 78.21333333333337 69.05133333333336 68.70033333333338 77.52033333333337 78.72633333333336 41.127333333333354 41.75733333333338 74.11233333333337 78.65433333333335 78.21333333333337 75.43233333333337 67.91733333333336 69.96933333333334 71.63433333333336 80.73333333333335 80.73333333333335 48.300000000000004
10.775757575757575 10.775757575757575 10.775757575757575 3.4677575757575747 0.7500000000000009 1.2770000000000006 2.8270000000000004 2.2059999999999986 1.2050000000000014 0.36099999999999977 1.4210000000000016 2.2199999999999993 2.5800000000000005 1.52 1.1199999999999997 1.0557575757575748 0.12875757575757474 0.27275757575757553 1.9197575757575758 1.2267575757575748 1.1817575757575745 0.05675757575757334 1.4427575757575761 1.4517575757575745 0.47075757575757504 1.433757575757575 0.2727575757575753 0.2727575757575753 0.36275757575757517 0.7047575757575757 2.135757575757575 2.135757575757575 10.775757575757575 10.775757575757575 8.4
2.545454545454545 2.545454545454545 2.545454545454545 0.27745454545454473 1.45 0.4819999999999998 1.8819999999999997 0.3989999999999999 0.6669999999999999 0.237 0.36999999999999955 0.2659999999999998 0.07699999999999985 0.20999999999999996 0.3989999999999998 0.4664545454545448 1.033454545454545 0.4124545454545445 0.06145454545454454 0.41245454545454474 0.16945454545454475 0.8444545454545448 0.30445454545454476 0.19645454545454477 0.6554545454545447 0.4664545454545448 0.22345454545454468 0.06145454545454454 0.16945454545454464 0.3584545454545449 1.141454545454545 1.2494545454545447 2.545454545454545 2.545454545454545 2.8000000000000003
8.515433299825174 8.515433299825174 8.515433299825174 4.742293553908655 2.309745148215363 6.414842603448274 4.48962767241379 4.71110086206896 6.460227586206897 6.721948244101635 5.347271152450093 4.438579146098003 5.986973302177864 3.7737728575317564 4.363333470054446 4.757644844827585 5.033529608892921 2.375501442831216 3.476210216878399 4.178055765880215 3.8350652243029173 5.182645607985482 5.675362413793104 6.80213001724138 6.124162573200243 4.759348955535388 1.9393515517241338 5.7969039927404715 6.7444572686025435 5.567409635208709 8.398847793103451 8.970924689655174 7.500741379310345 8.024766408045977 11.625719885057473
700.0 700.0 700.0 696.4000000000001 687.4000000000003 686.5000000000002 681.1000000000004 689.2 686.5000000000001 688.3000000000002 686.5000000000003 682.0000000000003 690.1000000000001 682.0000000000003 682.0000000000005 689.2000000000003 690.1000000000001 681.1000000000004 682.0000000000005 680.2000000000004 686.5000000000002 683.8000000000002 687.4000000000001 684.7000000000002 690.1000000000001 687.4000000000001 687.4000000000001 679.3000000000003 691.0 682.9000000000003 688.3000000000003 693.7 698.2 700.0 699.1

H cap
5.25 -5.25 8.75 8.75 54.25 1.75 5.25 1.75 12.25 5.25 29.75 -1.75 15.75 15.75 -1.75 15.75 -1.75 19.25 12.25 40.25 40.25 -36.75 15.75 12.25 12.25 19.25 19.25 131.25 131.25 131.25 131.25 131.25 131.25 131.25 131.25
0.5 -2.5 0.0 -3.0 1.0 -4.0 0.0 -10.0 -0.5 1.0 0.0 3.5 7.5 -4.5 -2.5 5.5 -0.5 -15.5 3.5 -3.5 2.5 8.5 5.5 0.5 -0.5 -2.0 10.0 52.5 52.5 52.5 52.5 52.5 52.5 52.5 52.5
38.5 35.0 42.0 42.0 49.0 45.5 35.0 31.5 49.0 38.5 35.0 49.0 52.5 21.0 14.0 45.5 52.5 45.5 45.5 52.5 52.5 49.0 49.0 52.5 56.0 42.0 42.0 63.0 63.0 63.0 63.0 63.0 63.0 63.0 63.0
2.75 -6.25 4.25 -13.25 0.75 -0.75 13.25 -0.25 1.25 -3.75 1.25 -0.25 0.25 -0.25 2.75 0.25 -0.25 -0.25 0.75 -2.75 0.25 -8.25 0.25 -8.25 1.25 -5.25 0.75 78.75 78.75 78.75 78.75 78.75 78.75 78.75 78.75

Gap
0.03275059796516324

Time
1800.0063071250916

