T P M C
35 37 4 12

base obj
11.697802197802199

exp obj
11.44335164835165

Objective struct
11.697802197802199 0.0 10.68

num campaigns
219

x
0 0 0 0 0 0 1 0 1 0 0 0 0 0 1 0 0 0 0 0 0 0 0 1 0 1 0 1 0 1 0 0 0 0 0
0 0 0 0 0 0 0 0 0 0 0 1 0 0 0 0 0 0 0 0 0 0 0 1 0 0 0 0 0 0 0 0 0 0 0
0 0 0 0 0 0 0 0 0 0 0 0 1 0 0 0 1 0 0 0 0 1 0 0 0 1 0 0 0 0 0 0 0 0 0
0 0 0 0 1 0 0 0 0 0 1 0 0 0 0 0 0 1 0 0 0 0 1 0 0 0 0 0 0 1 0 0 0 0 0
0 0 0 0 0 1 0 0 0 1 0 1 0 1 0 0 0 1 0 1 0 1 0 1 0 0 0 0 0 1 0 0 0 0 0
0 0 0 0 0 0 0 0 0 0 0 0 0 0 0 1 0 0 0 0 0 1 0 0 0 0 0 0 0 0 0 0 0 0 0
0 0 0 0 1 0 0 0 0 1 0 0 0 0 1 0 0 0 0 1 0 0 0 0 1 0 0 0 0 1 0 0 0 0 0
0 0 0 0 0 0 1 0 0 0 0 0 0 0 0 0 0 0 1 0 0 0 0 0 0 0 0 0 0 0 0 0 0 0 0
0 0 0 0 0 0 0 0 0 0 0 0 0 0 0 0 1 0 0 0 0 0 0 0 0 0 0 0 0 0 0 0 0 0 0
0 0 0 0 0 0 0 0 0 0 0 0 0 0 0 1 0 0 0 0 0 1 0 0 0 0 0 0 0 0 0 0 0 0 0
0 0 0 0 0 1 0 0 0 0 0 0 0 0 0 0 0 1 0 0 0 0 0 0 0 0 0 0 0 1 0 0 0 0 0
0 0 0 0 1 0 0 0 0 0 0 0 0 0 0 0 0 0 0 0 0 0 0 0 0 0 0 0 0 1 0 0 0 0 0
0 0 0 0 0 0 0 0 0 0 0 0 0 0 0 0 0 0 0 0 0 0 0 0 0 0 0 0 0 0 0 0 0 0 0
0 0 0 0 1 0 0 0 0 0 0 0 0 0 0 0 0 0 0 0 0 0 0 1 0 0 0 0 0 0 0 0 0 0 0
0 0 0 0 0 0 0 0 0 0 0 0 1 0 0 0 0 0 0 0 0 0 0 0 0 1 0 0 0 0 0 0 0 0 0
0 0 0 0 1 0 0 0 0 0 0 0 0 0 0 0 0 0 0 0 0 0 0 0 0 0 0 0 0 0 0 0 0 0 0
0 0 0 0 0 0 0 0 0 0 0 0 0 0 0 0 1 0 0 0 0 0 0 0 0 0 0 0 0 1 0 0 0 0 0
0 0 0 0 1 0 0 0 0 0 0 0 0 0 0 0 0 0 0 0 0 0 0 0 0 0 0 1 0 0 0 0 0 0 0
0 0 0 0 1 0 0 0 1 0 1 1 1 1 0 0 0 1 1 1 1 1 1 1 0 0 0 0 0 0 0 0 0 0 0
0 0 0 0 0 0 0 0 0 0 0 0 0 0 0 0 0 0 1 0 0 0 0 0 0 0 0 0 0 0 0 0 0 0 0
0 0 0 0 1 0 0 0 0 1 0 0 0 0 1 0 0 0 0 1 0 0 0 0 1 0 0 0 0 1 0 0 0 0 0
0 0 0 0 0 0 0 0 0 0 0 0 0 0 0 0 0 0 0 0 0 0 0 0 0 0 0 0 0 0 0 0 0 0 0
0 0 0 0 0 0 0 0 1 0 0 0 0 0 0 0 0 0 0 0 0 0 0 0 0 0 0 1 0 0 0 0 0 0 0
0 0 0 0 0 0 1 0 0 0 0 0 0 0 0 0 0 1 0 0 0 0 0 0 0 0 0 0 0 0 0 0 0 0 0
0 0 0 0 0 0 0 0 0 0 1 0 0 0 0 0 0 0 0 1 0 0 0 0 0 0 0 0 0 0 0 0 0 0 0
0 0 0 0 1 0 0 0 0 0 0 0 0 1 0 0 0 0 0 0 0 1 0 0 0 0 0 0 0 1 0 0 0 0 0
0 0 0 0 0 0 0 1 0 0 0 0 0 0 1 0 0 0 0 0 1 0 0 0 0 0 0 1 0 0 0 0 0 0 0
0 0 0 0 0 0 0 0 0 0 1 0 0 0 0 0 0 0 0 0 0 0 0 0 0 0 0 0 0 0 0 0 0 0 0
0 0 0 0 0 0 0 0 0 0 0 0 0 0 0 0 0 0 0 0 0 0 0 0 0 0 0 0 0 0 0 0 0 0 0
0 0 0 0 1 1 1 1 1 1 1 1 1 1 1 1 1 1 1 1 1 1 1 1 1 1 1 1 1 1 0 0 0 0 0
0 0 0 0 1 1 1 1 1 1 1 1 1 1 1 1 1 1 1 1 1 1 1 1 1 1 1 1 1 1 0 0 0 0 0
0 0 0 0 1 1 1 1 1 1 1 1 1 1 1 1 1 1 1 1 1 1 1 1 1 1 1 1 1 1 0 0 0 0 0
0 0 0 0 0 1 1 0 0 1 1 1 1 1 1 0 0 1 1 1 1 0 0 1 0 0 0 0 0 1 0 0 0 0 0
0 0 0 0 1 1 1 1 1 1 1 1 1 1 1 1 1 1 1 1 1 1 1 1 1 1 1 1 1 1 0 0 0 0 0
0 0 0 0 0 1 0 1 0 1 0 0 1 1 0 0 0 0 0 1 1 1 0 1 1 0 0 0 0 0 0 0 0 0 0
0 0 0 0 0 0 0 0 0 0 0 0 0 0 0 0 0 0 1 0 1 0 0 0 0 0 0 0 0 0 0 0 0 0 0
0 0 0 0 0 0 0 0 0 0 0 0 0 0 0 0 0 0 0 0 0 0 0 0 0 0 0 0 0 0 0 0 0 0 0

y
0.0 7.0 0.0 0.0 0.0 1.0 0.0 0.0 0.0 4.214285714285714 0.0 0.0 0.0 14.0 4.666666666666666 0.0 0.5 0.0 0.0 0.0 0.0 0.0 0.0 4.75 0.0 0.0 0.0 0.0 0.0 0.0 0.0 0.0 0.5098039215686274 0.0 0.0 1.0 0.0

k
0 4 3 1 0 4 0 0 0 13 0 0 6 4 2 0 1 0 0 0 0 3 0 3 1 0 1 0 11 0 0 0 38 0 16 24 3

f
0.0 12.25 5.25 1.75 0.0 0.0 0.0 0.0 0.0 0.0 0.0 5.25 0.0 0.0 0.0 0.0 0.0 0.0 0.0 0.0 0.0 5.25 0.0 8.75 8.75 0.0 0.0 0.0 0.0 0.0 0.0 0.0 0.0 0.0 0.0
0.0 0.0 0.0 0.0 0.0 0.0 0.0 0.0 0.0 0.0 0.0 0.0 0.0 0.0 0.0 0.0 0.0 0.0 0.0 0.0 0.0 0.0 0.0 0.0 0.0 0.0 0.0 0.0 0.0 0.0 0.0 0.0 0.0 0.0 0.0
0.0 0.0 0.0 0.0 0.0 0.0 0.0 0.0 0.0 0.0 0.0 0.0 0.0 0.0 0.0 0.0 0.0 0.0 0.0 0.0 0.0 0.0 0.0 0.0 0.0 0.0 0.0 0.0 0.0 0.0 0.0 0.0 0.0 0.0 0.0
0.25 14.25 0.25 2.25 0.25 0.0 0.0 0.25 0.25 0.0 0.0 0.75 0.0 6.25 0.0 8.75 0.0 1.75 0.0 1.25 0.0 6.25 0.75 0.75 0.75 4.25 0.0 0.0 0.0 0.0 0.0 0.0 0.0 0.0 0.0

L
2 12 4 5 2 6 5 12 0 6 12 25 0 19 13 0 13 23 1 0 5 0 19 11 9 8 6 0 0 1 1 1 1 1 1 2 0

g
0 0 0 0 0 0 0 0 0 0 0 0 0 0 0 0 0 0 0 0 0 0 0 0 0 0 0 0 0 0 0 0 0 0 0
0 0 0 0 0 0 0 0 0 0 0 0 0 0 0 0 0 0 0 0 0 0 0 0 0 0 0 0 0 0 0 0 0 0 0
0 0 0 0 0 0 0 0 0 0 0 0 0 0 0 0 0 0 0 0 0 0 0 0 0 0 0 0 0 0 0 0 0 0 0
0 0 0 0 0 0 0 0 0 0 0 0 0 0 0 0 0 0 0 0 0 0 0 0 0 0 0 0 0 0 0 0 0 0 0
0 0 0 0 0 0 0 0 0 0 0 0 0 0 0 0 0 0 0 0 0 0 0 0 0 0 0 0 0 0 0 0 0 0 0
0 0 0 0 0 0 0 0 0 0 0 0 0 0 0 0 0 0 0 0 0 0 0 0 0 0 0 0 0 0 0 0 0 0 0
0 0 0 0 0 0 0 0 0 0 0 0 0 0 0 0 0 0 0 0 0 0 0 0 0 0 0 0 0 0 0 0 0 0 0
0 0 0 0 0 0 0 0 0 0 0 0 0 0 0 0 0 0 0 0 0 0 0 0 0 0 0 0 0 0 0 0 0 0 0
0 0 0 0 0 0 0 0 0 0 0 0 0 0 0 0 0 0 0 0 0 0 0 0 0 0 0 0 0 0 0 0 0 0 0
0 0 0 0 0 0 0 0 0 0 0 0 0 0 0 0 0 0 0 0 0 0 0 0 0 0 0 0 0 0 0 0 0 0 0
0 0 0 0 0 0 0 0 0 0 0 0 0 0 0 0 0 0 0 0 0 0 0 0 0 0 0 0 0 0 0 0 0 0 0
0 0 0 0 0 0 0 0 0 0 0 0 0 0 0 0 0 0 0 0 0 0 0 0 0 0 0 0 0 0 0 0 0 0 0
0 0 0 0 0 0 0 0 0 0 0 0 0 0 0 0 0 0 0 0 0 0 0 0 0 0 0 0 0 0 0 0 0 0 0
0 0 0 0 0 0 0 0 0 0 0 0 0 0 0 0 0 0 0 0 0 0 0 0 0 0 0 0 0 0 0 0 0 0 0
0 0 0 0 0 0 0 0 0 0 0 0 0 0 0 0 0 0 0 0 0 0 0 0 0 0 0 0 0 0 0 0 0 0 0
0 0 0 0 0 0 0 0 0 0 0 0 0 0 0 0 0 0 0 0 0 0 0 0 0 0 0 0 0 0 0 0 0 0 0
0 0 0 0 0 0 0 0 0 0 0 0 0 0 0 0 0 0 0 0 0 0 0 0 0 0 0 0 0 0 0 0 0 0 0
0 0 0 0 0 0 0 0 0 0 0 0 0 0 0 0 0 0 0 0 0 0 0 0 0 0 0 0 0 0 0 0 0 0 0
0 0 0 0 0 0 0 0 0 0 0 0 0 0 0 0 0 0 0 0 0 0 0 0 0 0 0 0 0 0 0 0 0 0 0
0 0 0 0 0 0 0 0 0 0 0 0 0 0 0 0 0 0 0 0 0 0 0 0 0 0 0 0 0 0 0 0 0 0 0
0 0 0 0 0 0 0 0 0 0 0 0 0 0 0 0 0 0 0 0 0 0 0 0 0 0 0 0 0 0 0 0 0 0 0
0 0 0 0 0 0 0 0 0 0 0 0 0 0 0 0 0 0 0 0 0 0 0 0 0 0 0 0 0 0 0 0 0 0 0
0 0 0 0 0 0 0 0 0 0 0 0 0 0 0 0 0 0 0 0 0 0 0 0 0 0 0 0 0 0 0 0 0 0 0
0 0 0 0 0 0 0 0 0 0 0 0 0 0 0 0 0 0 0 0 0 0 0 0 0 0 0 0 0 0 0 0 0 0 0
0 0 0 0 0 0 0 0 0 0 0 0 0 0 0 0 0 0 0 0 0 0 0 0 0 0 0 0 0 0 0 0 0 0 0
0 0 0 0 0 0 0 0 0 0 0 0 0 0 0 0 0 0 0 0 0 0 0 0 0 0 0 0 0 0 0 0 0 0 0
0 0 0 0 0 0 0 0 0 0 0 0 0 0 0 0 0 0 0 0 0 0 0 0 0 0 0 0 0 0 0 0 0 0 0
0 0 0 0 0 0 0 0 0 0 0 0 0 0 0 0 0 0 0 0 0 0 0 0 0 0 0 0 0 0 0 0 0 0 0
0 0 0 0 0 0 0 0 0 0 0 0 0 0 0 0 0 0 0 0 0 0 0 0 0 0 0 0 0 0 0 0 0 0 0
0 0 0 0 0 0 0 0 0 0 0 0 0 0 0 0 0 0 0 0 0 0 0 0 0 0 0 0 0 0 0 0 0 0 0
0 0 0 0 0 0 0 0 0 0 0 0 0 0 0 0 0 0 0 0 0 0 0 0 0 0 0 0 0 0 0 0 0 0 0
0 0 0 0 0 0 0 0 0 0 0 0 0 0 0 0 0 0 0 0 0 0 0 0 0 0 0 0 0 0 0 0 0 0 0
0 0 0 0 0 0 0 0 0 0 0 0 0 0 0 0 0 0 0 0 0 0 0 0 0 0 0 0 0 0 0 0 0 0 0
0 0 0 0 0 0 0 0 0 0 0 0 0 0 0 0 0 0 0 0 0 0 0 0 0 0 0 0 0 0 0 0 0 0 0
0 0 0 0 0 0 0 0 0 0 0 0 0 0 0 0 0 0 0 0 0 0 0 0 0 0 0 0 0 0 0 0 0 0 0
0 0 0 0 0 0 0 0 0 0 0 0 0 0 0 0 0 0 0 0 0 0 0 0 0 0 0 0 0 0 0 0 0 0 0
0 0 0 0 0 0 0 0 0 0 0 0 0 0 0 0 0 0 0 0 0 0 0 0 0 0 0 0 0 0 0 0 0 0 0

I cap
1058.909090909091 1058.909090909091 1058.909090909091 1019.2190909090909 751.6820000000001 884.8039999999999 889.958 1040.3999999999999 815.1500000000001 754.6859999999999 605.9159999999999 634.4159999999999 737.3340000000001 631.8659999999999 576.4499999999999 526.073090909091 682.2410909090911 582.611090909091 823.703090909091 800.4650909090909 863.609090909091 456.467090909091 421.5110909090909 400.1450909090909 632.399090909091 592.9430909090911 666.725090909091 595.265090909091 715.253090909091 402.30509090909106 695.7590909090911 802.8050909090911 984.605090909091 1058.909090909091 672.0
107.96969696969697 107.96969696969697 107.96969696969697 107.15969696969697 23.217999999999996 36.395999999999994 28.94199999999999 48.8 76.24999999999999 85.714 102.38399999999999 111.58399999999999 98.26599999999999 78.434 88.85000000000001 56.70569696969696 5.477696969696957 8.807696969696956 19.895696969696964 35.21369696969696 70.16969696969696 30.011696969696967 43.367696969696965 83.63369696969696 91.67969696969696 89.73569696969696 87.95369696969696 83.81369696969696 94.32569696969696 1.3736969696969652 48.11969696969696 52.67369696969696 104.87369696969697 107.96969696969697 84.0
38.96666666666666 38.96666666666666 38.96666666666666 27.559166666666663 13.192499999999995 11.092500000000001 10.392499999999998 38.5 33.60000000000001 19.700000000000006 4.999999999999997 3.6000000000000023 5.599999999999999 17.499999999999996 5.699999999999999 19.466666666666665 3.326666666666661 10.226666666666663 11.846666666666664 6.866666666666664 6.8666666666666645 6.8666666666666645 20.066666666666663 20.066666666666663 13.166666666666664 19.466666666666665 14.359166666666662 27.559166666666663 27.559166666666663 14.359166666666663 25.766666666666662 25.766666666666662 38.96666666666666 38.96666666666666 23.8
45.24545454545453 45.24545454545453 45.24545454545453 39.89045454545453 18.915 30.41999999999999 29.285999999999998 31.764000000000006 26.484 29.409999999999986 29.366999999999994 25.372999999999998 21.102000000000004 19.637 16.639000000000003 24.75245454545452 19.81145454545453 23.24945454545452 27.15545454545452 33.21245454545452 32.13245454545452 22.619454545454516 19.937454545454525 28.595454545454526 31.754454545454532 29.324454545454525 28.865454545454522 28.550454545454524 30.485454545454527 32.222454545454525 42.84245454545453 43.59845454545453 44.67845454545453 45.24545454545453 42.0
20.999999999999993 20.999999999999993 20.999999999999993 20.68499999999999 7.860000000000001 16.581999999999997 11.368000000000004 13.362000000000004 10.562 10.615999999999998 12.720999999999998 14.880999999999998 11.769000000000004 13.257000000000003 8.906000000000004 9.704999999999997 6.932999999999991 5.50199999999999 8.336999999999994 11.702999999999994 11.702999999999994 7.112999999999992 5.159999999999991 8.840999999999996 11.252999999999995 9.227999999999993 8.615999999999994 9.227999999999996 11.639999999999995 9.389999999999993 14.726999999999997 17.678999999999995 20.810999999999993 20.999999999999993 21.0
345.75757575757575 345.75757575757575 345.75757575757575 280.11051693404636 153.64547058823527 184.65899999999996 221.37099999999995 211.17099999999996 222.72099999999998 222.72099999999998 201.16299999999998 209.70399999999998 235.69499999999996 237.612 217.249 215.4465757575757 190.7955757575758 197.50057575757572 231.97957575757576 273.75757575757575 264.30757575757576 221.17057575757573 200.0115757575758 243.04057575757577 250.8975757575757 237.0735757575757 241.59157575757573 233.82457575757573 231.7275757575757 246.92063458110516 257.7921051693404 307.02157575757576 342.16657575757574 345.75757575757575 245.0
779.7575757575758 779.7575757575758 779.7575757575758 748.7975757575757 468.0599999999999 582.7510000000001 747.97 786.07 784.885 710.218 630.098 704.153 672.712 665.341 726.689 644.6585757575756 526.9295757575759 440.96157575757576 521.5115757575758 638.4485757575758 695.0135757575758 624.3905757575757 510.74757575757576 589.8305757575757 696.7865757575757 658.1585757575757 662.2625757575757 659.7335757575757 621.8615757575757 583.8365757575757 692.7185757575758 725.8385757575758 766.3385757575758 779.7575757575758 630.0
80.73333333333335 80.73333333333335 80.73333333333335 80.10333333333335 59.06399999999999 79.47300000000003 72.20100000000002 79.96100000000001 78.561 83.53300000000002 74.25300000000001 82.87300000000002 89.46400000000003 88.305 80.17500000000001 66.48633333333336 63.98433333333337 64.50633333333336 67.22433333333338 72.41733333333336 72.41733333333336 66.34233333333337 66.11733333333336 68.60133333333337 70.41033333333337 69.47433333333338 69.01533333333337 69.47433333333338 71.28333333333337 68.18733333333336 74.52633333333335 78.22233333333335 80.16633333333336 80.73333333333335 48.300000000000004
10.775757575757575 10.775757575757575 10.775757575757575 5.735757575757575 1.1550000000000005 1.2499999999999998 2.5299999999999994 3.114999999999999 2.015 1.0449999999999986 2.879000000000001 6.558 2.9039999999999995 0.6740000000000013 3.253 3.3867575757575743 1.7037575757575747 0.27275757575757553 3.809757575757576 6.950757575757574 2.270757575757575 0.20075757575757436 2.8017575757575752 3.953757575757574 1.6497575757575755 3.5397575757575757 7.508757575757576 5.348757575757576 3.3867575757575743 2.6487575757575748 1.2177575757575756 5.024757575757576 10.775757575757575 10.775757575757575 8.4
2.545454545454545 2.545454545454545 2.545454545454545 2.545454545454545 1.3419999999999996 0.18499999999999983 0.8289999999999996 0.777 1.4769999999999996 0.7769999999999999 1.0989999999999995 0.1579999999999998 0.3739999999999998 1.0739999999999998 1.344 0.9794545454545449 0.6824545454545448 1.2224545454545448 0.0974545454545448 0.7454545454545449 0.7454545454545449 0.17845454545454487 0.8444545454545447 0.5474545454545449 0.7634545454545448 0.19645454545454466 0.6554545454545447 0.6554545454545447 0.6554545454545447 0.3314545454545448 0.5744545454545448 1.3304545454545447 1.9784545454545448 2.545454545454545 2.8000000000000003
8.515433299825174 8.515433299825174 8.515433299825174 8.188754533944957 5.886605402298849 5.282084137931031 4.861524224137928 6.624893810344828 8.575227431034484 6.998236655172415 7.709430706896554 7.417617258620693 6.831900706896554 4.796223103448272 6.416917862068964 6.687989672413792 6.136968810344826 4.870510517241376 4.190820017241376 4.549653017241376 4.985791177115987 5.475022948275862 6.0896726034482755 4.944716379310342 5.422048390804598 4.294049655172412 4.867972241379308 7.424444672413795 7.79527381034483 6.302110334845734 7.829882586206899 8.195062931034485 7.811086206896552 8.024766408045977 11.315375057471266
700.0 700.0 700.0 698.2 685.6000000000003 685.6000000000003 683.8000000000002 689.2000000000002 686.5000000000001 682.0000000000002 682.9000000000002 686.5000000000002 686.5000000000002 687.4000000000002 687.4000000000003 688.3000000000003 687.4000000000002 680.2000000000003 684.7000000000002 682.0000000000002 683.8000000000002 680.2000000000004 686.5000000000003 684.7000000000003 686.5000000000002 685.6000000000003 686.5000000000001 686.5000000000002 688.3000000000001 679.3000000000003 687.4000000000002 691.0000000000002 698.2 700.0 697.3000000000001

H cap
8.75 -12.25 -5.25 -1.75 15.75 1.75 33.25 8.75 1.75 36.75 19.25 -5.25 29.75 22.75 5.25 5.25 50.75 26.25 33.25 1.75 1.75 -5.25 15.75 -8.75 -8.75 5.25 5.25 131.25 131.25 131.25 131.25 131.25 131.25 131.25 131.25
26.0 4.0 5.5 9.5 17.5 13.5 13.0 15.0 7.0 7.0 7.5 8.5 11.0 8.5 8.0 7.5 6.5 2.0 11.5 5.0 2.5 11.0 16.0 20.5 20.5 5.0 17.0 52.5 52.5 52.5 52.5 52.5 52.5 52.5 52.5
45.5 38.5 45.5 49.0 49.0 49.0 52.5 45.5 42.0 42.0 45.5 52.5 49.0 35.0 35.0 45.5 49.0 38.5 38.5 42.0 49.0 52.5 52.5 49.0 49.0 42.0 42.0 63.0 63.0 63.0 63.0 63.0 63.0 63.0 63.0
-0.25 -14.25 -0.25 -2.25 -0.25 0.25 6.75 -0.25 -0.25 3.75 17.75 -0.75 0.25 -6.25 4.75 -8.75 0.25 -1.75 6.25 -1.25 0.75 -6.25 -0.75 -0.75 -0.75 -4.25 1.75 78.75 78.75 78.75 78.75 78.75 78.75 78.75 78.75

Gap
0.10834936887471065

Time
1800.0031900405884

