T P M C
35 37 4 12

base obj
10.935897435897434

exp obj
11.081923076923076

Objective struct
10.935897435897434 0.0 11.52

num campaigns
227

x
0 0 0 0 0 1 0 0 0 1 0 0 0 1 0 0 0 0 1 0 0 0 1 0 0 1 0 0 1 0 0 0 0 0 0
0 0 0 0 1 0 0 0 0 0 0 0 0 0 0 0 0 0 0 0 0 0 1 0 0 0 0 0 0 0 0 0 0 0 0
0 0 0 0 0 0 0 1 0 0 0 1 0 0 1 0 0 1 0 0 0 1 0 1 0 0 1 0 0 0 0 0 0 0 0
0 0 0 0 1 0 0 0 0 1 0 0 0 0 1 0 0 0 0 1 0 0 0 0 1 0 0 0 0 1 0 0 0 0 0
0 0 0 0 1 0 0 1 0 0 0 1 0 0 1 0 0 1 0 0 1 0 0 1 0 0 1 0 0 1 0 0 0 0 0
0 0 0 0 0 0 0 0 1 0 0 0 0 0 0 1 0 0 0 0 0 0 0 0 0 0 0 0 0 0 0 0 0 0 0
0 0 0 0 1 0 0 0 1 0 0 0 1 0 0 0 1 0 0 0 0 0 0 1 0 0 0 1 0 0 0 0 0 0 0
0 0 0 0 0 0 0 1 0 0 0 0 0 0 0 0 0 0 0 0 0 0 0 0 0 1 0 0 0 0 0 0 0 0 0
0 0 0 0 0 0 0 0 0 0 0 0 0 0 0 1 0 0 0 0 0 0 0 0 0 0 0 0 0 0 0 0 0 0 0
0 0 0 0 0 0 0 0 0 0 0 1 0 0 1 0 0 0 0 0 0 0 0 0 0 0 0 0 0 0 0 0 0 0 0
0 0 0 0 1 0 0 0 0 0 0 0 0 0 0 0 1 0 0 0 0 0 0 0 0 0 0 0 0 1 0 0 0 0 0
0 0 0 0 0 0 1 0 0 0 0 0 0 0 0 0 0 0 0 0 0 0 0 0 0 0 1 0 0 0 0 0 0 0 0
0 0 0 0 0 0 0 0 0 0 0 0 0 0 0 0 0 0 1 0 0 0 0 0 0 0 0 0 0 1 0 0 0 0 0
0 0 0 0 1 0 0 0 0 0 0 0 1 0 0 0 0 1 0 0 0 0 0 0 1 0 0 0 0 0 0 0 0 0 0
0 0 0 0 0 0 0 0 0 0 0 0 0 0 0 0 0 0 0 0 0 0 0 0 0 0 0 0 0 0 0 0 0 0 0
0 0 0 0 0 0 0 0 0 0 0 0 0 0 0 0 0 0 0 1 0 0 0 0 0 0 0 0 0 0 0 0 0 0 0
0 0 0 0 0 0 0 0 0 0 0 0 0 1 0 0 0 0 0 0 0 0 0 0 0 0 0 0 0 1 0 0 0 0 0
0 0 0 0 1 0 0 0 0 0 0 0 0 0 0 0 0 0 0 0 0 0 0 0 0 0 0 0 0 1 0 0 0 0 0
0 0 0 0 0 0 1 0 0 0 1 1 1 0 0 0 1 1 1 1 1 1 1 0 1 0 0 1 0 0 0 0 0 0 0
0 0 0 0 0 0 0 0 0 1 0 0 0 0 0 0 0 0 0 0 0 0 0 0 0 0 0 0 0 0 0 0 0 0 0
0 0 0 0 1 0 0 0 0 1 0 0 0 0 1 0 0 0 0 1 0 0 0 0 1 0 0 0 0 1 0 0 0 0 0
0 0 0 0 0 0 0 0 0 0 0 0 0 0 0 0 0 0 0 0 0 0 0 0 0 0 0 0 0 0 0 0 0 0 0
0 0 0 0 0 0 1 0 0 0 0 0 0 0 0 0 0 0 0 0 0 0 0 0 0 0 0 1 0 0 0 0 0 0 0
0 0 0 0 0 0 0 0 0 0 0 0 0 0 0 0 1 0 0 0 0 0 0 1 0 0 0 0 0 0 0 0 0 0 0
0 0 0 0 0 0 0 0 0 0 1 0 0 0 0 0 0 0 0 0 1 0 0 0 0 0 0 0 0 0 0 0 0 0 0
0 0 0 0 1 0 0 0 0 0 0 0 1 0 0 0 0 0 0 0 0 1 0 0 0 0 0 0 0 1 0 0 0 0 0
0 0 0 0 0 0 0 0 1 0 0 0 0 0 0 1 0 0 0 0 0 1 0 0 0 0 0 1 0 0 0 0 0 0 0
0 0 0 0 0 0 0 0 0 0 0 1 0 0 0 0 0 0 0 0 0 0 0 0 0 0 0 0 0 0 0 0 0 0 0
0 0 0 0 0 0 0 0 0 0 0 0 0 0 0 0 0 0 0 0 0 0 0 0 0 0 0 0 0 0 0 0 0 0 0
0 0 0 0 1 1 1 1 1 1 1 1 1 1 1 1 1 1 1 1 1 1 1 1 1 1 1 1 1 1 0 0 0 0 0
0 0 0 0 1 1 1 1 1 1 1 1 1 1 1 1 1 1 1 1 1 1 1 1 1 1 1 1 1 1 0 0 0 0 0
0 0 0 0 1 1 1 1 1 1 1 1 1 1 1 1 1 1 1 1 1 1 1 1 1 1 1 1 1 1 0 0 0 0 0
0 0 0 0 1 0 1 1 1 0 0 1 1 0 1 1 1 1 0 0 0 1 1 0 1 1 1 1 1 1 0 0 0 0 0
0 0 0 0 1 1 1 1 1 1 1 1 1 1 1 1 1 1 1 1 1 1 1 1 1 1 1 1 1 1 0 0 0 0 0
0 0 0 0 1 1 1 0 1 0 0 1 1 0 0 0 1 0 0 0 0 0 0 0 1 1 0 1 0 0 0 0 0 0 0
0 0 0 0 0 0 0 0 0 0 0 0 0 0 0 0 0 0 0 0 0 0 0 0 0 0 0 0 0 0 0 0 0 0 0
0 0 0 0 0 0 0 0 0 0 0 0 0 0 0 0 0 0 0 0 0 0 0 0 0 0 0 0 0 0 0 0 0 0 0

y
0.0 13.0 0.0 0.0 0.0 2.0 0.0 0.0 0.0 1.2142857142857142 0.0 0.0 6.0 0.0 0.0 0.0 3.5 0.0 0.0 0.0 0.0 0.0 0.0 0.75 0.0 0.0 0.0 0.0 0.0 0.0 0.0 0.0 0.5098039215686274 0.0 0.0 0.0 0.0

k
0 4 0 0 0 4 0 0 0 13 0 0 4 2 4 0 1 0 0 0 0 3 0 3 1 0 1 0 11 0 0 0 34 0 16 26 3

f
0.0 34.999999999999986 0.0 0.0 0.0 8.399999999999993 0.0 0.0 0.0 0.0 0.0 1.7499999999999716 0.0 0.0 0.0 0.0 0.0 0.0 0.0 1.7500000000000036 0.0 0.0 0.0 0.0 0.0 1.7499999999999982 0.0 0.0 0.0 0.0 0.0 0.0 0.0 0.0 0.0
0.0 0.0 0.0 0.0 0.0 0.0 0.0 0.0 0.0 0.0 0.0 0.0 0.0 0.0 0.0 0.0 0.0 0.0 0.0 0.0 0.0 0.0 0.0 0.0 0.0 0.0 0.0 0.0 0.0 0.0 0.0 0.0 0.0 0.0 0.0
0.0 0.0 0.0 0.0 0.0 0.0 0.0 0.0 0.0 0.0 0.0 0.0 0.0 0.0 0.0 0.0 0.0 0.0 0.0 0.0 0.0 0.0 0.0 0.0 0.0 0.0 0.0 0.0 0.0 0.0 0.0 0.0 0.0 0.0 0.0
0.0 8.650000000000006 0.5749999999999833 2.9499999999999895 0.0 1.0499999999999847 8.174999999999986 1.5249999999999844 0.0 1.049999999999983 2.47499999999999 0.0 0.0 0.0 3.899999999999988 0.0 5.7999999999999865 1.0499999999999856 0.0 3.424999999999983 0.5749999999999957 0.0 0.0 1.0499999999999883 0.09999999999998987 7.224999999999983 0.0 0.0 0.0 0.0 0.0 0.0 0.0 0.0 0.0

L
3 18 2 5 3 7 4 18 0 3 12 20 11 5 0 0 16 25 1 0 5 0 21 7 10 8 6 0 0 1 1 1 1 1 1 0 0

g
0 0 0 0 0 0 0 0 0 0 0 0 0 0 0 0 0 0 0 0 0 0 0 0 0 0 0 0 0 0 0 0 0 0 0
0 0 0 0 0 0 0 0 0 0 0 0 0 0 0 0 0 0 0 0 0 0 0 0 0 0 0 0 0 0 0 0 0 0 0
0 0 0 0 0 0 0 0 0 0 0 0 0 0 0 0 0 0 0 0 0 0 0 0 0 0 0 0 0 0 0 0 0 0 0
0 0 0 0 0 0 0 0 0 0 0 0 0 0 0 0 0 0 0 0 0 0 0 0 0 0 0 0 0 0 0 0 0 0 0
0 0 0 0 0 0 0 0 0 0 0 0 0 0 0 0 0 0 0 0 0 0 0 0 0 0 0 0 0 0 0 0 0 0 0
0 0 0 0 0 0 0 0 0 0 0 0 0 0 0 0 0 0 0 0 0 0 0 0 0 0 0 0 0 0 0 0 0 0 0
0 0 0 0 0 0 0 0 0 0 0 0 0 0 0 0 0 0 0 0 0 0 0 0 0 0 0 0 0 0 0 0 0 0 0
0 0 0 0 0 0 0 0 0 0 0 0 0 0 0 0 0 0 0 0 0 0 0 0 0 0 0 0 0 0 0 0 0 0 0
0 0 0 0 0 0 0 0 0 0 0 0 0 0 0 0 0 0 0 0 0 0 0 0 0 0 0 0 0 0 0 0 0 0 0
0 0 0 0 0 0 0 0 0 0 0 0 0 0 0 0 0 0 0 0 0 0 0 0 0 0 0 0 0 0 0 0 0 0 0
0 0 0 0 0 0 0 0 0 0 0 0 0 0 0 0 0 0 0 0 0 0 0 0 0 0 0 0 0 0 0 0 0 0 0
0 0 0 0 0 0 0 0 0 0 0 0 0 0 0 0 0 0 0 0 0 0 0 0 0 0 0 0 0 0 0 0 0 0 0
0 0 0 0 0 0 0 0 0 0 0 0 0 0 0 0 0 0 0 0 0 0 0 0 0 0 0 0 0 0 0 0 0 0 0
0 0 0 0 0 0 0 0 0 0 0 0 0 0 0 0 0 0 0 0 0 0 0 0 0 0 0 0 0 0 0 0 0 0 0
0 0 0 0 0 0 0 0 0 0 0 0 0 0 0 0 0 0 0 0 0 0 0 0 0 0 0 0 0 0 0 0 0 0 0
0 0 0 0 0 0 0 0 0 0 0 0 0 0 0 0 0 0 0 0 0 0 0 0 0 0 0 0 0 0 0 0 0 0 0
0 0 0 0 0 0 0 0 0 0 0 0 0 0 0 0 0 0 0 0 0 0 0 0 0 0 0 0 0 0 0 0 0 0 0
0 0 0 0 0 0 0 0 0 0 0 0 0 0 0 0 0 0 0 0 0 0 0 0 0 0 0 0 0 0 0 0 0 0 0
0 0 0 0 0 0 0 0 0 0 0 0 0 0 0 0 0 0 0 0 0 0 0 0 0 0 0 0 0 0 0 0 0 0 0
0 0 0 0 0 0 0 0 0 0 0 0 0 0 0 0 0 0 0 0 0 0 0 0 0 0 0 0 0 0 0 0 0 0 0
0 0 0 0 0 0 0 0 0 0 0 0 0 0 0 0 0 0 0 0 0 0 0 0 0 0 0 0 0 0 0 0 0 0 0
0 0 0 0 0 0 0 0 0 0 0 0 0 0 0 0 0 0 0 0 0 0 0 0 0 0 0 0 0 0 0 0 0 0 0
0 0 0 0 0 0 0 0 0 0 0 0 0 0 0 0 0 0 0 0 0 0 0 0 0 0 0 0 0 0 0 0 0 0 0
0 0 0 0 0 0 0 0 0 0 0 0 0 0 0 0 0 0 0 0 0 0 0 0 0 0 0 0 0 0 0 0 0 0 0
0 0 0 0 0 0 0 0 0 0 0 0 0 0 0 0 0 0 0 0 0 0 0 0 0 0 0 0 0 0 0 0 0 0 0
0 0 0 0 0 0 0 0 0 0 0 0 0 0 0 0 0 0 0 0 0 0 0 0 0 0 0 0 0 0 0 0 0 0 0
0 0 0 0 0 0 0 0 0 0 0 0 0 0 0 0 0 0 0 0 0 0 0 0 0 0 0 0 0 0 0 0 0 0 0
0 0 0 0 0 0 0 0 0 0 0 0 0 0 0 0 0 0 0 0 0 0 0 0 0 0 0 0 0 0 0 0 0 0 0
0 0 0 0 0 0 0 0 0 0 0 0 0 0 0 0 0 0 0 0 0 0 0 0 0 0 0 0 0 0 0 0 0 0 0
0 0 0 0 0 0 0 0 0 0 0 0 0 0 0 0 0 0 0 0 0 0 0 0 0 0 0 0 0 0 0 0 0 0 0
0 0 0 0 0 0 0 0 0 0 0 0 0 0 0 0 0 0 0 0 0 0 0 0 0 0 0 0 0 0 0 0 0 0 0
0 0 0 0 0 0 0 0 0 0 0 0 0 0 0 0 0 0 0 0 0 0 0 0 0 0 0 0 0 0 0 0 0 0 0
0 0 0 0 0 0 0 0 0 0 0 0 0 0 0 0 0 0 0 0 0 0 0 0 0 0 0 0 0 0 0 0 0 0 0
0 0 0 0 0 0 0 0 0 0 0 0 0 0 0 0 0 0 0 0 0 0 0 0 0 0 0 0 0 0 0 0 0 0 0
0 0 0 0 0 0 0 0 0 0 0 0 0 0 0 0 0 0 0 0 0 0 0 0 0 0 0 0 0 0 0 0 0 0 0
0 0 0 0 0 0 0 0 0 0 0 0 0 0 0 0 0 0 0 0 0 0 0 0 0 0 0 0 0 0 0 0 0 0 0
0 0 0 0 0 0 0 0 0 0 0 0 0 0 0 0 0 0 0 0 0 0 0 0 0 0 0 0 0 0 0 0 0 0 0

I cap
1058.909090909091 1058.909090909091 1058.909090909091 929.349090909091 664.98 839.06 921.9599999999999 1017.58 369.90000000000003 554.5999999999999 773.7 588.44 433.62000000000006 667.1600000000001 563.46 497.9290909090911 530.669090909091 725.589090909091 654.0290909090909 494.96909090909105 717.0090909090911 430.00909090909107 529.9690909090909 357.6490909090911 514.2890909090911 671.0090909090911 668.409090909091 526.3290909090911 633.5090909090911 474.06909090909096 713.649090909091 739.9490909090911 1058.909090909091 1058.909090909091 672.0
107.96969696969697 107.96969696969697 107.96969696969697 104.52969696969697 69.02 49.94 10.04 32.02000000000001 23.7 59.2 81.3 74.56 48.38 74.84 46.54 22.949696969696966 40.20969696969698 54.28969696969697 32.849696969696964 45.909696969696974 78.86969696969697 80.86969696969697 84.90969696969697 31.229696969696974 36.58969696969697 41.869696969696975 8.469696969696967 18.54969696969697 29.36969696969697 25.809696969696965 41.229696969696974 48.92969696969697 107.96969696969697 107.96969696969697 84.0
38.96666666666666 38.96666666666666 38.96666666666666 26.29166666666666 16.758333333333326 14.658333333333333 6.95833333333333 6.566666666666666 7.966666666666672 8.400000000000004 9.133333333333333 0.7333333333333361 3.5 22.4 9.833333333333334 24.299999999999997 17.299999999999997 24.96666666666666 17.96666666666666 3.2999999999999954 3.2999999999999954 3.299999999999997 17.96666666666666 24.96666666666666 10.299999999999995 17.299999999999997 17.299999999999997 31.96666666666666 19.29166666666666 4.624999999999995 11.624999999999995 11.624999999999995 38.96666666666666 38.96666666666666 23.8
45.24545454545453 45.24545454545453 45.24545454545453 37.82545454545452 19.670000000000005 29.549999999999986 27.899999999999988 26.599999999999994 18.209999999999997 20.559999999999995 26.34999999999999 16.34 14.470000000000002 18.91 8.040000000000003 17.525454545454526 23.095454545454526 24.00545454545453 26.65545454545452 25.655454545454525 31.715454545454524 26.695454545454513 25.405454545454525 20.965454545454524 23.075454545454523 26.635454545454518 25.40545454545453 24.01545454545452 23.595454545454523 32.685454545454526 44.115454545454526 44.24545454545453 45.24545454545453 45.24545454545453 42.0
20.999999999999993 20.999999999999993 20.999999999999993 20.43999999999999 8.39 16.189999999999994 10.430000000000001 9.01 4.429999999999997 3.9699999999999984 12.609999999999996 9.369999999999996 8.330000000000002 12.540000000000003 3.9499999999999997 4.679999999999994 7.279999999999993 7.529999999999995 7.019999999999994 5.939999999999994 10.879999999999992 8.199999999999992 7.659999999999995 4.819999999999995 4.489999999999993 7.319999999999993 6.839999999999994 6.409999999999994 7.079999999999993 8.969999999999992 14.789999999999992 17.789999999999992 20.999999999999993 20.999999999999993 21.0
345.75757575757575 345.75757575757575 345.75757575757575 301.6863992869875 187.68941176470588 205.79000000000005 233.79000000000002 205.65 214.28 201.71 194.68 179.58 204.80999999999997 217.46 131.74 169.00757575757575 229.40757575757578 233.3975757575758 198.24757575757582 178.9675757575757 207.32757575757572 210.26757575757577 225.94757575757575 217.81757575757572 239.04757575757577 249.07757575757574 249.07757575757574 238.03757575757578 228.07757575757574 226.97875222816396 235.83816399286988 289.76757575757574 345.75757575757575 345.75757575757575 245.0
779.7575757575758 779.7575757575758 779.7575757575758 654.5975757575758 530.89 655.61 672.63 584.28 665.94 715.04 679.7 623.13 730.6700000000001 721.86 548.5699999999999 420.28757575757584 475.3875757575758 572.2875757575757 609.7475757575756 588.5875757575757 616.3675757575758 491.5975757575758 583.3975757575757 501.4775757575758 469.2975757575758 531.5075757575758 509.6375757575757 492.90757575757584 486.74757575757576 581.1375757575757 691.8675757575758 716.7175757575758 779.7575757575758 779.7575757575758 630.0
80.73333333333335 80.73333333333335 80.73333333333335 79.40333333333335 61.73666666666666 80.22 70.94999999999999 74.69 69.82 77.60999999999999 72.39999999999999 76.74000000000001 85.93 87.44999999999997 73.85999999999999 60.85333333333334 65.22333333333336 66.17333333333335 67.37333333333335 67.68333333333334 71.07333333333335 69.06333333333335 68.97333333333334 66.00333333333333 65.91333333333336 67.77333333333334 65.04333333333334 65.55333333333336 65.93333333333334 70.39333333333335 76.83666666666669 80.10333333333335 80.73333333333335 80.73333333333335 48.300000000000004
10.775757575757575 10.775757575757575 10.775757575757575 9.515757575757576 4.45 2.240000000000001 1.5399999999999998 4.949999999999999 3.1499999999999995 0.4499999999999993 4.050000000000002 7.3 4.5 2.7700000000000005 0.5800000000000001 1.9857575757575758 2.7757575757575754 3.175757575757576 5.175757575757576 3.7757575757575754 5.525757575757575 3.965757575757575 5.225757575757576 4.415757575757576 6.015757575757576 3.425757575757575 6.925757575757575 4.125757575757574 2.2257575757575765 1.7457575757575752 0.1557575757575762 4.385757575757576 10.775757575757575 10.775757575757575 8.4
2.545454545454545 2.545454545454545 2.545454545454545 0.655454545454545 1.42 0.04999999999999993 0.4600000000000002 0.12000000000000022 0.82 1.2600000000000002 1.96 0.1399999999999999 0.1399999999999999 1.2600000000000002 0.3600000000000002 0.47545454545454513 0.4454545454545452 1.1954545454545449 0.595454545454545 0.2054545454545451 0.17545454545454497 0.025454545454545174 0.9554545454545451 0.5654545454545451 0.7754545454545451 1.0754545454545452 0.08545454545454512 0.5654545454545451 0.35545454545454513 0.595454545454545 0.4154545454545451 0.805454545454545 2.545454545454545 2.545454545454545 2.8000000000000003
8.515433299825174 8.515433299825174 8.515433299825174 7.807629307084703 4.4239617241379285 4.505187586206894 4.23307594827586 5.659376724137928 8.311951551724135 7.382719224137929 8.34736172413793 6.700375862068964 6.944659310344826 5.8882918965517215 5.01260767241379 4.350058620689651 5.469554999999998 5.586027586206894 4.652889137931033 4.963446120689653 4.7082051253918475 5.987091896551723 5.870707068965515 4.852129999999998 3.6875656321839063 3.8556013793103423 3.663489482758618 6.408065344827584 6.671135862068965 6.169959682395642 7.594250402298849 8.557131896551724 7.811086206896552 8.024766408045977 10.93606471264368
700.0 700.0 700.0 698.0 683.0 687.0 681.0 686.0 681.0 682.0 688.0 682.0 679.0 681.0 680.0 685.0 686.0 681.0 679.0 681.0 679.0 681.0 679.0 682.0 678.0 686.0 687.0 683.0 689.0 674.0 686.0 690.0 700.0 700.0 693.0

H cap
14.875000000000016 -34.999999999999986 28.175000000000004 8.225000000000016 1.57500000000001 -8.399999999999993 31.5 38.150000000000034 38.15000000000002 51.45000000000001 21.525 -1.7499999999999716 8.224999999999996 61.42500000000003 41.475000000000016 8.225000000000003 38.15000000000001 64.75000000000003 1.5750000000000117 -1.7500000000000036 61.42500000000003 1.575000000000017 1.5749999999999993 31.50000000000003 11.550000000000011 -1.7499999999999982 48.12500000000002 131.25 131.25 131.25 131.25 131.25 131.25 131.25 131.25
19.724999999999994 0.7249999999999961 14.499999999999988 10.224999999999993 5.474999999999994 10.224999999999993 22.57499999999999 14.974999999999989 2.6249999999999947 7.8499999999999925 5.949999999999996 4.999999999999993 9.749999999999991 8.324999999999994 8.324999999999994 14.974999999999989 22.57499999999999 19.724999999999987 11.174999999999986 13.074999999999992 10.699999999999992 1.6749999999999936 5.474999999999994 10.224999999999993 11.649999999999988 3.5749999999999975 22.574999999999996 52.5 52.5 52.5 52.5 52.5 52.5 52.5 52.5
43.04999999999998 39.72499999999998 53.02499999999999 46.374999999999986 49.69999999999999 49.69999999999999 49.69999999999999 46.374999999999986 43.04999999999998 49.69999999999999 43.04999999999998 43.04999999999998 46.374999999999986 43.04999999999998 43.04999999999998 43.04999999999998 46.374999999999986 43.04999999999998 39.72499999999998 43.04999999999998 46.374999999999986 49.69999999999999 49.69999999999999 46.374999999999986 49.69999999999999 36.39999999999998 39.72499999999998 63.0 63.0 63.0 63.0 63.0 63.0 63.0 63.0
19.849999999999994 -8.650000000000006 -0.5749999999999833 -2.9499999999999895 9.87500000000001 -1.0499999999999847 -8.174999999999986 -1.5249999999999844 8.45000000000001 -1.049999999999983 -2.47499999999999 0.850000000000013 0.8500000000000103 0.850000000000013 -3.899999999999988 0.37500000000001243 -5.7999999999999865 -1.0499999999999856 6.075000000000015 -3.424999999999983 -0.5749999999999957 0.37500000000001776 8.450000000000017 -1.0499999999999883 -0.09999999999998987 -7.224999999999983 21.274999999999995 78.75 78.75 78.75 78.75 78.75 78.75 78.75 78.75

Gap
0.11314296715147536

Time
1800.0229969024658

