T P M C
35 37 4 12

base obj
9.861538461538462

exp obj
17.797403846153845

Objective struct
9.861538461538462 8.964999999999996 32.64

num campaigns
263

x
0 0 0 0 0 0 0 0 0 0 0 0 0 1 0 2 0 0 0 2 0 0 0 0 0 0 0 0 0 2 0 0 0 0 0
0 0 0 0 1 0 0 0 1 0 0 0 0 0 0 0 0 0 0 0 0 0 0 1 0 0 0 0 0 1 0 0 0 0 0
0 0 0 0 1 0 0 0 0 0 1 0 2 0 0 0 0 0 0 0 0 0 0 0 0 3 0 0 0 0 0 0 0 0 0
0 0 0 0 0 0 0 0 0 2 0 0 1 0 1 0 0 1 0 0 1 0 0 0 0 0 0 0 0 0 0 0 0 0 0
0 0 0 0 0 0 0 0 0 0 0 2 0 0 0 0 2 0 0 1 0 0 0 0 0 4 0 0 0 0 0 0 0 0 0
0 0 0 0 0 0 0 0 0 0 0 0 0 0 0 0 0 0 0 0 0 0 0 0 0 0 0 0 0 0 0 0 0 0 0
0 0 0 0 0 0 3 0 0 0 0 0 0 0 0 0 0 2 0 0 0 0 0 0 0 0 0 1 0 0 0 0 0 0 0
0 0 0 0 0 0 0 0 0 0 1 0 0 0 0 0 0 0 0 0 0 0 1 0 0 0 0 0 0 0 0 0 0 0 0
0 0 0 0 1 0 0 0 0 0 0 0 0 0 0 0 0 0 0 0 0 0 0 0 0 0 0 0 0 0 0 0 0 0 0
0 0 0 0 0 0 0 0 0 0 0 0 0 0 0 0 0 0 0 0 0 0 0 0 0 0 0 0 0 0 0 0 0 0 0
0 0 0 0 0 0 0 0 0 0 0 0 0 0 1 0 0 0 0 0 0 1 0 0 0 0 0 1 0 0 0 0 0 0 0
0 0 0 0 0 0 0 0 0 0 1 0 0 0 0 0 0 0 0 0 0 0 0 0 1 0 0 0 0 0 0 0 0 0 0
0 0 0 0 0 0 0 0 1 0 0 0 0 0 0 0 0 0 0 0 0 0 0 0 0 1 0 0 0 0 0 0 0 0 0
0 0 0 0 0 0 0 0 0 0 0 0 0 0 0 0 0 0 0 0 0 0 0 0 0 0 0 0 0 0 0 0 0 0 0
0 0 0 0 0 0 0 0 0 0 0 0 0 0 0 0 0 0 0 0 0 0 0 0 0 0 0 0 0 0 0 0 0 0 0
0 0 0 0 1 0 0 0 0 0 0 0 0 0 0 0 0 0 0 0 0 0 0 0 0 0 0 0 0 0 0 0 0 0 0
0 0 0 0 0 0 0 0 0 0 0 0 0 1 0 1 0 0 1 0 0 0 0 0 0 0 0 0 0 0 0 0 0 0 0
0 0 0 0 0 0 2 0 0 0 0 0 0 0 0 0 0 0 0 0 0 0 0 0 0 0 0 0 0 0 0 0 0 0 0
0 0 0 0 0 0 1 0 0 0 0 1 0 2 0 0 0 3 0 0 0 0 1 0 0 0 0 5 0 0 0 0 0 0 0
0 0 0 0 0 0 0 0 0 0 0 1 0 0 0 0 0 0 0 0 0 0 0 0 0 0 0 0 0 0 0 0 0 0 0
0 0 0 0 0 0 0 0 0 0 0 0 0 1 0 0 0 1 0 0 2 0 0 2 0 0 0 0 0 0 0 0 0 0 0
0 0 0 0 0 0 0 0 0 0 0 0 0 0 0 0 0 0 0 0 0 0 0 0 0 0 0 0 0 0 0 0 0 0 0
0 0 0 0 0 0 0 0 0 0 0 0 0 0 0 0 0 1 0 0 0 0 0 0 0 0 0 1 0 0 0 0 0 0 0
0 0 0 0 0 0 0 0 0 0 1 0 0 0 0 0 0 0 0 0 0 2 0 0 0 0 0 0 0 0 0 0 0 0 0
0 0 0 0 0 0 1 0 1 0 0 0 0 0 0 0 0 0 0 0 0 0 0 1 0 0 0 0 0 0 0 0 0 0 0
0 0 0 0 3 0 0 0 0 0 0 0 0 0 0 0 0 0 0 0 0 0 0 0 0 0 1 0 0 0 0 0 0 0 0
0 0 0 0 0 1 0 1 0 0 0 0 0 0 0 0 0 0 0 0 0 1 0 0 0 0 0 1 0 1 0 0 0 0 0
0 0 0 0 0 0 0 0 0 0 0 0 0 0 0 0 0 0 0 0 0 0 0 0 0 1 0 0 0 0 0 0 0 0 0
0 0 0 0 0 0 0 0 0 0 0 0 0 0 0 0 0 0 0 0 0 0 0 0 0 0 0 0 0 0 0 0 0 0 0
0 0 0 0 3 0 2 0 0 0 0 0 0 0 3 0 0 0 0 7 0 1 0 0 1 5 0 4 0 0 0 0 0 0 0
0 0 0 0 3 3 0 0 0 0 0 0 3 0 0 0 1 4 0 0 1 4 1 1 0 0 0 3 2 0 0 0 0 0 0
0 0 0 0 0 0 0 4 4 0 0 7 0 0 0 0 1 2 0 0 0 0 0 0 0 0 3 5 0 0 0 0 0 0 0
0 0 0 0 7 0 8 0 0 10 0 0 0 8 2 0 0 2 0 0 0 0 0 7 0 0 0 0 0 8 0 0 0 0 0
0 0 0 0 0 0 0 0 0 0 0 1 0 0 4 0 7 1 0 5 2 0 0 0 0 2 0 0 0 4 0 0 0 0 0
0 0 0 0 0 0 0 0 0 0 1 2 1 0 0 0 0 1 0 0 1 1 0 1 2 1 2 0 1 0 0 0 0 0 0
0 0 0 0 0 0 0 0 0 0 0 0 0 0 0 0 0 0 0 0 0 0 0 0 0 0 0 0 0 0 0 0 0 0 0
0 0 0 0 0 0 0 0 0 0 0 0 0 0 0 0 0 0 0 0 0 0 0 0 0 0 0 0 0 0 0 0 0 0 0

y
0.0 0.0 0.0 0.0 0.0 0.0 0.0 0.0 0.0 0.0 0.0 0.0 12.0 0.0 0.0 0.0 0.0 0.0 0.0 0.0 0.0 0.0 0.0 0.0 0.0 0.0 0.0 0.0 0.0 0.0 0.0 0.0 0.0 0.0 0.0 0.0 0.0

k
0 2 0 0 0 6 0 0 0 15 0 0 4 6 4 0 0 0 0 0 0 3 0 2 0 0 0 0 11 0 0 0 0 0 12 26 3

f
0.0 0.0 1.7499999999999822 1.749999999999984 0.0 0.0 0.0 0.0 0.0 0.0 0.0 0.0 0.0 0.0 0.0 0.0 8.4 0.0 0.0 0.0 0.0 0.0 0.0 0.0 0.0 18.375 18.375 0.0 0.0 0.0 0.0 0.0 0.0 0.0 0.0
0.0 6.875000000000012 0.0 0.0 0.0 0.0 0.0 0.0 0.0 0.0 9.725000000000009 0.0 0.0 11.625000000000004 0.0 0.0 6.875000000000007 0.0 0.0 0.0 0.0 0.22499999999999787 4.024999999999999 2.6000000000000103 0.0 5.45000000000001 0.0 0.0 0.0 0.0 0.0 0.0 0.0 0.0 0.0
0.0 0.0 0.0 0.0 0.0 0.0 0.0 0.0 0.0 0.0 0.0 0.0 0.0 0.0 0.0 0.0 0.0 0.0 0.0 0.0 0.0 0.0 0.0 0.0 0.0 0.0 0.0 0.0 0.0 0.0 0.0 0.0 0.0 0.0 0.0
0.0 11.975000000000005 0.0 0.10000000000002274 0.0 9.124999999999998 0.0 4.374999999999999 0.0 10.549999999999994 0.0 1.5249999999999737 0.0 0.09999999999998188 0.10000000000001208 1.0500000000000052 0.0 1.0499999999999776 0.0 1.0499999999999945 0.09999999999999876 1.5249999999999995 0.0 3.4249999999999927 0.0 2.949999999999992 0.0 0.0 0.0 0.0 0.0 0.0 0.0 0.0 0.0

L
0 4 0 0 0 0 0 12 0 0 6 14 17 0 0 0 2 0 0 0 0 0 10 0 2 0 2 0 0 0 0 0 0 0 0 0 0

g
0 0 0 0 0 0 0 0 0 0 0 0 0 0 0 1 0 0 0 1 0 0 0 0 0 0 0 0 0 1 0 0 0 0 0
0 0 0 0 0 0 0 0 0 0 0 0 0 0 0 0 0 0 0 0 0 0 0 0 0 0 0 0 0 0 0 0 0 0 0
0 0 0 0 0 0 0 0 0 0 0 0 1 0 0 0 0 0 0 0 0 0 0 0 0 2 0 0 0 0 0 0 0 0 0
0 0 0 0 0 0 0 0 0 1 0 0 0 0 0 0 0 0 0 0 0 0 0 0 0 0 0 0 0 0 0 0 0 0 0
0 0 0 0 0 0 0 0 0 0 0 1 0 0 0 0 1 0 0 0 0 0 0 0 0 3 0 0 0 0 0 0 0 0 0
0 0 0 0 0 0 0 0 0 0 0 0 0 0 0 0 0 0 0 0 0 0 0 0 0 0 0 0 0 0 0 0 0 0 0
0 0 0 0 0 0 2 0 0 0 0 0 0 0 0 0 0 1 0 0 0 0 0 0 0 0 0 0 0 0 0 0 0 0 0
0 0 0 0 0 0 0 0 0 0 0 0 0 0 0 0 0 0 0 0 0 0 0 0 0 0 0 0 0 0 0 0 0 0 0
0 0 0 0 0 0 0 0 0 0 0 0 0 0 0 0 0 0 0 0 0 0 0 0 0 0 0 0 0 0 0 0 0 0 0
0 0 0 0 0 0 0 0 0 0 0 0 0 0 0 0 0 0 0 0 0 0 0 0 0 0 0 0 0 0 0 0 0 0 0
0 0 0 0 0 0 0 0 0 0 0 0 0 0 0 0 0 0 0 0 0 0 0 0 0 0 0 0 0 0 0 0 0 0 0
0 0 0 0 0 0 0 0 0 0 0 0 0 0 0 0 0 0 0 0 0 0 0 0 0 0 0 0 0 0 0 0 0 0 0
0 0 0 0 0 0 0 0 0 0 0 0 0 0 0 0 0 0 0 0 0 0 0 0 0 0 0 0 0 0 0 0 0 0 0
0 0 0 0 0 0 0 0 0 0 0 0 0 0 0 0 0 0 0 0 0 0 0 0 0 0 0 0 0 0 0 0 0 0 0
0 0 0 0 0 0 0 0 0 0 0 0 0 0 0 0 0 0 0 0 0 0 0 0 0 0 0 0 0 0 0 0 0 0 0
0 0 0 0 0 0 0 0 0 0 0 0 0 0 0 0 0 0 0 0 0 0 0 0 0 0 0 0 0 0 0 0 0 0 0
0 0 0 0 0 0 0 0 0 0 0 0 0 0 0 0 0 0 0 0 0 0 0 0 0 0 0 0 0 0 0 0 0 0 0
0 0 0 0 0 0 1 0 0 0 0 0 0 0 0 0 0 0 0 0 0 0 0 0 0 0 0 0 0 0 0 0 0 0 0
0 0 0 0 0 0 0 0 0 0 0 0 0 1 0 0 0 2 0 0 0 0 0 0 0 0 0 4 0 0 0 0 0 0 0
0 0 0 0 0 0 0 0 0 0 0 0 0 0 0 0 0 0 0 0 0 0 0 0 0 0 0 0 0 0 0 0 0 0 0
0 0 0 0 0 0 0 0 0 0 0 0 0 0 0 0 0 0 0 0 1 0 0 1 0 0 0 0 0 0 0 0 0 0 0
0 0 0 0 0 0 0 0 0 0 0 0 0 0 0 0 0 0 0 0 0 0 0 0 0 0 0 0 0 0 0 0 0 0 0
0 0 0 0 0 0 0 0 0 0 0 0 0 0 0 0 0 0 0 0 0 0 0 0 0 0 0 0 0 0 0 0 0 0 0
0 0 0 0 0 0 0 0 0 0 0 0 0 0 0 0 0 0 0 0 0 1 0 0 0 0 0 0 0 0 0 0 0 0 0
0 0 0 0 0 0 0 0 0 0 0 0 0 0 0 0 0 0 0 0 0 0 0 0 0 0 0 0 0 0 0 0 0 0 0
0 0 0 0 2 0 0 0 0 0 0 0 0 0 0 0 0 0 0 0 0 0 0 0 0 0 0 0 0 0 0 0 0 0 0
0 0 0 0 0 0 0 0 0 0 0 0 0 0 0 0 0 0 0 0 0 0 0 0 0 0 0 0 0 0 0 0 0 0 0
0 0 0 0 0 0 0 0 0 0 0 0 0 0 0 0 0 0 0 0 0 0 0 0 0 0 0 0 0 0 0 0 0 0 0
0 0 0 0 0 0 0 0 0 0 0 0 0 0 0 0 0 0 0 0 0 0 0 0 0 0 0 0 0 0 0 0 0 0 0
0 0 0 0 2 0 1 0 0 0 0 0 0 0 2 0 0 0 0 6 0 0 0 0 0 4 0 3 0 0 0 0 0 0 0
0 0 0 0 2 2 0 0 0 0 0 0 2 0 0 0 0 3 0 0 0 3 0 0 0 0 0 2 1 0 0 0 0 0 0
0 0 0 0 0 0 0 3 3 0 0 6 0 0 0 0 0 1 0 0 0 0 0 0 0 0 2 4 0 0 0 0 0 0 0
0 0 0 0 5 0 6 0 0 8 0 0 0 6 0 0 0 0 0 0 0 0 0 5 0 0 0 0 0 6 0 0 0 0 0
0 0 0 0 0 0 0 0 0 0 0 0 0 0 3 0 6 0 0 4 1 0 0 0 0 1 0 0 0 3 0 0 0 0 0
0 0 0 0 0 0 0 0 0 0 0 1 0 0 0 0 0 0 0 0 0 0 0 0 1 0 1 0 0 0 0 0 0 0 0
0 0 0 0 0 0 0 0 0 0 0 0 0 0 0 0 0 0 0 0 0 0 0 0 0 0 0 0 0 0 0 0 0 0 0
0 0 0 0 0 0 0 0 0 0 0 0 0 0 0 0 0 0 0 0 0 0 0 0 0 0 0 0 0 0 0 0 0 0 0

I cap
1058.909090909091 1058.909090909091 1058.909090909091 950.409090909091 588.1999999999999 582.2199999999998 496.3399999999997 1163.3 789.1 587.9 825.7 707.74 457.74000000000007 493.44 514.6400000000001 738.4690909090909 642.4690909090909 286.7490909090911 610.6690909090912 774.0290909090909 564.0290909090909 677.7890909090911 719.2890909090911 803.409090909091 916.309090909091 429.3090909090911 298.209090909091 22.2290909090911 678.2890909090911 580.5290909090909 762.5290909090909 816.2890909090911 893.7890909090911 1058.909090909091 672.0
107.96969696969697 107.96969696969697 107.96969696969697 95.46969696969697 69.80000000000001 79.78 71.65999999999998 102.7 57.900000000000006 28.700000000000003 0.9000000000000128 45.06 6.260000000000003 32.56 43.360000000000014 67.40969696969697 67.40969696969697 62.129696969696965 94.20969696969698 98.84969696969696 43.849696969696964 31.089696969696973 21.589696969696973 40.46969696969697 23.56969696969697 2.569696969696963 15.669696969696968 2.649696969696986 64.58969696969697 63.349696969696964 96.34969696969696 98.58969696969697 101.08969696969697 107.96969696969697 84.0
38.96666666666666 38.96666666666666 38.96666666666666 38.96666666666666 44.099999999999994 16.65 8.949999999999996 6.149999999999999 7.550000000000004 14.26666666666667 5.866666666666664 6.266666666666669 17.5 0.7333333333333325 2.833333333333334 10.299999999999995 38.96666666666666 3.2999999999999954 3.2999999999999954 3.2999999999999954 9.633333333333331 9.633333333333331 2.633333333333331 2.633333333333331 2.633333333333331 9.633333333333331 38.96666666666666 3.9666666666666615 3.9666666666666615 3.9666666666666615 38.96666666666666 38.96666666666666 38.96666666666666 38.96666666666666 23.8
45.24545454545453 45.24545454545453 45.24545454545453 24.455454545454522 10.640000000000004 24.499999999999986 24.429999999999993 41.76 37.260000000000005 34.089999999999996 36.49999999999999 29.6 19.35 5.320000000000005 2.5500000000000016 42.93545454545452 42.93545454545452 39.72545454545452 1.0754545454545177 1.915454545454521 33.14545454545452 35.36545454545452 38.85545454545452 34.92545454545453 6.085454545454527 2.205454545454521 7.145454545454522 8.565454545454525 40.74545454545452 39.46545454545452 40.82545454545452 41.24545454545452 43.98545454545452 45.24545454545453 42.0
20.999999999999993 20.999999999999993 20.999999999999993 19.649999999999988 1.490000000000002 1.4599999999999964 0.08000000000000473 14.100000000000001 19.669999999999998 14.869999999999997 19.65 19.119999999999997 2.3400000000000025 7.1600000000000055 1.790000000000001 20.22999999999999 17.22999999999999 2.759999999999991 2.709999999999992 5.989999999999997 14.059999999999992 4.59999999999999 1.7699999999999907 2.019999999999992 11.609999999999996 7.159999999999995 9.039999999999996 2.1399999999999952 5.579999999999993 5.439999999999992 14.439999999999994 20.57999999999999 20.57999999999999 20.999999999999993 21.0
345.75757575757575 345.75757575757575 345.75757575757575 298.61757575757576 197.38 233.87 136.47529411764708 36.47764705882355 95.56470588235297 173.29235294117652 47.2017647058824 123.06411764705884 138.59411764705888 278.36999999999995 222.45999999999998 233.2863992869875 176.81581105169343 213.559340463458 256.888752228164 270.2175757575758 289.46757575757573 327.27757575757573 309.63757575757575 320.50757575757575 342.86757575757576 208.98404634581107 65.24345811051694 103.98228163992869 191.99051693404638 299.36757575757576 311.2275757575758 313.88757575757575 337.77757575757573 345.75757575757575 245.0
779.7575757575758 779.7575757575758 779.7575757575758 138.30757575757582 91.02999999999997 5.740000000000009 264.06999999999994 767.8000000000001 53.36999999999999 113.03999999999995 718.4899999999999 758.9599999999999 6.669999999999845 30.13000000000005 510.9399999999999 682.6075757575759 525.1075757575758 525.8575757575759 703.1975757575759 697.5175757575757 651.2275757575758 717.0275757575758 113.51757575757586 283.4475757575758 723.2675757575757 554.8375757575756 535.7775757575755 556.6975757575757 56.63757575757586 183.54757575757583 695.4475757575758 705.3875757575759 749.9375757575758 779.7575757575758 630.0
80.73333333333335 80.73333333333335 80.73333333333335 76.23333333333333 61.34999999999998 84.14000000000001 78.66999999999999 89.6 87.35999999999999 88.66 77.94 81.11666666666667 84.67333333333333 88.69999999999999 65.34666666666665 65.35666666666668 52.290000000000006 49.81333333333336 70.04666666666668 55.48666666666665 51.91333333333334 71.40000000000002 78.39333333333336 79.19333333333334 72.72333333333333 60.81666666666665 61.68000000000002 70.64333333333333 79.47333333333336 64.12 65.98666666666668 79.47333333333336 79.47333333333336 80.73333333333335 48.300000000000004
10.775757575757575 10.775757575757575 10.775757575757575 3.915757575757576 0.6500000000000004 1.640000000000001 0.6399999999999997 0.6399999999999999 3.200000000000001 2.74 4.740000000000001 0.2499999999999991 0.6499999999999995 1.8200000000000012 0.5800000000000001 0.15575757575757532 0.1557575757575762 1.1857575757575756 3.745757575757575 0.1557575757575762 0.13575757575757552 1.325757575757576 0.5657575757575757 0.9757575757575756 0.01575757575757475 0.5157575757575765 1.5757575757575752 2.775757575757576 1.5157575757575754 0.025757575757575868 5.465757575757576 5.465757575757576 10.775757575757575 10.775757575757575 8.4
2.545454545454545 2.545454545454545 2.545454545454545 0.38545454545454494 0.6099999999999999 0.04999999999999993 1.57 0.8400000000000001 0.9399999999999997 0.09000000000000008 0.18999999999999995 0.04999999999999993 0.04999999999999993 2.220446049250313e-16 2.220446049250313e-16 0.23545454545454525 0.23545454545454525 0.025454545454545174 0.025454545454545174 0.8654545454545451 0.8654545454545451 1.2854545454545452 0.025454545454545174 1.795454545454545 1.0454545454545452 0.2054545454545451 0.325454545454545 0.17545454545454486 0.025454545454545174 0.11545454545454514 0.35545454545454513 0.7754545454545452 1.2854545454545452 2.545454545454545 2.8000000000000003
8.515433299825174 8.515433299825174 8.515433299825174 5.012710976776171 2.758293242589228 3.3499242558983635 3.496959623411975 8.532939597701148 5.708503275862062 4.14191479885057 8.502534310344824 6.987732183908044 3.726268678160915 0.9200525045372006 5.670502409255895 6.051782931034481 5.4982908045976995 4.752694425287354 3.428720958862672 3.8077292422867486 4.510745960237583 5.743171751361159 5.365534655172411 3.6270846279491806 4.563246212946158 2.0273797912885643 1.694342304900178 4.900200683605561 5.48780252873563 4.2483624137931 8.209192758620688 8.195062758620688 7.811086206896552 8.024766408045977 11.625719885057473
700.0 700.0 700.0 698.0 687.0 683.0 677.0 688.0 684.0 683.0 680.0 682.0 685.0 680.0 687.0 683.0 690.0 678.0 682.0 684.0 685.0 682.0 686.0 676.0 689.0 678.0 684.0 677.0 684.0 680.0 691.0 694.0 700.0 700.0 700.0

H cap
21.525000000000006 4.900000000000006 -1.7499999999999822 -1.749999999999984 71.4 68.07500000000002 31.500000000000014 11.549999999999999 61.42500000000003 11.550000000000013 21.525 1.5750000000000117 1.5749999999999993 8.22500000000003 18.20000000000003 11.550000000000006 -8.4 54.775000000000034 24.850000000000016 8.225000000000003 58.100000000000016 18.20000000000003 28.175000000000033 11.550000000000033 11.550000000000033 -18.375 -18.375 131.25 131.25 131.25 131.25 131.25 131.25 131.25 131.25
4.524999999999986 -6.875000000000012 6.8999999999999915 4.049999999999992 19.249999999999986 0.24999999999998934 7.374999999999986 8.324999999999994 1.67499999999999 1.6749999999999936 -9.725000000000009 8.324999999999989 8.799999999999995 -11.625000000000004 13.074999999999989 2.1499999999999932 -6.875000000000007 16.874999999999986 23.04999999999999 16.399999999999984 13.549999999999985 -0.22499999999999787 -4.024999999999999 -2.6000000000000103 3.099999999999989 -5.45000000000001 3.099999999999989 52.5 52.5 52.5 52.5 52.5 52.5 52.5 52.5
39.72499999999998 36.39999999999998 49.69999999999999 49.69999999999999 53.02499999999999 49.69999999999999 46.374999999999986 39.72499999999998 39.72499999999998 39.72499999999998 43.04999999999998 46.374999999999986 46.374999999999986 39.72499999999998 43.04999999999998 49.69999999999999 49.69999999999999 46.374999999999986 43.04999999999998 53.02499999999999 59.675 36.39999999999998 33.074999999999974 33.074999999999974 36.39999999999998 49.69999999999999 49.69999999999999 63.0 63.0 63.0 63.0 63.0 63.0 63.0 63.0
0.37499999999999467 -11.975000000000005 1.3250000000000002 -0.10000000000002274 0.8500000000000121 -9.124999999999998 0.3750000000000293 -4.374999999999999 18.900000000000023 -10.549999999999994 0.849999999999989 -1.5249999999999737 0.8499999999999996 -0.09999999999998188 -0.10000000000001208 -1.0500000000000052 0.37499999999999645 -1.0499999999999776 0.37499999999999556 -1.0499999999999945 -0.09999999999999876 -1.5249999999999995 0.8499999999999872 -3.4249999999999927 3.699999999999992 -2.949999999999992 1.3249999999999966 78.75 78.75 78.75 78.75 78.75 78.75 78.75 78.75

Gap
0.03279861559634286

Time
1800.0004770755768

