X
16.964441356479895 22.976294237653264 28.98814711882663 35.0

Y
-31.294117647058812 -28.89215686274511 -28.89215686274511 -28.89215686274511

X
17.349380437007213 23.232920291338143 29.11646014566907 35.0

Y
-29.230392156862706 -26.132352941176492 -26.132352941176492 -26.132352941176492

X
15.516483516483516 22.01098901098901 28.505494505494504 35.0

Y
-19.166666666666664 -19.58333333333334 -19.58333333333334 -19.58333333333334

X
15.926282051282051 22.284188034188034 28.642094017094017 35.0

Y
-19.083333333333332 -19.5 -19.5 -19.5

X
14.435897435897436 21.29059829059829 28.145299145299145 35.0

Y
-22.879999999999995 -24.08 -24.08 -24.08

X
12.817216117216118 20.21147741147741 27.605738705738705 35.0

Y
-21.720000000000006 -23.360000000000014 -23.360000000000014 -23.360000000000014

