T P M C
61 37 4 12

base obj
20759.917241379313

exp obj
20742.917241379313

Objective struct
20759.917241379313 77.0 94.0

num campaigns
345

x
0 0 0 0 0 0 0 1 1 0 0 0 0 0 0 0 1 0 1 0 0 0 1 1 1 0 0 0 1 0 0 0 0 0 0 0 0 0 0 0 0 1 0 0 1 0 1 0 0 0 0 1 0 0 0 1 0 0 0 0 0
0 0 0 0 1 0 0 0 0 0 0 0 0 0 0 0 0 0 0 0 0 0 0 0 0 0 0 0 0 0 0 0 0 1 0 0 0 0 0 1 0 0 0 0 0 0 0 0 0 0 0 0 0 0 0 0 0 0 0 0 0
0 0 0 0 0 1 0 0 0 0 0 0 1 0 0 0 0 0 0 0 0 1 0 0 0 0 0 0 0 0 1 0 0 1 0 1 0 0 0 1 0 0 1 0 1 0 1 0 0 1 0 0 1 1 0 0 0 0 0 0 0
0 0 0 0 1 1 0 0 0 0 0 1 0 0 0 0 0 0 0 0 1 0 0 0 0 0 1 1 0 0 1 0 0 0 0 0 1 0 1 0 0 0 0 1 0 0 0 0 0 0 1 0 0 0 0 0 0 0 0 0 0
0 0 0 0 0 0 0 0 0 1 0 1 1 0 0 0 0 0 0 0 1 1 0 0 0 1 0 1 0 0 0 1 1 0 1 0 1 1 1 1 0 1 1 0 0 0 0 0 0 1 0 0 0 0 0 0 0 0 0 0 0
0 0 0 0 0 0 0 0 0 1 0 0 0 0 1 0 1 0 0 0 0 0 0 0 0 0 1 0 1 0 0 0 1 0 0 0 0 1 0 0 1 0 0 1 0 0 1 0 0 0 0 0 0 1 0 1 0 0 0 0 0
0 0 0 0 0 0 0 0 0 0 0 0 1 0 0 0 0 0 0 0 0 1 0 0 0 1 0 1 0 0 0 1 0 0 1 0 0 0 1 1 0 0 0 0 0 0 0 1 1 1 1 0 0 0 0 0 0 0 0 0 0
0 0 0 0 0 0 1 0 0 0 0 0 0 0 0 1 0 1 0 0 0 0 0 0 0 0 0 0 0 0 0 0 0 0 0 1 0 0 0 0 0 0 0 0 0 0 0 0 0 0 0 0 0 0 0 0 0 0 0 0 0
0 0 0 0 0 0 0 0 0 0 0 0 0 0 0 0 0 0 0 0 0 0 0 0 0 0 0 0 0 0 0 0 0 0 0 0 0 0 0 0 0 0 0 0 0 0 0 0 0 0 0 0 0 0 0 0 0 0 0 0 0
0 0 0 0 1 0 0 0 0 2 2 1 0 0 0 0 0 0 0 1 0 2 0 0 0 2 0 1 0 0 0 1 1 0 0 0 0 0 0 0 1 1 1 0 0 0 0 1 1 1 0 0 0 0 1 1 0 0 0 0 0
0 0 0 0 0 0 0 0 0 0 0 0 0 0 0 0 0 0 0 0 0 0 0 0 0 0 0 0 0 0 0 0 0 0 0 0 0 0 0 0 0 0 0 0 0 0 0 0 0 0 0 0 0 0 0 0 0 0 0 0 0
0 0 0 0 0 0 0 0 0 0 0 0 0 0 0 0 0 0 0 0 0 0 0 0 0 0 0 0 0 0 0 0 0 0 0 0 0 0 0 0 1 0 0 0 0 0 0 0 0 0 0 0 0 0 0 0 0 0 0 0 0
0 0 0 0 0 0 0 0 0 0 0 0 1 0 0 0 0 0 0 0 0 0 0 0 0 0 0 1 0 0 1 0 0 0 0 0 0 0 0 0 0 0 0 0 0 0 0 0 1 0 1 0 0 0 0 1 0 0 0 0 0
0 0 0 0 0 0 0 0 0 0 0 0 0 0 0 0 0 0 0 0 0 0 0 0 0 0 0 0 0 0 0 0 0 0 0 0 0 0 0 0 0 0 0 0 0 0 0 0 0 0 0 0 0 0 0 0 0 0 0 0 0
0 0 0 0 0 1 0 0 0 0 0 0 0 1 1 0 0 0 0 0 0 0 0 1 0 0 0 0 0 1 1 0 0 0 0 0 0 0 0 0 0 0 0 0 0 0 0 0 0 0 0 0 1 0 0 0 0 0 0 0 0
0 0 0 0 0 0 0 0 0 0 0 0 0 0 0 0 0 0 0 0 0 0 0 0 0 0 0 0 0 0 0 0 0 0 0 0 0 0 0 0 0 0 0 0 0 1 0 0 0 0 0 0 0 0 0 0 0 0 0 0 0
0 0 0 0 0 0 0 0 0 0 0 0 0 0 0 0 0 0 0 0 0 0 0 0 0 0 0 0 0 0 0 0 0 0 0 0 0 0 0 0 0 0 1 0 0 0 0 0 1 0 0 0 0 0 0 0 0 0 0 0 0
0 0 0 0 0 0 0 0 0 0 0 0 0 0 0 0 0 0 0 0 0 0 0 0 0 0 0 0 0 0 0 0 0 0 0 0 0 0 0 0 0 0 0 0 0 0 0 0 0 0 0 0 0 0 0 0 0 0 0 0 0
0 0 0 0 0 0 0 0 0 0 0 0 1 0 0 0 0 0 0 1 0 0 0 0 0 0 0 0 0 0 0 0 0 0 0 0 0 0 0 0 0 0 0 0 0 0 0 0 0 0 0 0 0 0 0 0 0 0 0 0 0
0 0 0 0 0 0 0 0 0 0 0 0 0 0 0 0 0 0 0 0 0 0 0 0 0 1 0 0 0 0 0 0 1 0 0 0 0 0 0 0 0 0 0 0 0 0 0 0 0 0 0 0 0 0 0 0 0 0 0 0 0
0 0 0 0 0 0 0 0 0 1 1 0 0 0 0 0 0 0 0 1 1 0 0 0 0 0 1 0 0 0 0 0 0 0 0 0 1 0 0 0 0 0 1 0 0 0 0 1 1 1 1 0 0 0 0 0 0 0 0 0 0
0 0 0 0 0 0 0 0 0 0 0 0 0 0 0 0 0 0 0 0 0 0 0 0 0 0 0 0 0 0 0 0 0 0 0 0 0 0 0 0 0 0 0 0 0 0 0 0 0 0 0 0 0 0 0 0 0 0 0 0 0
0 0 0 0 0 0 0 0 0 0 0 0 0 0 0 0 0 0 0 0 0 0 0 0 0 0 0 0 0 0 0 0 0 0 0 0 0 0 0 0 0 0 0 0 0 0 0 0 0 0 0 0 0 0 0 0 0 0 0 0 0
0 0 0 0 0 0 0 0 0 0 0 0 0 0 0 0 0 0 0 0 0 0 0 0 0 0 0 0 0 0 0 0 0 0 0 0 0 0 0 0 0 0 0 0 0 0 0 0 0 0 0 0 0 0 0 0 0 0 0 0 0
0 0 0 0 0 0 0 0 0 0 0 0 0 0 0 0 0 0 0 0 0 0 0 0 0 0 0 0 0 0 0 0 0 0 0 0 0 0 0 0 0 0 0 0 0 0 0 0 0 0 0 0 0 0 0 0 0 0 0 0 0
0 0 0 0 0 0 1 0 1 0 0 0 0 0 0 0 0 0 0 0 0 1 0 0 0 0 1 0 0 0 0 0 1 0 0 0 0 1 0 0 0 0 0 0 0 0 0 1 0 0 0 1 0 0 0 0 0 0 0 0 0
0 0 0 0 0 0 0 1 0 0 0 0 0 0 0 0 0 0 1 0 1 0 0 0 0 1 0 0 0 0 0 0 1 0 0 0 0 1 0 0 0 0 0 0 1 0 0 0 0 0 0 1 0 1 0 1 0 0 0 0 0
0 0 0 0 0 0 0 0 0 0 0 1 0 0 0 0 0 0 0 0 0 0 0 0 0 0 0 0 0 0 0 0 0 0 0 0 0 1 0 0 0 0 0 0 0 0 0 0 0 0 0 0 0 0 0 0 0 0 0 0 0
0 0 0 0 0 0 0 0 0 0 0 0 0 0 0 0 0 0 0 0 0 0 0 0 0 0 0 0 0 0 0 0 0 0 0 0 0 0 0 0 0 0 0 0 0 0 0 0 0 0 0 0 0 0 0 0 0 0 0 0 0
0 0 0 0 0 0 0 4 0 0 0 1 2 0 0 0 0 0 3 3 1 0 0 0 0 0 0 0 0 0 0 0 0 0 2 1 1 2 2 0 0 0 0 0 0 0 0 0 0 0 5 0 0 0 0 0 0 0 0 0 0
0 0 0 0 0 0 0 0 0 0 0 1 0 0 0 0 0 0 0 0 0 0 0 0 0 0 0 0 0 0 0 0 0 0 0 0 1 0 0 0 0 0 0 0 0 0 0 0 0 0 0 0 0 0 0 0 0 0 0 0 0
0 0 0 0 0 0 3 4 0 1 2 2 2 0 0 0 0 0 3 3 4 3 0 0 0 0 0 1 0 0 0 0 0 1 3 2 3 3 4 2 0 0 0 1 0 0 0 1 0 1 3 0 0 0 0 0 0 0 0 0 0
0 0 0 0 3 3 2 3 2 2 3 2 3 0 0 0 0 0 3 3 3 3 0 0 0 2 3 3 0 0 3 3 2 3 3 3 2 3 3 3 3 2 3 3 3 0 0 2 3 2 3 0 0 3 3 3 0 0 0 0 0
0 0 0 0 0 0 0 0 0 0 0 0 0 0 0 0 0 0 0 0 0 0 0 0 0 0 0 0 0 0 0 0 0 0 0 0 0 0 0 0 0 0 0 0 0 0 0 0 0 0 0 0 0 0 0 0 0 0 0 0 0
0 0 0 0 0 0 0 0 0 0 0 0 0 0 0 0 0 0 0 0 0 0 0 0 0 0 0 0 0 0 0 0 0 0 0 0 0 0 0 0 0 0 0 0 0 0 0 0 0 0 0 0 0 0 0 0 0 0 0 0 0
0 0 0 0 0 0 0 0 0 0 0 0 0 0 0 0 0 0 0 0 0 0 0 0 0 0 0 0 0 0 0 0 0 0 0 0 0 0 0 0 0 0 0 0 0 0 0 0 0 0 0 0 0 0 0 0 0 0 0 0 0
0 0 0 0 0 0 0 0 0 0 0 0 0 0 0 0 0 0 0 0 0 0 0 0 0 0 0 0 0 0 0 0 0 0 1 0 0 0 0 0 0 0 0 0 0 0 0 0 0 0 0 0 0 0 0 0 0 0 0 0 0

k
0 9 0 0 0 0 0 0 2 7 5 3 6 11 0 0 4 3 23 0 1 6 4 10 6 0 0 0 21 25 50 0 0 52 52 52 5

f
0.0 0.0 0.0 0.0 0.0 0.0 0.0 0.0 0.0 0.0 8.75 8.75 8.75 8.75 0.0 0.0 0.0 0.0 0.0 26.25 26.25 0.0 0.0 0.0 0.0 8.75 0.0 0.0 0.0 0.0 0.0 0.0 0.0 0.0 0.0 0.0 0.0 0.0 0.0 0.0 0.0 0.0 1.75 0.0 0.0 0.0 0.0 0.0 1.75 0.0 0.0 0.0 0.0 0.0 0.0 0.0 0.0 0.0 0.0 0.0 0.0
0.0 0.0 0.0 8.5 0.0 0.0 0.0 0.0 7.5 0.0 0.0 0.0 0.0 0.0 0.0 14.5 11.0 13.5 0.0 0.0 0.0 0.0 0.0 0.0 0.0 0.0 0.0 0.0 0.0 0.0 0.0 6.0 0.0 4.0 12.0 5.5 0.0 0.0 0.0 0.0 0.0 0.0 0.0 0.0 0.0 0.0 10.5 0.0 0.0 0.0 0.0 0.0 0.0 0.0 0.0 0.0 0.0 0.0 0.0 0.0 0.0
0.0 0.0 0.0 0.0 0.0 0.0 0.0 0.0 0.0 0.0 0.0 0.0 0.0 0.0 0.0 0.0 0.0 0.0 0.0 0.0 0.0 0.0 0.0 0.0 0.0 0.0 0.0 0.0 0.0 0.0 0.0 0.0 0.0 0.0 0.0 0.0 0.0 0.0 0.0 0.0 0.0 0.0 0.0 0.0 0.0 0.0 0.0 0.0 0.0 0.0 0.0 0.0 0.0 0.0 0.0 0.0 0.0 0.0 0.0 0.0 0.0
0.0 4.75 0.0 0.0 0.0 1.75 1.25 0.0 0.0 0.0 10.75 0.0 0.0 0.0 0.0 0.0 0.0 0.0 0.0 0.25 0.25 0.0 1.25 0.0 1.75 0.0 22.25 5.75 0.0 5.25 0.0 0.0 0.0 0.0 0.0 0.0 0.0 4.25 7.75 2.75 0.25 0.0 0.0 0.0 0.0 1.75 0.0 0.0 1.75 11.75 0.0 14.25 0.25 0.0 0.0 0.0 0.0 0.0 0.0 0.0 0.0

L
1 6 1 1 1 2 1 2 0 0 0 0 2 0 1 0 6 0 7 7 1 0 0 0 0 2 2 26 0 0 25 0 0 0 0 0 0

g
0 0 0 0 0 0 0 0 0 0 0 0 0 0 0 0 0 0 0 0 0 0 0 0 0 0 0 0 0 0 0 0 0 0 0 0 0 0 0 0 0 0 0 0 0 0 0 0 0 0 0 0 0 0 0 0 0 0 0 0 0
0 0 0 0 0 0 0 0 0 0 0 0 0 0 0 0 0 0 0 0 0 0 0 0 0 0 0 0 0 0 0 0 0 0 0 0 0 0 0 0 0 0 0 0 0 0 0 0 0 0 0 0 0 0 0 0 0 0 0 0 0
0 0 0 0 0 0 0 0 0 0 0 0 0 0 0 0 0 0 0 0 0 0 0 0 0 0 0 0 0 0 0 0 0 0 0 0 0 0 0 0 0 0 0 0 0 0 0 0 0 0 0 0 0 0 0 0 0 0 0 0 0
0 0 0 0 0 0 0 0 0 0 0 0 0 0 0 0 0 0 0 0 0 0 0 0 0 0 0 0 0 0 0 0 0 0 0 0 0 0 0 0 0 0 0 0 0 0 0 0 0 0 0 0 0 0 0 0 0 0 0 0 0
0 0 0 0 0 0 0 0 0 0 0 0 0 0 0 0 0 0 0 0 0 0 0 0 0 0 0 0 0 0 0 0 0 0 0 0 0 0 0 0 0 0 0 0 0 0 0 0 0 0 0 0 0 0 0 0 0 0 0 0 0
0 0 0 0 0 0 0 0 0 0 0 0 0 0 0 0 0 0 0 0 0 0 0 0 0 0 0 0 0 0 0 0 0 0 0 0 0 0 0 0 0 0 0 0 0 0 0 0 0 0 0 0 0 0 0 0 0 0 0 0 0
0 0 0 0 0 0 0 0 0 0 0 0 0 0 0 0 0 0 0 0 0 0 0 0 0 0 0 0 0 0 0 0 0 0 0 0 0 0 0 0 0 0 0 0 0 0 0 0 0 0 0 0 0 0 0 0 0 0 0 0 0
0 0 0 0 0 0 0 0 0 0 0 0 0 0 0 0 0 0 0 0 0 0 0 0 0 0 0 0 0 0 0 0 0 0 0 0 0 0 0 0 0 0 0 0 0 0 0 0 0 0 0 0 0 0 0 0 0 0 0 0 0
0 0 0 0 0 0 0 0 0 0 0 0 0 0 0 0 0 0 0 0 0 0 0 0 0 0 0 0 0 0 0 0 0 0 0 0 0 0 0 0 0 0 0 0 0 0 0 0 0 0 0 0 0 0 0 0 0 0 0 0 0
0 0 0 0 0 0 0 0 0 1 1 0 0 0 0 0 0 0 0 0 0 1 0 0 0 1 0 0 0 0 0 0 0 0 0 0 0 0 0 0 0 0 0 0 0 0 0 0 0 0 0 0 0 0 0 0 0 0 0 0 0
0 0 0 0 0 0 0 0 0 0 0 0 0 0 0 0 0 0 0 0 0 0 0 0 0 0 0 0 0 0 0 0 0 0 0 0 0 0 0 0 0 0 0 0 0 0 0 0 0 0 0 0 0 0 0 0 0 0 0 0 0
0 0 0 0 0 0 0 0 0 0 0 0 0 0 0 0 0 0 0 0 0 0 0 0 0 0 0 0 0 0 0 0 0 0 0 0 0 0 0 0 0 0 0 0 0 0 0 0 0 0 0 0 0 0 0 0 0 0 0 0 0
0 0 0 0 0 0 0 0 0 0 0 0 0 0 0 0 0 0 0 0 0 0 0 0 0 0 0 0 0 0 0 0 0 0 0 0 0 0 0 0 0 0 0 0 0 0 0 0 0 0 0 0 0 0 0 0 0 0 0 0 0
0 0 0 0 0 0 0 0 0 0 0 0 0 0 0 0 0 0 0 0 0 0 0 0 0 0 0 0 0 0 0 0 0 0 0 0 0 0 0 0 0 0 0 0 0 0 0 0 0 0 0 0 0 0 0 0 0 0 0 0 0
0 0 0 0 0 0 0 0 0 0 0 0 0 0 0 0 0 0 0 0 0 0 0 0 0 0 0 0 0 0 0 0 0 0 0 0 0 0 0 0 0 0 0 0 0 0 0 0 0 0 0 0 0 0 0 0 0 0 0 0 0
0 0 0 0 0 0 0 0 0 0 0 0 0 0 0 0 0 0 0 0 0 0 0 0 0 0 0 0 0 0 0 0 0 0 0 0 0 0 0 0 0 0 0 0 0 0 0 0 0 0 0 0 0 0 0 0 0 0 0 0 0
0 0 0 0 0 0 0 0 0 0 0 0 0 0 0 0 0 0 0 0 0 0 0 0 0 0 0 0 0 0 0 0 0 0 0 0 0 0 0 0 0 0 0 0 0 0 0 0 0 0 0 0 0 0 0 0 0 0 0 0 0
0 0 0 0 0 0 0 0 0 0 0 0 0 0 0 0 0 0 0 0 0 0 0 0 0 0 0 0 0 0 0 0 0 0 0 0 0 0 0 0 0 0 0 0 0 0 0 0 0 0 0 0 0 0 0 0 0 0 0 0 0
0 0 0 0 0 0 0 0 0 0 0 0 0 0 0 0 0 0 0 0 0 0 0 0 0 0 0 0 0 0 0 0 0 0 0 0 0 0 0 0 0 0 0 0 0 0 0 0 0 0 0 0 0 0 0 0 0 0 0 0 0
0 0 0 0 0 0 0 0 0 0 0 0 0 0 0 0 0 0 0 0 0 0 0 0 0 0 0 0 0 0 0 0 0 0 0 0 0 0 0 0 0 0 0 0 0 0 0 0 0 0 0 0 0 0 0 0 0 0 0 0 0
0 0 0 0 0 0 0 0 0 0 0 0 0 0 0 0 0 0 0 0 0 0 0 0 0 0 0 0 0 0 0 0 0 0 0 0 0 0 0 0 0 0 0 0 0 0 0 0 0 0 0 0 0 0 0 0 0 0 0 0 0
0 0 0 0 0 0 0 0 0 0 0 0 0 0 0 0 0 0 0 0 0 0 0 0 0 0 0 0 0 0 0 0 0 0 0 0 0 0 0 0 0 0 0 0 0 0 0 0 0 0 0 0 0 0 0 0 0 0 0 0 0
0 0 0 0 0 0 0 0 0 0 0 0 0 0 0 0 0 0 0 0 0 0 0 0 0 0 0 0 0 0 0 0 0 0 0 0 0 0 0 0 0 0 0 0 0 0 0 0 0 0 0 0 0 0 0 0 0 0 0 0 0
0 0 0 0 0 0 0 0 0 0 0 0 0 0 0 0 0 0 0 0 0 0 0 0 0 0 0 0 0 0 0 0 0 0 0 0 0 0 0 0 0 0 0 0 0 0 0 0 0 0 0 0 0 0 0 0 0 0 0 0 0
0 0 0 0 0 0 0 0 0 0 0 0 0 0 0 0 0 0 0 0 0 0 0 0 0 0 0 0 0 0 0 0 0 0 0 0 0 0 0 0 0 0 0 0 0 0 0 0 0 0 0 0 0 0 0 0 0 0 0 0 0
0 0 0 0 0 0 0 0 0 0 0 0 0 0 0 0 0 0 0 0 0 0 0 0 0 0 0 0 0 0 0 0 0 0 0 0 0 0 0 0 0 0 0 0 0 0 0 0 0 0 0 0 0 0 0 0 0 0 0 0 0
0 0 0 0 0 0 0 0 0 0 0 0 0 0 0 0 0 0 0 0 0 0 0 0 0 0 0 0 0 0 0 0 0 0 0 0 0 0 0 0 0 0 0 0 0 0 0 0 0 0 0 0 0 0 0 0 0 0 0 0 0
0 0 0 0 0 0 0 0 0 0 0 0 0 0 0 0 0 0 0 0 0 0 0 0 0 0 0 0 0 0 0 0 0 0 0 0 0 0 0 0 0 0 0 0 0 0 0 0 0 0 0 0 0 0 0 0 0 0 0 0 0
0 0 0 0 0 0 0 0 0 0 0 0 0 0 0 0 0 0 0 0 0 0 0 0 0 0 0 0 0 0 0 0 0 0 0 0 0 0 0 0 0 0 0 0 0 0 0 0 0 0 0 0 0 0 0 0 0 0 0 0 0
0 0 0 0 0 0 0 3 0 0 0 0 1 0 0 0 0 0 2 2 0 0 0 0 0 0 0 0 0 0 0 0 0 0 1 0 0 1 1 0 0 0 0 0 0 0 0 0 0 0 4 0 0 0 0 0 0 0 0 0 0
0 0 0 0 0 0 0 0 0 0 0 0 0 0 0 0 0 0 0 0 0 0 0 0 0 0 0 0 0 0 0 0 0 0 0 0 0 0 0 0 0 0 0 0 0 0 0 0 0 0 0 0 0 0 0 0 0 0 0 0 0
0 0 0 0 0 0 2 3 0 0 1 1 1 0 0 0 0 0 2 2 3 2 0 0 0 0 0 0 0 0 0 0 0 0 2 1 2 2 3 1 0 0 0 0 0 0 0 0 0 0 2 0 0 0 0 0 0 0 0 0 0
0 0 0 0 1 1 0 1 0 0 1 0 1 0 0 0 0 0 1 1 1 1 0 0 0 0 1 1 0 0 1 1 0 1 1 1 0 1 1 1 1 0 1 1 1 0 0 0 1 0 1 0 0 1 1 1 0 0 0 0 0
0 0 0 0 0 0 0 0 0 0 0 0 0 0 0 0 0 0 0 0 0 0 0 0 0 0 0 0 0 0 0 0 0 0 0 0 0 0 0 0 0 0 0 0 0 0 0 0 0 0 0 0 0 0 0 0 0 0 0 0 0
0 0 0 0 0 0 0 0 0 0 0 0 0 0 0 0 0 0 0 0 0 0 0 0 0 0 0 0 0 0 0 0 0 0 0 0 0 0 0 0 0 0 0 0 0 0 0 0 0 0 0 0 0 0 0 0 0 0 0 0 0
0 0 0 0 0 0 0 0 0 0 0 0 0 0 0 0 0 0 0 0 0 0 0 0 0 0 0 0 0 0 0 0 0 0 0 0 0 0 0 0 0 0 0 0 0 0 0 0 0 0 0 0 0 0 0 0 0 0 0 0 0
0 0 0 0 0 0 0 0 0 0 0 0 0 0 0 0 0 0 0 0 0 0 0 0 0 0 0 0 0 0 0 0 0 0 0 0 0 0 0 0 0 0 0 0 0 0 0 0 0 0 0 0 0 0 0 0 0 0 0 0 0

I cap
1069.1470588235295 1069.1470588235295 1069.1470588235295 958.4470588235295 905.5 707.4600000000002 780.1800000000001 792.9 444.3399999999999 453.2800000000001 488.3200000000003 355.48000000000013 476.8 591.3199999999999 540.0400000000001 709.8270588235295 475.18705882352947 625.7670588235295 646.7870588235295 700.6070588235295 442.72705882352966 216.30705882352964 268.7870588235295 414.1270588235295 683.6070588235294 412.12705882352964 115.96705882352967 155.8070588235296 337.82705882352934 602.7270588235294 478.5470588235296 471.0870588235295 185.94705882352952 414.3070588235296 0.3800000000000381 287.6600000000001 288.20000000000005 205.98000000000002 168.18 186.72000000000008 346.18 448.70000000000005 423.1400000000001 201.22000000000008 306.18000000000006 478.24 450.96000000000004 489.50000000000006 496.72000000000014 372.9800000000002 299.68000000000006 378.2599999999999 621.98 421.1600000000001 764.1200000000001 676.9000000000003 1033.46 825.3270588235296 944.3470588235296 1069.1470588235295 1069.1470588235295
108.08823529411765 108.08823529411765 108.08823529411765 106.78823529411765 51.5 29.54000000000001 58.82000000000001 52.1 55.66 24.720000000000002 1.6799999999999997 6.52 39.199999999999996 16.680000000000003 38.96000000000001 13.408235294117652 15.048235294117653 8.468235294117651 20.44823529411765 33.62823529411766 11.508235294117657 21.928235294117666 18.448235294117655 78.70823529411766 94.22823529411765 32.90823529411765 4.2682352941176624 16.428235294117666 28.408235294117663 74.50823529411764 52.28823529411767 29.748235294117656 2.0882352941176663 21.928235294117652 0.5199999999999987 5.239999999999998 7.700000000000003 23.019999999999996 8.82 59.28000000000001 18.820000000000004 3.3000000000000007 1.8600000000000065 40.78 75.82000000000001 73.76 63.040000000000006 51.49999999999999 7.279999999999997 0.02000000000000579 0.31999999999999584 55.74000000000001 54.02 53.84000000000002 40.88000000000001 5.099999999999998 42.53999999999999 77.90823529411765 102.88823529411765 108.08823529411765 108.08823529411765
39.405882352941184 39.405882352941184 39.405882352941184 39.405882352941184 44.099999999999994 42.0 41.3 38.5 39.900000000000006 24.53333333333334 1.4666666666666668 0.06666666666666998 2.833333333333334 29.4 24.5 39.405882352941184 39.405882352941184 39.405882352941184 39.405882352941184 17.73921568627452 3.0725490196078535 3.0725490196078535 24.73921568627452 14.47254901960785 14.47254901960785 23.27254901960785 24.73921568627452 24.73921568627452 24.73921568627452 39.405882352941184 14.47254901960785 14.47254901960785 23.27254901960785 39.405882352941184 23.8 18.9 3.533333333333333 8.433333333333335 12.633333333333331 30.799999999999997 37.8 39.900000000000006 32.23333333333334 31.53333333333334 28.73333333333334 41.3 45.5 36.43333333333333 15.466666666666667 2.200000000000008 5.000000000000005 19.66666666666667 37.833333333333336 49.0 51.099999999999994 52.5 53.900000000000006 39.405882352941184 39.405882352941184 39.405882352941184 39.405882352941184
45.35588235294117 45.35588235294117 45.35588235294117 44.51588235294117 27.760000000000005 31.439999999999987 12.609999999999985 14.909999999999993 36.449999999999996 31.099999999999994 21.929999999999993 3.629999999999998 14.93 28.830000000000002 23.820000000000004 40.08588235294117 37.105882352941165 20.115882352941163 2.9058823529411653 11.965882352941172 26.34588235294117 31.775882352941167 28.915882352941164 39.69588235294116 43.04588235294116 36.11588235294116 27.765882352941162 34.07588235294117 36.30588235294117 41.58588235294117 36.72588235294117 35.77588235294117 30.195882352941165 20.585882352941177 7.4600000000000035 8.689999999999994 4.28 5.419999999999997 21.950000000000003 47.839999999999996 29.069999999999993 34.44999999999999 39.76 32.12999999999999 37.01999999999998 38.94999999999999 29.689999999999984 34.179999999999986 31.629999999999992 8.819999999999993 13.810000000000002 50.10999999999999 51.13999999999999 41.02999999999999 33.53999999999999 30.159999999999993 38.83 40.67588235294117 43.44588235294117 45.35588235294117 45.35588235294117
20.97941176470588 20.97941176470588 20.97941176470588 20.97941176470588 10.68 16.59 15.709999999999999 17.899999999999995 19.109999999999996 15.979999999999995 17.83 12.929999999999998 14.79 18.210000000000004 15.5 18.68941176470588 17.309411764705878 16.719411764705875 16.54941176470587 16.829411764705874 15.94941176470588 15.689411764705879 14.33941176470588 17.529411764705877 20.209411764705877 18.29941176470588 14.08941176470588 16.52941176470588 17.489411764705878 19.419411764705877 15.049411764705878 15.779411764705879 14.739411764705881 15.039411764705882 13.320000000000002 14.29 7.859999999999999 11.309999999999999 12.989999999999997 15.369999999999997 7.5600000000000005 14.639999999999997 13.729999999999993 14.409999999999993 14.299999999999997 15.809999999999995 12.529999999999994 16.220000000000002 17.99 12.529999999999996 11.289999999999997 18.04 17.339999999999996 11.159999999999997 12.209999999999996 13.139999999999993 17.449999999999996 20.12941176470588 20.12941176470588 20.97941176470588 20.97941176470588
347.11764705882354 347.11764705882354 347.11764705882354 326.77764705882356 208.88000000000002 123.15647058823532 86.33705882352942 95.91411764705882 150.90117647058827 150.13823529411766 36.46941176470588 23.19999999999999 161.1923529411765 231.80117647058825 267.29 316.72764705882355 312.20764705882357 226.58411764705886 157.89588235294116 17.79647058823531 3.538235294117584 76.73176470588234 151.84941176470585 307.91764705882355 319.28764705882355 257.97764705882355 194.26647058823525 235.78823529411764 240.3982352941177 298.4476470588236 285.80764705882353 263.91764705882355 190.57647058823537 145.77470588235295 24.870000000000005 32.89941176470589 48.68941176470585 31.188823529411764 63.67176470588234 151.2135294117647 225.75117647058823 316.38 242.48882352941172 217.7805882352941 236.88058823529408 260.45 248.50882352941176 287.35058823529414 253.32941176470584 139.85705882352946 172.93235294117642 260.52176470588245 328.16 350.71 342.14 255.42000000000004 314.21000000000004 309.17764705882354 343.1276470588235 347.11764705882354 347.11764705882354
777.6176470588235 777.6176470588235 777.6176470588235 493.6976470588236 151.89 276.6399999999999 384.96000000000004 370.2900000000001 547.24 408.35 445.3299999999999 403.3499999999999 567.6899999999999 739.5699999999999 674.7199999999999 663.0076470588236 592.0076470588235 395.5476470588235 246.0476470588236 243.5576470588236 215.9276470588236 445.61764705882365 610.1076470588237 650.2876470588235 549.2776470588236 333.13764705882363 157.57764705882346 416.84764705882355 606.8776470588235 404.71764705882345 156.6276470588234 263.47764705882355 204.42764705882337 192.21764705882345 3.2799999999999727 189.4699999999999 280.3599999999999 292.53999999999996 210.63 141.47000000000003 159.26 274.54999999999984 215.2199999999999 29.799999999999955 266.03000000000003 497.24999999999994 262.0399999999999 212.97000000000003 254.7199999999999 167.81999999999994 371.0099999999999 614.96 358.8399999999999 90.08000000000015 139.48000000000002 248.31999999999988 565.28 679.8576470588235 734.2276470588235 777.6176470588235 777.6176470588235
80.27352941176471 80.27352941176471 80.27352941176471 80.27352941176471 65.67 83.73 76.34 82.47999999999998 85.67999999999998 85.69 75.88000000000001 81.3 93.1 95.33999999999999 83.61999999999999 76.12352941176472 72.32352941176471 71.58352941176472 71.4035294117647 72.57352941176471 74.46352941176471 74.39352941176473 73.07352941176471 75.9535294117647 77.96352941176471 76.19352941176473 70.80352941176471 74.62352941176474 73.3435294117647 76.23352941176472 74.23352941176472 74.53352941176473 72.7835294117647 73.1335294117647 33.23999999999999 53.9 63.14 67.44999999999999 70.74000000000001 75.56000000000002 67.19000000000001 73.01 73.78000000000002 76.53 82.58000000000001 87.51 76.51 75.32000000000002 71.17999999999999 65.65 66.56 69.24999999999999 66.44999999999999 58.91000000000001 59.52000000000002 55.16999999999999 59.76999999999999 78.04352941176472 78.04352941176472 80.27352941176471 80.27352941176471
10.788235294117648 10.788235294117648 10.788235294117648 5.898235294117648 2.9700000000000006 3.51 3.6100000000000003 2.019999999999999 0.54 3.3500000000000005 9.8 6.87 3.24 0.3899999999999997 1.7899999999999983 1.1282352941176477 1.6482352941176464 4.978235294117647 6.3882352941176475 4.938235294117647 2.638235294117649 2.358235294117648 2.358235294117648 6.058235294117647 7.158235294117648 4.7582352941176485 2.578235294117648 2.358235294117648 3.528235294117648 2.4282352941176475 2.4282352941176475 3.528235294117648 0.08823529411764786 0.7782352941176471 0.0400000000000007 3.1400000000000006 3.250000000000001 4.950000000000001 0.6899999999999993 4.250000000000001 9.99 9.290000000000001 9.07 3.380000000000001 0.3100000000000014 1.5000000000000009 3.250000000000001 10.85 9.07 1.2799999999999994 1.88 7.270000000000001 3.7700000000000005 1.0699999999999998 2.7699999999999996 0.589999999999999 6.3999999999999995 5.988235294117648 10.788235294117648 10.788235294117648 10.788235294117648
2.552941176470588 2.552941176470588 2.552941176470588 1.292941176470588 2.05 0.2599999999999999 1.03 0.6300000000000002 1.12 0.6300000000000002 1.54 0.7699999999999999 0.2899999999999998 0.6000000000000001 0.3600000000000001 1.9229411764705882 1.0829411764705883 1.0829411764705883 1.0829411764705883 1.0829411764705883 1.2929411764705883 0.6629411764705883 0.4529411764705883 0.24294117647058833 0.24294117647058822 0.4529411764705883 0.6629411764705883 0.18294117647058816 0.2129411764705882 0.6029411764705881 0.8129411764705881 0.42294117647058815 0.18294117647058794 1.802941176470588 0.29000000000000026 0.2899999999999998 0.7999999999999998 2.1 1.5399999999999998 0.019999999999999907 0.6699999999999999 0.03000000000000025 0.6100000000000001 0.1399999999999999 2.220446049250313e-16 1.33 0.6300000000000002 2.7300000000000004 1.0599999999999998 0.040000000000000036 1.3499999999999999 0.45999999999999996 0.8499999999999999 2.9400000000000004 1.54 0.8499999999999999 0.45999999999999996 0.8129411764705881 1.9229411764705882 2.552941176470588 2.552941176470588
8.466732771830209 8.466732771830209 8.466732771830209 7.432250013209519 4.136605402298848 4.420704827586204 2.6156530807622476 3.958983327283723 8.029767643678158 5.509730890804594 5.426914225650328 4.785675317604352 5.515439709618871 6.3497861494252845 7.18157318965517 6.913851896551722 7.202313793103449 5.186753711433755 1.5494406896551698 2.4135366923774924 2.6792271641093293 4.661804540229882 6.146569137931033 6.34695775862069 4.923772528735631 3.4228424137931 2.456592758620686 6.264387183908044 7.0734348850574715 6.762155862068964 4.964365344827582 5.46402844827586 3.6766031034482727 3.3447904340592833 5.9082363490623075 7.258283678160915 1.6553030187537778 3.0489982758620657 2.8864093073200205 2.7953713218390766 3.6031787356321816 3.418844137931033 3.008734310344824 2.800632873563215 4.45575936781609 6.461061379310344 3.92934568965517 3.0596654597701116 3.7542595402298824 1.4590770477918906 3.1638662280701717 6.184473965517239 6.240960172413791 4.179141034482754 6.713120344827583 4.890437586206894 4.7274085919540205 7.6046636338991735 8.466732771830209 8.121905185623312 7.777077599416415
700.0 700.0 700.0 699.0 693.0 690.0 687.0 689.0 689.0 682.0 683.0 686.0 684.0 687.0 682.0 689.0 688.0 687.0 687.0 684.0 686.0 678.0 686.0 687.0 688.0 683.0 683.0 681.0 684.0 689.0 682.0 679.0 675.0 682.0 684.0 687.0 687.0 683.0 687.0 686.0 688.0 689.0 679.0 682.0 685.0 685.0 687.0 683.0 679.0 680.0 678.0 682.0 687.0 678.0 690.0 683.0 690.0 690.0 695.0 698.0 692.0

H cap
75.25 1.75 5.25 8.75 8.75 1.75 22.75 33.25 22.75 36.75 -8.75 -8.75 -8.75 -8.75 8.75 29.75 50.75 29.75 26.25 -26.25 -26.25 8.75 5.25 33.25 1.75 -8.75 5.25 26.25 15.75 1.75 64.75 47.25 36.75 1.75 1.75 33.25 8.75 1.75 5.25 33.25 5.25 15.75 -1.75 1.75 57.75 36.75 47.25 29.75 -1.75 5.25 57.75 5.25 15.75 131.25 131.25 131.25 131.25 131.25 131.25 131.25 131.25
33.0 14.0 13.5 -8.5 0.5 18.5 4.5 0.0 -7.5 15.0 40.5 40.5 40.5 40.5 12.5 -14.5 -11.0 -13.5 13.0 37.5 37.5 24.5 16.0 10.5 17.0 40.5 23.5 10.5 16.5 17.0 2.0 -6.0 1.5 -4.0 -12.0 -5.5 10.0 16.5 11.0 12.5 16.5 30.0 40.0 27.0 10.5 6.0 -10.5 2.0 37.0 28.5 22.0 9.5 23.5 52.5 52.5 52.5 52.5 52.5 52.5 52.5 52.5
52.5 42.0 45.5 49.0 49.0 45.5 45.5 45.5 38.5 45.5 56.0 56.0 56.0 56.0 52.5 49.0 45.5 35.0 42.0 52.5 52.5 42.0 38.5 42.0 45.5 56.0 45.5 42.0 38.5 38.5 49.0 49.0 49.0 45.5 45.5 45.5 49.0 49.0 38.5 45.5 49.0 49.0 52.5 49.0 45.5 42.0 45.5 45.5 45.5 49.0 52.5 45.5 49.0 63.0 63.0 63.0 63.0 63.0 63.0 63.0 63.0
49.75 -4.75 0.75 7.75 1.25 -1.75 -1.25 20.75 10.25 4.75 -10.75 11.75 23.25 23.25 22.75 5.75 19.25 0.75 9.25 -0.25 -0.25 14.75 -1.25 3.75 -1.75 0.75 -22.25 -5.75 4.25 -5.25 4.75 0.25 26.25 6.25 5.25 24.75 1.25 -4.25 -7.75 -2.75 -0.25 9.75 1.25 1.25 7.25 -1.75 9.25 5.25 -1.75 -11.75 19.25 -14.25 -0.25 78.75 78.75 78.75 78.75 78.75 78.75 78.75 78.75

