T P M C
61 37 4 12

base obj
21668.272413793104

exp obj
6462.68172413793

Objective struct
21668.272413793104 68.0 122.0

num campaigns
323

x
0 0 0 0 0 0 0 0 0 0 0 0 0 1 0 1 0 1 0 0 1 0 0 0 0 1 0 0 0 0 1 0 1 0 0 1 0 1 0 0 0 0 0 0 0 0 0 1 0 0 0 1 1 1 0 0 0 0 0 0 0
0 0 0 0 0 0 0 0 0 0 0 0 0 0 0 0 0 0 0 0 0 0 0 0 0 0 0 0 0 0 0 0 0 0 0 0 0 0 0 0 0 0 0 0 0 0 0 0 0 0 0 0 0 0 0 0 0 0 0 0 0
0 0 0 0 0 1 0 1 0 0 0 0 0 0 0 0 0 0 1 0 0 0 0 0 0 1 0 0 0 1 1 1 1 1 0 0 0 0 1 0 1 0 0 0 0 0 0 0 1 0 1 0 0 0 0 0 0 0 0 0 0
0 0 0 0 0 1 0 0 0 0 0 0 1 0 0 0 0 0 0 0 0 1 0 1 0 1 1 0 1 0 0 0 0 0 0 1 0 0 0 0 1 0 0 0 0 0 0 0 0 0 0 0 0 1 1 0 0 0 0 0 0
0 0 0 0 0 0 0 1 1 0 1 1 1 0 0 0 1 0 0 0 0 1 0 1 0 0 1 1 1 0 0 0 0 0 0 0 0 0 0 0 0 1 1 1 0 0 0 1 1 1 0 0 0 0 0 0 0 0 0 0 0
0 0 0 0 0 0 0 0 0 0 0 0 0 0 0 0 1 0 0 0 1 0 1 0 0 0 0 1 1 0 0 0 1 0 0 0 1 0 0 0 1 1 1 0 0 0 0 0 0 0 0 1 0 0 1 0 0 0 0 0 0
0 0 0 0 1 1 1 0 0 1 1 1 1 0 0 0 0 0 0 1 0 0 0 0 0 0 0 1 0 0 0 0 0 0 0 0 0 0 0 0 0 0 1 1 0 0 0 1 0 0 0 0 0 0 0 0 0 0 0 0 0
0 0 0 0 0 0 0 0 0 0 0 0 0 0 1 0 0 0 0 0 0 0 0 0 1 0 0 0 0 0 0 0 0 0 0 0 0 1 0 0 0 0 0 0 0 1 0 0 0 0 0 0 0 0 0 0 0 0 0 0 0
0 0 0 0 0 0 0 0 0 0 0 0 0 0 0 0 0 0 0 0 0 0 0 0 0 0 0 0 0 0 0 0 0 0 0 0 0 0 0 0 0 0 0 0 0 0 0 0 0 0 0 0 0 0 0 0 0 0 0 0 0
0 0 0 0 1 1 0 1 1 1 2 0 1 0 0 0 1 0 0 2 1 0 0 0 0 0 0 0 0 0 0 0 1 1 0 0 0 0 0 0 0 1 0 1 0 0 0 0 1 1 1 0 0 1 1 1 0 0 0 0 0
0 0 0 0 0 0 0 0 0 0 0 0 0 0 0 0 0 0 0 0 0 0 0 0 0 0 0 0 0 0 0 0 0 0 0 0 0 0 0 0 0 0 0 0 0 0 0 0 0 0 0 0 0 0 0 0 0 0 0 0 0
0 0 0 0 0 0 1 0 0 0 0 0 0 0 0 0 0 0 0 0 0 0 0 0 0 0 0 0 1 0 0 0 0 0 0 0 0 0 0 0 0 0 0 0 0 0 0 0 0 0 0 0 0 0 0 0 0 0 0 0 0
0 0 0 0 0 1 0 0 0 0 0 0 0 0 0 0 0 0 0 0 0 1 0 0 0 1 0 0 0 0 0 0 0 0 0 0 0 0 0 0 0 0 0 1 0 0 0 1 0 0 0 0 0 0 0 1 0 0 0 0 0
0 0 0 0 0 0 0 0 0 0 0 0 0 0 0 0 0 0 0 0 0 0 0 0 0 0 0 0 0 0 0 0 0 0 0 0 0 0 0 0 0 0 0 0 0 0 0 0 0 0 0 0 0 0 0 0 0 0 0 0 0
0 0 0 0 0 0 0 0 0 0 0 0 0 0 1 0 0 0 1 0 0 0 0 1 0 0 0 0 0 0 1 0 0 0 1 0 0 0 0 0 0 0 0 0 1 1 0 0 0 0 0 0 0 0 0 0 0 0 0 0 0
0 0 0 0 0 0 0 0 0 0 0 0 0 0 0 0 0 0 0 0 0 0 0 0 0 0 0 0 0 0 0 0 0 0 0 0 0 0 0 0 0 0 0 0 0 0 0 0 0 0 0 0 0 0 0 1 0 0 0 0 0
0 0 0 0 0 0 0 0 0 0 0 0 0 0 0 0 0 0 0 0 0 0 0 0 0 0 0 0 0 0 0 0 0 0 0 0 0 0 0 0 0 0 0 0 0 0 0 0 0 0 0 0 0 0 0 0 0 0 0 0 0
0 0 0 0 0 0 0 0 0 0 0 0 0 0 0 0 0 0 0 0 0 0 0 0 0 0 0 0 0 0 0 0 0 0 0 0 0 0 0 0 0 0 0 0 0 0 0 0 0 0 0 0 0 0 0 0 0 0 0 0 0
0 0 0 0 0 0 0 0 0 0 0 0 1 0 0 0 0 0 0 0 0 0 0 0 0 0 0 0 0 0 0 0 0 0 0 0 0 0 0 0 0 0 0 0 0 0 0 0 0 0 0 0 0 0 0 0 0 0 0 0 0
0 0 0 0 0 0 1 0 0 0 0 0 0 0 0 0 0 0 0 0 0 0 0 0 0 0 0 0 0 0 0 0 0 0 0 0 0 0 0 0 0 0 0 1 0 0 0 0 0 0 0 0 0 0 0 0 0 0 0 0 0
0 0 0 0 0 1 0 0 0 1 1 0 0 0 0 0 0 0 0 0 0 0 0 0 0 0 2 0 0 0 0 0 0 0 1 0 0 0 0 0 0 0 1 1 0 0 0 1 1 1 0 0 0 0 0 0 0 0 0 0 0
0 0 0 0 0 0 0 0 0 0 0 0 0 0 0 0 0 0 0 0 0 0 0 0 0 0 0 0 0 0 0 0 0 0 0 0 0 0 0 0 0 0 0 0 0 0 0 0 0 0 0 0 0 0 0 0 0 0 0 0 0
0 0 0 0 0 0 0 0 0 0 0 0 0 0 0 0 0 0 0 0 0 0 0 0 0 0 0 0 0 0 0 0 0 0 0 0 0 0 0 0 0 0 0 0 0 0 0 0 0 0 0 0 0 0 0 0 0 0 0 0 0
0 0 0 0 0 0 0 0 0 0 0 0 0 0 0 0 0 0 0 0 0 0 0 0 0 0 0 0 0 0 0 0 0 0 0 0 0 0 0 0 0 0 0 0 0 0 0 0 0 0 0 0 0 0 0 0 0 0 0 0 0
0 0 0 0 0 0 0 0 0 0 0 0 0 0 0 0 0 0 0 0 0 0 0 0 0 0 0 0 0 0 0 0 0 0 0 0 0 0 0 0 0 0 0 0 0 0 0 0 0 0 0 0 0 0 0 0 0 0 0 0 0
0 0 0 0 0 0 0 1 0 0 0 1 1 0 0 0 0 0 0 0 0 1 0 0 0 0 1 0 0 0 0 0 1 0 0 0 0 0 0 0 0 0 0 0 0 0 1 0 0 1 0 0 0 0 0 0 0 0 0 0 0
0 0 0 0 0 1 0 0 1 0 0 1 0 0 0 0 0 1 0 0 0 0 1 0 0 0 0 0 0 0 0 0 0 0 0 0 0 0 1 0 1 0 0 0 0 0 1 0 0 1 1 0 0 0 0 0 0 0 0 0 0
0 0 0 0 0 0 0 0 0 0 0 0 0 0 0 0 0 0 0 0 0 0 0 0 0 0 0 0 0 0 0 0 0 0 0 0 0 0 0 1 0 0 0 0 0 0 0 0 0 1 0 0 0 0 0 0 0 0 0 0 0
0 0 0 0 0 0 0 0 0 0 0 0 0 0 0 0 0 0 0 0 0 0 0 0 0 0 0 0 0 0 0 0 0 0 0 0 0 0 0 0 0 0 0 0 0 0 0 0 0 0 0 0 0 0 0 0 0 0 0 0 0
0 0 0 0 0 0 0 0 0 1 2 2 2 0 0 0 0 0 0 0 0 0 0 0 0 0 0 0 0 0 0 0 0 0 0 0 0 0 0 0 0 0 0 0 0 0 1 0 0 0 0 0 0 0 0 0 0 0 0 0 0
0 0 0 0 0 0 0 0 0 0 1 0 3 0 0 0 0 0 0 0 0 0 0 0 0 0 0 0 0 0 0 0 0 0 0 0 0 0 0 0 0 0 0 0 0 0 0 0 0 0 0 0 0 0 0 0 0 0 0 0 0
0 0 0 0 5 0 1 0 0 2 2 2 3 0 0 0 6 0 0 0 0 0 0 0 4 0 1 1 2 0 0 0 0 0 2 1 0 0 0 0 0 0 1 2 0 0 9 0 1 5 1 0 0 0 0 0 0 0 0 0 0
0 0 0 0 3 3 3 2 2 3 3 4 3 0 0 0 3 0 0 3 2 2 3 3 3 3 3 3 3 2 1 2 2 2 3 3 0 0 0 3 0 1 3 3 0 0 3 3 3 3 3 0 0 3 2 2 0 0 0 0 0
0 0 0 0 0 0 0 0 0 0 0 0 0 0 0 0 0 0 0 0 0 0 0 0 0 0 0 0 0 0 0 0 0 0 0 0 0 0 0 0 0 0 0 0 0 0 0 0 0 0 0 0 0 0 0 0 0 0 0 0 0
0 0 0 0 0 0 0 0 0 0 0 0 0 0 0 0 0 0 0 0 0 0 0 0 0 0 0 0 0 0 0 0 0 0 0 0 0 0 0 0 0 0 0 0 0 0 0 0 0 0 0 0 0 0 0 0 0 0 0 0 0
0 0 0 0 0 0 0 0 0 0 0 0 0 0 0 0 0 0 0 0 0 0 0 0 0 0 0 0 0 0 0 0 0 0 0 0 0 0 0 0 0 0 0 0 0 0 0 0 0 0 0 0 0 0 0 0 0 0 0 0 0
0 0 0 0 0 0 0 0 1 0 0 0 0 0 0 0 0 0 0 0 0 0 0 0 0 0 0 0 0 0 0 0 0 0 0 0 0 0 0 0 1 0 0 0 0 0 0 0 0 0 0 0 0 0 0 0 0 0 0 0 0

k
0 12 0 0 0 0 0 0 2 7 5 2 6 11 0 0 6 3 24 0 1 6 4 10 6 0 0 0 21 44 48 1 0 52 52 52 4

f
0.0 0.0 0.0 0.0 0.0 0.0 0.0 0.0 0.0 0.0 26.25 26.25 0.0 0.0 1.75 0.0 0.0 0.0 0.0 0.0 0.0 0.0 0.0 0.0 0.0 0.0 0.0 0.0 0.0 0.0 0.0 0.0 0.0 8.75 1.75 0.0 0.0 0.0 0.0 0.0 0.0 26.25 0.0 0.0 0.0 0.0 0.0 0.0 8.75 0.0 0.0 0.0 0.0 0.0 0.0 0.0 0.0 0.0 0.0 0.0 0.0
0.0 7.5 0.0 0.0 0.0 0.0 10.5 16.5 23.0 0.0 0.0 0.0 0.0 0.0 0.0 0.0 0.0 0.0 0.0 0.0 0.0 0.0 0.0 0.0 0.0 0.0 0.0 0.0 0.0 0.0 0.0 0.0 0.0 0.0 0.0 0.0 0.0 0.0 0.0 0.0 0.0 0.0 0.0 12.5 0.0 3.0 4.0 0.0 0.0 0.0 0.0 0.0 0.0 0.0 0.0 0.0 0.0 0.0 0.0 0.0 0.0
0.0 0.0 0.0 0.0 0.0 0.0 0.0 0.0 0.0 0.0 0.0 0.0 0.0 0.0 0.0 0.0 0.0 0.0 0.0 0.0 0.0 0.0 0.0 0.0 0.0 0.0 0.0 0.0 0.0 0.0 0.0 0.0 0.0 0.0 0.0 0.0 0.0 0.0 0.0 0.0 0.0 0.0 0.0 0.0 0.0 0.0 0.0 0.0 0.0 0.0 0.0 0.0 0.0 0.0 0.0 0.0 0.0 0.0 0.0 0.0 0.0
0.0 0.0 0.75 0.0 6.75 0.0 0.0 0.0 0.0 0.0 0.0 0.0 0.0 0.0 0.0 0.0 2.25 5.25 0.0 1.75 0.0 0.0 0.75 0.0 0.0 0.0 4.25 4.25 7.25 16.75 0.0 0.0 0.0 0.0 0.0 0.0 5.75 33.75 0.0 0.0 0.0 0.75 0.0 0.0 0.0 0.0 0.0 0.25 0.0 0.0 1.75 7.75 0.0 0.0 0.0 0.0 0.0 0.0 0.0 0.0 0.0

L
1 0 1 1 1 1 1 8 0 0 0 22 4 0 1 0 0 0 0 37 0 0 0 0 0 1 1 10 0 0 0 0 0 0 0 0 32

g
0 0 0 0 0 0 0 0 0 0 0 0 0 0 0 0 0 0 0 0 0 0 0 0 0 0 0 0 0 0 0 0 0 0 0 0 0 0 0 0 0 0 0 0 0 0 0 0 0 0 0 0 0 0 0 0 0 0 0 0 0
0 0 0 0 0 0 0 0 0 0 0 0 0 0 0 0 0 0 0 0 0 0 0 0 0 0 0 0 0 0 0 0 0 0 0 0 0 0 0 0 0 0 0 0 0 0 0 0 0 0 0 0 0 0 0 0 0 0 0 0 0
0 0 0 0 0 0 0 0 0 0 0 0 0 0 0 0 0 0 0 0 0 0 0 0 0 0 0 0 0 0 0 0 0 0 0 0 0 0 0 0 0 0 0 0 0 0 0 0 0 0 0 0 0 0 0 0 0 0 0 0 0
0 0 0 0 0 0 0 0 0 0 0 0 0 0 0 0 0 0 0 0 0 0 0 0 0 0 0 0 0 0 0 0 0 0 0 0 0 0 0 0 0 0 0 0 0 0 0 0 0 0 0 0 0 0 0 0 0 0 0 0 0
0 0 0 0 0 0 0 0 0 0 0 0 0 0 0 0 0 0 0 0 0 0 0 0 0 0 0 0 0 0 0 0 0 0 0 0 0 0 0 0 0 0 0 0 0 0 0 0 0 0 0 0 0 0 0 0 0 0 0 0 0
0 0 0 0 0 0 0 0 0 0 0 0 0 0 0 0 0 0 0 0 0 0 0 0 0 0 0 0 0 0 0 0 0 0 0 0 0 0 0 0 0 0 0 0 0 0 0 0 0 0 0 0 0 0 0 0 0 0 0 0 0
0 0 0 0 0 0 0 0 0 0 0 0 0 0 0 0 0 0 0 0 0 0 0 0 0 0 0 0 0 0 0 0 0 0 0 0 0 0 0 0 0 0 0 0 0 0 0 0 0 0 0 0 0 0 0 0 0 0 0 0 0
0 0 0 0 0 0 0 0 0 0 0 0 0 0 0 0 0 0 0 0 0 0 0 0 0 0 0 0 0 0 0 0 0 0 0 0 0 0 0 0 0 0 0 0 0 0 0 0 0 0 0 0 0 0 0 0 0 0 0 0 0
0 0 0 0 0 0 0 0 0 0 0 0 0 0 0 0 0 0 0 0 0 0 0 0 0 0 0 0 0 0 0 0 0 0 0 0 0 0 0 0 0 0 0 0 0 0 0 0 0 0 0 0 0 0 0 0 0 0 0 0 0
0 0 0 0 0 0 0 0 0 0 1 0 0 0 0 0 0 0 0 1 0 0 0 0 0 0 0 0 0 0 0 0 0 0 0 0 0 0 0 0 0 0 0 0 0 0 0 0 0 0 0 0 0 0 0 0 0 0 0 0 0
0 0 0 0 0 0 0 0 0 0 0 0 0 0 0 0 0 0 0 0 0 0 0 0 0 0 0 0 0 0 0 0 0 0 0 0 0 0 0 0 0 0 0 0 0 0 0 0 0 0 0 0 0 0 0 0 0 0 0 0 0
0 0 0 0 0 0 0 0 0 0 0 0 0 0 0 0 0 0 0 0 0 0 0 0 0 0 0 0 0 0 0 0 0 0 0 0 0 0 0 0 0 0 0 0 0 0 0 0 0 0 0 0 0 0 0 0 0 0 0 0 0
0 0 0 0 0 0 0 0 0 0 0 0 0 0 0 0 0 0 0 0 0 0 0 0 0 0 0 0 0 0 0 0 0 0 0 0 0 0 0 0 0 0 0 0 0 0 0 0 0 0 0 0 0 0 0 0 0 0 0 0 0
0 0 0 0 0 0 0 0 0 0 0 0 0 0 0 0 0 0 0 0 0 0 0 0 0 0 0 0 0 0 0 0 0 0 0 0 0 0 0 0 0 0 0 0 0 0 0 0 0 0 0 0 0 0 0 0 0 0 0 0 0
0 0 0 0 0 0 0 0 0 0 0 0 0 0 0 0 0 0 0 0 0 0 0 0 0 0 0 0 0 0 0 0 0 0 0 0 0 0 0 0 0 0 0 0 0 0 0 0 0 0 0 0 0 0 0 0 0 0 0 0 0
0 0 0 0 0 0 0 0 0 0 0 0 0 0 0 0 0 0 0 0 0 0 0 0 0 0 0 0 0 0 0 0 0 0 0 0 0 0 0 0 0 0 0 0 0 0 0 0 0 0 0 0 0 0 0 0 0 0 0 0 0
0 0 0 0 0 0 0 0 0 0 0 0 0 0 0 0 0 0 0 0 0 0 0 0 0 0 0 0 0 0 0 0 0 0 0 0 0 0 0 0 0 0 0 0 0 0 0 0 0 0 0 0 0 0 0 0 0 0 0 0 0
0 0 0 0 0 0 0 0 0 0 0 0 0 0 0 0 0 0 0 0 0 0 0 0 0 0 0 0 0 0 0 0 0 0 0 0 0 0 0 0 0 0 0 0 0 0 0 0 0 0 0 0 0 0 0 0 0 0 0 0 0
0 0 0 0 0 0 0 0 0 0 0 0 0 0 0 0 0 0 0 0 0 0 0 0 0 0 0 0 0 0 0 0 0 0 0 0 0 0 0 0 0 0 0 0 0 0 0 0 0 0 0 0 0 0 0 0 0 0 0 0 0
0 0 0 0 0 0 0 0 0 0 0 0 0 0 0 0 0 0 0 0 0 0 0 0 0 0 0 0 0 0 0 0 0 0 0 0 0 0 0 0 0 0 0 0 0 0 0 0 0 0 0 0 0 0 0 0 0 0 0 0 0
0 0 0 0 0 0 0 0 0 0 0 0 0 0 0 0 0 0 0 0 0 0 0 0 0 0 1 0 0 0 0 0 0 0 0 0 0 0 0 0 0 0 0 0 0 0 0 0 0 0 0 0 0 0 0 0 0 0 0 0 0
0 0 0 0 0 0 0 0 0 0 0 0 0 0 0 0 0 0 0 0 0 0 0 0 0 0 0 0 0 0 0 0 0 0 0 0 0 0 0 0 0 0 0 0 0 0 0 0 0 0 0 0 0 0 0 0 0 0 0 0 0
0 0 0 0 0 0 0 0 0 0 0 0 0 0 0 0 0 0 0 0 0 0 0 0 0 0 0 0 0 0 0 0 0 0 0 0 0 0 0 0 0 0 0 0 0 0 0 0 0 0 0 0 0 0 0 0 0 0 0 0 0
0 0 0 0 0 0 0 0 0 0 0 0 0 0 0 0 0 0 0 0 0 0 0 0 0 0 0 0 0 0 0 0 0 0 0 0 0 0 0 0 0 0 0 0 0 0 0 0 0 0 0 0 0 0 0 0 0 0 0 0 0
0 0 0 0 0 0 0 0 0 0 0 0 0 0 0 0 0 0 0 0 0 0 0 0 0 0 0 0 0 0 0 0 0 0 0 0 0 0 0 0 0 0 0 0 0 0 0 0 0 0 0 0 0 0 0 0 0 0 0 0 0
0 0 0 0 0 0 0 0 0 0 0 0 0 0 0 0 0 0 0 0 0 0 0 0 0 0 0 0 0 0 0 0 0 0 0 0 0 0 0 0 0 0 0 0 0 0 0 0 0 0 0 0 0 0 0 0 0 0 0 0 0
0 0 0 0 0 0 0 0 0 0 0 0 0 0 0 0 0 0 0 0 0 0 0 0 0 0 0 0 0 0 0 0 0 0 0 0 0 0 0 0 0 0 0 0 0 0 0 0 0 0 0 0 0 0 0 0 0 0 0 0 0
0 0 0 0 0 0 0 0 0 0 0 0 0 0 0 0 0 0 0 0 0 0 0 0 0 0 0 0 0 0 0 0 0 0 0 0 0 0 0 0 0 0 0 0 0 0 0 0 0 0 0 0 0 0 0 0 0 0 0 0 0
0 0 0 0 0 0 0 0 0 0 0 0 0 0 0 0 0 0 0 0 0 0 0 0 0 0 0 0 0 0 0 0 0 0 0 0 0 0 0 0 0 0 0 0 0 0 0 0 0 0 0 0 0 0 0 0 0 0 0 0 0
0 0 0 0 0 0 0 0 0 0 1 1 1 0 0 0 0 0 0 0 0 0 0 0 0 0 0 0 0 0 0 0 0 0 0 0 0 0 0 0 0 0 0 0 0 0 0 0 0 0 0 0 0 0 0 0 0 0 0 0 0
0 0 0 0 0 0 0 0 0 0 0 0 2 0 0 0 0 0 0 0 0 0 0 0 0 0 0 0 0 0 0 0 0 0 0 0 0 0 0 0 0 0 0 0 0 0 0 0 0 0 0 0 0 0 0 0 0 0 0 0 0
0 0 0 0 4 0 0 0 0 1 1 1 2 0 0 0 5 0 0 0 0 0 0 0 3 0 0 0 1 0 0 0 0 0 1 0 0 0 0 0 0 0 0 1 0 0 8 0 0 4 0 0 0 0 0 0 0 0 0 0 0
0 0 0 0 1 1 1 0 0 1 1 2 1 0 0 0 1 0 0 1 0 0 1 1 1 1 1 1 1 0 0 0 0 0 1 1 0 0 0 1 0 0 1 1 0 0 1 1 1 1 1 0 0 1 0 0 0 0 0 0 0
0 0 0 0 0 0 0 0 0 0 0 0 0 0 0 0 0 0 0 0 0 0 0 0 0 0 0 0 0 0 0 0 0 0 0 0 0 0 0 0 0 0 0 0 0 0 0 0 0 0 0 0 0 0 0 0 0 0 0 0 0
0 0 0 0 0 0 0 0 0 0 0 0 0 0 0 0 0 0 0 0 0 0 0 0 0 0 0 0 0 0 0 0 0 0 0 0 0 0 0 0 0 0 0 0 0 0 0 0 0 0 0 0 0 0 0 0 0 0 0 0 0
0 0 0 0 0 0 0 0 0 0 0 0 0 0 0 0 0 0 0 0 0 0 0 0 0 0 0 0 0 0 0 0 0 0 0 0 0 0 0 0 0 0 0 0 0 0 0 0 0 0 0 0 0 0 0 0 0 0 0 0 0
0 0 0 0 0 0 0 0 0 0 0 0 0 0 0 0 0 0 0 0 0 0 0 0 0 0 0 0 0 0 0 0 0 0 0 0 0 0 0 0 0 0 0 0 0 0 0 0 0 0 0 0 0 0 0 0 0 0 0 0 0

I cap
1069.1470588235295 1069.1470588235295 1069.1470588235295 1069.1470588235295 1176.84 644.7399999999999 934.24 879.9999999999998 449.10000000000014 503.7400000000001 585.8400000000001 430.38000000000017 121.48000000000002 364.49999999999994 641.72 693.8870588235295 397.26705882352945 463.5070588235295 482.5470588235296 508.52705882352967 465.0270588235295 320.16705882352943 342.7070588235295 196.24705882352964 710.0270588235295 487.46705882352944 327.72705882352943 342.7070588235296 144.24705882352953 610.2670588235295 468.86705882352953 539.9070588235295 197.02705882352944 171.34705882352955 22.040000000000035 40.599999999999994 352.18 524.86 514.74 604.7 21.22000000000014 325.02000000000004 127.59999999999997 259.28 462.41999999999996 507.82000000000005 565.54 495.71999999999997 419.38 195.3800000000001 70.42000000000019 139.02000000000004 618.8 632.4 563.3800000000001 968.1200000000001 1119.7 946.1270588235294 1069.1470588235295 1069.1470588235295 1069.1470588235295
108.08823529411765 108.08823529411765 108.08823529411765 108.08823529411765 100.75999999999999 12.86000000000001 8.560000000000006 22.000000000000018 0.8000000000000043 35.160000000000004 18.06 37.62 3.520000000000006 7.5000000000000036 54.28 58.34823529411766 25.968235294117658 25.728235294117656 82.68823529411766 28.70823529411765 0.20823529411766373 22.06823529411766 17.528235294117653 9.988235294117658 49.20823529411766 16.768235294117652 1.5082352941176502 19.52823529411765 19.988235294117665 66.96823529411766 53.36823529411765 71.32823529411766 33.20823529411767 4.888235294117667 18.960000000000004 12.400000000000006 38.82 30.14 24.259999999999998 33.300000000000004 3.6799999999999997 30.480000000000004 18.90000000000001 11.52 9.580000000000002 19.180000000000007 42.46000000000001 30.28 1.6200000000000045 3.620000000000008 13.580000000000016 41.980000000000004 71.2 39.599999999999994 5.619999999999997 24.88 47.3 84.10823529411763 108.08823529411765 108.08823529411765 108.08823529411765
39.405882352941184 39.405882352941184 39.405882352941184 39.405882352941184 19.16666666666666 2.4000000000000004 10.499999999999998 23.833333333333336 39.900000000000006 24.53333333333334 1.4666666666666668 0.06666666666666998 2.833333333333334 29.4 24.5 39.405882352941184 39.405882352941184 39.405882352941184 39.405882352941184 39.405882352941184 39.405882352941184 39.405882352941184 39.405882352941184 39.405882352941184 39.405882352941184 39.405882352941184 10.072549019607854 10.072549019607854 10.072549019607854 39.405882352941184 39.405882352941184 39.405882352941184 39.405882352941184 39.405882352941184 9.133333333333335 4.2333333333333325 3.533333333333333 23.1 27.299999999999997 30.799999999999997 37.8 14.966666666666672 7.300000000000006 0.7333333333333378 14.066666666666675 26.633333333333333 45.5 36.43333333333333 15.466666666666667 2.200000000000008 19.66666666666667 34.333333333333336 52.5 49.0 51.099999999999994 52.5 53.900000000000006 39.405882352941184 39.405882352941184 39.405882352941184 39.405882352941184
45.35588235294117 45.35588235294117 45.35588235294117 45.35588235294117 32.730000000000004 29.339999999999993 31.479999999999993 32.56 15.610000000000003 7.3599999999999985 1.089999999999998 3.729999999999996 13.330000000000005 25.789999999999996 28.840000000000003 41.785882352941165 36.255882352941164 36.20588235294117 36.22588235294116 30.275882352941167 27.265882352941166 35.99588235294117 37.715882352941165 34.29588235294117 39.15588235294117 35.04588235294117 35.34588235294117 37.11588235294117 35.605882352941165 37.61588235294116 32.57588235294116 31.70588235294116 27.455882352941163 24.235882352941157 28.039999999999992 26.599999999999987 32.29999999999999 33.15999999999999 33.92999999999999 46.019999999999996 17.880000000000003 27.889999999999993 32.160000000000004 39.65 39.9 38.17999999999999 34.84999999999999 39.019999999999996 32.709999999999994 37.92999999999999 36.96999999999999 38.46999999999999 48.759999999999984 46.43999999999999 33.21999999999999 39.25 42.72 43.705882352941174 45.35588235294117 45.35588235294117 45.35588235294117
20.97941176470588 20.97941176470588 20.97941176470588 20.97941176470588 13.71 16.44 16.390000000000004 16.270000000000003 11.829999999999998 12.29 14.129999999999995 16.609999999999992 6.170000000000002 13.790000000000003 10.0 19.649411764705878 17.37941176470588 17.989411764705878 16.959411764705877 14.579411764705878 12.959411764705877 16.36941176470588 18.219411764705878 16.24941176470588 19.31941176470588 14.349411764705879 14.30941176470588 16.239411764705878 15.579411764705876 16.329411764705878 12.689411764705877 11.129411764705878 9.499411764705878 8.639411764705876 12.61 16.749999999999996 17.899999999999995 18.359999999999996 15.859999999999996 14.059999999999999 2.8800000000000012 12.729999999999999 11.769999999999996 20.259999999999998 17.8 18.289999999999996 19.109999999999996 20.790000000000003 19.279999999999998 14.239999999999997 12.029999999999994 14.369999999999997 16.209999999999994 14.099999999999994 12.999999999999991 16.959999999999997 18.159999999999997 20.33941176470588 20.97941176470588 20.97941176470588 20.97941176470588
347.11764705882354 347.11764705882354 347.11764705882354 182.41176470588238 115.28294117647059 45.95176470588234 216.7605882352941 202.71058823529413 149.33764705882353 93.64882352941177 6.890000000000015 25.62882352941176 147.49294117647057 187.93176470588233 295.49 122.97058823529414 140.17117647058828 126.56117647058824 288.24764705882353 243.55764705882353 223.22764705882352 262.6776470588236 301.92764705882354 149.6229411764706 214.81 174.61882352941177 239.5870588235294 209.86647058823527 248.74941176470585 275.49882352941177 303.99764705882353 300.6276470588235 261.35764705882355 158.31529411764708 89.23999999999998 182.94176470588235 261.96058823529415 300.29 301.82 294.77 231.17 275.74882352941177 186.0482352941177 227.99176470588242 249.07117647058826 6.1894117647059375 111.34529411764711 68.42411764705884 142.10470588235296 145.1723529411765 139.57352941176472 262.96058823529415 349.0 372.7 307.06 254.03 299.03999999999996 311.66764705882355 347.11764705882354 347.11764705882354 347.11764705882354
777.6176470588235 777.6176470588235 777.6176470588235 541.3676470588235 250.01999999999998 223.17999999999984 391.4599999999999 388.02999999999986 415.66999999999985 350.04999999999995 264.90999999999997 357.78 577.1800000000001 786.6500000000001 797.27 458.48764705882365 435.87764705882364 649.1176470588235 358.72764705882355 261.45764705882357 330.96764705882345 267.7976470588234 177.6876470588236 132.18764705882347 244.38764705882363 155.71764705882345 164.1576470588234 196.19764705882346 232.00764705882352 417.2976470588235 310.33764705882345 250.31764705882347 203.68764705882353 136.90764705882356 11.779999999999973 356.1 694.07 753.67 399.98 366.3700000000001 291.90999999999997 236.5999999999999 102.93999999999994 377.90999999999997 562.7099999999999 338.67999999999995 206.84000000000015 178.38 148.66999999999996 156.4699999999999 386.08000000000004 511.4800000000002 339.21000000000004 304.41999999999996 283.69999999999993 428.06999999999994 598.28 707.2176470588234 777.6176470588235 777.6176470588235 777.6176470588235
80.27352941176471 80.27352941176471 80.27352941176471 80.27352941176471 68.31 84.21000000000001 77.22 82.42999999999999 72.53999999999999 78.70999999999998 69.92999999999999 84.98999999999998 93.74000000000001 95.09999999999998 87.75 77.33352941176472 73.14352941176472 75.15352941176471 74.56352941176472 72.91352941176474 70.0235294117647 74.74352941176471 74.00352941176472 73.17352941176473 76.96352941176472 73.18352941176471 74.27352941176471 73.6735294117647 69.44352941176473 72.27352941176473 68.91352941176473 70.66352941176471 68.07352941176471 67.75352941176472 39.62 61.65000000000001 72.89 72.15000000000002 70.38000000000001 74.21000000000002 60.68999999999999 65.59000000000002 65.60000000000001 81.57000000000001 84.97000000000001 89.09 84.63000000000001 80.22 73.09999999999998 70.24000000000002 68.11000000000001 62.99 63.38 61.2 56.920000000000016 59.959999999999994 61.58 78.67352941176472 80.27352941176471 80.27352941176471 80.27352941176471
10.788235294117648 10.788235294117648 10.788235294117648 10.788235294117648 8.4 7.4 4.3 4.3 5.4 2.3 3.000000000000001 8.1 1.0199999999999996 0.3200000000000003 5.119999999999999 6.108235294117647 2.4782352941176473 0.3982352941176486 1.2582352941176476 2.358235294117648 7.158235294117648 3.7482352941176478 3.7082352941176473 0.20823529411764685 1.0082352941176485 6.108235294117647 6.328235294117647 9.838235294117649 7.158235294117648 7.158235294117648 6.058235294117647 7.158235294117648 3.528235294117648 3.7482352941176478 3.67 2.3200000000000003 1.620000000000001 3.6400000000000006 4.25 3.95 0.350000000000001 3.000000000000001 2.870000000000001 5.69 5.29 3.59 2.590000000000001 1.1099999999999994 4.1400000000000015 9.499999999999998 4.699999999999999 3.7 8.5 11.899999999999999 5.6 4.199999999999999 5.949999999999999 7.6382352941176475 10.788235294117648 10.788235294117648 10.788235294117648
2.552941176470588 2.552941176470588 2.552941176470588 2.552941176470588 2.8 0.2899999999999998 0.30999999999999983 0.27 0.07999999999999985 0.10000000000000009 0.7999999999999998 0.7699999999999999 0.7699999999999999 0.6300000000000002 0.6300000000000002 0.4529411764705883 0.4529411764705883 1.0829411764705883 0.4529411764705883 1.2929411764705883 1.0829411764705883 0.6029411764705881 0.42294117647058815 0.18294117647058816 1.9229411764705882 0.6029411764705881 0.2129411764705882 0.8129411764705881 0.30294117647058827 1.2029411764705882 0.3629411764705883 1.0829411764705883 1.0829411764705883 0.4529411764705883 1.5400000000000005 0.7000000000000001 1.33 0.6300000000000002 1.33 0.7699999999999999 0.16999999999999993 0.10000000000000009 0.7999999999999998 0.2899999999999998 0.6000000000000001 1.0599999999999998 1.4700000000000002 2.25 0.45999999999999996 0.42999999999999994 2.3100000000000005 0.7000000000000001 0.4900000000000001 1.8900000000000006 0.7000000000000001 0.42999999999999994 0.6699999999999999 1.442941176470588 2.552941176470588 2.552941176470588 2.552941176470588
8.466732771830209 8.466732771830209 8.466732771830209 7.432250013209519 4.125111149425284 3.8563368390804555 4.710087097701146 6.578916781609193 6.742078593466419 4.3134211509376845 3.4335686206896487 4.458996551724134 5.371761548699331 5.715878103448273 7.002262844827584 5.191438103448274 5.300589655172412 5.763613793103446 5.258061379310343 3.849652844827583 4.278894780564261 4.690540344827584 5.106913965517238 4.272819655172411 3.1369907471264344 2.106176091954019 2.312914770114939 5.63220344827586 5.5740095977011475 6.352960459770113 6.686779137931033 6.667476724137929 4.02660344827586 4.404076752873561 7.7245704597701135 9.787594022988504 6.188394367816091 6.933481379310345 5.3213762068965496 5.456290862068963 5.919270172413791 4.2929817241379284 3.7271249425287323 4.438563735632181 5.549437701149424 4.904981696914699 1.6181841651542608 2.5188606896551686 2.001385804597697 1.377407011494248 4.969673333333329 6.414358678160917 6.411649827586206 4.522244827586204 6.0200170689655135 4.885265517241377 4.9067191091954 8.125353461485382 8.121905185623312 8.121905185623312 7.432250013209519
700.0 700.0 700.0 700.0 696.0 684.0 686.0 687.0 687.0 686.0 682.0 687.0 681.0 685.0 687.0 689.0 689.0 688.0 689.0 683.0 689.0 681.0 684.0 684.0 687.0 681.0 678.0 681.0 685.0 690.0 685.0 688.0 679.0 681.0 685.0 688.0 689.0 687.0 689.0 690.0 688.0 683.0 686.0 681.0 686.0 682.0 682.0 681.0 678.0 676.0 681.0 684.0 689.0 688.0 685.0 686.0 689.0 695.0 698.0 695.0 694.0

H cap
110.25 40.25 29.75 68.25 61.25 61.25 47.25 40.25 40.25 26.25 -26.25 -26.25 22.75 5.25 -1.75 36.75 1.75 12.25 57.75 5.25 5.25 5.25 15.75 33.25 8.75 54.25 5.25 5.25 12.25 1.75 47.25 5.25 33.25 -8.75 -1.75 68.25 22.75 1.75 8.75 12.25 26.25 -26.25 8.75 29.75 5.25 5.25 8.75 5.25 -8.75 5.25 1.75 29.75 85.75 131.25 131.25 131.25 131.25 131.25 131.25 131.25 131.25
21.5 -7.5 7.5 21.0 16.0 6.5 -10.5 -16.5 -23.0 3.0 37.5 37.5 11.5 8.5 37.0 24.0 13.5 19.0 23.0 20.0 8.0 2.5 12.0 18.0 11.0 20.5 28.5 28.5 23.5 18.5 19.0 13.0 31.0 40.5 37.0 38.0 28.5 25.5 22.5 5.5 18.5 37.5 0.5 -12.5 8.0 -3.0 -4.0 23.0 40.5 26.0 15.5 18.0 33.5 52.5 52.5 52.5 52.5 52.5 52.5 52.5 52.5
59.5 42.0 42.0 45.5 35.0 45.5 49.0 42.0 35.0 42.0 52.5 52.5 52.5 49.0 49.0 49.0 49.0 42.0 45.5 49.0 49.0 45.5 38.5 49.0 52.5 52.5 49.0 49.0 45.5 42.0 52.5 52.5 56.0 56.0 49.0 56.0 49.0 42.0 52.5 45.5 45.5 52.5 49.0 45.5 42.0 38.5 38.5 49.0 56.0 49.0 45.5 45.5 52.5 63.0 63.0 63.0 63.0 63.0 63.0 63.0 63.0
56.25 1.25 -0.75 23.75 -6.75 1.25 18.75 12.75 8.75 14.75 10.75 10.75 9.25 0.75 2.75 9.25 -2.25 -5.25 16.75 -1.75 10.75 1.25 -0.75 23.75 1.25 18.25 -4.25 -4.25 -7.25 -16.75 10.75 0.75 23.75 23.25 25.25 52.25 -5.75 -33.75 9.75 1.25 1.25 -0.75 0.75 0.25 0.75 4.25 1.25 -0.25 12.25 14.75 -1.75 -7.75 31.25 78.75 78.75 78.75 78.75 78.75 78.75 78.75 78.75

